30
20
30
30
20
30
30
30
20
30
30
30
20
30
30
20
30
50
40
50
50
40
50
40
50
40
50
50
40
50
50
60
60
70
60
70
60
60
90
80
90
80
80
90
80
80
90
80
80
90
80
90
80
80
90
80
90
80
80
80
90
90
80
80
80
100
110
100
100
100
100
100
100
100
100
100
100
100
100
100
100
100
100
100
100
100
110
100
100
100
100
100
100
100
100
100
100
100
100
100
120
120
120
120
120
120
120
120
110
120
120
120
120
120
120
120
120
120
110
120
130
110
140
140
130
160
160
170
170
180
180
170
170
180
170
180
170
180
170
170
180
170
180
170
180
170
170
180
170
170
170
180
170
180
170
180
170
170
180
170
180
170
180
170
170
180
170
180
170
180
170
170
180
180
190
190
190
190
200
190
200
210
210
210
210
210
220
210
210
210
220
210
210
210
210
230
240
230
230
230
230
230
230
230
230
250
250
250
250
250
250
240
250
240
250
250
270
270
260
270
260
270
270
270
270
260
270
260
270
270
270
270
270
270
260
270
270
270
270
260
270
260
270
270
290
280
290
290
280
290
290
290
280
290
290
280
310
310
300
310
310
310
300
310
310
300
330
330
320
330
350
340
350
350
340
350
350
340
350
350
340
350
350
360
370
390
380
390
390
380
390
390
390
390
380
390
390
380
390
380
390
390
380
390
390
390
390
380
390
390
390
390
380
410
410
410
410
410
410
400
410
410
410
410
410
410
400
420
400
410
410
410
410
400
420
400
410
410
410
410
410
410
410
410
410
410
410
400
410
410
410
420
430
430
430
450
460
440
450
450
450
480
470
470
480
470
470
480
470
470
500
500
500
500
490
500
490
500
500
500
520
520
510
510
520
520
510
520
520
520
530
560
550
560
560
570
580
560
560
570
560
560
560
570
560
560
570
560
570
560
580
590
590
580
590
580
590
580
590
590
580
590
580
590
580
590
610
610
610
630
630
640
630
660
650
660
660
650
660
650
650
660
660
650
660
660
650
690
690
690
690
690
690
690
690
690
690
690
690
680
700
680
700
680
690
690
690
690
690
690
690
690
690
690
690
690
690
690
700
680
700
700
710
710
710
710
710
710
710
710
710
710
700
710
710
740
730
740
730
730
740
730
740
730
730
740
730
730
740
760
760
760
760
760
760
760
760
760
760
780
790
790
780
790
790
780
790
790
780
790
790
810
840
840
830
840
840
840
840
840
840
840
830
840
840
870
870
870
870
860
880
860
870
870
870
890
900
890
890
900
890
