0.312170
0.341168
0.563656
0.598611
0.639292
0.701350
0.461639
0.344153
0.330508
0.233474
0.245521
0.228713
0.388830
0.482214
0.610240
0.598360
0.548545
0.589688
0.915008
1.163684
1.121931
1.085628
1.020571
1.004269
1.045805
0.941764
0.946312
0.939956
0.933571
0.940425
0.819318
0.682909
0.677188
0.629098
0.596050
0.492307
0.503273
0.407277
0.413013
0.396135
0.260309
0.330053
0.294202
0.452006
0.449901
0.408058
0.495194
0.592961
0.635174
0.725404
0.636391
0.565481
0.465842
0.568736
0.540996
0.560366
0.672918
0.686193
0.751010
0.615813
0.787515
0.768432
0.789608
0.832229
0.917025
0.911391
1.103112
1.144789
1.279784
1.246155
1.234904
1.396783
1.385882
1.412809
1.582319
1.587234
1.561072
1.615074
1.546659
1.404729
1.461547
1.659404
1.908525
2.382685
2.243299
1.665166
1.346984
1.126226
0.906094
0.798064
0.682895
0.419478
0.379421
0.502411
0.512926
0.278670
0.266326
0.480722
0.740445
0.984521
1.177529
1.107623
1.235996
0.817732
0.916541
0.689519
0.535377
0.520576
0.482726
0.575834
0.351239
0.545351
0.715128
0.789985
0.940361
1.028119
1.015581
0.809707
0.744112
0.644438
0.574745
0.589642
0.525456
0.429096
0.466462
0.696531
0.714514
0.633829
0.819641
0.806117
0.760315
0.958719
0.977334
0.970226
1.063718
1.289916
1.389876
1.445503
1.616421
1.613561
1.640879
1.833324
1.942702
1.940802
2.115493
2.163691
2.191841
2.462939
2.498002
2.749399
2.539142
3.014752
3.157352
2.608915
2.245622
2.033195
1.478763
1.318637
1.271124
1.152774
1.084937
1.137797
1.024714
0.734012
0.594251
0.513800
0.553096
0.528067
0.615046
0.609512
0.671685
0.627415
0.635959
0.748783
0.836425
0.887206
0.965259
1.134865
1.444160
1.729460
1.773156
1.836799
2.063730
2.175043
2.078139
2.073415
1.833943
1.592887
1.668217
1.448523
1.407250
1.178422
1.178053
1.010123
1.096345
1.167254
1.136704
1.230054
1.179127
1.208590
1.186553
1.403411
1.518666
1.587037
1.498617
1.646633
1.366461
1.262155
1.346523
1.407051
1.430858
1.552154
1.647940
1.674928
1.693040
1.676903
1.924102
1.935987
1.983200
2.219448
2.268344
2.247318
2.236928
2.338241
2.501726
2.359165
2.422935
2.320278
2.546837
2.779474
2.534552
2.279991
2.225621
2.214313
1.995304
1.941844
1.824663
1.759403
1.615783
1.680843
1.764698
1.569947
1.648922
1.670974
1.673950
1.690832
1.746963
1.750441
1.787703
1.649931
1.685177
1.869227
2.062020
2.159957
2.072933
1.983904
1.921948
1.834781
1.669095
1.237808
1.181925
1.239856
1.343962
1.525600
1.654556
1.799679
1.985641
1.987065
1.921093
1.989348
1.846510
2.052808
2.003693
2.074968
2.190130
2.143236
2.201037
1.932824
1.848483
1.828189
1.591435
1.546873
1.738622
1.914670
2.066033
2.045421
2.134631
2.151929
1.953553
1.694950
1.440808
1.474038
1.589519
1.509052
1.550471
1.351263
1.225213
1.237836
1.377480
1.391317
1.327601
1.545314
1.748063
1.865712
1.677979
1.571258
1.628479
1.512368
1.647331
1.604108
1.799435
2.092042
2.257370
2.588727
2.651556
2.689253
2.761448
2.669834
2.606494
2.581360
2.620407
2.827392
3.010166
2.745291
2.718765
2.348225
2.421062
2.376902
2.345110
2.220855
2.273786
2.239373
2.071909
2.053438
2.100997
2.027318
2.031817
2.078751
2.154936
1.953875
1.814774
1.830521
1.803123
1.996674
2.158615
2.237575
2.212294
2.013861
1.533365
0.959919
0.993602
0.698680
0.646305
0.624960
0.719982
0.677157
0.756303
0.910532
1.017271
1.152082
1.489116
1.632293
1.900358
1.975851
2.065769
2.146127
2.439468
2.315265
2.177590
2.079556
2.375685
2.371013
2.516115
2.590234
2.721038
2.751274
2.703797
2.714392
2.749621
2.520874
2.569520
2.267630
2.113054
1.861129
1.643796
1.207907
1.072028
1.094569
1.103269
1.119368
1.016169
0.966359
0.959384
1.052621
1.163169
1.206275
1.345989
1.505232
1.784109
2.108966
2.683167
3.136041
3.535560
3.782714
3.907324
3.974610
4.075234
4.391297
4.566888
4.738847
4.875720
4.964181
5.030225
5.011303
5.306647
5.478704
5.496977
5.545587
5.617895
5.628424
5.689997
5.685355
5.728249
5.663592
5.773302
5.822415
5.593988
5.194459
4.734729
4.423870
4.157607
4.062417
3.848843
3.817734
4.036313
4.012934
3.836946
3.983718
4.132993
4.283788
4.392879
4.345936
4.469507
4.341158
4.373794
4.341187
4.353004
4.300455
4.325544
4.365543
4.391276
4.457339
4.474894
4.499194
4.432213
4.357826
4.382945
4.315160
4.331045
4.329949
4.397036
4.186593
3.990103
3.714832
3.706389
3.698937
3.769351
3.894518
4.053000
4.184690
4.400451
4.532028
4.743177
4.777330
4.773559
4.685830
4.558545
4.680162
4.723888
4.642375
4.608499
4.581247
4.654000
4.663189
4.683579
4.700804
4.640410
4.717564
4.627554
4.560703
4.465784
4.611267
4.773350
4.869548
4.953526
5.260961
5.423378
5.324612
5.099900
5.323627
5.024994
4.745446
4.765981
4.769434
4.813233
4.843286
4.609125
4.752568
4.642876
4.562265
4.651058
4.748214
4.796569
4.873432
4.905921
4.924535
4.948972
4.948009
4.918821
4.869078
4.875267
4.783946
4.858526
4.868332
4.783726
4.793896
4.814681
4.741374
4.749169
4.719066
4.675767
4.704928
4.698521
4.915077
5.016931
5.016162
4.843462
4.796974
4.591920
4.490713
4.264364
4.183299
4.122325
4.070032
3.993717
3.919169
3.887133
3.828421
3.863814
3.911377
4.103276
4.110775
4.107732
4.328759
4.321278
4.264818
4.161358
4.092158
3.957286
3.986541
4.101260
