0.313131
0.349779
0.581108
0.625533
0.697159
0.762033
0.551883
0.403895
0.412669
0.329065
0.259976
0.197859
0.222289
0.353302
0.330945
0.453916
0.537747
0.690289
1.003631
1.221483
1.173493
1.150674
1.128133
1.167818
1.294282
1.217205
1.269018
1.321710
1.325275
1.307653
1.232802
1.264772
1.242290
1.230896
1.200072
1.211345
1.144458
1.188153
1.195494
1.231047
1.154919
1.128955
1.123667
1.097092
1.044297
1.293148
1.413666
1.368737
1.363393
1.143638
1.304938
1.405616
1.685323
2.088702
2.130741
2.093855
2.142438
2.150841
2.219296
2.203563
2.350160
2.382371
2.409997
2.466312
2.602642
2.528069
2.563876
2.457543
2.468745
2.336766
2.319093
2.419888
2.356383
2.383208
2.614872
2.386916
2.162854
2.065382
1.623168
1.278641
1.224757
1.283891
1.434118
1.891523
1.987752
1.668644
1.429015
1.346191
1.369514
1.328073
1.294088
1.073496
1.034802
1.039546
1.002656
0.864558
0.920403
0.854565
0.665238
0.669595
0.633274
0.683874
0.671077
0.755516
0.540582
0.475367
0.509792
0.328914
0.319065
0.420647
0.381606
0.736018
0.988353
1.170186
1.417050
1.576875
1.559787
1.333517
1.250528
1.145793
1.101781
1.225269
1.272212
1.231794
1.393639
1.655820
1.763914
1.798975
1.996351
1.974614
1.938560
2.116195
2.123089
2.053206
2.059574
2.223086
2.221944
2.242751
2.444826
2.346069
2.337495
2.624554
2.718202
2.697822
2.772491
2.739873
2.844539
2.679942
2.600006
2.479152
2.299730
2.252609
2.213682
2.470077
2.567455
2.496364
2.375944
2.351778
2.377768
2.332515
2.187098
2.356508
2.465388
2.381329
2.419537
2.414929
2.483123
2.431406
2.508692
2.515494
2.612654
2.597483
2.670357
2.739399
2.842763
2.821904
2.838557
2.911556
2.997758
3.132233
3.061919
3.132169
3.382887
3.501689
3.511925
3.518069
3.323078
2.985958
2.992045
2.744815
2.672901
2.512595
2.572548
2.438733
2.480551
2.522676
2.410457
2.505854
2.362902
2.412996
2.530287
2.306166
2.230275
2.356730
2.754773
2.799497
2.951760
3.088719
3.483385
3.664680
3.836183
3.901710
3.644009
3.473268
3.358019
3.197707
3.217251
3.090983
3.010982
3.081868
2.983257
2.966949
2.937691
3.073840
3.416035
3.279701
3.304658
3.166476
3.222212
3.425381
3.221843
2.980503
2.910766
2.798162
2.561222
2.541184
2.406206
2.397723
2.287724
2.396378
2.564193
2.517382
2.610229
2.685684
2.768066
2.813360
2.802527
2.741287
2.715575
2.898829
2.773068
2.577185
2.598343
2.765242
2.860400
3.109799
3.189205
3.195391
3.279953
3.109006
3.256822
3.236962
3.248851
3.328822
3.371804
3.418950
3.544027
3.567180
3.550732
3.616651
3.567633
3.782415
3.844747
4.032785
3.936614
3.875765
3.818435
3.585429
3.418415
3.236948
2.900650
2.845078
2.765899
2.672833
2.526878
2.384994
2.303845
2.163856
1.987430
1.944240
1.768056
1.849922
1.772174
1.828588
1.975092
2.372611
2.721193
2.877924
2.858660
2.571262
2.691887
2.766733
2.877279
3.056870
2.872254
2.721575
2.956608
3.012893
3.215109
3.327290
3.476238
3.685101
3.796667
4.032869
4.122368
4.161678
4.354767
4.511919
4.688985
4.711684
5.004555
5.083002
4.958351
4.697393
4.520036
4.210773
3.946741
3.744412
3.543149
3.307373
3.188138
3.092543
2.864116
2.660166
2.463656
2.161755
1.823699
1.740609
1.721273
2.036109
2.233707
2.410991
2.254151
2.232545
2.292199
2.225558
1.993142
1.750826
1.386624
1.081374
0.911975
0.702321
0.442647
0.165457
0.222433
0.604400
0.708539
0.858250
0.952213
1.247203
1.692375
1.844324
2.170525
2.243712
2.379201
2.575760
2.913613
2.960162
2.946793
3.049145
3.286278
3.279396
3.503384
3.543899
3.739210
3.736351
3.681508
3.616438
3.719149
3.583443
3.374531
3.082869
2.985255
2.752195
2.510752
2.199007
2.143764
2.212462
2.270821
2.322447
2.114132
2.035300
1.944358
1.878106
1.727761
1.746530
1.727385
1.704268
1.714446
1.682389
1.510934
1.523373
1.553490
1.567371
1.606583
1.599614
1.583041
1.500322
1.407739
1.316258
1.198132
1.077348
0.918615
0.787772
1.077784
1.185767
1.137203
1.311065
1.788302
2.116343
2.460214
2.593974
3.022413
3.547118
4.118328
4.466962
4.243613
3.919450
3.646347
3.256991
2.785649
2.402009
1.887122
1.603815
1.244689
0.955294
0.567002
0.148590
0.322837
0.740145
1.100147
1.610798
1.904168
2.388621
2.829422
3.157207
3.443972
3.880051
4.188681
4.678752
5.082375
5.557399
5.920249
6.329544
6.785708
7.203946
7.505672
7.633367
7.691089
7.696027
7.698175
7.853897
7.682013
7.065582
7.046178
7.021462
6.810675
6.456312
6.109854
5.834725
5.483637
5.259769
4.931239
4.728152
4.421761
4.423002
4.485650
4.168780
3.865293
3.567302
3.233912
2.850152
2.421296
2.138592
1.827311
1.541234
1.292954
1.247855
1.237180
1.427443
1.831131
2.426547
2.984059
2.922738
2.864540
3.241584
3.630541
4.055262
4.435574
4.643967
4.368700
4.058625
3.670824
3.244144
2.870879
2.551518
2.097397
2.102901
1.887051
1.554830
1.581759
1.644270
1.788932
1.943655
1.947869
1.951350
2.061628
2.178481
2.283560
2.398663
2.555925
2.593705
2.754446
2.946209
3.071022
3.213980
3.401883
3.567506
3.729244
4.032606
4.209727
4.446576
4.543506
4.695089
4.599276
4.595635
4.222422
3.979339
3.505731
3.276766
2.885520
2.521368
2.141395
1.868022
1.698541
1.516528
1.426692
1.321702
1.291973
1.283573
1.594403
1.627150
1.751317
2.075632
2.236301
2.360225
2.536293
2.923072
3.086981
3.933774
4.793256
