1860
1860
1860
1850
1860
1850
1860
1860
1860
1930
1800
1790
1800
1790
1800
1800
1800
1790
1800
1870
1800
1800
1790
1800
1800
1790
1810
1790
1800
1860
1800
1790
1790
1800
1800
1800
1800
1790
1800
1860
1800
1800
1800
1790
1800
1790
1810
1790
1810
1850
1800
1800
1800
1790
1800
1800
1800
1790
1800
1850
1790
1800
1800
1800
1790
1800
1790
1810
1790
1860
1800
1800
1790
1810
1790
1800
1800
1790
1800
1860
1800
1810
1810
1790
1810
1790
1800
1800
1800
1850
1810
1800
1800
1800
1790
1800
1790
1810
1800
1860
1790
1800
1800
1810
1810
1810
1800
1830
1810
1890
1800
1790
1800
1800
1810
1800
1810
1800
1810
1870
1810
1810
1820
1800
1810
1790
1800
1800
1800
1860
1800
1800
1800
1800
1800
1800
1800
1800
1800
1860
1800
1800
1820
1790
1800
1800
1790
1800
1810
1860
1800
1800
1800
1800
1800
1800
1810
1810
1810
1880
1820
1800
1800
1810
1820
1810
1810
1800
1810
1870
1800
1820
1810
1810
1800
1800
1820
1800
1800
1860
1800
1800
1790
1800
1790
1800
1800
1800
1790
1870
1790
1800
1790
1790
1800
1810
1790
1800
1810
1870
1790
1800
1810
1810
1800
1800
1800
1820
1790
1860
1790
1800
1800
1800
1800
1800
1800
1800
1800
1860
1800
1800
1800
1800
1800
1800
1810
1790
1800
1860
1810
1800
1800
1790
1800
1800
1790
1820
1790
1860
1800
1790
1800
1800
1810
1810
1800
1800
1790
1860
1800
1800
1790
1800
1800
1790
1800
1800
1800
1860
1790
1800
1800
1810
1800
1800
1790
1800
1800
1860
1790
1810
1790
1800
1800
1790
1800
1790
1800
1860
1800
1800
1800
1790
1800
1800
1800
1790
1800
1860
1800
1800
1800
1800
1790
1800
1800
1800
1790
1870
1800
1800
1790
1800
1800
1800
1800
1810
1800
1860
1800
1790
1790
1810
1800
1790
1800
1800
1810
1850
1790
1800
1790
1800
1800
1800
1800
1800
1790
1870
1800
1800
1790
1800
1800
1790
1800
1800
1790
1860
1800
1800
1790
1800
1790
1810
1790
1800
1800
1860
1800
1800
1800
1790
1790
1800
1790
1800
1800
1850
1800
1800
1800
1800
1790
1800
1790
1810
1790
1860
1800
1800
1800
1800
1790
1800
1800
1800
1800
1860
1790
1800
1790
1790
1800
1800
1800
1800
1800
1860
1800
1800
1800
1790
1810
1790
1810
1790
1800
1860
1800
1790
1800
1790
1800
1800
1790
1800
1800
1860
1800
1800
1810
1790
1800
1800
1790
1800
1790
1860
1800
1800
1800
1790
1800
1800
1800
1800
1810
1870
1800
1800
1800
1790
1800
1790
1790
1800
1800
1850
1810
1800
1790
1800
1800
1800
1800
1800
1800
1860
1800
1800
1800
1800
1790
1810
1790
1800
1800
1850
1800
1810
1790
1800
1790
1800
1800
1800
1800
1860
1790
1800
1790
1800
1800
1800
1790
1810
1790
1860
1790
1800
1800
1800
1790
1800
1800
1800
1790
1860
1800
1790
1800
1790
1800
1800
1790
1800
1800
1870
1790
1800
1800
1790
1800
1800
1790
1810
1800
1860
1790
1800
1800
1790
1800
1800
1790
1790
1800
1850
1800
1800
1800
1800
1790
1800
1790
1800
1810
1860
1790
1800
1800
1790
1800
1800
1800
1790
1800
1860
1800
1810
1800
1790
1800
1800
1800
1800
1800
1860
1800
1790
1800
1800
1800
1790
1800
1800
1800
1860
1780
