30
40
70
80
110
120
150
160
180
200
230
220
220
220
220
220
220
230
230
230
230
230
230
230
230
230
230
230
230
240
230
230
230
230
230
230
230
230
230
230
230
230
230
230
230
230
230
230
230
230
240
230
230
230
230
230
230
230
230
230
230
230
230
240
220
240
230
230
230
230
230
230
240
220
240
230
230
230
230
230
240
230
230
230
230
230
240
230
230
230
240
230
230
230
240
230
230
230
230
240
230
230
240
230
230
240
230
230
240
230
230
240
230
230
230
240
240
230
230
240
240
230
240
230
240
240
230
240
230
240
240
230
240
230
240
240
240
230
240
230
240
240
230
240
240
240
230
240
230
230
240
240
240
240
240
240
240
230
240
240
240
230
240
240
240
240
240
240
230
240
240
240
240
240
240
240
240
230
240
240
240
240
240
240
240
240
240
240
240
230
240
240
240
240
240
240
240
240
240
240
230
240
240
240
230
240
230
240
240
230
240
230
240
240
230
240
230
240
230
230
240
230
240
230
230
230
230
240
230
230
240
230
230
240
230
230
230
240
230
230
240
230
230
230
240
230
230
240
230
230
240
230
230
240
220
230
230
230
230
230
240
230
230
230
230
230
230
240
230
230
230
230
230
230
230
230
230
230
230
230
230
240
220
240
220
230
230
230
230
230
230
240
220
240
220
240
220
240
220
240
230
230
230
230
230
230
230
230
230
230
230
230
230
230
230
230
230
230
230
230
230
230
230
230
230
230
230
230
230
230
230
230
230
230
230
230
230
230
230
230
240
230
230
230
230
230
230
230
230
230
230
230
230
230
230
230
230
230
230
230
230
230
230
230
230
230
230
230
230
230
230
230
230
230
230
230
230
230
230
230
230
220
240
220
240
230
230
230
230
230
230
230
230
230
230
230
220
240
220
230
230
230
230
230
230
230
230
230
240
220
240
230
230
230
230
230
230
230
230
230
230
230
230
230
230
230
230
240
220
240
230
230
230
230
230
230
230
230
230
230
240
230
230
230
230
230
230
230
230
230
230
230
230
240
220
240
220
240
230
230
230
230
230
230
230
230
230
230
230
230
240
230
230
230
230
230
230
230
230
230
230
240
220
240
230
230
230
230
230
230
230
230
230
230
240
220
230
230
230
230
230
240
230
230
230
230
230
230
230
230
240
220
230
230
230
230
230
230
230
240
230
230
230
230
230
230
230
230
240
230
230
230
230
230
230
240
230
230
230
230
240
220
240
230
230
230
230
240
230
230
230
230
230
220
240
230
230
230
230
230
240
