2.015433 2.027031
2.038245 1.986088
1.892776 1.935685
1.862859 1.907845
1.822472 1.971451
1.817438 2.082383
1.880403 2.301267
1.943778 2.453473
2.018855 2.653570
2.081242 2.810445
2.212841 3.101843
2.285915 3.297882
2.411769 3.484707
2.470304 3.662404
2.408399 3.568749
2.490722 3.550575
2.818792 3.729495
3.203706 3.918843
3.399232 4.081876
3.288053 4.047329
3.259994 3.944655
3.125414 3.810045
3.034662 3.737446
3.126657 3.838512
3.345659 4.072671
3.514535 4.232234
3.686537 4.390691
3.923625 4.675875
4.274162 5.027730
4.552848 5.315413
4.933946 5.673030
5.172324 5.866247
5.376483 6.073667
5.622082 6.314975
5.781385 6.361952
5.913927 6.490474
6.154810 6.725478
6.370352 6.929699
6.647318 7.236757
6.927789 7.384559
7.162308 7.585424
7.314733 7.582648
7.499212 7.756882
7.737862 7.945369
7.860018 7.994941
7.892191 8.037537
7.902402 8.085636
7.944529 8.084973
7.982048 8.056610
7.969933 8.033497
7.912958 7.977866
7.895431 7.884069
7.868996 7.792526
7.877195 7.758050
7.914287 7.707295
7.962968 7.710501
8.028230 7.730839
8.079618 7.765731
8.045761 7.622230
8.089852 7.556426
8.106780 7.536651
8.202586 7.621813
8.179621 7.703652
8.303243 7.817464
8.400280 7.911432
8.510390 8.034142
8.628404 8.173492
8.765075 8.308188
8.892050 8.431105
9.025442 8.587164
9.170987 8.704266
9.300745 8.843621
9.359347 8.820916
9.483329 8.958263
9.624590 9.114163
9.772506 9.255761
9.949225 9.412621
10.100760 9.533212
10.211097 9.636089
10.108835 9.616439
10.091425 9.567235
10.157874 9.683194
10.180652 9.745620
10.177765 9.758393
10.197871 9.819898
10.221915 9.867461
10.179003 9.813659
10.202172 9.849862
10.245840 9.886143
10.283324 9.912163
10.340012 9.937405
10.446360 10.035469
10.590131 10.235496
10.650590 10.308085
10.737732 10.379500
10.812872 10.461933
10.906844 10.594551
10.977468 10.678582
11.072175 10.776479
11.174077 10.868835
11.267806 10.996815
11.377222 11.097901
11.479928 11.203210
11.603395 11.311713
11.758329 11.422473
11.876304 11.524339
12.121040 11.450829
12.199912 11.556692
12.188069 11.555653
12.290768 11.679655
12.317147 11.758650
12.341565 11.768398
12.378618 11.738367
12.201165 11.768213
12.181729 11.809021
12.210615 11.853627
12.228656 11.835782
12.275405 11.854323
12.334953 11.883007
12.341408 11.914995
12.288388 11.793475
12.314224 11.719522
12.327933 11.709525
12.359823 11.687665
12.391580 11.710067
12.427815 11.714691
12.434416 11.740677
12.309598 11.734201
12.400473 11.771300
12.446373 11.834735
12.528835 11.881181
12.594507 11.821591
12.670146 11.892725
12.816819 12.082580
12.887571 12.160484
13.005843 12.228811
13.095557 12.311851
13.328440 12.392725
13.438781 12.488220
13.538021 12.606904
13.641756 12.690674
13.643565 12.703524
13.777885 12.541965
13.895315 12.636530
14.006737 12.737084
14.074108 12.545881
14.128986 12.603293
14.103231 12.670622
14.093149 12.691860
14.075755 12.730602
14.103268 12.727529
14.157684 12.669423
14.182962 12.659738
14.186491 12.699353
14.228317 12.718987
14.463134 12.940668
14.491192 12.996144
14.934292 13.054404
14.988490 13.111834
15.068871 13.184627
15.116562 13.273155
15.176659 13.387356
15.238628 13.467299
15.300688 13.544221
15.385634 13.619094
15.443001 13.694322
15.361039 13.751615
15.440990 13.858473
15.523419 13.939071
15.607533 14.054032
15.680098 14.158956
15.703675 14.215450
15.676243 14.416782
15.674680 14.430600
15.616971 14.334460
15.615919 14.379187
15.627767 14.413745
15.476674 14.286219
15.342587 14.163680
15.341828 14.160730
15.052625 13.798451
15.021526 13.733101
15.012702 13.618941
15.023274 13.651428
15.005627 13.710200
14.994766 13.697898
14.994579 13.541543
15.024543 13.487351
14.794509 13.165404
14.752571 13.228122
14.503224 13.269668
14.443379 13.180239
14.509546 13.199111
14.561491 13.235445
14.640141 13.276281
14.696105 13.303819
14.754891 13.356862
14.817644 13.425382
14.863702 13.494334
14.932794 13.544381
14.989695 13.590839
15.051948 13.623482
15.130777 13.652720
15.206377 13.654364
14.833407 13.302455
13.540588 12.779466
12.630489 11.641914
11.142016 10.778748
9.863296 9.829990
9.485402 9.500163
9.214235 9.462386
8.919367 9.485452
9.143500 9.555408
9.168382 9.619960
9.218302 9.650097
9.265935 9.675293
9.307173 9.672269
9.339355 9.712193
9.356370 9.749668
9.380791 9.744730
9.448928 9.809426
9.498599 9.789013
9.434935 9.788410
9.053907 9.602935
9.083185 9.682750
9.205933 9.718710
9.249713 9.752797
9.417666 9.961803
9.480066 10.043973
9.524625 10.164670
9.519084 10.128943
9.336717 9.620265
9.098085 9.426505
9.145215 9.459835
9.145115 9.367275
9.038027 9.220636
8.947676 9.204917
8.646908 9.003978
8.705071 9.066896
8.763639 9.164246
8.830150 9.271257
8.878035 9.299202
8.975834 9.400345
8.962196 9.359185
8.866803 9.390902
8.872191 9.374759
8.901957 9.370544
8.859661 9.263325
9.051788 9.459243
9.112183 9.477338
8.997962 9.303610
8.407973 8.359019
7.061185 7.054713
6.203751 5.874200
4.811545 4.864763
4.050049 3.765028
3.887655 3.578529
3.806271 3.587738
4.008813 3.756365
4.225831 4.166268
4.462962 4.358493
4.533969 4.401317
4.604555 4.386774
4.669929 4.408630
4.750465 4.444995
4.852068 4.576732
5.006663 4.710427
5.179238 4.867454
5.323526 5.004782
5.528262 5.181141
5.685614 5.329979
5.848918 5.486762
6.025146 5.643652
6.075192 5.746462
6.040184 5.679751
5.870578 5.578313
5.708312 5.439430
5.521140 5.287122
5.458488 5.178199
5.121464 4.951209
5.058341 4.882626
4.984730 4.894565
5.139098 5.010828
5.257917 5.135598
5.450127 5.365515
5.584250 5.533398
5.741561 5.705300
5.906970 5.880402
6.061949 6.031221
6.142860 6.129437
6.148777 6.194850
6.189921 6.223311
6.195808 6.115378
6.441974 6.156122
6.377802 6.191233
6.541388 6.350076
6.184381 5.949162
5.825117 5.437614
5.391655 5.071884
4.685678 4.767574
4.287144 4.365667
3.629671 3.901718
3.289726 3.658394
3.364298 3.743565
3.463716 3.865409
3.522943 3.959918
3.631906 4.066353
3.842994 4.174650
3.951802 4.282825
4.100445 4.445596
4.380896 4.758861
4.523675 4.974683
4.691866 5.154716
4.861047 5.351521
5.012238 5.573192
5.339558 5.909260
5.583182 6.126389
5.839893 6.407267
6.111359 6.666516
6.304950 6.870788
6.502473 7.033468
6.500294 7.124490
6.418978 7.156133
6.317175 6.934820
6.258476 6.833704
6.178217 6.793858
5.966164 6.714762
6.052632 6.732937
5.940066 6.626718
6.073611 6.743945
6.193372 6.865609
6.303435 6.961263
6.455535 7.094030
6.577078 7.162472
6.693367 7.247771
6.847243 7.446460
6.989742 7.614894
6.964890 7.667016
7.044472 7.779255
7.151631 7.891255
7.120504 7.988682
7.076535 8.043222
6.738467 7.740107
6.095228 7.130188
5.545987 6.776361
5.539661 6.584652
5.624301 6.669221
5.774863 6.773416
5.950798 6.905061
6.119885 7.056757
6.244871 7.162899
6.343953 7.270145
6.461168 7.385956
6.559762 7.488439
6.879059 7.662322
7.177641 7.919123
7.177163 7.976404
7.154344 7.925835
7.140845 7.834104
7.250017 7.867173
7.207393 7.717282
7.263651 7.596350
7.284247 7.444576
7.128264 7.328830
6.970880 7.289256
6.940853 7.109322
6.932757 7.104436
6.913426 7.008422
6.899827 7.078503
6.832623 6.935431
6.855773 6.942046
6.798258 6.944029
6.807584 6.991698
6.821233 6.990552
6.706824 6.861449
6.698151 6.826955
6.840302 6.935400
7.061593 7.218681
7.179968 7.314276
7.270133 7.400097
7.463939 7.537918
7.186097 7.331872
6.961381 7.025407
6.941224 6.904578
6.716181 6.782596
6.663809 6.531532
6.596188 6.473356
6.669497 6.547204
6.654935 6.497984
6.682315 6.529414
6.683154 6.543650
6.713111 6.564821
6.766070 6.623432
6.816713 6.668517
6.915447 6.764678
6.999846 6.868487
7.221248 7.058181
7.328152 7.158029
7.433219 7.259442
7.536824 7.392676
7.692855 7.544559
7.681458 7.557654
7.533456 7.290762
7.352819 7.176936
7.085272 6.995279
7.069639 6.969398
7.061118 6.831764
6.967017 6.808834
6.876509 6.651648
6.885052 6.618410
6.703634 6.619498
6.570273 6.585301
6.438306 6.615691
6.526550 6.666583
6.552881 6.607599
6.644881 6.647328
6.620095 6.694452
6.695910 6.728867
6.826565 6.865045
6.925300 6.987104
7.077298 7.112152
7.145716 7.279099
7.094608 7.184349
6.956842 7.051985
6.725160 6.929652
6.240158 6.646103
5.860786 6.221712
5.178290 5.628227
4.879908 5.269870
4.761774 4.961687
4.857277 5.046741
4.937280 5.132243
5.106145 5.303821
5.255882 5.476691
5.509023 5.708188
5.656631 5.822870
5.838509 6.011791
5.989640 6.189318
6.168391 6.359901
6.489091 6.696201
6.636559 6.810596
6.691756 6.889406
6.767520 7.007668
6.824714 7.007939
6.921990 7.011336
7.042915 7.122052
7.216058 7.277244
7.290759 7.163432
7.301450 7.216482
7.383633 7.252583
7.445174 7.329592
7.534561 7.479451
7.657214 7.614592
7.807371 7.766491
7.982879 7.944047
8.221036 8.118039
8.419682 8.316062
8.447475 8.383512
8.533927 8.479838
8.703749 8.631566
8.620030 8.512976
8.413251 8.329521
8.204238 8.155224
7.755776 8.054936
7.589004 7.890537
7.538771 7.840055
7.282123 7.653910
7.218058 7.639294
7.248432 7.401651
7.332084 7.435762
7.418361 7.526474
7.512272 7.592348
7.638978 7.706808
7.748323 7.785139
7.877436 7.881027
7.901268 7.843585
7.965656 7.830580
7.991124 7.874747
8.045132 7.867770
8.097616 7.863797
8.087203 7.892444
8.155232 7.869716
7.970872 7.758178
7.935143 7.563055
7.803589 7.576658
7.694379 7.529237
7.686758 7.579744
7.666190 7.501424
7.774919 7.631409
7.900436 7.782060
8.033557 7.935833
8.187810 8.082094
8.345243 8.184427
8.312919 8.306659
8.350619 8.303005
8.338129 8.258962
8.363993 8.304801
8.434918 8.361179
8.689622 8.644064
8.585122 8.500280
8.152599 8.054208
7.920678 7.927043
7.920119 7.925594
7.968552 7.938100
7.987573 7.966733
7.995220 8.004143
8.049792 8.095525
8.091600 8.150075
8.117752 8.228588
8.201739 8.363087
8.221355 8.391293
8.257799 8.477519
8.303057 8.495281
8.268757 8.475883
8.283699 8.470308
8.123984 8.495708
7.986586 8.325546
7.874498 8.258408
7.823231 7.924678
7.679581 7.810580
7.498378 7.820156
7.484648 7.724566
7.524795 7.736046
7.600422 7.804113
7.662240 7.889141
7.770366 8.003378
7.854689 8.128187
7.949805 8.278326
8.032127 8.401754
8.187796 8.694695
8.294521 8.810135
8.394156 8.934471
8.460889 9.020311
8.473941 9.015003
8.313549 8.971090
8.328761 8.927092
8.290131 8.872046
8.183046 8.878968
7.970483 8.756141
7.984087 8.644582
8.046439 8.672157
8.121539 8.712851
8.171619 8.771469
8.251886 8.814311
8.318924 8.863793
8.416671 8.932871
8.556751 9.035138
8.669664 9.133312
8.628149 9.225344
8.741257 9.339205
8.820936 9.432342
8.954898 9.577450
8.933153 9.638392
8.976693 9.605410
9.074276 9.636766
9.127916 9.698809
9.255882 9.848011
9.403108 10.022257
9.553206 10.174424
9.881337 10.552633
9.951781 10.817693
