1.980141 2.111313
1.871498 2.021578
1.771773 1.997973
1.690203 1.969247
1.630211 1.982768
1.521648 2.020750
1.445112 2.135802
1.332655 2.144868
1.252266 2.214014
1.126352 2.271156
1.083320 2.329177
1.015575 2.272185
0.921055 2.250225
0.867860 2.297136
0.817555 2.206118
0.752390 2.210165
0.714218 2.279577
0.703661 2.349921
0.702705 2.485727
0.720761 2.547246
0.791605 2.464845
0.826723 2.244900
0.788284 1.952100
0.713173 1.668087
0.669291 1.471939
0.653973 1.360227
0.664592 1.320718
0.687378 1.386836
0.726112 1.430297
0.775385 1.487480
0.843457 1.624184
0.919593 1.804353
0.987201 2.028017
1.008930 2.204495
0.994378 2.406510
0.974675 2.531430
0.863798 2.653270
0.772309 2.742437
0.771322 2.870831
0.830827 2.949353
0.895993 3.003444
0.908122 2.800920
0.935160 2.558837
0.859564 2.310722
0.757375 2.070019
0.698521 1.825237
0.627308 1.663721
0.604872 1.579083
0.589589 1.549048
0.563867 1.546194
0.547173 1.590382
0.552493 1.632483
0.573943 1.716854
0.593967 1.769463
0.629893 1.812856
0.672168 1.915097
0.732807 2.017824
0.789759 2.154562
0.876514 2.287497
0.942626 2.483220
1.033126 2.733589
1.030497 2.836726
0.935523 2.841587
0.854921 2.618393
0.764851 2.267850
0.668612 1.910699
0.640060 1.543147
0.647021 1.295014
0.718622 1.207924
0.784015 1.178869
0.847753 1.137298
0.922498 1.111180
0.999997 1.125542
1.090759 1.178538
1.187065 1.279660
1.270853 1.429213
1.339313 1.617207
1.376753 1.729957
1.332045 1.813846
1.326305 1.813417
1.427037 1.779763
1.538480 1.717133
1.623512 1.651154
1.689548 1.496291
1.744884 1.431339
1.792937 1.370431
1.872921 1.325633
1.940253 1.282616
1.988607 1.236997
1.995181 1.213301
2.006645 1.201999
1.899367 1.229885
1.775827 1.253396
1.719567 1.274435
1.608048 1.284058
1.584741 1.272849
1.573440 1.300048
1.592452 1.305668
1.579907 1.311362
1.594238 1.300917
1.567542 1.266597
1.568522 1.229689
1.593251 1.180848
1.582909 1.132579
1.480986 1.114014
1.346811 1.093511
1.244730 1.094340
1.167564 1.103146
1.119293 1.107807
1.109819 1.142169
1.143233 1.195362
1.154110 1.224389
1.214666 1.272431
1.280358 1.298870
1.338187 1.363641
1.364412 1.354206
1.444618 1.350349
1.516113 1.352214
1.612063 1.310489
1.692860 1.307478
1.780739 1.282300
1.838064 1.320554
1.828593 1.336259
1.781188 1.237911
1.803580 1.236980
1.743629 1.257469
1.640459 1.260490
1.436546 1.258921
1.264943 1.059816
1.133426 0.976246
1.042425 0.859512
0.973859 0.833143
0.980611 0.822659
1.050826 0.833149
1.112571 0.855169
1.218903 0.882632
1.337428 0.917352
1.425568 0.947972
1.516846 0.946174
1.573962 0.969021
1.646222 0.987071
1.638367 0.965626
1.600657 0.961827
1.578343 0.974288
1.592479 0.956236
1.554170 0.944772
1.589993 0.926606
1.572299 0.904562
1.588904 0.872638
1.639771 0.856793
1.650396 0.842269
1.622172 0.842513
1.536779 0.882826
1.478857 0.951507
1.439390 1.055558
1.459609 1.201313
1.482534 1.393936
1.461477 1.641321
1.353043 1.854296
1.277096 2.066964
1.163043 2.260799
1.071000 2.469477
0.995034 2.597320
0.975752 2.704851
0.964125 2.797214
0.955591 2.887163
0.913939 3.013333
0.924013 3.189505
0.956019 3.365747
0.965597 3.566487
0.991926 3.752358
0.918033 3.758977
0.877281 3.737343
0.813716 3.445671
0.768609 3.101400
0.702743 2.782160
0.648002 2.527551
0.627691 2.347715
0.567811 2.191422
0.563609 2.051134
0.577167 1.998582
0.591580 1.870716
0.618393 1.797345
0.670321 1.793653
0.738484 1.801916
0.787622 1.932102
0.808125 2.070485
0.793859 2.277311
0.717797 2.374246
0.674569 2.454220
0.634847 2.531315
0.628485 2.656652
0.633407 2.746377
0.697703 2.943232
0.760960 3.152160
0.824259 3.343206
0.874656 3.547037
0.931431 3.769340
0.919050 3.616053
0.924925 3.514487
0.897962 3.242309
0.750289 2.817566
0.694866 2.560149
0.619124 2.343339
0.569200 2.162950
0.535094 2.042395
0.553145 1.913859
0.588189 1.844307
0.667519 1.840923
0.746021 1.924906
0.751108 2.057699
0.703869 2.191986
0.625867 2.301061
0.601365 2.406593
0.598132 2.538153
0.582758 2.559972
0.581828 2.650243
0.594969 2.727320
0.647908 2.872456
0.726567 3.089095
0.825659 3.313426
0.827101 3.496364
0.826820 3.663567
0.778041 3.760930
0.754382 3.863894
0.698481 3.848905
0.649972 3.685405
0.643830 3.448678
0.583279 3.201681
0.530481 2.970307
0.513526 2.669896
0.503078 2.435968
0.479925 2.277275
0.469096 2.173524
0.485927 2.068797
0.494278 1.931229
0.521681 1.832105
0.582001 1.813593
0.636532 1.933672
0.720707 2.057573
0.738158 2.264799
0.736048 2.402811
0.686485 2.496046
0.651005 2.643162
0.642321 2.774619
0.682288 2.916385
0.739851 3.023922
0.782798 3.164908
0.832776 3.331636
0.914335 3.439519
1.033235 3.494630
1.187417 3.325259
1.260550 2.944802
1.201163 2.615770
1.060811 2.250815
0.943980 2.037981
0.871475 1.860192
0.822827 1.720151
0.800411 1.565238
0.805923 1.563407
0.842692 1.629074
0.841596 1.725113
0.796666 1.845966
0.757900 1.928922
0.724693 2.050046
0.700527 2.123957
0.701633 2.166212
0.685594 2.211055
0.719901 2.300841
0.711935 2.473559
0.780705 2.604498
0.821308 2.755566
0.857164 2.925069
0.840842 3.023820
0.832690 2.986814
0.773933 2.923409
0.685444 2.901087
0.615499 2.915731
0.551230 2.739421
0.507579 2.515211
0.479675 2.253363
0.478473 2.003538
0.467682 1.877424
0.451045 1.817013
0.447832 1.705652
0.443138 1.631841
0.446793 1.614230
0.475898 1.606618
0.516725 1.654261
0.577529 1.795771
0.659226 1.973872
0.726381 2.145431
0.751253 2.326848
0.774632 2.554675
0.763641 2.661653
0.771733 2.725646
0.783321 2.834900
0.763181 2.933232
0.797138 3.009243
0.851769 3.155419
0.902782 3.294807
0.975145 3.297980
1.062252 3.420848
1.179132 3.348442
1.291994 3.110042
1.325439 2.712809
1.169029 2.300934
1.012479 2.053731
0.840514 1.842091
0.764383 1.690700
0.719305 1.630713
0.720799 1.593271
0.741683 1.603626
0.803585 1.611082
0.821725 1.735697
0.772448 1.895587
0.663023 1.957176
0.636257 2.003623
0.608523 2.076006
0.609947 2.207061
0.632775 2.284364
0.612509 2.300091
0.654951 2.391844
0.737012 2.534429
0.809616 2.710252
0.842339 2.875829
0.855518 2.923020
0.901108 2.856864
1.003320 2.782404
0.992806 2.664529
1.031236 2.613095
1.130990 2.531221
1.173125 2.362957
1.209256 2.231209
1.177143 2.042341
1.175764 1.941130
