0.152995
0.338865
0.528811
0.708811
0.887191
1.065095
1.239960
1.406945
1.570918
1.733772
1.909423
2.019016
2.113390
2.126857
2.122261
2.030632
1.868254
1.711460
1.638309
1.533714
1.622522
1.681873
1.699094
1.647744
1.507800
1.337556
1.270389
1.282806
1.340596
1.441840
1.478049
1.466228
1.375099
1.258043
1.144847
0.955965
0.815528
0.623272
0.416124
0.251833
0.213174
0.169578
0.133078
0.073271
0.078369
0.166295
0.307624
0.485381
0.647922
0.750467
0.887864
1.066223
1.284350
1.499887
1.648421
1.731977
1.819921
1.905284
2.066965
2.226744
2.418977
2.589025
2.677741
2.641146
2.569874
2.435344
2.227628
1.996411
1.739518
1.528100
1.422885
1.373100
1.339258
1.247693
1.075227
0.873411
0.700557
0.548957
0.383638
0.260617
0.109638
0.205382
0.521207
0.982480
1.405533
1.785970
2.129336
2.459010
2.775437
3.129898
3.267144
3.351416
3.465099
3.566114
3.631146
3.708214
3.808784
3.935276
4.038310
4.149361
4.357491
4.494352
4.597982
4.552339
4.395536
4.195449
3.996292
3.792494
3.597283
3.401604
3.191697
2.978921
2.746683
2.507261
2.258464
2.030977
1.796665
1.543911
1.443139
1.348531
1.267936
1.211251
1.160645
1.168440
1.245914
1.339084
1.431352
1.449162
1.356191
1.361184
1.409900
1.507581
1.603050
1.707952
1.844338
1.984220
2.157229
2.296853
2.454266
2.609958
2.769582
2.905205
3.052422
3.208440
3.395919
3.617352
3.854418
4.115552
4.401357
4.672214
4.886584
5.020867
5.151261
5.270324
5.364050
5.463538
5.531206
5.565742
5.576201
5.599220
5.626354
5.610980
5.603906
5.550304
5.483100
5.405612
5.331009
5.285224
5.204758
5.089622
5.133244
5.171415
5.061547
5.013576
5.121204
5.124997
5.173799
5.200538
5.267944
5.351174
5.565801
5.781317
5.947364
6.108225
6.334405
6.462544
6.527001
6.582043
6.602826
6.608653
6.485116
6.541029
6.562648
6.584987
6.526804
6.188591
5.825486
5.302591
4.543614
3.894552
3.637470
3.648244
3.792957
4.011722
4.257044
4.490005
4.762786
5.020515
5.255785
5.466995
5.607443
5.716477
5.917040
6.042693
6.282046
6.486350
6.712388
6.952055
7.164739
7.364370
7.592338
7.768946
7.953261
8.112081
8.276499
8.373756
8.358713
8.284273
8.235145
8.129944
8.024629
7.968317
7.920316
7.835811
7.823939
7.770639
7.720419
7.716751
7.683082
7.611187
7.421545
7.220650
6.896708
6.525753
6.090088
5.603503
5.152080
4.777866
4.391415
4.106293
3.863435
3.854487
3.957681
4.117540
4.267216
4.447093
4.605993
4.741753
4.838043
4.908294
4.986088
5.077978
5.272316
5.612551
6.061976
6.477561
6.875123
7.191972
7.424130
7.706178
7.924726
8.190913
8.561642
8.896933
9.244582
9.571743
9.768038
9.877911
9.972177
9.881725
9.788544
9.667769
9.457272
9.235153
8.920520
8.656360
8.404930
8.173886
7.981093
7.796561
7.614404
7.398080
7.158203
6.829896
6.478947
6.077689
5.691669
5.371828
5.123070
4.882702
4.693603
4.495789
4.282401
4.157515
4.161507
4.286007
4.496420
4.716676
4.932746
5.170818
5.370998
5.563109
5.749700
5.901522
6.105081
6.371165
6.771884
7.113762
7.533196
7.907322
8.250039
8.551751
8.869876
9.126895
9.375323
9.660328
9.903919
9.976695
9.967041
9.949339
9.921062
9.880253
9.851594
9.839602
9.831740
9.821504
