0.151060
0.229180
0.354366
0.432609
0.591652
0.900766
1.225603
1.633684
1.906161
2.169261
2.320184
2.381741
2.354416
2.340077
2.319803
2.326267
2.339237
2.388528
2.470615
2.535754
2.553391
2.463381
2.354295
2.282878
2.243988
2.228145
2.191657
2.203151
2.234476
2.329160
2.429613
2.576976
2.670027
2.639757
2.556393
2.443012
2.351010
2.341915
2.394705
2.525309
2.648824
2.753310
2.764927
2.539143
2.289348
2.183818
2.098131
2.043193
2.020345
2.057771
2.120532
2.160286
2.208426
2.262349
2.323297
2.399821
2.463085
2.546430
2.670254
2.803789
2.946809
3.132923
3.316908
3.486798
3.446448
3.282605
3.179481
3.120796
3.046443
3.091590
3.244250
3.476432
3.746582
4.025227
4.248474
4.366186
4.434599
4.543294
4.547832
4.540991
4.549380
4.628718
4.688749
4.871613
5.107673
5.414648
5.764380
6.122578
6.497548
6.941156
7.290903
7.664264
7.948854
8.197854
8.501257
8.732618
8.956667
9.187361
9.468694
9.664358
9.890541
10.044086
10.138243
10.106453
9.951733
9.703590
9.477584
9.254690
9.073818
8.879216
8.706543
8.579648
8.395589
8.225943
8.043952
7.835471
7.660789
7.456157
7.240939
7.025812
6.777645
6.531573
6.305576
6.044750
5.815667
5.720103
5.798321
6.059344
6.327443
6.586124
6.816597
7.011320
7.168197
7.308506
7.433475
7.532443
7.649620
7.753070
7.899153
8.066454
8.281654
8.489770
8.671543
8.867074
9.085475
9.192983
9.303518
9.451221
9.566775
9.692460
9.775809
9.787695
9.839275
9.881765
9.982633
10.025024
9.999533
9.813748
9.502176
9.235020
9.064042
9.039153
9.050743
9.168823
9.325381
9.451006
9.507974
9.579200
9.545003
9.453720
9.314333
9.209467
9.209941
9.274869
9.304928
9.339755
9.290186
9.304654
9.296420
9.306696
9.349408
9.300003
9.240068
9.148961
9.073043
8.994982
8.964099
9.032248
9.161220
9.277606
9.465527
9.556140
9.574240
9.575424
9.551454
9.528041
9.566360
9.666436
9.632035
9.649347
9.734993
9.861974
9.815058
9.807335
9.749115
9.748423
9.715435
9.615762
9.505820
9.408454
9.273636
9.185739
9.075462
9.070420
9.056484
9.000424
8.949166
8.910521
8.863364
8.752394
8.659557
8.563788
8.488816
8.379848
8.346207
8.315163
8.399527
8.484097
8.629663
8.681475
8.790312
8.934359
9.027130
9.125982
9.232751
9.338338
9.318134
9.271368
9.169815
9.096144
9.046888
9.056291
9.048414
9.090950
9.081853
9.014153
8.858430
8.695995
8.520488
8.292992
8.009022
7.701605
7.465487
7.520018
7.636164
7.861027
8.020469
8.169196
8.241460
8.370005
8.474038
8.563480
8.647035
8.736040
8.857057
8.993513
9.226064
9.422214
9.633046
9.822157
9.980133
10.160809
10.248296
10.286769
10.347530
10.356595
10.355786
10.322565
10.337807
10.288570
10.208669
10.076840
9.967222
9.831495
9.695414
9.625944
9.486966
9.380406
9.240697
9.054102
8.900232
8.689442
8.550102
8.474136
8.456453
8.415920
8.421109
8.366328
8.214409
8.054385
7.860084
7.602824
7.382810
7.086716
6.845507
6.689523
6.826656
7.070014
7.320228
7.494301
7.667881
7.768770
7.964041
8.149797
8.237338
8.209427
8.132289
8.193445
8.257938
8.359295
8.534098
8.756376
9.021399
9.238722
9.440813
9.535652
9.567066
9.503850
9.473726
9.420115
9.477864
9.581396
9.611194
9.640189
9.722319
9.743960
