0.156622
0.345686
0.528314
0.711916
0.888162
1.063318
1.236412
1.408785
1.576353
1.745742
1.913524
1.984026
1.917346
1.843774
1.688782
1.597868
1.539307
1.532113
1.528692
1.519232
1.528216
1.419237
1.215226
0.960169
0.764996
0.647222
0.582525
0.562300
0.646255
0.744819
0.922974
1.058806
1.185886
1.241837
1.183150
0.999631
0.752410
0.536880
0.326991
0.301103
0.451678
0.500325
0.470493
0.368095
0.261571
0.215731
0.183847
0.141198
0.193798
0.341629
0.520556
0.731298
0.926078
1.114092
1.298683
1.450380
1.606093
1.711348
1.844171
1.983494
2.081418
2.087523
2.044087
1.931832
1.809310
1.695444
1.607371
1.499106
1.430570
1.398211
1.342358
1.312882
1.249831
1.198169
1.065133
0.906619
0.842056
0.820570
0.820726
0.756968
0.773042
0.917657
1.082036
1.316571
1.513169
1.681630
1.938042
2.180544
2.416252
2.640476
2.650319
2.756724
2.791665
2.841911
2.816496
2.782867
2.792850
2.762393
2.710584
2.683563
2.814540
2.891397
2.902155
2.903998
2.785190
2.659618
2.524791
2.386003
2.255287
2.167848
2.028709
1.912479
1.768838
1.636005
1.570863
1.500258
1.530923
1.590747
1.613895
1.674643
1.777567
1.862169
2.014848
2.162993
2.333142
2.519284
2.583099
2.547486
2.375942
2.171315
1.979667
1.785936
1.623718
1.460596
1.276610
1.100811
0.943326
0.783128
0.655977
0.520154
0.428718
0.386623
0.369724
0.381880
0.397558
0.510968
0.622561
0.743445
0.863005
1.030611
1.153774
1.262190
1.316705
1.414576
1.419128
1.350695
1.259367
1.142838
1.064580
1.079071
1.196350
1.431255
1.698711
1.919466
2.038996
2.067152
2.037216
1.984337
1.912013
1.918131
2.101792
2.240899
2.311990
2.276430
2.178468
2.055552
1.882062
1.714167
1.610949
1.619703
1.659862
1.737047
1.824639
1.944940
2.072389
2.165517
2.251386
2.226777
2.040444
1.704791
1.368311
0.985732
0.718109
0.415654
0.145098
0.328992
0.719057
1.078757
1.274789
1.478098
1.435056
1.433243
1.361328
1.395168
1.302819
1.201105
1.085096
1.004334
0.942702
0.902724
0.916737
1.085806
1.326123
1.644147
2.006191
2.312197
2.558451
2.774084
2.954483
3.177794
3.388057
3.570475
3.803408
4.001478
4.202241
4.312065
4.361336
4.410381
4.374002
4.200487
3.999870
3.776519
3.580809
3.333305
3.128814
2.943396
2.795644
2.691241
2.581065
2.464525
2.352731
2.186378
1.989176
1.729490
1.493250
1.282321
1.069533
0.849511
0.578663
0.361019
0.272085
0.404687
0.608776
0.642412
0.760656
0.849927
0.959933
1.074531
1.228932
1.391121
1.588703
1.827278
2.151029
2.537505
2.835700
3.147377
3.465485
3.701046
3.974628
4.238772
4.512447
4.791898
5.045076
5.259613
5.479496
5.670228
5.824430
5.943100
5.958926
5.930941
5.740629
5.554981
5.347914
5.124561
4.882196
4.645793
4.474376
4.308687
4.154135
3.975343
3.844558
3.705599
3.555111
3.382846
3.215919
3.073048
2.828915
2.648853
2.458474
2.297360
2.172040
2.033935
1.881409
1.692533
1.555552
1.588033
1.749771
1.876053
2.030061
2.236181
2.480009
2.707587
2.898801
3.060843
3.278892
3.585403
3.910680
4.179263
4.448925
4.686489
4.896549
5.072481
5.265446
5.477639
5.684809
5.933791
6.173838
6.217016
6.240472
6.270288
6.312638
6.379581
6.413783
6.504077
6.548930
6.580876
