0.156622
0.345686
0.528314
0.711916
0.888162
1.063318
1.236412
1.408785
1.576353
1.745742
1.751071
1.895565
2.101856
2.240845
2.310902
2.099822
1.790783
1.377708
1.023238
0.873201
1.059185
1.079601
1.162492
1.110201
0.936847
0.746539
0.709937
0.780122
0.854040
0.873603
0.715437
0.756936
0.991625
1.323452
1.594181
1.811320
1.922092
1.946244
1.915865
1.866505
1.857396
1.913544
1.979122
1.904056
1.875886
1.856225
1.926194
2.061169
2.211819
2.353464
2.412175
2.432503
2.494427
2.600294
2.618286
2.610206
2.630942
2.792526
3.021678
3.342568
3.894727
4.361038
4.644658
4.715740
4.725029
4.548754
4.353295
4.124266
3.932015
3.839048
3.898769
3.992418
4.001004
3.881899
3.643749
3.407985
3.127205
2.863552
2.649832
2.607665
2.593343
2.527491
2.459042
2.372119
2.234477
2.112300
2.016856
1.980207
1.879543
1.838301
1.858722
1.824233
1.805392
1.940290
2.021776
2.101590
2.239530
2.310208
2.448308
2.548978
2.658715
2.641109
2.634921
2.598031
2.561265
2.440051
2.324203
2.213765
2.097690
2.032738
1.927988
1.945957
1.965091
1.988203
2.047066
2.055591
2.079959
2.079310
2.135061
2.139650
2.130123
2.116953
2.022691
1.942020
1.846834
1.831004
1.987617
2.230382
2.423371
2.628099
2.797964
3.010976
3.215046
3.426801
3.636633
3.805513
3.967713
4.130235
4.297462
4.463596
4.580069
4.691964
4.784405
4.882320
4.996533
5.152480
5.302583
5.480941
5.647760
5.831935
5.952117
6.042012
6.117642
6.194537
6.303141
6.456907
6.506028
6.557297
6.673050
6.764640
6.812760
6.884401
6.895113
6.924993
6.869052
6.841310
6.842610
6.873562
6.850274
6.801630
6.668453
6.366224
6.094312
5.923797
5.778341
5.681514
5.663007
5.592969
5.462265
5.355285
5.420069
5.646439
5.941585
6.301896
6.641534
6.916881
7.210837
7.401936
7.548053
7.637424
7.641062
7.560989
7.478056
7.382756
7.222198
6.847182
6.130429
5.079775
3.843295
2.939965
2.693361
2.740920
3.018350
3.401296
3.851458
4.359873
4.908382
5.388334
5.818009
6.103485
6.295647
6.451585
6.574292
6.641161
6.779807
6.985332
7.229501
7.511318
7.819400
8.116315
8.402636
8.635956
8.824411
8.941884
9.030472
9.071764
8.983186
8.882627
8.692559
8.482742
8.322017
8.219010
8.155484
8.174665
8.142822
8.116806
8.040475
8.005077
7.891217
7.808674
7.550398
7.324053
7.077488
6.724189
6.369322
5.852204
5.414545
4.941664
4.407703
3.928056
3.617464
3.505347
3.645050
3.863514
4.087250
4.321627
4.533094
4.743763
4.926588
5.048551
5.080425
4.986252
5.000494
5.185473
5.705644
6.558691
7.405714
8.072691
8.500372
8.874976
9.075167
9.311692
9.563273
9.892472
10.243758
10.517899
10.726879
10.844080
10.822601
10.674926
10.460416
10.260203
9.995927
9.738626
9.458103
9.165731
8.895590
8.610909
8.361787
8.088171
7.808056
7.464424
7.098197
6.739601
6.366060
6.009460
5.656353
5.358313
5.058348
4.768186
4.525844
4.297326
4.096292
4.033805
4.093375
4.302465
4.543963
4.815321
5.050996
5.296663
5.525613
5.768390
6.039967
6.298330
6.513996
6.670233
6.886853
7.141286
7.563103
7.964772
8.407738
8.840391
9.226579
9.556978
9.864355
10.216841
10.491371
10.572890
10.527473
10.472987
10.408067
10.334008
10.256293
10.190997
10.110543
10.045182
