80
70
70
80
70
70
70
70
70
120
120
110
120
110
120
120
110
120
160
160
200
200
210
200
210
200
200
210
200
200
250
250
250
250
250
160
160
150
160
180
250
250
160
190
180
180
180
190
180
180
190
180
180
180
190
250
290
290
290
290
290
290
300
290
290
290
290
290
340
370
390
370
370
380
380
420
470
470
520
350
330
320
320
320
410
520
520
520
520
520
530
520
520
570
570
570
570
570
570
570
580
570
570
360
350
390
380
390
510
620
620
480
570
390
520
580
530
580
540
610
490
640
700
660
610
770
770
780
830
830
840
830
840
830
830
830
840
830
830
840
830
840
750
710
890
880
730
910
910
800
540
580
580
900
840
820
670
580
580
580
800
940
940
930
990
990
1000
990
990
1000
770
650
640
750
1130
1140
1130
1140
700
680
680
680
910
1110
1100
1100
1100
1110
1100
780
720
720
720
720
900
1160
1150
1160
1170
1160
1210
1200
1170
1180
1170
1230
1190
1240
1310
1320
1370
1380
1380
1370
1380
1370
1350
1330
1330
1380
1390
1450
1440
1440
1450
1550
1550
1550
1550
1560
1550
1540
1510
1500
1510
1460
1560
1570
1560
1560
1570
1560
1560
1560
1560
1560
1560
1570
1560
1560
1570
1620
1620
1620
1620
1610
1620
1620
1620
1620
1620
1620
1620
1680
1750
1740
1740
1810
1800
1800
1810
1810
1810
1800
1800
1810
1810
1810
1810
1800
1870
1870
1860
1880
1870
1870
1870
1880
1870
1870
1860
1860
1860
1860
1220
1220
1860
1870
1870
1860
1870
1860
1380
1180
1920
1870
1920
1910
1910
1910
1370
1590
1970
1980
1970
1910
1210
1620
1390
1290
1290
2020
2100
1750
1590
1730
1330
1820
2130
2130
1550
1370
1330
1650
2160
2230
