70
120
160
200
250
300
350
390
430
470
520
520
520
520
510
520
520
520
520
510
530
520
510
520
520
520
520
510
520
520
520
520
520
520
510
520
520
520
520
520
520
520
510
520
520
520
520
510
520
520
520
520
520
520
510
510
520
520
520
510
530
520
530
540
540
530
540
540
530
540
540
540
540
540
540
530
540
540
530
530
540
520
520
530
520
530
520
530
520
530
530
530
520
530
530
520
530
520
530
530
530
520
530
520
530
520
530
520
520
530
520
340
320
340
320
380
520
350
330
320
320
380
520
520
520
520
530
520
530
520
530
530
520
520
530
530
520
530
530
520
530
530
520
530
530
520
530
520
530
530
530
520
530
530
520
530
520
530
520
520
530
530
520
530
520
520
520
510
530
520
520
540
540
540
540
540
540
530
540
520
520
520
520
520
520
520
520
520
520
520
520
520
520
520
520
520
510
510
520
520
530
520
540
540
540
530
550
530
530
540
550
540
540
540
540
540
540
540
540
540
540
540
540
540
540
540
530
540
540
540
550
530
540
540
540
540
540
540
540
530
540
540
530
530
540
540
540
540
540
540
540
540
530
510
520
520
520
520
360
540
330
530
540
540
540
540
540
540
540
400
450
530
520
520
410
330
320
460
530
520
530
520
520
530
520
520
520
530
520
520
520
530
520
500
330
320
320
330
320
470
320
330
320
320
330
410
520
520
520
520
530
520
520
520
520
520
530
520
520
520
530
450
330
320
320
330
400
520
530
520
530
520
520
520
510
520
