1.985813 2.109954
1.993492 2.115646
1.996396 2.128768
2.000952 2.157011
2.007689 2.194667
2.006857 2.245687
2.013552 2.307435
2.026099 2.383276
2.032323 2.473402
1.814429 2.290513
1.752143 2.340898
1.767183 2.459361
1.779978 2.607786
1.804310 2.758735
1.811253 2.913745
1.809695 2.960219
1.813272 3.045128
1.864411 3.202414
1.673513 2.885233
1.516654 2.667708
1.364487 2.306828
1.289759 2.006329
1.260808 1.692036
1.236649 1.512269
1.253758 1.417256
1.261223 1.395998
1.253291 1.440867
1.234199 1.560056
1.244133 1.734116
1.283178 1.919654
1.271270 1.976087
1.268527 2.055123
1.296826 2.171229
1.359936 2.337578
1.441661 2.458655
1.482084 2.561062
1.571536 2.666424
1.670611 2.899194
1.770891 3.148613
1.842607 3.453255
1.851612 3.648642
1.806909 3.766826
1.734986 3.707121
1.504390 3.249870
1.427767 2.883652
1.377146 2.662116
1.292888 2.395421
1.155031 2.189730
1.121085 1.933892
1.106522 1.717565
1.079929 1.532443
1.052701 1.485346
0.985477 1.525161
1.019455 1.670251
1.105692 1.906501
1.201484 2.166726
1.360084 2.414608
1.481921 2.681137
1.542009 2.855283
1.355523 2.876301
1.194352 2.734070
1.142670 2.528224
1.033308 2.391068
0.973648 2.110120
0.956817 1.827231
0.920806 1.618429
0.931639 1.548078
0.967850 1.528813
0.974281 1.544058
0.934181 1.536109
0.911768 1.598917
0.935087 1.675943
0.966567 1.706838
1.006353 1.821142
0.999947 1.943213
0.980767 1.923911
0.937677 1.998343
0.899319 2.104047
0.897860 2.173627
1.005425 2.187859
1.206687 2.204215
1.478996 2.256582
1.749677 2.304103
1.987960 2.393572
2.114551 2.471541
2.265360 2.589054
2.493734 2.697445
2.659050 2.778072
2.783675 2.862609
2.948207 2.919043
3.154685 3.013695
3.368870 3.063091
3.371503 3.146600
3.154249 2.987182
2.682989 2.803980
2.622650 2.703253
2.522881 2.519040
2.231302 2.358352
2.246682 2.294086
2.218654 2.233442
2.315250 2.220757
2.309717 2.128266
2.229762 2.097949
2.106700 2.123595
1.937501 2.088263
1.697031 1.933679
1.476356 1.722280
1.302359 1.565570
1.209171 1.465211
1.183288 1.422356
1.234686 1.375910
1.344820 1.386228
1.380077 1.425894
1.498005 1.472048
1.630719 1.534786
1.678637 1.530113
1.714380 1.480225
1.733178 1.491193
1.810388 1.524580
1.848415 1.529646
1.893198 1.527695
1.899373 1.475826
1.928087 1.447744
1.938526 1.443827
1.997397 1.438108
1.943786 1.411979
1.879192 1.405736
1.764612 1.358644
1.506145 1.229983
1.236298 1.205725
1.114603 1.161723
1.066424 1.150097
1.083000 1.148361
1.093247 1.108034
1.168928 1.128303
1.230027 1.136798
1.293830 1.085927
1.365395 1.090336
1.455858 1.084029
1.558742 1.093993
1.634028 1.097291
1.729359 1.073004
1.838700 1.083666
1.886976 1.090538
1.907155 1.038053
1.922670 1.036530
1.941361 1.057062
2.003349 1.070209
2.127894 1.073066
2.289659 1.119553
2.384141 1.240086
2.204556 1.277372
1.967742 1.351546
1.868385 1.433308
1.768347 1.483694
1.746767 1.536911
1.741703 1.617611
1.761944 1.764281
1.807079 1.892769
1.848130 2.081783
1.910202 2.283156
1.964299 2.470182
2.023096 2.661966
2.082465 2.879423
2.062766 2.986521
1.992826 3.034248
1.959938 3.212289
1.967583 3.422078
1.990888 3.655949
2.020254 3.902612
2.007048 4.123645
1.995622 4.129021
1.990994 4.094619
1.807478 3.784423
1.684756 3.394872
1.547591 3.098901
1.431911 2.896466
1.381827 2.687468
1.336625 2.575178
1.323684 2.460404
1.368145 2.397967
1.431792 2.330683
1.522071 2.312120
1.625161 2.344822
1.731733 2.390757
1.817803 2.486456
1.900401 2.608855
2.019813 2.777022
2.063099 2.951083
2.018397 2.989507
2.021187 2.937706
1.933623 2.801424
1.860732 2.670651
1.728448 2.483977
1.695478 2.456806
1.706463 2.605765
1.688712 2.845343
1.632990 2.932115
1.556419 2.924194
1.471286 2.533084
1.382135 1.803758
1.259820 1.418092
1.125147 1.261936
1.040486 1.141103
0.988879 1.116114
0.921877 1.082037
0.889511 1.102508
0.863230 1.152203
0.868634 1.233793
0.886843 1.349159
0.911834 1.460155
0.947089 1.610530
1.001871 1.795572
1.041433 1.984721
1.078890 2.172720
1.118359 2.353628
1.146626 2.569171
1.165953 2.748936
1.195647 2.970055
1.140444 2.917607
1.104687 3.011706
1.043990 2.925422
0.977990 2.756929
0.960365 2.736308
0.984275 2.837257
0.930186 2.764358
0.836119 2.681531
0.775913 2.627890
0.712615 2.436352
0.688820 2.210494
0.665905 1.975639
0.650415 1.855337
0.613081 1.739318
0.601309 1.657673
0.632784 1.685297
0.713984 1.751059
0.764612 1.744922
0.849623 1.770439
0.941765 1.846568
1.104965 1.951362
1.308290 2.084798
1.499340 2.208880
1.688722 2.362236
1.892933 2.425541
2.062837 2.440239
2.174145 2.508565
2.118482 2.442723
2.014001 2.387437
1.730546 2.291597
1.530119 2.051714
1.290520 1.874167
1.077934 1.512411
1.086530 1.328425
0.925319 1.145728
0.790928 1.017879
0.716992 0.974534
0.630312 0.955768
0.576164 0.993343
0.570563 1.122821
0.616209 1.250211
0.712432 1.428899
0.844548 1.630046
1.012229 1.874084
1.034200 1.965920
0.995968 1.983007
0.943973 2.014992
0.862530 1.991038
0.717502 1.929280
0.641057 2.031317
0.579301 2.125483
0.568103 2.250924
0.577971 2.370246
0.613405 2.423683
0.646278 2.425087
0.688041 2.480031
0.739942 2.619707
0.726553 2.714928
0.655576 2.799584
0.603238 2.727077
0.605691 2.586521
0.589719 2.273302
0.601463 2.016605
0.618709 1.758442
0.614431 1.509798
0.571206 1.370988
0.574940 1.280628
0.564560 1.179610
0.571630 1.136997
0.599651 1.115668
0.640222 1.140975
0.686442 1.208752
0.707879 1.244633
0.738738 1.290689
0.736418 1.288284
0.723902 1.319571
0.758492 1.244420
0.838202 1.353663
0.908771 1.492962
0.957497 1.606040
0.994513 1.707019
0.975537 1.776161
0.900225 1.760854
0.834273 1.748422
0.788604 1.701951
0.842751 1.645955
0.864320 1.499693
0.813436 1.337890
0.746864 1.210058
0.711402 1.175332
0.678480 1.179035
0.672180 1.230435
0.671655 1.312275
0.699326 1.426487
0.764168 1.549734
0.869540 1.699462
1.024455 1.804242
1.025615 1.832830
0.895778 1.833676
0.703409 1.794416
0.633541 1.774264
0.598401 1.762768
0.565325 1.738684
0.541718 1.800233
0.528857 1.875204
0.554224 1.987474
0.574772 1.910536
0.622575 1.843372
0.710438 1.558314
0.787171 1.327530
0.876617 1.227225
0.964072 1.139589
1.031904 1.141354
1.053210 1.128433
1.101605 1.101580
1.140100 1.112483
1.168709 1.101848
