0.151060
0.296846
0.529476
0.963901
1.378092
1.573318
1.743307
1.776549
1.763049
1.716604
1.872153
2.093745
2.283510
2.338595
2.389641
2.536281
2.793815
3.095778
3.307196
3.367404
3.375745
3.338850
3.310720
3.231248
3.033329
2.771411
2.555690
2.365481
2.213458
2.105010
1.990391
1.801582
1.542876
1.296786
1.122603
0.992944
0.864199
0.717331
0.562127
0.411009
0.303755
0.224662
0.225714
0.267701
0.335687
0.472206
0.651812
0.807237
0.954545
1.060860
1.181454
1.361842
1.551759
1.748520
1.903768
2.042473
2.200104
2.398169
2.605436
2.815645
2.997480
3.108608
3.102519
3.012510
2.867405
2.655866
2.426713
2.216626
2.060148
1.923211
1.804574
1.720236
1.605457
1.461987
1.337537
1.208653
1.174745
1.218279
1.192560
1.057071
0.906900
0.873787
0.915294
0.986459
1.091504
1.223701
1.339794
1.486416
1.626998
1.737989
1.962522
2.065851
2.250081
2.405108
2.564453
2.732302
2.844778
2.977966
3.121380
3.317205
3.528385
3.716129
3.845431
3.836186
3.774157
3.629987
3.501020
3.364685
3.216145
3.060017
2.871096
2.825845
2.799082
2.774001
2.755423
2.771341
2.771770
2.766605
2.753108
2.742822
2.731790
2.721021
2.718758
2.764105
2.775919
2.851497
2.939646
2.973230
2.900817
2.845344
2.827021
2.837352
2.876563
2.955517
3.062272
3.167368
3.330877
3.503193
3.631718
3.746607
3.883638
4.032967
4.132673
4.228977
4.372656
4.530608
4.672551
4.841365
5.115021
5.373707
5.637591
5.836959
5.973427
6.031135
6.053133
6.019722
5.982777
5.962547
5.950843
5.984602
6.006663
6.082696
6.179812
6.325340
6.527402
6.730804
6.916899
7.053358
7.215849
7.338666
7.423410
7.414589
7.286598
7.111911
6.982258
6.891852
6.841995
6.811046
6.826250
6.818026
6.779571
6.718005
6.611557
6.487947
6.363430
6.255115
6.173402
6.082254
5.957004
5.863575
5.734480
5.664056
5.580572
5.497457
5.437838
5.356568
5.200063
5.027652
4.837443
4.665961
4.542761
4.515903
4.523805
4.543024
4.608913
4.682033
4.759493
4.821340
4.851620
4.873394
4.911414
4.943756
4.976650
5.058052
5.164448
5.314508
5.470082
5.644147
5.846882
6.022316
6.196722
6.359150
6.538574
6.734618
6.939122
7.060466
7.012041
6.860489
6.705686
6.512093
6.267416
6.111074
5.955577
5.846976
5.761728
5.710126
5.637916
5.529392
5.412291
5.256185
5.106591
4.945283
4.798435
4.669053
4.539405
4.429634
4.309429
4.210398
4.084533
3.972707
3.781317
3.614596
3.515652
3.505311
3.546381
3.585927
3.614906
3.641457
3.684806
3.691222
3.736196
3.825368
3.951699
4.157619
4.404126
4.658107
4.932256
5.219844
5.486669
5.723186
5.969441
6.289193
6.620663
7.005763
7.373482
7.705827
7.923570
7.912881
7.697908
7.435152
7.121237
6.755305
6.330311
5.937603
5.599482
5.304924
5.050530
4.854133
4.671684
4.483152
4.255122
4.038428
3.824727
3.645353
3.465550
3.336176
3.178166
3.062646
2.985924
2.914919
2.853008
2.910492
3.040656
3.082957
3.107849
3.001575
2.980305
2.949355
2.846733
2.677986
2.445259
2.250691
2.107793
1.992858
1.968433
2.030600
2.275149
2.642460
3.065048
3.542700
3.938174
4.430087
4.945249
5.542000
6.103834
6.685488
7.136397
7.481390
7.809854
8.114123
8.465006
8.916971
9.262560
9.641910
10.034714
10.476253
