0.151389
0.342397
0.531893
0.718367
0.901140
1.082754
1.258941
1.431087
1.592938
1.582041
1.638844
1.635258
1.539097
1.395565
1.231265
1.081546
1.009310
0.892781
0.970492
1.017907
1.103779
1.071734
1.029992
0.964993
0.911081
0.838341
0.818726
0.758362
0.716844
0.710044
0.633614
0.622202
0.620297
0.612931
0.558496
0.436338
0.222564
0.057486
0.261643
0.455314
0.585244
0.656917
0.668295
0.722668
0.758527
0.815787
0.783758
0.696019
0.553526
0.369078
0.260290
0.319001
0.481623
0.666786
0.820008
0.991364
1.160255
1.265075
1.381019
1.519616
1.675754
1.768646
1.820187
1.804845
1.758506
1.665929
1.594384
1.538704
1.473935
1.454179
1.430338
1.399956
1.338143
1.279980
1.235677
1.137253
1.082448
1.112194
1.183902
1.277345
1.389736
1.528612
1.777030
2.070590
2.277349
2.549953
2.796147
2.997571
3.184817
3.373615
3.625978
3.807431
3.942266
4.014683
4.105495
4.173773
4.280316
4.399185
4.440307
4.477337
4.593689
4.655207
4.714241
4.621570
4.482875
4.338426
4.187226
4.013587
3.855731
3.729613
3.601454
3.458956
3.328752
3.218435
3.130725
2.984501
2.964431
2.938535
2.906035
2.958100
2.987790
3.065503
3.125419
3.232378
3.340820
3.434136
3.485228
3.423859
3.325341
3.211130
3.105833
2.999168
2.929723
2.843050
2.746581
2.645183
2.515502
2.398548
2.250189
2.101359
2.006447
1.972108
1.950679
1.894255
1.916404
1.831158
1.923323
1.984187
2.027151
2.227640
2.371109
2.450426
2.608518
2.635503
2.660605
2.518797
2.386191
2.277035
2.369018
2.667341
3.077922
3.571844
3.929419
4.162028
4.342428
4.369038
4.360882
4.340515
4.379944
4.447697
4.603910
4.710880
4.735376
4.748700
4.733957
4.644821
4.477682
4.193716
3.953587
3.703807
3.582093
3.557383
3.531495
3.596959
3.738854
3.899835
3.993402
4.016933
3.842061
3.481913
3.043031
2.699483
2.505842
2.294706
2.103453
1.975377
2.082925
2.582155
3.115435
3.613184
4.097849
4.273629
4.306930
4.184790
3.931807
3.698272
3.484752
3.295609
3.116888
2.983219
3.017045
3.197005
3.508378
3.871623
4.179054
4.424603
4.605488
4.789257
4.958540
5.134693
5.370197
5.642618
5.895579
6.138081
6.375624
6.561088
6.735256
6.778804
6.699250
6.466102
6.224135
5.921594
5.615544
5.347359
5.105720
4.904076
4.761413
4.645835
4.546119
4.446326
4.372922
4.279287
4.105234
3.852847
3.583774
3.316884
3.119678
2.984748
2.892261
2.956374
3.212680
3.481618
3.663025
3.651967
3.590460
3.564923
3.507481
3.468424
3.460169
3.525947
3.669532
3.948181
4.302413
4.619722
4.921175
5.215314
5.419903
5.600828
5.802130
6.090983
6.461265
6.835826
7.198107
7.492188
7.774473
8.024889
8.236622
8.416083
8.462554
8.329104
8.113262
7.885395
7.547354
7.220921
6.937581
6.668772
6.418372
6.155222
5.903884
5.675021
5.478300
5.274516
5.066757
4.826169
4.547379
4.268180
4.025178
3.745291
3.494338
3.229845
2.955279
2.684056
2.463938
2.418687
2.595648
2.833623
3.008627
3.115190
3.246625
3.405578
3.566591
3.742787
3.928111
4.169039
4.520502
4.886488
5.179063
5.494870
5.807880
6.152485
6.455338
6.735786
7.043563
7.392950
7.784446
8.187945
8.374139
8.323596
8.180104
8.090714
8.045114
8.010574
8.047660
8.020654
8.011325
8.005985
