0.221287
0.331876
0.517656
0.587779
0.604048
0.673238
0.645882
0.622018
0.737375
0.832233
1.117378
1.247186
1.471497
1.831612
1.777353
1.356848
0.648669
0.787236
1.696990
2.303527
2.333954
2.855607
3.313678
3.668295
4.018017
4.658909
5.155411
5.847650
6.367883
6.856264
7.360242
7.902587
8.327620
9.043776
9.517512
10.078166
10.392546
10.881526
11.296078
11.696407
12.348331
12.825386
13.392279
13.721277
14.017912
14.014639
14.068405
14.094143
14.138123
14.169965
14.149991
14.323666
14.300722
13.796284
13.376871
12.883302
12.255697
11.864258
11.469410
11.215705
10.564160
10.187664
9.980251
9.376846
9.008447
8.780547
8.275618
7.942908
7.396254
6.994656
6.807900
6.488141
6.279661
6.152813
5.845371
5.505064
5.309573
4.989825
4.116221
3.875280
3.911460
4.044984
3.633345
3.931206
4.460635
5.559162
5.975561
6.228418
6.426912
6.732294
7.061441
7.720362
8.068356
8.401907
8.861221
9.458354
9.796502
10.235357
10.966970
11.226039
11.944213
12.355942
12.708232
13.007388
13.604303
13.765269
14.086094
14.571006
14.898976
15.240766
15.433391
15.324745
15.409293
15.269936
15.208861
15.037777
15.067578
15.157092
15.266023
15.216842
15.318043
14.514674
14.120829
13.635512
13.362416
12.876310
12.483263
12.011470
11.352751
10.989273
10.622555
9.996723
9.610852
9.114069
8.729614
8.277179
7.963357
7.549828
7.130443
6.912548
6.609979
6.204302
5.870484
5.534405
5.274501
5.088930
4.726931
3.928973
3.362726
3.190876
3.554886
3.741539
4.250016
4.737935
4.952533
5.301639
5.697166
5.876980
6.207906
6.541885
7.049763
7.366963
7.719468
8.192274
8.575767
8.919680
9.099172
9.708471
10.073299
10.778561
11.133181
10.928919
10.984893
11.316178
11.620448
12.262951
12.755479
13.317484
13.729038
13.986737
13.712806
13.661307
13.557389
13.483740
13.415134
13.452746
13.432613
13.472809
13.658576
13.650850
13.672620
13.959557
14.180304
14.614863
14.983185
15.378349
15.950510
16.409219
16.732917
17.161462
17.411624
17.953305
18.662727
19.198313
19.164279
19.419796
19.092794
18.616598
17.958170
17.566566
17.236487
16.510293
16.118895
16.009317
15.846607
15.734865
15.397324
15.329036
15.249265
15.105829
15.075593
15.346000
15.279848
14.831720
13.819109
13.753751
13.860944
13.934619
14.000758
13.889948
14.126923
14.973113
15.703344
16.391344
16.881680
17.375555
17.752210
17.913626
18.242278
18.347105
18.504015
18.862403
19.091677
19.156935
19.225667
19.518898
19.744645
20.392971
21.067501
21.507649
22.001932
22.631261
22.896134
22.605281
22.387005
21.814895
21.652787
21.341667
20.430138
19.924626
19.170820
19.045866
19.050822
18.936908
18.894208
18.719482
18.435713
18.302565
18.098033
17.850861
17.701238
17.615141
17.730192
17.667043
17.321513
17.495318
17.655732
17.748486
17.944080
18.172264
18.237046
18.143891
18.172821
18.346152
18.532520
18.812140
19.054204
19.229436
19.714375
20.197091
20.859735
21.137945
21.658440
21.677611
22.346597
22.728204
23.041655
23.308177
23.293040
23.308785
22.647508
22.212698
22.026872
21.382301
21.557390
21.508660
20.869562
20.523221
20.243052
20.063306
19.780646
19.492277
19.456373
19.096326
18.848734
18.528698
18.228859
18.066088
17.983801
18.016879
17.909622
17.606700
17.325990
17.476723
17.537352
17.530943
17.647982
17.678027
17.814129
18.031054
18.193673
18.357080
18.546687
18.657310
18.678138
19.049299
19.662332
19.898450
20.241583
20.397453
20.808516
21.289196
20.710706
20.305234
19.498017
18.985229
18.638927
18.263705
18.165747
18.214403
18.340976
18.875693
18.958970
19.314233
19.477865
19.830837
19.761852
19.746654
19.743965
19.913244
20.300948
20.454572
21.046438
21.110004
21.461560
21.778172
22.297598
22.286014
22.298696
22.701604
23.302504
23.612354
24.236151
24.662286
25.257874
25.729845
26.251159
26.976389
27.357866
27.637316
27.944462
28.046171
28.494376
28.346471
28.161715
27.725987
27.266627
27.368706
27.301188
27.203156
26.549006
26.121057
25.731795
25.290735
24.656313
24.259576
23.905315
23.351563
23.008766
22.533137
21.959736
21.630183
21.896798
21.935322
21.922368
21.940797
22.109681
21.756643
21.410676
21.041901
20.604343
20.410898
19.964447
19.607198
19.410353
19.311967
19.292397
19.216703
19.191973
19.321852
19.824341
19.762765
20.057913
20.313527
20.719474
21.101161
20.594408
20.150734
19.524325
19.212307
19.075395
18.994521
19.012977
18.857208
18.794177
18.789214
18.967833
19.520446
19.827424
20.173532
20.507741
21.057982
21.205117
21.737818
22.181340
22.522568
22.827607
23.440342
23.861384
24.503322
25.173202
25.816171
26.318937
26.916630
27.567271
28.116689
28.378879
28.538123
28.516933
28.454903
28.554802
28.626633
28.266801
27.302593
27.149142
26.973373
26.381936
25.543505
24.945194
24.573251
23.789168
23.303306
22.474715
22.130876
21.699545
21.755531
21.578233
21.068839
20.680247
20.329172
19.862356
19.376180
18.769853
18.360072
18.057362
17.718496
17.494777
17.113957
16.832904
16.478413
16.306484
16.358022
16.820980
16.778350
16.644190
17.023577
17.453872
17.913080
18.265009
18.138166
17.564832
17.107679
16.989023
16.817455
16.723615
16.443711
16.391935
16.374440
16.554866
16.947809
17.169370
17.440012
17.727097
17.969040
17.878248
17.822272
18.094278
18.336389
18.654732
19.002024
19.328924
19.930331
20.252336
20.596999
21.055277
21.413176
21.946727
22.687394
23.207824
23.918728
24.339589
24.936762
25.446002
25.500122
24.934004
24.770232
24.355605
24.231416
23.503779
22.957878
22.100099
21.594312
21.230968
20.474620
20.028404
19.704716
19.363131
18.984379
18.676565
18.287010
17.850745
17.575911
17.285354
16.883393
16.598128
16.303178
16.064598
15.748506
15.513100
15.151686
14.937796
