0.226333
0.312122
0.421110
0.465427
0.500427
0.586278
0.609701
0.616825
0.884237
1.017988
1.299526
1.464240
1.741453
2.133003
2.202850
2.177392
2.029846
2.127463
2.181685
1.643792
1.282774
0.751235
0.437887
0.399008
0.664356
1.203492
1.589404
2.115427
2.484577
2.869872
3.389108
3.812797
4.213209
4.803450
5.169450
5.719300
6.101638
6.635398
6.957494
7.299458
7.826938
8.159864
8.721782
9.093796
9.322104
9.136012
9.121263
9.251290
9.316089
9.163016
9.059044
8.962852
8.921235
8.157846
7.689573
7.053085
6.465146
6.057563
5.635287
5.274492
4.654831
4.188286
3.811710
3.265895
2.802258
2.391605
1.792167
1.571977
1.509351
1.767233
1.941076
2.409268
2.741390
2.873175
3.311924
3.569177
3.781549
4.284624
4.437975
4.361525
3.943654
3.468095
4.053121
4.466154
4.585289
3.980990
3.658645
3.346512
3.077864
2.860240
2.547191
2.137114
2.196744
2.266120
2.298618
2.569176
2.711455
2.822052
3.256089
3.539177
4.036520
4.359222
4.679423
4.966819
5.323808
5.632766
5.912901
6.416756
6.826126
7.368784
7.568843
7.568744
7.527385
7.583176
7.963159
7.997563
7.926064
7.956130
7.964084
8.050879
8.060359
7.353232
6.949051
6.566460
6.231744
5.533129
4.964285
4.546624
3.991855
3.706474
3.360415
2.908783
2.592445
2.308011
2.099591
2.065812
2.294984
2.475336
2.763068
2.898080
3.110969
3.508916
3.766041
3.900388
4.348084
4.641988
4.727038
4.644607
4.074701
3.462857
2.877136
3.426891
3.605114
3.064535
2.683776
2.431035
2.466935
2.612792
2.840056
3.008346
3.261197
3.332091
3.552853
4.066449
4.347915
4.768238
4.912552
5.237385
5.602008
6.156019
6.658026
6.814600
7.042292
7.510255
7.855425
8.514498
8.957693
9.941527
10.664637
10.815588
10.627778
10.458852
10.366313
10.326518
10.449841
11.266668
12.040611
13.697852
14.830889
15.661074
16.255168
16.873813
16.846283
16.999945
17.052113
17.090001
17.896883
19.147961
20.232166
21.206914
21.540074
22.152242
22.515726
22.726969
22.623989
23.049441
23.324300
22.979423
22.436875
21.958812
21.479714
20.508035
19.432454
18.506418
17.596237
16.542713
15.483055
15.080725
14.698247
14.154821
14.091456
14.198070
14.407596
13.854316
12.775971
12.545283
12.471425
12.324609
12.503864
12.561481
14.034054
15.450346
16.536228
17.410229
18.020326
18.526068
18.954873
19.184339
19.487644
19.483803
19.531411
19.884124
20.561300
20.830683
21.188264
21.897681
22.560892
23.372165
24.067427
24.524117
25.221606
25.140767
24.359130
22.998034
21.928641
20.761527
19.637765
18.760272
17.475733
16.380987
14.967043
14.163661
13.554221
13.245620
13.088019
12.973242
12.569662
12.659747
12.777743
12.806828
13.034866
13.345438
13.706177
13.905681
13.803828
14.300203
14.743286
15.211462
15.516487
15.953484
16.366022
16.451579
16.598993
16.698207
16.703069
16.762229
16.899856
17.397561
18.287029
19.084707
19.936652
20.488725
21.203972
21.495955
21.881103
22.380915
21.707581
21.218169
21.271425
21.533768
20.841824
20.579467
20.037255
19.065034
18.869193
18.757859
18.044046
17.509886
17.394487
17.536210
17.559049
17.451641
17.384272
17.202906
17.261381
17.210943
17.015630
16.848675
16.746956
16.684068
16.841359
16.894523
17.339772
18.347972
19.070462
19.782804
20.232763
20.499127
20.651855
20.857047
20.859741
20.766294
20.892019
21.279705
21.707209
22.251795
23.809902
24.984964
26.557754
27.771654
29.235233
30.523488
30.618689
30.130027
29.708614
29.482527
29.302404
29.030359
28.813813
28.672919
28.826229
29.541905
30.171100
31.113324
32.011059
32.987427
33.319169
33.492708
33.766769
34.388884
35.110025
35.579301
36.366761
36.472637
37.144589
37.753067
38.427150
38.622271
38.906189
39.528222
40.293867
41.175048
42.226087
43.071372
44.255264
45.112338
46.654601
47.908901
49.056319
49.919348
50.444778
51.011963
51.698428
51.455299
51.288312
50.738235
50.177372
49.988349
49.738999
49.535671
48.550500
47.798153
47.017263
46.156225
44.968664
43.892356
42.589615
41.204032
39.731184
38.318337
36.948760
35.829411
35.517891
35.251099
34.938367
34.784918
34.811930
34.250965
33.724539
33.249933
32.577262
31.911938
31.356542
30.868700
29.846400
29.006940
28.288338
27.220427
26.269738
26.052240
26.180572
26.144104
26.461740
26.701696
27.165127
27.485031
26.390878
25.418901
24.636994
24.245108
24.159987
24.172063
23.812651
23.464725
23.229679
23.133631
23.076395
23.403686
23.536907
23.603488
23.910766
24.613351
25.032548
27.222146
29.212842
30.560372
31.288022
33.147567
34.546491
35.958384
37.154600
38.860594
40.532432
42.047351
43.473454
44.747012
45.564769
46.113458
46.509850
46.792722
47.244209
48.010563
48.325757
48.083040
48.323605
48.627123
48.414065
47.970820
47.470633
47.148156
46.617707
46.287372
45.521859
44.870502
43.871990
43.415267
42.904733
41.812026
40.706257
39.589689
38.532191
38.032779
37.235723
36.218578
35.331171
34.529989
33.785641
33.068252
32.876703
32.709607
32.388977
32.014783
31.885500
31.905743
31.809415
31.780788
31.817561
31.783041
31.840712
31.526633
30.711668
30.036109
29.974830
29.494345
29.139790
28.817315
28.802347
28.608880
29.168150
29.873362
30.260544
31.045585
31.906331
32.751261
33.361164
33.783199
34.649755
35.580834
36.663016
37.779677
38.815335
39.899435
40.722967
41.569855
42.631868
43.619757
44.587879
45.863095
46.737338
47.764515
48.656989
49.519231
50.163890
50.102295
49.484990
49.352943
48.641402
48.199343
47.558523
47.105537
46.336024
45.778318
45.493504
44.476536
43.694683
42.787005
41.611434
40.477957
39.271931
38.067795
36.715867
35.731787
34.856784
33.901991
33.006065
32.020137
31.112690
29.991389
29.242307
27.107692
24.927223
