180
270
370
570
830
670
710
800
890
980
1080
1110
1110
1110
1400
1710
1540
1090
1080
1080
1490
1700
1710
1280
1080
1080
1110
1100
1090
1200
710
1070
1090
1090
1120
1220
1090
1080
1080
1080
1100
1090
1090
1100
1080
1110
1080
1090
1610
1110
1110
1100
1090
1100
1080
1110
1110
1120
1120
1120
1120
1110
1090
1100
1100
1640
1290
1080
1090
1100
1090
1080
1150
1600
1080
1080
1110
1090
1090
1090
1090
1100
1090
1090
1090
1090
1100
1080
1080
1090
1120
1080
1100
1090
1090
1090
1080
1090
1080
1110
1090
1100
1110
1270
1320
1090
1080
1090
1090
1360
1380
1100
1410
1700
1580
1090
1090
1100
1100
1100
1100
1080
1110
1090
1090
1110
1130
1080
1080
1090
1090
1080
1080
1090
1090
1090
1100
1110
1590
1130
1450
1080
1080
1120
1080
1100
1090
1080
1110
1120
1120
1110
1100
1090
1090
1080
1090
1090
1100
1080
1080
1080
1080
1090
1080
1080
1080
1080
1110
1120
1120
1120
1110
1080
1080
1110
1080
1080
1080
1090
1110
1120
1100
1080
1090
1110
1080
1410
1710
1700
1720
1420
1090
1080
1090
1110
1100
1120
1080
1100
1100
1090
1080
1100
1090
1090
1090
1100
1080
1080
1090
1110
1120
1130
1120
1120
1120
1120
1100
1100
1140
1130
1130
1140
1130
1130
1120
1130
1130
1130
1140
1140
1130
1140
1280
1500
1130
1130
1200
1220
1730
1720
1200
1100
1130
1130
1140
1120
1130
1130
1130
1110
1120
1130
1120
1110
1110
1090
1120
1120
1120
1140
1130
1370
1130
1100
1100
1710
1710
1700
1710
1710
1700
1710
1700
1710
1710
1700
1220
1100
1100
1120
1090
1090
1480
1710
1700
1110
1090
1100
1100
1080
1090
1080
1090
1080
1080
1080
1080
1080
1090
1080
1090
1090
1080
1090
1080
1090
1080
1090
1090
1080
1090
1090
1090
1080
1090
1080
1090
1080
1090
1080
1090
1080
1080
1090
1080
1090
1080
1080
1090
1080
1080
1080
1080
1080
1090
1080
1080
1080
1080
1080
1080
1080
1080
1080
1080
1080
1080
1080
1090
1080
1080
1090
1090
1110
1080
1090
1080
1090
1090
1090
1090
1090
1080
1090
1090
1090
1080
1080
1090
1090
1100
1110
1090
1080
1100
1160
1710
1710
1530
1120
1100
1130
1080
1120
1080
1090
1090
1080
1090
1090
1100
1090
1090
1100
1100
1110
1090
1080
1100
1100
1120
1130
1110
1110
1110
1130
1090
1110
1130
1120
1120
1090
1180
1610
1110
1100
1250
1700
1620
1080
1090
1090
1100
1080
1080
1090
1120
1080
1090
1090
1080
1090
1080
1080
1080
1090
1080
1090
1090
1080
1090
1120
1080
1090
1090
1080
1090
1090
1160
1630
1520
1500
1080
1080
1080
1080
1080
1090
1080
1090
1080
1090
1080
1080
1090
1340
1620
1710
1680
1610
1120
1170
1710
1720
1070
1120
1080
1080
1090
1080
1080
1080
1080
1080
1110
1130
1100
1080
1080
1100
1090
1230
1270
1090
1090
1120
1110
1080
1100
1080
1080
1080
1080
1080
1080
1080
1080
1080
1090
1080
1080
1090
1080
1080
1080
1080
1080
1080
1090
1080
1080
1090
1080
1080
1090
1080
1090
1080
1090
1080
1080
1090
1080
1080
1080
1080
1090
1080
1080
1120
1080
1090
1340
1080
1080
1120
1080
910
1120
1110
1080
1090
1200
1700
1470
1080
1090
1150
1090
