2.099925 2.043800
1.985368 1.992779
1.935657 1.980073
1.871360 2.010142
1.823869 2.051917
1.761057 2.116352
1.669638 2.105484
1.664195 2.099157
1.595473 2.073799
1.552094 2.116192
1.554854 2.161598
1.604688 2.256604
1.626601 2.273453
1.715244 2.386971
1.774958 2.451703
2.197806 2.965786
2.800527 3.696622
3.269881 4.226673
3.427763 4.361043
3.559265 4.471800
3.564529 4.379163
3.527251 4.154253
3.478692 4.020913
3.352015 3.801197
3.254280 3.675479
3.221564 3.582344
3.222509 3.373543
3.456741 3.555008
3.694793 3.671591
3.872339 3.786737
4.066083 3.924645
4.077040 3.971065
4.076249 4.024212
4.154918 4.078869
4.178279 4.106691
4.115764 4.129284
4.127312 4.085688
4.100265 4.144218
4.205670 4.114737
4.190708 4.146820
4.218063 4.215294
4.316895 4.279671
4.386239 4.285011
4.459581 4.362312
4.555601 4.323046
4.524491 4.295380
4.555994 4.276714
4.594486 4.326204
4.676593 4.363657
4.734558 4.698409
4.992289 4.963814
5.011314 5.148729
5.039714 5.117323
4.978828 5.109834
4.912253 5.049500
4.925025 4.984882
5.006466 5.070122
5.076664 5.146471
5.243930 5.273263
5.428862 5.447071
5.728119 5.654257
5.841910 5.777551
5.893224 5.835872
6.048517 6.013475
6.146259 6.159057
6.180977 6.243328
6.113736 6.231788
5.980152 6.058023
5.813705 6.102199
5.580113 5.841132
5.360230 5.750022
4.932361 5.591787
4.671027 5.300009
4.417085 5.129220
4.259641 4.907847
4.203957 4.754506
4.213080 4.721990
4.384882 4.809830
4.658272 5.057170
4.805831 5.175407
4.937347 5.206026
5.128281 5.310360
5.246061 5.443700
5.168918 5.328083
5.016034 5.285483
4.753514 5.157758
4.597173 4.941565
4.467103 4.904616
4.430400 4.834079
4.375796 4.796541
4.344880 4.786519
4.262604 4.820272
4.274842 4.645665
4.129960 4.495473
4.129179 4.481964
4.002760 4.434130
4.008954 4.503096
4.074210 4.503133
4.216975 4.657661
4.400014 4.837119
4.555320 4.977753
4.627324 4.992558
4.677544 5.007094
4.715781 4.937631
4.745945 4.866145
4.764001 4.878235
5.002133 5.088197
5.241268 5.285337
5.512908 5.490087
5.738328 5.668009
5.864246 5.705595
5.672739 5.617280
5.623633 5.360726
5.604111 5.217274
5.546092 5.171435
5.443789 5.155024
5.429662 5.206126
5.455397 5.386766
5.476193 5.445074
5.468808 5.401497
5.387905 5.383873
5.435073 5.378499
5.327221 5.160371
5.333858 5.102157
5.175189 4.924477
5.032658 4.901264
4.900589 4.806095
4.989302 4.867753
5.009107 4.813807
5.186587 4.975632
5.351856 5.139226
5.419779 5.135176
5.495267 5.160514
5.377665 5.012597
5.372882 5.052266
5.396149 5.137442
5.496513 5.184021
5.676128 5.274139
6.041167 5.647914
6.557572 6.165294
7.087176 6.595957
7.369715 6.809437
7.494017 6.810341
7.615618 6.940417
7.713544 6.957415
7.764084 6.854085
7.764506 6.667445
7.720908 6.560681
7.632119 6.467505
7.497898 6.228219
7.320070 6.167756
7.139323 5.916210
6.774409 5.521058
6.498985 5.222576
6.186463 4.907396
6.038703 4.748643
5.990304 4.619534
5.801326 4.584320
5.761871 4.591946
5.823673 4.656504
5.813027 4.620142
5.723185 4.686819
5.579659 4.549184
5.429181 4.459897
5.388090 4.454175
5.327714 4.407849
5.150653 4.334834
5.017353 4.365155
5.063172 4.285844
4.875214 4.383966
4.753017 4.286844
4.650747 4.144707
4.423396 3.948708
4.197462 3.565070
3.836752 3.350411
3.614849 3.278818
3.373439 3.121711
3.374696 3.166554
3.235469 3.138145
3.044359 3.177202
3.058100 3.134544
3.099944 3.119314
3.207635 3.081409
3.258637 3.191991
3.158784 3.132263
3.373452 3.353081
3.647934 3.638980
3.815602 3.810630
3.768028 3.845415
3.788128 3.839034
3.710040 3.809784
3.677106 3.830992
3.868191 4.019533
4.400642 4.453024
5.112311 4.934136
5.860447 5.505251
6.658685 6.137557
7.494267 6.575679
8.106098 6.878015
8.619619 7.056581
8.825011 7.048212
9.094173 6.610837
9.196223 6.129790
9.390733 5.660358
9.395065 5.541945
9.559359 5.837119
9.738521 5.953717
9.953397 6.272596
10.243203 6.515667
10.466435 6.765398
10.626309 7.048852
10.741752 7.103465
10.749288 6.997244
10.692979 6.857287
10.621136 6.529536
10.560592 6.356735
10.623349 6.198067
10.529862 6.214469
10.487200 6.214191
10.566262 6.306279
10.413070 6.266894
10.213850 6.169046
10.204763 6.227421
10.102285 6.173021
9.963247 6.144014
9.920982 5.841541
9.931190 5.666092
9.702255 5.432190
9.707620 5.213512
9.554432 5.106696
9.516270 5.228294
9.047020 4.762777
8.687283 4.320736
8.359013 3.855197
7.969360 3.655987
7.747724 3.523168
7.363059 3.513006
7.260635 3.629956
7.199912 3.794423
7.285345 4.172068
7.617292 4.486617
7.756550 4.757773
7.991604 5.176830
7.959709 5.377222
7.865271 5.539301
7.840723 5.611693
7.675950 5.592870
7.275078 5.577245
7.090836 5.588313
6.770685 5.604543
6.630379 5.472399
6.327283 5.454404
6.101355 5.299016
6.020941 5.292863
6.049912 5.371186
6.036433 5.398565
5.835004 5.270750
5.461248 5.122839
5.250816 4.979501
4.936755 4.856703
4.940301 4.839810
4.633161 4.611206
4.523518 4.503121
4.427866 4.465146
4.418232 4.289782
4.260834 4.235249
3.978102 4.260194
3.987897 4.269169
4.017575 4.377704
4.079105 4.445348
4.293785 4.691247
4.338038 4.674844
4.283139 4.566596
4.015263 4.477287
3.640295 4.166717
3.629338 4.130520
3.612077 4.106522
3.473441 3.894479
3.252725 3.658559
3.165933 3.541372
3.138872 3.468614
3.159493 3.473619
3.151409 3.580792
3.332821 3.790362
3.666260 4.234243
3.899991 4.511650
4.353557 5.035387
4.992110 5.586577
5.564237 6.201590
6.142209 6.661572
6.399752 6.850205
6.577667 6.986243
6.669057 7.117035
6.889190 7.301138
6.781630 7.288697
6.753939 7.226906
6.758281 7.285541
6.900185 7.509396
7.577556 8.126112
8.113821 8.368548
8.383642 8.530447
8.450862 8.486381
8.375726 8.427646
8.233002 8.243793
7.948604 7.998135
7.782270 7.758192
7.438071 7.522981
7.077264 7.058237
6.826329 6.687348
6.579132 6.409522
6.224560 6.281876
5.750454 5.773379
5.249399 5.174880
4.427923 4.752794
4.021017 4.233483
3.696318 3.755267
3.565676 3.390585
3.313492 3.178863
3.180766 2.918913
2.976018 2.811453
2.972078 2.788296
2.599658 2.633427
2.538615 2.406227
2.426057 2.320686
2.384599 2.237922
2.283183 2.116260
2.366578 2.235187
2.404301 2.356196
2.548538 2.462082
2.694131 2.587969
2.873913 2.859457
3.099432 3.158229
3.511320 3.537248
3.999431 4.036866
4.510719 4.455339
4.987205 4.811514
5.481825 5.126035
5.902058 5.408159
6.437850 5.509572
6.932241 5.654482
7.387307 5.862417
7.780795 5.999508
7.763930 5.887490
7.586847 5.900193
7.516176 5.785408
7.380259 5.639138
7.101041 5.531888
6.965556 5.398018
7.059702 5.480751
7.127246 5.573265
7.127986 5.652234
7.093600 5.570585
7.108280 5.480076
7.201125 5.579891
7.254692 5.533065
7.144773 5.537476
7.014273 5.338410
6.934716 5.060720
6.812976 4.984184
6.745585 4.874812
6.738813 4.855512
6.479031 4.703729
6.375307 4.715576
6.232834 4.582487
5.974378 4.532595
5.766364 4.422362
5.648564 4.435099
5.553846 4.250005
5.282913 4.065094
5.183683 3.987885
5.113093 3.978381
4.981156 3.904756
4.995977 3.941597
5.098634 4.081468
5.248581 4.277139
5.500711 4.537855
5.779676 4.951156
5.880282 5.314343
5.899591 5.579091
5.714697 5.655484
5.415171 5.889560
5.109267 5.814418
4.584438 5.542265
4.114925 5.142025
3.852693 4.889302
3.705971 4.548931
3.608973 4.404330
3.600212 4.301184
3.494121 4.175824
3.399519 3.997896
3.347991 3.831507
3.225053 3.759067
3.094210 3.596934
2.992623 3.521745
3.103441 3.612387
3.183835 3.739756
3.363763 3.926403
3.743021 4.180896
4.005782 4.384097
4.247245 4.576378
4.402947 4.730371
4.585038 4.864952
4.338195 4.687166
4.189562 4.551271
3.881342 4.389835
3.736707 4.336879
3.694672 4.235766
3.470763 4.007971
3.345273 3.987822
3.281260 3.891244
3.267550 3.874072
3.257824 3.781100
3.283587 3.682151
3.326620 3.677822
3.445203 3.785235
3.609394 3.901901
3.805078 4.076606
4.214747 4.470657
4.602862 4.742325
4.840162 4.884352
4.992107 4.822089
4.887640 4.772445
4.669810 4.553069
4.386727 4.333095
4.260107 4.138952
4.148999 4.012851
4.280385 4.066131
4.224878 4.013280
4.201480 4.024177
4.128316 3.958596
4.176317 3.963022
3.955731 3.901665
3.860263 3.779620
3.760795 3.571436
3.588585 3.361010
3.390538 3.311336
3.344444 3.274632
3.367072 3.232992
3.368339 3.195087
3.313797 3.147841
3.372420 3.221535
3.440533 3.297043
3.476288 3.377742
3.668401 3.563826
3.861253 3.750622
3.987060 3.821676
4.190992 3.960215
4.320630 4.108268
4.507028 4.143862
4.596888 4.276050
4.733711 4.357192
5.014208 4.567036
5.359191 4.864819
5.676107 5.250925
6.133256 5.650226
6.522825 6.023090
6.901528 6.224683
7.220890 6.469566
7.499717 6.676272
7.814190 6.766363
7.859432 7.017330
7.548724 6.872287
7.214839 6.594375
6.774886 6.103955
6.392600 5.625447
5.774202 5.295713
5.362515 5.055599
4.889698 4.813846
4.397017 4.579613
4.013601 4.382379
3.703135 4.210884
3.221961 3.881379
3.084529 3.693530
2.902445 3.467457
2.881356 3.431683
2.831234 3.504236
2.796916 3.543000
2.814920 3.497685
2.945091 3.604450
3.130863 3.719677
3.250468 3.684683
3.209342 3.499806
3.095749 3.324234
3.113947 3.369421
3.115953 3.362829
3.134009 3.300776
3.204095 3.354761
3.199697 3.361102
3.270820 3.408596
3.352575 3.491583
3.422265 3.577549
3.517727 3.526653
3.539579 3.492184
3.657772 3.501617
3.624327 3.431448
3.300100 3.207235
3.203398 3.116574
3.202762 3.066381
3.174788 3.096111
3.044975 3.043575
3.092109 3.144001
3.100723 3.215944
3.044917 3.212458
2.983852 3.228724
2.877484 3.186618
2.829077 3.182029
2.850693 3.207855
2.802205 3.234906
2.760707 3.219911
2.799016 3.154118
2.796387 3.183685
2.811489 3.170746
2.914415 3.151941
2.918994 3.178761
2.954051 3.176834
2.960453 3.142797
2.979315 3.085113
3.109617 3.218270
3.336561 3.416369
3.621199 3.627533
3.931282 3.846361
4.154055 4.018440
4.315250 4.184980
4.504035 4.233970
4.584552 4.249112
4.716612 4.268779
4.832055 4.400979
5.239336 4.749399
5.535147 4.971406
5.855322 5.239551
6.181205 5.440286
6.455831 5.479995
6.525312 5.381002
6.325623 5.174186
5.962797 4.806532
5.683202 4.660199
5.246437 4.379586
5.019357 4.124231
4.733891 3.856932
4.400525 3.722671
4.160668 3.564519
3.603199 3.317538
3.130061 3.147699
2.911393 3.008149
2.744962 2.944081
2.609227 2.955327
2.656574 3.054818
2.739251 3.208359
2.997584 3.506178
3.248933 3.746192
3.425773 3.912607
3.468762 4.087772
3.593011 4.258027
3.569622 4.375815
3.713536 4.584837
3.912792 4.831160
4.014646 5.001629
4.099607 5.253843
4.304410 5.355235
4.898452 5.929987
5.393585 6.470235
