40
6450
5770
6040
6090
6260
6630
6470
6540
6710
4000
5710
5780
6510
6050
6180
6370
6480
6630
6840
4060
5750
5860
5950
6140
6480
6360
6780
5880
7560
4960
5810
5800
6610
6760
6480
6380
6530
6630
6760
4030
5750
5830
5980
6120
6240
6300
6470
6590
6950
4900
6340
6490
6670
6270
6230
6830
7200
7290
7090
4900
5920
6100
6000
6120
6310
6340
6450
6880
6870
4770
5820
5900
6030
6050
6770
6320
6440
6580
6770
4460
5700
5870
5970
6040
6190
6290
6850
6650
6750
4610
5830
5860
6050
6300
6340
6470
6550
6980
6940
4190
5860
5910
6100
6150
6260
6330
6820
6990
6860
4200
6060
6000
6160
6170
6320
6630
7190
6720
7070
4160
5720
6150
6200
6200
6400
6400
6520
6650
6840
4690
6000
6100
6180
6390
6750
6450
6950
6950
6990
4200
5830
5990
6170
6420
6350
6660
6760
6870
6910
4370
6120
6020
6150
6180
6350
6490
6790
6840
6970
4480
5770
5910
6140
6160
6750
6480
6650
6930
6930
4290
5900
5910
5910
6220
6260
6400
6560
6690
6820
4150
5720
5960
6050
6180
6250
6360
6580
6870
6880
4250
5810
5910
6310
6040
6200
6690
6590
6710
6760
4340
5970
5880
6010
6310
6650
6380
6500
6670
6770
4080
5780
6130
6560
6320
6440
6540
6770
6660
7180
4080
5790
5870
5930
6100
6250
6310
6540
7390
7310
4080
5740
5830
5970
6080
6200
6330
6470
6600
6780
4350
5740
5800
6480
6210
6380
6430
6580
6750
6750
4110
5730
5850
6070
6440
6340
6730
6430
6610
6700
4120
5720
6110
5980
6040
6410
6670
6510
6790
6860
4210
5760
5820
5940
6070
6280
6420
6600
6650
6770
4100
5870
6040
5930
6080
6520
6460
6610
6850
6700
4110
5960
6360
6000
6200
6210
6300
6430
6670
7210
4140
5700
5860
6050
6230
6300
6470
6620
6800
6760
4150
5710
5880
6220
6060
6270
6580
6470
6760
6790
4100
5690
6010
6040
6100
6280
6330
6530
6810
7370
4160
5730
5950
6160
6200
6240
6330
6460
6740
6900
4130
5740
6020
6090
6080
6340
6400
6810
6650
6700
4090
5580
6400
6000
6450
6200
6530
6810
6750
6800
4810
5640
5980
5920
6130
6420
6360
6560
6700
7280
4610
5760
6070
6010
6060
6150
6010
6450
6540
6670
4080
5690
5790
5910
6040
6200
6360
6440
6530
6660
4090
5650
5800
5940
6070
6210
6310
6440
6590
6700
4090
5670
5790
5920
6040
6190
6280
6420
6530
6680
4080
5650
5830
5940
6040
6180
6300
6430
6560
6700
4090
5680
5790
5920
6060
6220
6290
6420
6560
6680
4100
5680
5800
5950
6080
6250
6340
6430
6580
6660
4080
5700
5800
5920
6080
6150
6320
6430
6590
6700
4120
5690
5810
6000
6040
6200
6300
6450
6640
6740
4110
5690
5780
5940
6020
6180
6320
6400
6540
6660
4130
5720
5830
5940
6060
6180
6310
6460
6550
6700
4110
5650
5780
5950
6060
6160
6310
6420
6520
6690
4090
5640
5780
5910
6050
6200
6280
6410
6540
6670
4070
5660
5760
5900
6050
6150
6290
6410
6520
6690
4090
5660
5810
5920
6030
6210
6290
6430
6630
6690
4090
5650
5800
5900
6050
6190
6290
6420
6550
6700
4110
5670
5780
5930
6040
6140
6340
6430
6550
6680
4120
5680
5780
5910
6080
6180
6310
6470
6580
6690
4120
5700
5820
5920
6100
6210
6330
6470
6580
6700
4000
