40
5570
4520
5040
6350
4890
5060
6120
6950
5400
3330
4460
4550
4830
6720
5100
5000
5090
5200
5410
4430
5110
5650
6300
4800
4930
5010
5120
5300
5940
3490
5320
4600
4720
4800
4910
5020
5140
5230
5410
3340
4470
4550
5250
5700
4910
5120
7160
7400
6430
4860
6400
6110
4670
4790
4890
5020
5500
5230
6270
3590
4540
4650
4740
6410
6920
6350
5130
5340
6120
3340
4490
4590
4670
4790
5260
5120
5130
5280
5390
3330
4420
5290
4800
4850
6010
6510
5160
5320
5440
3590
5910
4260
4750
6730
5090
5140
5220
5270
5420
3320
4640
5020
4700
4920
5000
5140
5220
5350
5540
4290
4500
4590
4750
4810
4940
5030
6610
5740
5360
3310
4420
5980
4670
4840
4890
5080
5800
5330
5450
3430
4530
4610
6280
4780
4900
5010
5150
5320
5370
3480
4470
4650
4200
4790
4910
5100
5140
5620
7560
4920
6360
4890
4700
4790
4900
5000
5120
5350
5360
3330
4450
4550
4820
4830
4920
5050
5130
5270
7220
4920
6380
4650
4680
5290
6880
5390
5200
5330
6310
3770
4800
4570
5130
5250
5100
5040
5270
7020
6140
3500
4490
4620
4730
4910
4990
5100
5160
5720
5440
3430
5450
4650
4790
4890
5090
6050
6160
6500
5420
4340
4870
4730
4890
5060
5210
5230
5360
5460
5620
3480
4680
4750
4870
4980
5150
5160
6230
5980
6540
3520
4630
5170
4900
5240
5260
5320
5400
5450
5860
3540
4690
4990
5450
5670
5100
5220
5860
5660
5570
3580
5090
5230
5550
5090
5050
5290
5790
5550
5500
3580
4570
5260
5220
5720
5510
6270
5550
5940
5650
3460
5570
5910
4820
4940
5450
5560
5690
5600
5590
3490
4600
4730
4850
5050
5730
5210
5300
5620
6350
3470
4620
4760
4850
4970
5090
5210
5320
5430
5560
3500
5000
5090
5200
5160
5080
5660
5390
5690
5600
3490
4650
5060
5300
5100
5640
5710
5290
5420
6040
3530
4610
5100
4850
4890
5010
5150
5370
5470
5600
3520
4650
4770
4890
5040
5120
5210
5460
5460
5680
3600
4880
4810
5890
5140
5610
5740
6950
5690
5590
3490
4640
6230
5000
5030
5350
5260
5990
5490
5600
3500
4670
4770
4900
5000
5150
5240
5360
5450
5510
3440
4640
4720
5090
4950
5120
5760
5590
5400
5510
4410
6220
6090
4890
5710
5040
5600
5320
5450
5480
4100
6330
5530
5960
6600
5930
5650
5430
5610
5910
3470
4540
4890
4850
5030
5490
6640
6030
6120
5670
3540
4550
5100
5400
4960
5780
5630
5900
6070
5550
3810
4950
4750
4880
5380
5540
5210
5510
5470
6080
3450
4850
5260
4970
5590
5500
5150
6220
5680
5910
3540
4860
5030
5100
5560
5550
5720
5780
5850
5970
3530
4680
4930
4880
4990
5150
5280
5380
6490
5600
3850
5660
5980
5020
5160
5120
5250
5330
5650
5880
4330
5240
5050
4930
5130
5490
5450
5520
6360
5630
3760
5050
5030
5400
4930
5100
5480
5460
5630
5590
3800
5380
5440
5260
5050
5890
5850
5590
6030
6280
3560
4690
4780
4860
5000
5580
5350
5540
5960
5580
3470
5040
4860
4910
5030
5260
5510
5310
5420
6150
3530
4630
4740
4880
4950
6000
5730
5610
5460
5490
4270
4640
5480
5260
5190
5020
5210
5520
5790
6450
3490
4600
4850
4800
4950
5170
5360
5270
5450
5550
3500
4650
4760
4890
4990
5120
5280
5340
5650
5650
3440
