0.194072
0.261077
0.429211
0.451137
0.499349
0.623433
0.680396
0.714430
0.986798
1.143914
1.441164
1.617065
1.873316
2.324219
2.439777
2.389445
2.246085
2.402018
2.478561
1.870322
1.487971
0.898533
0.460405
0.075951
0.399510
1.017551
1.479093
2.070116
2.460257
2.877977
3.438735
3.901413
4.319523
4.950403
5.327883
5.892914
6.291160
6.864874
7.229019
7.641299
8.188853
8.575380
9.202807
9.630515
10.038667
10.155043
10.298878
10.506953
10.603619
10.326221
10.159232
10.068015
9.963867
9.299236
8.833511
8.156149
7.519298
7.127549
6.705616
6.330946
5.757481
5.362927
4.992037
4.389981
3.990655
3.590937
3.000480
2.616352
2.100095
1.811841
1.553711
1.270947
1.199988
1.258852
1.460107
1.664827
1.894014
2.376863
2.405634
2.309184
1.965881
1.694893
2.192570
2.467706
2.533257
2.286553
2.201927
2.011120
1.876893
1.820418
1.875365
2.216654
2.500796
2.804311
3.152663
3.668883
4.068761
4.492240
5.103795
5.502596
6.147625
6.565836
6.965267
7.339838
7.881997
8.234811
8.584038
9.123106
9.527928
9.944167
10.319474
10.328628
10.437427
10.542841
10.703989
10.432367
10.340850
10.297618
10.269107
10.307346
10.380402
9.695324
9.286952
8.856732
8.434695
7.822567
7.412309
7.000493
6.388704
6.001350
5.615167
5.011681
4.603185
4.222262
3.853192
3.341083
3.030419
2.737791
2.355550
2.191137
2.091776
2.082054
2.194987
2.365270
2.691157
2.945138
2.951863
2.766125
2.428673
2.141447
1.707125
2.205732
2.576292
2.098664
1.680469
1.420430
1.474722
1.649271
1.908222
2.198595
2.679982
3.024202
3.376704
3.966553
4.390932
4.807028
5.194600
5.744439
6.174711
6.797191
7.247563
7.209344
7.368174
7.782299
8.173550
8.711662
9.085671
9.654387
10.086039
10.402019
10.352066
10.416658
10.604467
10.735483
10.401832
10.293719
10.163472
10.134167
10.157903
10.291200
10.438190
10.704367
10.883536
11.228299
11.517774
11.837682
12.290522
12.617346
13.108438
13.492232
13.744034
14.372447
15.043992
15.491647
15.542232
15.996473
15.855564
15.469668
14.898777
14.531327
14.161991
13.449333
13.130428
12.966649
12.808912
12.670489
12.458405
12.353193
12.263718
12.146342
12.090474
12.081895
12.065322
11.613774
10.710394
10.544591
10.693799
10.819730
10.978694
10.619801
10.729953
10.940799
11.105722
11.251749
11.402680
11.662715
11.909107
12.083789
12.413042
12.636862
12.870964
13.227396
13.472221
13.470489
13.533934
13.778529
14.015584
14.690777
15.281272
15.691193
16.240135
16.840114
16.906503
16.344917
16.018308
15.488845
15.132774
14.767061
13.852675
13.328984
12.582853
12.385579
12.184409
11.991234
11.841794
11.719243
11.569750
11.494760
11.439975
11.392661
11.409773
11.588051
11.793401
12.051314
11.451178
11.388347
11.394123
11.442924
11.492542
11.552963
11.470672
11.255507
11.221753
11.311294
11.485991
11.765897
11.947750
12.216978
12.683925
13.224587
13.772719
13.990492
14.466726
14.473302
15.052310
15.470014
15.792386
16.103367
16.133129
16.085066
15.328270
14.910309
14.487384
13.749735
13.750532
13.730180
13.220277
12.973574
12.645860
12.440102
12.181844
11.931196
11.780370
11.574330
11.463755
11.341487
11.113222
11.037014
11.136659
11.235534
11.413965
11.484670
10.985366
10.955924
10.963502
11.028954
11.082139
10.991185
10.986337
11.099855
11.266960
11.451687
11.742211
11.956687
12.218357
12.755183
13.534362
14.028877
14.620388
14.985898
15.506405
16.205979
15.567587
15.267450
14.755208
14.322232
13.905823
13.357171
13.203712
13.240294
13.407901
13.794201
14.090353
14.419997
14.707111
15.102418
15.128962
15.123283
15.106224
15.375639
15.825048
16.147673
16.704833
16.682166
16.994260
17.344318
17.893480
17.945050
17.922756
18.305965
18.859084
19.218130
19.809542
20.205772
20.842372
21.281998
21.768050
22.331238
22.767600
22.984462
23.071314
23.094011
23.247732
22.935568
22.608148
21.971652
21.524947
21.514751
21.509372
21.412962
20.806028
20.434223
20.068834
19.713262
19.186727
18.858320
18.514674
18.162864
17.823618
17.458470
16.944669
16.596918
16.590523
16.499767
16.504707
16.504626
16.465321
16.097635
15.748761
15.395317
14.932791
14.575933
14.214414
13.914112
13.763450
13.657207
13.597682
13.535048
13.595851
13.948525
14.490052
14.460099
14.864732
15.260340
15.848406
16.252290
15.696928
15.169988
14.585345
14.172290
13.873360
13.760842
13.596165
13.307118
13.159953
13.027986
13.038614
13.513339
13.835106
14.158194
14.477279
14.964502
15.142940
15.648981
15.987247
16.304929
16.645522
17.207360
17.599685
18.234545
18.797049
19.405114
20.007073
20.650757
21.306200
21.956659
22.475540
22.742553
22.811019
22.866129
22.854290
23.119467
22.871517
22.148594
22.119521
22.073746
21.630362
20.986701
20.328149
19.918261
19.346060
18.916613
18.298194
17.916052
17.503407
17.555328
17.539640
16.991797
16.619137
16.255896
15.892455
15.529840
14.998428
14.644732
14.286529
13.957354
13.676000
13.212890
12.897631
12.634722
12.468044
12.609396
12.972602
13.163574
13.084585
13.571735
14.072213
14.619548
14.987625
14.822972
14.248692
13.813040
13.624675
13.464589
13.388239
13.311454
13.277883
13.320733
13.480982
13.895530
14.207736
14.519950
14.847791
15.184511
15.178774
15.212254
15.557155
15.910188
16.238219
16.564491
16.907779
17.429973
17.799522
18.193509
18.779871
19.148139
19.566734
20.168357
20.603186
21.285605
21.772916
22.249476
22.732530
22.791228
22.294158
22.285763
21.835132
21.585368
20.878895
20.402014
19.556931
18.977872
18.559837
17.927233
17.521323
17.122674
16.716296
16.335341
15.972993
15.612637
15.056354
14.705498
14.390109
13.934995
13.605496
13.283468
12.974123
12.570090
12.325590
11.868501
11.379161
