2.128128 2.023400
2.086378 1.972451
2.000764 2.003298
1.978373 2.029235
1.930072 2.057677
1.856897 2.049710
1.795930 2.053788
1.743930 2.041379
1.745968 2.103762
1.765588 2.212888
1.826117 2.352997
1.857272 2.449207
1.903589 2.542281
2.031322 2.695443
2.114147 2.710219
2.304761 2.862815
2.761499 3.258156
3.342598 3.678722
3.539813 3.898094
3.885708 4.016220
3.931676 3.983701
4.076404 3.964276
4.183763 3.963824
4.201362 3.907739
4.211302 3.922254
4.253428 3.924801
4.302988 3.928924
4.306313 3.972116
4.280133 3.876829
4.182911 3.727218
4.159125 3.708628
3.997280 3.653964
3.820089 3.523241
3.695893 3.461195
3.554551 3.242541
3.472620 3.097362
3.281696 3.129076
3.257519 3.039725
3.256559 3.002164
3.135158 3.058216
3.152284 3.110737
3.122226 3.085790
3.230233 3.227569
3.308271 3.460936
3.363578 3.551555
3.324479 3.567956
3.325729 3.630106
3.544607 3.817700
3.695553 3.937723
3.967878 4.293202
4.522410 4.865124
5.010487 5.457324
5.354193 5.927309
5.743819 6.190386
5.849275 6.220202
5.873783 6.113157
5.897417 6.053968
5.822366 5.899229
5.758635 5.704417
5.579023 5.516935
5.426102 5.189693
5.184591 5.030351
4.867905 4.571170
4.672170 4.389133
4.256617 4.032616
3.860575 3.712664
3.519373 3.232258
3.276789 3.148902
3.110293 2.867948
2.982810 2.805243
2.756102 2.750709
2.772667 2.703971
2.815482 2.667584
2.746431 2.679529
2.849516 2.645206
2.981315 2.693569
3.129013 2.833203
3.331712 2.957731
3.568028 3.082870
3.759474 3.176745
3.891123 3.317502
4.305817 3.641314
4.727049 4.092535
5.094235 4.406493
5.470875 4.719946
5.584694 4.828783
5.641054 4.951173
5.637661 4.915678
5.507276 4.889569
5.412717 4.859399
5.287515 4.867293
5.347847 4.962265
5.458757 5.073780
5.517156 5.160692
5.523595 5.168539
5.491750 5.161012
5.481174 5.182982
5.259085 5.067028
5.127917 4.892917
4.803295 4.770677
4.450423 4.486035
3.931471 4.150123
3.501018 3.876363
3.213239 3.521609
3.221984 3.443009
3.274330 3.371527
3.498254 3.616151
3.779321 3.877479
4.063333 4.098564
4.313166 4.286050
4.381979 4.335195
4.220523 4.149805
4.068462 4.127485
4.089118 4.114427
4.120764 4.044927
4.117782 4.042779
4.591854 4.506389
5.122990 5.123072
5.330220 5.414093
5.481491 5.676803
5.575475 5.867391
5.605776 5.932872
5.597758 5.802213
5.588726 5.772125
5.663166 5.820298
5.756044 5.861620
5.869922 5.922826
5.895670 5.871859
5.871100 5.906369
5.755281 5.830972
5.617840 5.544639
5.275852 5.360121
4.960444 5.053686
4.513080 4.712416
4.246521 4.444749
4.172475 4.376365
4.182321 4.571090
4.417871 4.862704
4.720487 5.255585
5.045985 5.740759
5.546719 6.288842
5.755399 6.618093
5.811857 6.873863
6.070536 7.060535
6.175371 7.334891
6.351375 7.434629
6.439715 7.663509
6.559503 8.000674
6.532590 8.230446
6.443554 8.257684
6.472494 8.417513
6.132986 8.333314
5.750119 8.303901
5.254881 7.877361
4.825574 7.500418
4.503186 7.069487
4.407053 6.702917
4.208479 6.336123
4.162877 5.949799
4.137532 5.798725
4.125652 5.733749
4.151356 5.642098
4.102374 5.488144
4.096670 5.396522
4.071015 5.262474
3.927698 5.100125
3.984071 5.028872
3.927568 5.082166
4.015322 5.260755
4.129877 5.473051
4.304022 5.454666
4.393808 5.704854
4.535867 5.919836
4.443311 5.839147
4.366597 5.714219
4.325512 5.644023
4.177317 5.367131
4.262015 5.401967
4.218945 5.316134
4.156239 5.177153
4.123270 5.113016
4.001901 5.080786
4.014846 4.953576
4.077282 4.963907
4.074747 4.951833
4.250947 5.110201
4.359006 5.000081
4.229871 5.014599
4.051399 4.614250
3.979256 4.552118
4.052322 4.669339
3.987375 4.717369
4.121147 4.757677
4.252540 4.925003
4.446019 5.215870
4.681606 5.568910
5.097717 6.056923
5.701743 6.532705
5.983878 6.777925
5.562430 6.961489
5.475038 6.999270
4.182367 6.513193
3.724808 5.933309
3.219824 5.597550
3.497182 5.630460
3.790882 5.822026
3.982024 6.016685
4.308199 6.375452
4.616123 6.569830
4.792505 6.652594
4.788556 6.692956
4.799640 6.689377
4.644171 6.557690
4.534379 6.313218
4.539850 6.073683
4.469362 5.900703
4.427830 5.789850
4.457989 5.532671
4.481846 5.332379
4.510814 5.222222
4.506875 4.955146
4.299885 4.772639
3.909777 4.484431
3.778649 4.264878
3.699883 3.966141
3.647255 3.785397
3.526951 3.762511
3.466946 3.613473
3.298283 3.568952
3.190849 3.427698
3.156584 3.424245
2.645286 2.953063
2.432638 2.584428
2.247854 2.367106
2.195980 2.198545
2.302354 2.236418
2.339720 2.316497
2.565976 2.532608
2.709402 2.773670
2.962380 3.148205
3.181361 3.324196
3.294031 3.522593
3.509929 3.745795
3.643476 3.798720
3.660101 3.826452
3.762045 3.850668
3.913063 3.850734
3.856267 3.910678
3.763066 3.860822
3.692442 3.804995
3.529972 3.520742
3.348299 3.371623
3.149379 3.154292
2.866288 2.998767
2.723770 2.973480
2.622081 2.937602
2.456745 2.809336
2.374056 2.687746
2.450268 2.797099
2.561435 2.891065
2.704350 2.981863
2.750142 2.989820
2.830530 3.034934
2.913912 3.144045
2.969684 3.212849
3.087843 3.323154
3.063070 3.392701
3.026913 3.398445
2.976411 3.484214
3.053461 3.530034
3.014175 3.610544
2.919958 3.608226
2.707496 3.543444
2.566858 3.577829
2.651576 3.311173
2.295160 3.000426
2.018965 2.627348
1.857302 2.424133
1.930040 2.317112
2.015284 2.338624
2.231752 2.544430
2.339064 2.693437
2.538983 2.819457
2.715864 2.941473
3.051484 3.313918
3.278954 3.513288
3.493525 3.743130
3.786134 3.972891
4.019592 4.147530
4.125446 4.183440
4.108090 4.114038
3.997338 4.010762
3.862320 3.966443
3.918223 4.036485
3.855899 3.723727
3.699926 3.425615
3.421027 3.267927
3.356744 3.263195
3.883301 3.740057
3.934646 4.072192
3.846730 4.103812
3.759716 4.092636
3.513975 3.967514
3.276805 3.924894
3.226129 3.867691
3.096707 3.705402
3.000034 3.660453
2.904443 3.640500
3.016509 3.607136
3.000572 3.633185
3.109640 3.665521
2.963921 3.585798
2.737938 3.402695
2.352173 3.219860
2.187488 3.129465
2.057805 2.999940
2.062260 2.956255
2.114371 2.991575
2.191584 3.089295
2.231099 3.113450
2.367956 3.380095
2.329063 3.251982
2.173062 3.014666
1.784286 2.684956
1.643175 2.378558
1.656044 2.223782
1.820725 2.281859
2.011851 2.342737
2.152977 2.441262
2.325162 2.610331
2.442434 2.744948
2.506050 2.782608
2.688131 2.894465
2.968970 3.074389
3.217920 3.298041
3.500876 3.505126
3.991147 3.731549
4.399937 3.841146
4.958949 4.129613
5.526689 4.364334
6.190402 4.809428
6.781921 5.113498
7.010504 4.860033
6.914959 4.512288
6.654134 4.297806
6.360400 3.971527
6.143964 3.783609
5.913473 3.720654
5.505274 3.692261
5.318582 3.742677
4.997692 3.656591
4.562348 3.547245
4.173740 3.380036
4.101877 3.188792
3.932592 3.065416
3.714071 2.943212
3.462860 2.736744
3.233778 2.538623
2.763571 2.203215
2.641380 2.096235
2.637530 2.210962
2.714696 2.264686
2.601554 2.310056
2.608226 2.322177
2.659159 2.387893
2.643660 2.471939
2.753218 2.662255
2.697895 2.657674
2.722873 2.632322
2.725511 2.704385
2.746582 2.706240
2.706729 2.667502
2.586114 2.696776
2.568149 2.594488
2.573907 2.598529
2.764169 2.682954
3.114557 2.949712
3.478679 3.316140
3.239566 3.529490
3.021262 3.369228
2.612033 3.779699
2.287606 3.635406
2.072492 2.958506
1.944279 2.540584
1.889398 2.289457
1.923602 2.157473
1.871081 2.205260
1.970197 2.356858
2.050312 2.318710
2.094124 2.295593
2.032306 2.313437
2.010292 2.318916
1.970078 2.278685
2.032391 2.323805
2.220606 2.466483
2.426904 2.633158
2.607863 2.872119
2.802802 3.183732
3.023124 3.382857
3.164219 3.611163
3.268358 3.840273
3.130614 3.899041
3.028331 3.896105
2.925535 4.002515
2.805575 3.865753
2.781616 3.929297
2.714516 3.584187
2.601078 3.440633
2.454418 3.375896
2.464459 3.257551
2.506004 3.216761
2.525162 3.203532
2.553354 3.281887
2.641977 3.337621
2.773669 3.479174
2.878850 3.599026
3.041667 3.745245
3.275493 4.058187
3.445551 4.342265
3.495996 4.440687
3.474323 4.558081
3.513906 4.603178
3.438842 4.487306
3.402328 4.434250
3.480759 4.413666
3.507645 4.324035
3.590105 4.215479
3.455082 4.183667
3.329112 4.188646
3.416137 4.152952
3.328726 4.112107
3.163047 4.115284
3.215580 4.064834
3.268408 4.221542
3.232298 4.114650
3.263234 4.242433
3.385975 4.417241
3.452889 4.330398
3.482590 4.321367
3.576775 4.382341
3.745977 4.446622
3.922143 4.446374
4.080794 4.353034
4.226492 4.415280
4.424800 4.326335
4.501448 4.135048
4.495448 3.954249
4.541201 3.755679
4.431982 3.594181
4.368600 3.358064
4.147871 3.258387
4.056982 3.047825
4.151235 2.892048
4.437814 2.901631
5.268944 3.087409
6.206085 3.409782
7.202321 3.726684
8.206297 4.154887
9.505505 4.941556
10.408998 5.469042
11.164008 5.623604
11.681890 5.724406
12.246181 5.756991
12.572799 5.734410
13.010012 5.550828
13.368575 5.454928
13.573732 5.206170
13.584400 5.133243
13.404670 4.875224
13.134812 4.746721
11.118006 4.082530
9.583201 3.878278
8.145584 3.684546
7.119146 3.409038
6.069828 3.339629
5.077249 3.129875
4.571116 2.972449
4.042886 2.801373
3.840489 2.840835
3.594907 2.875732
3.631306 2.965782
3.460976 3.063371
3.464195 3.137013
3.366409 3.248936
3.202137 3.281923
3.254834 3.308532
3.359280 3.456066
3.524389 3.595372
3.613342 3.724726
3.740307 3.758837
3.902156 3.725357
3.980468 3.825171
4.064273 3.905540
4.250699 3.983309
4.391429 4.293648
4.303406 4.303388
4.152490 4.329088
4.108559 4.360723
4.124894 4.379445
4.010804 4.322916
3.950426 4.413375
3.852057 4.556510
3.810167 4.391498
3.818604 4.421236
3.611545 4.501177
3.612650 4.611684
3.708957 4.667149
3.661475 4.786672
3.606550 4.745578
3.654986 4.789260
3.747187 4.747550
3.801957 4.753994
3.874455 4.772202
3.929842 4.775098
3.719253 4.660305
3.604802 4.519648
3.589463 4.390506
3.440382 4.275765
3.445913 4.305132
3.474988 4.265338
3.502663 4.182796
3.448382 4.092003
3.531000 3.926537
3.408178 3.871902
3.122767 3.841526
2.905468 3.650971
2.764463 3.481751
2.459687 3.240300
2.346536 3.086562
2.245449 2.876543
2.329694 2.846289
2.300551 2.709351
2.230131 2.624837
2.211189 2.567705
1.995219 2.307327
1.957215 2.167364
1.834527 2.029576
1.777581 2.033196
1.786855 2.050280
1.842397 2.095231
1.987110 2.297847
2.134797 2.424306
2.160510 2.538325
2.324702 2.597014
2.380569 2.637242
2.524424 2.768869
2.664796 2.817465
2.869160 2.942322
3.092743 3.007038
3.301626 3.084795
3.454466 3.143216
3.577313 3.213354
3.754448 3.243263
3.842920 3.361786
3.843721 3.417757
3.905194 3.390533
3.920449 3.405027
3.949538 3.460832
3.698567 3.470573
3.650638 3.853128
3.940867 4.276846
