1.853399 1.995165
1.851474 1.993914
1.852597 1.997428
1.763739 1.876041
1.676334 1.776854
1.609371 1.743742
1.630506 1.764573
1.628196 1.781688
1.627401 1.817040
1.642406 1.857577
1.500969 1.872119
1.459729 1.882486
1.450609 1.929354
1.448464 1.996694
1.432770 1.990981
1.487538 1.936134
1.531507 1.929466
1.503204 2.022755
1.513141 2.087685
1.451977 2.005982
1.419036 1.994203
1.374513 2.006281
1.330296 2.061115
1.302346 2.104460
1.303339 2.136704
1.313660 2.215716
1.327301 2.281390
1.355508 2.385387
1.297881 2.445871
1.280172 2.498286
1.300364 2.582710
1.329317 2.650123
1.353519 2.650013
1.413432 2.824323
1.474209 3.035338
1.555126 3.203185
1.630706 3.411792
1.788103 3.650605
1.926228 3.876326
2.009018 4.081188
2.102336 4.319860
2.081318 4.400275
2.134527 4.507172
2.223843 4.690620
2.255513 4.831408
2.263331 4.891403
2.278594 4.910610
2.251929 4.933191
2.295819 4.958002
2.055390 4.756044
1.970967 4.656422
1.963229 4.594892
1.989093 4.540300
1.960222 4.209899
1.784912 3.816365
1.666648 3.566886
1.578991 3.385776
1.490954 3.143402
1.462567 3.080922
1.453069 3.048339
1.483211 3.033266
1.526446 3.077827
1.591694 3.135599
1.654088 3.224406
1.743950 3.323516
1.766330 3.385030
1.768976 3.372387
1.737464 3.313068
1.670195 3.252488
1.670196 3.170402
1.736647 3.286287
1.817259 3.300104
1.912666 3.354583
1.962111 3.449102
2.044074 3.512002
2.037528 3.482312
2.103750 3.594445
2.161011 3.739604
2.311799 3.767956
2.377357 3.741108
2.345790 3.518902
2.542013 3.555883
2.492091 3.577825
2.252314 3.530463
2.199406 3.549104
2.223292 3.658706
1.990747 3.109032
1.939674 3.000634
1.873991 2.862773
1.875768 2.835967
1.830019 2.748301
1.621339 2.527044
1.555588 2.458182
1.460801 2.371037
1.338129 2.190866
1.285749 2.176813
1.234022 2.124842
1.251358 2.160990
1.200385 2.192708
1.236531 2.255858
1.287621 2.407383
1.360795 2.550940
1.429538 2.678724
1.483910 2.824206
1.575509 3.006649
1.495220 3.011971
1.481441 3.105110
1.457934 3.206820
1.495124 3.302484
1.554649 3.460600
1.598277 3.628359
1.623927 3.637685
1.709021 3.692237
1.784013 3.723101
1.917470 3.753571
1.743155 3.634455
1.649630 3.594525
1.594520 3.552795
1.595626 3.525143
1.617294 3.497496
1.675734 3.479270
1.662540 3.193542
1.553659 2.977897
1.442217 2.758091
1.385391 2.611736
1.287075 2.288701
1.231645 2.128532
1.140544 2.034616
1.095947 1.951552
1.084205 2.012285
1.121757 2.036162
1.205102 2.210145
1.253024 2.369897
1.317994 2.533887
1.374423 2.623641
1.380176 2.680605
1.287243 2.699534
1.291181 2.686126
1.242381 2.743821
1.315086 2.911004
1.377410 3.037815
1.418640 3.202876
1.484565 3.394567
1.569557 3.557673
1.644545 3.695804
1.717072 3.784887
1.614104 3.519910
1.178255 2.647042
1.231802 2.481362
1.327523 2.454024
1.260504 2.395076
1.225941 2.567635
1.206598 2.661717
1.103178 2.334453
1.030638 2.099527
1.010136 1.969762
1.023163 1.909074
1.025252 1.888207
1.013355 1.812282
1.027469 1.859209
0.982294 1.815094
0.960606 1.831108
0.953914 1.871868
0.874885 1.938718
0.880585 1.988641
0.887832 2.093933
0.935961 2.240467
0.835978 2.301081
0.849826 2.344452
0.848919 2.368282
0.839934 2.393679
0.838313 2.116858
0.857390 1.875902
0.807705 1.815363
0.787868 1.780367
0.809071 1.847320
0.866363 1.953681
0.960686 2.152224
1.043569 2.350208
1.170583 2.575222
1.306757 2.518232
1.565521 2.536006
1.809552 2.492154
2.092406 2.426451
1.649474 2.110014
1.296075 1.837377
1.087928 1.779545
1.047643 1.749561
1.088984 1.736097
1.193409 1.746279
1.303704 1.761431
1.450674 1.733570
1.625832 1.752841
1.855652 1.780748
2.106578 1.886880
2.341198 1.967897
2.603230 2.092487
2.892484 2.245632
3.153982 2.284479
3.442888 2.387479
3.704019 2.539699
3.835071 2.747200
3.700991 3.031167
3.480204 3.365709
3.225859 3.441141
3.146026 3.711333
3.039947 3.566469
2.946376 3.403109
2.869621 3.300966
2.862365 3.226549
2.964767 3.151003
2.822718 3.016960
2.656298 2.965521
2.516473 2.942321
2.411742 2.964354
2.375366 3.002156
2.372501 3.089585
2.383062 3.264633
2.465839 3.405861
2.586302 3.653448
2.733390 3.827493
2.685510 3.790990
2.670069 3.696509
2.827004 3.861297
2.813760 3.964469
2.661118 3.812437
2.457380 3.551489
2.262657 3.106948
2.001929 2.801717
1.407863 2.299313
1.128174 1.998404
1.143416 1.862765
1.144794 1.705452
1.343799 1.753793
1.390138 1.621600
1.516981 1.615792
1.633814 1.615922
1.830999 1.632841
2.082961 1.783045
2.351226 1.946187
2.608510 2.104995
2.824690 2.229769
3.098153 2.399344
3.123079 2.384810
3.153309 2.386034
3.521419 2.548368
3.841905 2.673679
4.064628 2.948347
4.027471 3.211665
3.774846 3.416776
3.552790 3.673972
3.421436 3.932488
3.056503 3.899707
2.945543 3.616960
2.910536 3.477034
2.799688 3.347916
2.786801 3.175501
2.818835 3.017908
2.736223 2.672372
2.693955 2.470632
2.592830 2.275553
2.406057 2.163179
2.203183 2.041453
2.024855 1.981723
1.851260 1.959986
1.775588 1.993182
1.662300 1.915844
1.580008 1.900869
1.504452 1.893557
1.349111 1.720597
1.203639 1.571133
1.215069 1.541282
1.252619 1.544790
1.326604 1.557557
1.023102 1.414720
0.879473 1.307341
0.827444 1.213417
0.833266 1.166115
0.854886 1.158900
0.929723 1.127626
1.161534 1.162543
1.383136 1.194547
1.621172 1.281754
1.791713 1.358251
2.043860 1.508871
2.165537 1.607488
2.316934 1.734256
2.456014 1.890506
2.512934 2.038499
2.467220 2.170084
2.436217 2.301283
2.310761 2.375856
2.069026 2.402864
2.069125 2.368839
1.883667 2.446106
1.829135 2.685725
1.809443 2.924285
1.743381 3.077546
1.266386 2.367959
0.972211 2.001289
0.887611 1.702260
0.893476 1.498283
0.935873 1.435629
1.025826 1.454009
1.036221 1.457994
1.044645 1.460389
1.038187 1.514323
0.997016 1.542970
0.995175 1.615292
0.958271 1.669624
0.972502 1.734663
1.024817 1.808767
1.074062 1.901714
1.133245 1.924270
1.180877 1.953742
1.088632 1.774524
0.899215 1.586284
0.880559 1.474719
0.884682 1.381532
0.880824 1.360044
0.917906 1.427377
0.928539 1.425706
0.754336 1.289893
0.712316 1.177788
0.707874 1.118091
0.728105 1.046837
0.879251 1.076463
1.077562 1.153934
1.289071 1.261623
1.511695 1.373662
1.612298 1.486849
1.618007 1.497014
1.699923 1.561690
1.735148 1.572969
1.794793 1.654207
1.839043 1.809007
1.842006 1.960779
1.746128 2.031060
1.503247 2.024930
1.444682 2.208776
1.213396 2.111199
0.897465 2.078752
0.907020 1.845240
0.911009 1.673579
0.933867 1.505153
1.082554 1.445593
1.310133 1.410573
1.621973 1.406018
2.009615 1.463265
2.381677 1.494035
2.544720 1.529467
2.705910 1.594237
2.968016 1.734293
3.233145 1.904358
3.501245 2.090491
3.816635 2.308038
3.778410 2.293842
3.668561 2.233509
3.545922 2.207604
3.606307 2.288616
3.805570 2.428295
3.874144 2.562572
3.920516 2.674235
3.803689 2.662269
3.860973 2.783053
3.896739 2.849418
3.973121 2.984440
3.909681 2.918800
3.748204 2.888172
3.684637 3.062232
3.679196 3.118881
3.570947 3.109821
3.590521 3.291697
3.678111 3.464927
3.688398 3.661940
3.679378 3.890522
3.606649 4.163687
3.534177 4.527622
3.450889 4.758237
3.434423 4.957837
3.127636 4.656722
2.824046 4.470833
2.762297 3.932458
2.746321 3.671434
2.699823 3.365672
2.592180 3.152401
2.502866 3.100025
2.504051 3.066628
2.553172 3.071404
2.555541 3.074955
2.516398 3.044983
2.538225 3.084285
2.556113 3.117993
2.599936 3.146890
2.679333 3.197296
2.761871 3.250555
2.730447 3.262737
2.786346 3.222584
2.822203 3.088568
2.863221 2.983371
2.899794 2.831664
2.955727 2.832948
2.885818 2.713038
2.768549 2.574314
2.696471 2.496530
2.563946 2.417109
2.489850 2.256581
2.599920 2.288644
2.651129 2.308682
2.729597 2.386682
2.754279 2.254795
2.889909 2.250124
3.083771 2.284840
3.323703 2.293885
3.622963 2.322715
3.934314 2.414726
4.173346 2.472531
4.553274 2.591201
4.944535 2.633387
5.159518 2.580053
5.376904 2.602418
5.336412 2.633401
5.270098 2.597861
4.375387 2.400784
2.522621 1.668686
1.580038 1.450074
0.888568 1.072305
0.798196 0.982137
0.822133 0.984546
0.903850 1.035694
1.134456 1.080339
1.386741 1.136791
1.745644 1.260436
2.069939 1.418129
2.367673 1.555076
2.670710 1.778970
3.138963 1.922545
3.242660 1.989507
3.154666 2.072432
3.098804 2.218191
3.190217 2.428953
3.422089 2.819170
3.723294 3.177606
4.427730 3.964298
5.049106 4.600506
5.298665 4.792868
5.534105 4.831129
5.828681 4.804609
6.047099 4.728127
6.443517 4.645188
6.826147 4.569998
7.207569 4.491366
7.515700 4.356896
7.825165 4.232507
8.201419 4.063448
8.669165 3.899546
8.975902 3.607678
9.136107 3.404443
9.158826 3.413305
9.142750 3.437663
9.080967 3.401507
9.127964 3.751690
8.861946 3.867764
8.448634 3.958174
8.320458 3.903346
8.138890 3.837494
7.753305 3.843854
7.581559 3.952865
7.518087 4.156169
7.449070 4.341129
7.373102 4.566576
7.186368 4.773817
6.781483 4.808735
6.313048 4.624929
5.772000 4.564976
5.612855 4.467352
5.508676 4.418823
5.200382 4.441027
4.806236 4.423409
4.548045 4.429718
4.235777 4.417583
3.902908 4.499671
3.589776 4.401100
3.281030 4.404825
2.901070 4.273942
2.562315 3.962813
2.150485 3.681223
2.009438 3.492917
1.934015 3.402153
1.881145 3.321694
1.842289 3.047789
1.775925 2.999955
1.844896 3.036215
1.851873 2.935147
1.848375 2.858205
1.788000 2.976795
1.635035 3.088300
1.645037 3.258550
1.493271 3.188197
1.182098 2.594733
0.888125 2.032140
0.724092 1.738444
0.754242 1.701103
0.773145 1.706041
0.712543 1.681543
0.695461 1.633855
0.725840 1.637539
0.730459 1.607605
0.763202 1.603651
0.786816 1.642716
0.849590 1.682136
0.904167 1.710219
0.935856 1.637962
0.965811 1.658960
0.923384 1.534113
0.912596 1.458054
0.705162 1.442999
0.764313 1.526414
0.826574 1.594795
0.898927 1.704960
0.952243 1.779575
1.040751 1.848345
1.151843 2.013461
1.283241 2.152365
1.410797 2.241181
1.522445 2.361855
1.651073 2.479240
1.622786 2.576796
1.804572 2.708019
2.029834 2.870252
2.216648 2.770439
2.372100 2.731158
2.542561 2.478152
2.504951 2.280187
2.244590 1.928705
2.174790 1.715512
1.945376 1.635912
1.728413 1.404828
1.417626 1.175113
1.296635 1.163085
1.275620 1.138257
1.360832 1.087094
1.441054 1.031949
1.403106 0.924068
1.266228 0.822021
1.265342 0.800250
1.158520 0.743643
1.058544 0.729979
1.053359 0.751788
1.008148 0.732237
0.983361 0.729742
0.962472 0.688192
1.007882 0.708200
1.013253 0.732516
1.070140 0.787027
1.175120 0.905036
1.305199 1.050833
1.495949 1.268650
1.666725 1.479002
2.008182 1.985938
2.460740 2.412155
