80
110
80
80
100
120
130
160
170
190
220
200
220
210
210
210
210
210
210
210
210
210
210
210
210
210
210
210
210
210
210
220
200
220
200
220
200
220
210
210
210
210
210
210
210
210
210
210
210
210
220
200
220
200
220
210
210
210
210
210
210
210
210
210
210
210
210
210
210
210
210
220
200
220
200
220
210
210
210
210
210
210
210
210
210
210
210
210
210
210
210
210
210
210
210
210
210
210
210
210
220
200
220
200
220
200
220
200
220
200
220
200
220
200
210
210
210
210
210
210
210
210
210
210
210
210
210
210
210
210
210
210
210
210
210
210
210
210
210
210
210
210
210
210
210
210
210
210
210
210
210
220
200
220
210
210
210
210
210
210
210
210
210
210
210
210
210
210
210
210
210
210
210
210
210
210
200
220
200
220
210
210
210
210
210
210
210
210
210
210
210
210
210
210
210
210
210
210
210
210
220
210
210
210
210
210
210
210
210
210
210
210
210
210
210
210
210
210
210
210
210
220
210
210
210
210
210
210
210
210
210
210
210
210
210
210
210
200
220
200
220
210
210
210
210
210
210
210
210
210
210
210
210
210
200
220
200
220
210
210
210
210
210
210
210
210
210
210
210
210
220
200
220
210
210
210
210
210
210
210
210
210
210
210
210
210
210
210
210
210
210
220
200
220
200
220
200
220
210
210
210
210
210
210
210
210
210
210
210
210
210
210
210
210
210
210
200
220
200
220
210
210
210
210
210
210
210
210
210
210
210
210
210
210
210
210
210
210
210
210
210
200
220
200
220
200
220
200
220
200
220
210
210
210
210
210
210
210
210
210
210
210
210
210
210
210
210
210
210
210
210
220
200
220
200
220
200
220
210
210
210
210
210
210
210
210
210
210
210
210
210
210
220
200
220
200
220
200
220
200
210
210
210
210
210
210
210
210
210
210
210
210
210
220
200
220
200
220
200
220
210
210
210
210
210
210
210
210
210
210
210
210
210
210
220
200
220
200
220
210
210
210
210
210
210
210
210
210
210
210
210
220
200
220
200
220
200
210
210
210
210
210
210
210
210
210
210
210
210
210
210
210
210
210
200
220
200
220
200
220
210
210
210
210
210
210
210
210
210
210
210
210
210
210
210
210
210
210
210
210
210
210
210
210
210
210
220
200
220
200
220
210
210
210
210
210
210
210
210
210
210
210
210
210
210
210
210
210
210
210
210
220
200
220
200
220
200
220
210
210
210
220
200
220
210
210
210
210
210
210
210
210
210
210
210
210
210
210
210
210
210
