0.168992
0.347066
0.529757
0.716042
0.896619
1.077238
1.253141
1.425593
1.600307
1.773907
1.819073
1.952060
2.089158
2.248565
2.303089
2.109135
1.761944
1.306843
1.010199
1.177902
1.176785
0.957079
0.787382
0.882676
1.129703
1.164849
1.008078
0.933913
1.012162
1.136830
1.125130
0.613408
0.160038
0.591134
0.762195
0.813508
0.801672
0.771097
0.733492
0.738858
0.815381
0.924794
0.937551
0.890577
0.866656
0.848532
0.929040
1.071894
1.233981
1.372036
1.481461
1.662839
1.888853
2.140665
2.425758
2.752335
3.058012
3.265339
3.356000
3.473024
3.741700
3.897441
4.005504
4.052453
3.974934
3.787467
3.545996
3.228735
2.936121
2.764664
2.713607
2.672769
2.595300
2.523004
2.453734
2.350808
2.169588
2.002495
1.763016
1.556354
1.338054
1.131136
0.950497
0.776562
0.582640
0.338376
0.078419
0.303705
0.521636
0.801782
0.952148
1.104605
1.246107
1.445006
1.589709
1.713087
1.853767
1.995206
2.123318
2.255545
2.467892
2.615280
2.689971
2.667041
2.581974
2.451647
2.345040
2.208102
2.054091
1.865786
1.685014
1.513579
1.358332
1.212331
1.085427
0.975068
0.834346
0.750493
0.646302
0.587147
0.567763
0.494918
0.499616
0.589592
0.686532
0.841268
0.987118
0.999275
0.907094
0.828171
0.835032
0.994113
1.203018
1.423199
1.638067
1.829012
2.003338
2.178635
2.338706
2.494876
2.652978
2.807319
2.982559
3.160868
3.357623
3.553825
3.757658
3.965762
4.171314
4.354538
4.519247
4.562244
4.585520
4.644939
4.683254
4.770044
4.813132
4.874977
4.922615
4.944996
4.934161
4.955829
4.952467
4.916821
4.904331
4.925243
4.908353
4.910794
4.901239
4.899533
4.755996
4.693968
4.625283
4.576862
4.546286
4.563600
4.604933
4.617563
4.520338
4.287971
4.173313
4.128186
4.177135
4.227443
4.302640
4.416324
4.469760
4.547675
4.709440
5.086384
5.335730
5.658196
5.970000
6.236211
6.276373
6.004244
5.236111
4.033096
2.844518
2.323372
2.302799
2.460392
2.653315
2.909399
3.226500
3.558592
3.882365
4.191564
4.435346
4.660247
4.813866
4.914809
5.019809
5.225911
5.535254
5.880812
6.221610
6.548017
6.811385
7.004317
7.202646
7.427374
7.569959
7.643812
7.724709
7.683011
7.640993
7.444529
7.219385
6.969918
6.923974
6.911946
6.882763
6.884600
6.891212
6.855054
6.864932
6.894646
6.938518
6.959797
6.842256
6.743435
6.587614
6.330789
6.014898
5.621264
5.200448
4.736929
4.229439
3.742842
3.373740
3.205827
3.219727
3.304815
3.437392
3.582332
3.752786
3.922526
4.092257
4.244198
4.338712
4.487411
4.652092
4.967064
5.413739
5.885219
6.359516
6.743028
7.103392
7.466544
7.654691
7.921889
8.182969
8.446023
8.756788
9.077515
9.293323
9.456701
9.476566
9.368402
9.153612
8.966033
8.739763
8.504229
8.246389
7.997025
7.770201
7.525673
7.316702
7.104837
6.893358
6.673639
6.435498
6.191527
5.909194
5.601325
5.285092
4.979112
4.682357
4.426433
4.197870
3.990977
3.764501
3.615679
3.556047
3.618639
3.789898
3.998785
4.216255
4.449612
4.701381
4.965901
5.200556
5.424374
5.709309
5.934942
6.238781
6.541766
6.869589
7.174562
7.501286
7.796963
8.081989
8.316505
8.533210
8.804756
9.050022
9.147695
9.124958
9.092990
9.035942
8.954355
8.841614
8.717657
8.588049
8.477663
