0.165473
0.308004
0.463311
0.454923
0.560041
0.769541
1.020143
1.245967
1.493225
1.717011
1.824857
1.900636
1.961622
1.990447
1.991375
2.039147
2.086791
2.131538
2.191898
2.223418
2.192127
2.098070
1.997509
1.880708
1.731999
1.617270
1.521350
1.460151
1.418374
1.417973
1.407282
1.397700
1.384803
1.352745
1.215559
1.033534
0.813515
0.672352
0.512828
0.424768
0.314931
0.287453
0.331635
0.460942
0.524444
0.540108
0.563789
0.610553
0.682429
0.823235
1.014608
1.251866
1.465477
1.663068
1.809820
1.971321
2.124727
2.244750
2.378272
2.501018
2.607938
2.684029
2.676622
2.629920
2.548377
2.437462
2.326771
2.231982
2.134182
2.055638
2.003736
1.964665
1.891608
1.800680
1.681258
1.531418
1.430122
1.382942
1.434044
1.326467
1.287272
1.292602
1.403255
1.504616
1.636486
1.749846
1.897615
2.013765
2.059527
2.104994
2.121656
2.134314
2.100543
2.043195
2.008168
2.024502
2.149106
2.172969
2.166363
2.250698
2.267658
2.369852
2.404102
2.381471
2.229481
2.112728
2.028214
1.922115
1.853264
1.796387
1.754139
1.770262
1.765290
1.778024
1.808049
1.830685
1.873781
1.950080
2.065088
2.183302
2.283342
2.412322
2.595867
2.785620
2.899284
2.997345
2.972053
2.884178
2.734558
2.562472
2.387089
2.216977
2.084705
1.930827
1.808042
1.677211
1.541567
1.422853
1.312255
1.204602
1.072069
0.961869
0.866916
0.757889
0.657254
0.594043
0.553071
0.575820
0.696035
0.719108
0.883414
1.068952
1.242819
1.269014
1.304876
1.230408
1.132463
1.122900
1.156819
1.426311
1.769671
2.194949
2.493031
2.689185
2.761812
2.758798
2.811699
2.879905
2.970281
3.134752
3.319980
3.465215
3.584052
3.551833
3.486453
3.362051
3.198355
2.998985
2.766665
2.554797
2.436192
2.371190
2.301384
2.313009
2.325702
2.331047
2.298481
2.195860
1.998719
1.758971
1.540463
1.381379
1.211883
1.098841
1.057366
1.111361
1.268288
1.397501
1.614989
1.684907
1.641034
1.588209
1.660086
1.723741
1.771779
1.715657
1.671384
1.647506
1.671842
1.665899
1.722052
1.816362
1.938474
2.094103
2.311927
2.539312
2.693898
2.806466
2.883566
2.953881
3.037106
3.147153
3.283017
3.490519
3.686708
3.812166
3.928264
3.958677
3.951441
3.822753
3.671514
3.494920
3.285353
3.096916
2.931654
2.800869
2.712181
2.678183
2.635007
2.595549
2.527731
2.399286
2.174223
1.941069
1.677905
1.499644
1.295460
1.124364
0.986840
0.806914
0.706803
0.741677
0.842238
0.983944
1.075526
1.151636
1.220315
1.314319
1.409120
1.503465
1.651551
1.856563
2.143236
2.449984
2.761333
3.021469
3.269847
3.473079
3.606328
3.747123
3.872570
4.025703
4.220630
4.443890
4.676912
4.908856
5.085087
5.255733
5.291055
5.274962
5.145409
4.974750
4.757372
4.532481
4.308613
4.099382
3.951645
3.796161
3.661255
3.552901
3.431504
3.307926
3.192232
3.027520
2.919689
2.806177
2.693304
2.633625
2.551034
2.449347
2.349691
2.204304
2.070861
1.925489
1.798181
1.766269
1.776902
1.857757
1.975261
2.138849
2.270421
2.392730
2.473965
2.596234
2.731333
3.038890
3.401125
3.724623
3.964455
4.197500
4.403468
4.621668
4.797974
4.937000
5.141604
5.321424
5.451975
5.491077
5.525928
5.536492
5.586264
5.625471
5.648345
5.674359
5.707089
5.724042
