20
4040
4180
4270
4320
4420
4500
4640
4680
4800
3160
4070
4160
4220
4340
4410
4510
4570
4710
4820
3170
4030
4120
4230
4330
4380
4560
4560
4650
4770
3120
4020
4090
4220
4270
4390
4460
4560
4660
4750
3120
4000
4080
4180
4270
4360
4470
4560
4660
4760
3110
4000
4090
4200
4280
4400
4460
4570
4660
4760
3130
4000
4050
3020
3090
3160
3270
3310
3390
3470
2130
2880
2940
3020
3120
3190
3240
3340
3390
3490
2120
2870
2950
3020
3100
3170
3240
3320
3390
3470
2120
2880
2960
3030
3090
3180
3240
3320
3390
3490
3170
4050
4140
4240
4330
4420
4520
4640
4710
4820
3180
4060
4100
4230
3550
3180
3240
3310
3390
3460
2100
2860
2950
3000
3100
3150
3230
3300
3380
3470
2120
2870
2940
3020
3090
3160
3240
3310
3400
3470
2110
2880
2940
3010
3090
3160
3260
3310
3400
3470
2120
2860
2940
3020
3110
3160
3260
3310
3390
3480
2120
2870
2970
3010
3090
3160
3270
3310
3390
3490
2120
2910
2940
3040
3090
3160
3240
3330
3410
3460
2130
2890
2940
3020
3090
3160
3240
3320
3380
3470
2120
2870
2950
3010
3090
3160
3240
3310
3380
3470
2120
2870
2940
3010
3110
3160
3240
3310
3400
3470
2110
2870
2940
3020
3080
3160
3240
3300
3390
3460
2120
2860
2940
3020
3080
3160
3240
3310
3390
3460
2130
2870
2970
3020
3090
3170
3240
3310
3410
3490
2130
2860
2940
3020
3090
3160
3230
3310
3380
3490
2120
2870
2940
3030
3090
3160
3230
3310
3380
3460
2110
2880
2970
3040
3110
3160
3240
3320
3400
3530
2110
2880
2940
3010
3080
3160
3230
3310
3460
3930
2410
3260
3360
3420
3530
3260
3630
3760
3850
3950
2410
3250
3360
3420
3490
3290
3690
3780
3850
3930
2410
3260
3350
3430
3530
3540
3640
3760
3850
3920
2400
3250
3330
3410
3500
3580
3670
3750
3830
3930
2390
3270
3320
3410
3490
3570
3660
3740
3830
3500
2050
2780
2850
2920
2990
3080
