2.043067 2.033687
2.046296 2.047574
2.053682 2.060783
2.058743 2.081935
2.058430 2.115625
2.064803 2.164073
2.074293 2.217911
2.080304 2.282863
1.852595 2.226585
1.679422 2.198602
1.670403 2.294867
1.648330 2.413204
1.636481 2.602968
1.646266 2.778910
1.671926 2.898369
1.709766 2.986618
1.764169 3.127031
1.829668 3.250108
1.711163 3.142295
1.609032 2.981616
1.523982 2.745478
1.458352 2.501448
1.402145 2.154106
1.351116 1.890278
1.333699 1.753826
1.317674 1.683718
1.302527 1.701203
1.286739 1.816387
1.305810 1.966051
1.259382 2.049563
1.225092 2.113387
1.166885 2.186304
1.181858 2.237734
1.144899 2.299319
1.082046 2.416043
1.076011 2.541684
1.038999 2.487331
0.984072 2.619658
1.013548 2.850769
1.000708 3.017043
1.043372 3.175408
1.077010 3.212589
1.061711 3.131272
1.052601 3.022978
1.021844 2.894219
0.995988 2.750948
0.907595 2.564294
0.887028 2.356629
0.839648 2.152876
0.835805 2.009456
0.823808 1.893014
0.822275 1.897501
0.811666 1.932334
0.794431 1.987295
0.745526 2.081697
0.740830 2.070753
0.778170 2.178996
0.840015 2.263190
0.890840 2.369196
0.938043 2.413869
0.969032 2.449151
0.960247 2.451298
0.893859 2.369044
0.838523 2.196179
0.845425 1.974171
0.790183 1.775111
0.788819 1.646005
0.808124 1.566229
0.791629 1.541930
0.803949 1.587098
0.812187 1.673285
0.824219 1.758315
0.841261 1.889950
0.883119 2.035328
0.900475 2.209637
0.897127 2.388282
0.906990 2.520872
0.863113 2.641620
0.914537 2.812349
1.005629 2.844639
1.203608 2.877179
1.314582 2.679321
1.526396 2.610775
1.684363 2.590871
1.811778 2.593436
1.982661 2.580939
2.127694 2.588086
2.259864 2.568933
2.336652 2.505913
2.390382 2.477474
2.489139 2.481378
2.525853 2.422190
2.606767 2.274625
2.641167 2.255582
2.788977 2.267239
2.910306 2.135105
2.790280 1.975539
2.679619 1.859707
2.629544 1.766775
2.639765 1.736202
2.490313 1.635651
2.462026 1.619922
2.386492 1.607985
2.184776 1.593752
1.912534 1.541730
1.699594 1.503920
1.602649 1.496132
1.440328 1.365029
1.390351 1.365108
1.407831 1.325930
1.492680 1.316414
1.626674 1.331970
1.756350 1.332704
1.889391 1.348049
1.957537 1.300682
2.063685 1.247589
2.124801 1.216628
2.110617 1.191683
2.087696 1.151595
2.102222 1.126895
2.043871 1.109684
2.004650 1.109215
1.906090 1.112176
1.782998 1.089423
1.763085 1.092397
1.633472 1.092062
1.392563 1.103218
1.282342 1.146140
1.185937 1.114628
1.082141 1.053899
1.027109 0.996077
1.008736 0.935168
1.068975 0.919404
1.180789 0.911746
1.319845 0.913231
1.436111 0.919667
1.571441 0.930524
1.651921 0.923569
1.732401 0.940155
1.800486 0.960886
1.895467 0.991818
1.984238 1.067748
2.088064 1.129122
2.158874 1.154561
2.298532 1.202981
2.412381 1.247660
2.544699 1.304134
2.717033 1.351606
2.833145 1.341659
3.030592 1.386996
3.205220 1.390680
3.322516 1.335356
3.379652 1.286369
3.422877 1.300583
3.341967 1.358423
3.347834 1.467033
3.323384 1.623492
3.357471 1.822718
3.189915 2.001741
3.039546 2.176143
2.890937 2.338389
2.816139 2.481611
2.859853 2.693904
2.900133 2.926430
2.958030 3.175913
3.027249 3.458496
2.823573 3.448497
2.702190 3.592554
2.458694 3.679696
2.403810 3.803253
2.432332 4.021159
2.434142 4.209926
2.482120 4.277165
2.398725 4.213724
2.337500 4.014112
2.271482 3.693437
2.115674 3.377100
1.932590 3.110220
1.792858 2.816441
1.721064 2.602938
1.410715 2.297312
1.306658 2.128821
1.250504 2.070587
1.138428 2.088603
1.036535 2.034826
1.013610 2.042694
1.041005 2.116817
1.047196 2.234133
1.085529 2.365029
1.130216 2.574089
1.159201 2.711189
1.160998 2.795493
1.231554 2.915320
1.272407 2.953345
1.262371 2.989903
1.240885 2.966550
1.288735 3.080222
1.439596 3.181442
1.585899 3.223566
1.638551 2.941434
1.671102 2.669760
1.550455 2.209582
1.369101 1.833942
1.213026 1.691031
1.093183 1.586524
0.965995 1.530802
0.888134 1.505261
0.888282 1.549072
0.908308 1.597699
0.964981 1.703051
1.030726 1.837442
1.109674 1.985469
1.099191 2.081385
1.017049 2.087813
0.899940 2.045266
0.829503 2.057494
0.816667 2.193995
0.855078 2.333024
0.877081 2.440406
0.895047 2.528447
0.913355 2.607630
0.959998 2.694233
1.023512 2.814223
1.042058 2.978437
1.075653 3.154322
1.029034 3.296236
0.955043 3.351481
0.835326 3.131468
0.767070 2.860755
0.722752 2.532772
0.727798 2.335118
0.728068 2.176396
0.713286 2.043722
0.694850 1.985411
0.711557 1.957978
0.719631 1.938895
0.767194 1.958606
0.841967 2.086855
0.906599 2.317094
0.988061 2.552418
1.087217 2.804025
1.159405 3.014789
1.150115 3.099955
1.183632 3.108666
1.164573 3.096891
1.239940 2.941554
1.235317 2.990300
1.248561 2.876918
1.227834 2.712398
1.237611 2.548944
1.269012 2.403771
1.327784 2.141041
1.352514 1.990068
1.266400 1.834747
1.156779 1.709742
1.029692 1.607148
0.940478 1.557774
0.904766 1.499021
0.891615 1.539746
0.879120 1.616811
0.885652 1.704258
0.877835 1.829182
0.870519 1.907759
0.838807 1.930373
0.815357 1.955737
0.762622 1.989782
0.707547 2.018079
0.694378 2.059815
0.718342 2.116267
0.735788 2.228879
0.742048 2.417710
0.787562 2.589943
0.800242 2.707601
0.812219 2.792762
0.830640 2.838300
0.829144 2.917316
0.798565 2.985869
0.748062 2.908277
0.676726 2.686793
0.605541 2.423988
0.567487 2.090824
0.576718 1.834090
0.574319 1.701919
0.569520 1.662971
0.538506 1.601545
0.555731 1.605501
0.558709 1.523307
0.577735 1.422685
0.615563 1.412764
0.660369 1.425302
0.717438 1.504203
0.723159 1.522111
0.756288 1.587593
0.780992 1.641375
0.786303 1.690737
0.806532 1.724428
0.820547 1.713462
0.820276 1.743599
0.817866 1.760626
0.832862 1.810623
0.813075 1.803816
0.841136 1.811757
0.860999 1.844570
0.853464 1.838846
0.937121 1.795085
0.940912 1.675405
0.894045 1.501656
0.817622 1.345037
0.742077 1.248966
0.694075 1.248072
0.650844 1.266736
0.621543 1.342144
0.639922 1.437272
0.648532 1.558709
0.640955 1.602579
0.665892 1.693283
0.649999 1.717574
0.566277 1.616917
0.542498 1.550767
0.546724 1.533009
0.551807 1.527586
0.556681 1.470149
0.565620 1.432941
0.586859 1.472484
0.627142 1.553094
0.665115 1.629704
0.657671 1.548285
0.651662 1.402370
0.707308 1.279797
0.762235 1.214660
0.782715 1.199748
0.827148 1.199529
0.853946 1.195885
0.883020 1.200099
0.876301 1.203922
0.906165 1.161511
