0.165473
0.329702
0.537780
0.837373
1.266816
1.533104
1.597956
1.590956
1.567254
1.634726
1.753690
1.900329
2.017039
2.086401
2.128573
2.240281
2.444168
2.699338
2.888343
2.973344
2.954104
2.913526
2.833761
2.724671
2.569142
2.353652
2.111684
1.917846
1.779342
1.666774
1.536827
1.342433
1.128940
0.967394
0.814375
0.744074
0.620259
0.496203
0.410941
0.380022
0.214504
0.214313
0.233988
0.239220
0.132709
0.124661
0.321424
0.516679
0.681986
0.839735
1.030530
1.222959
1.413912
1.618096
1.780408
1.890587
2.014356
2.160039
2.383878
2.636072
2.985732
3.181901
3.282466
3.278613
3.141123
2.897338
2.653348
2.407741
2.192957
2.037774
1.889332
1.773010
1.660480
1.580934
1.534640
1.461510
1.295086
1.079168
0.853064
0.653206
0.440628
0.271117
0.171795
0.180509
0.332314
0.485885
0.675150
0.856560
0.998831
1.159592
1.336807
1.512890
1.650327
1.816837
1.971098
2.068112
2.171284
2.262313
2.364377
2.482847
2.618814
2.716171
2.814316
2.849754
2.796735
2.701474
2.579872
2.455572
2.309716
2.131051
1.943803
1.770780
1.604876
1.441047
1.287850
1.131222
0.969515
0.836896
0.785753
0.784244
0.760423
0.837685
0.944728
1.020701
1.066496
1.166091
1.221397
1.246874
1.220060
1.197058
1.161577
1.226771
1.309586
1.356221
1.435594
1.520430
1.611238
1.739768
1.894936
2.045015
2.219135
2.372204
2.546336
2.741026
2.964789
3.212319
3.458306
3.734159
3.994220
4.257753
4.466403
4.611157
4.743404
4.830110
4.926411
4.967928
5.016321
5.035614
5.055588
5.022088
4.962533
4.965861
4.957696
5.025344
5.099447
5.173384
5.274760
5.344502
5.409359
5.494153
5.488940
5.392762
5.225890
5.191561
5.203258
5.200194
5.303590
5.293163
5.295079
5.327510
5.344541
5.358281
5.316178
5.268111
5.180188
5.049974
4.972744
4.804429
4.733159
4.733969
4.797192
4.858559
4.958690
5.007656
4.918467
4.580886
4.028010
3.467183
2.850946
2.363382
2.302477
2.409260
2.607667
2.853930
3.118532
3.385931
3.652732
3.873747
4.049034
4.176963
4.217751
4.182591
4.163264
4.249994
4.406283
4.634611
4.933833
5.240910
5.530180
5.793812
6.047108
6.287531
6.482749
6.718967
6.904206
7.043418
7.113899
7.097018
7.032887
6.840130
6.638021
6.449643
6.282671
6.146145
5.979500
5.857791
5.749804
5.585565
5.417199
5.257351
5.102263
4.931687
4.757827
4.571020
4.381241
4.193164
3.989855
3.770090
3.573013
3.311944
3.045355
2.985118
3.014272
3.111912
3.241957
3.393028
3.538313
3.681689
3.837913
3.975528
4.155072
4.341467
4.540991
4.823433
5.159217
5.468586
5.733557
5.984997
6.140665
6.306056
6.534972
6.766572
7.039751
7.400552
7.717843
8.031610
8.253013
8.435543
8.509343
8.448727
8.252977
8.052891
7.777211
7.495381
7.195786
6.923811
6.671357
6.461168
6.240622
6.008885
5.810643
5.606981
5.376341
5.149898
4.936496
4.718933
4.475767
4.244415
4.041965
3.801789
3.630546
3.402939
3.260067
3.140732
3.101957
3.184295
3.340014
3.506349
3.656561
3.807800
4.033004
4.237334
4.480996
4.688823
4.878870
5.109998
5.313408
5.608651
5.877858
6.166385
6.578155
6.873435
7.129640
7.340798
7.530643
7.754852
7.967841
8.049297
8.079130
8.062407
8.012785
7.929461
7.853596
7.784410
7.710236
7.676001
