110
100
100
100
100
100
110
100
150
160
160
160
160
150
160
150
150
160
220
220
220
210
220
220
220
220
210
220
220
270
270
270
270
270
270
270
330
330
330
320
330
330
330
320
330
330
330
320
330
330
330
330
330
320
330
330
330
320
330
330
330
320
330
330
330
320
330
330
330
330
330
380
380
390
380
380
380
390
380
390
380
450
440
440
440
450
440
500
500
500
500
500
500
500
500
500
550
550
560
560
560
560
560
610
620
610
620
620
610
620
620
610
620
620
670
680
730
730
740
730
810
810
800
810
800
810
800
810
800
870
940
930
940
930
940
930
1010
1000
1060
1060
1060
1060
1060
1060
1070
1060
1060
1130
1130
1130
1140
1130
1130
1130
1130
1140
1130
1130
1190
1200
1200
1190
1200
1190
1190
1200
1250
1250
1320
1330
1330
1320
1330
1320
1330
1330
1320
1330
1320
1330
1400
1400
1390
1400
1470
1460
1470
1470
1470
1460
1470
1470
1470
1460
1470
1540
1540
1540
1550
1600
1600
1680
1670
1680
1670
1680
1670
1670
1670
1680
1670
1670
1670
1750
1750
1740
1750
1750
1740
1820
1870
1870
1890
1870
1870
1890
1870
1970
1960
1960
1970
1960
1970
1960
1960
1970
1960
1970
1960
1970
1960
1970
1960
1960
1970
1960
1960
1970
2030
2110
2110
2110
2100
2110
2110
2110
2110
2100
2100
2110
2110
2110
2110
2100
2110
2190
2180
2180
2190
2190
2190
2180
2190
2190
2190
2280
2280
2280
2280
2280
2280
2340
2330
2340
2330
2340
2420
2410
2420
2420
2420
2490
2480
2490
2490
2490
2560
2560
2570
2570
2580
2560
2570
2570
2570
2570
2570
2570
2650
2660
2730
2730
2720
2730
2720
2730
2730
2810
2810
2810
2820
2810
2810
2810
2810
2810
2810
2810
2810
2810
2820
2810
2810
2810
2810
2810
