60
130
170
220
260
300
360
400
450
500
550
550
540
550
550
540
540
550
540
540
550
540
540
540
550
540
540
540
540
540
550
540
540
540
550
540
540
540
550
540
550
540
550
540
540
550
540
540
550
540
550
540
540
550
540
550
540
540
540
550
540
550
540
540
540
550
540
540
540
540
540
550
540
540
540
550
540
540
540
550
540
550
540
540
540
540
540
540
550
540
540
550
540
540
550
540
540
550
540
540
550
540
540
550
540
540
550
540
540
550
540
550
540
540
540
550
540
540
540
550
540
550
540
540
540
540
550
540
540
540
550
540
540
540
540
540
540
540
540
540
550
540
540
540
540
540
540
540
540
550
540
550
540
540
540
550
540
540
550
540
550
540
540
550
540
550
540
540
540
540
550
540
540
540
540
550
540
550
540
540
550
550
540
530
540
550
550
540
550
550
560
550
550
550
540
540
550
550
540
480
330
330
340
330
330
330
330
330
330
330
340
330
330
340
330
330
330
330
340
330
340
330
330
340
330
330
340
330
330
340
330
340
330
330
340
330
330
330
340
330
330
340
330
330
330
340
330
330
340
330
330
340
330
330
330
340
330
330
330
340
330
330
340
330
330
340
330
330
340
330
330
340
340
480
490
540
550
550
550
540
550
550
550
540
550
550
550
540
550
550
550
540
550
550
550
540
550
550
540
540
540
540
560
550
550
550
550
550
550
560
550
550
550
550
550
550
550
550
550
550
560
540
540
550
550
550
550
550
550
550
550
550
550
550
550
550
