2.047475 2.033048
2.053523 2.043723
2.054820 2.058070
2.055562 2.082863
2.055798 2.127808
2.056659 2.185132
2.060881 2.255511
2.065739 2.341706
2.072344 2.443041
2.078623 2.562342
1.942689 2.669186
1.832894 2.777737
1.785517 2.941180
1.742284 3.090046
1.675540 3.195251
1.626349 3.309417
1.629835 3.447856
1.679071 3.618751
1.702021 3.696075
1.774416 3.820271
1.695728 3.553916
1.601587 3.047744
1.497548 2.726050
1.488423 2.380737
1.462608 2.092739
1.438436 1.931649
1.341746 1.842779
1.247444 1.865149
1.163926 1.960122
1.104512 2.066517
1.054840 2.157096
1.056064 2.230812
1.039156 2.270866
1.041251 2.359617
1.059499 2.439235
1.046331 2.494167
1.003633 2.541591
1.007833 2.643930
0.975135 2.732871
1.002784 2.845138
1.005095 2.900526
0.970664 2.890396
0.940921 2.753805
0.882091 2.550354
0.812870 2.321573
0.734400 2.072834
0.732190 1.923060
0.703576 1.761036
0.702314 1.619658
0.700445 1.560867
0.693997 1.554174
0.713990 1.624320
0.724398 1.742962
0.677563 1.925853
0.661369 2.144864
0.700107 2.368175
0.738947 2.524623
0.769927 2.643870
0.771603 2.698634
0.777549 2.693308
0.721417 2.575917
0.649289 2.353538
0.595899 2.153161
0.558830 1.912302
0.576668 1.779365
0.579181 1.585725
0.608282 1.465101
0.606750 1.411886
0.632062 1.403406
0.618872 1.469256
0.638685 1.580999
0.668541 1.738093
0.732078 1.930265
0.785691 2.096128
0.767568 2.200458
0.733208 2.245071
0.696749 2.302569
0.711090 2.349164
0.666373 2.332801
0.671758 2.314202
0.738886 2.288853
0.863823 2.329390
0.926378 2.310234
1.054405 2.368374
1.126461 2.396253
1.130547 2.411450
1.251690 2.431193
1.340826 2.374766
1.399312 2.387261
1.452012 2.388000
1.623820 2.355029
1.793186 2.336119
1.898076 2.295583
2.015743 2.264312
2.074636 2.205595
2.238739 2.189092
2.378927 2.171441
2.528087 2.087509
2.683994 2.103132
2.757279 2.067690
2.839940 2.008587
2.881845 2.001686
2.784500 1.997816
2.677312 2.059244
2.520256 2.068382
2.306433 1.998217
2.094154 1.851150
1.895415 1.735153
1.757824 1.662727
1.638587 1.566315
1.580058 1.547294
1.627528 1.516709
1.656755 1.511277
1.730916 1.515810
1.811036 1.538736
1.852227 1.590461
1.863463 1.631439
1.996718 1.696895
2.101056 1.724362
2.202261 1.716693
2.212374 1.757860
2.134339 1.723152
2.084484 1.743801
1.803845 1.584840
1.719056 1.494078
1.614457 1.449642
1.503038 1.422949
1.339312 1.435627
1.167973 1.421372
1.073985 1.404179
0.998565 1.361410
0.995212 1.352609
1.039993 1.354200
1.104979 1.317322
1.171000 1.261085
1.234168 1.243264
1.303919 1.242475
1.426705 1.250591
1.541784 1.245776
1.601604 1.261518
1.567904 1.258752
1.690699 1.285295
1.763929 1.293419
1.857859 1.297178
2.011857 1.329509
2.082755 1.345511
2.278964 1.366767
2.468099 1.372915
2.691670 1.387322
2.943914 1.426157
2.999145 1.394473
3.045716 1.378772
2.982446 1.365586
2.922274 1.439587
2.877115 1.513224
2.837778 1.643295
2.822986 1.809086
2.793733 2.005632
2.755840 2.173054
2.752141 2.404698
2.495578 2.496020
2.289547 2.684594
2.154795 2.844287
1.999681 3.039974
1.930959 3.249395
1.937019 3.512789
1.951517 3.810701
1.966620 4.076163
2.012248 4.349943
2.073593 4.648526
1.975692 4.780623
1.836294 4.890875
1.816563 4.781445
1.727600 4.638689
1.672517 4.351634
1.565314 4.046542
1.535291 3.758474
1.441271 3.577868
1.386658 3.359321
1.351753 3.201246
1.235043 2.922232
1.197581 2.724073
1.164322 2.539020
1.176617 2.491803
1.214315 2.510555
1.232788 2.526890
1.309297 2.613252
1.357117 2.733379
1.410967 2.766955
1.444800 2.825473
1.367598 2.862648
1.368508 2.860176
1.282285 2.713952
1.210916 2.663660
1.218003 2.692955
1.257299 2.788934
1.333940 2.965296
1.400345 2.988119
1.483397 2.784888
1.481618 2.292193
1.489589 1.831516
1.387932 1.580011
1.280393 1.390800
1.174721 1.318020
1.120527 1.312261
1.073740 1.360135
1.043595 1.389031
1.035397 1.383918
1.056670 1.510304
1.091263 1.662240
1.141494 1.842549
1.175349 2.007766
1.163571 2.165263
1.140641 2.357651
1.109461 2.495402
1.064065 2.567650
0.956573 2.672995
0.970163 2.854296
0.991955 3.024986
1.023188 3.222115
1.051885 3.362747
1.116890 3.435113
1.150328 3.593221
1.199729 3.689509
1.180033 3.722082
1.182830 3.866494
1.106144 3.907014
1.020776 3.819728
0.876646 3.476042
0.811137 3.138576
0.775063 2.709809
0.770390 2.469995
0.715791 2.283856
0.704774 2.123446
0.714241 2.041318
0.754519 2.010004
0.825790 2.074318
0.901897 2.164200
1.004839 2.274068
1.153887 2.497020
1.273008 2.701001
1.411939 2.938293
1.549550 3.098631
1.620313 3.070994
1.578288 2.955705
1.561141 2.749872
1.459055 2.538472
1.306489 2.255266
1.303403 2.207387
1.295655 2.265572
1.283404 2.088839
1.205882 1.681983
1.199568 1.582579
1.136040 1.439157
1.056299 1.280608
0.971791 1.172606
0.930860 1.146158
0.916294 1.135788
0.901612 1.203765
0.902767 1.303347
0.892223 1.397911
0.892464 1.503875
0.900541 1.610754
0.849627 1.645576
0.818134 1.643338
0.748910 1.652659
0.730186 1.671722
0.696416 1.743382
0.668478 1.794754
0.631707 1.778139
0.639393 1.947655
0.655859 2.053779
0.687684 2.107551
0.712906 2.162006
0.750166 2.188994
0.760513 2.263135
0.744076 2.372440
0.692766 2.455305
0.629682 2.414975
0.618240 2.286719
0.606439 2.084739
0.592689 1.835190
0.620990 1.673745
0.616548 1.530433
0.621513 1.446007
0.627005 1.408212
0.638156 1.358147
0.675125 1.367422
0.728453 1.381049
0.792227 1.455401
0.868059 1.494116
0.946021 1.550698
1.009585 1.639332
1.039357 1.698877
1.059647 1.729206
1.058555 1.571313
1.006813 1.489654
1.007748 1.496590
0.886686 1.436342
0.857417 1.450033
0.904267 1.507569
0.884852 1.500666
0.900145 1.487477
0.922206 1.507254
0.909925 1.384426
0.908442 1.276121
0.895324 1.166016
0.872844 1.095431
0.853164 1.036755
0.841504 1.018259
0.824042 1.073561
0.798725 1.130437
0.806466 1.220161
0.820755 1.302664
0.826328 1.408409
0.782241 1.469985
0.693255 1.451764
0.677024 1.463914
0.673239 1.455378
0.673347 1.485953
0.668200 1.504935
0.661120 1.496953
0.675418 1.570570
0.682157 1.650473
0.659770 1.636660
0.663650 1.712692
0.687606 1.727632
0.744877 1.652476
0.852488 1.542620
0.942414 1.400484
1.003431 1.301667
1.080960 1.255011
1.147068 1.244511
1.187667 1.195849
1.240278 1.195571
1.305097 1.213410
