20
2840
2910
3000
3060
3120
3230
3300
3350
3450
2120
2850
2910
2990
3070
3140
3830
3480
3350
3460
2110
2860
2900
2980
3050
3720
3200
3280
3350
3440
2490
3480
2910
3030
3060
3580
3490
3270
3360
3470
2140
2870
2920
2990
3060
3140
3220
3290
3360
3980
2560
2840
2910
2980
3060
3130
3220
3290
3350
3430
2120
2840
2910
2980
3060
3120
3210
3270
3360
3420
2130
2840
2920
2980
3070
3130
3200
3280
3370
3420
2120
2910
2980
3050
3120
3220
3270
3350
3420
3500
2130
2830
2900
2980
3060
3120
3200
3280
3350
3420
3130
4000
4100
4190
4280
4410
4470
4590
4670
4760
3140
4000
4100
4190
4280
4380
4480
4570
4670
4790
3130
4000
4090
4210
4310
4370
4500
3880
3350
3420
2120
2840
2930
3000
3060
3130
3210
3280
3350
3430
2140
2840
2910
2990
3060
3130
3230
4570
4670
4770
3120
4020
4110
4190
4300
4390
4500
4570
4670
4770
3130
4030
4100
4200
4280
4380
4480
4570
4660
4770
3160
4020
4110
4230
4300
4390
4480
4640
4670
4780
3150
4020
4110
4270
4350
4450
4570
4620
4680
4790
3150
4050
4110
4210
4310
4400
4500
4580
4720
4780
3150
4010
4130
4200
4320
4420
4510
4590
4700
4780
3130
4020
4120
4210
4310
4390
4500
4600
4690
4780
3140
4040
4120
4220
4340
4440
4500
4650
4700
4820
3140
4020
4110
4200
4310
4400
4520
4100
3360
3430
2120
2830
2900
3000
3090
3120
3190
3270
3340
3440
2130
2830
2900
2970
3040
3120
3190
3270
3340
3410
2120
2830
2920
2980
3040
3120
3200
3270
3340
3450
2110
2820
2900
2970
3050
3120
3190
3270
3340
3410
2120
2840
2910
2980
3020
3000
3090
3140
3240
3300
2030
2710
2790
2850
2930
3000
3060
3140
3210
3300
2040
2740
2790
2860
2950
3020
3060
3140
3210
3290
2040
2710
2790
2850
2930
2990
3060
3140
3210
3280
2040
2710
2780
2860
2910
3000
3080
3150
3200
3290
2040
2760
2840
2890
2970
3040
