0.164815
0.335878
0.525457
0.700585
0.874388
1.048413
1.226682
1.396091
1.419224
1.400740
1.515173
1.698590
1.949792
2.113614
2.133009
1.989085
1.638526
1.214586
1.321635
1.343132
1.254479
1.147794
0.997909
0.923143
0.812818
0.674247
0.553910
0.432324
0.269585
0.221366
0.191283
0.224975
0.499318
0.760535
1.027159
1.196798
1.253334
1.377299
1.559825
1.667484
1.781067
1.800024
1.830248
1.811736
1.723000
1.564731
1.372446
1.342160
1.269697
1.181647
1.089653
0.905663
0.685998
0.541723
0.480042
0.472445
0.590386
0.721225
0.915409
1.305672
1.689531
1.992857
2.125956
2.244505
2.302133
2.196042
2.054332
1.884300
1.650142
1.432765
1.215828
1.031783
0.915302
0.836024
0.767572
0.822818
0.946500
0.949050
0.783261
0.395275
0.079103
0.567764
1.076909
1.506880
1.867061
2.122513
2.429970
2.688101
2.802244
2.920627
3.020118
3.137405
3.298535
3.440735
3.507044
3.651644
3.836311
4.177974
4.316012
4.494015
4.679818
4.758775
4.806304
4.832144
4.753920
4.673247
4.575120
4.439688
4.272923
4.149039
4.040340
3.975469
3.862413
3.774031
3.670876
3.596417
3.507491
3.412504
3.338754
3.268853
3.137690
3.063310
2.990619
2.946508
2.905397
2.971440
3.230394
3.551468
3.737250
3.755715
3.763625
3.831758
3.933065
4.046700
4.156633
4.280897
4.391193
4.489455
4.631394
4.754287
4.903529
5.061936
5.254193
5.447278
5.632627
5.846310
6.091586
6.351044
6.552776
6.690264
6.782433
6.769101
6.709046
6.654135
6.620839
6.675342
6.700392
6.763184
7.070738
7.399619
7.654272
7.835676
8.090423
8.275877
8.389935
8.507529
8.737748
8.955333
9.108744
9.467685
9.625219
9.647801
9.615395
9.752448
9.787700
9.736013
9.566953
9.422607
9.268907
9.066165
8.941567
8.928684
8.953674
8.873424
8.887144
8.831368
8.748479
8.583219
8.518656
8.432297
8.519756
8.600694
8.690208
8.768003
8.705859
8.294600
7.647428
6.576317
5.157554
3.962291
3.425428
3.503161
3.992317
4.513569
5.119913
5.754617
6.407149
6.971690
7.462052
7.872663
8.196001
8.484652
8.777980
9.063032
9.402229
9.763621
10.061550
10.323577
10.552298
10.989492
11.520428
11.882025
12.278577
12.637419
12.950655
13.171472
13.150618
13.108573
12.931505
12.316503
11.740631
11.283660
10.820141
10.268583
9.558339
8.625063
7.559055
6.566220
6.141865
6.195780
6.372666
6.610919
6.903268
7.275975
7.687996
8.127628
8.573969
8.961784
9.276954
9.522878
9.608219
9.604943
9.348516
9.060555
8.852570
8.789960
8.760694
8.687582
8.529951
8.359656
8.128961
7.860040
7.548772
7.338788
7.217659
7.125054
6.994666
6.828261
6.659790
6.556305
6.522432
6.604162
6.826779
7.159685
7.450083
7.602886
7.838292
8.150341
8.412449
8.405559
8.216472
8.140631
8.084553
7.983581
7.888795
7.791808
7.651394
7.607767
7.626464
7.715103
7.870509
8.071066
8.273647
8.533860
8.829691
9.174184
9.607093
9.988452
10.361808
10.725516
11.110938
11.479843
11.843719
12.129228
12.356233
12.385703
12.165385
11.803893
11.508886
11.192835
10.918289
10.665454
10.442049
10.226734
9.985994
9.706320
9.367472
8.976799
8.607488
8.258911
7.927661
7.653601
7.436416
7.314189
7.265282
7.295147
7.220403
6.996087
6.589592
6.243125
5.917015
5.666618
5.487502
5.418907
5.464043
5.542848
