2.041144 2.035242
2.043873 2.045251
2.041938 2.064790
2.044302 2.092594
2.043867 2.128942
2.048896 2.175982
2.052576 2.226283
2.055145 2.292272
2.056966 2.367374
2.060184 2.455364
2.069703 2.556387
2.077040 2.669092
2.086035 2.796379
2.089749 2.939671
2.103785 3.091384
2.117827 3.256634
2.130393 3.431588
2.143052 3.613853
2.166665 3.806987
2.189491 3.946674
2.228216 4.004312
2.266685 3.946127
2.272042 3.801170
2.255124 3.612173
2.243128 3.448335
2.233720 3.304943
2.234828 3.183558
2.242531 3.097109
2.255561 3.043966
2.273799 3.027450
2.297852 3.045537
2.329431 3.099703
2.368678 3.193512
2.409619 3.324008
2.457707 3.486043
2.513745 3.671159
2.574499 3.889230
2.643945 4.124568
2.726587 4.370510
2.808116 4.636449
2.902493 4.835721
3.017039 4.922869
3.092220 4.845103
3.078457 4.662415
3.004911 4.409202
2.941861 4.182925
2.887927 3.987375
2.844323 3.825788
2.811160 3.700462
2.790983 3.610103
2.789588 3.555809
2.796918 3.541407
2.819654 3.568533
2.857475 3.632039
2.901865 3.740753
2.970759 3.883456
3.048800 4.055323
3.144336 4.256568
3.247092 4.486942
3.360937 4.738930
3.485295 5.016147
3.624461 5.230419
3.776268 5.326479
3.865207 5.249717
3.825132 5.049419
3.710574 4.783613
3.615419 4.534678
3.537051 4.314340
3.468402 4.128650
3.416966 3.975883
3.383554 3.869813
3.367833 3.800045
3.368729 3.779066
3.386820 3.809708
3.429592 3.886848
3.486001 4.011408
3.557544 4.175611
3.642247 4.379766
3.776047 4.558222
3.961534 4.660567
4.199878 4.723655
4.474081 4.802147
4.773314 4.892771
5.093847 4.998017
5.427997 5.110062
5.775987 5.239533
6.139627 5.376206
6.506589 5.524402
6.883694 5.685760
7.264328 5.860707
7.653529 6.038262
8.043898 6.229469
8.429610 6.426368
8.823350 6.633741
9.218856 6.837261
9.616894 7.048894
10.014481 7.260739
10.408156 7.480325
10.806811 7.705280
11.210613 7.927363
11.614226 8.154002
11.921462 8.348277
12.063447 8.497445
11.969333 8.523932
11.689907 8.409846
11.299768 8.202560
10.917242 8.003786
10.548946 7.815614
10.186419 7.633610
9.831886 7.458995
9.487732 7.294460
9.154213 7.133662
8.833278 6.991202
8.523766 6.858586
8.236571 6.747512
7.963340 6.650922
7.725114 6.564482
7.498528 6.492066
7.299214 6.433426
7.123933 6.394930
6.971669 6.371551
6.847789 6.368257
6.750350 6.384502
6.687950 6.419360
6.651000 6.477037
6.676693 6.582739
6.750995 6.746072
6.827609 6.874570
6.864488 6.890723
6.905799 6.843981
6.972079 6.813229
7.067366 6.806490
7.189714 6.822606
7.339767 6.852533
7.515644 6.904336
7.709192 6.975844
7.935488 7.062472
8.182671 7.168817
8.448614 7.288319
8.732474 7.417931
9.030970 7.563474
9.340977 7.726792
9.659403 7.903552
9.993143 8.085832
10.335904 8.279629
10.690065 8.481216
11.054515 8.696109
11.426177 8.923250
11.803166 9.162924
12.185070 9.412888
12.468693 9.652199
12.612599 9.853860
12.678262 10.050861
12.764547 10.264667
12.857329 10.499627
12.960346 10.750426
13.074446 11.015459
13.196466 11.290447
13.332432 11.574034
13.474524 11.865074
13.616605 12.168847
13.774838 12.478764
13.942811 12.800552
14.120955 13.130282
14.301318 13.463759
14.491132 13.803469
14.685154 14.156005
14.885937 14.514742
15.097160 14.875267
15.315770 15.240188
15.541471 15.606539
15.616326 15.821613
15.496802 15.814397
15.250106 15.590659
15.017613 15.280719
14.792330 14.911247
14.582427 14.552100
14.384312 14.203857
14.200784 13.866853
14.025033 13.540200
13.860714 13.217993
13.697403 12.911578
13.547814 12.620122
13.415671 12.346381
13.298124 12.091651
13.187184 11.848718
13.089306 11.614112
13.004906 11.401185
12.942261 11.202436
12.892351 11.027099
12.856622 10.871150
12.837362 10.735964
12.832160 10.624879
12.836391 10.541028
12.856294 10.480673
12.896040 10.440665
12.945849 10.425481
13.011375 10.432365
12.994254 10.391758
12.851063 10.283100
12.677287 10.171819
12.563946 10.125153
12.491885 10.128183
12.435703 10.156625
12.396637 10.208775
12.374842 10.285930
12.365776 10.385380
12.370373 10.509129
12.389337 10.654165
12.424961 10.812551
12.475595 10.990113
12.537965 11.182485
12.613234 11.393359
12.701882 11.624194
12.810175 11.865441
12.924252 12.118673
13.057618 12.386225
13.198394 12.662333
13.352171 12.949554
13.520322 13.252519
13.692386 13.562912
13.880029 13.881705
14.073586 14.210174
14.282967 14.547230
14.501105 14.892980
14.613606 15.112940
14.571634 15.163484
14.407211 15.006279
14.211149 14.742103
13.997506 14.410181
13.797587 14.098623
13.605411 13.798492
13.422849 13.514944
13.255267 13.240674
13.106987 12.980975
12.970337 12.726976
12.846559 12.494479
12.735062 12.271677
12.643352 12.067303
12.566998 11.881702
12.501767 11.716507
12.459300 11.575735
12.433944 11.457514
12.425715 11.363498
12.436853 11.288038
12.463186 11.237943
12.509053 11.205664
12.566644 11.194712
12.633652 11.206022
12.721656 11.240465
12.759019 11.252207
12.724270 11.217500
12.636642 11.155285
12.540364 11.105521
12.447674 11.068465
12.383555 11.052812
12.331429 11.059856
12.294394 11.086410
12.281889 11.137029
12.288153 11.206250
12.308797 11.301323
12.344747 11.419065
12.392841 11.551313
12.461528 11.701981
12.546570 11.867075
12.649783 12.049929
12.768708 12.245462
12.902533 12.467975
13.047699 12.700533
13.207895 12.948830
13.376174 13.202099
13.562114 13.469911
13.756003 13.745538
13.965172 14.031520
14.183110 14.323665
14.409044 14.627170
14.559917 14.839789
14.596099 14.909157
14.501090 14.798796
14.324494 14.574762
14.109757 14.277974
13.906643 13.994698
13.714013 13.728720
13.535525 13.475239
13.369711 13.227154
13.221722 12.996431
13.091461 12.779768
12.973902 12.582631
12.868944 12.408096
12.785735 12.254738
12.717132 12.121726
12.662482 12.005973
12.628073 11.911014
12.612354 11.835031
12.610712 11.777444
12.631664 11.742696
12.668649 11.728414
12.723732 11.734846
12.787239 11.755015
12.866510 11.806613
12.962424 11.872955
13.077318 11.955748
13.207860 12.062092
13.299932 12.148468
13.335025 12.196335
13.290550 12.171909
13.189188 12.090484
13.064017 11.988074
12.955348 11.910421
12.861921 11.853847
12.778534 11.819595
12.713606 11.805496
12.671106 11.811189
12.639733 11.838719
12.624852 11.878840
12.629305 11.948346
12.650623 12.032601
12.685172 12.136050
12.740977 12.262391
12.812055 12.404257
12.899878 12.562625
13.005699 12.737224
13.126997 12.928144
13.265515 13.136931
13.417068 13.353591
13.584371 13.586732
13.711033 13.751858
13.770897 13.814280
13.801036 13.822854
13.846572 13.842980
13.909943 13.887051
13.988973 13.941843
14.083360 14.013810
14.199545 14.090261
14.324653 14.183998
14.473250 14.294392
