0.503520
0.505810
0.724157
0.762535
0.832504
0.915842
0.947260
0.970592
1.251478
1.435235
1.675300
1.885201
2.243852
2.727313
2.753264
2.451102
1.710284
1.655604
2.490167
3.324359
3.478262
4.211338
4.573069
4.847695
5.300063
5.788735
6.127707
6.128728
6.199098
6.183337
6.056168
6.141538
5.906703
6.100917
6.007804
6.280942
6.496941
6.967623
7.018600
7.382391
7.921699
8.393676
9.352168
10.112966
10.886614
11.104516
11.380176
11.644658
11.907495
11.692961
11.770015
11.771661
11.957528
12.018889
11.671471
11.081738
10.655523
10.313510
9.713900
9.148579
8.445158
7.961917
7.202688
6.493351
5.967557
5.370374
4.497270
3.776437
3.195256
2.567782
2.045685
1.478059
1.040356
0.865968
1.121519
1.313554
1.524438
2.160047
2.260362
1.887680
1.049953
0.785425
1.156889
0.968956
0.433180
1.158936
2.125700
2.806137
3.490735
3.990986
4.412159
5.620728
6.485007
7.158182
7.794273
8.187560
8.584619
8.668436
8.598511
8.100938
7.912815
7.743398
7.555161
7.663943
7.941139
8.245891
8.631457
9.474693
10.111213
10.638689
11.090804
11.353516
11.531886
11.669524
11.884871
12.007634
12.599407
12.980232
13.088091
13.376699
13.732335
13.340460
13.069988
12.854952
12.839012
12.238599
12.094955
11.336640
10.757271
9.986776
8.808888
7.707940
6.922320
6.043518
5.452981
4.475294
4.389735
4.507995
4.825641
5.393864
5.620280
5.892690
6.181577
6.186885
6.189344
6.387657
5.961836
5.056205
4.737024
4.882834
5.451661
5.507521
5.997736
6.942816
7.588389
8.206812
8.871609
9.155723
9.593133
9.818398
10.290277
10.642249
10.877992
11.321212
11.635432
12.056850
12.395331
13.001273
13.904920
14.866439
15.650791
15.774179
15.911929
16.454548
17.108464
17.787264
18.038885
19.071789
19.816706
19.948927
19.774938
19.476198
19.092033
18.907279
19.039835
20.809759
21.670705
22.363435
22.861267
23.093400
23.182761
23.111384
22.747353
23.010540
23.965601
25.135447
26.822202
28.086385
29.395358
30.410876
31.508718
32.677073
33.864006
34.696479
34.961077
34.869530
33.623483
31.946962
30.444215
29.487528
28.726451
27.708429
27.131702
26.667539
25.984010
25.360425
24.471632
23.586902
22.778747
21.867395
21.097252
21.030594
20.912172
20.102923
18.965929
18.613591
18.623077
18.655110
19.175632
19.127723
20.414641
21.047211
21.111642
21.146675
21.161122
21.222363
21.481370
21.563305
21.811223
21.825245
21.719023
21.746097
21.753569
21.868111
22.274143
22.946536
23.363528
24.008145
24.458882
24.250612
23.855035
22.746904
21.380276
20.894443
20.250114
19.435451
18.675173
17.735659
16.273625
15.576109
15.081627
15.490688
15.893336
16.724376
17.361746
17.849969
18.034112
18.185704
18.453212
18.702570
19.050503
19.668108
20.297132
21.079775
20.381923
20.882961
21.392241
21.598325
21.682098
21.534158
20.984482
20.386750
19.798061
19.368014
19.005687
18.358741
17.969392
17.997050
18.764202
19.783229
20.738005
21.293679
21.681370
20.529359
19.850868
18.719272
19.261047
22.485175
25.346096
25.372002
24.422689
23.862641
22.942261
21.713764
21.943979
22.036335
21.366071
20.830933
20.931394
21.295211
21.667011
21.818452
22.030920
22.078678
22.276582
22.486759
22.309614
22.065987
21.953220
21.840933
21.781649
21.802829
22.011761
23.208505
24.215257
25.417644
26.598738
27.380466
27.892993
28.420302
28.150330
27.434754
27.148710
27.793549
28.236663
28.468989
29.623376
30.287579
31.531719
32.743769
34.735372
35.927256
35.676253
34.918211
34.039281
33.460415
32.895000
32.026674
31.447964
30.639532
29.959246
30.313865
30.385833
31.416512
32.123045
33.103794
33.300679
33.392618
33.264966
33.866266
34.195187
34.275916
34.374332
33.864640
33.896067
33.458755
33.030059
32.596042
32.275573
31.948071
32.030910
33.298882
35.200659
36.627950
37.906804
38.658649
39.333838
40.368853
41.024111
41.534467
41.973702
42.505370
43.204614
43.192673
43.024628
42.650306
42.326090
42.534871
42.368252
42.419031
41.692892
41.387758
40.922054
40.411207
39.564147
39.304116
38.807434
38.102661
37.496711
36.612915
35.712090
34.734845
34.261491
34.013565
33.767474
33.657592
33.459536
33.129965
32.809702
32.472738
32.092943
31.790385
31.520363
31.423771
30.845737
29.981462
29.424517
28.472933
27.688486
27.915589
28.421527
28.680302
29.019182
29.453571
30.075262
30.536802
28.506035
26.689812
25.165815
24.221898
23.521318
23.188041
22.409390
21.783640
21.371780
20.934580
20.822869
21.127089
21.268739
21.521909
21.672540
22.068406
22.319752
23.248012
24.000747
24.117297
24.099098
24.508655
24.832672
25.294640
25.740372
28.041544
33.622469
37.534135
39.763096
41.179396
42.127705
42.700417
43.113500
43.524653
43.810632
44.296918
44.588593
44.150642
44.730048
45.354504
45.316897
45.064521
44.932595
44.988651
44.887955
44.979275
44.555156
44.247845
43.618555
43.185239
42.959267
42.144448
41.582213
41.071427
40.208610
39.824284
38.977440
38.268989
37.421974
36.753791
36.043912
35.483264
35.316814
35.038985
34.552818
34.424850
34.798464
34.463285
34.519960
34.969211
35.489779
35.863129
36.065667
36.057873
34.968544
33.452754
32.875562
31.221537
29.652951
28.517781
27.861847
27.635550
28.292913
29.039749
29.445313
30.300483
31.135966
31.842730
32.137134
32.320521
33.003732
33.701154
34.693710
35.619504
36.449531
37.341953
37.998334
38.757738
39.565492
40.497249
41.463725
42.911315
43.867988
45.121165
46.089697
47.020701
47.979260
48.339506
47.625492
47.657344
46.926962
46.469863
45.658373
45.052892
44.284776
43.790510
43.642264
43.142300
42.818817
42.321585
41.798639
41.440735
40.596290
39.727173
38.742021
37.781600
37.009439
36.050208
34.938729
34.001064
32.757213
31.789712
31.149687
29.154739
27.455907
