2.045855 2.081143
2.094345 2.105707
1.957162 2.079777
1.965547 2.102053
1.938333 2.139844
1.913135 2.069153
1.689657 1.968794
1.609950 1.885607
1.594319 1.888780
1.563021 1.917171
1.615073 2.028613
1.509614 2.048119
1.546770 2.173452
1.703357 2.012523
1.860540 2.014660
2.511358 2.504623
3.280505 2.782850
3.987584 3.117427
4.127926 3.165955
3.959213 3.154204
3.831990 3.044755
3.605361 2.781598
3.482927 2.623307
3.316020 2.721342
3.207180 2.627987
3.300287 2.790661
3.419158 2.921260
3.667299 3.180941
3.928617 3.362955
4.045148 3.596595
4.191898 3.946227
4.183936 3.951683
4.115584 3.811477
3.922170 3.909060
3.946260 3.919391
3.792945 4.098416
3.458471 3.737025
3.302793 3.513606
3.306882 3.466951
3.306591 3.476711
3.405551 3.565373
3.438236 3.187910
3.458773 3.188825
3.491824 2.874989
3.456477 2.831722
3.378022 2.871100
3.046489 2.868843
3.227781 3.034728
3.305657 3.146901
3.481172 3.594858
3.606182 3.907315
3.412893 3.914360
3.031140 3.691522
2.947807 3.489333
2.860677 3.395005
2.961655 3.537727
3.227731 3.706161
3.336170 3.879958
3.619255 4.092345
4.034460 4.641057
4.427686 4.793614
4.651237 4.899582
4.862462 5.085036
5.161661 5.341792
5.446925 5.310513
5.630509 5.293869
5.853918 5.430398
5.960251 5.465824
5.819882 5.441978
5.789064 5.339297
5.926984 4.792308
5.653155 4.498196
5.519956 4.351965
5.507583 3.463724
5.423000 3.261687
5.225093 3.241615
5.090431 3.239153
5.129038 3.167952
5.428660 3.604938
5.532435 3.697562
5.746703 3.872415
5.662570 3.965431
5.719652 4.225302
5.211857 4.142148
4.977178 4.059808
4.528354 3.907112
4.269660 3.452552
4.212607 3.355502
4.049837 3.406529
4.050534 3.431675
4.112251 3.473346
3.601868 3.085351
3.266820 2.602458
3.099086 2.680298
3.232511 2.634605
3.265960 2.768799
3.262119 2.871587
3.122557 3.044340
3.319260 3.196354
3.530667 3.465499
3.754520 3.682963
3.866266 3.743880
3.967888 3.913054
3.655249 4.050796
3.857828 4.076104
3.570920 4.127979
3.812470 4.389830
4.044334 4.669345
4.351638 5.005918
4.460836 5.208111
4.241826 5.262246
4.144526 5.163563
3.994657 4.814405
3.622632 4.548704
3.308310 4.289685
2.866496 4.282172
2.994129 4.286244
3.056830 4.226686
3.094599 4.117205
3.055790 3.873207
3.026347 3.819381
2.833775 3.798967
2.667623 3.736009
2.736861 3.459925
2.806157 3.208209
2.879618 3.094822
2.931796 3.087000
3.130046 3.237003
3.363279 3.426160
3.827378 4.008443
4.216798 4.401363
4.448822 4.641994
4.641268 4.829542
4.656268 4.895840
4.717284 4.889172
4.655081 4.776298
4.862269 4.845231
5.137501 5.218522
5.599557 5.746592
6.315419 6.324695
6.767913 6.688652
6.899926 6.778543
6.975256 6.667332
6.912235 6.633938
7.107159 6.629950
7.257131 6.494514
7.075069 6.408076
6.983236 6.567995
6.750449 6.588639
6.573362 6.222772
6.599762 6.208320
6.228001 5.993923
5.650948 5.718608
4.753524 5.138722
3.991036 4.484258
3.908480 4.354482
4.011755 4.399905
3.542238 4.376220
3.654474 4.475199
3.690060 4.576741
3.779559 4.586468
3.250328 4.464801
3.157238 4.043772
2.984465 3.901664
2.949154 3.646546
2.571397 3.363552
2.616029 3.159621
2.624603 3.100923
2.730743 3.131921
2.537484 3.315255
2.703195 3.409015
2.930550 3.375800
2.883768 3.320218
2.694052 3.284531
2.218473 3.109306
2.200132 3.147829
2.199931 3.052008
2.109678 3.036551
2.155532 3.091030
2.199880 3.003666
2.042444 2.962340
2.087928 3.000472
2.318052 3.101870
2.453144 2.961843
2.295026 2.516132
2.700004 2.934176
2.936342 3.277285
3.124895 3.389232
3.121785 3.302839
2.887552 3.080925
2.584605 2.824280
2.498930 2.734331
2.778232 3.146244
3.417314 3.779144
4.284003 4.419567
4.914102 4.855575
5.499546 5.369462
5.957181 5.866589
6.299645 6.176512
6.700423 6.521890
6.994978 6.754893
6.891612 6.829474
6.836752 6.777901
6.587605 6.913033
6.700992 7.089037
6.967327 7.234418
7.171476 7.571592
7.132774 7.896724
7.017910 8.219967
7.104933 8.240937
7.175166 8.346904
7.280417 8.262775
7.147894 8.120080
6.747036 8.020046
6.478243 7.920884
6.255297 7.614409
5.969613 7.650351
6.040654 7.644394
5.715315 7.472276
5.794499 7.437827
5.614007 7.397752
5.627373 7.275991
4.216205 6.839433
3.641243 6.514732
3.607620 6.375176
3.489650 6.044523
3.316035 5.498632
3.223399 5.048318
3.141705 5.082020
3.193304 4.758337
3.331629 4.694380
3.083931 3.848494
2.547219 3.201516
2.210855 2.701787
2.155256 2.484888
2.320164 2.650142
2.340770 2.721698
2.525144 2.954765
2.681393 3.419535
3.198176 3.823408
3.625346 4.347163
4.034457 4.703744
4.320856 5.085807
4.349100 5.168681
4.462907 5.129767
4.410107 5.201019
4.376799 5.326193
4.475989 5.512465
4.315395 5.555142
4.212275 5.549438
4.086300 5.367932
3.996900 5.471233
3.912396 5.104854
3.844228 5.072719
3.875589 4.815401
3.625625 4.670250
3.569081 4.509382
3.359905 4.111612
3.204243 3.986057
3.060325 3.769514
2.743343 3.679186
2.712733 3.321535
2.688155 3.165706
2.593762 3.198319
2.605339 2.905344
2.673076 2.743180
2.613704 2.668294
2.674735 2.704121
2.832817 2.857434
3.020743 3.024972
2.917090 3.229244
3.114727 3.489362
2.989350 3.265987
2.893551 3.237645
2.940778 2.945187
3.058487 2.980595
3.028285 2.982095
2.940097 2.884097
2.940833 2.736286
2.889153 2.741515
2.721065 2.800857
2.894284 2.993001
3.148452 3.161556
3.459601 3.379756
3.983023 3.745554
4.235983 3.980150
4.612561 4.471080
4.839109 4.884162
5.330063 5.098505
5.440238 5.212394
5.495563 5.381471
5.457546 5.393649
5.349741 5.076958
4.997479 5.027824
4.884155 4.941223
4.455965 4.870925
4.762232 5.156692
5.017742 5.798210
5.329914 6.624339
5.617357 6.884824
5.793288 7.088669
5.272885 7.137147
4.982275 7.065248
4.619187 6.725319
4.228541 6.288109
3.849925 6.240135
3.561725 5.834717
3.378765 5.567399
2.672216 5.170148
2.719346 4.748504
2.735798 4.619083
2.549091 4.189415
2.438334 3.903507
2.246957 3.241535
2.336814 3.243745
2.129061 3.114764
2.199278 2.951279
2.453661 3.068754
2.686500 3.283288
2.707257 3.218996
2.963516 3.310595
2.899337 3.044773
2.865608 2.879642
2.711680 2.871777
2.616856 2.892134
2.336799 2.997983
2.074785 2.713954
2.085553 2.826253
2.177902 3.019537
2.345282 3.088977
2.515333 3.351197
2.941305 3.626154
3.323692 4.263531
3.553545 4.846449
3.643518 5.148927
3.909877 5.247457
4.239644 5.470460
4.353643 5.525004
4.709990 5.757877
4.975086 5.692382
5.290456 5.904703
5.385748 5.603180
4.848578 4.996726
5.031153 5.163653
4.972899 4.903051
4.524963 4.451350
4.042774 4.085754
4.088908 4.012630
4.242262 4.272580
4.364173 4.411707
4.065533 4.117073
3.858557 3.839456
3.596267 3.542448
3.470153 3.173209
3.589950 3.389673
3.604872 3.588523
3.360673 3.418087
3.009446 3.001674
2.870190 2.654385
2.854335 2.535085
2.798225 2.525600
2.903590 2.484671
2.752227 2.643312
2.463916 2.387052
2.599094 2.553116
2.519631 2.466009
2.741020 2.693641
2.535820 2.527199
2.276524 2.560056
2.287301 2.463336
2.360325 2.469307
2.417802 2.587126
2.664742 2.794706
3.038918 3.086445
3.662704 3.552210
4.235089 4.203185
4.652517 4.729883
5.075111 4.909265
5.488739 5.050459
5.767698 5.104186
5.869869 5.441792
5.959554 5.321803
5.465116 4.853328
5.270327 4.380237
5.016306 4.182468
4.767849 3.835118
4.711576 3.843821
4.595111 3.857222
4.439613 4.009738
4.481483 3.966290
4.358537 3.750483
3.914717 3.483679
3.893543 3.486332
3.494389 3.362625
3.657448 3.450919
3.786357 3.536282
4.011806 3.752400
4.519036 4.128707
4.818585 4.447799
5.180143 4.924418
5.441706 5.161977
5.444321 5.357111
5.062652 5.181418
4.997453 4.933708
4.739422 4.659656
4.364414 4.277461
4.317112 3.899247
4.021942 3.661557
3.693058 3.557199
3.599910 3.469929
3.660453 3.457393
3.445106 3.522966
3.328338 3.373459
3.275116 3.183374
3.373249 3.374526
3.473996 3.392731
3.620477 3.661005
4.061882 3.980982
4.318478 4.280472
4.349387 4.227027
4.439752 4.199846
4.551200 4.381539
4.411152 4.225206
4.105275 3.968537
3.707968 3.792863
3.563785 3.715597
3.787954 3.872817
3.672169 3.905921
3.744552 3.951397
3.711437 3.737459
3.485772 3.705099
3.309082 3.652860
3.444139 3.789090
3.279267 3.860214
3.056271 3.879965
3.062751 3.729582
3.090796 3.781592
3.132252 3.741219
3.190465 3.751397
3.128761 3.726622
3.139041 3.688925
3.249514 3.878098
3.172294 3.807844
3.548994 4.245581
3.768865 4.463292
3.945147 4.663174
4.124194 4.806824
4.388147 5.049991
4.643106 5.121212
4.813745 5.296072
4.976074 5.379317
5.324116 5.313186
5.746886 5.673029
6.086390 6.014070
6.373991 6.366303
6.885205 6.795087
7.099897 7.296645
7.216811 7.521584
7.376533 7.668163
7.656941 7.888553
6.933981 7.627437
6.274675 7.255384
5.523924 6.845149
5.006275 6.580885
4.436020 6.334434
3.400677 6.002718
3.325390 5.368039
2.513540 4.751311
2.622223 4.493979
2.349177 4.386460
2.274385 4.035649
2.335984 3.856812
2.457041 3.661158
2.532727 3.452038
2.910545 3.569057
3.173083 3.666941
3.256051 3.745512
3.120499 3.626839
3.317744 3.822908
3.514292 3.996551
3.595807 3.947511
3.424399 4.031978
3.220045 3.890683
3.158246 3.847371
3.274983 3.772000
3.200176 3.677094
3.316739 3.674343
3.280267 3.371237
3.307838 3.496359
3.390267 3.276127
3.357743 3.152039
3.468667 3.351610
3.458133 3.126430
3.293732 3.029757
3.564795 3.038899
3.321681 2.800853
3.172550 2.783597
2.835179 2.840732
2.878537 2.968497
2.779960 2.890538
3.009196 3.181910
2.940660 3.205581
2.552475 2.714771
2.531479 2.615375
2.473845 2.687059
2.400224 2.437122
2.293265 2.427843
2.303182 2.349747
2.295264 2.538326
2.245818 2.513884
2.212350 2.621221
2.417133 2.837599
2.323136 2.941973
2.378439 2.930965
2.467311 2.993044
2.482560 3.038850
2.647105 3.028140
2.786933 3.180943
2.993231 3.378242
3.249318 3.646926
3.495471 3.886631
3.514721 4.034063
3.590032 4.011451
3.451950 4.028155
3.500455 4.048538
3.665353 4.041810
3.653121 3.926734
3.902283 4.118631
4.087077 4.053027
3.759420 4.184858
3.878061 4.114070
3.413353 3.890977
3.108840 3.418427
3.059925 3.235017
2.831164 3.163166
2.569514 2.663560
2.583332 2.665155
2.561768 2.675283
2.286573 2.777164
2.353573 2.834131
2.275170 2.893590
2.218802 2.998697
2.187995 2.832786
2.222858 2.894612
2.292806 2.982114
2.492526 3.254055
2.789275 3.682271
3.053384 3.985696
3.622862 4.315708
3.965148 4.639486
4.229413 4.884960
4.491721 5.113139
4.739030 5.370835
4.960355 5.644189
5.160267 5.811238
5.393524 5.960594
5.648855 6.132428
5.929979 6.370647
6.062127 6.382017
6.699852 6.976475
7.234134 7.436143
