90
140
190
230
280
330
370
430
480
520
590
580
580
580
570
570
580
580
580
580
580
580
580
580
580
580
570
570
580
580
590
580
570
570
580
580
580
580
580
580
580
580
580
580
570
580
580
580
580
580
580
580
580
580
580
580
580
580
580
580
580
580
580
580
570
580
580
580
580
580
580
580
580
580
580
580
580
580
580
580
580
580
580
580
570
580
580
580
580
580
580
580
580
580
580
580
580
580
570
580
590
570
580
580
580
580
580
580
580
580
580
580
580
580
580
580
580
570
580
580
590
580
570
570
580
580
580
580
580
580
580
580
580
580
580
580
580
580
580
580
580
580
580
580
570
580
580
580
580
580
580
580
580
580
580
580
580
580
570
580
590
580
580
570
580
580
580
580
580
580
580
580
580
570
570
580
580
580
580
580
580
580
580
580
570
570
580
580
580
580
580
580
580
580
570
570
580
580
580
580
580
580
580
580
580
570
570
580
580
580
580
580
580
570
580
580
580
580
580
580
580
580
580
580
580
580
570
580
580
580
580
580
580
580
580
580
580
580
580
580
580
580
580
580
580
580
570
580
580
580
580
570
580
580
580
580
580
570
580
580
590
580
570
580
580
580
580
580
580
580
580
580
580
580
580
580
580
580
570
580
590
580
580
570
580
580
580
580
580
580
580
580
580
580
580
580
580
580
580
570
580
580
580
580
580
570
580
580
580
580
580
580
580
580
580
580
590
580
580
580
580
580
580
580
580
570
580
580
580
580
590
570
580
580
580
580
580
580
580
570
590
570
580
580
580
580
580
580
580
570
580
580
580
580
570
580
580
580
580
580
580
580
580
580
570
570
580
580
580
580
580
580
580
580
580
580
580
580
580
580
580
580
580
580
580
570
580
580
580
580
580
580
580
580
580
580
580
580
580
580
580
580
580
570
580
580
580
580
580
580
580
580
580
570
570
580
580
580
580
580
580
580
580
580
580
580
570
570
580
580
590
570
580
580
580
580
580
580
580
580
580
580
580
580
580
580
580
580
570
580
590
580
580
570
580
580
580
580
580
580
580
580
580
580
580
580
580
570
580
580
580
580
580
580
580
580
580
580
580
580
580
580
570
580
580
580
580
580
580
580
580
580
580
580
580
570
570
570
580
580
590
570
580
580
580
580
580
580
580
580
580
580
580
580
580
570
580
580
580
580
590
570
580
580
580
580
580
580
580
580
580
580
580
580
580
570
580
580
580
580
580
580
580
580
580
580
580
570
580
580
590
570
580
580
580
580
580
580
580
580
580
