3020
3010
3030
3030
3020
3020
3030
3020
3010
3150
3010
3010
3020
3010
3010
3020
3010
3020
3010
3120
3010
3020
3020
3010
3020
3020
3020
3030
3010
3120
3010
3010
3040
3010
3010
3020
3030
3020
3020
3120
3020
3020
3030
3000
3020
3030
3040
3030
3020
3120
3010
3030
3020
3020
3020
3010
3020
3010
3020
3130
3010
3020
3010
3000
3020
3030
3020
3030
3040
3130
3030
3020
3030
3030
3050
3050
3020
3040
3050
3140
3020
3020
3030
3020
3030
3040
3020
3020
3020
3140
2980
3030
3030
3030
3030
3020
3050
3030
3030
3170
3030
3020
3040
3040
3070
3050
3060
3060
3070
3230
3120
3120
3070
3090
3110
3080
3090
3060
3050
3200
3060
3040
3050
3040
3040
3060
3050
3080
3080
3220
3100
3080
3070
3060
3070
3090
3090
3070
3090
3200
3070
3100
3090
3100
3110
3150
3130
3110
3080
3200
3060
3080
3120
3100
3080
3070
3070
3100
3110
3220
3070
3110
3100
3090
3100
3100
3080
3110
3120
3250
3090
3120
3120
3110
3130
3130
3110
3130
3130
3260
3200
3170
3180
3200
3200
3160
3170
3060
3060
3190
3040
3050
3080
3040
3070
3050
3040
3060
3050
3220
3070
3060
3060
3070
3110
3140
3160
3160
3100
3210
3080
3180
3200
3160
3170
3200
3200
3240
3210
3320
3220
3200
3230
3210
3220
3240
3170
3150
3190
3320
3250
3250
3220
3180
3180
3180
3130
3090
3060
3180
3030
3040
3050
3050
3100
3070
3060
3070
3070
3180
3060
3060
3090
3070
3050
3080
3030
3060
3050
3170
3100
3110
3090
3080
3060
3130
3110
3110
3110
3250
3110
3090
3120
3110
3100
3110
3140
3090
3080
3160
3030
3040
3030
3030
3030
3020
3030
3010
3010
3130
3020
3020
3010
3010
3020
3020
3010
3020
3010
3110
3030
3010
3030
3010
3000
3030
3000
3020
3020
3140
3010
3020
3010
3030
3030
3040
3010
3020
3030
3120
3020
3040
3040
3030
3020
3010
3040
3010
3020
3150
3020
3050
3010
3020
3040
3020
3020
3010
3030
3120
3020
3000
3010
3000
3010
3000
3000
3010
3010
3110
3010
3010
3010
3020
3020
3000
3010
3010
2990
3120
3010
3000
3020
3020
3030
3020
3010
3020
3020
3120
3030
3010
3010
3010
3000
3020
3010
3010
3000
3120
3010
3010
3020
3030
3030
3040
3030
3060
3030
3160
3050
3040
3040
3030
3060
3060
3060
3050
3060
3150
3070
3050
3050
3040
3050
3030
3040
3030
3030
3140
2980
3040
3050
3060
3050
3020
3030
3050
3030
3170
3030
3050
3050
3020
3040
3020
3040
3020
3010
3150
3020
3010
3020
3020
3020
3020
3040
3030
3010
3120
3020
3030
3010
3030
3020
3040
3020
3020
3020
3130
2990
3000
3000
3020
3000
3010
3000
3000
3000
3130
3000
3010
3020
3000
3000
3000
3010
3000
3000
3140
3000
3020
3010
3000
3030
3000
3000
3010
3000
3120
3030
3020
3020
3010
3020
3020
3020
3020
3050
3130
3020
3010
3020
3020
3020
3020
3010
3020
3030
3130
3040
3020
3010
3030
3040
3020
3010
3030
3010
3110
3010
3030
3010
3030
3010
3010
3010
3020
3010
3120
3010
3010
2990
3010
3010
3010
3010
3020
3010
3100
3020
3040
3040
3060
3050
3050
3050
3050
3060
3150
3050
3060
3050
3080
3060
3050
3050
3040
3060
3160
3040
3060
3060
3050
3040
3050
3050
3040
3050
3150
3040
