0.196984
0.293425
0.468498
0.505071
0.546829
0.647612
0.707666
0.752416
1.034266
1.187408
1.526825
1.736375
2.064751
2.626572
2.748232
2.727132
2.465300
2.519194
2.932485
2.685973
2.302060
1.864096
1.843411
1.874941
2.065737
2.352243
2.714236
2.951856
3.038110
3.198492
3.465640
3.742332
3.909168
4.238545
4.296670
4.646148
4.861456
5.227652
5.435075
5.712362
6.190981
6.587442
7.217757
7.555233
7.996076
8.118614
8.216097
8.420892
8.511300
8.483532
8.306727
8.300821
8.567742
8.309194
8.039746
7.434761
6.787560
6.374984
6.006714
5.501452
4.952288
4.669617
4.331675
3.858124
3.252255
2.739873
2.113189
1.648282
1.202080
1.181030
1.470010
1.964909
2.378782
2.669628
3.276029
3.632799
3.962842
4.623090
5.013744
4.949186
4.570612
4.210228
4.569760
4.702458
4.560603
3.938161
3.543783
3.229221
2.867597
2.572639
2.363911
1.996874
1.893431
1.993328
2.168454
2.475252
2.860003
3.282567
3.875923
4.253172
4.888346
5.100704
5.399320
5.831059
6.480519
6.905454
7.195218
7.751431
8.177886
8.533306
9.022287
8.984111
9.108851
9.114357
9.345359
9.016052
8.855326
8.875012
8.876914
8.904076
9.149546
8.252639
7.857574
7.360875
7.021047
6.439099
6.092238
5.759721
5.067298
4.423174
3.969974
3.132727
2.598241
2.186914
1.666693
1.094945
0.883372
0.933920
1.170378
1.341231
1.452638
1.889613
2.225492
2.470566
2.881700
3.047567
3.117578
3.150573
2.962716
2.981925
3.111411
2.992891
2.973439
3.155622
3.659025
4.166210
4.565979
4.978357
5.439794
5.836427
6.104285
6.291133
6.479261
6.921980
7.174946
7.458912
7.699899
7.977484
8.352093
8.826317
9.366474
9.561855
9.649451
10.041438
10.504955
11.108566
11.571430
12.413744
12.969615
13.869529
14.263786
14.503674
14.960232
15.431984
15.024031
15.374973
15.261562
14.865418
14.737754
14.423757
14.045947
13.565776
13.138148
12.675392
12.354098
12.070147
11.795057
11.727982
12.021111
12.672939
13.251033
14.029688
14.933213
15.457169
15.250663
15.884668
15.596784
15.289522
14.572040
13.953989
13.317456
12.262322
11.868260
11.331394
11.086570
10.827100
10.572262
10.685121
10.874692
11.110195
11.275546
11.450487
11.766451
11.915720
11.812131
12.276433
13.041919
13.671768
14.551040
14.149136
14.501242
15.059265
15.679962
15.715121
15.737960
15.775027
15.676141
15.344379
14.976845
14.668279
14.473536
14.355438
14.378392
14.493683
14.483856
14.201630
13.761580
13.828820
13.899327
13.964886
14.178010
14.553755
14.517881
13.821291
13.381621
12.665894
12.223075
11.812651
10.781806
10.221856
9.579167
9.508696
9.423972
9.549662
9.832584
10.173024
10.666582
11.214113
11.882185
12.657691
13.331871
14.610691
15.488745
16.450720
15.510606
15.103716
14.921589
14.521716
14.120458
13.640067
12.773769
12.034522
11.419362
10.862693
10.146626
9.555245
9.085253
8.826394
8.776320
9.317758
9.721698
9.872044
10.472572
10.378571
11.176595
11.605066
11.951300
12.337482
12.460937
12.381577
11.769328
11.567553
11.199582
10.679778
10.770656
10.885771
10.733703
10.841494
11.168697
11.401700
11.737670
12.244602
12.702439
13.157061
13.611010
14.128267
14.728295
15.386366
16.172399
16.645326
17.328804
17.786421
16.920486
16.493974
16.152892
15.509113
14.837307
14.084732
13.314929
12.489806
12.154292
11.780507
11.266037
10.930356
10.688806
10.583641
11.132715
11.582068
12.561127
13.419563
15.162646
16.077232
15.292998
14.138860
12.877128
11.770074
10.688271
9.382694
8.819278
8.896575
9.665731
10.667033
11.524858
12.348756
13.077399
13.846859
13.974589
13.996252
14.041452
14.634461
15.303009
15.838529
16.496859
16.403275
16.851163
17.292905
17.859056
17.805242
17.725653
18.050928
18.540951
18.864196
19.561494
20.126214
20.893878
21.793115
22.849421
24.602571
28.852553
33.511701
35.126965
36.161006
37.306216
37.561815
37.610066
37.439187
37.242789
37.374399
37.638298
37.788272
37.214964
36.738481
36.306143
35.889534
35.281201
34.883168
34.495943
34.076693
33.574137
33.029818
32.259940
31.662542
31.354380
31.083235
30.688818
30.243802
29.790736
28.706773
27.614240
26.392494
24.969869
23.772032
22.490554
21.287940
20.169161
19.074383
18.452772
17.850146
17.491347
17.443360
17.757160
17.394730
17.349582
17.463066
17.771209
18.059974
17.417822
16.963445
16.409709
15.791964
15.191713
14.656792
14.049056
13.195765
12.570477
12.005499
11.241112
11.058670
10.870712
10.820432
10.896181
11.198210
11.381132
11.944202
12.497370
13.009800
13.651565
14.642282
15.441995
16.428992
17.339163
18.367384
19.441181
20.521814
21.628337
22.835242
23.715876
24.255910
24.815374
25.641766
26.714983
27.920078
29.618956
30.550896
31.646412
32.361694
32.386442
32.033755
31.735731
31.595609
31.284955
31.160970
30.776749
30.586799
30.321695
30.392706
30.368550
29.751534
29.255238
28.653530
28.052727
27.626912
27.006900
26.179235
25.346181
24.363845
23.347889
22.299739
21.633335
20.842275
19.908449
18.942389
18.300362
17.649900
16.986312
16.749793
16.580569
16.502477
16.399906
15.895615
15.148782
14.749556
14.604080
14.415786
14.240493
14.236789
14.057962
13.838967
13.987257
14.286354
14.414496
14.733246
14.969123
15.196208
15.394521
15.555097
16.244483
16.851831
17.589421
18.492408
19.258591
20.105501
20.750583
21.263821
22.210460
23.320300
24.644228
27.326586
29.808394
32.242062
33.834448
35.134989
35.985161
36.162367
35.691438
35.741217
35.178819
34.869703
34.189983
33.806448
32.901913
32.281119
31.900511
31.073262
30.497050
29.909510
29.189737
28.427115
27.516871
26.613578
25.344668
24.315208
23.417485
22.394597
21.297936
20.255790
19.232683
18.066133
16.949317
15.205236
14.068233
