3020
3030
3010
3030
3030
3020
3040
3020
3020
3140
3020
3010
3010
3020
3040
3010
3010
3010
3010
3110
3010
3010
3010
3020
3010
3010
3010
3010
3010
3120
3010
3010
3030
3010
3020
3010
3030
3030
3040
3120
3010
3000
3010
3010
3000
3010
3010
3010
3010
3120
3010
3010
3010
3010
3010
3030
3010
3000
3010
3110
3010
3000
3030
3020
3010
3010
3000
3010
3010
3120
3010
3010
3000
3010
3010
3010
3000
3010
3020
3110
3020
3010
3010
3000
3010
3020
3010
3030
3040
3110
3010
3000
3010
3000
3010
3000
3010
3000
3000
3120
3000
3000
3020
3010
3020
3030
3000
3010
3020
3110
3010
3000
3000
3010
3000
3000
3020
3010
3000
3110
3020
3000
3010
3000
3000
3010
3000
3000
3010
3110
3010
3000
3020
3020
3000
3010
3020
3000
3020
3120
3010
3010
3000
3000
3020
3020
3010
3000
3010
3110
3000
3010
3010
3010
3010
3000
3000
3000
3000
3120
3000
3000
3010
3020
3000
3000
3000
3000
3020
3110
3020
3020
3020
3000
3010
3010
3000
3000
3010
3110
3010
3000
3010
3020
3020
3010
3010
3010
3000
3110
3030
3000
3010
3010
3030
3010
3000
3010
3020
3130
3000
3010
3000
3020
3010
3020
3000
3010
3010
3100
3020
3000
3010
2990
3000
3000
3010
3020
3010
3110
3000
3010
3000
3000
3000
3000
3010
3000
3020
3110
3010
3000
3000
3020
3000
3010
3000
3000
3000
3110
3010
3000
3000
3000
3010
3000
3000
3000
3010
3110
3030
3000
3010
3000
3000
3010
3000
3000
3010
3100
3010
3000
3000
3000
3000
3000
3010
3010
3010
3110
3010
3000
3010
3000
3000
3000
3010
3000
3000
3120
3000
3000
3020
3000
3010
3010
3000
3010
3000
3110
3010
3000
3000
3030
3020
3020
3010
3010
3020
3110
3000
3000
3010
3000
3000
3010
3000
3000
3000
3120
3010
3020
3000
3000
3000
3010
3000
3010
3000
3110
3000
3010
3000
3010
3020
3030
2990
3000
3000
3100
2990
3000
3000
3000
2990
3000
3000
3000
2990
3120
2990
3000
3020
3000
3000
3000
3000
3010
3000
3100
3000
2990
3000
3000
3000
2990
3020
2990
2990
3110
3010
3000
2990
3000
3000
3000
2990
3000
3000
3110
3000
3000
3010
3010
3000
2990
3000
3000
2990
3120
3000
2990
3000
3010
3020
2990
3000
2990
3010
3110
2990
3020
3010
3000
3000
2990
3010
3020
2990
3110
2990
3000
3000
3010
3000
3000
3010
3000
3000
3100
3000
3010
2990
2990
3000
3010
3000
3000
2990
3110
3000
3010
3000
3020
3000
2990
3000
3000
2990
3110
2990
3000
3000
3000
3010
2990
3000
3010
2990
3110
3000
2990
3000
3000
3000
3020
3000
2990
3000
3100
3000
3000
3010
2990
2990
3000
3000
2990
3000
3110
3000
3000
2990
3000
2990
2990
3000
3010
3000
3110
3010
3000
3010
3010
3010
3000
3010
3000
3010
3120
3000
3000
3020
3000
3000
3010
3010
3010
3000
3130
3000
3020
3010
3000
3000
3010
3000
3000
3000
3110
3000
3000
3010
3000
3010
3030
3020
3000
3000
3110
3020
3000
3010
3000
3010
3020
3000
3010
3000
3110
3010
3020
3000
3000
3010
3000
3020
3010
3000
3110
3010
3000
3010
3000
3000
3010
3000
3000
3010
3110
3010
3000
3010
3010
3010
3010
3000
3010
3000
3110
3000
3010
3020
3000
3000
3020
3010
3010
3000
3110
3000
