0.192773
0.254139
0.436074
0.460831
0.529541
0.649621
0.598521
0.613355
0.782133
0.879109
1.169827
1.266535
1.414617
1.789673
1.781418
1.648767
1.223848
1.339315
2.097525
2.368485
2.359104
2.578105
2.849663
3.150413
3.474970
4.014480
4.315452
4.662094
4.771446
4.951320
5.088135
5.223783
5.561734
5.851100
6.026997
6.432406
6.576665
6.802643
6.976754
7.031640
7.356108
7.496114
8.092726
8.513912
8.974497
9.072067
9.089772
9.217840
9.414885
9.507491
9.813257
10.080233
10.326327
10.328817
10.088625
9.570536
9.119043
8.830820
8.548607
8.200656
7.684812
7.449302
7.237832
6.797795
6.325463
5.961981
5.593273
5.227196
4.796070
4.494793
4.138699
3.799651
3.756631
3.540317
3.549001
3.735816
3.847948
4.190910
4.004816
3.673488
3.183301
2.782464
3.359829
4.136195
4.789750
5.132176
5.363486
5.227727
5.202251
5.298460
5.397118
5.642791
5.817009
6.036113
6.300629
6.575314
6.784688
6.912614
7.285971
7.330694
7.542152
7.634694
7.856725
7.914773
8.215261
8.504094
8.818135
9.314416
9.713237
10.052170
10.035252
9.767588
9.419018
9.422538
9.360047
9.279339
9.489465
9.695197
9.991484
10.348594
10.565706
10.171921
9.884006
9.609104
9.356270
9.015523
8.929597
8.770621
8.419670
8.121860
7.808689
7.454826
7.192866
6.988653
6.960577
6.679740
6.748385
6.808080
6.967825
7.220712
7.567756
7.642531
7.688353
7.750461
8.275746
8.487083
8.507163
8.471574
8.029804
7.853105
7.871931
9.273897
10.563220
10.654328
10.523144
10.475057
10.325294
10.088517
9.730610
9.444539
9.133978
8.692196
8.453303
8.190408
7.949763
7.885898
7.750599
7.476777
7.428923
7.530622
7.517941
7.384443
7.249550
7.404645
7.432191
7.540401
7.564342
7.843779
8.140207
7.446916
6.788121
6.228854
5.526845
4.937287
5.230256
5.970688
7.055507
8.256547
8.915620
9.406841
9.735225
10.312323
10.707348
11.371866
11.893785
12.397443
13.501263
14.880996
16.816963
18.735327
19.921640
21.081025
21.704705
22.204121
22.420400
22.358270
22.571401
22.347637
22.038460
21.649473
21.414685
20.672574
20.002905
19.431404
19.003340
18.492456
17.653511
17.320677
17.035946
16.481621
16.081652
15.937340
15.895035
15.255203
14.247459
13.797492
13.176820
12.739328
12.425324
12.689566
14.323097
15.859344
16.510349
17.237785
17.593075
17.984728
18.192706
18.347695
18.571044
18.510783
18.471573
18.783673
19.158081
19.167361
19.126851
19.462105
19.715924
20.180883
20.390097
20.509052
20.549872
20.173748
19.459339
18.668284
18.336177
17.811416
17.540220
17.140073
16.416498
15.839617
15.099970
14.759279
14.546393
14.377616
14.176057
13.930013
13.468107
13.328226
13.212099
12.880358
12.567359
12.412172
12.658108
12.651064
13.126931
14.535706
15.394436
16.138388
16.594297
16.965605
17.253224
17.341406
17.521875
17.693131
18.107785
18.383521
18.623182
19.164951
19.873517
20.313991
20.719471
20.881099
20.906775
20.978877
21.147277
21.405049
21.028146
21.019316
20.945513
21.019562
20.499720
20.051055
19.467431
18.676191
18.549248
18.302932
17.492240
16.990547
16.960451
17.014908
16.607245
16.280999
16.218743
16.127818
15.967082
15.941893
15.588768
15.236046
14.907286
14.687768
14.505081
14.471603
15.288561
16.298988
16.805526
17.344709
17.830187
18.319875
18.715516
19.214196
19.173005
19.170055
19.561705
20.013692
20.341426
20.926124
22.055841
22.865545
23.939033
24.926247
26.357336
27.178936
27.411657
27.047209
26.799995
26.696369
26.582966
26.417689
26.316689
26.387760
26.658378
27.424473
27.934054
29.186390
30.145342
31.207238
31.353708
31.486379
31.571908
32.273418
33.169704
33.530443
34.220364
34.086400
34.416641
34.659815
34.841390
34.678720
34.514129
34.868993
34.944441
35.558613
36.985980
38.621292
40.322630
41.627352
42.494550
43.209012
43.778253
44.104838
44.583818
44.863102
45.353064
45.234625
45.081474
44.592307
44.104467
44.133267
44.132766
44.147470
43.645171
43.237235
42.804686
42.405974
41.793945
41.414499
40.992082
40.359214
39.943714
39.439568
38.966766
38.561989
38.598641
38.605193
38.646643
38.675472
38.632803
38.081032
37.562539
37.020419
36.369705
35.839023
35.323454
34.904600
34.334984
33.797716
33.493173
32.860908
32.172040
31.945663
31.937022
31.841746
31.808899
31.874017
32.073572
32.094109
31.527569
31.217143
30.784129
30.722197
30.747309
30.798099
30.786970
30.580968
30.270912
29.873650
29.785523
29.941771
29.994980
29.947934
29.588826
30.044299
29.924250
31.045124
31.669693
32.057547
32.171393
32.851689
33.267453
33.866768
34.168744
35.330968
37.630243
40.205397
42.733279
44.619346
45.482993
45.984477
46.215526
46.475562
46.905863
47.466008
47.581910
47.239840
47.414630
47.350288
46.935646
46.166775
45.577273
45.130651
44.586347
44.225369
43.610762
43.073251
42.680441
42.637668
42.679468
42.128404
41.723293
41.291438
40.993841
40.547227
39.982356
39.478924
38.976390
38.719967
38.151091
37.574511
37.214663
36.923341
36.518635
36.251572
36.187440
36.297078
36.371006
36.534271
36.532337
36.628191
36.730473
36.599672
36.520623
36.644364
36.803073
37.041800
37.357558
37.624285
38.132262
38.325106
38.752483
39.524099
39.824329
40.373362
40.860497
41.209429
41.250706
41.248034
41.734924
42.129000
42.715369
43.330829
43.793573
44.512433
45.005188
45.656983
46.399485
46.844736
47.271409
47.950207
48.402812
49.186051
49.821647
50.261067
50.671863
50.591120
50.159892
50.065612
49.720491
49.565483
48.913792
48.361683
47.754342
47.072444
46.654495
45.967665
45.489766
44.865618
44.425168
43.891458
43.455291
42.986902
42.253866
41.735988
41.221422
40.559221
40.061001
39.603349
39.070633
38.375457
37.961138
36.650233
34.860291
