0.185988
0.260900
0.408626
0.435393
0.489695
0.612457
0.668561
0.709034
1.004351
1.143879
1.492520
1.851348
2.219343
2.808685
2.983480
2.999468
2.709356
2.507254
2.435653
1.598983
1.048668
0.662547
0.877678
1.424446
1.926395
2.639048
3.187062
3.812761
4.189424
4.423381
4.814835
5.076996
5.194351
5.385308
5.381958
5.650372
5.471123
5.818622
6.007293
6.226234
6.716060
6.929738
7.403347
7.708505
8.115613
8.304255
8.408912
8.637941
8.695345
8.548066
8.395016
8.389600
8.469209
8.079308
8.002939
7.579195
7.014794
6.652707
6.173631
5.783475
5.187324
4.792687
4.298123
3.676544
3.054638
2.641404
1.658207
1.130079
0.604037
0.565259
0.836658
1.228693
1.696442
2.114366
2.641035
2.955836
3.278000
3.860087
4.244333
4.304124
4.016260
3.845444
4.175265
4.013355
3.544153
2.526870
1.976813
1.643977
1.365354
1.049661
1.025333
1.315252
1.670625
1.970711
2.330735
2.891548
3.198267
3.535018
4.004400
4.361180
5.061667
5.375348
5.614086
6.021637
6.420589
6.748976
6.970835
7.449722
7.765045
8.081981
8.634837
8.808807
8.900163
9.087311
9.332744
8.939394
8.759639
8.639280
8.560525
8.483290
8.547159
7.776610
7.324870
6.877198
6.300113
5.806544
5.505797
5.186542
4.542964
4.190056
3.610355
2.916107
2.383813
1.894025
1.683879
1.407497
1.419586
1.555899
2.023714
2.452700
2.789395
3.262242
3.540171
3.911766
4.302605
4.620423
4.665333
4.367533
3.839292
3.197261
2.811728
3.455568
3.872780
3.105504
2.683679
2.083627
1.932381
1.886566
1.892821
1.965172
2.038072
2.159826
2.361848
2.842231
3.222913
3.475501
3.802336
4.268436
4.515817
5.059609
5.387629
5.127551
5.116832
5.383987
5.722975
6.242855
6.561960
6.899192
7.096703
7.536763
7.465983
7.406544
7.635002
7.662010
7.314639
7.155580
6.893009
6.397186
6.264514
6.049700
5.593673
5.576238
5.615363
5.860160
6.118459
6.575431
7.267284
7.939902
8.910706
9.549491
10.340137
11.395243
12.569303
13.451561
13.619419
14.164031
14.035331
13.555759
13.010376
12.638927
12.331392
11.841393
11.590309
11.586976
11.457664
11.087574
10.866717
10.575545
10.369360
10.374109
10.357230
10.323742
10.236463
9.904070
8.984659
8.969650
9.238170
9.412111
9.448873
8.891509
8.476989
7.867871
7.633643
7.360947
6.982677
6.943914
6.843038
6.599085
6.491526
6.481249
6.596783
6.809586
7.178648
7.159802
7.254440
7.436376
7.755596
8.449379
9.188562
9.719030
10.424336
11.158411
11.036935
10.661275
10.420218
9.938562
9.756305
9.143464
8.145880
7.523437
6.777948
6.613176
6.413165
6.168423
5.968606
6.017973
6.010987
6.013754
6.256420
6.494889
6.824283
7.660747
8.394062
9.083512
8.366172
8.005061
7.850053
8.119378
8.012208
8.142944
8.000753
7.927123
8.086650
7.976562
7.401732
6.858024
6.393254
5.926561
5.184961
5.122824
5.058699
4.962207
5.437510
5.458576
6.225649
7.022475
7.482866
7.863154
7.830542
7.530276
6.724479
6.306739
6.134906
5.876308
6.051100
6.390900
6.822286
7.278161
8.231273
9.055819
10.212217
11.478843
12.369882
13.304888
14.030559
14.721752
15.429449
15.970721
16.698002
17.043450
17.711796
18.223873
17.357191
16.850360
16.404569
15.642547
14.849061
14.038986
13.317789
12.628686
12.136464
11.626410
10.953485
10.362796
9.740301
8.976256
8.412622
8.168430
8.127963
8.111470
8.491606
8.990906
8.241851
7.890379
7.231948
6.723742
6.355376
5.811131
5.876750
6.218734
6.790909
7.846626
8.667296
9.785372
10.916922
11.945809
12.382127
12.595666
12.767977
13.340118
14.099834
14.608980
15.424106
15.454866
15.893609
16.373925
17.108871
17.072835
17.142301
17.561172
18.161353
18.525704
19.154982
19.546505
20.282870
20.718632
21.274958
21.829095
22.516339
23.145004
23.917301
25.294448
27.172402
28.072924
28.618831
28.424109
28.139387
28.412433
28.575323
28.674741
27.791405
27.030046
26.125884
25.061030
23.731667
22.550409
21.454728
20.331507
19.453042
18.630867
17.734152
17.020455
16.738089
16.576946
16.394524
16.517418
16.410548
15.995735
15.605200
15.237373
14.815943
14.390567
14.027032
13.746999
13.643205
13.536024
13.464175
13.562889
13.721043
13.944124
14.419140
14.282896
14.452306
14.787988
15.200761
15.324974
14.761749
13.935188
12.721576
11.398666
9.978570
8.881395
7.597036
6.120021
4.877265
4.084399
2.983251
2.586401
2.398543
2.316535
2.415773
2.773095
3.211976
4.357388
5.413242
6.382827
7.453959
8.347272
9.233391
10.409480
11.627415
12.760768
13.881724
15.081139
16.600325
17.956419
19.173820
19.927797
20.289904
20.538335
20.871967
21.417337
21.469542
20.963879
21.088220
21.195633
20.879166
20.314357
19.753380
19.331853
18.623959
18.044184
17.353466
16.913787
16.480722
16.465158
16.523629
15.878324
15.464635
15.001598
14.608666
14.314842
13.750435
13.376471
12.994024
12.747864
12.484761
12.063919
11.866353
11.615410
11.391746
11.524437
11.818098
11.898207
11.960826
12.434260
12.802025
13.229624
13.576259
13.443094
12.917007
12.451516
12.279061
12.188245
12.166659
12.130629
12.157533
12.060916
12.194551
12.559376
12.675896
12.567672
12.760064
13.016938
13.212177
13.484066
13.847823
14.499117
15.239468
15.794411
16.271292
16.981881
17.276848
17.581158
18.243997
18.560896
18.898980
19.634250
20.154073
20.932889
21.414001
21.807541
22.156752
22.096987
21.568193
21.476258
20.910009
20.616207
19.849026
19.298050
18.437806
17.799861
17.402592
16.768248
16.377336
15.995835
15.635561
15.237721
14.935218
14.642857
14.257089
13.968891
13.660793
13.278708
13.020336
12.776288
12.524757
12.179493
12.090131
11.776426
11.196242
