10
1740
1780
1810
1850
1880
1920
1950
1980
2020
1310
1770
1800
1830
1870
1900
1950
1970
2010
2050
1300
1780
1800
1830
1870
1910
1930
1980
2010
2040
1310
1770
1810
1840
1860
1910
1940
1970
2010
2050
1300
1760
1810
1830
1870
1900
1930
1970
2000
2040
1280
1740
1770
1800
1830
1870
1910
1940
1970
2010
1300
1760
1780
1830
1850
1880
1930
1960
1990
2030
1280
1740
1780
1810
1830
1870
1910
1940
1980
2010
1290
1730
1780
1800
1840
1860
1910
1930
1980
2020
1290
1730
1770
1800
1850
1860
1910
1950
1970
2020
1290
1740
1770
1800
1840
1870
1910
1940
1980
2010
1290
1740
1770
1800
1830
1870
1900
1940
1980
2010
1290
1730
1770
1800
1840
1870
1910
1940
1980
2020
1300
1730
1780
1810
1830
1870
1910
1940
1970
2030
1300
1740
1770
1810
1850
1880
1910
1960
1990
2020
1290
1740
1770
1800
1830
1870
1900
1940
1970
2010
1290
1740
1760
1800
1840
1860
1920
1940
1970
2020
1290
1730
1770
1790
1800
1810
1840
1870
1910
1940
1250
1680
1710
1740
1770
1820
1840
1880
1870
1880
1220
1640
1670
1700
1730
1760
1790
1820
1860
1890
1210
1630
1660
1680
1720
1750
1790
1810
1860
1880
1220
1630
1680
1690
1730
1760
1790
1830
1860
1900
1210
1630
1660
1690
1720
1760
1800
1820
1860
1880
1220
1640
1660
1700
1730
1770
1790
1830
1860
1890
1210
1620
1660
1690
1710
1750
1780
1820
1850
1880
1210
1620
1650
1700
1720
1750
1790
1820
1850
1880
1200
1630
1660
1690
1720
1750
1790
1810
1860
1890
1220
1640
1660
1710
1720
1760
1800
1820
1860
1900
1210
1620
1660
1690
1720
1750
1790
1810
1850
1890
1210
1630
1650
1690
1710
1740
1790
1810
1850
1900
1220
1630
1670
1690
1730
1760
1800
1830
1860
1900
1210
1620
1670
1690
1720
1750
1780
1830
1850
1880
1220
1620
1660
1680
1730
1750
1790
1810
1850
1890
1220
1630
1670
1700
1720
1760
1800
1830
1870
1900
1220
1640
1670
1710
1730
1760
1800
1820
1860
1900
1210
1630
1660
1680
1720
1750
1780
1830
1860
1890
1220
1630
1670
1700
1720
1770
1790
1840
1860
1900
1220
1650
1660
1700
1730
1770
1790
1830
1870
1900
1220
1630
1670
1690
1730
1770
1790
1830
1850
1890
1210
1640
1660
1680
1730
1750
1780
1810
1860
1890
1210
1630
1660
1690
1720
1750
1790
1820
1860
1890
1210
1630
1660
1680
1720
1760
1790
1820
1850
1880
1220
1640
1660
1720
1720
1770
1810
1820
1860
1900
1210
1640
1650
1690
1720
1750
1790
1820
1860
1880
1230
1630
1670
1700
1730
1760
1790
1830
1860
1900
1220
1630
1670
1700
1740
1770
1800
1830
1850
1890
1210
1630
1660
1690
1720
1760
1780
1820
1850
1880
1220
1640
1670
1700
1730
1760
1800
1820
1860
1900
1220
1630
1670
1700
1720
1760
1800
1830
1880
1890
1200
1630
1660
1690
1720
1760
1780
1820
1850
1890
1220
1630
1670
1690
1730
1760
1800
1820
1860
1890
1210
1630
1650
1690
1720
1750
1780
1820
1860
1880
1210
1630
1650
1690
1720
1750
1780
1820
1850
1890
1210
1640
1670
1690
1730
1770
1790
1820
1860
1900
1210
1620
1670
1690
1730
1760
1780
1820
1850
1890
1210
1640
1650
1700
1720
1750
1790
1810
1850
1880
1220
