1.967116 1.933635
1.966998 1.931879
1.967114 1.931981
1.966868 1.934149
1.967990 1.937793
1.965750 1.944724
1.967726 1.955056
1.968609 1.967640
1.968831 1.988372
1.967777 2.008203
1.967817 2.034750
1.968334 2.065057
1.968108 2.099161
1.988156 2.131472
2.006433 2.131492
2.023988 2.106823
2.044637 2.086375
2.027194 2.111233
2.015117 2.132652
2.023908 2.096308
2.026129 2.081942
2.028932 2.081567
2.033632 2.096990
2.039870 2.124780
2.047339 2.173431
2.055953 2.241202
2.066088 2.314861
2.075392 2.403519
2.087318 2.495722
2.097995 2.597064
2.114926 2.724609
2.127033 2.840648
2.143927 2.953156
2.162962 3.091733
2.190298 3.254786
2.208171 3.373868
2.235830 3.534407
2.259150 3.686424
2.284725 3.835213
2.312691 3.991499
2.340099 4.158136
2.366361 4.324806
2.396934 4.488925
2.433286 4.670085
2.468676 4.769898
2.502041 4.802107
2.554618 4.846821
2.624260 4.888309
2.679120 4.907169
2.614492 4.851329
2.548754 4.818174
2.509129 4.786072
2.488419 4.756727
2.453653 4.538855
2.425453 4.371618
2.397504 4.213163
2.374168 4.077600
2.356762 3.968781
2.343056 3.861199
2.333371 3.759838
2.324251 3.672794
2.318915 3.589835
2.319587 3.532311
2.323758 3.477047
2.326972 3.446686
2.335036 3.430352
2.348124 3.428688
2.367839 3.444283
2.388545 3.481741
2.411060 3.535617
2.440762 3.603149
2.471016 3.677550
2.504274 3.763727
2.543457 3.867498
2.580433 3.974855
2.619556 4.091579
2.671187 4.239197
2.718551 4.370793
2.795783 4.459769
2.840949 4.449069
2.840914 4.318869
2.850675 4.205235
2.868254 4.377142
2.814067 4.438752
2.755703 4.397597
2.693543 4.216366
2.665517 4.085159
2.643042 3.988498
2.618410 3.890901
2.602608 3.827088
2.586920 3.757453
2.577496 3.675851
2.581134 3.636832
2.586840 3.615835
2.597186 3.611572
2.616225 3.625527
2.642935 3.666022
2.670354 3.714620
2.704280 3.780270
2.746724 3.865146
2.796753 3.975476
2.843268 4.079368
2.897097 4.207616
2.958250 4.345058
3.027637 4.508510
3.087889 4.653942
3.160122 4.832880
3.230397 4.999959
3.306774 5.174583
3.395509 5.375053
3.409119 5.539376
3.416118 5.571725
3.462296 5.635460
3.531351 5.707995
3.627643 5.768116
3.525204 5.641745
3.456522 5.594231
3.412968 5.549172
3.400912 5.526279
3.407906 5.520531
3.433221 5.513663
3.339004 5.217593
3.272887 5.056695
3.212547 4.897991
3.163738 4.769695
3.118672 4.646287
3.073335 4.526611
3.034300 4.414765
3.008843 4.326587
2.991989 4.251153
2.985974 4.202609
2.986157 4.170386
2.994583 4.159086
3.010497 4.166328
3.034612 4.191780
3.078202 4.243389
3.122494 4.302126
3.174951 4.375217
3.234205 4.462919
3.308550 4.574843
3.385817 4.693040
3.471359 4.829518
3.560010 4.970182
3.661167 5.134637
3.761148 5.302326
3.862487 5.472386
3.928749 5.548481
4.035719 5.589459
4.080251 5.477079
4.090674 5.342243
3.997244 5.247540
4.027184 5.452333
3.995444 5.524124
3.786188 5.219927
3.657768 5.015452
3.555728 4.851015
3.465411 4.704644
3.405136 4.610763
3.345901 4.526389
3.301510 4.460603
3.263623 4.411153
3.228826 4.369747
3.213876 4.356988
3.206770 4.362963
3.206064 4.386915
3.212693 4.424591
3.234606 4.489190
3.263983 4.566988
3.302844 4.655164
3.361445 4.784539
3.416976 4.906702
3.419930 4.915476
3.422708 4.919720
3.497020 5.051221
3.586656 5.196564
3.692990 5.364925
3.791391 5.519344
3.935912 5.741146
4.064447 5.931189
4.157643 6.135398
4.188992 6.198779
4.276548 6.315325
4.378543 6.425563
4.518548 6.540019
4.345479 6.376997
4.227229 6.260988
4.158174 6.179378
4.143440 6.124250
4.173107 6.087117
4.243629 6.086446
4.343507 6.109482
4.480633 6.145279
4.632831 6.185532
4.789910 6.238776
4.979453 6.317564
5.185579 6.413498
5.406450 6.513892
5.664111 6.632821
5.892996 6.743484
6.158319 6.913536
6.355145 7.098354
6.512811 7.349292
6.609206 7.699883
6.752409 7.976488
6.766410 7.976374
6.965574 8.219614
6.957990 7.999528
6.803980 7.757395
6.658834 7.538775
6.552062 7.360261
6.451158 7.182277
6.068559 6.916499
5.871368 6.843133
5.697109 6.779837
5.547658 6.731764
5.389521 6.692240
5.255875 6.666139
5.129070 6.650342
5.036939 6.648098
4.965513 6.653286
4.915107 6.670236
4.907898 6.668111
4.901885 6.667489
4.762542 6.521966
4.657670 6.375683
4.680338 6.410937
4.777992 6.543002
4.884106 6.653793
5.029510 6.786603
4.861551 6.574772
4.749092 6.476733
4.724684 6.445461
4.730696 6.425116
4.751227 6.399140
4.798275 6.397612
4.907909 6.458674
4.983677 6.482264
5.089216 6.502611
5.229808 6.558948
5.383754 6.615456
5.560781 6.676318
5.727416 6.738480
5.922820 6.816876
5.924715 6.817171
5.926524 6.817357
6.141228 6.894302
6.341833 6.971098
6.574253 7.215583
6.704029 7.403746
6.833200 7.594693
6.961377 7.802173
7.095244 8.005537
6.948004 8.027330
6.781500 7.773920
6.716905 7.636621
6.628157 7.478517
6.558171 7.350240
6.465973 7.202169
6.186585 6.921022
5.965762 6.745064
5.736113 6.593716
5.568001 6.535294
5.424073 6.494888
5.314894 6.469331
5.201481 6.453381
5.094386 6.451540
5.025485 6.460334
4.978667 6.481815
4.954511 6.519278
4.956987 6.574810
4.992371 6.646017
5.097325 6.797924
5.248077 6.969344
5.414840 7.143193
5.181342 6.868276
5.081214 6.765612
5.024793 6.698782
4.997087 6.645747
4.990124 6.610359
5.006496 6.584933
5.035298 6.504578
5.079117 6.458522
5.165425 6.455827
5.262503 6.477145
5.460801 6.534701
5.614936 6.590512
5.797545 6.668996
5.984569 6.758153
6.193200 6.879173
6.355422 7.012160
6.495823 7.132452
6.553390 7.212131
6.629651 7.346668
6.644427 7.346551
6.695417 7.523981
6.780762 7.695369
6.861504 7.833523
6.941113 7.969506
6.930928 7.988492
6.936229 7.878993
6.783484 7.653669
6.678232 7.513126
6.589400 7.394401
6.414017 7.247754
6.419388 7.250508
6.417774 7.249742
6.224349 7.145847
6.065360 7.084750
5.932568 7.045423
5.817357 7.020536
5.718319 7.013018
5.643269 7.024782
5.603150 7.044942
5.588143 7.082895
5.593794 7.134022
5.617110 7.182767
5.666690 7.254167
5.764851 7.382963
5.911695 7.567893
6.030950 7.704969
6.188624 7.872339
6.320655 8.005899
6.040062 7.674423
5.905474 7.536255
5.796119 7.415035
5.693872 7.294698
5.600428 7.143960
5.565794 7.038923
5.569376 6.965224
5.602798 6.928485
5.656646 6.920062
5.716941 6.926318
5.807817 6.947455
5.910202 6.980894
6.038550 7.042586
6.206811 7.146697
6.340856 7.255056
6.438040 7.355142
6.527355 7.478370
6.621016 7.609055
6.721409 7.747446
6.941177 7.986897
6.809162 7.788384
6.719120 7.657916
6.640480 7.536753
6.613870 7.458994
6.620862 7.407779
6.676647 7.402223
6.865849 7.502499
7.128884 7.670992
7.344630 7.817271
7.576971 7.981313
7.795417 8.138230
8.002971 8.289169
8.283207 8.499739
8.590343 8.739957
8.591885 8.739197
8.589961 8.738444
8.589436 8.740076
8.869371 8.968570
9.227170 9.261750
9.519087 9.492755
9.775526 9.694927
9.774189 9.694133
10.044453 9.907568
10.282989 10.094451
10.567045 10.318465
10.567995 10.319163
10.570549 10.324123
10.851717 10.550732
11.136617 10.779331
11.415491 11.000362
11.720791 11.245759
11.991646 11.465980
12.280852 11.685106
12.512527 11.853734
12.727940 11.994235
12.898457 12.097336
12.967712 12.135306
13.009507 12.156993
12.998088 12.156395
13.003156 12.160019
13.256478 12.364426
13.196188 12.330430
13.142690 12.308588
12.922535 12.168241
12.645879 11.969974
12.648187 11.969838
12.649661 11.967664
12.646376 11.957440
12.364078 11.741604
12.163772 11.587488
11.948165 11.420877
11.742400 11.264870
11.497270 11.083862
11.282245 10.923331
11.098287 10.784126
10.908480 10.646364
10.725074 10.513086
10.545027 10.380714
10.362857 10.250295
10.205436 10.139434
10.201518 10.145354
10.202269 10.145166
10.207751 10.156593
10.199820 10.146254
10.204337 10.153861
10.049644 10.060174
9.917185 9.984136
9.794837 9.915194
9.665770 9.848691
9.557259 9.797440
9.459285 9.758804
9.371985 9.725665
9.304843 9.703976
9.249570 9.698310
9.215069 9.704443
9.184670 9.729166
9.184079 9.770315
9.203822 9.813567
9.245524 9.857942
9.217426 9.844368
9.260290 9.892597
9.312275 9.957818
9.379135 10.037416
9.444578 10.111637
9.339453 10.023668
9.267002 9.942018
9.226827 9.893959
9.207006 9.850606
9.210491 9.813823
9.238222 9.793673
9.293491 9.786455
9.344027 9.805055
9.416564 9.835436
9.483049 9.871157
9.617047 9.931246
9.725296 9.975122
9.836250 10.025364
9.965289 10.090482
10.106892 10.166516
10.263198 10.261249
10.392692 10.342663
10.545571 10.443493
10.706114 10.552938
10.860077 10.659927
11.042314 10.789332
11.229815 10.923640
11.400288 11.047329
11.624390 11.213876
11.838930 11.376296
12.085028 11.561155
12.313436 11.732911
12.544808 11.913931
12.798410 12.115206
13.038860 12.310787
13.112217 12.362090
13.154402 12.396502
13.164928 12.388760
13.170678 12.397664
13.161061 12.405182
13.388323 12.587677
13.337337 12.549961
13.140139 12.394177
13.139211 12.391932
13.144112 12.388590
12.967868 12.248309
12.771710 12.096279
12.552916 11.921732
12.376776 11.785915
12.211651 11.660451
12.052176 11.544594
11.887826 11.421321
11.755668 11.323690
11.593514 11.203187
11.606800 11.210223
11.607755 11.207250
11.480080 11.116138
11.354048 11.027655
11.243459 10.955308
11.146789 10.894383
11.053679 10.840879
10.971626 10.797292
10.901473 10.761752
10.840756 10.739123
10.786765 10.718961
10.740401 10.705088
10.708265 10.713997
10.695579 10.728647
10.691320 10.750631
10.687060 10.760633
10.686785 10.753817
10.697980 10.746730
10.688135 10.755918
10.687030 10.744631
10.710897 10.762869
10.749478 10.793019
10.812380 10.840736
10.885819 10.899513
10.867463 10.912026
10.797042 10.856172
10.753438 10.822509
10.711654 10.781362
10.682502 10.744248
10.665542 10.715398
10.658045 10.698365
10.665626 10.687536
10.681531 10.681861
10.705915 10.683153
10.740927 10.689363
10.788694 10.705387
10.847096 10.732774
10.911039 10.768954
10.984155 10.816378
10.979474 10.817441
10.975778 10.817643
11.056054 10.872043
11.150508 10.940452
11.250103 11.013585
11.362863 11.104571
11.484362 11.202565
11.614376 11.310349
11.766567 11.441699
11.925245 11.575069
12.089653 11.716225
12.261041 11.865636
12.429410 12.019879
12.614500 12.178917
12.764666 12.302176
12.918823 12.427186
13.060495 12.543360
13.217226 12.667783
13.307174 12.734236
13.242272 12.669255
13.095424 12.550358
13.094759 12.556928
12.979187 12.471453
12.874571 12.390678
12.764357 12.307088
12.613771 12.187724
12.420311 12.026801
12.229718 11.866455
12.092397 11.750875
11.955083 11.631447
11.836486 11.528307
11.707162 11.415901
11.600430 11.326083
11.493000 11.239564
11.401807 11.168836
11.313811 11.100849
11.238375 11.047364
11.169236 11.002326
11.112004 10.965571
11.066929 10.942973
11.039750 10.937351
11.022153 10.945433
11.018335 10.966916
11.027437 11.005162
11.049409 11.055573
11.171499 11.223298
11.414991 11.503551
