1.966409 1.934270
1.936823 1.823201
1.900225 1.743655
1.853362 1.650204
1.776423 1.561416
1.716586 1.495794
1.714440 1.572443
1.703085 1.589160
1.643642 1.585494
1.552080 1.479600
1.504297 1.476541
1.341154 1.361488
1.236919 1.305500
1.100387 1.303625
0.992000 1.160384
1.120694 1.202002
1.132623 1.066290
1.074659 0.935475
1.074413 0.951806
1.049117 0.865348
1.006424 0.825264
0.862156 0.733944
0.720476 0.678902
0.713355 0.718345
0.640248 0.814892
0.656479 0.898669
0.609078 0.942975
0.566717 1.041683
0.538329 1.115154
0.541236 1.152788
0.528734 1.158322
0.518756 1.108207
0.491032 1.041034
0.500277 1.159328
0.501613 1.196134
0.515042 1.250177
0.516749 1.272263
0.502754 1.285301
0.503795 1.344161
0.494884 1.295637
0.482559 1.339143
0.478920 1.299119
0.475045 1.262874
0.460688 1.196385
0.472286 1.357109
0.392070 1.170395
0.371810 1.049924
0.413461 1.008348
0.445406 0.969474
0.416141 0.899503
0.385509 0.804012
0.390043 0.702695
0.422555 0.682316
0.537481 0.661679
0.523261 0.653433
0.502049 0.706160
0.476994 0.746258
0.445664 0.747799
0.472811 0.827784
0.411059 0.840758
0.401575 0.860162
0.362327 0.797029
0.327475 0.722478
0.312877 0.742919
0.311362 0.778264
0.289965 0.749396
0.265043 0.736112
0.261243 0.726614
0.255948 0.725154
0.267396 0.762706
0.277169 0.790695
0.280433 0.758826
0.270254 0.732643
0.293598 0.860637
0.294236 0.733680
0.306163 0.780876
0.303997 0.714228
0.301117 0.690409
0.382308 0.668885
0.398179 0.628313
0.402657 0.535356
0.414910 0.465400
0.414783 0.401027
0.397829 0.397172
0.478752 0.375813
0.527470 0.334253
0.506729 0.316747
0.492385 0.351778
0.478202 0.372136
0.504115 0.432038
0.509105 0.456693
0.532663 0.542096
0.532136 0.596598
0.564652 0.657557
0.544363 0.643431
0.539579 0.730365
0.516824 0.812185
0.568745 0.946523
0.562051 1.007861
0.592004 1.128085
0.606399 1.206377
0.579858 1.242396
0.573007 1.265231
0.574047 1.393551
0.512774 1.292496
0.511602 1.350495
0.512619 1.300430
0.489932 1.249683
0.489667 1.229554
0.516817 1.291364
0.367556 1.301955
0.320399 1.121540
0.347529 1.023793
0.380824 0.923628
0.415303 0.867547
0.380141 0.809840
0.385196 0.761880
0.390814 0.685441
0.435438 0.627488
0.476372 0.591999
0.462913 0.584680
0.465050 0.591216
0.432874 0.615119
0.414103 0.676152
0.416886 0.710051
0.406528 0.787384
0.396233 0.858309
0.373282 0.902934
0.345497 0.913819
0.324065 0.930552
0.309900 0.966032
0.307445 0.976560
0.300856 0.964401
0.262574 0.910598
0.249396 0.869128
0.243047 0.820972
0.247872 0.805513
0.251265 0.755698
0.240958 0.671184
0.236088 0.607973
0.228258 0.532259
0.225538 0.580237
0.229933 0.659352
0.228441 0.624970
0.227691 0.638645
0.231779 0.705601
0.269383 0.654333
0.451798 0.757929
0.593608 0.694315
0.692336 0.657324
0.632178 0.592709
0.425273 0.470939
0.348054 0.415644
0.419046 0.411497
0.447099 0.443072
0.472629 0.514503
0.666795 0.721252
0.640863 0.684483
0.616543 0.681195
0.585513 0.658389
0.613939 0.639738
0.693246 0.678950
0.697688 0.709339
0.673039 0.707330
0.666627 0.756183
0.696599 0.821942
0.693277 0.819036
0.864668 1.130614
0.943361 1.305042
1.033943 1.481025
1.134422 1.711944
1.088842 1.695846
1.054781 1.622766
1.073981 1.677870
1.139564 1.745867
1.207500 1.782536
1.103067 1.707615
1.051392 1.702624
1.116090 1.842898
0.892068 1.751704
0.697880 1.508435
0.610317 1.334307
0.545442 1.149773
0.631408 1.059251
0.520941 0.938285
0.452029 0.785571
0.447421 0.721611
0.546539 0.709026
0.604875 0.681499
0.606581 0.650705
0.566214 0.633193
0.633777 0.617331
0.679475 0.585451
0.745049 0.561475
0.802072 0.544355
0.827521 0.514916
0.850279 0.493603
0.851356 0.455056
0.846963 0.422016
0.857712 0.405575
0.883820 0.400288
0.906037 0.433745
0.722268 0.534967
0.624409 0.605006
0.562958 0.555092
0.508212 0.568057
0.452175 0.467457
0.399946 0.452452
0.389030 0.461102
0.391158 0.519673
0.383454 0.645052
0.421006 0.714157
0.503538 0.637006
0.600165 0.612972
0.673225 0.603655
0.678021 0.544836
0.695479 0.492993
0.747924 0.477232
0.732139 0.429885
0.794758 0.430597
0.900326 0.443331
0.840835 0.426476
0.790077 0.396687
0.929223 0.515863
0.863664 0.638149
0.919080 0.651817
0.867056 0.567107
0.753345 0.456283
0.725776 0.427313
0.619216 0.485670
0.491980 0.451586
0.436893 0.393518
0.482535 0.381464
0.604256 0.379766
0.725900 0.420106
0.810796 0.445792
0.853764 0.478426
0.877043 0.509603
0.961612 0.532224
0.987387 0.520093
0.930562 0.511766
0.874832 0.478576
0.910728 0.451505
0.784388 0.389723
0.692433 0.362978
0.679475 0.335045
0.754380 0.362092
0.803783 0.367109
0.754826 0.416412
0.615147 0.525890
0.465775 0.650076
0.425229 0.669878
0.339866 0.609684
0.338123 0.470276
0.330859 0.405898
0.316749 0.360752
0.316450 0.369484
0.320964 0.416557
0.341751 0.527943
0.479855 0.630668
0.557498 0.628375
0.616222 0.569699
0.686577 0.542809
0.738987 0.534125
0.812655 0.523134
0.929059 0.515764
0.994618 0.503528
1.054521 0.481880
1.087321 0.449824
0.959895 0.416706
0.795462 0.392392
0.768876 0.398146
0.646397 0.397387
0.609098 0.405260
0.585381 0.451064
0.540385 0.448856
0.542261 0.402846
0.576626 0.373888
0.701536 0.380738
0.793307 0.374701
0.821518 0.408694
0.802966 0.443724
0.923405 0.505780
1.155071 0.551947
1.247865 0.580637
1.150793 0.554469
0.971258 0.448443
0.856317 0.381373
0.838486 0.369386
0.910038 0.391519
0.970322 0.404810
0.889745 0.393787
0.860847 0.381587
0.935222 0.378657
0.781184 0.485305
0.449297 0.493546
0.437770 0.531750
0.454317 0.577335
0.521111 0.548988
0.513039 0.511675
0.395313 0.488864
0.368748 0.525543
0.375028 0.582022
0.397788 0.640888
0.400821 0.607012
0.387229 0.513647
0.407387 0.463355
0.448650 0.446191
0.497839 0.464488
0.539674 0.487261
0.634609 0.514227
0.724756 0.518344
0.753617 0.504224
0.744721 0.481179
0.784210 0.457464
0.737426 0.393095
0.821501 0.393315
0.841528 0.357357
0.909939 0.316757
0.894934 0.280228
0.840414 0.254448
0.947362 0.266436
0.771192 0.327707
0.608784 0.323849
0.542558 0.318228
0.632149 0.295134
0.658789 0.285569
0.663042 0.282718
0.697902 0.297295
0.681753 0.319819
0.646090 0.289433
0.619572 0.288086
0.629645 0.289865
0.644847 0.291042
0.624868 0.294279
0.639038 0.290817
0.669091 0.287754
0.669056 0.310909
0.653291 0.389734
0.626134 0.455089
0.421798 0.450940
0.395055 0.523650
0.372369 0.431441
0.358696 0.367480
0.336819 0.351654
0.341488 0.427394
0.352957 0.561963
0.344629 0.693625
0.358919 0.809249
0.422896 0.874369
0.503426 0.921966
0.561327 0.895184
0.752220 0.989147
0.833197 0.981079
0.902125 0.971091
0.961938 0.979845
0.868387 0.901853
0.773668 0.859671
0.710796 0.799987
0.746648 0.800643
0.772490 0.807300
0.794900 0.748757
0.827127 0.717241
0.787628 0.694270
0.810473 0.666480
0.804112 0.620247
0.839611 0.603803
0.806044 0.574780
0.775771 0.557889
0.841230 0.538577
0.897300 0.528078
0.804862 0.487573
0.780689 0.473328
0.788973 0.464029
0.839767 0.449010
0.870149 0.433210
0.970770 0.476366
1.067285 0.596255
1.068352 0.701259
0.980937 0.738925
1.023496 0.747365
0.879122 0.682500
0.855315 0.599390
0.802805 0.623097
0.720077 0.683232
0.687428 0.779944
0.685500 0.767503
0.707939 0.720209
0.725390 0.684453
0.720896 0.659841
0.862907 0.674773
0.917951 0.646635
1.006808 0.626614
1.082137 0.601546
1.232079 0.608267
1.357317 0.621343
1.322154 0.584213
1.278726 0.558202
1.259068 0.527155
1.196889 0.509298
1.098469 0.501596
0.872447 0.463014
0.659772 0.432265
0.523747 0.417730
0.479609 0.399750
0.435206 0.392309
0.414036 0.385685
0.433357 0.368152
0.522709 0.367108
0.645574 0.375251
0.750384 0.375400
0.798082 0.364481
0.867324 0.346370
0.911960 0.366163
0.928598 0.412341
0.969310 0.436366
0.986646 0.451804
1.021053 0.513324
1.030409 0.573287
1.012610 0.608788
1.429749 0.908902
1.322606 0.834119
1.029770 0.735532
0.509122 0.508117
0.468239 0.550821
0.443046 0.570610
0.452984 0.483443
0.485467 0.458584
0.513011 0.484847
0.518234 0.503052
0.520943 0.635023
0.576454 0.797670
0.645817 0.990792
0.710270 1.191270
0.748891 1.334624
0.853740 1.513009
0.745653 1.516079
0.743339 1.875379
0.669552 1.874883
0.623589 1.664800
0.673063 1.652472
0.699704 1.247081
0.694519 0.976498
0.733411 0.937440
0.769729 0.918900
0.784251 0.853040
0.832130 0.782891
0.834192 0.745510
0.850157 0.711266
0.881713 0.671704
0.868359 0.600742
0.836795 0.515955
0.841276 0.473273
0.836104 0.451267
0.883189 0.463125
0.930162 0.488062
0.954645 0.548348
0.927135 0.585795
0.914797 0.570490
0.855666 0.524162
0.888773 0.509498
0.836421 0.510169
0.720458 0.587149
0.676813 0.638121
0.617008 0.566206
0.553889 0.484599
0.574259 0.522139
0.642559 0.585615
0.762599 0.636352
0.880802 0.632207
0.989827 0.650274
0.976016 0.628713
0.954135 0.598810
0.894072 0.506062
0.814256 0.418156
0.742314 0.404354
0.689751 0.382382
0.695221 0.366524
0.700702 0.353893
0.691833 0.354048
0.584087 0.360165
0.573229 0.380985
0.514947 0.377334
0.449916 0.373626
0.456925 0.372396
0.473402 0.386374
0.504247 0.404604
0.528217 0.411710
0.535558 0.414301
0.522839 0.406443
0.483529 0.397020
0.444283 0.398442
0.496459 0.459467
0.494252 0.408699
0.488818 0.379912
0.486384 0.409329
0.479788 0.490616
0.465749 0.599049
0.529915 0.829069
0.581452 0.716421
0.538810 0.602046
0.406458 0.405225
0.353420 0.399308
0.341316 0.443581
0.321425 0.472056
0.288264 0.511633
0.283202 0.575587
0.299154 0.623738
0.323501 0.646419
0.382881 0.688622
0.442509 0.691352
0.473199 0.641422
0.486152 0.605645
0.514543 0.588670
0.482382 0.577783
0.471109 0.574722
0.491960 0.579994
0.537570 0.595994
0.579510 0.601122
0.574782 0.558427
0.514136 0.490707
0.454679 0.405410
0.448105 0.340292
0.464358 0.316268
0.496966 0.269231
0.513200 0.254297
0.554200 0.231417
0.582995 0.221806
0.634555 0.229216
0.636592 0.242418
0.633772 0.256751
0.640075 0.281708
0.563239 0.300219
0.551147 0.336989
0.488509 0.268915
0.508519 0.310642
0.439068 0.282688
0.311126 0.256790
0.300964 0.280549
0.320323 0.333532
0.420093 0.376909
0.498688 0.382921
0.535106 0.362876
0.535458 0.335513
0.523415 0.311648
0.539437 0.310125
0.505092 0.300933
0.473165 0.298523
0.458103 0.299223
0.457217 0.309211
0.428218 0.303813
0.370816 0.304865
0.393407 0.308291
0.409741 0.309788
0.431388 0.325934
0.461119 0.329470
0.442667 0.316001
0.426226 0.302828
0.504435 0.304513
0.690045 0.373796
0.920151 0.488863
