0.168842
0.262341
0.467764
0.467861
0.536841
0.544555
0.402746
0.318157
0.253613
0.198613
0.131608
0.099841
0.110566
0.329183
0.416504
0.513729
0.544452
0.633112
0.912773
1.111269
1.064826
0.960561
0.948835
0.902373
0.931453
0.726596
0.646874
0.569397
0.551394
0.534634
0.448566
0.371854
0.355117
0.296518
0.473698
0.403786
0.546435
0.595415
0.685511
0.829646
0.899811
1.024628
1.079308
1.219180
1.264765
1.098535
1.130677
1.310725
1.324462
1.501257
1.266528
1.167314
1.048937
0.758305
0.618527
0.655814
0.704839
0.718547
0.769095
0.759096
0.810831
0.849644
0.904058
0.797644
0.920855
0.796567
0.944829
0.922266
1.048368
0.962286
0.907743
1.065713
1.065959
1.054869
1.249697
1.206235
1.165097
1.339482
1.422779
1.394432
1.469713
1.606435
1.674418
1.913152
1.774533
1.363729
1.105075
1.100645
1.159249
1.138394
1.140532
0.956037
0.940101
1.020441
1.069549
0.864588
0.857298
0.704548
0.574248
0.733413
0.787583
0.748065
0.869579
0.791349
0.895692
1.002621
1.158255
1.235217
1.351568
1.589068
1.458665
1.630708
1.751317
1.743633
1.908345
1.945091
1.833995
1.552490
1.446338
1.222381
1.075341
0.961340
0.976136
0.961170
0.985002
1.143691
1.124244
1.041568
1.144752
1.074469
0.917401
1.106254
1.035810
0.950661
0.975861
1.112102
1.102205
1.099775
1.290349
1.238262
1.224368
1.372040
1.424391
1.373445
1.468931
1.507165
1.428602
1.613138
1.602377
2.177172
2.025002
2.421442
2.425158
2.027245
1.767509
1.461841
0.990295
0.701621
0.575204
0.479257
0.505636
0.805140
1.037745
1.328328
1.610394
1.845716
2.260306
2.190409
2.287429
2.463888
2.175411
1.815169
1.665821
1.766644
1.823907
1.804678
1.725578
1.807323
2.201217
2.230963
2.075856
2.074294
2.343959
2.382415
2.460615
2.572570
2.417226
2.066526
2.058513
1.784613
1.700347
1.507685
1.547395
1.383059
1.464913
1.520237
1.438509
1.511729
1.357103
1.409775
1.446998
1.502997
1.596612
1.854143
1.787951
1.859699
1.619445
1.569415
1.673359
1.698897
1.647837
1.724286
1.820744
1.857631
1.873260
1.828457
2.011399
1.909053
1.871505
2.091394
2.067385
2.060199
2.052134
2.188464
2.385793
2.343470
2.420215
2.237654
2.330849
2.507321
2.368201
2.194948
2.183789
2.085890
1.887962
1.950745
1.900003
1.929380
1.874393
2.022676
2.187015
2.088972
2.100652
2.080820
2.054191
2.115349
2.141416
2.037222
1.995406
1.855219
1.555869
1.703103
1.899689
2.080129
2.011307
1.962383
1.906078
1.875715
1.826965
1.330056
1.260804
1.273205
1.327185
1.464651
1.538019
1.593991
1.797129
1.791751
1.760187
1.859323
1.706298
1.908982
1.885415
2.008929
2.089769
2.028357
2.043965
1.743449
1.581611
1.529384
1.350049
1.311347
1.415898
1.523321
1.680763
1.715571
1.957653
1.981276
1.746123
1.554908
1.422482
1.407762
1.465923
1.362226
1.364948
1.062871
0.979300
0.997436
1.033383
1.072486
0.992586
1.111333
1.249841
1.293809
1.129977
1.006781
1.104358
1.146007
1.443249
1.514340
1.894983
2.176264
2.248170
2.483575
2.481189
2.362519
2.358183
2.236156
2.064897
1.952178
2.008985
2.019745
2.229364
1.997842
2.070895
1.879410
2.009591
1.934999
1.930834
1.847225
1.941235
1.941806
1.815615
1.826440
1.904490
1.881560
2.019377
2.117817
2.228684
1.933097
1.693665
1.674114
1.651795
1.839862
1.919307
1.876063
1.816586
1.621224
1.457660
1.327520
1.304405
1.201916
1.368211
1.449163
1.632965
1.533138
1.501706
1.509355
1.489930
1.568538
1.752233
1.875587
2.028080
2.040500
2.138080
2.246163
2.400408
2.375362
2.346761
2.394049
2.669307
2.800738
2.953748
3.068159
3.219274
3.288953
3.276983
3.290648
3.415713
3.379325
3.383022
3.372903
3.341844
3.222279
2.996988
2.731825
2.661910
2.690294
2.715664
2.749706
2.600789
2.546578
2.509717
2.478040
2.575922
2.781707
3.052971
3.264015
3.458353
3.624715
3.803310
4.025577
4.077207
4.102324
4.107926
4.110974
4.126817
4.230053
4.250252
4.331075
4.291081
4.238649
4.167334
4.065516
4.225696
4.272493
4.163015
4.043416
3.910702
3.905173
4.029712
3.895440
3.889754
4.005911
4.327265
4.469147
4.277244
3.983131
3.566708
3.216074
2.994101
2.900678
2.760685
2.715529
2.862021
2.886267
3.163843
3.373356
3.610796
3.766087
3.754378
3.781434
3.834457
3.798803
3.903579
3.875719
3.875694
3.906482
3.951274
4.102977
4.225452
4.420958
4.558333
4.697499
4.803972
4.910815
5.051083
5.023863
5.014057
4.993104
5.066271
4.992492
4.845504
4.488523
4.453342
4.415572
4.398088
4.378174
4.401274
4.479550
4.560876
4.649809
4.667442
4.663744
4.540232
4.446980
4.351179
4.341528
4.198318
4.059449
3.904999
3.748415
3.683385
3.549963
3.485051
3.424782
3.328242
3.352811
3.276860
3.223792
3.098579
3.219317
3.410259
3.500370
3.567614
3.836239
3.945616
3.920790
3.803695
4.063537
3.871990
3.539583
3.498804
3.535031
3.676804
3.818993
3.774403
4.014249
4.090248
4.249965
4.393524
4.470750
4.514164
4.555760
4.516385
4.475750
4.543333
4.598326
4.625988
4.601242
4.516583
4.436967
4.464101
4.504822
4.504974
4.536828
4.575079
4.565274
4.583827
4.681275
4.727826
4.771389
4.768305
4.966872
5.023072
5.024130
4.685381
4.541149
4.175803
4.190041
3.975761
3.925416
3.862103
3.729774
3.641645
3.567547
3.447676
3.323444
3.236722
3.115952
3.025514
2.963006
2.906850
2.908445
2.826228
2.725568
2.635902
2.573752
2.427065
2.156767
1.750691
