0.336609
0.480442
0.670369
0.983721
1.375134
1.725806
1.920948
2.101040
2.272886
2.445731
2.669537
2.804272
2.908084
2.974333
2.991253
3.069850
3.253168
3.456284
3.657068
3.835399
3.904022
3.891829
3.840010
3.738869
3.583887
3.404387
3.218458
3.071649
2.980890
2.915893
2.881222
2.782244
2.606830
2.432387
2.270677
2.156202
2.063823
1.977177
1.891710
1.801197
1.840909
1.851692
1.785249
1.725963
1.685024
1.724384
1.817353
1.941057
2.066467
2.196358
2.345971
2.474421
2.630637
2.787740
2.894820
3.000106
3.099299
3.238480
3.403088
3.587916
3.753227
3.850079
3.890147
3.843257
3.740732
3.581219
3.406155
3.251891
3.114927
3.003505
2.923386
2.858031
2.788325
2.634859
2.455157
2.272355
2.116839
1.957182
1.872798
1.781663
1.723926
1.586566
1.463328
1.341381
1.302768
1.316429
1.322277
1.402585
1.532542
1.676816
1.808136
1.881770
1.967505
2.043540
2.150358
2.252145
2.401006
2.455782
2.560538
2.675142
2.806662
2.917869
2.978378
2.965679
2.888679
2.816030
2.713657
2.618628
2.515481
2.409586
2.329828
2.229007
2.171904
2.109231
2.066206
2.009875
1.936239
1.844169
1.779869
1.683079
1.609107
1.504133
1.448523
1.355063
1.287077
1.336665
1.414347
1.534848
1.601436
1.668179
1.704824
1.737306
1.793119
1.864717
1.907546
1.986865
2.083344
2.202862
2.314692
2.441131
2.559114
2.680195
2.778859
2.882023
3.010485
3.152336
3.310440
3.477690
3.657245
3.854901
4.043040
4.143823
4.250187
4.371216
4.499434
4.616135
4.737974
4.865570
4.969084
5.083314
5.150737
5.246333
5.421121
5.568091
5.713636
5.873326
6.014810
6.175036
6.337170
6.561482
6.665904
6.727823
6.753333
6.824442
6.913216
6.848128
6.702075
6.566326
6.403249
6.241386
6.101609
5.994377
5.828368
5.589567
5.423699
5.211348
5.025840
4.827180
4.694927
4.548459
4.382633
4.170933
3.923962
3.682013
3.405811
3.113504
2.939079
2.743665
2.568319
2.442135
2.483198
2.627530
2.730001
2.891114
3.057268
3.220160
3.366202
3.478494
3.559867
3.640483
3.741723
3.932910
4.115298
4.257461
4.458756
4.547505
4.660922
4.749490
4.805202
4.883287
4.892363
5.005002
5.121311
5.350374
5.504545
5.638921
5.711263
5.736841
5.831405
5.777678
5.628114
5.531746
5.440949
5.321319
5.257652
5.187692
5.053952
4.907709
4.768931
4.572432
4.358744
4.162397
3.970334
3.753056
3.539783
3.304911
3.109420
2.879869
2.591900
2.336352
2.160274
2.080214
2.157156
2.284857
2.458405
2.608681
2.715816
2.786183
2.864116
2.928089
3.051511
3.268693
3.546440
3.820075
4.091529
4.305087
4.466295
4.617849
4.768265
4.857820
5.031346
5.262569
5.487177
5.680974
5.838642
6.019985
6.138932
6.205446
6.262249
6.256141
6.138384
5.984261
5.783684
5.564077
5.416579
5.299102
5.158165
5.032661
4.875683
4.713356
4.563325
4.402929
4.236069
4.078462
3.892973
3.717442
3.526325
3.359502
3.168253
3.014540
2.842923
2.588201
2.321568
2.166608
2.153894
2.275365
2.416512
2.550538
2.695331
2.786354
2.889959
2.957727
2.983159
2.985407
3.049832
3.237876
3.487812
3.779239
4.022047
4.232805
4.437980
4.615345
4.717215
4.757411
4.830492
4.959197
5.134162
5.186014
5.204157
5.272440
5.341297
5.404165
5.432591
5.464628
5.485585
5.498914
