0.336608
0.523617
0.706557
0.887638
1.070936
1.250007
1.420024
1.585693
1.751837
1.920995
2.127029
2.270156
2.221492
2.167604
2.043567
1.971061
1.884490
1.829410
1.795571
1.745083
1.688889
1.483662
1.265556
1.022943
0.815626
0.653542
0.595020
0.587793
0.666564
0.756978
0.854311
1.004496
1.118189
1.187948
1.117846
0.933399
0.650885
0.371089
0.167358
0.072286
0.253032
0.361968
0.404179
0.459728
0.450592
0.431568
0.381876
0.271433
0.166901
0.194818
0.408963
0.648785
0.890830
1.082462
1.276285
1.471246
1.623301
1.761274
1.870880
1.952669
2.028786
2.030019
1.971514
1.827681
1.655938
1.494043
1.352544
1.269828
1.201874
1.160751
1.186769
1.198924
1.193548
1.183693
1.170902
1.108171
1.138708
1.236710
1.271363
1.322853
1.360725
1.495907
1.732998
1.966262
2.256550
2.663482
2.930487
3.110899
3.341971
3.524429
3.529195
3.561925
3.557456
3.600027
3.634518
3.624516
3.524670
3.481200
3.422854
3.339329
3.444537
3.553779
3.643404
3.674979
3.530297
3.415138
3.283686
3.244397
3.208179
3.125824
3.066594
3.005140
2.909361
2.813684
2.726696
2.697174
2.614614
2.628531
2.625803
2.664707
2.737054
2.830345
3.008400
3.105633
3.209344
3.267390
3.282238
3.242096
3.128067
2.936447
2.793709
2.652263
2.557291
2.455284
2.310486
2.216893
2.123081
2.047518
1.976781
1.854680
1.755260
1.679556
1.610447
1.586345
1.447140
1.334793
1.282502
1.268099
1.221331
1.195912
1.337485
1.427383
1.487168
1.525560
1.582656
1.506543
1.365484
1.179032
0.964958
0.783421
0.878283
1.118208
1.523698
1.852797
2.097911
2.190843
2.212601
2.128543
2.042345
1.899700
1.973158
2.120377
2.325898
2.354481
2.303191
2.165034
1.936717
1.790336
1.648643
1.552690
1.545468
1.533207
1.561697
1.643422
1.698253
1.836126
1.871282
1.847105
1.711071
1.607665
1.521985
1.567270
1.794560
2.054766
2.559713
2.985728
3.484368
3.672594
3.736973
3.683829
3.479510
3.420468
3.286052
3.206989
3.128901
3.002611
2.797217
2.583046
2.303386
2.081570
1.875836
1.689853
1.595968
1.706824
1.946996
2.142569
2.321564
2.480701
2.615563
2.737307
2.887649
3.079139
3.251414
3.441352
3.647512
3.801757
3.939936
3.957602
3.884262
3.727224
3.522241
3.315308
3.100423
2.871708
2.682826
2.537470
2.398626
2.304158
2.256683
2.172857
2.078282
1.933827
1.751263
1.528182
1.285533
1.042541
0.836226
0.716214
0.706107
0.783076
1.065589
1.214606
1.317206
1.324419
1.242876
1.149326
1.123836
1.112316
1.083554
1.131465
1.274841
1.508449
1.853357
2.207991
2.528802
2.835415
3.102056
3.312066
3.483618
3.638420
3.776135
3.962767
4.155612
4.383824
4.652745
4.895613
5.041833
5.151411
5.232094
5.231441
5.081507
4.909940
4.717138
4.465453
4.213745
3.977774
3.745726
3.542528
3.390139
3.246326
3.096826
3.005780
2.874931
2.777633
2.662990
2.525189
2.381137
2.191355
1.984539
1.817777
1.616095
1.494275
1.356612
1.162489
1.075411
1.090689
1.173175
1.325163
1.505436
1.661555
1.843117
2.007133
2.173776
2.369009
2.587191
2.865378
3.281629
3.595678
3.885453
4.120621
4.270767
4.441519
4.573609
4.688109
4.828228
5.075273
5.362838
5.436344
5.482360
5.511294
5.556943
5.596375
5.655046
5.654570
5.687613
5.653651
