2.038471 1.957604
2.010147 1.897257
1.956701 1.891540
1.857919 1.896636
1.595895 1.856961
1.403380 1.767806
1.226245 1.747177
1.168005 1.711720
1.077567 1.771256
1.062614 1.820459
1.058924 1.924222
1.055287 2.035063
1.011783 2.059827
1.014599 2.132482
1.035891 2.251259
1.068731 2.244814
1.039839 2.238731
0.922262 2.130189
0.791249 2.097243
0.715448 2.017699
0.746699 1.937963
0.750166 1.712104
0.720754 1.520627
0.654148 1.362209
0.630038 1.282985
0.619830 1.288027
0.614422 1.313539
0.621555 1.379497
0.582428 1.474980
0.591323 1.585468
0.597299 1.642194
0.594734 1.653817
0.581223 1.642247
0.568500 1.571452
0.558930 1.554151
0.542920 1.603537
0.556905 1.756064
0.580816 1.921994
0.610429 2.094735
0.632458 2.230695
0.644216 2.315317
0.628109 2.227555
0.634712 2.078800
0.616702 1.850900
0.567095 1.628923
0.568942 1.491573
0.554169 1.387176
0.560622 1.307851
0.534303 1.243002
0.536040 1.205626
0.560335 1.264185
0.569124 1.344166
0.535534 1.451756
0.495893 1.538167
0.496396 1.651706
0.516425 1.742650
0.515020 1.810873
0.522289 1.891854
0.513644 1.830280
0.473265 1.762692
0.487639 1.636084
0.479256 1.509114
0.546094 1.436112
0.610356 1.324157
0.618483 1.232986
0.572238 1.130620
0.519795 1.110623
0.488263 1.131849
0.463691 1.172200
0.445068 1.259463
0.447277 1.360098
0.470466 1.464216
0.506179 1.597074
0.550673 1.739184
0.617910 1.846618
0.665618 1.873580
0.710540 1.930197
0.778220 1.985844
0.762666 2.025071
0.668200 1.862835
0.657583 1.567863
0.745589 1.327523
0.849413 1.277744
0.990366 1.304267
1.097119 1.333023
1.194189 1.367843
1.332009 1.393605
1.435180 1.382235
1.558036 1.382624
1.659343 1.371810
1.663142 1.278314
1.620982 1.060395
1.537240 0.961298
1.576932 0.917939
1.649339 0.856699
1.678459 0.837369
1.707161 0.818131
1.719902 0.803013
1.802940 0.810570
1.840376 0.830126
1.856492 0.828042
1.834884 0.818401
1.774069 0.824982
1.687080 0.875765
1.525686 0.865354
1.404014 0.818566
1.299291 0.805641
1.225158 0.805209
1.257990 0.802046
1.298111 0.808923
1.342017 0.801663
1.399076 0.820290
1.429988 0.834078
1.508202 0.865697
1.486343 0.806249
1.550330 0.823430
1.618351 0.812712
1.700033 0.791769
1.799611 0.789130
1.822702 0.790350
1.792923 0.791646
1.664328 0.764428
1.557496 0.741442
1.461082 0.719050
1.422384 0.734262
1.310246 0.709037
1.237486 0.729842
1.075588 0.757066
0.945350 0.752210
0.831406 0.675753
0.822513 0.669920
0.842882 0.660218
0.915114 0.642391
1.016571 0.620801
1.134836 0.622951
1.214830 0.618528
1.295437 0.617881
1.401505 0.628687
1.483698 0.635954
1.552836 0.662491
1.525420 0.665437
1.605124 0.690006
1.709043 0.715165
1.796169 0.750096
1.921762 0.781552
2.098100 0.838264
2.308386 0.883399
2.580020 0.960033
2.882489 1.034307
3.213452 1.129189
3.461669 1.146761
3.556597 1.099868
3.527697 1.039599
3.497564 1.039246
3.489781 1.109765
3.418256 1.110458
3.269960 1.191319
3.232110 1.363694
3.190408 1.533537
3.140500 1.754395
3.089565 1.895684
3.046986 2.081120
3.035738 2.280371
3.037815 2.517821
3.017738 2.762235
3.025913 3.040137
2.996788 3.298165
2.948975 3.531459
2.975395 3.771080
2.945457 3.938043
2.857574 4.103873
2.673533 4.066817
2.407232 3.916217
2.198736 3.695538
2.023606 3.383056
1.881965 3.024263
1.724557 2.772487
1.611354 2.485638
1.468592 2.254832
1.330319 2.039249
1.269987 1.969694
1.227738 1.838793
1.084718 1.794444
1.069359 1.825301
1.063228 1.833890
1.041909 1.914071
1.032182 1.962101
1.003772 1.962988
1.033781 1.957867
1.065723 2.005366
1.086637 1.952949
1.108455 1.958351
1.087135 1.910156
1.025380 1.886746
1.032605 1.919743
1.024193 1.888958
1.020714 1.877835
1.033985 1.834887
1.033531 1.705318
1.103011 1.565201
1.042598 1.033039
0.968861 0.886305
0.901650 0.825719
0.869281 0.822305
0.852923 0.870501
0.846075 0.924900
0.864302 1.013837
0.889888 1.052554
0.916190 1.170040
0.934346 1.263878
0.925155 1.370741
0.931330 1.464754
0.898410 1.507183
0.897394 1.597671
0.867547 1.663016
0.865329 1.742393
0.847156 1.770171
0.787145 1.768828
0.774405 1.845330
0.805437 1.967308
0.762533 1.947732
0.755483 1.915256
0.729324 1.955913
0.717950 1.944743
0.702130 1.986613
0.681230 2.027779
0.633260 2.011384
0.615828 1.950290
0.584230 1.777310
0.576067 1.589171
0.586516 1.415447
0.598079 1.288011
0.608381 1.185070
0.640344 1.145075
0.691593 1.172292
0.740251 1.192331
0.802015 1.250249
0.843987 1.391649
0.916553 1.563722
0.972300 1.736317
1.078372 2.024517
1.161061 2.172454
1.224971 2.239665
1.283163 2.247892
1.362327 2.208207
1.425866 2.090391
1.530518 2.028666
1.584058 2.004903
1.600005 1.921431
1.511378 1.866458
1.394813 1.693408
1.240115 1.452410
1.117901 1.248699
0.957977 1.097319
0.840760 0.986682
0.740836 0.922931
0.717751 0.899571
0.714675 0.897996
0.699772 0.956347
0.691583 1.019908
0.688382 1.075697
0.691921 1.134169
0.677700 1.255775
0.678251 1.358617
0.674343 1.494414
0.696508 1.629330
0.684201 1.700609
0.672933 1.775395
0.677798 1.864697
0.643910 1.908796
0.660085 1.949000
0.671673 1.881127
0.719231 1.866007
0.756883 1.878206
0.763056 1.948867
0.780909 2.042122
0.737471 2.092900
0.613096 2.075677
0.561515 2.009833
0.547626 1.875021
0.557544 1.721680
0.543801 1.616433
0.539747 1.464124
0.560170 1.324468
0.521137 1.279392
0.510190 1.246936
0.554203 1.247671
0.631170 1.242566
0.740070 1.317545
0.840309 1.351304
0.929710 1.381415
0.954916 1.430222
0.948464 1.438643
0.988166 1.475557
1.014830 1.474031
1.043096 1.459141
1.103234 1.443364
1.152081 1.508346
1.170011 1.597493
1.190595 1.692082
1.197844 1.736119
1.138748 1.729619
1.044469 1.690825
0.966783 1.599113
0.889686 1.436626
0.938565 1.324727
0.941882 1.195469
0.915869 1.069049
0.883261 0.972768
0.859011 0.936553
0.862609 0.977707
0.825618 1.035892
0.794283 1.129590
0.783542 1.262802
0.789470 1.366814
0.807826 1.476608
0.798731 1.583715
0.797981 1.647330
0.765467 1.708685
0.710301 1.712003
0.655139 1.661077
0.629411 1.688453
0.604447 1.665575
0.590503 1.615936
0.598805 1.699154
0.618161 1.792452
0.675094 1.851053
0.744693 1.843872
0.880389 1.766511
1.021313 1.703860
1.122200 1.538283
1.203635 1.432458
1.292994 1.329279
1.385951 1.198308
1.436004 1.135040
1.553878 1.101524
