60
120
160
200
250
190
210
240
420
470
520
520
340
320
320
330
320
320
370
510
510
520
390
320
320
320
330
320
390
330
320
320
330
320
320
320
330
320
400
330
370
490
520
520
370
320
320
320
330
380
520
490
530
530
520
520
510
520
520
510
520
520
510
520
510
520
510
510
520
510
520
520
510
510
520
510
520
510
520
510
520
520
530
520
520
520
520
520
520
530
520
530
520
520
520
520
530
520
520
530
530
520
520
520
530
520
520
520
520
530
520
530
520
520
520
530
520
520
520
520
530
520
520
530
520
520
530
520
520
530
520
530
520
520
520
530
520
520
530
520
520
520
520
520
520
520
530
520
520
520
530
520
520
530
520
520
520
520
530
520
530
520
520
520
520
530
520
520
520
520
520
520
510
510
520
510
520
510
510
520
510
510
510
520
510
520
510
510
520
510
520
510
520
510
510
520
510
520
510
520
510
520
510
520
510
520
510
510
520
510
520
510
520
510
510
520
510
520
510
520
520
510
510
520
510
520
510
520
530
540
540
530
530
540
530
530
540
530
540
530
540
530
540
530
530
530
530
530
540
530
540
530
540
530
530
540
530
530
540
530
540
530
540
530
530
540
530
530
530
530
540
520
510
520
520
520
510
520
520
520
520
510
520
510
520
520
510
520
520
510
520
520
520
520
510
520
510
520
520
510
520
520
520
520
510
520
520
510
520
520
520
520
510
520
520
520
520
520
510
520
520
520
520
510
520
520
520
510
520
510
520
530
530
540
530
540
