160
250
330
420
500
590
680
770
860
950
1040
1040
1040
1040
1040
1040
1050
1000
1020
900
650
820
810
1040
1050
1040
1050
1050
1040
1050
1050
1050
1040
1050
1050
1040
1050
1040
1040
1050
1050
1050
1040
1050
1050
1040
1050
1050
1040
1050
1050
1050
1040
1040
1050
1040
1060
1080
1080
1080
1080
1070
1080
1090
1080
1080
1080
1080
1080
1080
1080
1080
1080
1080
1080
1080
1090
1080
1090
1080
1080
1080
1080
1080
1080
1080
1070
1070
1070
1080
1080
1050
1040
1050
1040
1050
1040
1050
1050
1040
1050
1050
1040
1050
1040
1050
1040
1050
1040
1050
1050
1040
1050
1040
1050
1040
1050
1040
1050
1040
1050
1040
1050
1040
1050
1040
1050
1050
1040
1040
1040
1050
1040
1050
1040
1050
1040
1050
1040
1050
1050
1040
1040
1050
1040
1050
1040
1050
1040
1050
1050
1040
1050
1040
1050
1040
1050
1040
1050
1040
1050
1050
1050
1050
1060
1050
1050
1050
1050
1050
1060
1050
1050
1050
1050
1050
1050
1050
1050
1050
1050
1070
1050
1040
1010
1060
1050
1060
1050
1020
660
930
1070
1070
1080
1080
1070
1070
1070
1040
1050
1040
1050
1040
1050
1040
1050
1040
1040
1040
1050
1050
1050
1050
1050
1050
1050
1050
1050
1050
1050
1050
1050
1050
1050
1050
1050
1050
1050
1050
1050
1050
1050
1050
1040
1050
1050
1050
1050
1050
1050
1050
1040
1050
1050
1050
1050
1040
1050
1040
1060
1040
1050
1050
1050
1050
1040
1050
1050
1050
1050
1050
1040
1050
1050
1050
1050
1050
1040
1050
1050
1060
1050
1050
1050
1050
1050
1050
1050
1050
1050
1060
1060
1060
1060
1060
1060
1060
1050
1060
1070
1060
1060
1060
1060
1060
1060
1060
1060
1050
1070
1060
1060
1060
1050
1060
1060
1060
1060
1050
1070
1060
1060
1060
1060
1050
1050
1060
1060
1060
1070
1060
1060
1060
1060
1060
1060
1060
1060
1060
1060
1040
1040
1040
1040
1040
