2.043134 1.961327
1.921903 1.925965
1.886085 1.904780
1.729088 1.873552
1.556960 1.845721
1.369338 1.796040
1.200301 1.724599
1.127005 1.645076
1.048288 1.625634
1.034094 1.697232
1.018029 1.837807
0.935287 1.906536
0.867181 1.959006
0.837459 1.986734
0.850335 2.065281
0.879570 2.166373
0.876668 2.245566
0.835639 2.308492
0.703077 2.144089
0.648403 2.078041
0.591009 1.899945
0.581752 1.581815
0.542599 1.354339
0.526645 1.181838
0.500646 1.069364
0.465008 1.061744
0.435910 1.108263
0.450634 1.169196
0.466205 1.225698
0.469669 1.312157
0.514512 1.446262
0.521906 1.576610
0.513752 1.685427
0.504578 1.693117
0.462124 1.642610
0.467109 1.700646
0.467498 1.796081
0.479762 1.878388
0.497936 1.983933
0.490506 2.061511
0.543065 2.120395
0.579714 2.027060
0.592110 1.820373
0.565989 1.613684
0.509511 1.421874
0.469325 1.266307
0.434906 1.152003
0.405732 1.040856
0.385397 1.017209
0.395150 0.996689
0.424429 1.051551
0.431068 1.127646
0.421424 1.252569
0.434207 1.359108
0.409029 1.405736
0.403706 1.447464
0.409753 1.561413
0.431481 1.682088
0.450627 1.770264
0.435293 1.832343
0.439696 1.881631
0.402341 1.742651
0.374555 1.551911
0.421441 1.381750
0.462987 1.226408
0.461672 1.071056
0.416552 0.984816
0.395216 0.958847
0.405717 0.996071
0.383335 1.070291
0.424093 1.194146
0.470176 1.329125
0.511444 1.520169
0.518423 1.694080
0.522559 1.818738
0.539406 1.928570
0.566043 1.957961
0.556124 2.027593
0.608761 2.103990
0.691966 2.111170
0.756565 2.046211
0.866369 1.983750
1.021638 1.916346
1.180533 1.851416
1.224437 1.771234
1.289061 1.692132
1.420438 1.654160
1.565754 1.575908
1.646215 1.467420
1.695719 1.379414
1.744067 1.328641
1.624627 1.282637
1.578272 1.142691
1.552206 1.037546
1.488091 0.909260
1.466567 0.823982
1.422762 0.788850
1.459163 0.782731
1.545448 0.766417
1.614879 0.728372
1.711424 0.730452
1.711826 0.734181
1.651470 0.782536
1.496398 0.841182
1.332958 0.845559
1.155146 0.810049
1.018576 0.741455
0.957168 0.710510
0.960057 0.703942
0.954654 0.681509
1.004045 0.657990
1.048761 0.648865
1.097721 0.644922
1.145222 0.655860
1.194407 0.683145
1.220286 0.686196
1.302278 0.704898
1.347264 0.721808
1.407165 0.721487
1.474127 0.728353
1.580065 0.740022
1.578661 0.721801
1.585540 0.727458
1.631509 0.703153
1.671794 0.708034
1.593958 0.722750
1.474696 0.751391
1.305493 0.816539
1.129160 0.799553
0.932374 0.760767
0.822608 0.699530
0.795486 0.653322
0.823871 0.646268
0.907876 0.631858
0.990277 0.635821
1.085929 0.638127
1.203184 0.661733
1.278967 0.648132
1.371459 0.667982
1.471545 0.670926
1.569258 0.676972
1.612990 0.692816
1.636969 0.689464
1.655836 0.699917
1.690604 0.702231
1.752194 0.699127
1.866804 0.705274
1.984644 0.708085
2.149965 0.728103
2.232714 0.698347
2.347996 0.700528
2.178735 0.658216
2.030899 0.689691
1.784227 0.742236
1.600267 0.788727
1.463303 0.883185
1.336873 0.980465
1.228828 1.037441
1.174133 1.098103
1.092095 1.185286
1.078104 1.287655
1.029404 1.394875
0.965762 1.434114
0.907331 1.568427
0.865246 1.687847
0.818090 1.830652
0.797740 1.926415
0.787660 2.072709
0.777683 2.164662
0.782237 2.275029
0.781033 2.388941
0.706713 2.307084
0.659407 2.136868
0.691411 1.948200
0.641872 1.676029
0.625564 1.532244
0.625989 1.393199
0.628835 1.291790
0.654614 1.245667
0.696503 1.232521
0.723500 1.271497
0.748020 1.356824
0.763084 1.449795
0.768483 1.519038
0.752424 1.625491
0.741402 1.737499
0.769671 1.813619
0.712019 1.867055
0.706099 1.969791
0.710417 2.033966
0.738090 2.095528
0.739341 2.131677
0.772902 2.254168
0.765551 2.370563
0.774083 2.452050
0.811742 2.599663
0.813883 2.704114
0.825364 2.827272
0.839131 2.779397
0.880993 2.660392
0.930100 2.482407
0.828520 2.227519
0.766569 1.953373
0.711304 1.709616
0.644892 1.596225
0.624607 1.510642
0.613481 1.470230
0.599237 1.383526
0.600518 1.385662
0.620019 1.461129
0.639719 1.546297
0.652924 1.686210
0.653253 1.821600
0.666606 1.961090
0.666109 2.071136
0.681386 2.200373
0.711078 2.299768
0.722763 2.365577
0.710499 2.466647
0.716120 2.487290
0.745170 2.547641
0.702235 2.533433
0.706026 2.560987
0.708976 2.550854
0.743568 2.655434
0.755472 2.562009
0.835675 2.471575
0.879398 2.260873
0.842657 2.043767
0.760079 1.794144
0.666736 1.558829
0.625837 1.409786
0.597067 1.302211
0.583832 1.195593
0.600518 1.206804
0.625447 1.275227
0.674203 1.357953
0.698104 1.492651
0.722184 1.595797
0.740126 1.736340
0.731053 1.815197
0.734438 1.918967
0.725761 2.008728
0.721268 2.101554
0.741977 2.226423
0.762618 2.372583
0.809401 2.481203
0.796649 2.636467
0.823524 2.730512
0.823013 2.833667
0.814528 2.937773
0.722178 2.760352
0.622382 2.415947
0.548965 2.106631
0.527899 1.806452
0.532036 1.579951
0.567079 1.413706
0.630044 1.310935
0.724779 1.194103
0.826302 1.172484
0.945490 1.164698
1.042912 1.168079
1.151755 1.214669
1.179545 1.253634
1.200500 1.371718
1.152081 1.491678
1.148852 1.517739
1.118657 1.564119
1.044625 1.556785
1.040096 1.626506
1.047949 1.627958
1.049046 1.656404
1.090620 1.613800
1.150107 1.674289
1.227180 1.750623
1.227949 1.808416
1.258757 1.808443
1.288515 1.687578
1.270920 1.544032
1.173010 1.422893
0.984017 1.272274
0.879873 1.162514
0.798712 1.095442
0.738981 1.060794
0.709008 1.042655
0.684465 1.042117
0.666517 1.086045
0.673496 1.123658
0.688089 1.260012
0.705104 1.372895
0.758347 1.500042
0.815257 1.581490
0.836688 1.652548
0.800594 1.774437
0.865413 1.872535
0.908218 1.966737
0.934335 2.097471
1.015344 2.217961
1.058581 2.360422
1.117627 2.481414
1.096179 2.629370
1.095476 2.664015
1.096992 2.710680
1.080551 2.661561
0.921268 2.512553
0.787615 2.333156
0.702412 2.020554
0.674899 1.751866
0.672525 1.564642
0.719344 1.411236
0.768661 1.337863
0.799583 1.266852
0.859368 1.219591
0.915042 1.212133
0.972751 1.126878
1.093244 1.189315
1.216598 1.224059
1.341749 1.241618
1.447154 1.298997
1.456993 1.459570
1.500853 1.606246
1.459769 1.560925
1.276888 1.511258
1.302822 1.459840
1.314903 1.432142
1.357501 1.476521
1.326169 1.551936
1.212518 1.579077
1.063063 1.584539
0.971724 1.654707
0.906563 1.617031
0.813800 1.555285
0.770656 1.510549
0.731043 1.440618
0.724550 1.379814
0.725946 1.393264
