0.342660
0.528512
0.717442
0.899707
1.078119
1.279403
1.281886
1.265615
1.251020
1.242641
1.456344
1.676256
1.881677
2.055801
2.207406
2.307421
2.428451
2.543565
2.678016
2.742965
2.745214
2.635040
2.503376
2.326990
2.168566
2.052842
1.937369
1.855458
1.844443
1.882067
1.959519
1.929620
1.751162
1.477281
1.175834
0.995916
0.822023
0.684164
0.531084
0.338344
0.209889
0.188974
0.164169
0.193161
0.200032
0.223819
0.305379
0.513662
0.711361
0.928906
1.152002
1.402341
1.637517
1.867276
2.090131
2.242719
2.350237
2.475376
2.627318
2.782126
2.934099
3.027270
3.036850
2.894370
2.709686
2.828059
2.760751
2.683921
2.606643
2.520283
2.465881
2.473935
2.426241
2.322037
2.083137
1.884831
1.693053
1.519803
1.345296
1.212321
1.024346
0.790409
0.655513
0.687137
0.851331
1.080146
1.353904
1.497158
1.602808
1.716641
1.841139
1.965196
2.077636
2.200682
2.262608
2.359058
2.422378
2.486199
2.569195
2.652394
2.766301
2.853099
2.865343
2.792037
2.638808
2.471405
2.286188
2.096879
1.926704
1.679185
1.468528
1.226913
0.985068
0.725943
0.465120
0.281917
0.175253
0.105204
0.254528
0.490773
0.790885
1.036769
1.284571
1.398915
1.550618
1.626285
1.700351
1.550481
1.300201
1.035328
0.798030
0.630370
0.507106
0.433568
0.480092
0.617039
0.804804
1.043002
1.257073
1.434611
1.589165
1.742406
1.879825
2.024059
2.182876
2.335554
2.526234
2.689445
2.927875
3.160167
3.292702
3.376332
3.454650
3.574709
3.661551
3.756731
3.901768
3.999882
4.175264
4.280219
4.362713
4.408638
4.478477
4.581697
4.782439
4.987920
5.171223
5.467280
5.667981
5.961887
6.137633
6.381124
6.344909
6.255631
6.297649
6.254994
6.194104
6.070164
5.900991
5.792944
5.623961
5.512673
5.412264
5.259040
5.059529
4.826763
4.535557
4.268362
4.005007
3.693268
3.554071
3.364673
3.325646
3.218493
2.921517
2.493465
1.869189
1.122755
0.554507
1.021120
1.437340
1.523967
1.335373
0.992368
0.710781
0.835767
1.227071
1.699040
2.120200
2.488346
2.786824
3.081558
3.410475
3.816092
4.193641
4.603960
5.015687
5.463225
5.958289
6.618484
7.349846
8.121739
8.641306
8.990139
9.335025
9.508971
9.590133
9.501013
9.295613
8.953960
8.638986
8.386063
8.131260
7.868240
7.560684
7.231536
6.900584
6.444116
6.002736
5.549557
5.156658
4.739224
4.250446
3.702403
3.117619
2.471614
1.930373
1.515060
1.304841
1.274764
1.608991
1.869354
1.996675
1.871880
1.732350
1.622638
1.634339
1.723548
1.861018
2.024285
2.216856
2.466056
2.723110
2.946715
3.129657
3.303827
3.445441
3.579403
3.667512
3.753703
3.951706
4.298735
4.997662
5.751052
6.441134
6.868656
7.069356
7.065955
7.026690
6.941058
6.828710
6.828121
6.787993
6.603586
6.198686
5.721728
5.178294
4.736077
4.312532
3.988916
3.759317
3.593188
3.397295
3.190541
2.936484
2.631872
2.312276
2.042322
1.806998
1.569693
1.418020
1.283194
1.259676
1.376533
1.617409
1.629061
1.521556
1.454973
1.443229
1.502286
1.605319
1.777232
1.981270
2.260509
2.598295
3.035627
3.436691
3.827877
4.144351
4.423576
4.694305
5.007539
5.290758
5.603798
5.888715
6.266641
6.526433
6.581231
6.530448
6.476708
6.431532
6.421628
6.394895
6.417143
6.437563
6.484641
