40
5450
5570
5750
5870
6020
6190
6340
6470
6630
4040
5460
5600
5740
5900
6040
6180
6340
6490
6630
4040
5440
5590
5760
5880
6030
6180
6330
6480
6630
4050
5460
5630
5760
5900
6040
6190
6330
6510
6650
4040
5450
5600
5730
5860
6050
6190
6310
6470
6640
4050
5500
5600
5760
5870
6040
6190
6340
6470
6640
4060
5470
5620
5770
5910
6070
6200
6350
6540
6640
4060
5440
5590
5730
5880
6030
6170
6340
6490
6620
4040
5450
5600
5760
5900
6040
6170
6330
6480
6630
4060
5450
5590
5720
5910
6020
6180
6330
6470
6610
4050
5440
5590
5740
5880
6050
6170
6330
6480
6650
4030
5440
5600
5730
5900
6010
6170
6310
6460
6630
4040
5440
5590
5720
5870
6010
6160
6310
6490
6610
4030
5450
5590
5770
5900
6020
6190
6340
6490
6620
4040
5450
5600
5750
5890
6050
6190
6330
6480
6640
4050
5470
5600
5740
5890
6050
6200
6310
6480
6640
4060
5440
5580
5720
5890
6020
6160
6330
6490
6640
4040
5450
5580
5740
5900
6030
6200
6340
6520
6630
4060
5480
5610
5740
5890
6030
6190
6370
6480
6640
4070
5470
5610
5760
5890
6040
6180
6330
6490
6620
4050
5480
5580
5740
5890
6030
6170
6340
6480
6630
4060
5470
5590
5750
5900
6040
6200
6320
6490
6620
4050
5450
5590
5740
5880
6030
6180
6360
6480
6620
4060
5460
5600
5740
5900
6050
6200
6330
6480
6630
4050
5460
5590
5750
5890
6040
6190
6330
6480
6660
4060
5450
5590
5770
5890
6040
6170
6320
6460
6650
4060
5460
5590
5740
5900
6050
6190
6330
6480
6630
4060
5460
5620
5760
5920
6050
6210
6340
6510
6630
4030
5450
5590
5730
5880
6020
6170
6320
6460
6620
4060
5470
5610
5760
5890
6040
6200
6340
6490
6660
4040
5450
5610
5730
5900
6030
6170
6320
6480
6440
3850
5180
5340
5650
5670
5860
6040
6230
6370
6380
3890
5350
5460
5450
5590
5720
5850
6130
6290
6460
3820
5170
5290
5430
5570
5710
