70
80
70
70
70
120
120
110
120
110
120
110
120
110
110
120
110
120
120
110
120
120
120
110
120
120
110
120
120
160
160
200
200
200
210
200
250
250
250
300
290
290
290
340
390
390
390
390
440
440
450
440
440
430
430
440
440
440
440
440
450
430
430
440
440
490
490
480
490
480
490
540
530
590
580
590
640
640
640
640
640
640
650
640
600
630
640
700
690
700
690
700
700
690
700
690
700
690
700
700
700
700
690
700
700
680
680
670
670
670
680
670
670
670
670
670
670
670
720
730
730
730
770
780
830
830
830
820
830
830
830
840
830
830
830
840
830
830
880
890
880
880
890
880
880
890
940
940
990
990
1000
990
990
990
990
1050
1040
1040
1050
1040
1050
1050
1040
1100
1100
1100
1160
1160
1160
1160
1160
1210
1210
1210
1270
1270
1270
1270
1260
1270
1270
1270
1270
1270
1270
1320
1330
1320
1330
1320
1390
1380
1390
1380
1380
1390
1380
1380
1380
1380
1390
1380
1390
1380
1440
1440
1440
1500
1500
1500
1560
1560
1570
1560
1560
1560
1560
1560
1560
1560
1570
1560
1620
1620
1620
1610
1620
1620
1620
1620
1620
1620
1620
1610
1620
1610
1620
1620
1620
1620
1620
1610
1620
1620
1620
1610
1620
1690
1680
1680
1690
1680
1690
1680
1680
1680
1690
1680
1680
1680
1690
1740
1740
1750
1800
1800
1800
1800
1800
1800
1800
1800
1800
1800
1800
1800
1800
1860
1860
1870
1860
1860
1860
1930
1930
1930
1990
1990
1990
1980
1990
1990
1990
1980
1990
1990
1990
1990
1990
1990
1990
1990
1980
2050
2050
2120
2120
2120
2120
2110
2120
2110
2120
2120
2120
2120
2120
2110
2120
2120
2120
2110
2120
2190
2180
2180
2250
2250
2250
2240
2250
2250
2250
2190
2230
2230
