0.336609
0.383226
0.594698
1.076212
1.548245
1.883430
2.062837
2.096247
2.058933
2.112774
2.290791
2.519992
2.675629
2.788529
2.839158
3.004232
3.257415
3.534119
3.785255
3.873062
3.940150
3.973655
3.960504
3.861657
3.667199
3.416047
3.179039
2.996413
2.845770
2.721208
2.585846
2.396686
2.164061
1.981970
1.830269
1.756965
1.661137
1.591081
1.508136
1.445165
1.483807
1.518025
1.541721
1.463854
1.438783
1.565641
1.648312
1.757335
1.890611
2.018967
2.128298
2.289186
2.468416
2.634097
2.800672
2.945409
3.096592
3.264844
3.472344
3.684893
3.862181
3.993375
4.068672
4.049429
3.949824
3.758177
3.509359
3.299409
3.132286
2.974851
2.873490
2.779656
2.649128
2.445797
2.238413
2.066570
1.901567
1.740206
1.640970
1.589281
1.458276
1.306870
1.166179
1.081730
0.965987
0.946561
0.983388
1.077529
1.237380
1.429473
1.604281
1.746040
1.870323
2.007877
2.155734
2.278652
2.421352
2.544611
2.673609
2.817675
2.993501
3.137559
3.209624
3.197536
3.120785
3.029206
2.928921
2.798683
2.664093
2.531400
2.407033
2.301648
2.220185
2.153208
2.094552
2.009705
1.984219
1.945889
1.932220
1.904844
1.864372
1.930500
1.927036
1.977152
2.037759
2.181491
2.243007
2.323960
2.308243
2.235541
2.188239
2.144994
2.138698
2.176135
2.225360
2.300375
2.355527
2.431957
2.500437
2.541714
2.598892
2.671189
2.787587
2.866493
3.008907
3.150744
3.324741
3.518678
3.708017
3.912570
4.071209
4.223802
4.366013
4.492836
4.631828
4.716825
4.762234
4.803302
4.825428
4.833757
4.862424
4.933109
5.027715
5.195837
5.354689
5.529873
5.726890
5.849350
5.977925
6.092033
6.147145
6.193488
6.134852
6.076968
6.040482
5.977158
5.906859
5.823932
5.717244
5.588140
5.477638
5.371205
5.229740
5.082547
4.990568
4.831132
4.607590
4.444113
4.297150
4.084860
3.911886
3.689138
3.507085
3.304388
3.137918
3.031564
2.872083
2.734937
2.566452
2.467018
2.439663
2.516539
2.540265
2.558071
2.635771
2.706844
2.773217
2.809887
2.837093
2.839831
2.839118
2.831725
2.835947
2.781992
2.772485
2.720008
2.714053
2.713934
2.757422
2.727486
2.736571
2.653074
2.637933
2.622867
2.674640
2.717176
2.638100
2.533947
2.458678
2.365367
2.323006
2.356129
2.396191
2.440660
2.489240
2.531010
2.546239
2.521632
2.497312
2.485902
2.489977
2.493989
2.565304
2.670667
2.709489
2.774864
2.868097
2.899222
2.986073
3.052633
3.103165
3.115112
3.239979
3.223711
3.151872
3.015978
2.857506
2.611835
2.335047
2.037028
1.692135
1.350080
0.997617
0.645529
0.319804
0.077998
0.382138
0.718218
1.063387
1.363669
1.765647
2.144444
2.622826
3.040113
3.439775
3.787692
4.063381
4.102571
3.899077
3.590679
3.205072
2.775497
2.293274
1.860337
1.467076
1.097763
0.813668
0.545172
0.352602
0.340706
0.419417
0.621779
0.893621
1.129903
1.374170
1.634201
1.867101
2.117215
2.325055
2.548826
2.753239
3.029070
3.355060
3.654588
3.827620
3.803666
3.769992
3.613479
3.393442
3.190083
2.967264
2.739271
2.567272
2.459084
2.439512
2.507017
2.619730
2.733660
2.751809
2.696642
2.652593
2.862511
3.173635
3.690666
4.200332
4.635436
4.868329
4.994002
4.979008
5.023333
5.110248
5.277230
5.391719
5.478664
5.592492
5.765804
