20
3380
3670
4040
3730
4230
4190
3540
4540
4650
3040
3900
3990
4110
4170
4260
4380
4460
4550
4640
3000
3880
3640
4080
4190
4250
4360
4450
4570
4660
3010
3900
3970
4080
4180
4260
4370
4450
4550
4670
3020
3910
4030
4090
4200
4290
4380
4480
4590
4680
3010
3940
3990
4090
4210
4280
4370
4460
4530
4650
3010
3920
3990
4090
4190
4280
4380
4470
4580
4640
3000
3900
3970
4070
4170
4280
4360
4440
4560
4680
3000
3900
3980
4080
4170
4260
4360
4450
4560
4670
3000
3900
3970
4080
4160
4260
4370
4480
4550
4670
3000
3880
3990
4060
4180
4250
4360
4460
4570
4680
3010
3910
3990
4080
4180
4270
4370
4460
4580
4690
3010
3920
4020
4080
4170
4270
4360
4450
4560
4700
3020
3940
4010
4100
4200
4280
4370
4460
4580
4700
3020
3910
4010
4100
4180
4290
4360
4460
4590
4670
3010
3900
3980
4070
4170
4280
4350
4440
4570
4650
3010
3890
3990
4080
4180
4260
4380
4470
4590
4660
3010
3900
3990
4090
4170
4250
4350
4420
4540
4640
2990
3870
3950
4060
4140
4300
4330
4470
4530
4630
2990
3870
3950
4060
4130
4240
4330
4420
4530
4630
2990
3860
3980
4070
4130
4230
4350
4420
4540
4630
3000
3880
3970
4060
4150
4240
4330
4440
4550
4650
3000
3890
3980
4060
4160
4250
4340
4440
4540
4640
3000
3870
3960
4080
4170
4270
4330
4430
4540
4650
2980
3900
3980
4070
4160
4240
4330
4420
4530
4630
3000
3870
3950
4050
4150
4230
4330
4450
4550
4620
3000
3900
3950
4050
4170
4230
4330
4440
4530
4620
3000
3870
3960
4050
4160
4260
4320
4430
4530
4630
2990
3870
3950
4060
4140
4230
4330
4420
4520
4630
2990
3900
3960
4050
4160
4230
4330
4420
4530
4630
3000
3870
3960
4060
4150
4240
4330
4460
4560
4630
2990
3870
3950
4070
4130
4230
4350
4420
4550
4640
3000
3450
3950
4050
4150
3430
3620
3200
3780
3860
2000
2740
2790
3440
3610
3020
