0.140021
0.102731
0.096654
0.126263
0.215399
0.358128
0.546496
0.618544
0.827460
1.096019
1.348212
1.575591
1.869481
2.179003
2.509544
2.914272
3.481452
3.849774
4.396631
4.777099
5.197787
5.401656
5.208961
4.624621
4.126169
3.610957
3.049516
2.515843
2.070952
1.799229
1.803875
1.936852
2.288757
2.480796
2.591527
2.700310
2.851525
3.043500
3.373256
3.837830
4.502604
5.262660
5.554011
5.376052
4.925235
4.406518
3.912996
3.181642
2.763631
2.516637
2.384729
2.330380
2.347532
2.217313
2.186689
2.166325
2.226507
2.253734
2.619680
2.929652
3.414494
3.629529
4.062796
4.139117
4.082602
3.712944
3.423996
3.162717
2.945240
2.754322
2.617278
2.745667
2.864635
3.008412
3.276776
3.471373
3.744417
3.934160
4.253332
4.644017
4.975747
5.474490
6.072142
6.515696
7.165856
7.747794
8.282214
8.855928
9.501750
10.231502
10.628813
11.278087
11.980539
12.599723
13.289472
13.756189
14.363620
14.933024
15.860579
16.657358
17.501541
18.118444
18.633402
18.959100
18.941771
18.759234
18.478284
18.160132
17.798562
17.680851
17.555917
17.350673
17.298161
17.345701
17.186653
17.186506
17.105798
17.239992
17.075951
16.999405
16.996093
16.976280
16.789171
16.594005
16.632016
16.607388
17.019381
17.475653
17.790296
18.042248
18.094863
18.247033
18.343739
18.512669
18.604259
18.817360
19.038148
19.245418
19.489406
19.670684
19.975335
20.202239
20.464311
20.831368
21.088801
21.246075
21.546378
21.719581
21.934240
22.172424
22.450189
22.759238
23.140526
23.585270
24.141217
24.932803
25.677399
26.641331
27.596669
28.587282
29.550496
30.783377
31.757799
32.671993
33.393813
34.060272
34.726796
35.205755
35.639655
36.021202
36.317403
36.358888
36.053195
35.390116
34.618223
33.642659
32.924963
32.123375
31.713554
31.520533
31.458380
31.322389
31.352277
31.268383
30.992662
30.747238
30.379452
30.033829
29.438200
28.892173
28.256322
27.694238
27.268504
26.596111
26.082817
25.199809
24.357314
23.524108
22.906992
22.375432
22.178999
22.330889
22.446115
22.584835
22.915389
23.278872
23.593623
23.964074
24.209036
24.679110
25.116271
25.804774
26.440948
27.243586
28.363395
29.416241
30.487808
31.684784
32.612545
33.367632
34.072723
34.519768
34.819082
34.824105
35.007844
34.965620
34.680680
34.008599
33.122340
32.239388
31.511818
31.070837
30.932619
30.986867
31.139145
31.347795
31.538067
31.629350
31.452158
31.280964
31.039340
30.562132
30.180006
29.317413
28.609666
27.884124
27.264151
26.429988
25.440041
24.381303
23.335957
22.388878
21.891943
21.715701
21.927095
22.186951
22.572562
23.056696
23.449386
23.814445
24.288775
24.790948
25.498841
26.353742
27.315278
28.572603
29.858551
30.942014
32.123854
32.959814
33.822798
34.349661
34.841740
35.063736
35.365696
35.862733
36.385785
36.843257
36.784043
36.405737
35.753651
34.880457
34.032473
33.233296
33.011798
32.792771
32.899755
33.217572
33.383777
33.422700
33.252502
32.962412
32.556415
31.968338
31.317901
30.354969
29.338053
28.343496
27.099176
25.595358
24.163430
22.826474
21.728639
20.449472
19.842608
19.368521
19.557796
19.976316
20.510667
21.008015
21.359844
21.804785
22.292182
22.844075
23.548530
24.366371
25.426104
26.763042
28.285657
30.038882
31.813143
33.214664
34.453838
35.451050
36.198589
36.870908
37.269649
37.391510
37.311048
37.223600
36.960175
36.630018
36.268252
35.884484
35.394817
34.960516
