0.140021
0.102731
0.096654
0.126263
0.215399
0.358128
0.615533
0.804812
1.067913
1.281046
1.533295
1.742655
2.092161
2.436580
2.818541
3.181131
3.589838
4.033335
4.410911
4.695294
4.806037
4.666755
4.255598
3.840612
3.281565
2.757748
2.386568
2.042279
1.740569
1.788387
1.991293
2.331791
2.432398
2.297670
2.166209
2.042800
2.131634
2.474250
2.985975
3.490792
4.010035
4.511646
4.731662
4.768234
4.694141
4.377261
3.917898
3.183781
2.508436
2.172349
2.122826
2.049460
2.000830
1.915161
1.823234
1.840344
1.721092
1.856121
1.851175
2.178831
2.572517
2.700101
2.938954
2.819344
2.596341
2.401102
2.294121
2.216116
2.287061
2.483052
2.704034
3.024464
3.402118
3.769617
4.101626
4.138621
4.096185
3.915291
3.946681
4.024774
4.325189
4.538469
4.872905
5.280699
5.684339
6.124003
6.570451
7.116170
7.560524
8.154320
8.595301
9.116416
9.502918
10.118843
10.549850
10.984014
11.403271
11.969191
12.429438
12.884995
13.456242
13.877322
14.339264
14.455004
14.242399
13.863220
13.537497
13.178021
12.837984
12.722020
12.364344
12.045172
11.768761
11.594514
11.433151
11.215204
11.246072
11.093460
10.892264
10.917536
10.916683
10.914135
10.908118
10.851615
10.877947
11.105793
11.749342
12.375814
12.572890
12.727517
12.851389
13.057659
13.281155
13.907671
14.076021
14.353703
14.889507
15.140360
15.408490
15.804049
15.974969
16.413407
16.636722
16.976349
17.329292
17.660161
18.126076
18.436904
18.890142
19.176612
19.588967
20.149056
20.666948
21.512531
22.296675
23.114184
23.863262
24.525114
25.116565
25.963557
26.717760
27.484504
28.054952
28.523871
29.152039
29.495938
30.059516
30.555444
31.218365
31.594763
32.300091
32.465015
32.539177
32.051906
31.700569
31.593830
31.174695
30.644333
30.333398
30.106483
29.731259
29.484316
29.378228
29.200527
28.657970
28.356703
27.869639
27.508392
27.052104
26.760282
26.347168
26.012768
25.704954
25.255428
24.711011
24.120542
23.794097
23.161991
22.906212
22.579792
22.516117
22.687536
22.939504
23.254835
23.853682
24.385405
24.970288
25.318305
25.860465
26.301564
26.711839
27.352477
27.867542
28.646565
29.474742
30.339619
31.342614
32.103376
33.011378
33.896516
34.755434
35.247992
35.840481
36.253861
36.716125
37.147641
37.004557
36.503596
36.119106
35.292524
34.634185
34.131183
33.922360
33.864047
33.629347
33.368161
33.191257
33.166363
33.008307
32.738660
32.319370
31.893951
31.512888
30.906171
30.293728
29.756072
29.217999
28.479130
27.626255
27.044070
26.432139
25.978613
25.562051
26.069291
26.401765
27.078911
27.360022
27.729463
28.139419
28.595848
28.979269
29.417942
29.944143
30.794675
31.815217
32.735102
33.966812
35.180722
36.004002
36.697623
37.476608
38.239530
38.570622
39.112563
39.515711
39.835925
40.000395
40.005296
39.971488
39.584514
39.024058
38.419332
37.595191
37.213952
36.866013
36.702413
36.945772
37.076215
36.860456
36.669975
36.694123
36.580458
36.010869
35.655610
35.265964
34.646274
34.110327
33.379086
32.337862
31.490242
30.657636
29.899350
29.025905
28.272540
27.341272
27.060072
26.825863
26.952118
27.101500
27.209363
27.617017
27.998238
28.178474
28.753828
29.267710
29.819601
30.700821
31.582157
32.530224
33.931678
35.170706
36.471534
37.527739
38.553521
39.392766
40.009460
40.402311
40.559202
40.662047
40.733573
40.872299
40.700323
40.810886
40.928129
40.863672
40.937121
