0.121917
0.199031
0.211933
0.198766
0.076826
0.156244
0.278698
0.379848
0.435547
0.488686
0.612874
0.817368
0.824322
0.910956
0.924549
0.905286
1.113244
1.476265
1.956337
2.336337
2.574895
2.539732
2.305949
1.988660
1.923331
1.880424
1.876605
1.961254
2.132729
2.362385
2.587174
2.836152
3.104492
3.279942
3.420233
3.417792
3.493257
3.768414
3.954370
4.203337
4.519802
4.517532
4.344385
3.797314
3.202143
2.619832
2.333374
2.190703
1.877823
1.549024
1.318555
1.008759
0.837069
0.901273
1.154532
1.417050
1.643856
1.927545
2.315966
2.743329
3.222145
3.479390
3.345937
2.948810
2.515298
2.059039
1.705597
1.225012
0.924357
0.739135
0.613590
0.612814
0.930575
1.249513
1.761279
2.208634
2.716564
3.151239
3.417499
3.794159
3.910552
4.251793
4.558608
4.869569
5.262572
5.657387
6.061182
6.516938
6.887445
7.282239
7.690489
8.212752
8.644902
9.104221
9.584971
9.796767
10.152050
10.548900
11.030868
11.408234
12.008141
12.248658
12.388580
12.146359
11.827202
11.329417
10.821254
10.485032
10.096488
9.659085
9.034809
8.599055
7.997954
7.418149
6.929641
6.492386
5.966948
5.441506
4.906926
4.312249
3.851671
3.448121
2.857919
2.418659
2.040301
1.811510
1.917048
2.247825
2.642557
3.017825
3.487390
3.905894
4.283307
4.798772
5.248743
5.753336
6.111179
6.570795
6.987924
7.575907
8.045136
8.419332
8.725977
9.236648
9.658975
10.170358
10.489606
10.928273
11.362266
11.839059
12.189384
12.390292
12.425912
12.513795
12.548417
12.717031
12.794736
12.978505
13.187230
13.403836
13.593964
13.811278
14.087102
14.351719
14.551166
14.837772
15.153295
15.363782
15.665646
16.012577
16.403697
16.631037
16.548737
16.213673
15.841427
15.434637
15.093939
14.637551
14.234969
13.970857
13.547156
13.183026
12.985160
12.702605
12.338032
12.080359
11.841581
11.532929
11.291298
11.100764
10.925206
10.778511
10.656744
10.522833
10.437985
10.264052
10.170781
10.074302
9.914103
9.540051
9.290677
9.221171
9.266212
9.298830
9.419124
9.547878
9.713171
10.017790
10.226282
10.450772
10.689515
10.947253
11.343467
11.647915
11.992094
12.320491
12.626389
12.954935
13.267475
13.578305
13.954542
14.645935
15.093231
15.490851
15.880675
16.119824
15.986879
15.699906
15.308181
14.768446
14.534658
14.062889
13.595133
13.142831
12.731492
12.326333
11.901426
11.511701
11.186581
10.759175
10.388987
9.982271
9.640826
9.340494
9.302167
9.064884
9.018067
8.840576
8.703582
8.323209
8.135664
7.613070
7.211900
7.152865
7.217539
7.408275
7.551371
7.900788
8.146711
8.300286
8.673152
9.039854
9.383105
9.761752
10.197037
10.579738
11.030110
11.499820
11.953407
12.407284
12.749839
13.150312
13.477540
14.139403
14.620407
15.131079
15.457372
15.813940
15.626988
15.087573
14.620887
14.150880
13.856743
13.395291
12.934354
12.452118
12.022992
11.678372
11.218809
10.772956
10.302623
9.519029
9.231300
8.835326
8.543054
8.195054
7.923501
8.122785
7.844952
7.582081
7.356662
7.087377
6.776470
6.602627
6.206825
6.046335
5.968774
6.089045
6.204222
6.511653
6.675367
6.941747
7.189534
7.361532
7.696145
7.944560
8.328981
8.714683
9.144756
9.547699
9.918294
10.339968
10.864660
11.330581
11.609460
12.113811
12.441401
12.885615
13.341876
13.583598
13.778602
14.228808
14.504752
14.662862
15.148165
15.581226
