0.121917
0.189264
0.170670
0.157516
0.110688
0.417829
0.528411
0.425384
0.308686
0.133223
0.042919
0.158625
0.324279
0.459237
0.704036
1.021409
1.625538
2.353210
2.826169
3.108521
3.077146
2.750139
2.086764
1.464791
1.000836
0.826963
0.781451
0.935823
1.207685
1.550340
1.932391
2.327379
2.811567
3.240044
3.629112
3.997629
4.399362
4.859301
5.425840
5.864146
6.261481
6.465529
6.421447
6.261743
5.785570
5.388874
4.950619
4.513063
4.031717
3.612322
3.109002
2.711823
2.381053
2.158389
1.997753
2.010347
2.177631
2.456765
2.894074
3.319537
3.825500
4.229779
4.602412
4.806453
4.607720
4.286923
4.017364
3.768331
3.593053
3.535894
3.554157
3.686294
3.892281
4.050080
4.282794
4.651234
5.030531
5.521828
5.979870
6.511849
6.787331
7.184155
7.597022
8.114260
8.577051
9.014306
9.467709
9.851204
10.325595
10.781766
11.236701
11.467495
11.927874
12.407835
12.789489
13.215767
13.757342
14.072559
14.649478
15.160616
15.598647
15.959290
16.243370
16.257880
15.966276
15.481827
15.015143
14.499958
14.028283
13.546746
12.832662
12.255324
11.636941
11.278942
10.608600
10.076797
9.745458
9.343310
8.946602
8.448341
8.180425
7.754212
7.391825
7.214703
6.988665
7.020623
7.189161
7.529359
7.813722
8.053234
8.364101
8.548116
8.874832
9.092900
9.393452
9.793206
10.114974
10.486248
10.928379
11.455624
11.930445
12.175409
12.590767
13.083820
13.568571
13.918778
14.353185
14.900555
15.339624
15.670115
16.025798
16.371425
16.718669
17.003152
17.281213
17.524969
17.872200
18.173805
18.387826
18.713399
19.085897
19.406349
19.753991
20.094040
20.450529
20.872719
21.282419
21.649142
21.959363
22.351568
22.746459
22.905927
22.842295
22.524362
22.110524
21.572376
21.065689
20.629451
20.180047
19.887087
19.504257
19.187242
18.806600
18.442113
18.057309
17.710026
17.344451
16.939433
16.585011
16.267938
15.960483
15.661315
15.382917
15.109219
14.923330
14.670362
14.423896
14.167403
13.876073
13.510963
13.259842
13.276001
13.554901
13.924545
14.209158
14.572017
14.885195
15.168384
15.453195
15.768497
16.112630
16.442337
16.722655
17.029986
17.367132
17.715846
18.073554
18.408407
18.808301
19.285184
19.687684
20.070226
20.486467
21.008908
21.220303
21.458344
21.340409
21.047530
20.682580
20.189635
19.870419
19.394508
18.861352
18.683560
18.497706
18.080564
17.691114
17.301190
16.908593
16.512415
16.107602
15.705955
15.301940
14.902470
14.476520
14.086885
13.702691
13.197661
13.030251
12.697580
12.398640
12.231170
12.170998
12.356134
12.666526
12.896472
13.250440
13.601267
13.997009
14.463995
14.880047
15.320781
15.776651
16.207471
16.648472
17.086513
17.533514
17.976094
18.409004
18.839525
19.276682
19.759502
20.332155
20.811965
21.277831
21.741170
21.868610
21.826876
21.390379
21.011230
20.560010
20.231654
19.791141
19.376957
18.963012
18.557989
18.176842
17.774397
17.328386
16.889192
16.450004
16.031731
15.590564
15.141354
14.524789
14.096734
14.129004
13.584571
13.179393
12.768880
12.520889
12.305818
11.928330
11.556610
11.543175
11.468557
11.655302
12.053337
12.440553
12.988967
13.367195
13.888306
14.301407
14.680011
15.118550
15.646427
16.102648
16.512789
16.783651
17.250314
17.978628
18.405289
19.014237
19.483073
20.113313
20.677115
21.172241
21.420815
21.765633
22.133947
21.985200
22.252684
22.590533
22.710735
23.064582
23.453659
