0.140021
0.102731
0.096654
0.126263
0.215399
0.358128
0.510626
0.797892
1.038172
1.367507
1.709475
2.026388
2.349690
2.674824
3.025632
3.369636
3.768328
4.541875
5.074055
5.404336
5.587478
5.505884
5.086278
4.815523
4.324349
3.744530
3.212345
2.594301
2.021737
1.557825
1.181720
0.876127
0.742926
0.915329
1.218216
1.252686
1.537993
2.017564
2.555972
2.898773
3.217993
3.597482
3.740661
3.699697
3.471942
3.171490
2.878194
2.140478
1.692017
2.043112
2.267592
2.523547
2.853851
3.204220
3.649241
4.020784
4.488279
4.852899
5.297491
5.904366
6.268874
6.631792
6.858747
6.812527
6.605956
6.412979
5.891244
5.477920
4.981758
4.655608
4.253738
3.890714
3.565499
3.194192
2.940089
2.906249
2.802785
3.019780
3.058760
3.337358
3.805389
4.163054
4.635160
5.132359
5.518510
5.961046
6.523275
7.023677
7.430315
7.893541
8.401126
8.890253
9.283122
9.757735
10.086898
10.555178
11.016168
11.565082
11.984185
12.361417
12.825256
13.327993
13.560522
13.475048
13.278401
12.687167
12.158164
11.622819
11.085772
10.572511
10.176933
9.614656
8.952802
8.520522
7.955559
7.485305
7.044322
6.776191
6.364855
6.109469
5.739470
5.484547
5.265312
5.139826
5.006768
5.330596
5.966561
6.328471
6.542030
6.653162
6.820384
7.075553
7.487748
7.752271
8.046672
8.412851
8.788107
9.182557
9.624732
10.042347
10.457267
10.832105
11.111670
11.496243
12.096561
12.591578
13.181566
13.379175
13.845942
14.318226
14.873626
15.276355
15.524655
15.751175
15.876253
16.119003
16.158328
16.107450
16.479434
16.790228
17.303402
17.813411
18.138005
18.467988
19.033814
19.786567
20.459049
21.004168
21.429070
21.750438
22.245109
22.545266
22.551225
22.254551
21.818756
21.565493
21.340277
21.033651
20.856827
20.293366
19.921144
19.562908
18.976763
18.599609
18.004190
17.763344
17.261106
16.488225
16.182021
15.493906
14.975448
14.836830
14.592792
14.373822
14.126509
13.965868
13.827938
13.561631
13.117732
12.599243
12.243042
12.376301
12.693179
12.707881
12.847801
13.151213
13.569803
13.943568
14.191937
14.566399
14.997778
15.295128
15.395806
15.800191
16.178213
16.217025
16.496307
16.937331
17.533418
18.457890
19.363183
19.948067
20.531603
21.003678
21.555839
21.774000
21.695846
21.556155
21.185889
20.789464
20.501383
20.132203
19.635308
19.233617
18.966262
18.516755
18.129772
17.700223
17.376201
16.978461
16.602130
16.171938
15.535549
15.499504
14.910747
14.536947
14.173853
13.837006
13.458242
13.178899
12.761302
12.402074
12.266248
12.320103
12.540175
13.064878
13.373586
13.811544
13.960613
14.303476
14.826849
15.189763
15.477572
15.948325
16.485962
16.810603
17.146256
17.700894
18.605673
19.195818
19.795771
20.301473
20.701270
21.100738
21.533701
21.907299
22.178240
22.142412
21.821158
21.147189
20.766480
20.616393
20.076321
19.659293
19.425978
19.168874
18.753725
18.335728
17.947437
17.448938
16.933863
16.472028
15.885426
15.475020
15.169688
14.545940
14.227208
13.807411
13.375300
12.882440
12.573467
12.245808
11.656459
11.250420
11.067691
11.080704
11.449878
11.947183
12.159355
12.639472
13.215347
13.809740
14.166545
14.482330
14.850931
15.205064
15.617578
16.123216
16.623974
16.899647
17.417436
17.980807
18.575525
19.083601
19.590667
20.247647
20.654325
20.832079
21.057812
21.343572
21.512581
21.642192
21.816935
21.772870
21.951639
22.155859
