2.162713 1.897026
2.145863 1.901284
2.100423 1.952375
2.055643 2.126795
2.025197 2.252749
1.856639 2.401325
1.655117 2.508270
1.544784 2.562305
1.573783 2.719168
1.713503 2.909351
1.877964 2.981378
2.157404 3.210881
2.402559 3.421120
2.635780 3.648953
2.779810 3.712403
3.003416 3.814340
3.075779 3.970993
3.132052 3.943765
3.339856 3.786270
3.427161 3.733725
3.407513 3.256904
3.277642 2.776041
2.993733 2.354296
2.726233 2.074374
2.548981 2.014922
2.333528 2.025737
2.361913 2.205280
2.586667 2.515649
2.832659 2.863328
3.111728 3.172644
3.327150 3.399194
3.355868 3.551253
3.379903 3.551529
3.513369 3.456575
3.583449 3.329167
3.691527 3.213768
3.796760 3.253117
3.914576 3.296579
4.141686 3.537031
4.500645 3.960647
4.915373 4.424547
5.177576 4.656846
5.345233 4.783378
5.367753 4.748471
5.260944 4.544454
5.070865 4.336962
4.689879 3.937167
4.192090 3.464685
3.675802 2.918413
3.244040 2.527139
3.047085 2.283338
2.819840 2.307384
2.889671 2.594718
3.205027 3.137353
3.660539 3.662442
4.012248 4.092107
4.162897 4.292835
4.242328 4.273507
4.104108 4.157349
3.966392 3.993197
3.875965 3.456417
3.802540 3.250651
3.727826 2.922320
3.519582 2.709671
3.188450 2.500715
2.862003 2.282224
2.630377 2.178438
2.617105 2.279860
2.788550 2.644013
3.106544 3.143023
3.465020 3.831272
3.851202 4.310716
4.002272 4.521598
3.965159 4.562922
3.893210 4.586971
3.860054 4.520445
3.789131 4.440341
3.784218 4.323150
3.766627 4.206233
3.626872 4.135748
3.619421 4.085325
3.814676 4.251836
4.128023 4.695945
4.547664 5.186861
5.075374 5.832212
5.540182 6.397238
5.967517 6.857551
6.375818 7.285391
6.839352 7.586305
7.261115 7.770253
7.658734 8.142959
7.994777 8.438807
8.218259 8.580286
8.427465 8.649109
8.604906 8.705007
8.755818 8.513856
8.932684 8.504344
8.855935 8.305954
8.922677 8.246152
9.008423 8.293999
9.350023 8.523973
9.454156 8.499655
9.508902 8.494424
9.422583 8.423069
9.246183 8.292685
9.017473 8.091957
8.870724 7.860717
8.725759 7.730112
8.567892 7.579813
8.394645 7.311268
8.439947 7.507347
8.353058 7.546976
8.255036 7.516646
8.261654 7.407331
8.136196 7.505692
8.032288 7.546371
8.042016 7.616734
7.929405 7.595838
8.054054 7.664811
8.132178 7.670070
8.298503 7.863917
8.470907 8.013093
8.592865 8.127280
8.624785 8.223082
8.769606 8.380206
8.829180 8.173389
8.769269 8.194964
8.582743 8.145982
8.471097 7.931203
8.336824 7.786514
8.296051 7.797536
8.142688 7.684862
7.992145 7.651290
7.815914 7.440554
7.817795 7.409067
7.829269 7.237045
7.605747 6.980265
7.478353 6.594310
7.473577 6.426900
7.359296 6.506037
7.539317 6.699218
7.508910 6.767973
7.352943 6.775630
7.494194 6.925434
7.612240 7.000516
7.611694 7.043119
7.705574 7.062536
7.867580 7.257867
7.995115 7.502995
8.145698 7.816912
8.105111 8.064968
7.795612 8.210039
7.454680 8.399969
7.136362 8.483826
6.551537 8.405413
6.027950 8.390081
5.074265 7.751205
4.708940 7.130462
4.089214 6.696722
3.702467 6.217368
3.686453 5.479628
3.657997 5.177879
3.807952 4.887673
4.099816 4.927213
4.460217 5.245521
4.884819 5.843222
5.380584 6.584177
5.818836 7.020962
6.174198 7.392344
6.466908 7.769248
6.786237 8.124852
7.028587 8.356854
7.085953 8.482460
6.997956 8.482743
6.881136 8.359628
6.746863 8.202045
6.668514 8.041183
6.578733 8.026162
6.536614 7.960499
6.573663 7.795433
6.615678 7.940922
6.689676 7.985511
6.779298 7.924450
6.825967 7.943690
6.852641 7.845979
6.868936 7.804413
6.975026 7.704972
6.924753 7.488489
6.845570 7.237622
6.690796 6.724375
6.560666 6.335348
6.123762 5.738142
5.757389 4.963559
5.374273 4.744855
5.488028 4.799170
5.923293 5.255232
6.732749 6.134951
7.422630 6.945312
7.968238 7.597477
8.401504 8.166681
8.607036 8.457320
8.457445 8.564047
8.357546 8.559781
8.324174 8.568087
8.197413 8.556719
8.150105 8.550211
8.067066 8.613257
8.018748 8.672360
8.023321 8.754160
8.046776 8.816202
8.102920 8.920883
8.221045 9.015923
8.389910 9.206580
8.582397 9.322779
8.724561 9.564069
8.786223 9.744230
8.860026 9.937370
8.863263 10.042276
8.932461 10.014117
9.061253 10.069986
9.187848 10.139705
8.980507 9.996175
8.977739 9.811896
8.772449 9.510283
8.914416 9.551598
8.851237 9.397697
8.802289 9.116342
8.561161 8.795733
8.127820 8.482352
7.669167 8.111375
7.295269 7.887491
6.964542 7.428174
6.402610 6.606024
6.041927 6.284883
5.908617 5.555829
5.700527 5.154054
5.610591 4.630940
5.421334 4.733259
5.248313 4.527768
5.161131 4.390943
5.040676 4.216531
5.081376 4.311348
4.990628 4.341492
5.030977 4.374907
5.163497 4.534212
5.265275 4.582472
5.201131 4.669454
5.374282 4.672771
5.312730 4.733891
5.369036 4.751166
5.013107 4.521711
4.672973 4.172387
4.346742 3.643189
4.006272 3.294115
3.790629 3.048414
3.635665 2.864081
3.476365 2.901113
3.231130 2.833761
3.196359 2.886570
3.280273 2.985481
3.263812 3.118201
3.296186 3.180580
3.407484 3.161490
3.429243 3.218526
3.618871 3.253486
3.770952 3.233401
3.963776 3.320842
4.221672 3.250551
4.506083 3.441512
4.764499 3.642653
4.870186 3.691367
4.937966 3.751069
5.031978 3.898418
5.162313 4.051552
5.340316 4.241354
5.595756 4.616162
5.899974 5.077051
6.188382 5.303074
6.276482 5.426830
6.222998 5.387787
5.959541 5.231153
5.715751 4.952896
5.265307 4.499358
4.993552 4.196513
4.772441 3.841646
4.627670 3.555846
4.538672 3.326256
4.473732 3.098517
4.457817 2.841055
4.420881 2.707947
4.284796 2.688540
4.183425 2.646487
4.133042 2.732779
4.048759 2.785711
4.077546 2.914512
4.039892 2.992239
4.040160 3.196385
3.902708 3.318183
3.885881 3.389578
3.819989 3.329840
3.744085 3.243357
3.767526 3.215897
3.824249 3.116087
3.806018 3.106734
3.729758 2.963148
3.439440 2.775652
3.262861 2.536006
3.073035 2.324924
2.928362 2.163873
2.889403 2.200503
2.811656 2.190462
2.845638 2.326805
2.874418 2.491658
2.899980 2.695579
2.871243 2.780822
3.009977 2.870233
3.093572 3.025438
3.153135 3.114856
3.307394 3.155839
3.526835 3.187177
3.756580 3.105175
4.054387 3.130539
4.361127 3.116589
4.550812 3.144641
4.694456 3.167128
4.788979 3.029511
4.748761 2.964266
4.621718 2.826221
4.467962 2.686353
4.293620 2.693102
4.137788 2.678095
3.842460 2.802060
3.686679 2.874175
3.394223 2.955035
3.188543 2.988320
3.007457 3.048015
