0.121917
0.207266
0.186437
0.049027
0.192789
0.352607
0.452797
0.328007
0.093274
0.226484
0.471973
0.712282
0.910864
1.132773
1.390953
1.875610
2.774627
3.509698
3.964808
3.679936
3.126699
2.356248
1.520052
1.055786
0.832420
0.826308
0.947275
1.111706
1.362709
1.635793
1.919896
2.078632
2.194305
2.270951
2.179749
2.058039
2.068730
2.251333
2.535400
2.899354
3.167317
3.295968
3.171235
2.864856
2.555068
2.307167
2.204474
2.121189
1.911813
1.954071
2.050832
2.171585
2.435951
2.688926
3.054252
3.353872
3.741462
4.194355
4.618308
5.015637
5.453728
5.787831
5.769332
5.705079
5.444490
5.110177
4.864556
4.623720
4.411715
4.286304
4.164548
4.155538
4.192994
4.300959
4.542348
4.736007
4.995380
5.203637
5.515073
5.958753
6.390589
6.730961
7.285173
7.734139
8.159835
8.454828
8.940573
9.410235
9.898849
10.411517
10.919376
11.417148
11.923479
12.530563
13.203252
13.600006
14.199590
14.972379
15.468242
16.149977
16.765143
17.248095
17.412640
17.460789
17.125951
16.670071
16.288847
15.950738
15.483682
15.139266
14.835377
14.540297
14.087143
13.561241
13.117175
12.605454
12.200493
11.875603
11.472982
11.103244
10.776168
10.482143
10.106221
9.807595
9.475411
9.256551
9.378728
9.818056
10.159853
10.491318
10.847819
11.252902
11.546843
12.043112
12.440636
13.054439
13.488304
13.886742
14.344156
14.891639
15.408051
15.749386
16.097790
16.451411
16.803114
17.171555
17.632844
18.110700
18.596338
19.147628
19.519673
19.918002
20.177793
20.488039
20.798090
20.959500
21.255293
21.511234
21.852637
22.020656
22.226773
22.404461
22.597279
22.891682
23.166587
23.465245
23.750098
23.826588
24.102720
24.428410
24.654298
24.782855
24.511286
24.089884
23.709679
23.265307
22.864938
22.405526
22.186696
21.861755
21.682489
21.486270
21.248302
20.970122
20.673622
20.459901
20.198209
19.956695
19.706110
19.484173
19.273720
19.172737
19.046122
18.735157
18.645014
18.580838
18.442542
18.331541
18.128681
17.937077
17.625199
17.530336
17.638797
17.813151
17.888871
17.931651
18.005775
18.104643
18.214845
18.365687
18.479743
18.574830
18.934845
19.063080
19.313386
19.537904
19.791117
20.099253
20.389358
20.718065
21.036972
21.314032
21.501820
21.817980
22.105081
22.084087
21.917897
21.596414
21.233483
20.912236
20.560608
20.464998
20.131419
19.781078
19.420150
19.088071
18.796398
18.601958
18.289464
18.030296
17.828486
17.623813
17.481355
17.288184
17.058051
16.810234
16.566651
16.462730
16.214779
15.998768
15.906774
15.546290
15.217656
15.090296
15.211253
15.207032
15.368738
15.409906
15.555416
15.773584
15.982219
16.176754
16.598073
16.881207
17.175935
17.503623
17.609606
17.814309
18.140797
18.319036
18.471453
18.756814
18.873559
19.181495
19.449555
19.710483
19.823512
19.733292
19.562930
19.246493
18.925783
18.520803
18.175644
17.975962
17.644441
17.195604
16.821544
16.368048
15.923727
15.512591
15.176995
14.754957
14.467836
14.014047
13.666995
13.510799
13.283203
13.155759
12.903300
12.811226
12.504337
12.379467
12.391215
12.345836
12.051763
11.846966
11.857067
12.009488
12.157281
12.408168
12.644487
12.889585
13.125908
13.455158
13.698283
13.911350
14.203914
14.453664
14.724489
15.042500
15.394971
15.673609
15.856266
16.100914
16.242783
16.519118
16.773043
17.115756
17.451443
17.726406
18.030986
18.357422
18.653702
18.917891
19.061124
19.361215
