2.159170 1.863884
2.151195 1.890331
2.158388 2.032714
2.185160 2.231059
2.249020 2.513406
2.375678 2.835534
2.347730 3.078288
2.093226 3.239666
2.095237 3.502918
2.166003 3.735460
2.259908 3.979836
2.307920 4.234801
2.369099 4.448164
2.392671 4.580943
2.441575 4.815624
2.446199 5.035946
2.507148 5.191992
2.733182 5.409214
2.903428 5.597842
3.062336 5.711799
3.140283 5.636060
2.955131 5.346512
2.801114 5.005326
2.686138 4.597379
2.628629 4.286062
2.597733 4.088100
2.534749 3.981419
2.576619 4.061350
2.701265 4.204291
2.791434 4.220108
2.891901 4.083167
2.926389 4.055718
3.047404 3.935438
3.257798 3.754621
3.481909 3.781139
3.743036 4.028316
4.069434 4.224585
4.508978 4.571499
5.106335 5.132100
5.706093 5.740981
6.237927 5.955690
6.509935 5.975303
6.631342 5.909979
6.639128 5.837522
6.473412 5.730855
6.220711 5.677280
5.997936 5.539424
5.928198 5.556972
5.473673 5.286730
5.083495 5.056396
4.719536 4.710648
4.241926 4.626116
3.809115 4.664982
3.598516 4.694932
3.500656 4.836280
3.069072 4.857652
2.829023 4.837856
2.611803 4.590982
2.555599 4.562223
2.459448 4.549534
2.602784 4.582198
2.632969 4.491641
2.659495 4.191674
2.489719 3.879096
2.293999 3.588341
2.152659 3.318645
2.042211 3.036419
1.991889 2.995200
1.986305 3.075854
2.077720 3.296013
2.165228 3.564514
2.303020 3.796122
2.478222 3.927555
2.708719 4.096630
2.898264 4.211242
3.246374 4.440339
3.666994 4.680767
4.128519 4.883475
4.464183 4.992433
4.683430 5.016024
4.905155 5.066964
5.137753 5.169192
5.389231 5.337753
5.776109 5.509452
6.142291 5.695451
6.519320 5.968791
6.895305 6.164869
7.259476 6.413065
7.544226 6.529615
7.941535 6.590188
8.295343 6.723668
8.593676 6.699733
8.752133 6.696391
8.857214 6.661785
8.916988 6.546221
8.681509 6.608229
8.708045 6.463805
8.492853 6.439409
8.286676 6.312508
7.945010 6.392446
8.116922 6.663489
8.195230 6.645970
7.823791 6.324786
7.572897 6.189795
7.352365 5.819435
6.566315 5.670580
6.339175 5.381476
5.963438 5.275769
5.777119 4.996722
5.496642 4.943828
5.575494 5.064085
5.556233 5.019169
5.411612 5.029453
5.457587 4.984848
5.319950 5.102480
5.403696 5.151790
5.492221 5.101070
4.940279 5.271873
4.839813 5.407046
4.761270 5.425167
4.924810 5.667719
4.881574 5.883233
5.017974 6.123407
5.152046 6.236872
5.235223 6.475137
5.225501 6.555026
5.162813 6.463238
5.038565 6.435516
4.871497 6.184734
4.734594 5.918152
4.648584 5.832457
4.608362 5.808639
4.613700 5.730086
4.562112 5.658758
4.475187 5.512227
4.142221 5.375378
4.131499 5.436275
4.082712 5.447554
4.040370 5.490834
4.001046 5.544489
4.049344 5.694563
4.180009 5.720140
4.236267 5.830857
4.365540 5.958576
4.501507 6.062844
4.530033 6.193958
4.668339 6.355842
4.830317 6.481776
4.896616 6.544576
4.879046 6.600986
4.998607 6.708473
4.855719 6.679285
4.804090 6.687901
4.825509 6.713664
4.853516 6.635803
4.756355 6.575236
4.646195 6.445095
4.673347 6.602898
4.721351 6.715192
4.675195 6.909443
4.688012 7.125594
4.713651 7.277431
4.553621 7.363297
4.549438 7.394939
4.575099 7.367051
4.688712 7.502695
4.767611 7.643324
4.944609 7.812378
4.975503 7.761495
5.179409 7.909881
5.374879 8.150287
5.554929 8.116516
5.665020 8.164227
5.645400 8.119259
5.573331 7.959896
5.336667 7.622181
5.250479 7.506160
5.052872 7.229691
4.944339 7.159803
4.872697 7.073232
4.876460 7.066050
4.729651 6.725745
4.761031 6.553629
4.675625 6.578783
4.685539 6.599614
4.571185 6.555484
4.699260 6.662959
4.803245 6.697516
4.967409 6.612550
5.202766 6.790493
5.249101 6.954309
5.426107 7.124178
5.459963 7.250941
5.639295 7.360224
5.792293 7.463787
5.977856 7.615790
5.993725 7.799511
6.034954 7.934776
5.876680 8.154485
5.815590 8.226336
5.558161 8.162248
5.362472 7.883108
5.165530 7.702772
5.101380 7.444077
5.131624 7.319925
5.176807 7.214600
5.148819 7.252645
5.214757 7.257150
5.257011 7.250159
5.306552 7.005820
5.415626 7.032827
5.409779 7.145656
5.258833 7.238152
5.119213 7.407156
4.984662 7.579755
4.952317 7.492955
4.855516 7.514979
4.734334 7.595672
4.601923 7.561565
4.598894 7.728289
4.683398 7.810652
4.711820 7.841462
4.835420 7.716849
4.926936 7.850593
4.930832 7.973236
5.218280 8.108478
5.434431 8.223105
5.429416 8.152867
5.294852 7.931785
5.073592 7.599536
4.916310 7.442083
4.684672 7.064282
4.493181 6.769519
4.395661 6.560186
4.287512 6.383216
4.190398 6.306762
4.133496 6.111838
4.079761 6.017712
4.052834 6.123524
4.071369 6.233563
4.220014 6.511217
4.326868 6.494327
4.446625 6.690356
4.658383 6.870036
4.844871 6.889806
5.169856 7.084920
5.402067 7.266547
5.577826 7.504817
5.723627 7.550880
5.773806 7.821784
5.555402 7.851692
5.541680 7.831814
5.383051 7.746981
5.080938 7.587281
4.779832 7.418870
4.568745 7.302333
4.308992 7.166879
4.239618 7.047722
4.255465 6.992807
4.279379 6.946599
4.252749 6.884383
4.211046 6.807155
4.255658 6.724492
4.209009 6.589101
4.049566 6.495456
3.910753 6.638991
3.898600 6.797749
3.927888 6.955812
3.924808 7.044754
3.842071 7.091473
3.787714 7.130884
3.777568 6.839867
3.947684 6.854819
4.126991 6.919931
4.425767 7.078789
4.783808 7.460004
5.250655 7.734757
5.566725 8.190664
5.844485 8.356462
5.914175 8.299067
5.773502 8.201701
5.548062 8.030186
5.364121 7.811890
5.191664 7.612431
4.949210 7.379903
4.679247 7.181339
4.536352 7.121150
4.471523 7.112634
4.460468 7.020852
4.434261 7.023822
4.375362 6.961241
4.177022 6.748703
4.055592 6.534934
4.151532 6.520943
4.283457 6.500196
4.425214 6.524025
4.504380 6.509992
4.574440 6.592600
4.767747 6.709672
4.918287 6.883578
5.046040 7.058709
5.053960 7.182095
4.990127 7.304159
4.928372 7.296435
4.711862 7.050246
4.381800 6.693901
4.106564 6.221611
3.852230 5.890490
3.814432 5.729555
3.696461 5.399236
3.709494 5.200007
3.633355 5.029619
3.657862 5.055256
3.709265 4.981148
3.785723 4.842474
3.749814 4.668513
3.706284 4.663361
3.719785 4.422500
3.714108 4.470513
3.847284 4.688977
4.002523 4.844375
4.033749 4.914922
4.009318 5.110831
4.020483 5.169237
3.868637 5.268030
3.770724 5.389341
3.885177 5.520123
3.874292 5.557216
3.823951 5.550557
3.837708 5.437537
3.849844 5.375489
3.863384 5.246526
3.893839 5.227329
3.901941 4.998301
3.882893 4.795293
3.886518 4.682251
