0.140021
0.102731
0.096654
0.126263
0.215399
0.358128
0.577009
0.732415
0.950021
1.189224
1.482158
1.652145
1.952088
2.223491
2.529701
2.878449
3.459084
4.143314
4.614522
5.039767
5.242345
5.123071
4.939302
4.828523
4.370679
3.897074
3.322741
2.803488
2.268555
1.742345
1.472775
1.381353
1.439906
1.669443
1.892992
1.983006
2.199512
2.480721
2.904423
3.427397
3.896627
4.235709
4.400142
4.466278
4.176182
3.979035
3.736543
3.241542
2.885382
2.588054
2.613798
2.767868
2.944257
3.349262
3.763568
4.086080
4.513102
4.942490
5.345300
5.722769
6.005103
6.187537
6.363046
6.242788
5.959611
5.622193
5.099710
4.770144
4.536140
4.368849
4.351458
4.303151
4.336713
4.354812
4.133247
4.060988
3.944180
3.919911
4.029018
4.327200
4.688863
5.183580
5.656516
6.137017
6.524105
6.978513
7.297839
7.643331
7.923468
8.118389
8.471559
8.812871
9.205362
9.689820
10.089606
10.614977
10.881403
11.253932
11.575130
11.779313
12.243724
12.586119
12.823935
12.610885
12.266002
11.854820
11.375171
10.912549
10.481993
10.076155
9.761656
9.406885
8.918587
8.625553
8.220261
8.019544
7.592624
7.412880
7.187119
7.029865
6.820298
6.534076
6.255403
6.009584
6.001848
6.113258
6.550833
7.038679
7.369757
7.454406
7.561640
7.791560
8.060887
8.442863
8.752816
8.874510
9.080941
9.304919
9.720172
10.134915
10.442503
10.930663
11.087402
11.602837
11.993571
12.323621
12.805415
13.164957
13.523327
13.887764
14.319540
14.895750
15.431314
15.745499
16.142929
16.489269
16.994298
17.336405
17.591288
18.037232
18.553209
18.723934
19.117022
19.412679
20.148992
20.934411
21.676197
22.255929
22.796417
23.386395
23.961564
24.133179
24.058831
23.876563
23.541453
23.092839
22.687337
22.220178
21.804702
21.379846
20.886629
20.482588
20.026506
19.665362
19.186300
18.735608
18.351342
17.881275
17.491902
17.055436
16.651496
16.240075
15.813994
15.439797
14.999009
14.572015
14.184809
13.932848
13.483537
13.240746
12.810460
12.994966
13.233676
13.595203
13.976118
14.370391
14.756220
15.138164
15.531538
16.108222
16.511880
16.916741
17.286971
17.746414
18.230061
18.670566
19.131878
19.654802
20.119134
20.598029
21.096260
21.550044
22.026147
22.458954
23.017588
23.289462
23.349054
23.396192
23.047122
22.583180
22.143503
21.631345
21.057391
20.629871
20.155006
19.700947
19.277781
18.797278
18.373857
17.716141
17.227676
16.951906
16.481796
16.027098
15.570043
15.300169
15.026925
14.677777
14.092698
13.875905
13.602541
13.267598
13.338426
13.650041
14.076093
14.479513
15.074264
15.598720
15.740828
16.146207
16.601062
16.960469
17.255738
17.916656
18.395369
18.754000
19.298539
19.827770
20.506864
21.154385
21.590410
22.222691
22.641588
23.157014
23.741241
24.500023
24.972624
25.329876
25.137790
24.745545
24.233245
23.821684
23.264946
22.857555
22.436422
21.853734
21.389168
21.220018
20.846441
20.353279
19.733650
19.121003
18.525442
18.019913
17.475823
17.022510
16.311502
16.040290
15.873562
15.453382
14.764336
14.311979
13.806996
13.442093
13.466983
13.833819
14.489983
15.024386
15.414646
16.004595
16.647279
17.205412
17.774156
18.558952
18.798349
19.297766
19.838277
20.284596
20.939287
21.532974
22.173728
22.769933
23.498832
24.215899
24.899852
25.443737
25.893428
26.069363
26.107611
26.162369
26.309123
26.329719
26.558564
26.779951
26.960006
27.219165
