2.161264 1.886791
2.187109 1.947797
2.216178 2.095354
2.289371 2.304849
2.398293 2.572023
2.547467 2.836597
2.752702 3.131588
2.988376 3.414427
3.252101 3.698468
3.496514 3.974835
3.763830 4.266788
4.112007 4.549827
4.504563 4.855456
4.887051 5.132506
5.232868 5.423452
5.510288 5.727130
5.774979 6.053848
5.766485 6.285975
5.891095 6.572894
6.081863 6.804741
6.175389 6.877477
6.062892 6.829844
5.850718 6.702633
5.249378 6.401612
4.885087 6.257876
4.890715 6.240592
4.940196 6.282936
5.043925 6.357458
5.149865 6.452410
5.150507 6.497201
5.263027 6.535480
5.372944 6.561849
5.356689 6.681659
5.390528 6.651706
5.310704 6.562603
5.085027 6.425361
5.089606 6.453267
5.315213 6.674895
5.698934 7.217088
6.006492 7.478068
6.207772 7.578457
6.285033 7.600744
6.249994 7.591469
6.468537 7.666061
6.477125 7.779620
6.599231 7.847128
6.282076 7.630297
5.664657 7.172517
5.328255 6.642503
4.796115 6.349244
4.513793 6.229950
4.516431 6.349749
4.681252 6.481071
4.872280 6.504285
5.070501 6.690499
5.262414 6.914738
5.464930 7.100634
5.728366 7.355014
5.692102 7.509362
5.513953 7.355732
5.509047 7.390452
5.399792 7.515976
5.419451 7.420012
5.351560 7.145766
5.015336 6.804100
4.634178 6.350658
4.508676 6.260362
4.508004 6.276930
4.530552 6.300106
4.631377 6.383796
4.760756 6.482070
4.881132 6.449542
4.936556 6.521338
5.133075 6.584175
5.132442 6.568603
4.888775 6.361579
4.583434 6.284576
4.452939 6.116383
4.237672 5.923674
4.102109 5.773204
3.880164 5.552994
3.944843 5.453911
3.793386 5.180784
3.864464 5.091871
3.856231 5.015999
3.921927 4.960620
3.871110 5.086393
3.876549 5.257168
4.034097 5.431206
4.118847 5.504445
4.167728 5.682164
4.285718 5.780092
4.253195 5.860926
4.296461 5.951736
4.392341 6.023946
4.480466 6.119912
4.470863 6.197218
4.654645 6.268984
4.776401 6.371968
4.943333 6.419869
4.969576 6.457997
5.109489 6.498496
5.222410 6.590193
5.304423 6.571617
5.423279 6.475071
5.404552 6.458640
5.580630 6.440442
5.740392 6.417398
6.054913 6.559875
6.267171 6.768157
6.582824 7.002074
6.991734 7.292389
7.413423 7.552419
7.957251 7.859922
8.490019 8.161462
9.005639 8.552915
9.410828 8.864539
9.855573 9.218497
10.335685 9.515687
10.690215 9.696959
11.146077 9.861867
11.526591 10.088378
11.916713 10.326646
12.350498 10.526718
12.659579 10.691824
12.960531 10.738503
13.134634 10.841979
13.105813 10.855464
12.948651 10.769548
12.822208 10.713188
12.613999 10.653446
12.496566 10.639574
12.372145 10.582016
12.193623 10.592666
12.146898 10.624646
12.141462 10.659865
12.082631 10.705634
11.968902 10.714183
11.942705 10.792539
11.851676 10.815230
11.876322 10.890025
11.889913 10.905366
11.847320 10.880714
11.752708 11.024537
11.691338 11.112654
11.567358 11.068975
11.468435 11.006008
11.333965 10.636387
10.983706 10.644660
10.890150 10.695749
10.614696 10.536393
10.606165 10.601811
11.096524 10.848462
11.064972 10.870432
10.765407 10.665184
10.186660 10.489294
9.752978 10.139477
9.235339 9.793602
8.732182 9.487037
8.680974 9.640278
8.584420 9.436811
7.952520 9.153125
7.327796 8.853852
7.277328 8.846986
7.801492 9.514365
9.193116 11.082500
9.786291 11.811255
10.034707 12.093017
10.237533 12.390184
10.821955 12.991294
11.180750 13.417041
11.297202 13.572124
11.272985 13.424491
11.246910 13.343017
11.379806 13.642975
11.526136 13.722563
11.651269 13.880723
11.941094 14.075837
12.204118 14.290881
12.719942 14.757848
13.008819 14.884219
13.042780 14.912604
12.937706 14.737347
12.854953 14.616058
12.872570 14.524054
12.991299 14.594061
12.700521 14.183989
12.460694 14.074221
12.178696 13.565786
11.907260 13.065845
11.597137 12.546165
11.480835 12.429343
12.393097 12.924561
12.529431 13.026614
12.378507 12.643898
12.479585 12.667349
12.664268 12.749642
12.473911 12.394920
12.080120 12.028707
11.387650 11.263984
11.127100 10.737633
10.889091 10.525847
11.237943 10.536763
11.157629 10.508277
10.560414 10.191270
10.402124 10.101549
11.005647 10.905687
11.000688 10.791092
10.527327 10.607685
10.221566 10.206772
9.833020 9.794923
9.409675 9.322710
8.877160 9.092038
8.914863 9.070265
8.814603 8.856173
8.314957 8.702498
7.883940 8.297700
8.022417 8.331207
8.644384 8.983996
10.109111 10.093837
10.754337 11.089530
10.986606 11.365944
11.206520 11.576649
11.784991 11.926866
12.074887 12.197794
12.117665 12.180588
11.929539 12.008786
11.670494 11.885589
11.838545 12.055112
12.110352 12.311841
12.039554 12.291784
12.122486 12.368631
12.419516 12.734812
12.672945 12.954799
12.777323 12.950510
12.731875 12.883128
12.664896 12.764634
12.513031 12.797301
12.456594 12.708799
12.441284 12.752605
12.214234 12.649110
11.947841 12.490860
11.630650 12.346673
11.555613 12.122964
11.174134 12.027295
11.165861 12.104502
11.995796 12.770740
12.037164 12.893874
11.723995 12.809353
11.789809 12.751606
11.898681 12.861159
12.038720 12.899844
12.133192 13.013511
12.040159 12.968691
11.688239 12.529832
11.656709 12.405450
11.820900 12.654639
11.769865 12.585526
11.458888 11.907724
11.185934 11.721872
10.833587 11.415691
10.380176 10.886526
10.078740 10.298917
10.135783 10.344245
9.838729 10.048999
9.377731 10.008278
8.833097 9.416118
8.584076 9.165077
9.349567 9.794004
10.699097 11.096181
11.806690 11.841282
12.099791 12.262279
12.368169 12.461917
12.630105 12.831247
12.771463 13.002513
12.746423 13.111611
12.690440 13.069967
12.462716 12.811722
12.413096 12.742129
12.118903 12.322846
12.173460 12.303132
12.290464 12.284930
12.292634 12.273585
12.399045 12.368227
12.552711 12.430016
12.839630 12.553808
12.897665 12.545312
12.789485 12.572296
12.640661 12.551858
12.592083 12.620680
12.522597 12.489804
12.514176 12.428454
12.508102 12.466264
12.480470 12.382653
12.106573 12.337157
11.929589 12.139817
11.282413 11.839653
11.084109 11.796067
11.562001 12.227008
11.658788 12.338907
11.714312 12.111401
11.719140 12.146377
11.928676 12.340847
11.896078 12.412929
11.867166 12.330177
11.845190 12.229295
11.883727 12.235681
11.878995 12.200312
11.403640 11.954752
11.187272 11.740127
11.399324 11.880230
11.156712 11.673058
10.995370 11.354089
10.833261 10.971798
10.615708 10.571467
10.557701 10.486366
10.394391 10.210112
10.418554 10.081972
9.955856 10.121905
9.452056 9.590473
9.087334 9.395795
8.972314 9.110404
10.000935 9.479046
11.496305 10.165331
12.084389 10.578312
12.596871 11.012259
12.778555 11.207846
12.918931 11.360587
13.047923 11.452171
13.107593 11.627680
13.127579 11.703679
13.164147 11.601452
13.193077 11.687724
12.980724 11.687650
12.985252 11.651298
13.017226 11.770156
