20
1690
1730
1750
1790
1820
1860
1890
1940
1960
1260
1700
1730
1760
1800
1830
1870
1900
1930
1970
1270
1690
1730
1750
1790
1830
1850
1900
1930
1960
1270
1690
1730
1760
1780
1820
1850
1890
1930
1950
1270
1700
1720
1750
1780
1820
1850
1880
1920
1950
1250
1680
1710
1740
1780
1820
1840
1880
1910
1950
1260
1700
1720
1750
1780
1810
1850
1880
1910
1950
1250
1690
1710
1750
1770
1810
1850
1880
1910
1950
1260
1680
1720
1740
1780
1820
1840
1870
1910
1940
1270
1680
1710
1750
1770
1810
1840
1880
1910
1950
1250
1680
1710
1750
1770
1810
1840
1870
1910
1950
1270
1680
1710
1750
1770
1810
1840
1870
1910
1950
1260
1690
1710
1740
1770
1820
1840
1870
1920
1950
1260
1680
1710
1740
1780
1810
1840
1880
1900
1940
1270
1680
1720
1760
1790
1820
1850
1890
1920
1950
1270
1680
1710
1760
1770
1820
1860
1880
1910
1950
1260
1690
1710
1750
1780
1810
1850
1880
1910
1950
1260
1680
1720
1740
1780
1810
1850
1880
1920
1940
1260
1680
1710
1750
1780
1820
1840
1890
1910
1950
1280
1690
1720
1750
1790
1820
1850
1890
1920
1960
1250
1680
1720
1750
1780
1810
1840
1890
1910
1960
1270
1680
1710
1750
1790
1820
1860
1880
1920
1960
1270
1680
1720
1740
1780
1810
1850
1880
1910
1960
1260
1690
1720
1740
1780
1810
1850
1890
1910
1950
1260
1690
1710
1740
1770
1810
1860
1870
1910
1950
1260
1680
1710
1750
1770
1820
1850
1870
1920
1940
1260
1680
1720
1740
1780
1820
1850
1870
1910
1950
1270
1700
1720
1750
1790
1820
1860
1890
1920
1960
1260
1680
1710
1750
1780
1810
1840
1880
1920
1950
1260
1680
1720
1740
1780
1810
1840
1870
1910
1940
1270
1680
1720
1750
1790
1810
1850
1890
1930
1960
1260
1680
1710
1750
1770
1810
1850
1880
1910
1950
1260
1680
1710
1740
1780
1810
1860
1870
1910
1940
1280
1700
1740
1760
1800
1830
