2.164438 1.872939
2.196342 1.922953
2.237776 2.042855
2.297998 2.251307
2.379169 2.520898
2.512632 2.824525
2.209428 2.880878
2.039473 2.934087
2.105525 3.110536
2.267508 3.373568
2.504194 3.675450
2.819640 4.024095
3.156358 4.413660
3.461955 4.791927
3.792829 5.066115
4.041838 5.211256
4.099759 5.302339
3.867487 5.107766
3.666166 5.155059
3.546827 5.113024
3.474516 4.908832
3.168471 4.406280
2.858270 4.065566
2.484295 3.519759
2.478585 3.361071
2.627483 3.393265
2.919424 3.593888
3.291944 3.882456
3.683364 4.261556
4.117686 4.605903
4.434574 4.883008
4.551940 5.094554
4.480166 5.182365
4.387462 5.078977
3.907614 4.925718
3.578838 4.522963
3.509599 4.470108
3.746995 4.674831
4.195757 5.034129
4.718424 5.424995
5.100199 5.659553
5.489059 6.042767
5.658771 6.115713
5.789741 6.100587
5.901997 6.076555
5.927113 6.003077
5.708317 5.870580
5.204454 5.585330
4.499515 5.134883
3.940210 4.685778
3.609258 4.575720
3.677276 4.670445
3.873102 4.903285
4.225456 5.329791
4.659913 5.681473
5.089899 6.033526
5.368471 6.338097
5.646106 6.546195
5.673150 6.635803
5.398197 6.134919
5.240611 6.066171
4.965158 5.966401
4.584989 5.711139
4.232781 5.413031
4.028632 5.017792
3.667990 4.498746
3.585412 4.377058
3.698109 4.478230
3.911096 4.687977
4.390716 5.046672
4.853414 5.596805
5.258717 5.905465
5.505220 6.160748
5.695642 6.392344
5.865048 6.264978
5.660556 6.268623
5.521425 6.234336
5.391829 6.206105
5.372903 6.231270
5.435122 6.331624
5.540276 6.465080
5.715762 6.737961
6.109826 7.023034
6.483868 7.399614
6.925333 7.911004
7.236125 8.209122
7.518313 8.546770
8.043869 8.916271
8.369549 9.275582
8.704787 9.533168
9.012296 9.844771
9.500637 10.109460
9.927880 10.407778
10.268156 10.776943
10.613534 11.135866
10.968388 11.431475
11.191774 11.763946
11.472213 12.014350
11.727399 12.302465
11.951366 12.534277
12.170837 12.739689
12.252217 12.864548
12.285995 12.966243
12.333285 12.975800
12.252288 12.942698
12.176269 12.829927
12.090227 12.722348
12.047068 12.657564
12.040967 12.616217
12.105964 12.648445
12.163276 12.636961
12.327474 12.692758
12.373353 12.753511
12.590285 12.772300
12.705026 12.840646
12.899902 12.858069
13.077256 12.895311
13.232504 12.905392
13.443515 12.996752
13.653984 13.089461
13.791494 13.188085
13.934928 13.328710
14.157778 13.458158
14.393689 13.612185
14.567817 13.717756
14.691046 13.786458
14.767166 13.824103
14.744119 13.637942
14.637658 13.498722
14.481873 13.457681
14.393739 13.140310
14.332794 13.079328
14.220245 13.070395
14.106844 12.986924
13.887195 12.878538
13.815323 12.852502
13.816224 12.938552
13.859058 12.984647
13.866667 13.043515
13.851782 12.985924
13.936347 13.096355
13.780915 12.953973
13.797977 13.008146
13.774119 13.009514
13.849366 13.055608
13.942603 13.144661
13.996466 13.162220
14.126785 13.264371
14.240233 13.329516
14.367527 13.441973
14.515388 13.542186
14.950688 13.790447
15.048645 13.876811
15.170188 14.027319
15.175770 14.180121
15.270098 14.220010
15.371458 14.336324
15.565665 14.386479
15.733002 14.396920
15.846309 14.510108
15.890165 14.787641
16.006664 14.877590
16.106926 14.902460
16.217051 15.145033
16.813426 15.658362
17.467988 16.190482
17.850331 16.379280
18.037560 16.469213
18.112282 16.528707
18.219206 16.695096
18.276832 16.794358
18.063066 16.756153
18.007961 16.817911
17.935271 16.753857
17.823845 16.728214
17.840422 16.673231
17.786188 16.613296
17.805146 16.552919
17.820304 16.514572
17.873063 16.454495
17.957987 16.413828
17.897176 16.230501
17.753920 16.150982
18.053411 16.359320
18.100980 16.377448
18.176625 16.402478
18.358824 16.483864
18.428343 16.519090
18.535340 16.612860
18.658305 16.688964
18.792305 16.792964
18.836571 16.844982
19.002465 16.934664
19.084047 17.013768
19.171663 17.105391
19.245669 17.212500
19.298823 17.282346
19.191393 17.442816
19.229695 17.506256
19.280080 17.456409
18.997072 17.185349
18.969190 17.169342
18.683229 17.087233
18.663583 17.092532
18.659993 17.114625
18.626588 17.140359
18.614009 17.178539
18.606965 17.224069
18.644975 17.311027
18.507917 16.996988
18.573996 17.068159
18.648228 17.149062
18.708493 17.226663
18.763576 17.267860
18.849970 17.377636
18.912475 17.451183
18.996635 17.468689
18.964627 17.573390
19.014127 17.731148
19.119583 17.966726
19.223004 18.187414
19.275302 18.286503
19.238752 18.321636
19.331067 18.409522
19.395567 18.549538
19.444268 18.624261
19.469833 18.675573
19.285110 18.600265
19.266870 18.526804
19.243279 18.442306
19.203673 18.380189
19.152153 18.371282
19.164750 18.354124
19.214794 18.389657
19.203593 18.382379
19.197793 18.385548
19.246801 18.447815
19.335245 18.527854
19.321094 18.530554
19.128389 18.331032
19.226368 18.402368
19.169117 18.460579
19.280830 18.536099
19.404569 18.535211
19.477043 18.599197
19.441485 18.588360
19.504401 18.652083
19.527780 18.692402
19.536344 18.804215
19.428028 18.853576
19.449671 18.853349
19.531418 18.829411
19.494827 18.690147
19.471885 18.493678
19.149823 18.174802
18.960812 17.864681
18.769216 17.811213
18.515640 17.734695
18.363056 17.525501
18.338253 17.556685
18.192958 17.527283
17.973984 17.354647
17.825512 17.363341
17.526681 17.341650
17.144382 17.107174
17.232145 17.167562
17.292615 17.226022
17.330811 17.398964
17.474182 17.459232
17.861586 18.302187
18.081503 18.505989
18.235958 18.571616
18.373542 18.616727
18.328689 18.723069
18.410852 18.751347
18.339095 18.766208
18.469049 18.847833
18.845975 19.083287
18.858616 19.096667
18.833257 19.063883
18.688737 19.000949
18.693625 18.975759
18.474193 18.953278
18.377619 18.885917
18.422579 18.921090
18.500639 19.332441
18.522291 19.356148
18.062490 19.327492
18.016933 18.953361
17.762304 18.893060
17.704286 18.768120
17.527970 18.336715
17.548379 18.079342
17.457479 17.723323
17.110718 17.501869
16.949848 17.436213
16.757902 17.386168
16.561671 17.194708
16.384970 17.341336
16.434741 17.282965
16.344132 17.120586
16.015627 16.906676
15.948819 16.053341
15.740828 16.031611
14.985069 15.564282
14.578280 15.011612
13.901143 14.795253
13.636854 14.619329
13.575212 14.190926
13.416805 13.705593
13.336366 13.559051
13.066182 13.291669
12.462096 13.254904
11.871297 13.012982
11.798113 12.741585
11.044245 12.781322
10.692105 12.617268
10.167972 12.519939
9.954519 11.762919
9.893695 11.689576
9.750088 11.683352
9.860993 11.358653
9.969369 11.478895
10.085117 11.792902
10.198262 12.067704
10.363467 12.081776
10.294778 12.110622
10.299512 12.139957
10.319342 12.099298
10.297579 12.104550
10.222532 11.669038
10.182052 11.611908
9.882719 11.613760
9.774556 11.478153
9.838228 11.402415
9.797285 11.154612
