70
70
60
70
70
70
110
150
150
160
150
150
150
150
160
150
150
200
200
200
200
200
190
200
200
190
200
200
240
270
280
280
270
280
280
280
280
270
280
270
280
280
320
320
350
360
360
360
360
360
360
360
360
350
360
360
360
360
370
360
360
400
400
440
440
480
520
520
530
520
530
520
520
530
560
570
560
560
560
570
560
570
560
560
610
600
610
610
650
650
700
700
700
700
700
700
700
710
760
750
760
760
750
760
750
760
760
750
750
760
760
750
800
810
840
860
850
850
850
850
850
850
860
850
900
900
900
960
950
960
960
1000
1010
1010
1010
1000
1010
1000
1000
1000
1010
1010
1000
1000
1060
1050
1100
1100
1100
1110
1100
1110
1160
1160
1160
1160
1160
1160
1160
1150
1150
1150
1140
1150
1150
1140
1150
1150
1150
1140
1150
1150
1140
1150
1150
1150
1150
1150
1150
1150
1150
1160
1150
1150
1140
1150
1150
1140
1150
1140
1150
1150
1130
1140
1130
1190
1190
1190
1190
1190
1190
1190
1190
1190
1200
1200
1190
1190
1250
1260
1250
1260
1250
1250
1250
1260
1250
1250
1250
1250
1250
1250
1260
1240
1250
1250
1240
1250
1260
1250
1250
1260
1240
1260
1250
1250
1250
1250
1250
1250
1260
1250
1250
1250
1250
1250
1300
1300
1300
1300
1300
1300
1300
1310
1350
1360
1360
1360
1360
1360
1360
1410
1410
1420
1410
1410
1420
1420
1470
1470
1480
1470
1470
1470
1470
1470
1470
1480
1460
1470
1470
1470
1470
1480
1470
1470
1480
1530
1590
1600
1600
1590
1660
1660
1720
1790
1780
1790
1780
1860
1850
1850
1860
1850
1850
1920
1920
1910
1920
1920
1990
1980
1980
1990
1990
1990
2060
2050
2060
2060
2130
2130
2120
2130
2130
2130
2130
2120
2140
2130
2130
2130
2130
2130
2130
2130
