160
120
150
210
230
270
320
360
390
440
480
480
470
480
480
480
480
480
470
480
480
480
480
480
470
480
480
480
480
480
480
470
480
480
480
470
480
480
480
480
470
480
480
480
470
480
480
480
480
470
480
480
480
480
470
480
480
480
820
570
460
470
460
460
460
460
460
470
460
460
460
470
460
460
460
460
460
470
460
460
460
460
460
460
470
460
460
460
460
460
470
460
470
460
470
460
460
470
460
470
470
460
470
460
470
460
470
460
460
460
470
470
460
470
460
470
460
470
470
460
470
470
460
460
470
470
460
470
460
470
460
460
470
460
470
470
460
470
460
470
470
460
470
470
460
470
460
470
460
470
470
460
470
460
470
460
470
460
470
460
470
460
470
460
470
470
460
470
460
470
470
460
470
470
460
470
460
470
460
470
470
460
460
460
460
460
470
460
460
460
460
460
460
460
450
460
460
460
460
460
460
460
460
460
460
460
460
460
470
460
460
460
460
460
460
460
460
460
460
470
460
460
460
460
460
460
460
460
460
460
470
460
460
460
460
460
460
460
460
470
460
460
460
460
460
460
460
460
460
460
460
470
460
460
470
460
460
460
460
460
460
470
460
460
460
460
460
460
460
460
460
460
460
460
460
460
460
470
460
460
460
460
470
470
460
470
470
460
470
470
460
470
470
460
470
470
470
460
470
460
480
460
460
470
470
460
460
470
470
460
470
460
470
460
470
470
460
470
460
470
470
460
470
460
470
470
460
470
470
460
470
460
460
460
470
460
