2.162713 1.897026
2.134647 1.919659
2.131039 2.023865
2.092146 2.195750
2.151795 2.423166
2.237622 2.682255
2.390161 2.974534
2.511120 3.247882
2.616702 3.478606
2.524094 3.685890
2.359710 3.809470
2.223873 3.752486
2.039888 3.735230
2.014101 3.743677
1.826113 3.840442
1.871409 3.965748
2.028833 4.095326
2.131721 4.347378
2.310860 4.492347
2.387588 4.601847
2.443638 4.524041
2.317096 4.177307
2.098322 3.944282
1.769370 3.559474
1.679619 3.290138
1.662821 3.203307
1.741331 3.093855
1.837807 3.237202
1.878312 3.274512
1.997504 3.403476
2.162053 3.516615
2.350835 3.602949
2.601404 3.724684
2.845618 3.954724
3.171884 4.254588
3.649554 4.570696
4.194049 4.903346
4.754055 5.192376
5.353841 5.278495
5.862557 5.345587
6.239394 5.226750
6.316275 4.983273
6.093850 4.717723
5.656964 4.231773
5.260905 3.992117
4.792354 3.651178
4.316159 3.580195
4.038419 3.512870
3.856789 3.585882
3.533041 3.594153
3.207742 3.580587
2.860482 3.495311
2.213015 3.343733
1.956978 3.203151
1.697523 3.068430
1.553170 3.063267
1.466233 3.093377
1.532546 3.108571
1.608754 3.104966
1.695461 3.158741
1.922921 3.286544
2.056002 3.225156
2.010463 3.235273
1.973882 3.052148
1.816280 2.781173
1.688306 2.569397
1.616451 2.511446
1.637882 2.531040
1.766232 2.537423
1.818489 2.625928
1.949651 2.764270
2.092607 2.908187
2.248880 3.081563
2.496381 3.313340
2.841305 3.612095
3.269878 3.896056
3.905683 4.207909
4.532441 4.368074
4.922708 4.335820
5.096886 4.181303
5.163525 4.066365
5.323528 3.956247
5.330911 3.880845
5.449691 3.941943
5.435000 3.816820
5.554111 3.880313
5.718237 3.964854
5.845514 4.040192
5.935707 4.058360
6.139346 4.201880
6.324653 4.364247
6.284812 4.487022
6.056254 4.531758
5.949377 4.677621
5.551197 4.760955
5.249632 4.934526
4.889268 5.005333
4.803382 4.954834
3.997099 5.056508
3.918453 5.183773
4.085963 5.499737
4.118864 5.541791
4.144593 5.541464
3.914657 5.377751
3.844789 5.186405
3.775207 4.968255
3.469542 4.857768
2.957004 4.675188
3.069314 4.619101
3.149173 4.593844
3.328919 4.623946
3.460177 4.504544
3.594342 4.413473
3.672489 4.520667
3.779091 4.608824
3.734414 4.694501
3.796205 4.715629
3.906956 4.651458
3.801890 4.692000
3.826481 4.717516
3.856663 4.836478
3.875610 4.953932
3.883619 4.992294
3.826773 4.903509
3.899850 4.980956
3.777993 5.035659
3.712672 4.947555
3.571864 4.874487
3.241158 4.561027
3.051106 4.347110
2.833677 4.201530
2.774259 4.038136
2.736395 3.980900
2.651557 3.965663
2.619913 3.913749
2.633186 3.815549
2.663020 3.815477
2.728750 3.913296
2.785400 4.019200
2.964524 4.230523
3.035591 4.348048
3.150713 4.421128
3.263526 4.618055
3.411707 4.833277
3.530043 4.938487
3.476897 5.111659
3.544227 5.342360
3.545725 5.423359
3.560272 5.538458
3.520359 5.659719
3.450331 5.595869
3.389754 5.486451
3.401974 5.295443
3.359799 5.165823
3.199654 5.002435
3.122121 4.996393
3.147764 5.041044
3.154296 5.231115
3.148742 5.511825
3.232607 5.837879
3.250439 6.048264
3.009497 5.992242
2.884737 5.857254
2.668022 5.677004
2.529063 5.520095
2.529361 5.328909
2.533482 5.281331
2.686609 5.291406
2.847640 5.401019
3.166570 5.618151
3.470578 5.714910
3.760431 5.755229
3.866483 5.687308
3.824579 5.305723
3.645588 4.900995
3.422284 4.547154
3.174875 4.406421
2.983056 4.315468
2.797007 4.382193
2.663126 4.373124
2.591534 4.460434
2.355678 4.348947
2.253654 4.273438
2.186725 4.093122
2.188436 4.024557
2.309157 4.021589
2.407626 4.092249
2.655743 4.281279
3.006443 4.450543
3.427294 4.659996
3.747363 4.864192
4.033171 4.963269
4.276371 5.073370
4.404058 5.149732
4.468296 4.994739
4.477816 4.971448
4.430921 5.163803
4.343589 5.360750
4.100125 5.525345
3.869579 5.522417
3.521461 5.452540
3.152009 5.132953
2.994404 4.856194
2.809013 4.636597
2.870644 4.489536
2.952752 4.519760
3.045217 4.401077
3.178247 4.524558
3.106994 4.500811
3.113497 4.573541
3.061148 4.729656
2.976972 4.899474
2.907919 5.127348
2.790436 5.268135
2.735483 5.357053
2.588104 5.334816
2.529182 5.419701
2.540042 5.374120
2.390329 5.325844
2.319217 5.338725
2.452366 5.382120
2.521268 5.339810
2.718001 5.434137
2.998314 5.557791
3.383135 5.825247
3.780587 6.069348
4.142924 6.225494
4.399132 6.198751
4.415159 5.973598
4.215933 5.573567
3.911866 5.353744
3.624061 5.101057
3.244717 4.942468
2.760994 4.654942
2.515923 4.440136
2.315213 4.305695
2.133682 4.113264
2.174952 3.992829
2.173755 3.931965
2.345043 3.854598
2.445935 3.898585
2.598539 4.090331
2.787101 4.240714
3.073901 4.335370
3.423621 4.603043
3.876557 4.795198
4.212732 4.862148
4.411250 4.951232
4.589415 5.027927
4.639236 5.119876
4.232039 5.072682
3.968315 4.973212
3.473561 4.717115
3.063670 4.458117
2.775681 4.258430
2.621257 4.137322
2.275454 3.971899
2.123233 3.887465
2.103032 3.711171
2.131253 3.643580
2.171977 3.656771
2.291019 3.692470
2.287226 3.810689
2.247673 3.868039
2.174776 3.889535
1.951249 3.783837
1.920117 3.717957
1.877184 3.605666
1.907919 3.611791
2.082624 3.737588
2.217603 3.910435
2.363619 4.072557
2.640007 4.271361
3.120457 4.490659
3.756998 4.737857
4.509760 4.982068
5.109938 5.060103
5.603181 4.935702
5.817869 4.649939
5.828980 4.338442
5.451893 4.026546
4.932663 3.837974
4.499594 3.841090
4.155957 4.108286
3.777987 4.433321
3.138858 4.519417
2.498945 4.434003
2.142891 4.212933
1.787020 3.936394
1.749464 3.845798
1.785776 3.824700
1.890349 3.753018
1.951242 3.689164
2.165072 3.808997
2.542047 3.998791
3.016533 4.307491
3.558187 4.510424
4.084471 4.660658
4.484513 4.786224
4.702843 4.809180
4.583588 4.652198
4.337592 4.670706
4.059130 4.658276
3.939912 4.768043
3.759051 4.572353
3.424187 4.252210
2.939241 3.932379
2.509581 3.647759
2.200699 3.310041
2.250246 3.180076
2.157356 3.178857
2.301607 3.209485
2.365625 3.347772
2.525852 3.612877
2.559920 3.821952
2.608290 4.100844
2.581073 4.162444
2.488650 4.106585
2.164789 3.990786
2.106444 3.800977
2.127776 3.691406
1.882313 3.437997
1.829586 3.318398
1.747534 3.322881
1.845062 3.383963
2.091685 3.690388
2.368825 3.998821
2.586745 4.116093
2.742605 4.186612
2.974503 4.173368
3.020613 4.026246
3.130410 3.953724
3.244264 3.894117
3.367117 3.660038
3.405190 3.652319
3.441464 3.726657
