0.116221
0.060475
0.042775
0.096774
0.173753
0.268290
0.453113
0.640642
0.900668
1.156774
1.441641
1.761404
2.129250
2.493874
2.860627
3.263610
3.683403
4.106254
4.552257
4.890789
5.075439
5.060774
4.824448
4.420968
4.023888
3.598896
3.220186
2.871874
2.525007
2.212860
1.991003
1.823388
1.735516
1.746640
1.857599
2.081430
2.392123
2.743011
3.162008
3.599358
3.965673
4.237604
4.322458
4.134827
3.740504
3.381188
3.092436
2.889500
2.756514
2.714506
2.774142
2.921480
3.122896
3.406057
3.706378
4.056249
4.425998
4.810217
5.217322
5.630247
6.042996
6.452198
6.784609
6.851677
6.644517
6.276521
5.899755
5.537800
5.181289
4.854079
4.540845
4.240734
3.998856
3.796446
3.619028
3.523269
3.510575
3.596065
3.834214
4.219699
4.699643
5.214731
5.723233
6.265817
6.820478
7.378873
7.909240
8.438036
8.944185
9.432576
9.927599
10.443186
10.923807
11.410487
11.868719
12.330191
12.837281
13.306453
13.784842
14.256593
14.750897
15.117164
15.315785
15.242996
14.939362
14.472400
14.015717
13.551910
13.054881
12.579581
12.074579
11.608555
11.125087
10.664863
10.182847
9.710632
9.215687
8.694364
8.209217
7.732701
7.252524
6.773732
6.256933
5.757590
5.254621
4.961862
4.983817
5.321025
5.738847
6.176921
6.627186
7.065657
7.547663
8.006548
8.477381
8.947299
9.421080
9.892726
10.330075
10.792037
11.245682
11.714057
12.220286
12.718836
13.231462
13.767064
14.295023
14.803380
15.329596
15.855990
16.253656
16.479820
16.561522
16.676824
16.820311
16.938369
17.114044
17.314842
17.520128
17.710520
17.907551
18.118179
18.356014
18.596947
18.836221
19.079200
19.336702
19.579727
19.870718
20.168384
20.483590
20.624866
20.466089
20.083819
19.735884
19.382041
19.035395
18.728567
18.406535
18.063427
17.752054
17.455091
17.147735
16.832735
16.546770
16.265633
16.004369
15.745371
15.503160
15.300504
15.088526
14.902518
14.693456
14.544674
14.422938
14.306656
14.191567
14.118076
13.946081
13.577544
13.185703
13.036387
13.078409
13.117105
13.180195
13.296463
13.412287
13.513622
13.629757
13.788738
13.939546
14.105205
14.300806
14.503372
14.710083
14.954047
15.171855
15.417529
15.674466
15.944177
16.211045
16.528507
16.834021
17.150609
17.493545
17.637829
17.526545
17.224063
16.881588
16.538822
16.163989
15.822701
15.467096
15.083627
14.723161
14.360089
14.003300
13.705070
13.383451
13.075396
12.758071
12.458698
12.170431
11.886104
11.651009
11.443978
11.253346
11.123603
10.969373
10.869388
10.684563
10.308080
9.974416
9.894106
10.001500
10.145590
10.294864
10.485659
10.688718
10.877225
11.099001
11.368720
11.658915
11.944666
12.260716
12.589752
12.925390
13.261189
13.592862
13.912531
14.247309
14.580853
14.952861
15.337466
15.699969
16.079080
16.295626
16.243044
15.935752
15.538945
15.129715
14.711194
14.315755
13.949165
13.580431
13.212520
12.829063
12.436364
12.054064
11.730243
11.390663
11.050104
10.712675
10.373034
10.058449
9.754887
9.486762
9.232251
9.007450
8.802108
8.626783
8.438797
8.300756
8.080925
7.725531
7.390538
7.304388
7.469549
7.625830
7.827959
8.047988
8.261019
8.486503
8.755517
9.085601
9.413551
9.764922
10.119724
10.467793
10.864171
11.218832
11.625340
12.042321
12.465029
12.912405
13.317491
13.679844
13.994145
14.283620
14.571328
14.864647
15.188678
15.516368
15.875489
16.244500
16.611428
