2.120136 1.860487
2.033226 1.904966
2.042669 2.006307
2.028535 2.109308
2.231775 2.331386
2.467476 2.593882
2.545765 2.799161
2.533584 2.970294
2.624648 3.254432
2.596142 3.603065
2.698174 3.928301
2.495204 4.041413
2.297179 4.192295
1.985221 4.242886
1.714990 4.383273
1.830460 4.346986
2.012123 4.422499
2.348406 4.658479
2.543064 4.746555
2.703618 4.954823
2.761106 4.990787
2.639420 4.721159
2.402187 4.393780
2.320560 4.219157
2.311265 3.987455
2.298450 3.796690
2.315489 3.737624
2.396826 3.717791
2.436256 3.648458
2.354617 3.441821
2.377784 3.477763
2.424904 3.591436
2.633225 3.756137
2.791700 4.065887
3.142476 4.420330
3.575956 4.852504
4.045564 5.268004
4.629739 5.636310
5.275353 5.989028
5.936363 6.271135
6.353657 6.372249
6.522474 6.420819
6.540616 6.315240
6.423055 6.198344
6.238106 6.109501
6.057502 5.933517
5.977158 5.936804
5.969819 6.003200
5.984912 6.074597
5.979506 6.180279
6.047899 6.294627
6.083961 6.393886
6.082724 6.463335
6.082246 6.485851
5.987819 6.551231
6.000603 6.377734
5.829224 6.151526
5.509688 5.974721
5.142471 5.882443
5.188770 5.923736
4.875199 5.868063
4.689734 5.703056
4.458856 5.409260
4.051796 4.903252
3.309115 4.537789
3.094096 4.398382
2.696547 4.219153
2.681412 4.200201
2.652550 4.070526
2.678561 3.947530
2.767356 3.943949
2.776961 3.931377
2.829497 4.034767
2.883162 4.128948
3.164111 4.331549
3.532919 4.687333
4.025086 5.074013
4.536036 5.495645
4.883041 5.757493
5.081701 5.917406
5.261372 6.024357
5.455176 6.141417
5.716186 6.188472
5.897542 6.271796
6.117674 6.351781
6.318540 6.506173
6.533839 6.575524
6.580704 6.680650
6.682972 6.801677
6.647248 6.837434
6.835400 6.940365
6.870927 6.928884
6.992666 6.918290
7.060478 6.914826
6.860235 6.967264
6.830507 6.920267
6.767295 6.828181
6.668281 6.801704
6.733879 6.747701
6.571732 6.706450
6.547676 6.751593
6.329541 6.709711
6.269280 6.773998
6.172901 6.696843
5.993420 6.577387
5.780487 6.356418
5.476997 6.249003
5.359774 6.215491
5.213173 6.156710
5.097353 6.123911
4.906068 6.066114
4.778860 5.972894
4.638227 6.012732
4.563316 6.017039
4.507282 6.004337
4.459798 5.985796
4.348810 5.933536
4.355620 5.909363
4.388388 5.765612
4.268089 5.536728
4.410580 5.639432
4.356615 5.680344
4.460282 5.723814
4.465776 5.593014
4.610531 5.700676
4.638520 5.817014
4.631429 5.789449
4.572361 5.695621
4.478129 5.589124
4.362061 5.446777
4.228940 5.357474
4.247549 5.167145
4.277547 5.134468
4.255041 5.018293
4.250295 5.085788
4.277811 5.112553
4.257215 4.948888
4.259404 4.952373
4.323325 4.957564
4.277097 4.983102
4.341189 5.094507
4.345936 4.909296
4.247620 4.927362
4.350066 5.017068
4.489271 5.121548
4.544469 5.144027
4.581384 5.262917
4.680454 5.383097
4.825974 5.515794
4.965937 5.646467
5.072895 5.664272
5.016737 5.564565
5.037210 5.562024
4.988024 5.551640
4.999523 5.594179
5.057591 5.713222
5.199522 5.824233
5.420174 6.036008
5.663079 6.322316
6.047999 6.661109
6.306721 6.898742
6.522003 7.040258
6.607896 7.231728
6.714539 7.415403
6.898303 7.608510
7.172059 7.832896
7.110155 7.896498
7.072646 7.976236
7.252037 8.134858
7.468566 8.368872
7.698320 8.653589
8.115044 9.050911
8.156430 9.168550
8.144334 9.181646
8.028115 9.079543
7.878522 8.937344
7.729778 8.738438
7.622391 8.596805
7.572717 8.511824
7.518854 8.409070
7.524360 8.307637
7.451412 8.160790
7.401946 8.011577
7.189870 7.953581
7.152126 7.963466
6.952135 7.731619
6.946653 7.592053
6.912913 7.563675
7.132668 7.698564
7.341000 7.875055
7.558709 8.073246
7.799437 8.220820
8.010499 8.485164
8.257835 8.782176
8.450887 8.995427
8.583581 9.198522
8.787829 9.350550
8.940943 9.541448
9.025620 9.632690
9.073572 9.705602
9.026777 9.588995
8.685224 9.134246
8.455213 8.940172
8.295006 8.530114
8.256913 8.526445
8.076961 8.440607
8.099569 8.500604
7.987142 8.314956
8.052063 8.248975
7.700275 8.069097
7.704251 8.098384
7.618355 8.126002
7.620598 8.219671
7.779285 8.381604
7.842353 8.422639
7.841008 8.583030
7.866380 8.670644
7.909583 8.549314
8.093108 8.676434
8.243369 8.766282
8.257274 8.765337
8.235260 8.894854
7.881791 9.012204
8.044071 9.227721
8.316216 9.521889
8.624883 9.826968
8.623050 10.038401
8.602465 10.143512
8.565028 10.014891
8.541735 9.759035
8.369659 9.572731
8.382446 9.408111
8.371700 9.192322
8.339735 9.005426
8.351233 8.960044
8.412239 8.950865
8.431168 8.968942
8.377385 9.044602
8.401513 9.162716
8.390800 9.259116
8.522257 9.387832
8.590569 9.440949
8.748021 9.579760
8.903973 9.699377
9.206416 10.073507
9.376906 10.173381
9.772483 10.681778
10.076517 11.112221
10.234604 11.251275
10.295862 11.309963
10.396636 11.448896
10.276506 11.305755
10.049495 11.234389
9.931834 11.043229
9.829378 10.762731
9.806469 10.686306
9.516081 10.548258
9.521808 10.549522
9.584391 10.594443
9.659736 10.689757
9.709412 10.767870
9.805705 10.861063
9.658098 10.784538
9.744998 10.883702
9.724732 10.947097
9.855572 11.063370
9.891127 11.125117
9.938735 11.169958
10.063142 11.289517
10.196995 11.392987
10.326633 11.564269
10.282470 11.517685
10.419375 11.683925
10.516126 11.732914
10.668805 11.861930
11.158025 12.489316
11.678602 12.973186
11.948026 13.219679
12.187068 13.470956
12.166790 13.648635
12.068969 13.578652
12.002718 13.559183
11.822814 13.282933
11.809888 13.271915
11.812214 13.287874
11.841679 13.346539
11.894642 13.350813
12.033668 13.462671
12.163620 13.781370
12.248413 13.865969
12.186148 13.715633
12.005649 13.674854
11.948702 13.452218
11.944544 13.312888
11.971514 13.417871
12.101753 13.544232
12.505555 13.844037
12.872257 14.133476
13.074081 14.389665
13.191267 14.539845
13.320888 14.640497
13.437031 14.735192
13.475124 14.724791
13.171276 14.451775
13.239403 14.470852
13.106248 14.011003
12.956473 13.856016
12.602037 13.399120
12.288889 13.305713
12.181330 13.117780
12.154034 12.999701
12.191907 13.018056
12.171261 12.746672
12.139028 12.610974
12.221974 12.684248
12.302597 12.768336
12.368852 12.863042
12.430443 12.978188
12.494004 13.119697
12.553240 13.254829
12.508511 13.242847
12.380856 13.188757
12.078133 13.166995
11.933160 13.113599
11.925384 13.172444
11.963344 13.087080
11.933567 13.017366
11.994872 13.059351
11.833256 13.024616
11.764371 12.958266
11.696276 12.854384
11.653678 12.765344
11.290047 12.605919
10.956718 12.336926
10.846970 12.256085
10.586687 11.768382
