0.062155
0.122171
0.276487
0.274210
0.275357
0.270615
0.217358
0.145028
0.302151
0.318737
0.488539
0.523265
0.625931
0.842669
0.953188
0.966200
0.942779
1.008713
0.901731
0.606197
0.452922
0.150743
0.128422
0.293876
0.454015
0.814541
1.027156
1.368000
1.531820
1.727083
2.032553
2.278901
2.487034
2.863008
2.986075
3.371769
3.519709
3.870043
4.035653
4.204506
4.535222
4.681555
5.068113
5.248976
5.547405
5.607113
5.671617
5.799191
5.842292
5.702744
5.571944
5.486721
5.412734
5.002007
4.739889
4.231189
3.730036
3.425506
3.110269
2.839088
2.374229
2.100459
1.847253
1.427117
1.173353
0.980127
0.875322
0.968717
1.258465
1.485389
1.744234
2.170613
2.446787
2.756349
3.203952
3.430479
3.652808
4.150418
4.377658
4.332758
4.026159
3.736743
4.083087
4.295978
4.269347
3.727690
3.445054
3.113239
2.802279
2.447073
2.115739
1.577068
1.388708
1.284417
1.255767
1.416630
1.625656
1.917894
2.406138
2.713571
3.272222
3.613703
3.962192
4.260993
4.734005
5.021924
5.290048
5.756440
6.113203
6.456756
6.836238
6.833638
6.953900
7.054935
7.241270
6.980326
6.873909
6.781223
6.742498
6.765225
6.812953
6.187125
5.809120
5.439320
5.076892
4.518567
4.155285
3.798221
3.251144
2.913292
2.586232
2.077639
1.763477
1.487623
1.284687
1.186607
1.254219
1.411289
1.803243
2.074433
2.383991
2.949801
3.297590
3.638407
4.152786
4.481249
4.728653
4.891411
4.712460
4.503080
4.044251
4.386512
4.523075
3.788605
3.168716
2.529057
1.914598
1.499855
1.137082
0.811643
0.620783
0.806781
1.122437
1.683472
2.139339
2.579402
2.994848
3.581677
4.026880
4.679630
5.142983
5.126265
5.122918
5.518902
5.910613
6.454727
6.835286
7.422141
7.839997
8.263024
8.299240
8.430729
8.696464
8.902228
8.513959
8.320057
8.112831
7.978372
7.971285
8.059813
8.184215
8.426091
8.605973
8.934393
9.221190
9.521424
9.984571
10.325048
10.844466
11.273931
11.561329
12.200447
12.889490
13.363804
13.378406
13.831942
13.685365
13.294423
12.703580
12.329224
11.992388
11.179996
10.776373
10.531908
10.310982
10.092012
9.821788
9.668185
9.546109
9.405795
9.329542
9.340151
9.319533
8.882097
8.025650
7.915700
8.146479
8.342498
8.555558
8.048217
8.014444
8.119122
8.221205
8.284292
8.390839
8.603889
8.827815
8.968034
9.263716
9.469675
9.670257
10.009802
10.243044
10.225376
10.210125
10.445644
10.689075
11.326494
11.886071
12.252061
12.767901
13.320240
13.303381
12.749300
12.475930
11.999679
11.688159
11.374211
10.500602
9.995392
9.247987
8.995282
8.764667
8.541684
8.348058
8.161566
7.960147
7.857796
7.775587
7.708645
7.679273
7.875174
8.091551
8.388730
7.860747
7.775852
7.804135
7.866178
7.950794
8.055465
8.028265
7.897861
7.932071
8.083639
8.358575
8.714181
8.964644
9.286870
9.816693
10.323360
10.861589
11.050125
11.475937
11.427525
11.886007
12.222463
12.488325
12.762404
12.714540
12.734464
12.101914
11.761025
11.393757
10.713344
10.711990
10.700533
10.112390
9.787110
9.369513
9.115058
8.769839
8.436086
8.243808
8.016331
7.873054
7.738278
7.499490
7.425195
7.526935
7.662886
7.893941
8.012968
7.467521
7.358762
7.329320
7.333176
7.352391
7.270471
7.274979
7.427495
7.585647
7.799954
8.128253
8.362818
8.644487
9.241599
10.021203
10.512313
11.059693
11.406248
11.920373
12.610762
12.070987
11.720670
11.193150
10.792556
10.443821
10.020111
9.995729
10.222396
10.545335
11.116320
11.534021
11.980884
12.404335
13.004187
12.994574
13.014238
13.001276
13.427572
14.068588
14.488691
15.145685
15.153169
15.554061
15.973069
16.608779
16.622980
16.604357
17.034616
17.635050
18.040143
18.664681
19.080588
19.700934
20.103937
20.504822
20.966970
21.276002
21.421546
21.434270
21.452900
21.899957
21.714258
21.534476
21.051721
20.613530
20.590262
20.620416
20.625808
19.931413
19.460212
18.989812
18.522000
17.845982
17.400493
16.949230
16.483807
16.038440
15.557043
14.899286
14.444440
14.453738
14.465037
14.461374
14.536928
14.539383
14.075109
13.656525
13.232259
12.623993
12.167236
11.736189
11.343114
10.963458
10.664627
10.506930
10.268227
10.091106
10.212760
10.576501
10.533337
10.849295
11.168149
11.658925
12.004816
11.468528
11.021087
10.543531
10.238703
10.111217
10.133601
10.217472
10.155439
10.166376
10.204398
10.513538
11.128338
11.538370
11.960334
12.374668
13.015322
13.227067
13.853241
14.287046
14.697544
15.108702
15.763397
16.198542
16.871594
17.512215
18.151687
18.769039
19.412290
20.060310
20.684739
21.048646
21.207434
21.232764
21.212074
21.186648
21.522974
21.330682
20.689715
20.688958
20.675011
20.243441
19.607364
18.992407
18.573519
17.958177
17.549311
16.921115
16.511562
16.121272
16.115476
16.118494
15.476026
15.020294
14.593924
14.153778
13.742588
13.140019
12.718331
12.283630
11.895769
11.538873
10.966609
10.590525
10.227533
9.937865
9.881312
10.073279
10.060182
10.093502
10.441704
10.795795
11.204379
11.513082
11.343986
10.854875
10.524430
10.381505
10.318451
10.347606
10.395094
10.579068
10.657837
10.946192
11.496029
11.865415
12.230578
12.610311
13.002230
12.998278
13.002236
13.405203
13.786919
14.156541
14.541650
14.929312
15.525858
15.876506
16.282459
16.922692
17.317575
17.755118
18.360171
18.754273
19.361993
19.771121
20.166113
20.566285
20.551554
20.120407
20.127959
19.747432
19.544254
18.952654
18.554789
17.761777
17.181819
16.789946
16.159481
15.743020
15.329180
14.895647
14.485703
14.095198
13.691044
13.037981
12.625170
12.258543
11.680403
11.304222
10.910523
10.512427
9.943482
9.592285
8.593466
7.603627
