0.059509
0.116952
0.357725
0.372783
0.435588
0.518387
0.381487
0.316651
0.387065
0.328162
0.424527
0.415675
0.535598
0.636860
0.890772
0.774938
0.499071
0.326839
0.680106
0.790423
0.576367
0.448572
0.487448
0.560040
0.571392
0.790085
0.816304
0.934890
0.960708
1.010108
1.127143
1.099187
1.107057
1.371879
1.323260
1.617457
1.528125
1.631739
1.566613
1.442614
1.517983
1.350315
1.567291
1.497400
1.696438
1.627768
1.530452
1.659070
1.616122
1.662266
1.418227
1.121561
0.855897
0.753788
0.761576
0.754662
0.881721
1.015471
1.385427
1.666187
2.014795
2.194951
2.451839
2.820440
3.125132
3.420536
3.925479
4.119367
4.463089
4.572898
4.765895
5.141489
5.487575
5.766304
6.237207
6.416527
6.609952
6.956627
7.159610
7.116527
6.853968
6.520389
6.692549
6.721616
6.684187
5.943734
5.489210
5.177092
4.892887
4.563846
4.239036
3.579569
3.232762
2.941054
2.607285
2.136077
1.834677
1.521370
1.101118
0.970267
0.944313
1.016716
1.172449
1.284613
1.629125
1.843656
2.020751
2.422142
2.771939
3.029192
3.467928
3.626922
3.913333
4.029133
4.191377
3.772534
3.454064
2.874784
2.560181
2.451131
2.330639
1.749388
1.599032
1.553626
1.608934
1.812803
2.082918
2.414942
2.949740
3.302808
3.545721
4.068905
4.413452
4.764330
5.091068
5.625899
5.953956
6.291116
6.869427
7.174805
7.593605
8.218667
8.516405
8.871132
9.397750
9.728728
9.990481
10.119129
9.861168
9.526659
9.103647
9.446424
9.591755
8.919019
8.308940
7.731011
7.205498
6.930593
6.620833
6.235645
5.778807
5.399442
5.018694
4.446048
4.030027
3.575170
3.234694
2.721416
2.279304
1.799176
1.506238
1.493778
1.494562
1.324696
1.322714
1.312987
1.253137
1.724386
2.024109
2.115996
2.158018
2.365471
2.879180
3.170808
2.904504
2.682647
2.355825
2.490979
2.750341
3.353930
3.793076
4.400401
4.785148
5.385101
5.802789
6.200278
6.786188
7.188371
7.767395
8.213512
8.446068
8.859240
9.037501
9.252063
9.608214
10.110798
10.613609
10.478940
10.197859
10.103751
9.928324
9.296118
8.635027
8.248945
7.883484
7.554821
7.118928
6.821815
6.490711
6.184665
5.965765
5.945076
5.922885
5.199151
4.098642
3.780631
3.726861
3.795055
3.919812
3.416554
3.794829
4.092284
4.323903
4.701279
4.919349
5.292275
5.687055
5.942035
6.557146
6.993024
7.448102
8.122344
8.636637
8.713608
8.811491
9.327556
9.925134
10.741329
11.187204
11.611450
12.206806
13.214500
13.416712
13.355454
13.545005
13.444032
13.285312
12.996680
12.050641
11.286457
10.321938
9.687635
9.014062
8.341591
7.619278
6.984449
6.222571
5.672879
5.207767
4.621722
4.322873
4.340725
4.723805
5.457574
4.314310
4.062773
4.014711
4.164056
4.335179
4.482942
4.706685
4.831205
5.278824
5.892508
6.848603
7.812941
8.585727
9.409466
10.445399
11.116615
11.781071
12.116607
12.569245
12.548984
12.802884
13.093852
13.883196
14.531211
14.692135
14.921603
14.613034
14.437252
14.238614
13.615586
13.582501
13.518602
12.708667
12.105263
11.349368
10.724495
9.932959
9.136766
8.524649
7.793137
7.277938
6.759033
5.961618
5.199330
4.611312
4.221109
3.857791
3.735869
3.183113
3.280881
3.197629
3.588608
4.156705
4.739890
5.511632
6.331839
6.915326
7.458237
8.258870
8.842817
9.345716
10.228460
10.944518
11.229577
11.500132
11.727494
12.233862
13.252215
13.251267
13.377103
13.223635
13.094182
13.019625
13.070494
13.602033
14.430252
15.146264
16.116679
16.811807
17.499608
18.299780
19.366661
19.418272
19.472229
19.517716
20.445561
21.572472
22.416471
23.266322
23.374294
23.978906
24.574532
25.535503
25.709507
25.688340
26.382099
27.286150
28.013090
29.043876
29.685294
30.578969
31.234368
31.690559
32.053589
32.236412
32.368099
32.458527
32.807793
33.748383
33.722398
33.870497
33.534094
33.048743
33.052044
33.059139
33.063684
32.342206
31.777500
31.260296
30.725657
29.861750
29.355789
28.857504
28.342963
27.814686
27.282892
26.539451
25.997961
26.049637
25.997774
26.011436
26.078284
26.043053
25.434888
25.005375
24.490101
23.733679
23.221188
22.577028
22.020958
21.178569
20.555287
20.239467
19.645799
18.913068
18.532969
18.423674
18.459111
18.400900
18.425454
18.231892
18.026081
17.667390
17.739966
17.793006
17.976671
18.338725
18.688473
19.236586
19.655693
20.069331
20.371159
21.076558
21.901617
22.530391
23.105502
23.688749
24.600451
24.935992
25.773426
26.496353
27.007281
27.516235
28.246164
28.638451
29.327420
30.131077
30.902454
31.542363
32.168084
32.850589
33.467092
33.595129
33.636977
33.561480
33.437416
33.400376
34.015650
33.878771
33.161624
33.152294
33.082920
32.456961
31.835628
31.182430
30.749096
30.164291
29.736184
29.125809
28.696879
28.205452
28.228679
28.223465
27.527215
27.060587
26.636715
26.222316
25.901912
25.368597
25.101018
24.728860
24.362417
24.140181
23.542250
23.178410
22.774852
22.283088
21.691861
21.404246
21.611326
21.729927
21.723560
21.601283
21.426201
21.299370
20.912849
21.161953
21.644874
21.860740
22.084356
22.370784
22.675189
23.223594
23.416041
23.820923
24.409934
24.789001
25.188503
25.679635
26.031226
26.099449
26.199420
26.643094
27.059094
27.491692
27.846357
28.303882
28.898587
29.014449
29.306170
29.937470
30.334480
30.577058
30.983969
31.158696
31.522067
31.721676
31.823791
31.962044
31.749440
31.283493
31.316653
31.071532
30.903151
30.476910
30.221646
29.740489
29.441528
29.373380
28.981771
28.633086
28.346006
27.870449
27.550670
27.107211
26.642807
25.906508
25.568934
25.058822
24.418701
23.900757
23.442139
23.108831
22.528297
22.238313
20.980172
19.576440
