1.944247 2.092483
1.943834 2.099111
1.951666 2.113696
1.964924 2.141841
1.963262 2.172661
1.968786 2.226263
1.967989 2.288102
1.963007 2.353015
1.966917 2.445665
1.969946 2.538810
1.966698 2.660507
1.974429 2.786197
1.970028 2.923249
1.962538 3.062773
1.953958 3.073095
1.997521 2.991820
2.085139 3.091669
2.151489 3.235507
2.215630 3.319171
2.216312 3.171173
2.161077 3.112994
2.178387 3.103189
2.202664 3.108899
2.277124 3.197255
2.392944 3.320551
2.515644 3.478006
2.639328 3.636448
2.777434 3.776061
2.934222 3.931653
3.068927 4.080533
3.226507 4.110854
3.340535 4.184780
3.349874 4.271913
3.529791 4.495909
3.742940 4.773541
3.896531 4.977749
4.111587 5.266732
4.304706 5.512669
4.591104 5.792015
4.861409 6.079564
5.080618 6.359031
5.299297 6.645600
5.510912 6.923367
5.746390 7.239321
5.884963 7.411395
5.953042 7.492643
6.054007 7.561365
6.166977 7.631073
6.209306 7.644607
6.133760 7.549962
6.016417 7.439165
5.841252 7.274092
5.632417 6.957131
5.378731 6.700553
5.038097 6.462319
4.737020 6.297632
4.620761 6.169961
4.548144 5.995892
4.248207 5.937296
4.236471 5.922873
4.065022 5.767939
3.995856 5.618279
3.924991 5.406112
3.971284 5.521008
3.970660 5.539238
4.010032 5.617000
4.004089 5.586184
4.051444 5.661019
4.032760 5.606741
4.013972 5.559342
4.075195 5.659078
4.078429 5.645710
4.154496 5.771339
4.227973 5.839472
4.362388 5.727612
4.450250 5.793463
4.450613 5.793411
4.543020 5.505657
4.530488 5.309853
4.409650 4.934062
4.313228 4.854496
4.504714 5.159066
5.011586 5.620768
5.206693 5.942054
5.173723 5.925587
4.968091 5.433968
4.622779 5.003757
4.517915 4.822458
4.305078 4.559503
4.190474 4.487012
4.115308 4.299988
3.969466 4.185771
3.746108 4.011023
3.542985 3.905885
3.399418 3.849622
3.386773 3.867161
3.348564 3.790946
3.452874 3.886326
3.557376 3.970492
3.704147 4.120658
3.827665 4.277655
3.977168 4.199913
4.063619 4.315722
4.043418 4.280297
3.737104 4.153071
3.737622 4.048104
3.767477 3.906695
3.595582 3.875696
3.424017 3.824432
3.365779 3.868474
3.335281 3.853731
3.263323 3.595725
3.057370 3.304741
2.946503 3.195602
2.942129 3.124071
2.713008 2.884328
2.626242 2.734394
2.245679 2.357871
2.128264 2.116518
2.148628 2.005136
2.094455 1.815003
1.925905 1.683056
1.492692 1.676623
1.464054 1.651898
1.427753 1.757824
1.519684 1.820002
1.663508 1.878070
1.804873 2.019308
1.923585 2.101437
2.100280 2.311693
2.270688 2.539713
2.451093 2.805221
2.679084 3.007222
3.010868 3.188754
3.249908 3.310538
3.516534 3.379862
3.664563 3.386941
3.779103 3.227348
3.724361 3.090769
3.724958 3.060636
3.694094 2.942690
3.558862 2.804737
3.556917 2.738821
3.313352 2.813070
3.102228 2.787553
3.228498 2.868597
3.171885 2.654467
2.800716 2.254383
2.495463 2.115104
2.739926 2.136540
2.910908 2.195578
3.078092 2.406722
3.384669 2.690799
3.149268 2.492617
2.902993 2.328328
2.502837 2.240897
2.418392 2.235449
2.365952 2.155084
2.195975 2.152195
2.117102 2.128690
1.997021 2.101982
1.995023 2.139940
2.008208 2.236974
2.055372 2.305583
1.993164 2.379453
1.931260 2.413014
1.953557 2.518031
2.074722 2.582307
2.052035 2.585877
1.874029 2.529186
1.713666 2.407316
1.614684 1.992276
1.656152 1.876106
1.408888 1.640676
1.270696 1.422153
1.313253 1.245894
1.345281 1.355811
1.478534 1.499064
1.676440 1.699119
1.703345 1.889040
1.577209 1.877802
1.385977 1.892010
1.275616 1.889258
1.369051 1.847055
1.039997 1.625738
0.977857 1.366689
1.069168 1.223314
1.261497 1.208219
1.413729 1.182905
1.452446 1.176569
1.485782 1.256516
1.658388 1.449879
1.814600 1.692161
2.001865 1.944560
2.280287 2.240629
2.493580 2.501361
2.818456 2.765781
3.157398 3.050848
3.472260 3.299868
3.823576 3.493208
4.160469 3.529093
4.530178 3.402732
4.966993 3.099543
5.329543 3.016204
5.521151 3.120405
5.782847 3.167580
5.848841 3.274584
5.791464 3.334074
5.779688 3.419208
5.810817 3.550131
5.792047 3.718637
5.617562 3.676447
5.548035 3.587472
5.525701 3.543567
5.537475 3.544035
5.616909 3.598021
5.688557 3.678507
5.799451 3.774289
5.764847 3.882676
5.818970 3.961187
5.701462 4.004656
5.373461 3.801389
5.066458 3.548565
4.954428 3.422368
5.177179 3.614437
5.254004 3.610834
5.129480 3.604854
4.674684 3.472293
4.094723 2.981323
3.499127 2.376797
2.535979 1.766779
1.775190 1.407909
1.651799 1.308200
1.787776 1.557612
1.693330 1.472464
1.729628 1.457186
1.767303 1.459683
1.830550 1.512563
1.977912 1.738942
2.161489 1.979005
2.344300 2.255664
2.526213 2.458518
2.765244 2.606708
2.804072 2.490096
2.714056 2.339955
2.721846 2.212725
2.724513 2.052627
2.526406 2.074286
2.526483 2.337488
2.848832 2.944151
3.211063 3.609473
3.773500 4.293485
4.169346 4.609409
4.206967 4.840210
3.516327 4.258160
2.300803 2.852434
1.796256 2.089638
1.547229 1.932968
1.648630 2.270651
1.847811 2.467094
2.057918 2.518315
2.265117 2.402366
2.472280 2.363916
2.695985 2.351441
2.944591 2.365748
3.302720 2.406434
3.534135 2.451816
3.647300 2.425503
3.514699 2.334665
2.870326 2.037834
1.963139 1.563305
1.655829 1.172635
1.290083 0.920484
1.284784 0.828679
1.244090 0.985213
1.154983 0.995189
1.065829 0.992270
1.070844 1.041777
1.099732 1.087406
1.076988 1.184886
1.209122 1.346642
1.372030 1.488875
1.669050 1.718406
2.018775 1.944304
2.469494 2.259662
2.792754 2.473758
3.121225 2.724211
3.491917 2.989829
3.857153 3.153951
3.985049 3.212608
4.038329 3.277851
4.023807 3.205983
4.138646 3.283023
4.377397 3.468425
4.622369 3.570030
4.380983 3.569655
3.514609 3.168544
2.513824 2.229029
1.834945 1.832179
1.261053 0.915050
1.181921 0.972322
1.164733 1.075954
1.163789 1.232278
1.458010 1.544721
1.477507 1.542086
1.449864 1.498843
1.635325 1.609792
1.803379 1.698044
2.004114 1.805905
2.251704 1.923303
2.547921 2.111845
2.883191 2.301036
3.118298 2.437643
3.243182 2.604331
3.283858 2.715027
3.086073 2.808746
2.277493 2.334005
1.635338 1.446871
1.240953 0.863753
1.078697 0.742403
1.118716 0.734922
1.192158 0.692530
1.123917 0.865266
1.068780 0.878249
1.068355 0.908502
1.124742 0.910315
1.332297 1.044625
1.536595 1.232328
1.747931 1.447436
1.940970 1.646266
2.096335 1.811104
2.169474 1.858184
2.336225 2.001239
2.526490 2.167292
2.703346 2.379072
3.000398 2.615642
3.267312 2.815030
3.422138 2.937895
3.562597 3.015513
3.449748 2.942302
2.410704 1.913015
1.634861 1.274657
0.954215 0.841651
0.767348 0.726610
0.767296 0.833867
0.833993 1.062899
1.033254 1.480418
1.258105 1.921570
1.452262 2.281240
1.576232 2.429284
1.785474 2.553660
1.982390 2.654606
2.184786 2.758251
2.405321 2.925642
2.637054 3.188110
2.985143 3.610974
3.141365 4.017902
3.242744 4.573418
3.044408 4.665576
2.291956 3.697073
1.879494 2.870425
1.344456 2.036910
1.271147 2.002240
1.295301 1.863300
1.346585 1.755157
1.404001 1.763413
1.451335 1.498501
1.350485 1.146851
1.347224 1.065938
1.390846 1.175675
1.298289 1.317549
1.253969 1.417768
1.252087 1.566877
1.294025 1.667890
1.278495 1.808681
1.323663 1.933747
1.489225 2.167266
1.721774 2.518294
1.920129 2.863385
2.143860 3.099934
2.385261 3.374534
2.882194 3.698107
3.296300 4.048953
3.430950 4.138375
3.613268 4.227545
3.758789 4.359132
3.774406 4.406157
3.730131 4.389071
3.694384 4.397598
3.609065 4.380745
3.530694 4.347056
3.458984 4.260183
3.409151 4.138781
3.390891 4.017152
3.421944 3.944978
3.258122 3.811950
3.180673 3.653846
3.062944 3.570361
3.130589 3.369176
3.084653 3.097442
2.782793 2.579645
2.698458 2.485837
2.255071 2.335590
1.914404 2.046705
1.701278 1.928500
1.474168 1.845772
1.378867 1.840143
1.377948 1.835608
1.262966 1.746140
1.410684 1.930180
1.623053 2.124055
1.750553 2.274501
1.924262 2.292339
1.972969 2.277226
2.094945 2.374276
2.276115 2.574387
2.406858 2.748016
2.676477 3.045228
2.963996 3.378802
3.213787 3.685015
3.490440 3.858231
3.357906 4.129533
2.909753 3.976621
1.859400 2.655065
1.043115 1.091963
0.813243 0.589144
0.700985 0.626893
0.792055 0.635218
0.846516 0.675604
1.030265 0.848149
1.313020 1.111746
1.467708 1.319296
1.664188 1.613166
1.790090 1.875940
1.814561 1.971453
2.013387 2.164645
2.280560 2.478368
2.263629 2.677469
2.306945 2.936821
2.116652 2.978674
1.755976 2.667926
1.493367 1.976147
1.271006 1.501250
1.165744 1.025940
1.223724 0.759815
1.351551 0.794103
1.483194 0.730186
1.621835 0.852749
1.735409 1.022884
1.899604 1.223055
2.029617 1.423917
2.187622 1.638717
2.327312 1.922701
2.496318 2.197331
2.682782 2.483747
2.773468 2.761920
2.697745 3.001115
2.624299 3.207602
2.572964 3.220500
2.499028 3.205939
2.430227 3.113015
2.481016 3.066918
2.430470 2.912693
2.370226 2.817263
2.231177 2.639704
2.120570 2.509596
2.117676 2.409315
2.108657 2.413004
2.048152 2.382641
2.105859 2.393357
2.260456 2.500125
2.470887 2.629533
2.788835 2.726796
3.050618 2.502974
2.956362 2.066256
2.575326 1.652090
2.166065 1.359689
1.812056 1.223740
1.156537 1.090695
0.913010 1.025844
0.982908 1.105306
0.988334 1.242865
0.909893 1.284587
0.937690 1.408389
0.953646 1.506612
1.055799 1.627000
1.228469 1.793145
1.397151 2.012343
1.532486 2.156906
1.669147 2.291107
1.894748 2.376013
2.185454 2.332602
2.475318 2.288957
2.459259 2.309301
2.433192 2.277799
2.392699 2.122237
2.456578 2.051660
2.664188 2.172162
2.526812 2.135272
1.619642 1.421470
1.086200 0.806581
1.012190 0.701456
1.074154 0.708133
1.212416 0.830067
1.368688 0.985119
1.503859 1.170674
1.626600 1.356025
1.686555 1.509057
1.698219 1.656026
1.656338 1.747718
1.544302 1.784163
1.431610 1.771096
1.250889 1.412498
1.144157 1.297237
0.993556 0.923425
0.940074 0.839940
0.937539 0.762288
1.010531 0.796651
1.080683 0.654058
1.258458 0.647112
1.429346 0.678130
1.623133 0.758668
1.830076 0.810569
2.035116 0.902046
2.261987 0.994077
2.479578 1.089070
2.703365 1.177873
2.968713 1.338762
3.171411 1.554134
3.476307 1.912100
3.693239 2.301503
3.715972 2.658468
3.610325 2.912462
3.244862 2.835350
2.908914 2.457089
2.710955 2.417811
2.462914 2.158409
2.253977 1.924088
2.119497 1.806478
1.935531 1.732905
1.874273 1.806233
1.902353 1.992180
1.885422 2.110564
1.585001 1.895144
1.170251 1.435170
0.911353 1.131700
0.847534 0.960610
0.814433 0.914934
0.860323 0.909219
0.757571 0.996206
0.775432 1.132487
0.795367 1.280619
0.892522 1.471411
0.954371 1.541294
1.003781 1.633545
1.109124 1.753380
1.149496 1.879075
1.343336 2.086890
1.514936 2.250268
2.189466 2.775689
3.084244 3.457033
