0.058972
0.124431
0.270959
0.257273
0.244523
0.237423
0.180457
0.126953
0.293501
0.336692
0.487899
0.517514
0.586448
0.683458
0.789992
0.775609
0.730776
0.750182
0.526450
0.132369
0.126047
0.437431
0.699726
0.892811
0.987124
1.339263
1.472355
1.752114
1.822099
1.920279
2.044563
2.149000
2.148677
2.486698
2.529693
2.865977
2.978154
3.287844
3.497156
3.702015
3.981810
4.080126
4.419739
4.552359
4.807548
4.803793
4.830384
4.909170
4.910947
4.806154
4.618186
4.327677
3.979585
3.437919
3.051732
2.442144
1.953359
1.607041
1.099334
0.826454
0.155212
0.310819
0.779065
1.170246
1.534828
1.661591
2.054316
2.193897
2.534827
2.617582
2.712125
2.887466
3.005926
3.097833
3.279002
3.247145
3.056685
3.299888
3.262529
2.962853
2.909874
3.050889
3.535422
3.814795
3.890560
3.037047
2.382290
2.120452
1.855279
1.628799
1.452567
1.031671
0.888865
0.814951
0.756827
0.782315
0.890262
1.023782
1.247288
1.361209
1.595661
1.624800
1.668807
1.472441
1.318662
1.296047
1.227783
1.177321
0.967929
0.852142
0.813498
0.598187
0.611388
0.752421
1.137409
1.180188
1.136399
0.797877
0.684796
0.513598
0.331284
0.234956
0.479260
0.781463
1.113570
1.596694
1.963553
2.404249
2.981233
3.366310
3.555273
4.029096
4.154886
4.207036
4.184547
4.218866
4.094170
3.872593
3.646190
3.327646
3.050789
2.977646
2.872201
2.612109
2.490331
2.491670
2.351407
1.913324
1.546707
1.602584
1.538596
1.931714
2.432887
2.140431
1.744742
1.404111
1.154371
0.820290
0.673205
0.508304
0.399656
0.396699
0.353000
0.350314
0.396106
0.412023
0.382191
0.421379
0.380397
0.593714
0.555515
0.763969
1.097937
1.223301
1.199723
1.035249
0.813779
0.504745
0.249410
0.499325
0.799065
1.102398
1.549251
1.743534
1.554355
1.399979
1.007881
0.577300
0.450296
0.296371
0.396965
0.788424
1.013801
1.518833
1.887696
2.159118
2.720937
3.183000
3.883206
4.635078
5.437652
5.707764
5.559458
5.496261
5.154953
5.312711
5.102577
4.753093
4.166792
3.850438
3.425017
2.739991
2.371052
2.253989
2.186164
2.240451
2.361559
2.736285
3.235845
3.673846
4.174545
4.768246
5.428487
5.551302
4.987036
4.837221
4.561019
3.860555
3.512540
2.705920
2.205226
1.792115
1.545458
1.977949
2.113803
2.670454
3.354106
4.005848
4.982747
5.732584
6.468707
7.380075
8.157844
8.181886
8.305883
9.123446
9.804110
10.548579
10.862126
10.912296
11.012421
10.761207
9.222758
6.445837
3.595900
1.850390
1.450611
1.232446
1.067700
1.062185
1.363933
1.504456
1.638937
1.811793
1.971352
2.099532
2.334127
2.264560
2.114770
1.897024
1.419272
1.573255
1.531559
1.688558
1.569085
1.352400
1.220445
0.841353
0.655860
0.483405
0.194327
0.304652
0.426646
0.498850
0.638316
0.933427
1.043082
1.276965
1.725424
1.891746
2.127615
2.220204
2.469611
2.666125
2.914767
2.419745
1.704466
1.811763
1.896780
1.772699
1.188840
0.970209
0.797398
1.037227
1.006288
0.961311
1.338004
1.538002
2.023971
2.281211
2.602978
2.946895
3.235745
3.615605
3.639183
3.306664
2.481865
1.823926
1.621136
1.580344
1.791118
1.867679
1.820639
1.495159
1.427800
1.203051
1.088368
0.886520
0.718849
0.452281
0.434139
0.354789
0.088650
0.223358
0.613509
1.107943
1.878633
2.476698
2.963571
2.702577
2.534357
2.475407
1.860544
1.589372
1.204894
0.938067
0.739559
0.304101
0.288949
0.897832
0.958972
1.358704
1.751054
2.144609
2.615055
3.349662
3.798415
5.114588
7.375215
10.779504
12.915718
14.082656
15.010193
15.083936
15.754448
16.297467
16.907858
16.940034
16.946293
17.381443
17.764261
17.821301
18.132400
18.312335
18.606706
18.572696
18.565607
18.696829
18.839473
18.746364
18.676032
18.211910
17.915849
17.382720
16.615578
15.790935
15.249065
15.287122
15.419868
15.602334
15.093973
14.795138
14.450568
14.110639
13.470351
13.206573
12.903035
12.649012
12.583379
12.367856
12.047119
11.875333
11.961362
12.198890
12.396114
12.496231
12.611719
12.207742
11.882505
11.485102
10.945401
10.504780
10.102954
9.725640
8.942755
8.261780
7.784286
7.023821
6.018969
5.300885
5.023427
3.980514
2.785514
2.100806
2.693540
2.992241
2.294300
1.621158
0.998096
0.432700
0.210763
0.775598
1.646481
2.566779
3.482534
3.761336
3.812572
4.641229
5.770977
7.307372
8.987160
10.793552
11.693686
12.937116
13.831600
14.559359
15.249462
16.124617
16.650010
17.481912
18.236849
19.004950
19.676548
20.400091
21.024923
21.624115
21.727717
21.718204
21.656053
21.598436
21.559505
22.084107
21.916373
21.280089
21.216683
21.172251
20.721871
20.101298
19.398785
18.937617
18.278548
17.820405
17.035354
16.293888
15.434044
15.345998
15.299150
14.529636
13.965909
13.378357
12.754122
12.161705
11.346812
10.816838
10.399424
9.923110
9.282933
8.310295
7.463074
6.518179
5.484366
4.123153
3.269121
3.189598
3.041529
2.562343
2.417846
2.558575
2.308330
1.834331
1.117527
0.394211
0.409579
0.995729
1.719025
2.540532
3.649149
4.246398
4.946339
6.182799
7.195516
8.274863
9.515473
10.593113
10.799526
10.917250
11.842648
12.723992
13.534619
14.335176
15.083095
15.989724
16.677222
17.432891
18.453406
19.269108
20.083585
21.042542
21.615975
22.211657
22.422217
22.654665
22.820204
22.296921
21.592746
21.423981
21.013126
20.819373
20.307355
19.910035
19.122474
18.402506
17.753177
16.570257
15.691449
15.000742
14.403127
13.743083
13.103490
12.513368
11.782888
11.339270
10.678429
9.753557
9.093491
8.364669
7.567181
6.479195
5.695610
4.120615
3.750653
