0.125620
0.165533
0.245185
0.232781
0.269525
0.300521
0.140384
0.017125
0.142460
0.206369
0.320230
0.382426
0.497577
0.441117
0.652720
0.457538
0.160982
0.225826
0.531809
0.781996
0.758926
0.774721
0.807385
0.871785
1.007523
0.916618
0.979816
1.004191
1.081353
1.147305
1.187412
1.226633
1.186180
1.197399
1.154085
1.124445
1.040532
1.071405
1.038786
1.001199
0.878418
0.863823
0.801802
0.774619
0.671391
0.820851
0.965691
0.885072
0.891182
0.744941
0.905519
1.076506
1.434902
1.905518
1.897338
1.880877
1.943333
1.921538
1.890470
1.817802
1.941976
1.879960
1.827397
1.878367
1.914755
1.932008
2.023448
1.918619
1.988241
1.865636
1.850650
1.945987
1.929852
1.947289
2.287499
2.174444
2.050154
2.020849
1.835690
1.670801
1.582683
1.449642
1.404680
1.569705
1.662155
1.322524
1.290838
1.369282
1.509485
1.571278
1.584770
1.409508
1.347898
1.360031
1.330463
1.237325
1.298377
1.238478
1.080112
1.140577
1.102795
1.122683
1.192971
1.324744
1.396112
1.473594
1.591342
1.508977
1.554652
1.663012
1.598522
1.795356
1.953919
2.015331
2.191178
2.277456
2.264114
2.039562
1.974031
1.835745
1.771703
1.868552
1.942207
1.918245
2.068289
2.301432
2.405445
2.418587
2.612621
2.663858
2.635690
2.818832
2.843646
2.799153
2.842392
2.995589
2.983650
3.036368
3.260577
3.215769
3.193059
3.350709
3.358109
3.328971
3.414407
3.401361
3.518773
3.266100
3.215292
3.101289
2.931212
2.793178
2.686108
2.924960
3.027920
2.984072
2.865241
2.845752
2.887234
2.871135
2.751788
2.887669
2.999896
2.980314
3.076535
3.097179
3.269358
3.249468
3.368302
3.374233
3.449449
3.478733
3.491514
3.529334
3.592414
3.590741
3.595149
3.569833
3.614308
3.741571
3.785606
3.819579
4.162742
4.347389
4.260894
4.236805
3.979346
3.619106
3.566365
3.304607
3.228097
3.066095
3.104702
2.949571
3.037761
3.115842
3.024512
3.128284
3.000801
3.030618
3.157427
2.919551
2.818524
2.972949
3.271353
3.220368
3.293669
3.419802
3.867548
4.118781
4.351317
4.384285
4.131579
3.942911
3.786003
3.617132
3.625733
3.468035
3.383041
3.501060
3.413698
3.373353
3.338622
3.593979
4.003638
3.939698
4.089380
4.040190
4.227904
4.423656
4.114919
3.835313
3.770656
3.629342
3.390618
3.311583
3.183384
3.160066
3.015408
3.075304
3.202689
3.111027
3.182116
3.247596
3.320666
3.443069
3.515553
3.309349
3.076502
3.139859
2.984075
2.824368
2.734509
3.109940
3.394609
3.784265
4.016320
4.170420
4.434097
4.279830
4.340698
4.133429
3.989967
3.940494
3.864838
3.754463
3.786280
3.645982
3.495320
3.491775
3.283641
3.397241
3.347595
3.365414
3.657417
3.659759
3.696469
3.445695
3.305617
3.247355
3.199905
3.323981
3.493352
3.610816
3.729180
3.638320
3.702085
3.728483
3.599710
3.501520
3.302824
3.266055
3.023940
3.095798
2.972274
3.033975
3.172511
3.198127
3.213414
3.121539
3.373200
3.503107
3.686431
3.896124
3.746948
3.618024
3.663636
3.522007
3.589817
3.478569
3.517883
3.586881
3.578304
3.703004
3.624290
3.537301
3.545543
3.467445
3.518878
3.529325
3.652771
3.612425
3.784874
3.626185
3.619351
3.441481
3.403546
3.295910
3.236902
3.207739
3.224462
3.240663
3.137738
3.135327
3.238066
3.156618
2.899146
2.778434
2.715360
2.937607
3.018801
3.021789
3.234335
3.415231
3.689159
3.810885
3.820218
3.833167
3.698013
3.649637
3.681356
3.559974
3.578377
3.668822
3.746693
3.750634
3.735661
3.675149
3.677008
3.642009
3.648954
3.741727
3.625299
3.687205
3.777693
3.786301
3.681155
3.794555
3.925019
4.032504
4.013116
4.151752
4.145563
4.147568
4.140388
4.149053
4.238303
4.191673
4.063096
4.126595
4.281938
4.481462
4.703869
4.907380
5.159947
5.453015
5.439750
5.389705
5.362650
5.341028
5.432195
5.427441
5.385744
5.318275
5.298356
5.196688
5.140303
5.103114
5.030346
5.029219
5.039743
5.068164
5.054715
5.034906
5.101355
5.105525
5.164085
5.254516
5.320768
5.438329
5.601212
5.782917
6.008841
6.232136
6.352746
6.429359
6.511425
6.701186
6.947474
7.038121
7.059609
7.194518
7.225492
7.280941
7.159279
7.206544
7.285487
7.377545
7.627671
7.670691
7.556636
7.382897
7.200075
7.132049
6.948305
6.915678
6.905311
6.729972
6.577886
6.422289
6.293903
6.074783
6.051456
5.931335
5.870485
5.898149
5.877364
5.759679
5.745662
5.630128
5.484963
5.374059
5.318582
5.227110
5.218482
5.251774
5.272142
5.365884
5.461028
5.486559
5.526253
5.509398
5.566989
6.024067
6.038925
6.079698
6.196141
6.370693
6.473818
6.459343
6.543836
6.542399
6.643516
6.644095
6.667344
6.612882
6.552489
6.604071
6.597603
6.631862
6.583801
6.463018
6.429349
6.281838
6.252098
6.266602
6.326323
6.384375
6.377662
6.429461
6.552468
6.628533
6.636447
6.621544
6.678661
6.554007
6.424331
6.377336
6.489284
6.694209
6.993763
7.218886
7.209935
7.101846
6.985805
6.938557
6.947167
6.987403
7.016361
6.841735
6.825403
6.784107
6.736158
6.734665
6.724797
6.743021
6.718943
6.709221
6.749933
6.785358
6.802753
6.802494
6.945321
7.044393
7.033489
7.122110
7.175994
7.232546
7.301430
7.226979
7.286167
7.298653
7.293839
7.090544
7.126322
7.154998
7.339923
7.316088
7.651330
7.595429
7.743433
7.694929
7.646599
7.741409
7.743488
7.681802
7.680632
7.664525
7.631274
7.648921
7.732318
7.698373
7.701831
7.701011
7.741287
7.761340
7.784783
7.840593
7.839706
7.946962
8.010313
