1.923904 1.999336
1.920951 2.000957
1.920395 2.005811
1.921681 2.015417
1.923509 2.026837
1.925365 2.042198
1.925746 2.060263
1.923884 2.079934
1.924455 2.108003
1.930307 2.137826
1.856402 2.182737
1.834931 2.206805
1.831679 2.264702
1.831701 2.327130
1.828828 2.326444
1.865189 2.268732
1.958688 2.317744
1.933238 2.456276
1.938534 2.532071
1.866109 2.413184
1.772060 2.337903
1.697104 2.306125
1.628031 2.266626
1.624120 2.312469
1.630464 2.365972
1.636152 2.464409
1.653397 2.559912
1.639572 2.580952
1.603852 2.592176
1.578021 2.580564
1.512331 2.507533
1.370441 2.422171
1.324715 2.355964
1.362203 2.513573
1.340539 2.604174
1.420097 2.836449
1.476334 3.141049
1.528710 3.393020
1.588647 3.650686
1.660125 3.915607
1.660114 4.004635
1.681950 4.135509
1.729292 4.306898
1.784921 4.512864
1.819964 4.656816
1.850828 4.713852
1.918321 4.783233
2.011693 4.853187
2.091035 4.892641
1.998621 4.816036
1.828754 4.483793
1.639610 4.064427
1.496423 3.698807
1.512973 3.225104
1.466309 2.910546
1.385757 2.666106
1.354926 2.488406
1.334409 2.282193
1.378952 2.193172
1.450516 2.298994
1.460147 2.074633
1.478255 2.037337
1.521326 2.072703
1.496118 2.171253
1.542865 2.265319
1.440842 2.214676
1.303284 2.162147
1.083093 1.912266
0.999678 1.808042
0.856291 1.634527
0.837060 1.562036
0.810310 1.546708
0.825632 1.568371
0.849765 1.644572
0.840033 1.584979
0.866188 1.659815
0.840741 1.645717
0.823509 1.635099
0.818197 1.545651
0.823597 1.441749
0.888905 1.407819
0.973855 1.551237
1.128606 1.932022
1.233214 2.424239
1.245118 2.486891
1.085349 1.793873
0.985675 1.355432
0.979204 1.290723
0.944599 1.124558
0.933613 1.085455
0.900002 0.970585
0.915218 0.979529
0.868691 0.895804
0.791953 0.869590
0.743846 0.838080
0.695562 0.887316
0.648196 0.959058
0.673905 1.103319
0.679728 1.159116
0.697983 1.256155
0.695081 1.323795
0.687518 1.328346
0.714161 1.405976
0.675283 1.240145
0.661877 1.213419
0.643046 1.167020
0.647368 1.177675
0.640991 1.165139
0.639849 1.174426
0.654796 1.250690
0.474738 1.166310
0.489100 1.165661
0.538291 1.209145
0.582022 1.197227
0.634334 1.177474
0.594513 1.116430
0.558567 1.072712
0.582383 1.024638
0.654727 0.975833
0.709719 0.933474
0.784630 0.923964
0.820476 0.901366
0.824239 0.898966
0.822338 0.960099
0.813903 0.991592
0.795418 1.021734
0.756051 0.978761
0.707765 1.012484
0.693203 1.046969
0.680131 1.131499
0.692681 1.180380
0.689267 1.217104
0.616970 1.131277
0.562801 1.060684
0.568524 1.057550
0.534928 0.945221
0.489945 0.903237
0.456253 0.821492
0.397809 0.697221
0.394701 0.665680
0.396497 0.650888
0.399225 0.686468
0.402813 0.740064
0.381913 0.746719
0.365171 0.735538
0.376204 0.777051
0.387902 0.726817
0.486796 0.715044
0.575067 0.664465
0.700063 0.629632
0.684084 0.605478
0.692247 0.667158
0.649160 0.798192
0.614386 0.661950
0.618427 0.648750
0.650696 0.709966
0.699123 0.818126
0.703742 0.848512
0.691336 0.835225
0.680411 0.852578
0.671373 0.814593
0.617220 0.775932
0.563358 0.744328
0.468727 0.732762
0.445767 0.725912
0.434983 0.727706
0.427006 0.721507
0.346557 0.690221
0.357273 0.700647
0.366126 0.677461
0.355843 0.670045
0.473525 0.608687
0.542633 0.592365
0.558999 0.618345
0.609047 0.702085
0.642998 0.759434
0.672071 0.852568
0.681530 0.992542
0.714493 1.169001
0.708519 1.189354
0.641761 1.141514
0.601543 1.121723
0.550159 1.041265
0.620384 1.098883
0.476347 0.984919
0.480750 0.884872
0.578656 0.803481
0.725615 0.798680
0.804725 0.774727
0.874485 0.809885
0.966523 0.835297
1.058932 0.872383
1.171392 0.919893
1.321244 0.969706
1.505788 1.022023
1.621327 1.094924
1.806185 1.176045
1.991999 1.258975
2.170123 1.339461
2.386904 1.411932
2.572370 1.441342
2.910530 1.483258
3.366224 1.511379
3.905008 1.630382
4.299837 1.729261
4.758506 1.819286
5.036690 1.937736
5.152268 2.026552
5.189459 2.140083
5.237685 2.311199
4.398257 2.205392
3.737499 2.103902
3.827690 2.126221
3.954533 2.158075
4.159719 2.273772
4.422163 2.468097
4.175644 2.383823
3.497966 1.981301
2.781189 1.585376
2.199120 1.321657
1.563298 1.129229
1.335341 0.910293
1.006747 0.746740
0.830457 0.717660
1.103385 0.873662
1.266724 1.257678
1.163821 1.610154
0.846235 1.549604
0.667624 1.341590
0.557626 0.904805
0.509391 0.662779
0.467751 0.607860
0.464962 0.688117
0.529284 0.768699
0.618083 0.989386
0.728527 1.340074
0.797299 1.532852
0.925015 1.803498
1.027785 1.953056
1.128661 2.053919
1.231438 2.104361
1.292808 2.056914
1.258805 1.995164
1.091966 1.793624
0.899633 1.492663
0.832099 1.405382
0.758289 1.243255
0.622088 1.032298
0.982566 1.459534
2.229093 2.217600
4.884430 2.893738
5.080520 2.368371
3.736742 1.452043
1.760261 1.025611
0.479929 0.349214
0.219199 0.341735
0.271718 0.396747
0.330892 0.467924
0.396981 0.655223
0.402278 0.850418
0.380182 1.033271
0.337157 1.109752
0.361340 1.145472
0.430579 1.178243
0.551079 1.245591
0.702769 1.319078
0.873467 1.390926
1.054950 1.467126
1.200009 1.479294
1.198742 1.200213
1.201794 0.876280
1.198271 0.679865
1.358351 0.645533
1.700465 0.767853
1.442362 0.640435
1.373626 0.641729
1.282557 0.614969
1.238104 0.595762
1.209036 0.591901
1.210621 0.615048
1.278101 0.745566
1.372691 0.952416
1.572720 1.113634
1.828735 1.209877
2.207234 1.393858
2.491394 1.601533
2.778846 1.825238
3.040921 2.119945
3.322533 2.546439
3.423503 2.667309
3.480700 2.787454
3.493844 2.851687
3.732492 2.978719
3.841577 3.019997
4.154108 2.815535
4.077375 2.392516
2.611766 1.425059
1.550983 0.931870
1.183706 0.693852
1.136352 0.562259
1.169442 0.618796
1.157881 0.740429
1.132771 0.900011
1.126182 1.125462
1.152027 1.127837
1.173254 1.137185
1.241687 1.236903
1.346550 1.263946
1.504560 1.302786
1.699998 1.341785
1.773649 1.285193
1.920884 1.303572
2.005842 1.270233
2.028006 1.203281
1.972724 1.162158
1.694244 0.999266
1.499265 0.929922
1.393494 0.694554
1.386720 0.619173
1.455271 0.568829
1.434103 0.529698
1.528842 0.546578
1.423551 0.629599
1.218640 0.599128
1.054976 0.563774
0.986245 0.579757
0.968693 0.644495
1.003003 0.760303
1.108042 0.804340
1.154775 0.813493
1.155147 0.811820
1.151368 0.813375
1.161073 0.773354
1.132184 0.803780
1.153035 0.828588
1.193130 0.842281
1.315679 0.914148
1.399054 0.954294
1.480616 0.978180
1.318629 0.879602
0.921489 0.752595
0.855204 0.763886
0.719268 0.586490
0.691532 0.570020
0.755210 0.668796
0.785850 0.825882
0.775933 1.063454
0.760837 1.364137
0.770450 1.644008
0.795554 1.846986
0.855852 1.934118
0.959410 1.986528
1.075078 2.085493
1.197391 2.163925
1.369908 2.302921
1.538065 2.457278
1.537488 2.446397
1.539963 2.438714
1.552864 2.416611
1.661050 2.546401
1.717005 2.657574
1.766672 2.669536
1.922000 2.708553
1.920573 2.691425
2.088574 2.733942
2.238033 2.748930
2.331804 2.747384
2.324532 2.710662
2.271777 2.656093
2.438016 2.723852
2.510251 2.695348
2.642978 2.675529
2.729050 2.703157
2.852849 2.727623
3.040591 2.731408
3.211677 2.705874
3.453934 2.665351
3.702338 2.610523
3.888143 2.604061
4.000284 2.616789
3.991994 2.586754
3.851236 2.606679
3.838202 2.675389
3.723284 2.690403
3.606975 2.726832
3.462374 2.765814
3.330365 2.731660
3.341353 2.731595
3.338180 2.744119
3.346750 2.746487
3.174122 2.644145
3.107300 2.602624
3.057861 2.537651
3.037051 2.498618
3.002558 2.479048
2.921931 2.318819
2.815321 2.209414
2.714208 2.149423
2.505366 2.030297
2.322926 1.851224
2.181531 1.804285
2.215578 1.788052
1.962419 1.484804
1.711519 1.395051
1.378754 1.205882
0.900034 1.028030
0.755471 0.996824
0.662967 1.038623
0.751843 1.143251
0.859920 1.276364
1.004132 1.389001
1.080507 1.444680
1.133429 1.444881
1.176323 1.414532
1.212175 1.472707
1.326403 1.482514
1.406940 1.507352
1.572948 1.590715
1.596526 1.634988
1.501300 1.617373
1.476845 1.595644
1.389386 1.436551
1.213128 1.222881
0.852546 0.830150
0.571713 0.679324
0.502378 0.623139
0.532949 0.502704
0.496995 0.539945
0.522302 0.626970
0.572091 0.792030
0.568290 0.956139
0.563759 1.147619
0.599587 1.456426
0.694258 1.817595
0.822796 2.186860
0.915302 2.421212
0.894831 2.692872
0.825105 2.744482
0.774187 2.765472
0.756132 2.570617
0.723687 2.417782
0.690159 2.738953
0.664270 3.202155
0.686194 4.084158
0.663175 4.844496
0.601054 5.373507
0.547127 5.979134
0.586501 6.109920
0.657386 6.254474
0.838778 6.068846
0.942570 4.842053
1.106061 4.694045
1.412890 5.708659
1.802826 7.000662
2.144242 7.177081
2.146450 5.846462
1.683492 3.080935
1.449550 1.707491
1.382486 1.303691
1.299317 0.633166
1.049522 0.560050
0.990247 0.677873
0.901257 0.772787
0.918931 0.853863
0.854504 0.787231
0.775491 0.708184
0.852660 0.757913
1.008259 0.851020
1.252311 0.941338
1.436379 0.997036
1.609380 1.049189
1.789834 1.129086
1.950226 1.215954
1.924962 1.253403
1.706771 1.190765
1.257985 0.949689
1.015945 0.902642
0.863478 0.620417
0.715182 0.497744
0.674764 0.466651
0.598428 0.438952
0.587679 0.418261
0.566017 0.400246
0.533363 0.384749
0.558147 0.392196
0.569529 0.400244
0.546693 0.419835
0.540087 0.448548
0.580932 0.464627
0.637424 0.489644
0.706213 0.538843
0.712126 0.640529
0.756310 0.808525
0.819955 0.821294
0.887619 0.883276
0.854099 1.069898
0.831425 1.314927
0.841928 1.433139
0.839977 1.375695
0.769762 1.016215
0.723309 0.739899
0.689245 0.629741
0.670806 0.667420
0.680367 0.758517
0.679933 0.839402
0.721327 0.923764
0.773191 0.976356
0.810711 0.979584
0.796594 0.891295
0.782054 0.754229
0.654182 0.667338
0.621405 0.620735
0.498577 0.573586
0.430887 0.553321
0.387474 0.534075
0.357954 0.511509
0.326746 0.505122
0.339706 0.497602
0.355283 0.478302
0.410476 0.449738
0.472344 0.422702
0.516973 0.407017
0.585991 0.390958
0.656268 0.402058
0.732269 0.407289
0.785908 0.412098
0.851277 0.401063
0.943819 0.392556
1.028403 0.389166
1.065676 0.391036
0.987771 0.371878
0.827803 0.365580
0.699713 0.354531
0.634814 0.369464
0.554930 0.323636
0.576332 0.336131
0.577332 0.348884
0.609048 0.396037
0.649803 0.593449
0.677024 0.843634
0.775832 0.989395
0.942121 1.049700
1.075079 1.035410
1.117845 0.939656
0.963784 0.705609
0.815139 0.583850
0.594552 0.447552
0.518952 0.421490
0.481168 0.424898
0.430822 0.410424
0.415452 0.401322
0.383192 0.391832
0.373287 0.376337
0.426244 0.395005
0.444060 0.401110
0.462392 0.401478
0.514090 0.401053
0.611203 0.425353
0.719857 0.444982
0.982753 0.559038
1.244634 0.609438
