5.000000 2.000000 0.000000
5.560000 2.000000 0.000000
6.120000 2.000000 0.000000
6.680000 2.000000 0.000000
7.240000 2.000000 0.000000
7.800000 2.000000 0.000000
8.360000 2.000000 0.000000
8.920000 2.000000 0.000000
9.480000 2.000000 0.000000
10.040000 2.000000 0.000000
10.600000 2.000000 0.000000
11.160000 2.000000 0.000000
11.720000 2.000000 0.000000
12.280000 2.000000 0.000000
12.840000 2.000000 0.000000
13.400000 2.000000 0.000000
13.960000 2.000000 0.000000
14.520000 2.000000 0.000000
15.080000 2.000000 0.000000
15.640000 2.000000 0.000000
16.200000 2.000000 0.000000
16.760000 2.000000 0.000000
17.320000 2.000000 0.000000
17.880000 2.000000 0.000000
18.440000 2.000000 0.000000
19.000000 2.000000 0.000000
19.560000 2.000000 0.000000
20.120000 2.000000 0.000000
20.680000 2.000000 0.000000
21.240000 2.000000 0.000000
21.800000 2.000000 0.000000
22.360000 2.000000 0.000000
22.607641 2.114617 0.788140
22.701001 2.371030 1.576279
22.585028 2.618039 2.364419
22.328107 2.709991 -3.130626
21.768141 2.703850 -3.130626
21.208174 2.697709 -3.130626
20.648208 2.691568 -3.130626
20.088242 2.685427 -3.130626
19.528275 2.679286 -3.130626
18.968309 2.673145 -3.130626
18.408343 2.667004 -3.130626
17.848376 2.660863 -3.130626
17.288410 2.654723 -3.130626
16.728444 2.648582 -3.130626
16.168477 2.642441 -3.130626
15.608511 2.636300 -3.130626
15.048545 2.630159 -3.130626
14.488578 2.624018 -3.130626
13.928612 2.617877 -3.130626
13.368646 2.611736 -3.130626
12.808679 2.605595 -3.130626
12.248713 2.599454 -3.130626
11.688747 2.593313 -3.130626
11.128780 2.587172 -3.130626
10.568814 2.581031 -3.130626
10.008848 2.574890 -3.130626
9.448881 2.568749 -3.130626
8.888915 2.562608 -3.130626
8.328949 2.556467 -3.130626
7.768982 2.550326 -3.130626
7.209016 2.544185 -3.130626
6.649050 2.538044 -3.130626
6.089083 2.531903 -3.130626
5.529117 2.525762 -3.130626
4.969151 2.519621 -3.130626
4.409185 2.513480 -3.130626
4.160301 2.625375 2.364419
4.064135 2.880748 1.576279
4.177393 3.129014 0.788140
4.433290 3.223779 -0.000000
4.993290 3.223779 -0.000000
5.553290 3.223779 -0.000000
6.113290 3.223779 -0.000000
6.673290 3.223779 -0.000000
7.233290 3.223779 -0.000000
7.793290 3.223779 -0.000000
8.353290 3.223779 -0.000000
8.913290 3.223779 -0.000000
9.473290 3.223779 -0.000000
10.033290 3.223779 -0.000000
10.593290 3.223779 -0.000000
11.153290 3.223779 -0.000000
11.713290 3.223779 -0.000000
12.273290 3.223779 -0.000000
12.833290 3.223779 -0.000000
13.393290 3.223779 -0.000000
13.953290 3.223779 -0.000000
14.513290 3.223779 -0.000000
15.073290 3.223779 -0.000000
15.633290 3.223779 -0.000000
16.193290 3.223779 -0.000000
16.753290 3.223779 -0.000000
17.313290 3.223779 -0.000000
17.873290 3.223779 -0.000000
18.433290 3.223779 -0.000000
18.993290 3.223779 -0.000000
19.553290 3.223779 -0.000000
20.113290 3.223779 -0.000000
20.673290 3.223779 -0.000000
21.233290 3.223779 -0.000000
21.793290 3.223779 -0.000000
22.353290 3.223779 -0.000000
22.600931 3.338396 0.788140
22.694291 3.594808 1.576279
22.578317 3.841818 2.364419
22.321397 3.933770 -3.130626
21.761430 3.927629 -3.130626
21.201464 3.921488 -3.130626
20.641498 3.915347 -3.130626
20.081532 3.909206 -3.130626
19.521565 3.903065 -3.130626
18.961599 3.896924 -3.130626
18.401633 3.890783 -3.130626
17.841666 3.884642 -3.130626
17.281700 3.878501 -3.130626
16.721734 3.872360 -3.130626
16.161767 3.866219 -3.130626
15.601801 3.860078 -3.130626
15.041835 3.853937 -3.130626
14.481868 3.847796 -3.130626
13.921902 3.841655 -3.130626
13.361936 3.835514 -3.130626
12.801969 3.829373 -3.130626
12.242003 3.823232 -3.130626
11.682037 3.817091 -3.130626
11.122070 3.810951 -3.130626
10.562104 3.804810 -3.130626
10.002138 3.798669 -3.130626
9.442171 3.792528 -3.130626
8.882205 3.786387 -3.130626
8.322239 3.780246 -3.130626
7.762272 3.774105 -3.130626
7.202306 3.767964 -3.130626
6.642340 3.761823 -3.130626
6.082373 3.755682 -3.130626
5.522407 3.749541 -3.130626
5.273524 3.861436 2.364419
5.177358 4.116809 1.576279
5.290616 4.365075 0.788140
5.546512 4.459839 -0.000000
6.106512 4.459839 -0.000000
6.666512 4.459839 -0.000000
7.226512 4.459839 -0.000000
7.786512 4.459839 -0.000000
8.346512 4.459839 -0.000000
8.906512 4.459839 -0.000000
9.466512 4.459839 -0.000000
10.026512 4.459839 -0.000000
10.586512 4.459839 -0.000000
11.146512 4.459839 -0.000000
11.706512 4.459839 -0.000000
12.266512 4.459839 -0.000000
12.826512 4.459839 -0.000000
13.386512 4.459839 -0.000000
13.946512 4.459839 -0.000000
14.506512 4.459839 -0.000000
15.066512 4.459839 -0.000000
15.626512 4.459839 -0.000000
16.186512 4.459839 -0.000000
16.746512 4.459839 -0.000000
17.306512 4.459839 -0.000000
17.866512 4.459839 -0.000000
18.426512 4.459839 -0.000000
18.986512 4.459839 -0.000000
19.546512 4.459839 -0.000000
20.106512 4.459839 -0.000000
20.666512 4.459839 -0.000000
21.226512 4.459839 -0.000000
21.474154 4.574456 0.788140
21.567513 4.830869 1.576279
21.451540 5.077878 2.364419
21.194619 5.169830 -3.130626
20.634653 5.163689 -3.130626
20.074687 5.157548 -3.130626
19.514720 5.151407 -3.130626
18.954754 5.145266 -3.130626
18.394788 5.139126 -3.130626
17.834821 5.132985 -3.130626
17.274855 5.126844 -3.130626
16.714889 5.120703 -3.130626
16.154922 5.114562 -3.130626
15.594956 5.108421 -3.130626
15.034990 5.102280 -3.130626
14.475023 5.096139 -3.130626
13.915057 5.089998 -3.130626
13.355091 5.083857 -3.130626
12.795124 5.077716 -3.130626
12.235158 5.071575 -3.130626
11.675192 5.065434 -3.130626
11.115225 5.059293 -3.130626
10.555259 5.053152 -3.130626
9.995293 5.047011 -3.130626
9.435326 5.040870 -3.130626
8.875360 5.034729 -3.130626
8.315394 5.028588 -3.130626
7.755427 5.022447 -3.130626
7.195461 5.016306 -3.130626
6.635495 5.010165 -3.130626
6.386611 5.122060 2.364419
6.290446 5.377433 1.576279
6.403703 5.625699 0.788140
6.659600 5.720464 -0.000000
7.219600 5.720464 -0.000000
7.779600 5.720464 -0.000000
8.339600 5.720464 -0.000000
8.899600 5.720464 -0.000000
9.459600 5.720464 -0.000000
10.019600 5.720464 -0.000000
10.579600 5.720464 -0.000000
11.139600 5.720464 -0.000000
11.699600 5.720464 -0.000000
12.259600 5.720464 -0.000000
12.819600 5.720464 -0.000000
13.379600 5.720464 -0.000000
13.939600 5.720464 -0.000000
14.499600 5.720464 -0.000000
15.059600 5.720464 -0.000000
15.619600 5.720464 -0.000000
16.179600 5.720464 -0.000000
16.739600 5.720464 -0.000000
17.299600 5.720464 -0.000000
17.859600 5.720464 -0.000000
18.419600 5.720464 -0.000000
18.979600 5.720464 -0.000000
19.539600 5.720464 -0.000000
20.099600 5.720464 -0.000000
20.659600 5.720464 -0.000000
21.219600 5.720464 -0.000000
21.467241 5.835081 0.788140
21.560601 6.091493 1.576279
21.444628 6.338502 2.364419
21.187707 6.430455 -3.130626
20.627741 6.424314 -3.130626
20.067774 6.418173 -3.130626
19.507808 6.412032 -3.130626
18.947842 6.405891 -3.130626
18.387875 6.399750 -3.130626
17.827909 6.393609 -3.130626
17.267943 6.387468 -3.130626
16.707976 6.381327 -3.130626
16.148010 6.375186 -3.130626
15.588044 6.369045 -3.130626
15.028077 6.362904 -3.130626
14.468111 6.356763 -3.130626
13.908145 6.350622 -3.130626
13.348178 6.344481 -3.130626
12.788212 6.338340 -3.130626
12.228246 6.332199 -3.130626
11.668279 6.326058 -3.130626
11.108313 6.319917 -3.130626
10.548347 6.313776 -3.130626
9.988381 6.307635 -3.130626
9.428414 6.301494 -3.130626
8.868448 6.295354 -3.130626
8.308482 6.289213 -3.130626
7.748515 6.283072 -3.130626
7.188549 6.276931 -3.130626
6.628583 6.270790 -3.130626
6.068616 6.264649 -3.130626
5.508650 6.258508 -3.130626
5.259767 6.370403 2.364419
5.163601 6.625776 1.576279
5.276858 6.874042 0.788140
5.532755 6.968806 -0.000000
6.092755 6.968806 -0.000000
6.652755 6.968806 -0.000000
7.212755 6.968806 -0.000000
7.772755 6.968806 -0.000000
8.332755 6.968806 -0.000000
8.892755 6.968806 -0.000000
9.452755 6.968806 -0.000000
10.012755 6.968806 -0.000000
10.572755 6.968806 -0.000000
11.132755 6.968806 -0.000000
11.692755 6.968806 -0.000000
12.252755 6.968806 -0.000000
12.812755 6.968806 -0.000000
13.372755 6.968806 -0.000000
13.932755 6.968806 -0.000000
14.492755 6.968806 -0.000000
15.052755 6.968806 -0.000000
15.612755 6.968806 -0.000000
16.172755 6.968806 -0.000000
16.732755 6.968806 -0.000000
17.292755 6.968806 -0.000000
17.852755 6.968806 -0.000000
18.412755 6.968806 -0.000000
18.972755 6.968806 -0.000000
19.532755 6.968806 -0.000000
20.092755 6.968806 -0.000000
20.340397 7.083423 0.788140
20.433756 7.339836 1.576279
20.317783 7.586845 2.364419
20.060862 7.678797 -3.130626
19.500896 7.672656 -3.130626
18.940930 7.666515 -3.130626
18.380963 7.660374 -3.130626
17.820997 7.654233 -3.130626
13.820000 6.581306 3.141593
13.260000 6.581306 3.141593
12.700000 6.581306 3.141593
12.140000 6.581306 3.141593
11.580000 6.581306 3.141593
11.020000 6.581306 3.141593
10.460000 6.581306 3.141593
9.900000 6.581306 3.141593
9.340000 6.581306 3.141593
8.780000 6.581306 3.141593
8.220000 6.581306 3.141593
7.660000 6.581306 3.141593
7.100000 6.581306 3.141593
6.852359 6.466689 -2.353453
6.758999 6.210276 -1.565313
6.874972 5.963267 -0.777173
7.131893 5.871315 0.010966
7.378263 5.988641 0.799106
7.468805 6.246062 1.587246
7.459594 6.805986 1.587246
7.450382 7.365910 1.587246
7.441171 7.925834 1.587246
7.431960 8.485759 1.587246
7.422749 9.045683 1.587246
7.413537 9.605607 1.587246
7.404326 10.165531 1.587246
7.395115 10.725456 1.587246
7.385904 11.285380 1.587246
7.376693 11.845304 1.587246
7.367481 12.405228 1.587246
7.358270 12.965153 1.587246
7.349059 13.525077 1.587246
7.339848 14.085001 1.587246
7.221173 14.330724 2.375385
6.963259 14.419853 -3.119660
6.718191 14.299832 -2.331520
6.630477 14.041434 -1.543381
6.645828 13.481644 -1.543381
6.661179 12.921855 -1.543381
6.676530 12.362065 -1.543381
6.691880 11.802276 -1.543381
6.707231 11.242486 -1.543381
6.722582 10.682697 -1.543381
6.737933 10.122907 -1.543381
6.753284 9.563117 -1.543381
6.768634 9.003328 -1.543381
6.783985 8.443538 -1.543381
6.799336 7.883749 -1.543381
6.814687 7.323959 -1.543381
6.830037 6.764170 -1.543381
6.845388 6.204380 -1.543381
6.860739 5.644591 -1.543381
6.876090 5.084801 -1.543381
6.891441 4.525011 -1.543381
6.906791 3.965222 -1.543381
6.922142 3.405432 -1.543381
6.937493 2.845643 -1.543381
6.952844 2.285853 -1.543381
6.968195 1.726064 -1.543381
6.983545 1.166274 -1.543381
6.998896 0.606485 -1.543381
7.014247 0.046695 -1.543381
7.029598 -0.513095 -1.543381
7.044949 -1.072884 -1.543381
7.060299 -1.632674 -1.543381
7.075650 -2.192463 -1.543381
7.091001 -2.752253 -1.543381
7.106352 -3.312042 -1.543381
7.121703 -3.871832 -1.543381
7.137053 -4.431622 -1.543381
7.152404 -4.991411 -1.543381
7.167755 -5.551201 -1.543381
7.183106 -6.110990 -1.543381
7.198457 -6.670780 -1.543381
7.213807 -7.230569 -1.543381
7.229158 -7.790359 -1.543381
7.244509 -8.350148 -1.543381
7.259860 -8.909938 -1.543381
7.275211 -9.469728 -1.543381
7.290561 -10.029517 -1.543381
7.305912 -10.589307 -1.543381
7.321263 -11.149096 -1.543381
7.336614 -11.708886 -1.543381
7.351965 -12.268675 -1.543381
7.367315 -12.828465 -1.543381
7.382666 -13.388255 -1.543381
7.398017 -13.948044 -1.543381
7.413368 -14.507834 -1.543381
7.428718 -15.067623 -1.543381
7.444069 -15.627413 -1.543381
7.459420 -16.187202 -1.543381
7.474771 -16.746992 -1.543381
7.366985 -16.997682 -2.331520
7.113228 -17.098035 -3.119660
6.863133 -16.988877 2.375385
6.459627 -16.600568 2.375385
6.360667 -16.346265 1.587246
6.351455 -15.786341 1.587246
6.342244 -15.226417 1.587246
6.333033 -14.666492 1.587246
6.323822 -14.106568 1.587246
6.314611 -13.546644 1.587246
6.305399 -12.986720 1.587246
6.296188 -12.426795 1.587246
6.286977 -11.866871 1.587246
6.277766 -11.306947 1.587246
6.268554 -10.747023 1.587246
6.259343 -10.187098 1.587246
6.250132 -9.627174 1.587246
6.240921 -9.067250 1.587246
6.231710 -8.507326 1.587246
6.222498 -7.947402 1.587246
6.213287 -7.387477 1.587246
6.204076 -6.827553 1.587246
6.194865 -6.267629 1.587246
6.185653 -5.707705 1.587246
6.176442 -5.147780 1.587246
6.167231 -4.587856 1.587246
6.158020 -4.027932 1.587246
6.148809 -3.468008 1.587246
6.139597 -2.908083 1.587246
6.130386 -2.348159 1.587246
6.121175 -1.788235 1.587246
6.111964 -1.228311 1.587246
6.102753 -0.668386 1.587246
6.093541 -0.108462 1.587246
6.084330 0.451462 1.587246
6.075119 1.011386 1.587246
6.065908 1.571311 1.587246
6.056696 2.131235 1.587246
6.047485 2.691159 1.587246
6.038274 3.251083 1.587246
6.029063 3.811007 1.587246
6.019852 4.370932 1.587246
6.010640 4.930856 1.587246
6.001429 5.490780 1.587246
5.992218 6.050704 1.587246
5.983007 6.610629 1.587246
5.973796 7.170553 1.587246
5.964584 7.730477 1.587246
5.955373 8.290401 1.587246
5.946162 8.850326 1.587246
5.936951 9.410250 1.587246
5.927739 9.970174 1.587246
5.918528 10.530098 1.587246
5.909317 11.090023 1.587246
5.900106 11.649947 1.587246
5.890895 12.209871 1.587246
5.881683 12.769795 1.587246
5.763008 13.015518 2.375385
5.505095 13.104647 -3.119660
5.260027 12.984627 -2.331520
5.172313 12.726228 -1.543381
5.187664 12.166439 -1.543381
5.203014 11.606649 -1.543381
5.218365 11.046860 -1.543381
5.233716 10.487070 -1.543381
5.249067 9.927280 -1.543381
5.264418 9.367491 -1.543381
5.279768 8.807701 -1.543381
5.295119 8.247912 -1.543381
5.310470 7.688122 -1.543381
5.325821 7.128333 -1.543381
5.341172 6.568543 -1.543381
5.356522 6.008754 -1.543381
5.371873 5.448964 -1.543381
5.387224 4.889174 -1.543381
5.402575 4.329385 -1.543381
5.417926 3.769595 -1.543381
5.433276 3.209806 -1.543381
5.448627 2.650016 -1.543381
5.463978 2.090227 -1.543381
5.479329 1.530437 -1.543381
5.494680 0.970647 -1.543381
5.510030 0.410858 -1.543381
5.525381 -0.148932 -1.543381
5.540732 -0.708721 -1.543381
5.556083 -1.268511 -1.543381
5.571433 -1.828300 -1.543381
5.586784 -2.388090 -1.543381
5.602135 -2.947879 -1.543381
5.617486 -3.507669 -1.543381
5.632837 -4.067459 -1.543381
5.648187 -4.627248 -1.543381
5.663538 -5.187038 -1.543381
5.678889 -5.746827 -1.543381
5.694240 -6.306617 -1.543381
5.709591 -6.866406 -1.543381
5.724941 -7.426196 -1.543381
5.740292 -7.985985 -1.543381
5.755643 -8.545775 -1.543381
5.770994 -9.105565 -1.543381
5.786345 -9.665354 -1.543381
5.801695 -10.225144 -1.543381
5.817046 -10.784933 -1.543381
5.832397 -11.344723 -1.543381
5.847748 -11.904512 -1.543381
5.863099 -12.464302 -1.543381
5.878449 -13.024092 -1.543381
5.893800 -13.583881 -1.543381
5.909151 -14.143671 -1.543381
5.924502 -14.703460 -1.543381
5.939853 -15.263250 -1.543381
5.955203 -15.823039 -1.543381
5.970554 -16.382829 -1.543381
5.985905 -16.942618 -1.543381
6.001256 -17.502408 -1.543381
6.016607 -18.062198 -1.543381
6.137969 -18.306604 -0.755241
6.396844 -18.392900 0.032899
6.640582 -18.270199 0.821038
6.725457 -18.010854 1.609178
6.703968 -17.451267 1.609178
6.682480 -16.891679 1.609178
6.660991 -16.332092 1.609178
6.639503 -15.772504 1.609178
6.618014 -15.212916 1.609178
6.596526 -14.653329 1.609178
6.575037 -14.093741 1.609178
6.553548 -13.534154 1.609178
6.532060 -12.974566 1.609178
6.510571 -12.414979 1.609178
6.489083 -11.855391 1.609178
6.467594 -11.295803 1.609178
6.446106 -10.736216 1.609178
6.424617 -10.176628 1.609178
6.403129 -9.617041 1.609178
6.381640 -9.057453 1.609178
6.360152 -8.497866 1.609178
6.338663 -7.938278 1.609178
6.317175 -7.378690 1.609178
6.295686 -6.819103 1.609178
6.274198 -6.259515 1.609178
6.252709 -5.699928 1.609178
6.231221 -5.140340 1.609178
6.209732 -4.580753 1.609178
6.188243 -4.021165 1.609178
6.166755 -3.461578 1.609178
6.145266 -2.901990 1.609178
6.123778 -2.342402 1.609178
6.102289 -1.782815 1.609178
6.080801 -1.223227 1.609178
6.059312 -0.663640 1.609178
6.037824 -0.104052 1.609178
6.016335 0.455535 1.609178
5.994847 1.015123 1.609178
5.973358 1.574711 1.609178
5.951870 2.134298 1.609178
5.930381 2.693886 1.609178
5.908893 3.253473 1.609178
5.887404 3.813061 1.609178
5.865916 4.372648 1.609178
5.844427 4.932236 1.609178
5.822939 5.491824 1.609178
5.801450 6.051411 1.609178
5.779961 6.610999 1.609178
5.758473 7.170586 1.609178
5.736984 7.730174 1.609178
5.715496 8.289761 1.609178
5.694007 8.849349 1.609178
5.672519 9.408936 1.609178
5.651030 9.968524 1.609178
5.629542 10.528112 1.609178
5.608053 11.087699 1.609178
5.586565 11.647287 1.609178
5.565076 12.206874 1.609178
5.670106 12.458731 0.821038
5.922748 12.561861 0.032899
6.174025 12.455452 -0.755241
6.275768 12.202249 -1.543381
6.291119 11.642459 -1.543381
6.306470 11.082670 -1.543381
6.321821 10.522880 -1.543381
6.337171 9.963091 -1.543381
6.352522 9.403301 -1.543381
6.367873 8.843511 -1.543381
6.383224 8.283722 -1.543381
6.398575 7.723932 -1.543381
6.413925 7.164143 -1.543381
6.429276 6.604353 -1.543381
6.444627 6.044564 -1.543381
6.459978 5.484774 -1.543381
6.475329 4.924985 -1.543381
6.490679 4.365195 -1.543381
6.506030 3.805405 -1.543381
6.521381 3.245616 -1.543381
6.536732 2.685826 -1.543381
6.552083 2.126037 -1.543381
6.567433 1.566247 -1.543381
6.582784 1.006458 -1.543381
6.598135 0.446668 -1.543381
6.613486 -0.113122 -1.543381
6.628837 -0.672911 -1.543381
6.644187 -1.232701 -1.543381
6.659538 -1.792490 -1.543381
6.674889 -2.352280 -1.543381
6.690240 -2.912069 -1.543381
6.705591 -3.471859 -1.543381
6.720941 -4.031648 -1.543381
6.736292 -4.591438 -1.543381
6.751643 -5.151228 -1.543381
6.766994 -5.711017 -1.543381
6.782345 -6.270807 -1.543381
6.797695 -6.830596 -1.543381
6.813046 -7.390386 -1.543381
6.828397 -7.950175 -1.543381
6.843748 -8.509965 -1.543381
6.859098 -9.069754 -1.543381
6.874449 -9.629544 -1.543381
6.889800 -10.189334 -1.543381
6.905151 -10.749123 -1.543381
6.920502 -11.308913 -1.543381
6.935852 -11.868702 -1.543381
6.951203 -12.428492 -1.543381
6.966554 -12.988281 -1.543381
6.981905 -13.548071 -1.543381
6.997256 -14.107861 -1.543381
7.012606 -14.667650 -1.543381
7.027957 -15.227440 -1.543381
7.043308 -15.787229 -1.543381
7.058659 -16.347019 -1.543381
7.074010 -16.906808 -1.543381