2.057572 2.023624
2.057035 2.028085
2.056654 2.034531
2.055988 2.041106
2.056182 2.049109
2.057144 2.060128
2.057292 2.072156
2.057025 2.084686
2.056200 2.100448
2.056179 2.117203
2.056329 2.137083
2.057782 2.158309
2.057722 2.181614
2.063557 2.201260
2.069799 2.201755
2.076894 2.185533
2.084254 2.169698
2.069977 2.187030
2.056884 2.200516
2.053519 2.165021
2.054695 2.147422
2.055250 2.133274
2.055868 2.123616
2.055568 2.118025
2.055683 2.116131
2.057197 2.118727
2.058220 2.125776
2.060659 2.137689
2.061204 2.152954
2.061345 2.171670
2.063723 2.199360
2.065304 2.225756
2.066932 2.254344
2.067339 2.292319
2.070121 2.340691
2.071471 2.378531
2.071919 2.433291
2.074587 2.486334
2.077089 2.539080
2.079288 2.597586
2.083448 2.660368
2.085206 2.725450
2.086792 2.791086
2.089566 2.866682
2.101001 2.915982
2.116482 2.931991
2.139034 2.952709
2.168222 2.971406
2.190984 2.979826
2.164616 2.953474
2.141653 2.936857
2.129649 2.919512
2.124677 2.905207
2.129431 2.806411
2.128444 2.738486
2.127248 2.676677
2.126254 2.625245
2.125520 2.585287
2.124838 2.547068
2.123958 2.511472
2.124439 2.482061
2.125533 2.455851
2.125409 2.437548
2.126843 2.422252
2.128143 2.416310
2.129480 2.416065
2.131251 2.421653
2.131963 2.434720
2.134679 2.456782
2.136635 2.485780
2.137970 2.519026
2.140893 2.556365
2.143337 2.598773
2.145825 2.650444
2.149239 2.704310
2.152819 2.763101
2.158062 2.836037
2.161069 2.902852
2.179250 2.956792
2.195353 2.955924
2.205641 2.893757
2.218624 2.840844
2.209804 2.926009
2.186742 2.957558
2.173086 2.933756
2.174775 2.839815
2.180591 2.777990
2.179784 2.732107
2.178423 2.686846
2.176679 2.658060
2.174827 2.627358
2.172844 2.593232
2.173053 2.577401
2.174190 2.570641
2.174948 2.570077
2.177091 2.578288
2.180133 2.596783
2.182139 2.618722
2.185358 2.649932
2.190404 2.691301
2.195375 2.744217
2.200827 2.794627
2.207029 2.857527
2.213370 2.926408
2.220723 3.007731
2.228111 3.079165
2.236008 3.168022
2.246339 3.252299
2.254812 3.340028
2.265438 3.440061
2.235902 3.533920
2.227850 3.557034
2.235945 3.594106
2.255413 3.634019
2.289629 3.668233
2.265380 3.597674
2.250715 3.568119
2.247547 3.535684
2.257887 3.514044
2.271739 3.502106
2.297474 3.487413
2.302920 3.332646
2.295725 3.251697
2.288828 3.173820
2.282520 3.110286
2.274028 3.051987
2.266880 2.996278
2.260523 2.946136
2.255923 2.905933
2.252224 2.873135
2.249504 2.852109
2.247957 2.838611
2.247852 2.834946
2.248353 2.840867
2.249983 2.855572
2.253224 2.884046
2.257345 2.916473
2.261551 2.957361
2.267209 3.006316
2.275104 3.069106
2.285540 3.136925
2.297221 3.213613
2.309013 3.291173
2.322584 3.383927
2.336936 3.478151
2.350164 3.572137
2.363033 3.616851
2.407664 3.639229
2.458496 3.570489
2.496663 3.485730
2.460064 3.435847
2.422316 3.559922
2.379895 3.604414
2.326946 3.433025
2.305769 3.318176
2.290801 3.224872
2.275770 3.142069
2.264849 3.085276
2.255727 3.033116
2.248919 2.993142
2.242508 2.962011
2.236167 2.936590
2.233121 2.927952
2.231393 2.928220
2.230359 2.937506
2.229940 2.955561
2.230246 2.987076
2.233193 3.027096
2.236121 3.072827
2.242520 3.139638
2.249111 3.202760
2.255506 3.202232
2.260624 3.201808
2.270589 3.276545
2.283625 3.359333
2.297781 3.456957
2.308617 3.550054
2.328462 3.680144
2.349268 3.791676
2.323851 3.928067
2.318108 3.972381
2.333465 4.043518
2.366387 4.106727
2.430085 4.164638
2.373502 4.070270
2.332533 3.998898
2.323394 3.943478
2.348748 3.896639
2.396256 3.855240
2.461474 3.835090
2.543057 3.822183
2.648837 3.809945
2.759687 3.800871
2.870103 3.799439
2.997052 3.809997
3.133444 3.825622
3.277125 3.843811
3.442813 3.863414
3.591407 3.883885
3.751483 3.938841
3.855660 4.025597
3.910192 4.177835
3.879379 4.434877
3.904784 4.620371
3.909418 4.618059
3.991577 4.767398
4.065534 4.578995
4.016892 4.416326
3.963562 4.274973
3.930063 4.153735
3.902449 4.031719
3.658510 3.936625
3.509884 3.942408
3.375541 3.951648
3.254848 3.964527
3.124243 3.984746
3.011421 4.006166
2.900752 4.030811
2.813721 4.056169
2.744377 4.081606
2.688055 4.110168
2.686416 4.109331
2.686553 4.109368
2.628910 4.014350
2.607201 3.903010
2.624743 3.916656
2.663216 3.997393
2.719933 4.057816
2.809758 4.121777
2.737795 3.982877
2.653262 3.936927
2.629698 3.924949
2.635570 3.909433
2.660764 3.886317
2.701516 3.877033
2.774454 3.900740
2.832946 3.899624
2.919883 3.888650
3.026795 3.897026
3.145329 3.898709
3.283622 3.896676
3.413878 3.897962
3.564901 3.900971
3.564508 3.902807
3.562940 3.903673
3.728394 3.904038
3.885017 3.903449
4.024664 4.053510
4.083232 4.188239
4.137849 4.329129
4.183530 4.487848
4.234141 4.640864
4.082512 4.715246
4.022179 4.511780
4.018566 4.387683
3.993564 4.256565
3.973157 4.149838
3.932745 4.033923
3.754712 3.857748
3.598630 3.761192
3.430577 3.694650
3.292652 3.693763
3.174442 3.696817
3.081931 3.705099
2.984149 3.720094
2.889571 3.741961
2.824657 3.766231
2.778886 3.794176
2.751251 3.829002
2.748546 3.872023
2.774027 3.915276
2.839140 4.018310
2.945703 4.126297
3.064483 4.230326
2.913927 4.035666
2.827873 3.978737
2.775767 3.938803
2.746316 3.904649
2.738645 3.875338
2.751822 3.848080
2.791872 3.759618
2.838567 3.694318
2.911087 3.663288
2.992464 3.651623
3.149637 3.642649
3.274079 3.645997
3.419640 3.658851
3.572488 3.678461
3.735432 3.720993
3.865627 3.794956
3.974555 3.865788
4.012176 3.927059
4.053126 4.044775
4.047698 4.041163
4.047818 4.225621
4.071707 4.390740
4.099451 4.518495
4.126887 4.643325
4.125918 4.641204
4.193044 4.498997
4.116877 4.278833
4.047780 4.148604
3.984740 4.040825
3.829670 3.937850
3.829651 3.938117
3.831579 3.937555
3.644350 3.895200
3.483194 3.886956
3.346408 3.889622
3.220949 3.897483
3.112565 3.910966
3.020824 3.934117
2.971717 3.959257
2.943605 3.987231
2.939486 4.023881
2.957517 4.048388
3.003853 4.081574
3.095808 4.149667
3.225457 4.267636
3.331555 4.350447
3.474696 4.439645
3.597770 4.506529
3.360575 4.295253
3.237817 4.219493
3.139309 4.152622
3.052141 4.083826
2.980218 3.986686
2.967523 3.897349
2.990662 3.830484
3.044610 3.789538
3.109668 3.768085
3.178795 3.757312
3.281203 3.750308
3.388342 3.748702
3.528654 3.763256
3.708688 3.809487
3.847171 3.886370
3.936501 3.973447
4.002224 4.097281
4.058711 4.231686
4.116683 4.370352
4.263540 4.580749
4.200640 4.357320
4.151440 4.212605
4.099599 4.081040
4.089786 3.976127
4.091476 3.890770
4.121607 3.839027
4.270882 3.847640
4.486566 3.902841
4.674326 3.959611
4.886529 4.022761
5.087766 4.083359
5.270064 4.142525
5.506117 4.233949
5.751705 4.344298
5.751834 4.346394
5.753988 4.345131
5.755292 4.344534
5.979391 4.450175
6.265215 4.594701
6.518832 4.687859
6.743856 4.769968
6.747118 4.766148
6.984531 4.855246
7.190331 4.933114
7.434417 5.027714
7.433239 5.027098
7.433121 5.027752
7.676879 5.130036
7.922717 5.234070
8.159223 5.335648
8.420731 5.449699
8.648637 5.554919
8.900191 5.645896
9.115830 5.700950
9.326459 5.727622
9.504061 5.731033
9.585066 5.725835
9.635419 5.726418
9.636885 5.734744
9.630648 5.734848
9.802300 5.860137
9.714412 5.865461
9.629203 5.883134
9.398409 5.843492
9.147154 5.743658
9.145435 5.744732
9.143345 5.746774
9.145707 5.744407
8.875677 5.616648
8.683219 5.524354
8.476761 5.422642
8.280281 5.326097
8.041105 5.214394
7.827289 5.113937
7.639070 5.025896
7.444375 4.939064
7.253079 4.855689
7.061874 4.773400
6.861351 4.688600
6.685570 4.614359
6.696423 4.616164
6.692248 4.616551
6.692818 4.618277
6.692804 4.615531
6.694070 4.617269
6.505679 4.544392
6.340952 4.484030
6.183108 4.428916
6.008510 4.373267
5.853084 4.328055
5.704871 4.289529
5.577768 4.257607
5.477309 4.242567
5.377921 4.240240
5.305314 4.249562
5.216937 4.282740
5.170034 4.357031
5.162882 4.453213
5.188174 4.562515
5.193132 4.560902
5.222674 4.667578
5.255067 4.794806
5.293849 4.943018
5.328621 5.071911
5.248750 4.867259
5.201781 4.687579
5.174370 4.566625
5.171919 4.454664
5.197720 4.367782
5.239847 4.319897
5.302226 4.281960
5.341311 4.273989
5.395092 4.292432
5.442698 4.324138
5.577142 4.390061
5.708358 4.437644
5.837783 4.488533
5.984463 4.550114
6.143406 4.618907
6.320238 4.698674
6.462387 4.767104
6.625678 4.849680
6.796817 4.938827
6.963670 5.019937
7.178269 5.106126
7.391834 5.197356
7.594708 5.268772
7.866494 5.361131
8.114993 5.453003
8.392080 5.557807
8.661410 5.643984
8.935881 5.733300
9.240871 5.825788
9.530699 5.909109
9.660442 5.911566
9.742212 5.914918
9.743045 5.914608
9.746007 5.915997
9.748704 5.915472
9.934250 6.070816
9.824358 6.078082
9.559084 6.002171
9.560765 5.999506
9.560908 5.998654
9.328084 5.922285
9.068564 5.833894
8.779214 5.719965
8.547178 5.621266
8.321579 5.533854
8.101697 5.450866
7.873785 5.355179
7.683777 5.277782
7.448714 5.179067
7.454661 5.179261
7.458490 5.175467
7.273042 5.092622
7.079467 5.009371
6.904274 4.937209
6.745831 4.874964
6.588886 4.816464
6.443826 4.765928
6.309787 4.722610
6.186613 4.686973
6.077079 4.654460
5.973390 4.621964
5.875856 4.614165
5.806925 4.614027
5.757117 4.619211
5.722931 4.622241
5.705182 4.631660
5.704377 4.659271
5.715852 4.662042
5.718063 4.658869
5.736495 4.711388
5.763887 4.787098
5.806330 4.903925
5.856411 5.037590
5.824832 5.002673
5.777209 4.881412
5.745953 4.801198
5.722921 4.723308
5.713446 4.659971
5.715412 4.611260
5.729091 4.582231
5.763265 4.564170
5.811490 4.557439
5.875118 4.552782
5.958165 4.553819
6.061566 4.564750
6.172735 4.584858
6.289968 4.612895
6.419098 4.650381
6.420494 4.648442
6.421112 4.648448
6.558455 4.694567
6.714346 4.751766
6.871245 4.814871
7.048837 4.889279
7.233774 4.970692
7.425636 5.060220
7.646377 5.164305
7.867025 5.271070
8.093883 5.385611
8.325330 5.506227
8.552744 5.628543
8.818257 5.735036
9.039120 5.806752
9.269314 5.874432
9.474780 5.936776
9.692057 6.011142
9.822026 6.042197
9.756375 5.987246
9.557563 5.906136
9.557318 5.907857
9.390630 5.858368
9.226726 5.819993
9.043060 5.789470
8.799412 5.734458
8.491642 5.637589
8.194671 5.526494
7.970623 5.443211
7.749479 5.347030
7.562881 5.257401
7.352715 5.155631
7.174795 5.072240
6.989218 4.987806
6.828127 4.916262
6.662105 4.844511
6.509128 4.784704
6.356214 4.729475
6.220186 4.682025
6.099549 4.652016
5.996653 4.637424
5.910256 4.635421
5.839564 4.643920
5.777724 4.666603
5.743271 4.700321
5.744231 4.828429
5.895563 5.083177
