2.054969 2.023349
2.054714 2.027921
2.055959 2.034923
2.055591 2.042074
2.055005 2.049573
2.055135 2.060004
2.054518 2.070413
2.055047 2.081292
2.055185 2.094790
2.054330 2.109732
1.915694 2.108891
1.908466 2.115461
1.855832 2.143678
1.859408 2.197581
1.841977 2.202172
1.847070 2.180383
1.910600 2.188138
1.931426 2.256792
1.926474 2.323621
1.864752 2.254233
1.730009 2.155317
1.683128 2.029855
1.615978 1.962593
1.627919 1.936961
1.623679 1.918203
1.588186 1.917036
1.578798 1.865586
1.552747 1.819790
1.476133 1.716080
1.398575 1.649986
1.366983 1.607995
1.331498 1.518873
1.256663 1.478516
1.280387 1.509331
1.287872 1.529695
1.348844 1.614285
1.379270 1.723624
1.381546 1.810946
1.353107 1.970091
1.343020 2.062817
1.340424 2.042947
1.336536 2.079666
1.340698 2.148920
1.349408 2.211913
1.364352 2.249225
1.376810 2.245801
1.367635 2.260583
1.399424 2.273597
1.414929 2.281413
1.413193 2.234213
1.365007 2.087873
1.343708 1.933525
1.312874 1.759118
1.380697 1.588959
1.420775 1.470489
1.411265 1.284930
1.380190 1.196315
1.293669 1.109338
1.202174 1.149953
1.160831 1.240770
1.062581 1.137523
1.011240 1.048513
0.965640 0.956061
0.938709 0.966358
0.905283 0.941303
0.860087 0.942210
0.849030 0.960879
0.833167 0.897201
0.792182 0.860954
0.729673 0.891607
0.728801 0.918728
0.712002 0.937593
0.701255 0.979067
0.701107 1.036789
0.691416 1.034870
0.667247 1.023127
0.631359 1.007871
0.599526 0.960314
0.571942 0.955776
0.550777 0.898778
0.578287 0.859899
0.589361 0.733147
0.626728 0.768509
0.678795 0.843296
0.685258 0.829681
0.637154 0.666317
0.563316 0.547720
0.556086 0.534261
0.512256 0.500071
0.498476 0.498853
0.478145 0.484552
0.455623 0.486810
0.439832 0.480929
0.409803 0.476059
0.388843 0.480814
0.386237 0.517415
0.381143 0.558944
0.390769 0.649929
0.374276 0.680085
0.370422 0.717602
0.370789 0.753046
0.371269 0.785891
0.367948 0.835351
0.329302 0.751770
0.305563 0.733244
0.300730 0.748913
0.318694 0.795695
0.333260 0.844063
0.349201 0.882065
0.351022 0.933059
0.311128 0.940246
0.301408 0.910476
0.309397 0.890001
0.330382 0.873957
0.353195 0.838177
0.318911 0.765568
0.297410 0.703577
0.289098 0.633148
0.303934 0.605216
0.342442 0.594314
0.416587 0.585596
0.438737 0.548377
0.458168 0.547216
0.489932 0.567912
0.481913 0.588647
0.411831 0.588309
0.366663 0.569330
0.346734 0.593830
0.342178 0.632908
0.339864 0.677379
0.326111 0.682142
0.321361 0.708259
0.304895 0.705387
0.305206 0.718543
0.320771 0.723077
0.341085 0.730906
0.320069 0.714673
0.299169 0.676000
0.279579 0.588267
0.266928 0.570109
0.276758 0.529636
0.248342 0.506309
0.233112 0.528546
0.218642 0.483059
0.205002 0.496388
0.213923 0.535876
0.214926 0.523478
0.237265 0.556383
0.279394 0.553787
0.317622 0.506837
0.298730 0.441779
0.283961 0.422220
0.276269 0.425542
0.264539 0.384687
0.270318 0.396165
0.253752 0.396221
0.279648 0.496532
0.287281 0.523298
0.276517 0.514745
0.282195 0.573455
0.262635 0.542759
0.252362 0.534054
0.247740 0.536896
0.244097 0.552370
0.222931 0.521737
0.199085 0.482156
0.199006 0.506464
0.197209 0.549759
0.198328 0.578891
0.204875 0.582448
0.198450 0.620851
0.207731 0.520918
0.239564 0.497541
0.243146 0.495149
0.257020 0.513824
0.271267 0.550162
0.282566 0.599664
0.283844 0.660564
0.297181 0.805947
0.270167 0.814831
0.263172 0.782832
0.264744 0.708397
0.272575 0.627558
0.312106 0.599067
0.255225 0.505604
0.229269 0.463538
0.239037 0.434699
0.318512 0.418739
0.376105 0.413984
0.419103 0.422360
0.430483 0.419155
0.475580 0.417407
0.537399 0.426170
0.588213 0.427583
0.638784 0.435724
0.689612 0.446471
0.747944 0.451600
0.819696 0.457010
0.882653 0.457951
0.949875 0.458806
0.940414 0.463960
1.031875 0.499982
0.969315 0.574022
0.807600 0.610541
0.708292 0.594387
0.694964 0.621298
0.699170 0.586383
0.692570 0.584737
0.681557 0.617325
0.751649 0.666157
0.522676 0.651997
0.462749 0.652392
0.475609 0.625527
0.491413 0.594366
0.503003 0.552996
0.535913 0.548941
0.604677 0.565281
0.706107 0.597456
0.786595 0.600892
0.749971 0.560767
0.782799 0.549237
0.781784 0.538164
0.778991 0.537049
0.814951 0.534993
0.856249 0.574857
0.820513 0.573804
0.696105 0.558695
0.549644 0.522682
0.480900 0.487145
0.429536 0.492416
0.335815 0.476426
0.313102 0.454079
0.312400 0.444127
0.373998 0.445424
0.383039 0.441093
0.414533 0.427024
0.415343 0.412132
0.394740 0.405841
0.410362 0.390208
0.417008 0.369850
0.416072 0.355272
0.405517 0.353927
0.410576 0.356849
0.391311 0.360064
0.374203 0.363273
0.385140 0.359767
0.387326 0.359805
0.434671 0.348999
0.415232 0.365358
0.353862 0.366037
0.343825 0.371543
0.346439 0.388702
0.335991 0.411034
0.305299 0.355801
0.262568 0.320279
0.249740 0.304199
0.245388 0.309004
0.256676 0.329310
0.264607 0.400513
0.262494 0.461491
0.279639 0.480830
0.294165 0.455968
0.333887 0.423075
0.364041 0.393630
0.422471 0.343617
0.533664 0.307899
0.587133 0.279225
0.606163 0.264110
0.620038 0.249483
0.529233 0.240522
0.457308 0.232566
0.462658 0.234691
0.391447 0.233529
0.351204 0.235255
0.337122 0.265909
0.319937 0.264514
0.316121 0.275637
0.322374 0.290318
0.365999 0.300807
0.407878 0.333925
0.443995 0.415108
0.476746 0.454247
0.497946 0.431145
0.613070 0.492959
0.686068 0.467831
0.619117 0.381482
0.472197 0.286819
0.399161 0.230165
0.368268 0.195223
0.409663 0.208901
0.644055 0.288481
0.912303 0.383275
0.683322 0.260985
0.684012 0.278148
0.563501 0.239380
0.427953 0.254279
0.221990 0.267558
0.174469 0.297857
0.213290 0.286466
0.213006 0.232701
0.206717 0.283725
0.236742 0.432484
0.308801 0.671052
0.426221 0.851008
0.459669 0.882868
0.465459 0.876632
0.633340 0.872680
0.767984 0.809191
0.906813 0.777963
1.074331 0.746167
1.191095 0.672055
1.364596 0.633265
1.420661 0.571734
1.356342 0.482859
1.338195 0.418535
1.222050 0.353904
1.028962 0.288481
0.924083 0.250178
0.817753 0.204401
0.636719 0.172853
0.476080 0.145224
0.477137 0.140547
0.398148 0.174122
0.288345 0.182331
0.242317 0.185884
0.249858 0.188436
0.330358 0.208663
0.397685 0.226472
0.470033 0.240494
0.516282 0.248600
0.502862 0.240719
0.473685 0.233144
0.474852 0.230875
0.449613 0.227394
0.399987 0.233229
0.380591 0.225455
0.398356 0.195672
0.405938 0.195922
0.411468 0.212765
0.405033 0.246373
0.367514 0.276335
0.358269 0.320285
0.323875 0.264596
0.315820 0.256204
0.304553 0.273995
0.312988 0.319630
0.306867 0.393653
0.307342 0.494854
0.343157 0.591805
0.403600 0.671044
0.462082 0.710993
0.527359 0.720112
0.595758 0.731415
0.659235 0.744847
0.741524 0.779413
0.829396 0.822751
0.826989 0.816498
0.828365 0.816974
0.829544 0.810654
0.910452 0.848476
0.916658 0.826655
0.911181 0.770526
0.930529 0.730779
0.885295 0.707055
0.902547 0.688774
0.920785 0.677999
0.961566 0.679660
0.936966 0.673939
0.931317 0.671523
0.989950 0.671378
0.970518 0.646044
0.975480 0.630203
0.972984 0.621370
0.996891 0.617782
1.053678 0.611497
1.111765 0.604672
1.169206 0.589881
1.225313 0.586365
1.266179 0.601145
1.304719 0.617300
1.191930 0.572328
1.073137 0.547168
1.004418 0.522423
0.945746 0.537099
0.850021 0.543357
0.826186 0.561857
0.856582 0.552786
0.896028 0.548206
0.906491 0.536381
0.928445 0.536648
0.958575 0.520012
1.004041 0.505575
1.071685 0.504679
1.176352 0.517209
1.259892 0.522081
1.174438 0.502071
1.047167 0.476268
0.895539 0.454727
0.720506 0.447292
0.602878 0.450916
0.524813 0.452740
0.496869 0.430191
0.466743 0.425187
0.424360 0.413337
0.328676 0.383668
0.305325 0.362493
0.276569 0.341691
0.314142 0.317092
0.368926 0.317051
0.476610 0.324403
0.607968 0.327495
0.701129 0.310706
0.755096 0.311992
0.808925 0.316748
0.838659 0.345184
0.907238 0.374439
0.963579 0.382194
1.048095 0.431208
1.119766 0.513352
1.149227 0.597077
1.151559 0.688928
1.129518 0.680818
0.920519 0.666007
0.626626 0.596707
0.410277 0.547934
0.377139 0.492255
0.310757 0.366267
0.248381 0.341186
0.247957 0.363254
0.257851 0.399223
0.232979 0.439689
0.224193 0.489944
0.234540 0.577454
0.247793 0.679697
0.272590 0.780304
0.287686 0.849709
0.350251 0.892063
0.378404 0.804309
0.381545 0.715232
0.348027 0.612049
0.341187 0.538557
0.324587 0.493419
0.324196 0.470799
0.334282 0.465509
0.335864 0.470653
0.343585 0.456353
0.349810 0.433038
0.353790 0.415404
0.350875 0.396729
0.369227 0.397406
0.385343 0.373713
0.435819 0.353413
0.465444 0.340123
0.500756 0.333181
0.523325 0.336498
0.544309 0.346252
0.548970 0.367741
0.542591 0.382074
0.531135 0.375315
0.526126 0.369250
0.528374 0.367283
0.551269 0.365831
0.516563 0.406489
0.506548 0.437684
0.520771 0.430404
0.528892 0.428665
0.561182 0.460713
0.641424 0.507912
0.779657 0.554344
0.851449 0.545525
0.901276 0.522820
0.889988 0.490200
0.773179 0.422345
0.585040 0.366455
0.493055 0.321174
0.403497 0.300083
0.337741 0.274949
0.331246 0.274666
0.347240 0.283322
0.344062 0.276519
0.308053 0.262735
0.296737 0.255375
0.311209 0.257311
0.335228 0.262653
0.331593 0.256109
0.320493 0.253396
0.332480 0.260274
0.370978 0.265687
0.397496 0.278547
0.419366 0.287051
0.457459 0.293304
0.485528 0.309705
0.500033 0.338825
0.532688 0.345645
0.557804 0.347582
0.561976 0.392138
0.575541 0.464114
0.560070 0.560847
0.583450 0.566526
0.723219 0.472525
0.704622 0.371091
0.684796 0.326019
0.676000 0.313317
0.669222 0.333168
0.661852 0.372404
0.660659 0.422844
0.654060 0.475199
0.623932 0.497919
0.615285 0.492815
0.543607 0.485938
0.511993 0.478738
0.502225 0.463155
0.467349 0.445096
0.430998 0.431177
0.376860 0.430762
0.335141 0.427687
0.347596 0.449972
0.374884 0.449713
0.375006 0.429913
0.354184 0.385335
0.326321 0.339609
0.313622 0.309127
0.323148 0.270403
0.350550 0.263028
0.395008 0.241318
0.444415 0.229231
0.498083 0.216537
0.552997 0.202657
0.599121 0.196094
0.630403 0.193327
0.654170 0.199034
0.681175 0.212760
0.691488 0.233949
0.659128 0.250564
0.594839 0.222020
0.563537 0.213487
0.519751 0.193093
0.522765 0.189387
0.553095 0.208572
0.534486 0.237129
0.465061 0.258148
0.410135 0.254709
0.383679 0.259467
0.383648 0.250221
0.368335 0.243041
0.373790 0.235503
0.376048 0.226458
0.388858 0.216230
0.348254 0.197311
0.281343 0.181784
0.279098 0.182123
0.280994 0.187580
0.310055 0.192141
0.334225 0.193167
0.323837 0.191380
0.321451 0.182540
0.326549 0.177804
0.349218 0.177155
0.379724 0.180945
0.492969 0.211103
0.676131 0.252590
