0.435677
0.400110
0.342920
0.277475
0.249193
0.250723
0.360445
0.333253
0.522589
0.603849
0.947181
1.206989
1.362194
1.462289
1.567822
1.712377
1.824199
1.871678
1.695393
1.419769
1.169974
1.162930
1.248138
1.292926
1.267053
1.223547
1.160584
0.968231
0.910807
0.816789
0.986247
1.076112
1.187979
1.329089
1.585271
1.888938
2.144265
2.265149
2.322386
2.248318
1.980516
1.778010
1.611648
1.447312
1.395162
1.421068
1.437570
1.477599
1.501643
1.680075
1.928696
2.233676
2.567244
2.779243
3.000482
3.164419
3.311591
3.292810
3.196205
2.821139
2.500121
2.180944
2.131336
2.166147
2.179328
2.330082
2.445316
2.580083
2.656857
2.728100
2.792503
3.022707
3.172888
3.393422
3.602937
3.750862
3.963832
4.202504
4.474571
4.716136
4.988942
5.264409
5.486699
5.681307
5.999532
6.160248
6.264449
6.414295
6.600997
6.729538
6.826420
6.974408
7.085554
7.125299
7.188797
7.147908
7.294818
7.661789
7.932943
8.216081
8.467336
8.295338
8.046714
7.852393
7.615944
7.424925
7.207534
7.049722
7.019030
7.037664
7.298823
7.454416
7.497839
7.525839
7.581621
7.631548
7.701846
7.809174
7.941534
8.073295
8.199751
8.349349
8.502742
8.716832
9.080210
9.324194
9.440538
9.310115
8.938284
8.548974
8.115391
7.761310
7.371268
7.201314
7.043387
6.910745
6.827645
6.940914
6.899426
6.773106
6.724138
6.675231
6.548571
6.469654
6.318534
6.002791
5.792002
5.785857
5.928457
6.101215
6.264917
6.392901
6.614416
6.835985
7.036632
7.251908
7.463444
7.790594
8.098319
8.449617
8.733962
8.755127
8.686585
8.310351
8.017228
7.671627
7.281607
6.944269
6.606711
6.408629
6.083399
5.859938
5.632964
5.563437
5.330485
5.128004
5.097573
5.247409
5.430918
5.716746
5.969633
6.347571
6.696388
7.042694
7.379353
7.629416
8.005907
8.349250
8.634549
8.877244
9.115341
9.244758
9.313458
9.438358
9.453309
9.491824
9.518294
9.569845
9.373442
9.285535
9.406665
9.373079
8.836905
8.659497
8.561315
8.613806
8.815407
9.044181
9.311539
9.574606
9.787305
9.940042
10.131550
10.356020
10.475900
10.639207
10.846297
11.127280
11.406414
11.685300
12.142711
12.634644
12.935135
13.188810
13.439463
13.870716
14.286045
14.640235
15.084963
15.465709
15.813661
16.252376
16.704471
17.088335
17.514050
17.928275
18.378568
18.894546
19.328884
19.757415
20.271567
20.778952
21.215392
21.558891
21.874481
21.959133
21.915859
21.554476
21.334400
20.983654
20.514709
20.368233
20.268264
19.982118
19.724146
19.337853
18.945896
18.580261
18.203279
17.836242
17.521428
17.025103
16.694023
16.336971
15.823700
15.262588
14.601215
14.032854
13.633994
13.134351
12.625719
11.927287
11.284186
10.731142
10.324107
10.005447
9.650840
9.321172
8.891487
8.740231
8.654256
8.490082
8.317586
8.077778
8.052949
7.839224
7.872036
7.759474
7.960603
8.194783
8.368305
8.562763
8.706924
9.078729
9.340213
9.626605
9.599753
9.276077
8.882211
8.330477
7.870465
7.419203
6.918110
6.493381
6.078604
5.617787
5.242599
4.950670
4.601723
4.433504
4.288394
4.085936
4.093148
4.110132
4.252266
4.601072
4.698138
4.634165
4.731751
4.926857
5.299004
5.968313
6.689422
7.697905
8.580821
9.545858
10.494109
11.318914
12.105444
12.825624
13.507600
14.193899
14.783344
15.412497
16.011507
16.623177
17.192083
17.789323
18.326365
19.003243
19.549933
20.102799
20.707934
21.324178
21.877393
22.381687
22.852516
23.315926
23.798604
24.348453
24.876739
25.346200
25.615407
25.533775
25.401580
25.273992
25.077390
24.856170
24.523383
24.231898
23.965897
23.675280
23.271723
23.019335
22.569206
22.180175
21.660094
20.969244
20.432669
19.861813
19.253862
18.848428
18.279739
17.804702
17.307997
16.791233
16.432642
15.796223
15.568305
15.528206
15.919466
15.955283
16.095581
16.423732
16.462892
16.272013
15.780944
15.296266
14.744007
14.348254
13.789729
13.311568
12.881853
12.512214
12.212208
11.871510
11.382188
10.990678
10.654589
10.509713
10.224814
9.801152
9.391470
8.995666
8.815015
8.509980
8.245499
7.941966
7.870462
7.807554
7.979990
7.728927
7.073328
6.303487
5.835797
5.604351
5.668716
5.712417
5.982643
6.198837
6.520498
