0.346766
0.408376
0.433892
0.409276
0.347472
0.256691
0.095465
0.057424
0.272094
0.508790
0.770048
1.048757
1.312918
1.606471
1.916767
2.234935
2.573524
2.825835
2.919395
2.856238
2.621737
2.258284
1.890031
1.515391
1.136176
0.782216
0.528161
0.578981
0.863970
1.248574
1.660711
2.076376
2.504391
2.955444
3.396016
3.855030
4.330645
4.678472
4.859307
4.829770
4.553970
4.114761
3.678971
3.238037
2.812399
2.415505
2.008322
1.640477
1.313229
1.092583
1.039243
1.162301
1.473702
1.841603
2.257404
2.668486
3.030754
3.304231
3.338329
3.164789
2.816890
2.482418
2.187162
1.977378
1.875908
1.893986
2.014853
2.262328
2.557758
2.900009
3.272026
3.705705
4.171694
4.654187
5.066475
5.410524
5.680887
6.002416
6.351225
6.757480
7.158704
7.575963
8.020805
8.437483
8.862791
9.087576
9.208819
9.352807
9.500033
9.695403
9.895821
10.118181
10.347178
10.613746
10.881191
11.179516
11.463774
11.784926
12.115009
12.440459
12.783567
12.956159
12.987444
13.031542
13.087460
13.161791
13.255904
13.370051
13.491868
13.718443
14.103756
14.416441
14.471271
14.318193
14.205634
14.115608
14.033221
14.004530
13.976164
13.967777
13.954865
13.945738
13.961751
13.997533
14.057541
14.154117
14.094455
13.796581
13.418606
13.195716
13.088530
13.012414
12.972021
12.916091
12.900116
12.894933
12.932251
12.975354
13.060510
13.146076
13.281491
13.413099
13.529389
13.701814
13.730970
13.421567
13.020035
12.730775
12.588443
12.463229
12.364910
12.258308
12.178835
12.128770
12.104002
12.064568
12.028252
12.027854
12.034682
12.057621
12.104891
12.025415
11.681489
11.288495
11.048352
10.938910
10.886583
10.857450
10.828004
10.815847
10.833501
10.874548
10.912517
11.002159
11.107574
11.225081
11.346586
11.599351
11.970563
12.226573
12.423285
12.687409
12.958470
13.255928
13.560272
13.886117
14.223247
14.555648
14.887409
15.238961
15.589800
15.957546
16.304274
16.662470
17.036579
17.415396
17.808539
18.206416
18.607637
18.982920
19.455021
19.956590
20.437908
20.906516
21.353645
21.802349
22.252311
22.717576
23.163589
23.618876
24.046249
24.481148
24.910256
25.385357
25.846485
26.323518
26.812915
27.289068
27.787588
28.299102
28.823729
29.311178
29.818120
30.286670
30.784203
31.233664
31.691199
32.167755
32.648448
33.113606
33.571991
34.049325
34.537386
35.002089
35.482052
35.971403
36.455604
36.925167
37.439050
37.944205
38.422450
38.892132
39.400342
39.777382
39.977208
39.874508
39.551003
39.028311
38.509175
37.988876
37.460760
36.923287
36.399738
35.882014
35.353153
34.826743
34.299509
33.767604
33.260852
32.756133
32.236686
31.681712
31.150971
30.636819
30.109434
29.594755
29.049681
28.548065
28.055468
27.543853
27.016056
26.541531
26.034112
25.542701
25.025710
24.526048
24.036616
23.523572
23.031865
22.567376
22.098723
21.626562
21.129431
20.649534
20.157220
19.655933
19.159106
18.691234
18.196069
17.706854
17.221544
16.723225
16.238092
15.746936
15.235462
14.843733
14.597656
14.667612
14.992453
15.506416
16.015626
16.519875
16.996311
17.473749
17.969883
18.430906
18.860354
19.304217
19.725711
20.168803
20.599332
21.029607
21.489696
21.901485
22.358780
22.807140
23.115661
23.383355
23.659008
23.941657
24.231834
24.530497
24.858543
25.301729
25.722612
26.171567
26.614601
27.067442
27.515755
27.966989
28.418510
28.733066
29.049754
29.342918
29.678426
30.034889
30.400527
30.782678
31.151318
31.551094
31.935285
32.313333
32.711963
33.099258
33.487593
33.997459
34.479728
34.993250
35.501378
36.005324
36.505284
36.873388
37.015767
36.842179
36.452709
35.931815
35.408746
34.853102
34.338626
33.806749
33.296136
32.762021
32.255305
31.851772
31.434872
31.063029
30.656843
30.291789
29.926780
29.588178
29.223504
28.861505
28.510109
28.172022
27.691330
27.219226
26.717925
26.274765
25.927123
25.775160
25.762886
25.764634
25.778947
25.821446
25.739323
25.397175
24.891074
24.389649
23.899092
23.410942
22.916811
22.423548
21.933873
21.465562
20.984432
20.495788
20.005140
19.531710
19.057975
18.578965
18.115971
17.613053
17.108982
16.594114
16.094372
15.586882
15.050374
14.542662
14.047085
13.526293
13.023083
12.621280
12.387362
12.453006
12.772836
13.164684
13.564501
13.988529
14.408380
14.812294
15.263720
