2.112054 2.178790
2.087128 2.088853
2.108165 2.028821
2.124784 1.976724
2.207722 1.971859
2.324898 1.987178
2.377343 2.015913
2.463040 2.028210
2.599884 2.121738
2.735194 2.248431
2.834058 2.354638
2.910130 2.449499
3.022208 2.469743
3.314025 2.626686
3.600421 2.848402
3.954277 3.103592
4.287627 3.381466
4.527940 3.590655
4.636034 3.475458
4.610820 3.424093
4.326938 3.300355
3.905862 2.952582
3.694604 2.731765
3.427961 2.598616
3.055284 2.505043
2.793273 2.401036
2.550093 2.118021
2.358384 2.019631
2.174554 1.959914
2.080983 1.785023
2.059755 1.792961
1.955784 1.864537
2.021385 1.727077
2.182904 1.791746
2.364665 1.942035
2.619164 2.160774
2.870824 2.373512
3.080812 2.572524
3.144074 2.681852
3.088541 2.697994
2.863247 2.595430
2.504756 2.338111
2.194511 2.174798
1.900803 2.040471
1.782996 1.892234
1.773808 1.815188
1.733659 1.744568
1.877985 1.818937
2.068407 1.949344
2.210098 2.058699
2.290853 2.248370
2.334389 2.369517
2.421938 2.585117
2.610217 2.799309
2.905227 3.082479
3.227511 3.334088
3.450782 3.571162
3.455935 3.701724
3.258494 3.548626
3.049094 3.323536
2.680823 3.092438
2.346861 2.794621
2.228160 2.513317
2.008754 2.182619
1.848121 2.087073
1.748187 1.977922
1.795070 1.854449
1.810760 1.649303
1.872393 1.615925
1.899214 1.688646
1.891579 1.763037
2.025436 1.849273
2.151412 1.960119
2.401642 2.227412
2.605610 2.411024
2.700302 2.584960
2.701245 2.695605
2.789316 2.808344
2.882955 2.986977
3.107439 3.173356
3.265928 3.529003
3.488784 3.745914
3.708244 3.991014
3.822028 4.247711
4.018299 4.617312
4.242969 4.776479
4.448725 4.978489
4.670697 5.181888
4.941795 5.421106
5.233217 5.752864
5.665757 6.059915
5.662863 6.074904
5.443984 6.011246
5.457249 5.995939
5.377444 5.953591
4.963418 5.929442
4.801224 5.813391
4.571972 5.524841
4.553006 5.492757
4.048537 5.499831
3.814021 5.378557
3.224847 4.767484
2.630273 4.201158
2.207300 3.787900
1.858375 3.352940
1.961805 3.046764
2.035316 2.720137
2.157663 2.304339
2.330806 2.220378
2.332156 2.204010
2.389381 2.221867
2.196120 1.864066
1.837056 1.571906
1.617903 1.338261
1.584337 1.342803
1.620133 1.436291
1.772884 1.652397
1.963362 2.008205
2.249315 2.474437
2.604227 2.993161
2.796415 3.368062
3.027423 3.841587
3.373019 4.401583
3.761414 4.929968
4.082504 5.456553
4.395307 5.849137
4.494091 6.048100
4.230501 6.027002
4.039866 5.822914
3.651433 5.507454
3.140990 5.179431
2.833964 4.890185
2.587157 4.685678
2.411865 4.489159
2.250262 4.265344
2.141297 3.793731
1.987302 3.216233
1.859631 2.823669
1.675908 2.457734
1.502383 2.122447
1.345103 1.863011
1.300538 1.669588
1.335430 1.664831
1.393865 1.725256
1.411110 1.772755
1.352924 1.796094
1.257091 1.647578
1.153282 1.471051
1.126923 1.319966
1.219807 1.332554
1.377446 1.547450
1.589364 1.641658
1.818522 1.841651
2.116655 2.133088
2.352855 2.472607
2.667640 2.868305
2.988550 3.250766
3.269337 3.592236
3.368897 3.888752
3.459160 4.061008
3.315194 3.980793
2.949927 3.586613
2.679102 3.251854
2.022663 2.856561
1.735314 2.591913
1.680125 2.435715
1.546337 2.200332
1.454060 2.173641
1.466842 2.104910
1.477973 2.184039
1.379214 2.083274
1.231937 2.079987
1.230895 2.002028
1.269774 1.931037
1.258787 1.956212
1.249699 1.989443
1.248532 1.964709
1.231295 1.679501
1.195627 1.434321
1.164336 1.247364
1.203396 1.194675
1.204212 1.265023
1.297434 1.358020
1.354471 1.452773
1.529989 1.549827
1.647851 1.743745
1.837202 1.970902
2.150442 2.326567
2.497482 2.785709
2.866638 3.304340
3.109460 3.780213
3.206588 4.205157
3.394437 4.548147
3.429356 4.787724
3.564033 4.881571
3.377970 4.839736
3.196986 4.744777
2.970645 4.448149
2.664325 4.036858
2.263260 3.726570
2.020949 3.121863
1.853635 2.771492
1.929411 2.583209
1.724606 2.318333
1.746889 2.254669
1.651517 2.250065
1.722853 2.308157
1.806034 2.433382
1.927326 2.487109
2.078734 2.604533
2.224539 2.718218
2.289597 2.879842
2.294350 2.996370
2.279579 3.168217
2.283666 3.312034
2.241468 3.423053
2.228038 3.579859
2.249435 3.720271
2.343642 3.717389
2.563079 3.807196
3.005948 3.955026
3.312634 3.957363
3.544117 3.919724
3.751696 3.783163
3.802404 3.684261
3.789528 3.586481
3.659453 3.357156
3.444425 3.200313
3.151480 3.170904
2.797310 3.161973
2.630644 3.229237
2.557545 3.316583
2.502213 3.459316
2.590639 3.645145
2.463191 3.873389
2.565831 4.059078
2.632494 4.302389
2.661209 4.473969
2.848587 4.672845
2.982095 4.957075
3.099997 5.227144
3.150929 5.438225
3.272066 5.618380
3.312953 5.754489
3.218828 5.620460
2.975938 5.572265
2.805084 5.348836
2.563368 5.134434
2.486772 5.029054
2.366150 4.884257
2.315340 4.779262
2.257324 4.594663
2.239679 4.325405
2.318769 3.987737
2.343190 3.704670
2.389138 3.437606
2.507957 3.309294
2.601432 3.203014
2.560388 2.945584
2.485193 2.687306
2.285144 2.376891
2.099433 2.164291
1.972259 1.934943
1.864944 1.905801
1.855990 1.838425
1.922202 1.871777
2.046120 1.936775
2.126970 1.965791
2.263655 1.970746
2.452195 2.202746
2.575021 2.395624
2.589890 2.380719
2.703516 2.420330
2.848068 2.495036
2.936765 2.602871
3.089752 2.674309
3.209313 2.816161
3.229467 2.989173
3.288337 3.233929
3.207761 3.453169
3.405693 3.860172
3.423588 3.959870
3.295109 4.042392
3.149080 4.067026
2.938503 4.071851
2.672663 3.962227
2.526854 3.786486
2.471635 3.599944
2.518026 3.491620
2.590526 3.428018
2.625843 3.222422
2.653545 3.056263
2.671301 3.045154
2.711268 3.052455
2.676595 3.128353
2.510978 2.991128
2.268395 2.943924
2.013263 2.778851
1.727514 2.505231
1.505817 2.280197
1.366866 2.178611
1.460576 2.070043
1.535519 2.094221
1.583524 2.122475
1.693734 2.270331
1.766424 2.478738
1.925427 2.610701
2.101188 2.688878
2.245258 2.942115
2.396116 3.136937
2.425868 3.294804
2.505482 3.395531
2.570844 3.412411
2.656477 3.449043
2.681510 3.520049
2.795880 3.557985
2.836679 3.495651
2.876525 3.501495
2.925840 3.591600
2.975358 3.674245
3.076857 3.724548
3.031652 3.685776
2.946896 3.645714
2.884755 3.586224
2.831706 3.510381
2.725811 3.577389
2.726323 3.581408
2.714200 3.676763
2.666834 3.808675
2.757129 3.864170
2.749624 3.807194
2.518462 3.512241
2.418940 3.189170
2.272079 2.995293
2.144331 2.889006
2.074504 2.811394
2.137067 2.864727
2.191365 2.891492
2.256375 2.870593
2.426710 3.028414
2.505513 3.158614
2.606047 3.220951
2.736046 3.101877
2.925684 3.046447
2.976899 2.846660
3.052397 2.794258
3.069143 2.754266
3.042708 2.804633
3.000337 2.877606
3.018308 2.936814
3.053440 3.053645
2.871476 3.013638
2.678597 2.859100
2.474137 2.519727
1.969182 2.107267
1.887468 1.863696
1.839448 1.770124
1.887351 1.764830
1.997227 1.862202
2.020076 2.016046
2.175927 2.086230
2.151930 2.177539
2.265609 2.201240
2.230636 2.288151
2.068832 2.332909
1.969311 2.330789
1.840277 2.280586
1.783001 2.104893
1.723015 2.072780
1.609197 2.047342
1.573572 1.905356
1.562187 1.688199
1.640513 1.572178
1.628283 1.476161
1.705216 1.521901
1.876716 1.599142
1.985949 1.628407
2.138280 1.741830
2.224701 1.882904
2.143196 1.942204
2.029386 2.063228
1.897111 2.128461
1.843981 2.097062
1.872473 2.189863
1.962765 2.196932
1.934054 2.262443
1.898261 2.321247
1.896457 2.354922
1.997679 2.422772
2.104387 2.431294
2.478806 2.515911
2.634106 2.591929
2.786689 2.683569
2.939947 2.841487
3.108573 2.888086
3.162595 3.026501
3.265742 3.177853
3.307562 3.230117
3.328210 3.243113
3.364344 3.261440
3.075594 3.240538
2.937246 3.082258
2.809410 2.990696
2.674630 2.852932
2.517447 2.751762
2.448763 2.763913
2.387426 2.781262
2.430894 2.896327
2.455711 2.983260
2.574010 3.151362
2.529113 3.267769
2.477790 3.295982
2.371956 3.244864
2.207617 3.077639
1.994254 2.765663
1.654300 2.432826
1.415660 2.191558
1.328014 2.063944
1.443118 2.020586
1.558534 1.969320
1.634096 2.039220
