0.437929
0.524425
0.582925
0.524869
0.394461
0.291626
0.445651
0.673717
0.839001
1.019127
1.280808
1.512997
1.841846
2.112879
2.451380
2.797252
3.169102
3.441188
3.579880
3.560644
3.287861
2.945785
2.509314
2.127945
1.904089
1.627711
1.337556
1.149289
1.022090
0.863391
0.728777
0.556536
0.548655
0.759128
1.015534
1.331896
1.658267
1.990489
2.367565
2.522767
2.382527
2.197295
1.997936
1.818902
1.751540
1.762537
1.954787
2.187200
2.491604
2.783283
3.052532
3.348145
3.637197
3.922787
4.228720
4.418708
4.646829
4.856812
4.828331
4.604291
4.276537
3.946519
3.744961
3.496921
3.307443
3.162731
2.925726
2.890272
2.813673
2.707601
2.735887
2.816980
2.933548
3.211707
3.652340
4.148460
4.607458
5.157613
5.607745
6.198250
6.706674
7.251011
7.893875
8.500809
8.979527
9.410236
9.804831
10.153337
10.482183
10.836151
11.112185
11.362493
11.809514
12.122024
12.596857
13.136067
13.738184
14.155711
14.673851
15.142244
15.491664
15.699550
15.759382
15.855312
16.000367
16.166647
16.195571
16.429683
16.451978
16.783201
17.189265
17.457162
17.626231
17.495014
17.595945
17.503392
17.512904
17.477250
17.442444
17.422304
17.342440
17.302350
17.278647
17.391045
17.448180
17.610540
17.586690
17.338995
16.995120
16.937001
17.007954
16.939672
16.934529
17.119949
17.211155
17.643143
18.093765
18.371354
18.547038
18.624002
18.740367
18.910550
18.882629
18.861529
18.920840
18.585229
17.896687
17.319410
16.846255
16.591598
16.518977
16.475725
16.462078
16.449550
16.511818
16.398941
16.575966
16.651134
16.871692
16.891930
17.044888
16.994801
16.762809
16.516231
16.564549
16.913402
17.239303
17.563151
17.929276
18.373463
18.577539
18.779357
19.036194
19.229005
19.149783
19.192245
19.024722
18.871198
18.706399
18.543187
18.267772
18.196194
18.203629
18.286066
18.539318
19.039049
19.419659
19.924829
20.519721
21.133882
21.738032
22.293888
22.792559
23.158997
23.643657
24.065491
24.613862
24.870084
25.283044
25.666467
25.625873
25.703349
26.065303
26.148833
26.626518
26.889031
27.109695
27.417565
27.750117
28.135701
28.384360
28.764775
29.011276
29.407079
29.839400
30.211104
30.372077
30.439741
30.438644
30.498050
30.840841
31.179322
31.517342
31.841680
32.355864
32.817412
33.225921
33.614043
34.114855
34.660908
35.257687
35.818845
36.441424
37.158424
37.712970
38.327623
38.991607
39.514950
40.203784
40.680102
41.248733
41.832855
42.381635
42.845363
43.089436
42.907792
42.435188
41.820078
41.357112
40.809058
40.314566
39.833461
39.194470
38.546648
37.935756
37.288612
36.679202
36.221253
35.752871
35.221714
34.694912
34.202845
33.607985
33.095075
32.728682
32.229768
31.841254
31.432370
30.831113
30.425178
29.913761
29.520003
29.110694
28.736628
28.321225
28.050076
27.685371
27.370029
27.185339
26.973274
26.823847
26.625049
26.642998
26.415743
26.278796
25.919958
25.595068
25.348151
25.303358
25.235585
25.194250
25.183608
24.918390
24.625539
24.246216
24.244171
24.314752
24.531485
24.822656
25.131997
25.441829
25.783324
26.084991
26.512529
26.806407
27.161361
27.518254
27.898688
28.182003
28.444112
28.636446
28.877394
29.097086
29.378450
29.598766
29.694623
29.839030
29.975164
29.968263
30.027906
29.932351
30.089734
30.013417
29.962155
30.045622
30.202467
30.470376
30.852386
31.216146
31.673068
32.279561
32.564658
32.661517
32.910242
33.164878
33.528345
33.939573
34.452441
34.898766
35.423088
35.839590
36.401106
36.852807
37.297468
37.804263
38.445478
39.115716
39.692962
40.289706
40.874634
41.403496
41.598562
41.541100
41.205046
40.760291
40.315381
39.880190
39.418634
39.054393
38.590501
38.161481
37.645853
37.064335
36.630612
36.088104
35.432797
34.912312
34.351012
33.880522
33.431025
33.029144
32.714650
32.501399
32.220275
31.930166
31.622852
31.259947
30.885081
30.608685
30.497938
30.572719
30.622469
30.760986
30.877765
30.917656
30.796951
30.526924
30.300786
30.051334
29.734040
29.518689
29.423818
29.357924
29.438922
29.561816
29.762783
29.684638
29.591000
29.495316
29.190777
28.767530
28.152531
27.545416
27.196630
26.670725
26.224148
25.973116
25.664309
25.187537
24.575535
23.984525
23.664254
23.742830
24.121647
24.527260
24.655824
24.687096
24.668739
24.698450
24.669498
24.616901
