40
5280
5320
5460
5570
5700
5840
5950
6090
6220
4000
5230
5350
5500
5630
5790
5850
6000
6130
6250
3920
5100
5290
5390
5510
5620
5790
5910
5990
6140
4010
5160
5380
5470
5570
5650
5750
5960
6120
6220
4000
5220
5340
5440
5600
5710
5830
5980
6100
6210
4000
5210
5380
5470
5570
5730
5830
5950
6110
7330
4920
6320
5350
5440
5590
5720
5820
6020
6260
6220
3990
5220
5360
5470
5590
5710
5840
5990
5200
6010
3760
4410
5340
5460
5640
5710
5860
6010
6090
6230
4000
5200
5390
5460
5570
5720
5880
5950
6100
5460
3880
5140
5290
5380
5510
5700
5440
5110
5190
5300
3330
4410
4500
4620
4770
4840
4960
5100
5210
5340
3420
4480
4580
4700
4830
4930
5040
5160
5320
6400
3370
5280
4660
4870
6790
6040
5050
5200
5330
5400
3390
4500
4590
4710
4850
4940
5130
5190
5360
5420
3420
4510
4610
4740
4840
4960
5070
5820
5300
5430
3420
5820
4870
4720
4810
4960
5050
5230
5300
5420
3430
4540
4620
4730
4850
4960
5340
5820
5350
5840
3410
4510
4600
4730
4850
5620
5050
5240
5300
5400
3350
4410
4550
4660
4760
4890
4990
5100
5250
5360
3460
4490
4610
4730
4840
5690
6930
5190
5340
5420
3400
4570
4640
4710
4890
4940
5070
6100
6380
6140
3380
4510
4670
5890
6790
5140
5080
5180
5530
6640
3390
4520
4660
4760
4870
4960
5080
5200
5310
5460
3420
4510
4620
4720
4930
5670
7100
5730
5330
5430
3720
6200
6340
4730
4830
4960
5070
5190
5330
5410
3410
4510
4610
4740
4840
4950
5080
5190
6040
6170
4030
5560
5460
5660
5970
5230
5040
5150
5280
5380
3380
4820
5450
5610
5730
5890
6030
6160
6290
6430
4110
5360
5480
5640
5790
5880
6000
6130
6320
6380
4020
5250
5440
5520
5640
5790
5890
6070
6180
6320
4120
5350
5470
5610
5730
5870
5980
6190
6250
6390
3600
5360
5520
5630
5730
5800
5030
6090
6240
6390
4230
5290
5450
5580
5770
5880
5960
6430
6310
6350
4220
5320
5420
5530
5690
5840
5960
6100
6340
6440
4080
5310
5450
5600
5710
5800
5930
6100
6190
6540
4100
5320
5460
6030
5840
5840
5940
6100
6250
6390
4090
5320
5500
5620
5700
5880
5960
6100
5570
4960
4220
5530
5370
4470
5700
5840
5960
6140
6230
6360
4090
5320
5470
5550
5700
5820
5950
6060
6230
6410
4140
5290
5700
6030
5730
5930
5960
6240
6240
6340
4080
5320
5440
5680
5690
5820
5970
6070
6190
6350
3900
