0.437929
0.524425
0.582925
0.541241
0.458097
0.388761
0.432452
0.610861
0.655911
0.751782
0.827099
0.924637
1.030091
1.231647
1.419975
1.570376
1.701387
1.988026
2.103565
2.075771
1.793002
1.477746
1.143900
0.790917
0.709425
0.822741
1.219575
1.596525
1.837512
2.025315
2.071541
2.133399
2.174661
2.228361
2.068637
2.074118
1.931525
1.819642
1.877093
1.916948
1.790007
1.577503
1.362725
1.320326
1.334567
1.479265
1.714956
1.797335
1.928485
2.071062
2.208341
2.293248
2.421855
2.496758
2.590570
2.701003
3.033001
3.458004
3.648098
3.878980
3.990920
4.122741
4.251427
4.451601
4.593832
4.762317
4.829640
4.722428
4.689161
4.519826
4.269539
3.958092
3.737636
3.509320
3.359426
3.438230
3.509737
3.787285
4.057566
4.382987
4.810036
5.381772
6.004813
6.736542
7.578879
8.269627
8.904451
9.491858
10.212144
10.791869
11.423814
12.101685
12.609059
13.107433
13.623798
14.094123
14.611097
15.206034
15.717511
16.066110
16.386864
16.407477
16.321126
16.373936
16.360163
16.318860
16.271023
16.341588
16.407331
16.583789
16.901938
17.148459
17.151557
17.020252
16.898670
16.838308
16.745507
16.696050
16.630648
16.472542
16.386566
16.213335
16.176676
15.975431
15.938160
15.794326
15.518281
15.032711
14.581979
14.360099
14.450028
14.543104
14.708852
14.904808
15.076530
15.233274
15.381930
15.602232
15.926418
16.249258
16.523265
16.908116
17.364722
17.649065
17.603654
17.141036
16.612633
16.195896
15.853885
15.644183
15.436517
15.190747
14.950721
14.734883
14.541487
14.354869
14.186321
14.123262
13.985622
13.946090
14.045310
13.898746
13.581452
13.249901
13.117973
13.260355
13.265577
13.289158
13.304663
13.331511
13.431269
13.699523
13.879677
14.088963
14.347441
14.613204
14.869342
15.254057
15.746831
16.056236
16.158117
16.274528
16.406529
16.609105
16.874856
17.084092
17.310922
17.600034
17.846301
18.146287
18.426600
18.880507
19.256699
19.831384
20.316838
20.891669
21.296837
21.512943
21.711017
21.998702
22.493496
22.908805
23.370701
23.719424
24.184939
24.535741
24.832969
25.185891
25.509955
25.960684
26.573416
27.091266
27.578333
27.977317
28.438983
29.052442
29.170866
29.593933
29.716279
29.957964
30.115483
30.394308
30.711362
31.057981
31.442841
31.838518
32.341820
32.828876
33.183794
33.588258
33.953312
34.277862
34.786636
35.166951
35.634404
36.023894
36.607571
37.179565
37.776394
38.422743
39.009555
39.834034
40.489383
41.420359
42.185181
42.634841
42.534015
42.016386
41.467360
40.905829
40.268839
39.726941
39.061594
38.466145
37.921795
37.270801
36.596816
35.940415
35.354234
34.737864
34.141464
33.600428
32.989831
32.440717
31.921599
31.461141
31.123571
30.706240
30.204480
29.756090
29.249057
28.914327
28.598079
28.224599
27.857743
27.483682
27.097615
26.620556
26.309988
26.038404
25.829501
25.597445
25.273560
25.029287
24.636933
24.225767
23.421526
22.519238
21.611215
21.199183
20.782325
20.376197
19.756983
19.130300
18.517794
18.147991
18.150689
18.443627
18.808081
19.295056
19.867362
20.418954
20.941603
21.511216
22.005559
22.309908
22.622687
23.063043
23.633112
24.131592
24.610989
25.005344
25.389452
25.814781
26.204860
26.419293
26.640419
27.028372
27.251610
27.318015
27.357812
27.418056
27.565356
27.783036
28.016474
28.282110
28.448478
28.695975
28.843183
29.029960
29.229969
29.542555
29.863347
30.187092
30.536679
30.970968
31.355112
31.744597
32.243356
32.961659
33.768742
34.576684
35.482424
36.278094
36.806083
37.448122
38.155485
38.775429
39.402497
40.172575
40.796309
41.294816
41.374454
41.186379
40.909953
40.535091
40.073635
39.638034
39.248684
38.861063
38.385550
37.843516
37.306510
36.740757
36.024062
35.415427
34.872423
34.339733
33.849331
33.413603
32.925146
32.413080
31.845167
31.576918
31.217336
30.977043
30.799690
30.667587
30.576193
30.621559
30.819517
31.113794
31.310895
31.418945
31.375045
30.973708
30.424885
30.030724
29.566124
29.030753
28.416383
27.913414
27.409125
26.825100
26.397676
26.046420
25.535041
25.188371
24.746697
24.172803
23.747623
23.262276
22.846659
22.473663
22.080501
21.615448
21.032587
20.298552
19.810936
19.203933
18.602195
18.326604
18.330937
18.665700
19.030699
19.297174
19.528367
19.733686
19.946661
20.245314
20.651948
