80
80
70
110
120
110
120
120
160
160
170
160
160
160
160
160
160
160
170
160
170
170
160
160
170
200
210
200
210
200
210
200
210
200
210
200
210
200
200
200
210
200
220
210
200
210
200
210
210
200
210
200
210
200
200
210
240
270
250
240
250
250
250
250
240
250
250
290
300
290
300
290
310
290
290
290
290
290
310
290
300
290
290
290
290
300
290
290
300
290
290
290
300
290
290
350
330
330
350
330
340
340
340
330
340
330
340
360
330
340
340
340
340
340
340
380
430
420
440
470
480
470
480
470
480
480
470
470
470
470
480
470
470
480
470
520
560
580
560
610
640
610
620
630
620
620
630
610
630
610
620
680
660
680
670
670
670
680
660
680
670
720
730
720
730
720
720
730
720
720
730
730
770
790
780
820
820
830
820
820
840
830
830
1280
1300
1290
1310
1300
990
820
820
830
820
840
820
840
830
820
880
960
870
780
790
850
950
870
870
870
870
870
880
930
920
940
930
930
980
1040
1040
1030
1030
1040
1020
1100
1080
1160
1190
1210
1190
1190
1210
1210
1190
1190
1190
1200
1190
1210
1250
1240
1260
1270
1240
1320
1290
1310
1300
1310
1310
1310
1310
1300
1320
1350
1370
1360
1350
1360
1370
1350
1370
1370
1370
1350
1360
1360
1360
1420
1480
1160
1370
1500
1460
1470
1480
1480
1480
1470
1500
1460
1470
1480
1480
1530
1520
1540
1540
1550
1520
1520
1540
1540
1590
1580
2420
2560
2550
1790
1580
1570
1600
1580
1590
1430
1580
1850
2040
1940
1670
1650
1650
1650
1650
1650
1650
1640
1660
1650
1640
1660
1650
1700
1710
1700
1730
1700
1700
1710
1690
1720
1720
1690
1710
1720
1700
1490
1080
1630
1700
1720
1700
1700
1750
1780
1760
1770
1760
1770
1750
1820
1750
1770
1750
1750
1900
1890
1820
1810
1830
1820
1840
1830
1880
1870
1900
1880
1890
1890
1890
1890
1890
1870
1890
1890
1890
1870
1870
1860
1870
1870
1950
2010
2010
2010
1990
2050
1990
2010
2010
2020
2010
2070
2080
2060
2050
2110
2090
2110
2120
2100
2140
2120
2110
2210
2190
2210
2200
2200
3500
3300
2210
2200
2200
2220
2200
2180
2220
2180
2230
2190
2200
