3600
3550
3520
3560
3570
3540
3530
3550
3560
3660
3550
3550
3520
3540
3540
3520
3560
3570
3530
3660
3550
3520
3550
3510
3550
3550
3520
3450
3450
4530
4400
4390
4230
4380
4390
4380
4410
4380
4380
4540
4380
4180
4350
4350
4370
4380
4390
4380
4380
4530
4390
4380
4410
4380
4390
4380
4380
4390
4400
4540
4390
4390
4390
4380
4210
3010
2950
3880
4390
4530
4380
4390
4380
4380
4390
4400
4380
4370
4380
4540
4090
2950
4000
4360
4360
4340
4370
4360
4370
4500
4350
4340
4350
4210
4370
4360
4360
4350
4360
4500
4370
4360
4370
4350
4350
3450
2950
2950
3000
3070
2980
3370
4380
4380
4360
4370
4380
4360
4390
4560
4410
4390
4400
4390
4380
4390
4390
4410
4400
4540
4380
4390
4410
3560
2960
2950
2960
2950
2950
3750
3380
2950
2950
2970
2960
2960
2950
3830
4390
4500
4360
4360
4390
4410
4390
4390
3480
2970
2950
3070
2980
2980
3120
4400
4390
4430
4380
4350
4360
4510
4380
4350
4360
4360
4360
4350
4360
4370
4360
4510
4350
3880
3040
3180
3520
3500
3500
3500
3560
3230
3500
3530
3530
3520
3510
3530
3500
3530
3510
3640
3510
3530
3520
3520
3530
3530
3540
3510
3530
3630
3510
3570
3450
3500
3540
3520
3520
3520
3510
3650
3510
3530
3500
3530
3500
3530
3510
3470
3500
3630
3530
3600
3640
3550
3530
3510
3530
3500
3530
3640
3510
3520
3530
3520
3520
3520
3510
3530
3500
3650
3510
3530
3500
3500
3540
3520
3490
3510
3530
3640
3510
3600
3520
3520
3500
3540
3500
3520
3520
3640
3530
3490
3520
3540
3510
3540
3500
3520
3510
3650
3560
3510
3610
3620
3590
3560
3530
3510
3520
3660
3530
3500
3550
3500
3530
3510
3580
3520
3580
3600
3500
3490
3510
3520
3590
3520
3540
3500
3310
3640
3560
3520
3540
3330
2960
2970
2970
2950
2950
3060
2990
2970
2960
2990
2970
2970
2970
2970
3540
4520
4370
4320
3190
2940
3820
2950
2950
3350
4250
4500
4340
3660
2950
2950
2970
2950
2950
2950
2950
3080
2940
2950
2940
2950
2970
2950
2950
2970
2950
3060
2950
2950
2950
2970
3860
4420
4390
4000
2960
4230
3870
2950
2950
2950
2970
2990
2950
2940
2980
3060
2950
2960
2950
2950
3430
2950
3420
4400
4400
4520
3800
2960
2950
2950
2950
2960
2970
2950
2950
3080
2950
2970
2950
2950
2960
2970
2960
2980
2950
3060
2950
2950
2980
2980
2940
2950
2940
2950
2950
4560
3840
