0.437477
0.512954
0.435232
0.335827
0.308703
0.317251
0.403791
0.431676
0.535972
0.644011
0.955801
1.063328
1.247645
1.334822
1.438884
1.535800
1.676462
1.750710
1.573691
1.298571
1.014398
0.597395
0.665666
0.792907
0.879425
0.971962
0.847586
0.783808
0.789105
0.845315
0.992836
1.108188
1.392735
1.600263
1.933793
2.260069
2.552871
2.774659
2.932185
2.867457
2.675138
2.460517
2.231472
2.075375
1.822235
1.666198
1.471408
1.325428
1.293888
1.154369
1.130475
1.152253
1.017336
0.902327
0.832458
0.722236
0.594380
0.532929
0.455746
0.399350
0.587338
0.926730
1.145043
1.427649
1.697381
1.930559
2.157343
2.386819
2.559107
2.781140
3.058660
3.315315
3.537425
3.722067
3.935111
4.008335
4.180277
4.441671
4.637422
4.958867
5.337461
5.696509
6.068304
6.354188
6.653658
6.877964
6.979712
6.998525
7.003955
6.924350
7.025911
6.893641
6.837271
6.924446
7.006025
6.909213
6.950905
6.921864
7.291975
7.567204
7.829562
7.523579
7.111844
7.034514
6.739727
6.610538
6.202596
5.856902
5.563208
5.640286
5.840784
5.937778
6.029305
6.143370
6.254335
6.464108
6.747684
6.985806
7.250911
7.505751
7.752084
8.064003
8.416540
8.844299
9.347557
9.864085
10.205663
10.326572
10.117775
9.833388
9.452312
9.090810
8.779378
8.269996
7.557837
6.739599
6.000173
5.267142
4.596396
4.054535
3.360292
2.583408
2.196610
1.872984
1.607915
1.231377
1.089904
1.243314
1.603940
1.973301
2.336557
2.612342
2.846925
3.166218
3.579473
3.957668
4.374628
4.878764
5.411158
5.962489
6.611780
7.306082
7.787371
7.970117
7.994033
7.951860
7.693614
7.213277
6.555431
5.547202
4.913547
3.836690
2.920038
1.975811
1.073106
0.270323
0.495646
1.023742
1.294231
1.224308
1.037059
0.997044
1.200730
1.535904
1.902006
2.301353
2.607340
2.914477
3.220676
3.581982
4.018256
4.587778
5.242385
6.115412
7.246847
8.638773
10.504556
12.757825
15.115160
17.223481
18.442150
19.932489
21.052267
21.940961
22.652209
23.273440
23.932971
24.516397
25.122126
25.855674
26.380440
27.233122
28.084326
29.064952
29.867582
30.608481
31.349864
32.126926
32.710214
33.282284
33.777607
34.270152
34.658128
34.932278
35.194233
35.122904
34.898714
34.603747
34.491370
34.407495
34.647677
34.653624
34.828194
34.926686
35.006489
35.365440
35.674407
35.985708
36.344971
36.713291
37.080834
37.474551
37.887328
38.335599
38.599329
38.603143
38.256049
37.722738
37.223688
36.772149
36.290797
35.899027
35.497422
35.133253
34.678266
34.305494
34.035594
33.739711
33.620268
33.470057
33.189837
33.066285
32.883205
32.805014
32.661545
32.507716
32.332376
31.969340
31.621563
31.265436
30.912551
30.639198
30.314409
30.013753
29.634060
29.254174
28.901808
28.600694
28.330002
27.839093
27.354134
26.641981
25.722775
24.689106
23.419500
22.271239
21.490068
20.848370
20.338723
19.952450
19.541301
18.981845
18.443124
17.829817
17.253734
16.719645
16.265931
16.330968
16.766999
17.412648
18.000354
18.610274
19.218481
19.789674
20.343718
20.831137
21.343207
21.765353
22.165957
22.564765
23.098956
23.769421
24.319977
24.999327
25.868714
26.541455
27.165969
27.793363
28.339334
28.714106
29.117558
29.782405
30.202113
30.855644
31.271564
31.754161
32.069154
32.413020
32.648224
32.927776
33.223138
33.189432
33.198158
33.328963
33.460224
33.634548
33.713315
33.819458
33.889832
33.962026
34.150229
34.321782
34.427372
34.649294
34.784432
34.861862
34.999063
35.231392
35.400565
35.549195
35.704162
35.855803
36.020989
35.927995
35.832307
35.593925
35.344595
35.058434
34.712805
34.398499
34.078706
34.145844
34.023765
34.013948
33.831849
33.735666
33.598029
33.420459
33.329302
33.178670
33.034557
32.871716
32.648827
32.536389
32.382383
32.203551
32.004578
31.775064
31.615784
31.634856
31.655444
31.825230
31.903427
31.935448
31.834620
31.500900
31.229340
30.954672
30.702137
30.504702
30.236229
29.774692
29.125643
28.543397
27.780638
26.976995
26.168230
25.295497
24.387224
23.569913
23.002941
21.867946
20.979576
20.189624
19.591075
18.938982
18.334175
17.729571
17.110272
16.500498
15.768914
15.273037
15.082710
15.229747
15.705684
16.119445
16.537496
17.025655
17.666840
18.395685
18.944344
