2.082248 2.161087
2.151310 2.195878
2.266947 2.237382
2.344810 2.160313
2.394538 2.092810
2.450020 2.073552
2.495228 2.037103
2.675672 2.096800
2.903797 2.084912
3.135247 2.185818
3.402663 2.294319
3.677624 2.417105
3.983613 2.629479
4.308910 2.909561
4.613923 3.004006
4.930497 3.139645
5.126996 3.237061
5.287013 3.369833
5.365826 3.478490
5.256152 3.313419
5.122133 3.043750
4.927798 2.912341
4.786214 2.859022
4.685774 2.809471
4.598304 2.862583
4.346366 2.687428
4.013965 2.603966
3.654612 2.548068
3.483631 2.482813
3.383492 2.526332
3.301690 2.566454
3.281677 2.681498
3.314686 2.825780
3.199896 2.982869
3.114753 2.910843
3.063614 2.960739
3.152167 2.825804
3.000035 2.562121
2.900648 2.464376
2.616801 2.249493
2.250279 1.994185
2.058424 1.856837
1.986489 1.799971
2.066283 1.937014
2.195708 2.057695
2.314825 2.259470
2.429998 2.335103
2.607832 2.369574
2.793511 2.324971
2.996096 2.260945
3.138443 2.042669
3.334911 2.136676
3.460181 1.976923
3.573288 1.989292
3.738600 2.078174
3.861442 2.102062
3.773734 1.979161
3.581614 1.772234
3.285460 1.642573
3.038601 1.505001
2.845093 1.483312
2.774561 1.505244
2.714979 1.575686
2.751628 1.662320
2.761318 1.780110
2.804474 1.957700
2.957660 2.107933
3.107844 2.181791
3.274738 2.299095
3.372797 2.535021
3.336138 2.613364
3.324993 2.605812
3.208792 2.569149
3.077505 2.376471
2.931168 2.304508
2.754716 2.092300
2.482354 1.994811
2.270593 2.096057
2.243276 2.145187
2.221998 2.245883
2.371006 2.416982
2.509062 2.531883
2.714149 2.581316
2.910935 2.665018
3.134418 2.568459
3.253801 2.266995
3.417993 2.162488
3.566659 2.018331
3.545889 1.938304
3.578755 1.939900
3.548373 2.025130
3.548964 2.059425
3.532269 2.105183
3.482480 2.235070
3.448979 2.271062
3.533173 2.413310
3.507999 2.402371
3.446175 2.599428
3.525186 2.733272
3.526948 2.691356
3.524102 2.616557
3.326771 2.447367
3.136168 2.198274
2.917657 2.096212
2.829550 2.002073
2.753082 1.936017
2.672288 1.915016
2.679562 1.979924
2.610080 2.033902
2.684866 2.039192
2.643391 2.020829
2.464987 1.962462
2.221486 1.754551
2.026407 1.596956
2.016701 1.551665
1.988874 1.662035
2.068062 1.800399
2.168911 2.057458
2.335050 2.252373
2.486850 2.453386
2.674087 2.616673
2.891014 2.670163
3.136741 2.694253
3.322709 2.704288
3.509640 2.636890
3.653245 2.497391
3.595942 2.397074
3.321392 2.257868
3.014278 2.040592
2.563089 1.812310
2.311953 1.632898
2.133609 1.633733
2.115750 1.667157
2.202630 1.834180
2.328482 2.074938
2.431612 2.257403
2.532995 2.346625
2.769333 2.374203
2.913582 2.321916
3.126227 2.313045
3.239803 2.411978
3.380202 2.474908
3.530859 2.502294
3.700213 2.527844
3.734018 2.418242
3.678094 2.261023
3.319919 1.967815
2.803015 1.683387
2.390089 1.517770
2.191688 1.431284
1.981215 1.540716
1.877059 1.593995
1.870233 1.681076
1.993609 1.846507
2.194517 2.013126
2.384375 2.188134
2.617724 2.357866
2.857400 2.575496
3.065214 2.715315
3.327652 2.731333
3.501865 2.678871
3.670460 2.566375
3.623589 2.376219
3.277103 2.199518
2.878587 1.939894
2.538958 1.789876
2.344684 1.713327
2.270725 1.711834
2.194288 1.811112
2.218126 1.917933
2.247407 2.007827
2.374802 2.068795
2.518020 2.114473
2.590212 2.168654
2.633592 2.213663
2.654755 2.227894
2.771784 2.295575
2.805565 2.220732
2.730725 2.078440
2.419193 1.805258
2.218644 1.579620
2.159625 1.513185
2.042107 1.540995
2.100693 1.624146
2.148729 1.688583
2.150243 1.851489
2.280565 2.006464
2.485336 2.232938
2.631474 2.388309
2.698555 2.518779
2.904519 2.614242
3.095508 2.649693
3.311213 2.665991
3.457157 2.641063
3.545682 2.585289
3.729764 2.458748
3.838680 2.406882
3.864365 2.303693
3.947281 2.349228
4.066414 2.472107
4.260851 2.635228
4.467612 2.937520
4.711201 3.271208
4.877946 3.695896
4.952650 4.100000
4.946148 4.341259
4.898375 4.574751
4.948301 4.637368
4.950905 4.728494
5.077579 4.828023
5.361488 5.080858
5.275976 4.856197
5.231297 4.635522
5.147162 4.638038
5.128027 4.683492
5.190182 4.880048
4.542772 3.889868
4.356893 2.737714
4.101940 2.417780
4.079246 2.359868
3.919305 1.823509
4.019794 1.877054
4.091745 1.932443
3.615738 1.845323
3.332845 1.817357
3.262959 1.870485
3.441400 2.020148
3.636104 2.285523
3.730837 2.612573
3.932841 2.929334
4.206736 3.286648
4.506113 3.757978
4.779171 4.147033
5.098656 4.650076
5.353966 5.262969
5.483246 5.918029
5.694104 6.531640
5.892862 7.115326
5.950539 7.580146
5.955265 7.910686
6.107173 8.053606
6.058857 8.164422
6.074050 7.962999
5.663595 7.618091
5.246321 6.483225
4.594140 5.517557
3.710953 4.783330
2.975363 3.921258
2.449339 3.230175
2.040745 2.509755
2.122837 2.549117
2.239185 2.423754
2.392863 2.444929
2.400839 2.219789
2.520008 2.163033
2.657482 2.095651
2.776035 1.971578
2.938768 1.993907
3.039462 1.982745
3.110394 1.850686
3.162895 1.876623
3.256812 1.842754
3.220166 1.798677
3.131795 1.635921
3.068275 1.577197
2.941585 1.628891
2.811699 1.657930
2.881864 1.701090
2.810584 1.754010
2.891189 1.817728
3.047849 1.984310
3.212666 2.123885
3.528177 2.379718
3.824136 2.635172
4.093626 3.012878
4.353195 3.371839
4.636320 3.668820
4.888174 4.016073
4.998160 4.324958
5.097444 4.688194
5.195333 5.154371
5.297794 5.599278
5.368158 6.204209
5.463640 6.631768
5.641628 7.215290
5.748475 7.845343
6.109134 8.536479
6.256934 8.962460
6.194103 8.868485
5.493076 8.158788
4.614456 6.497988
3.466637 4.938232
2.929710 3.355409
2.498474 2.143030
2.439524 1.364548
2.262074 1.228998
2.115332 1.194277
1.942766 1.172608
1.839951 1.125643
1.771269 1.179055
1.848430 1.365857
1.954711 1.605888
2.109253 1.826417
2.341817 2.078668
2.681332 2.306496
2.875007 2.455921
2.969183 2.495643
2.876596 2.126669
2.806604 1.953423
2.620417 1.834664
2.387460 1.794001
2.287340 1.583572
2.283575 1.400132
2.355805 1.384205
2.453137 1.388716
2.498551 1.395244
2.468565 1.116472
2.509919 1.105379
2.568517 1.152849
2.688500 1.154893
2.689388 1.186005
2.457132 1.092999
2.200754 1.015764
2.148675 1.034529
2.140497 1.086658
2.157068 1.223921
2.219133 1.372953
2.325791 1.570373
2.444621 1.745564
2.617421 1.854417
2.725385 1.884355
2.713013 1.799821
2.648637 1.848637
2.500547 1.826060
2.518207 1.880469
2.678070 2.057693
2.918909 2.353466
3.116974 2.718925
3.373363 3.113788
3.541700 3.434900
3.662886 3.661806
3.670915 3.922808
3.551385 3.943009
3.515091 3.766234
3.424553 3.763109
3.257126 3.642700
3.069342 3.348666
3.122082 3.265646
3.080746 3.111544
3.065357 2.885409
3.189560 2.677266
3.142608 2.302128
3.040773 2.140785
2.798842 2.084680
2.429596 1.787594
2.062845 1.058784
1.830194 1.079989
1.791480 1.197548
1.789863 1.256652
1.925331 1.292286
2.145731 1.322337
2.351145 1.336582
2.501129 1.296244
2.469477 1.184903
2.336564 1.258193
2.257807 1.217295
2.267920 1.190221
2.316457 1.110548
2.366540 1.193282
2.339357 1.152893
2.402043 1.078427
2.371963 1.041788
2.404514 1.094903
2.341977 1.027464
2.339117 1.025341
2.351585 1.029740
2.428842 1.045404
2.561783 1.116483
2.604748 1.147082
2.382302 1.122495
2.389500 1.153228
2.257923 1.197082
2.191427 1.268058
2.380840 1.484021
2.516891 1.711529
2.389023 1.830282
2.384686 1.884666
2.348081 2.013273
2.375637 2.071567
2.471466 2.160804
2.536103 2.052261
2.556149 1.999345
2.519702 1.901362
2.439532 1.559970
2.466007 1.537582
2.504132 1.271947
2.508246 1.292087
2.548417 1.325525
2.500484 1.266728
2.474107 1.333108
2.498607 1.296593
2.563857 1.294826
2.640637 1.354847
2.662026 1.404127
2.692286 1.355591
2.776050 1.364003
2.771331 1.353202
2.779936 1.296028
2.688837 1.291893
2.554625 1.218656
2.497671 1.218469
2.391519 1.200802
2.179334 1.121706
1.994350 1.158462
1.821398 1.104596
1.645611 0.999451
1.645915 0.997333
1.789589 1.110933
1.909630 1.266958
2.037756 1.222622
2.023740 1.247095
