2.048716 2.139085
2.091709 2.154987
2.170325 2.213802
2.324288 2.276204
2.560994 2.359083
2.846624 2.457653
3.172328 2.602361
3.488317 2.780140
3.818165 2.982875
4.164369 3.205368
4.122608 3.294866
4.142504 3.224611
4.230783 3.198286
4.358668 3.175624
4.450141 3.197179
4.475201 3.316446
4.607719 3.398605
4.643371 3.263334
4.448385 3.252451
4.203677 3.168386
3.619629 2.930483
3.149150 2.626875
2.980023 2.445976
2.790395 2.222781
2.619627 2.124646
2.563317 2.078027
2.635647 2.183568
2.648119 2.316230
2.595669 2.439587
2.697880 2.512062
2.831816 2.678045
2.901660 2.833368
3.030570 2.933181
3.000576 2.998439
3.047826 2.977884
3.091090 2.921486
3.138768 2.921191
3.068858 2.878773
2.880478 2.609453
2.578915 2.213017
2.267440 1.853477
2.019943 1.690871
1.942182 1.478136
1.968634 1.569116
1.976678 1.638623
2.044579 1.748930
2.145445 1.797766
2.175539 1.770045
2.148764 1.694334
2.130689 1.649393
2.054455 1.377641
2.020360 1.357132
1.986370 1.257727
1.924428 1.345193
1.864838 1.355696
1.954424 1.474397
1.958807 1.560182
1.900741 1.599573
1.670394 1.610237
1.546643 1.490436
1.454164 1.291061
1.465956 1.312497
1.530642 1.393957
1.653690 1.480528
1.835786 1.620193
2.002772 1.802312
2.171442 2.023045
2.308213 2.149177
2.380086 2.288362
2.423588 2.264503
2.479857 2.304925
2.408751 2.131709
2.321226 2.079598
2.124938 1.892537
2.000196 1.648107
1.816841 1.474560
1.723400 1.372048
1.613937 1.398310
1.592939 1.555990
1.606660 1.719885
1.666814 1.853429
1.752762 2.035717
1.852323 2.088744
1.983857 2.147665
2.106264 1.967390
2.122806 1.773321
2.160116 1.473930
2.227309 1.307967
2.216128 1.355301
2.121522 1.337205
2.044964 1.382736
2.006047 1.331911
1.951189 1.380043
1.964070 1.434868
1.987531 1.487177
2.120568 1.660827
2.227267 1.822334
2.358889 2.095039
2.505343 2.355030
2.614925 2.512198
2.517284 2.491889
2.262245 2.367519
2.011008 2.118806
1.798606 1.958128
1.778462 1.782253
1.690019 1.711752
1.716429 1.603906
1.747463 1.586641
1.909084 1.586866
1.965822 1.610837
1.904573 1.652653
1.687297 1.558614
1.439501 1.361075
1.256254 1.183431
1.282466 1.169143
1.397489 1.331406
1.568776 1.600892
1.695544 1.888145
1.916099 2.211010
2.045931 2.523817
2.251066 2.784063
2.411912 2.980224
2.524611 3.154559
2.542105 3.172350
2.589090 3.108934
2.577571 3.027206
2.493952 2.715748
2.246315 2.402862
1.988392 1.961314
1.764599 1.689445
1.655468 1.512519
1.689994 1.501139
1.767548 1.627713
1.753873 1.831234
1.834723 2.035562
1.935905 2.237395
2.158854 2.299663
2.267627 2.464004
2.505075 2.410949
2.588800 2.324116
2.603421 2.297255
2.512956 2.286228
2.470315 2.293458
2.421470 2.344634
2.317137 2.318624
2.114419 2.348695
1.802909 2.162246
1.517282 1.888724
1.300711 1.612764
1.277660 1.473594
1.370642 1.454349
1.472553 1.501438
1.618099 1.660904
1.720564 1.891867
1.841522 2.181393
2.007395 2.478311
2.092563 2.731029
2.255218 2.817029
2.445122 2.885653
2.623110 2.868923
2.796859 2.801849
2.791222 2.622342
2.603685 2.382134
2.356733 2.005551
1.988838 1.675342
1.728468 1.542381
1.640893 1.516767
1.654239 1.612469
1.697129 1.779850
1.721109 1.961203
1.801606 2.144924
1.912544 2.221947
2.032512 2.291796
2.205707 2.244015
2.285976 2.246354
2.388572 2.196042
2.383122 2.204630
2.309346 2.103673
2.126806 1.981097
1.856981 1.826817
1.593558 1.652590
1.412985 1.581428
1.342861 1.580576
1.313214 1.618865
1.379172 1.668552
1.509724 1.765986
1.574873 1.786574
1.686558 1.743881
1.859109 1.838625
2.058672 1.785892
2.217066 1.882205
2.347115 1.973733
2.411408 2.165571
2.488355 2.328630
2.463256 2.459316
2.340835 2.459489
2.202886 2.402757
2.208582 2.275283
2.295219 2.359685
2.291891 2.570296
2.470833 2.841523
2.708268 3.143400
3.063424 3.476119
3.354744 3.827862
3.536412 4.185140
3.771117 4.393046
3.814670 4.542012
3.795923 4.569067
3.855744 4.736559
3.985327 4.946809
4.151205 5.239230
4.388661 5.564791
4.679024 5.996147
4.989907 6.304799
5.227275 6.908964
5.516821 7.377690
5.717710 7.901083
5.944590 8.151966
6.232517 8.666407
6.423554 9.061147
6.673421 9.398031
6.975893 9.698548
7.246796 9.939538
7.429236 10.189526
7.650087 10.482087
7.908444 10.823470
8.187829 11.056496
8.485882 11.326752
8.730050 11.529268
8.961621 11.739868
9.212960 11.972323
9.441044 12.176576
9.684338 12.386442
9.931579 12.578255
10.201604 12.750083
10.441831 12.922391
10.659640 13.150323
10.831495 13.360922
11.025118 13.424254
11.201510 13.412166
11.277747 13.477297
11.183287 13.389804
11.090839 13.206249
10.686796 13.070975
10.021844 12.017516
8.744888 10.585736
7.074442 8.337754
5.276053 6.176718
3.932224 5.052038
3.254290 3.947013
3.113160 3.323327
2.926655 2.928325
2.878394 2.485769
3.034047 2.428722
3.248783 2.258978
3.465278 2.179054
3.779819 2.336101
4.113688 2.578940
4.415473 2.752714
4.753591 2.855168
5.058009 2.926078
5.335638 3.037243
5.607894 3.201724
5.902528 3.281913
6.212372 3.454705
6.487773 3.602814
6.801936 3.700655
7.035230 3.902894
7.320602 3.959617
7.617661 4.167112
7.893776 4.387469
8.205833 4.604798
8.510745 4.844643
8.762606 5.086101
9.008879 5.351391
9.321128 5.625537
9.597641 5.867766
9.840089 6.132537
10.059346 6.402508
10.275741 6.687157
10.500429 6.958747
10.689763 7.247585
10.898747 7.525069
11.026265 7.839851
11.164516 8.045357
10.929591 8.386205
10.396648 8.719752
9.373379 8.952483
7.916773 8.482731
6.137987 6.900273
4.119017 5.327368
2.820578 3.424433
2.243090 2.426516
1.914737 1.315281
2.005705 1.198334
2.057853 1.211459
1.887221 1.194399
1.715123 1.157817
1.530066 1.097163
1.396073 1.192704
1.355633 1.395393
1.454916 1.637376
1.559870 1.921647
1.770157 2.151403
1.947630 2.262957
2.137474 2.358617
2.194105 2.454001
2.141513 2.491724
2.089433 2.349029
2.124165 2.236483
2.099033 2.146397
2.170217 1.879373
2.380480 2.000639
2.626231 1.852459
2.917996 2.024556
3.239671 2.112855
3.518902 2.185747
3.795208 2.340892
4.039797 2.532843
4.325733 2.640675
4.564637 2.778885
4.902382 2.858389
5.132440 2.805038
5.299396 2.806911
5.530202 2.916135
5.787280 3.014690
6.081905 3.171749
6.358265 3.308142
6.677937 3.462708
7.004157 3.625811
7.310214 3.828538
7.545549 3.964929
7.770108 4.124684
8.051883 4.261041
8.319025 4.566276
8.572215 4.759861
8.784489 4.970543
9.021074 5.167951
9.244238 5.430471
9.466634 5.686153
9.684945 5.978459
9.843147 6.262677
10.053777 6.492979
10.171408 6.750231
10.261386 7.004744
10.390659 7.267247
10.347267 7.595075
10.253216 7.869687
9.878607 8.017185
9.142533 7.903220
8.281699 7.579404
7.256074 6.644889
5.787444 5.974995
4.649323 4.636311
3.539779 3.214875
2.817498 2.561253
2.235096 1.999202
1.926551 1.984358
2.054255 1.545475
2.221367 1.688162
2.557140 1.814343
2.884754 1.905574
3.272088 2.070377
3.570187 2.177170
3.877313 2.237774
4.176611 2.343163
4.576412 2.449915
4.898940 2.549801
5.186984 2.664899
5.459700 2.698026
5.753166 2.789193
5.978733 2.919629
6.269349 3.125649
6.505408 3.177939
6.748203 3.142637
6.923935 3.186301
7.250098 3.313073
7.535213 3.551546
7.710218 3.693744
7.765671 3.774909
7.693709 3.774186
7.687596 3.823656
7.797424 4.015457
7.850122 4.224578
7.979153 4.417690
8.097397 4.542964
8.354047 4.620254
8.508737 4.779073
8.645864 4.943340
8.803861 5.123203
8.947394 5.304129
9.116620 5.532326
9.364811 5.766659
9.540282 6.015557
9.705566 6.311751
9.859808 6.649784
9.887037 6.952527
9.843075 7.297217
9.662928 7.630234
9.131077 8.029384
8.204369 8.260704
6.842368 7.833649
5.267086 6.667645
4.032575 4.949484
2.460665 3.802213
2.259042 2.635111
2.048105 2.595499
1.825752 1.430229
1.836267 1.333047
1.921273 1.374477
2.019563 1.345497
1.987293 1.337507
1.838977 1.356622
1.720563 1.334882
1.438247 1.296428
1.249437 1.318301
1.216141 1.383006
1.436994 1.504266
1.798980 1.621304
2.176151 1.778515
2.549814 1.972546
