2.041047 2.114441
1.938284 1.939199
1.903522 1.782480
1.878324 1.673247
1.903768 1.630059
1.980866 1.685703
2.157958 1.697663
2.393383 1.808347
2.663601 1.871766
2.992457 1.951708
3.311428 2.084031
3.444215 2.114326
3.571170 2.083365
3.618879 2.043565
3.732833 1.901751
3.610251 1.823634
3.580225 1.866147
3.450920 1.859501
3.311766 1.810898
3.021321 1.609544
2.765390 1.522865
2.387724 1.400444
2.141098 1.300247
2.022299 1.281589
2.089070 1.427117
2.154080 1.566969
2.308197 1.699765
2.564796 1.974034
2.918951 2.293627
3.298695 2.690506
3.666275 3.085678
3.967098 3.425767
4.262667 3.781899
4.530139 4.095416
4.799203 4.414976
5.049436 4.779404
5.307199 5.008160
5.475030 5.127405
5.551619 5.115897
5.369606 5.020147
5.087207 4.752993
4.723474 4.472536
4.416676 4.226960
4.253686 3.908455
4.009997 3.719978
3.864441 3.629564
3.803977 3.540666
3.900924 3.474549
3.939196 3.491295
3.950072 3.565678
4.071855 3.595712
3.943395 3.457404
3.766885 3.245027
3.435423 3.030171
3.384577 3.011364
3.271377 2.998753
3.109929 2.645927
3.028889 2.412325
2.778424 2.149812
2.530280 1.982839
2.347063 1.781200
2.025985 1.400588
1.911888 1.330410
2.061708 1.411801
2.225939 1.539239
2.532312 1.867049
2.837189 2.216169
3.222213 2.592719
3.563378 2.968872
3.913490 3.360046
4.282874 3.746044
4.541613 4.031589
4.726703 4.187273
4.886909 4.298736
4.947900 4.304459
4.853890 4.096718
4.783413 3.877267
4.570768 3.423270
4.417428 3.332604
4.134885 3.065664
3.978594 3.016666
3.613243 2.860779
3.337595 2.712796
3.255311 2.732387
3.295583 2.750666
3.117380 2.765915
3.273249 2.848294
3.422345 2.909742
3.475279 2.981595
3.664663 2.991164
3.750302 3.027940
3.602601 2.784655
3.491523 2.450894
3.294470 2.401285
3.114141 2.207575
2.999336 1.962336
2.964947 1.971000
2.933607 2.080911
2.937386 2.223153
2.852603 2.215272
2.704546 2.173640
2.504368 1.928583
2.228501 1.678414
2.092548 1.604956
2.003179 1.654478
2.065433 1.733590
2.197530 1.908164
2.344968 2.056361
2.478965 2.283569
2.577409 2.376057
2.601000 2.313682
2.400904 2.185655
2.110701 1.913713
1.864871 1.696445
1.731142 1.538540
1.765935 1.507483
1.846626 1.631106
2.042467 1.823185
2.238458 2.042039
2.383593 2.221339
2.519256 2.405829
2.703335 2.600084
2.815087 2.717873
2.813939 2.768761
2.913294 2.776669
3.112934 2.719097
3.076920 2.648676
2.895162 2.550468
2.632598 2.400332
2.400287 2.195815
2.268480 2.075312
2.215619 1.980273
2.195704 2.008606
2.114600 2.073988
2.190334 2.085562
2.319634 2.116340
2.498857 2.184263
2.612905 2.205974
2.757441 2.346238
2.838999 2.517635
3.106279 2.703707
3.272199 2.926044
3.469173 3.088051
3.544200 3.245221
3.574151 3.269668
3.548632 3.221593
3.304712 2.897354
3.098816 2.617163
2.898354 2.429532
2.754035 2.384161
2.744560 2.296298
2.697683 2.281867
2.748845 2.184011
2.760061 2.243767
2.908783 2.248122
2.984866 2.417645
3.043514 2.579611
3.040308 2.667114
3.122241 2.783797
3.135095 2.931312
3.173711 2.987738
3.176135 2.947226
3.086436 2.924453
2.784861 2.830757
2.532887 2.603679
2.299293 2.457766
2.202277 2.350707
2.187708 2.336929
2.244704 2.326365
2.326556 2.466628
2.470702 2.598522
2.573336 2.591831
2.745517 2.654135
2.891083 2.737254
3.052991 2.700282
3.176523 2.875413
3.270433 3.093831
3.192452 3.125134
3.037453 3.031049
2.832707 2.846784
2.678799 2.730782
2.413033 2.569741
2.287980 2.441307
2.290412 2.407688
2.276483 2.351622
2.172214 2.396057
2.232067 2.475800
2.389957 2.569400
2.550379 2.688788
2.646059 2.855327
2.783670 2.970334
2.841391 2.998014
2.800891 2.948210
2.739490 3.110494
2.838434 3.234528
2.874446 3.354920
2.867555 3.622503
2.982111 3.728414
3.147347 3.885511
3.219676 3.991014
3.400660 4.074361
3.616649 4.167030
3.857832 4.303992
4.127643 4.337605
4.382247 4.528130
4.647869 4.816501
4.970741 5.055819
5.403514 5.361939
5.778797 5.708638
6.217926 6.179044
6.603167 6.567077
7.022949 6.964827
7.348855 7.309775
7.761735 7.679147
8.235212 8.106425
8.634968 8.442150
8.975189 8.824700
9.324540 9.142436
9.590264 9.418468
9.887255 9.358357
10.004575 9.420726
9.919470 8.682379
9.722736 7.819175
9.687463 7.134079
9.422870 6.553871
9.367609 6.118988
9.234192 5.699629
9.201996 5.570365
9.243612 5.329211
9.366882 5.513284
9.495433 5.644371
9.609054 5.537641
9.645581 5.663942
9.738273 5.742323
9.861511 5.907182
9.952498 6.108521
10.022005 6.378193
10.228458 6.495026
10.113115 6.775622
10.312304 7.037789
10.474972 7.327518
10.613704 7.485004
10.533553 7.556468
10.636346 7.672019
10.453376 7.475076
10.249116 7.344721
9.840484 7.042082
9.560396 6.728630
8.976174 6.331107
8.109935 5.894993
7.701700 5.724795
7.296431 5.533316
6.723199 5.453222
6.452094 5.076795
6.196728 5.061612
6.027708 5.106085
6.077281 5.153264
6.191484 5.357180
6.214436 5.600592
6.434184 5.855284
6.649906 6.169612
6.815322 6.280447
6.645320 6.311684
6.730013 6.255792
6.467323 6.181961
6.421566 6.134911
5.833080 6.038192
5.583126 5.858887
5.142500 5.698568
4.764170 5.390988
4.647667 5.078759
3.664234 4.331593
3.626929 4.024338
3.679898 3.902090
3.795995 3.773104
3.749368 3.814964
3.978022 3.960620
4.281233 4.236128
4.567398 4.507259
4.765758 4.736705
5.067475 4.999203
5.178353 5.093068
5.147147 5.242500
5.058199 5.289084
5.136600 5.385942
5.280029 5.569183
5.376965 5.724497
5.493431 5.787638
5.565739 5.843742
5.765001 5.994361
5.879049 6.024232
5.531945 5.795864
5.090445 5.749388
4.612197 5.509290
4.052172 5.470531
3.889419 5.423801
3.420597 5.300439
3.323637 5.164499
2.693817 4.733711
2.553076 4.299515
2.104267 4.045982
1.904050 3.628065
1.888802 3.358428
1.976517 3.138456
2.148056 3.140208
2.395538 3.175384
2.644584 3.310971
2.954363 3.432353
3.177964 3.593752
3.552036 3.811387
3.919165 4.056811
4.296505 4.327488
4.578641 4.543228
5.034553 4.821397
5.460203 5.179333
5.903161 5.541958
6.282009 5.828986
6.662550 6.207230
7.060052 6.477572
7.290951 6.613250
7.524124 6.684024
7.018030 5.966425
5.965528 5.223514
5.249766 4.714635
3.618795 4.346421
3.006203 4.212308
2.389653 4.152622
2.331010 3.881973
2.375497 3.755936
2.432254 3.740688
2.522813 3.717291
2.383002 3.391064
2.330957 3.230077
2.447130 3.225088
2.661754 3.204905
2.979875 3.345473
3.352995 3.425211
3.866457 3.654241
4.398408 3.995804
4.872608 4.345948
5.337567 4.687149
5.811807 4.963822
6.315835 5.301203
6.668078 5.622457
6.970772 5.867489
7.249761 6.132606
7.622709 6.309221
7.976709 6.363163
8.224829 6.552527
8.446937 6.742942
8.707486 6.968313
8.733643 7.093974
8.731556 6.849904
8.452619 6.708693
8.223557 6.518568
7.802996 6.287236
7.389046 6.006714
7.218647 5.799403
7.081284 5.690830
6.804890 5.578180
6.730339 5.492128
6.550886 5.312285
6.274020 5.302979
6.030694 5.220373
6.026373 5.298750
6.066227 5.519916
6.199985 5.818833
6.330375 6.027845
6.493795 6.281099
6.538219 6.391555
6.470814 6.180869
5.191093 5.003674
4.260215 4.176520
3.451137 3.332004
2.924204 2.828162
2.728612 2.646310
2.621043 2.531557
2.532043 2.281255
2.590218 2.132453
2.558157 1.985614
2.408481 1.903434
2.170667 1.742572
2.116546 1.761699
2.242100 1.904110
2.428307 2.041590
2.581224 2.131562
2.799424 2.302883
3.132235 2.506146
3.491811 2.824350
3.825967 3.204742
4.133128 3.580092
4.371695 3.861642
4.547973 4.159982
4.856160 4.460219
5.103558 4.799494
5.392089 5.101312
5.742461 5.371872
6.035207 5.656638
6.122840 5.872517
6.353019 6.162960
6.536269 6.402035
6.709215 6.558933
6.677969 6.601822
6.647701 6.591735
6.483365 6.606753
6.379701 6.625848
6.411055 6.802324
6.421317 7.034970
6.462296 7.092827
6.567497 7.177163
6.514996 7.139733
5.642965 6.813878
4.937390 6.555970
4.600421 6.238821
4.067249 5.731276
3.535995 5.148701
2.895580 4.614736
2.734892 4.272895
2.703296 4.126783
2.776674 4.078168
2.989378 4.160157
