2.048716 2.139085
2.091709 2.154987
2.170325 2.213802
2.324288 2.276204
2.560994 2.359083
2.846624 2.457653
3.172328 2.602361
3.488317 2.780140
3.818165 2.982875
4.164369 3.205368
3.979517 3.236711
3.848779 3.242091
3.861126 3.356483
4.001517 3.469130
4.277817 3.682163
4.631812 3.931932
4.981137 4.264947
5.240853 4.562329
5.423859 4.883448
5.417735 4.964716
5.242141 4.898163
5.033948 4.717671
4.825993 4.454702
4.413975 4.075198
3.995365 3.854306
3.605375 3.551699
3.213794 3.061044
2.804096 2.812610
2.373227 2.282614
2.175912 2.141878
2.070093 2.091391
2.018888 2.181015
2.093912 2.281804
2.181160 2.487299
2.322106 2.799065
2.504760 3.094615
2.714788 3.404055
2.733067 3.634910
2.737162 3.673642
2.591985 3.567466
2.374682 3.366441
2.086764 3.094987
1.971939 2.854338
1.895414 2.581941
1.809576 2.334456
1.822639 2.061214
1.836566 1.886342
1.851946 1.890825
2.059219 1.859186
2.074962 1.979232
2.165337 2.266954
2.319637 2.602895
2.436875 2.979013
2.562969 3.389662
2.845607 3.834264
3.110660 4.311695
3.291475 4.612473
3.366012 4.712735
3.321370 4.609013
3.100400 4.431471
2.839654 4.053240
2.656936 3.766584
2.450120 3.384802
2.188413 2.985621
1.964802 2.529809
1.915626 2.215181
1.736377 1.920902
1.832540 1.864755
1.918560 1.732582
1.911256 1.778621
1.856655 1.954923
2.037010 2.163427
2.155435 2.400962
2.350425 2.786532
2.541393 3.145147
2.546276 3.399781
2.456982 3.644828
2.442353 3.856059
2.519271 4.054756
2.590519 4.243574
2.684194 4.470857
2.753302 4.663265
2.966540 4.911486
3.238913 5.217879
3.520553 5.569026
3.675603 5.762363
3.904001 5.956827
4.175009 6.178832
4.481521 6.510502
4.754359 6.765429
5.156524 7.027060
5.478357 7.414770
5.896369 7.680049
6.206783 8.057326
6.519580 8.434264
6.822729 8.791411
7.078745 9.129321
7.396030 9.373394
7.704246 9.683820
7.909795 9.894160
8.013318 9.994004
7.967724 9.957714
7.925113 9.889073
7.848970 9.859902
7.890877 9.900405
7.887177 10.034359
8.083515 10.115517
8.257297 10.191514
8.454317 10.483105
8.636850 10.604083
8.876126 10.714908
8.968211 10.789920
8.998232 10.830249
9.114311 10.799651
9.265874 10.715475
9.418531 10.728580
9.527483 10.782981
9.659890 10.812178
9.816547 10.896980
9.930191 10.995277
10.092376 11.076179
10.303358 11.134555
10.434015 11.280933
10.493556 11.404006
10.494293 11.462589
10.498727 11.384860
10.395711 11.289917
10.162021 10.842435
9.464578 10.379524
8.688005 9.517201
7.847721 8.876573
7.444220 8.310615
7.244318 8.075459
7.388562 8.251361
7.613793 8.576103
7.959852 8.806404
8.428257 9.100127
8.637292 9.191808
9.018071 9.341744
9.279417 9.423492
9.658971 9.407429
9.983820 9.510932
10.173168 9.663179
10.468047 9.618426
10.710248 9.669452
10.882064 9.472700
10.753030 9.272611
10.411204 9.085740
10.434163 8.500683
10.405684 8.293414
10.059761 7.683236
9.583263 7.145946
9.292626 6.466312
8.863961 6.192674
8.465005 6.107563
8.424291 6.034128
8.520424 6.077490
8.595883 6.230173
8.708754 6.314375
8.925380 6.400346
9.172267 6.617208
9.038006 6.595826
8.728132 5.967139
8.125532 5.634187
7.462432 4.975571
6.476992 4.464997
5.691332 4.076804
5.291525 4.009473
5.297564 4.020348
5.375728 4.074207
5.709143 4.227703
6.112269 4.431084
6.414153 4.647139
6.845759 4.960650
7.056433 5.139986
7.051020 5.254111
6.535036 4.954717
5.511532 4.219437
4.231880 3.564775
3.219013 2.813559
2.600331 2.234725
1.902643 1.958803
1.970360 2.046071
2.109534 2.147554
2.246039 2.274529
2.428628 2.450261
2.564089 2.668856
2.757717 2.856735
3.009502 3.048207
3.270401 3.303744
3.605363 3.613139
4.016883 4.015732
4.547926 4.448369
5.125128 4.926513
5.708029 5.397325
6.270046 5.766003
6.840436 5.914838
7.254422 5.725491
7.162196 5.135443
6.189309 4.168622
4.632748 3.191566
3.092993 2.395342
2.759261 2.150563
2.462615 1.955266
1.943133 2.015790
1.516658 2.198181
1.453079 2.253452
1.432656 2.343692
1.425081 2.318928
1.516708 2.364139
1.669169 2.450080
1.812493 2.531947
2.036435 2.556039
2.286882 2.639288
2.585225 2.638470
2.763158 2.604787
2.933637 2.655014
3.046478 2.667432
3.048345 2.841522
3.048739 2.958040
2.884941 3.083401
2.846879 3.148920
2.798543 3.139368
2.771190 3.078834
2.755163 2.975600
2.712295 2.960801
2.756707 3.025967
2.758968 3.060610
2.836703 3.090100
2.781820 3.136281
2.921282 3.269581
2.922909 3.385948
3.037734 3.587054
3.173292 3.812239
3.335978 4.151671
3.439357 4.457603
3.499628 4.683220
3.603432 4.856733
3.672315 4.942463
3.725616 4.866783
3.661555 4.744491
3.613066 4.587158
3.538285 4.513161
3.446460 4.224620
3.287450 3.972998
2.961465 3.561149
2.724858 3.205323
2.365787 2.948519
2.224463 2.523665
2.166181 2.424784
2.165234 2.456633
2.280129 2.393344
2.408338 2.505031
2.545099 2.640506
2.639196 2.532074
2.736479 2.522592
2.783601 2.585643
2.796603 2.567839
2.798874 2.543544
2.841270 2.484553
2.835373 2.400012
2.684093 2.235878
2.533659 2.024783
2.404775 1.998966
2.341989 1.806961
2.233845 1.826083
2.140651 1.931564
2.072197 1.979357
1.844638 1.961191
1.972293 2.013718
2.020648 2.111802
2.143900 2.198264
2.335379 2.323249
2.464933 2.523556
2.623741 2.796516
2.859043 3.035156
3.024016 3.180493
3.183058 3.301053
3.197307 3.459129
3.185433 3.535265
3.086610 3.477660
2.848856 3.365878
2.559765 3.202573
2.288891 3.033523
2.268023 2.843780
2.247664 2.763276
2.365898 2.732434
2.398495 2.714256
2.485905 2.707385
2.488819 2.794822
2.452320 2.822030
2.447644 2.929006
2.505002 3.099252
2.502000 3.242320
2.593507 3.398746
2.618364 3.429631
2.510927 3.330573
2.216823 3.075437
1.904116 2.709323
1.658192 2.391341
1.567800 2.140405
1.536631 1.989954
1.588229 1.941078
1.733092 1.934960
1.850873 1.989985
1.956759 2.120019
1.984157 2.348481
2.048941 2.519023
1.990720 2.802891
1.997479 3.059967
2.050627 3.339312
2.088087 3.394866
2.142005 3.524107
2.257285 3.417458
2.329435 3.260763
2.434577 3.131451
2.446372 3.092431
2.515573 3.017247
2.583250 3.084818
2.716584 3.128732
2.759551 3.091732
2.820453 2.963217
2.711898 2.862089
2.607745 2.809103
2.541739 2.734202
2.401781 2.737946
2.401253 2.759658
2.302022 2.868219
2.320480 2.966233
2.329330 2.964135
2.339746 3.125461
2.184010 3.090958
2.054841 3.042353
2.003785 2.967642
2.020077 2.926759
2.020865 2.933550
2.096699 2.915830
2.186220 3.033226
2.288136 3.143001
2.413514 3.296259
2.609947 3.558589
2.814532 3.723500
2.997352 3.882810
3.160382 3.953644
3.143905 3.913455
3.203901 3.896560
3.190005 3.848458
3.255142 3.841961
3.251545 3.700332
3.340319 3.684786
3.230076 3.645846
3.107877 3.550210
2.944453 3.508955
2.545529 3.127049
2.262312 2.630234
1.943664 2.176088
1.894952 1.975957
1.983595 1.962935
2.063651 1.812003
2.119705 1.901015
2.190182 2.083575
2.191590 2.191867
2.177818 2.179832
2.272156 2.123566
2.357316 1.992760
2.367514 1.943730
2.324231 1.876921
2.275563 1.823768
2.235966 1.785062
2.139365 1.804100
2.132431 1.726629
2.104343 1.684953
2.078022 1.642159
1.930037 1.631712
1.821451 1.583730
1.805460 1.682432
1.823476 1.753263
1.888512 1.869605
1.939233 2.059515
1.829081 2.004721
1.795514 2.033185
1.857272 1.992508
1.941406 2.031495
2.017514 1.923316
2.036207 1.942753
2.024138 1.945012
2.004022 1.909146
2.081143 2.126061
2.051375 2.312231
2.060727 2.449220
2.130287 2.521192
2.217583 2.649374
2.307876 2.734273
2.371748 2.827036
2.387520 2.966459
2.257084 3.134945
2.304579 3.329693
2.320969 3.567436
2.426659 3.726740
2.452989 3.757338
2.479832 3.757782
2.556032 3.751407
2.516965 3.745678
2.474109 3.629676
2.422038 3.466742
2.402392 3.317131
2.386504 3.191384
2.403483 3.064707
2.411767 2.865556
2.389429 2.732335
2.453985 2.751623
2.380024 2.798637
2.265709 2.781753
2.129446 2.676944
1.886235 2.447527
1.676012 2.148717
1.600989 1.885586
1.522659 1.865872
1.610353 1.825119
1.741841 1.806926
1.818100 1.816407
