40
4280
4430
4540
4710
5600
4870
5010
5130
5230
310
4350
4450
4120
4650
4760
4880
4990
6010
5220
310
4600
5630
4960
4650
4760
5070
5600
5130
5250
310
4350
4460
4560
5070
5350
5070
5330
5140
5260
310
4320
4670
4540
4700
5590
6800
6700
5100
5240
310
4320
4420
5970
5470
4790
4880
5340
5110
5230
310
4320
4480
5260
4660
4780
4890
5190
5130
5220
300
4620
4430
4580
4690
4830
4900
5020
5110
5260
310
4350
4430
5260
5460
5600
4920
5030
5120
6050
310
4340
4460
4560
4680
4800
4870
5040
5160
5320
380
4320
4440
4570
4650
4790
4920
5000
5140
5250
310
4380
4420
4580
4680
4840
4900
5000
5140
5230
310
4350
4430
4550
4640
4780
4880
4980
5120
6470
310
4380
4470
4560
4670
5970
4880
5010
5120
4930
310
4340
4430
4580
4680
4810
4930
5040
5150
5230
310
4310
4420
4560
4990
5020
6810
5420
4720
5250
310
4770
4440
4560
4660
4800
4860
5030
5160
5240
310
4380
4550
4560
4700
4780
4880
5080
5120
5220
310
4370
4450
4570
4670
4780
4940
5040
5110
5840
310
4310
5470
4540
4650
4790
4870
5000
5100
5290
310
4350
4460
4540
4740
4800
4900
5030
5130
5250
310
4380
4430
4540
4640
4780
4310
4780
5100
5220
310
4310
4420
4570
4680
4780
4870
4990
5130
5210
320
4310
4440
4540
4650
4770
4910
4990
5110
5220
300
4320
4420
4570
4660
4820
4910
5020
5140
5210
310
4320
4460
4580
4700
4770
4920
5020
5140
5260
310
4330
4420
4540
4650
4760
4900
4980
5110
5210
310
4350
4420
4540
4650
4750
4870
4980
5940
5250
300
4330
4430
4530
4650
4760
4870
5000
5120
5260
310
4350
4420
4560
4700
4830
4900
5000
5130
5240
300
4340
4460
4540
4650
4780
4950
5010
5150
6550
440
6140
6240
6410
6540
6680
6200
5030
5110
5260
310
4320
4440
4540
4650
4770
4920
5000
5110
5230
310
4310
4420
4540
4680
4760
4870
4990
5100
5220
310
4320
4430
4540
4660
4760
4910
4990
5180
5250
320
4340
4440
4610
4680
4760
4900
5050
5130
5240
310
4340
4430
4540
4640
4750
4870
5020
5510
5210
310
4350
4430
4570
4650
4760
4880
4990
5110
5230
300
4370
4450
4570
4660
4780
5920
6950
7090
7240
450
6080
6220
6370
6530
6660
6810
6960
7110
7250
440
6120
6220
6400
6520
6660
6800
6950
6040
5200
310
4340
4410
4540
4640
4790
4870
4980
5090
5210
240
