50
80
120
150
190
240
320
380
450
490
540
530
540
540
540
530
540
530
530
540
530
540
540
530
540
530
530
530
530
530
540
540
540
530
550
530
530
540
520
540
540
540
530
530
530
540
540
530
530
540
530
540
540
540
530
540
530
540
540
530
540
530
530
530
540
530
530
540
530
540
540
540
530
540
530
530
540
530
530
520
530
530
520
520
540
530
530
530
540
530
530
530
520
540
540
530
530
550
530
540
530
530
540
530
530
540
530
530
530
540
530
530
530
540
530
530
520
530
540
530
540
540
520
540
540
530
530
540
540
540
540
540
530
530
530
530
530
530
540
530
540
530
540
540
540
540
530
540
530
540
540
530
530
520
540
540
530
530
530
540
540
530
530
530
530
540
530
540
540
530
540
530
540
530
530
530
540
540
540
530
540
530
530
530
530
530
530
540
530
530
540
530
530
540
530
540
530
540
530
530
530
540
530
540
530
540
530
540
540
540
540
530
540
540
530
530
550
540
520
540
540
540
530
530
530
530
520
540
540
530
540
530
520
530
530
530
540
530
540
530
540
530
540
540
540
540
530
540
530
530
550
540
530
550
530
540
540
530
530
540
540
530
540
530
530
540
530
530
540
530
540
530
540
530
530
540
520
540
530
540
540
530
530
540
530
530
530
540
530
530
540
540
530
540
540
530
530
530
530
540
530
530
540
540
530
530
540
540
530
530
540
540
530
540
540
530
540
530
530
540
540
530
540
520
530
530
540
530
540
530
540
530
540
530
530
530
540
530
540
540
540
540
530
540
530
540
530
530
530
530
540
540
530
540
540
540
530
530
540
530
530
520
530
530
530
520
540
540
540
530
530
540
540
530
540
530
530
540
530
540
540
540
530
530
530
540
530
530
540
520
520
510
520
520
530
530
510
520
520
510
520
520
520
520
510
520
780
810
800
810
800
520
520
520
570
810
810
810
810
800
740
