0.435677
0.352722
0.343734
0.364452
0.394440
0.434171
0.369043
0.406301
0.502225
0.769878
1.041971
1.269669
1.455414
1.621986
1.718081
1.779845
1.949835
2.000238
1.920075
1.622053
1.231314
0.803273
0.414051
0.394289
0.754615
1.198922
1.511199
1.722087
1.753553
1.704226
1.556063
1.310783
1.305900
1.423652
1.536246
1.813481
2.138969
2.443156
2.647593
2.743098
2.670821
2.410656
2.274872
2.159219
2.101652
2.078934
2.258062
2.410141
2.696822
3.155778
3.647978
4.153784
4.577796
5.009961
5.454116
5.934347
6.274288
6.524159
6.401432
6.108882
5.739860
5.327206
4.992416
4.615549
4.171229
3.776710
3.378458
3.048938
2.881452
2.576676
2.441906
2.289719
2.278345
2.394352
2.606364
2.844363
3.345963
3.711079
4.154787
4.595690
4.972554
5.397698
5.814934
6.148155
6.623379
6.855640
7.101601
7.444017
7.865156
8.115297
8.434284
8.697260
9.162815
9.505093
9.858968
10.249099
10.620871
10.967576
11.298495
11.545881
11.777043
11.881013
11.808776
11.703503
11.708981
11.825107
11.871831
11.935506
11.975223
12.165722
12.517964
12.897932
12.971677
12.736381
12.697046
12.589042
12.535052
12.492043
12.479144
12.411650
12.428674
12.392990
12.438018
12.462966
12.664761
12.848032
12.963007
12.674094
12.164860
11.973425
11.848463
11.702270
11.720596
11.861616
11.976786
11.935072
11.923040
12.006491
12.021149
12.058282
12.095727
12.188408
12.326338
12.453366
12.401457
12.027772
11.556320
11.085111
11.027448
10.842028
10.585644
10.336580
10.210320
10.172984
10.176705
10.179887
10.221919
10.250913
10.274977
10.312819
10.452925
10.467777
10.177613
9.794828
9.619977
9.599329
9.642647
9.635613
9.668724
9.751997
9.810113
9.912076
10.028638
10.099616
10.171712
10.390263
10.583324
10.882021
11.323873
11.648458
11.812079
11.876790
12.030287
12.263953
12.481999
12.758951
12.993124
13.266156
13.614258
13.944807
14.268942
14.643894
14.928526
15.335260
15.914767
16.197572
16.619379
16.934931
17.482547
18.013779
18.588322
19.637539
20.726528
21.616319
22.435027
23.107646
23.800546
24.397677
24.976433
25.588386
26.167963
26.959383
27.605452
28.282654
28.965287
29.706642
30.455943
31.199740
32.197781
33.086023
33.860833
35.104898
36.309341
37.417947
38.526540
39.694347
40.622145
41.754541
42.608994
43.423232
44.477425
45.826234
47.083889
48.015395
48.863837
49.562634
50.336817
50.883221
51.610536
52.299556
52.930277
53.694000
54.385020
55.013841
55.564381
55.690001
55.508663
55.085904
54.638317
54.207794
53.844208
53.610815
53.153964
52.737415
52.335825
51.874026
51.494895
51.013618
50.499030
50.005437
49.482328
48.982964
48.324124
47.751152
47.190625
46.593024
46.048503
45.505596
44.940796
44.335245
43.929985
43.399011
42.804092
42.258376
41.721076
41.247282
40.774131
40.278757
39.808067
39.268334
38.780789
38.307164
37.745455
37.140297
36.650936
36.171077
35.711184
35.160064
34.704001
34.187947
33.693823
33.109572
32.064409
31.518488
30.899199
30.411291
29.729168
29.144808
28.866102
28.815855
29.140209
27.455067
25.733227
24.788448
24.438966
24.527484
24.825734
25.200085
25.593193
26.120188
26.640193
27.296448
27.802011
28.297610
28.806442
29.361145
29.670156
29.837075
30.005955
30.376409
30.707549
31.213772
31.959334
33.133372
34.144879
35.021229
36.004919
36.797965
37.823378
38.767207
39.762780
41.131052
42.658963
43.951953
44.917688
45.811100
46.829673
47.685868
48.373231
48.979553
49.668133
50.422180
51.042416
51.576899
52.170820
52.875576
53.514183
54.045287
54.685095
55.270477
55.835206
56.272782
56.475492
56.317392
55.889627
55.428065
54.941989
54.466154
54.022108
53.523090
52.923849
52.430027
52.019838
51.567322
51.220101
50.916523
50.567520
50.334740
50.020384
49.748143
49.472731
49.436831
49.499362
49.429252
49.259672
48.979480
48.686803
48.320702
47.913900
47.732590
47.768043
47.744564
47.744226
47.696287
47.601740
47.189497
46.713774
46.250871
45.742265
45.228641
44.647068
44.113828
43.518854
43.034261
42.515777
42.002434
41.401872
40.824205
40.188370
39.608282
38.917953
37.985854
37.058284
36.236631
35.228926
34.190927
32.584200
31.391821
29.946108
28.710733
27.289193
25.639140
24.236976
23.709888
23.768981
23.927853
24.436107
24.939200
25.428435
25.918045
26.390980
