2.037271 1.953252
2.065925 1.957833
2.063294 1.893668
2.180845 1.834152
2.311220 1.750055
2.439552 1.753196
2.661438 1.735283
2.927327 1.788352
3.264301 1.939826
3.556146 2.063965
3.895713 2.264583
4.024650 2.158176
4.204025 2.062752
4.210980 1.716474
4.253693 1.721690
4.386414 1.827208
4.577366 1.897529
4.769364 2.085504
4.741584 2.179070
4.638242 2.230216
4.319990 2.106303
3.975820 1.861012
3.739589 1.572518
3.470775 1.477014
3.218426 1.489585
3.055233 1.544698
2.987791 1.663364
3.070496 1.804052
3.260892 2.032488
3.320453 2.323876
3.487026 2.740001
3.662409 3.107024
3.733091 3.311416
3.762784 3.330835
3.763401 3.115463
3.747997 3.132997
3.762967 2.960792
3.724699 2.523642
3.716596 2.204629
3.433464 1.779312
3.006026 1.370891
2.736975 1.311710
2.526979 1.381134
2.420946 1.339605
2.479065 1.439917
2.559286 1.610457
2.675164 1.760806
2.888273 1.940263
3.021033 2.135769
3.101317 2.129821
3.047190 1.766988
3.032933 1.585582
3.053823 1.359451
2.998518 1.285148
3.051372 1.350775
3.136045 1.419659
3.293596 1.346749
3.356428 1.367480
3.220989 1.392481
2.960561 1.390010
2.630942 1.258710
2.397997 1.233213
2.309642 1.340858
2.239435 1.441870
2.313794 1.533613
2.420437 1.700477
2.649289 1.927550
2.807106 2.212397
2.935632 2.507877
2.973606 2.648778
2.984650 2.619263
3.014925 2.339595
3.021718 1.994455
3.120093 1.823557
3.122959 1.709842
3.048466 1.327019
3.047917 1.395210
3.052904 1.305732
3.105704 1.496156
3.152359 1.646574
3.346090 1.720397
3.459001 1.759297
3.442547 1.800527
3.592902 1.821085
3.768366 1.896774
3.804751 1.862015
3.829780 1.931632
4.036364 2.067336
4.195632 2.249535
4.369941 2.333648
4.527296 2.372933
4.649569 2.308372
4.544244 2.185842
4.466511 2.060922
4.527842 2.026172
4.658151 2.108836
4.704933 2.126670
4.828920 2.154397
5.011352 2.202589
5.014178 2.145257
4.928818 1.962078
4.683121 1.770635
4.369789 1.643096
4.296593 1.599815
4.137000 1.627893
4.171682 1.617729
4.261293 1.582169
4.451451 1.667601
4.590422 1.829536
4.680739 1.835681
4.687389 1.840907
4.460108 1.701150
4.269030 1.585143
4.132499 1.471156
3.969313 1.443044
3.868817 1.456063
3.801451 1.544625
3.885118 1.690760
3.920423 1.796289
3.904544 1.904475
4.006546 1.815787
3.890841 1.908758
3.840446 1.985871
3.739895 2.028426
3.627659 2.081621
3.562171 2.042067
3.272651 1.972207
3.010162 1.785833
2.705734 1.627691
2.411820 1.429309
2.324005 1.422387
2.284920 1.446769
2.366957 1.523366
2.447729 1.612102
2.554685 1.547249
2.677217 1.529423
2.827812 1.468210
2.841509 1.429262
3.057477 1.383937
3.262648 1.379390
3.475593 1.510864
3.596815 1.595974
3.794140 1.654475
3.925836 1.716051
4.048618 1.670548
4.096178 1.595990
3.880460 1.407986
3.525546 1.266561
3.232107 1.247515
3.052627 1.378175
2.884811 1.488729
2.842440 1.528263
2.824531 1.564519
2.782399 1.645520
2.837689 1.682303
2.926400 1.713084
3.046900 1.796209
3.207594 1.914605
3.344503 2.011984
3.342893 2.131570
3.310170 2.060102
2.999158 1.944884
2.846462 1.817912
2.507755 1.649476
2.354542 1.426949
2.208075 1.363946
2.231365 1.387512
2.308111 1.445612
2.328369 1.462952
2.293980 1.512514
2.332804 1.524304
2.459377 1.557258
2.588309 1.507682
2.711319 1.513307
2.930166 1.516004
3.229809 1.405732
3.510935 1.521693
3.684804 1.620749
3.629719 1.660149
3.432738 1.661136
3.088500 1.574521
2.811449 1.492482
2.650615 1.561972
2.619245 1.592871
2.643839 1.623951
2.664759 1.656036
2.840279 1.795610
3.003265 1.813183
3.168294 1.843422
3.193231 1.935451
3.348770 2.048871
3.497130 2.168426
3.488623 2.296359
3.415572 2.358970
3.392867 2.339979
3.335507 2.265583
3.204891 2.207505
3.202547 2.133340
3.240366 2.184458
3.379091 2.139429
3.493654 2.156157
3.497852 2.252257
3.594475 2.353708
3.647773 2.438039
3.674734 2.423969
3.574183 2.490393
3.687962 2.522689
3.790583 2.555250
3.798273 2.564352
3.880328 2.541966
3.948294 2.422069
4.022319 2.415711
4.133154 2.457071
4.361148 2.394860
4.461142 2.301924
4.558096 2.266072
4.588389 2.271160
4.604979 2.241050
4.466916 2.325439
4.487172 2.256372
4.343102 2.171001
4.127199 2.166215
3.974156 2.085477
3.957159 2.119548
3.954923 2.151238
3.936859 2.111728
4.018956 2.142658
4.014749 2.205283
3.949931 2.248580
3.929145 2.310919
4.074315 2.304310
4.236932 2.266694
4.423874 2.275923
4.664450 2.324081
4.782321 2.448559
4.902301 2.574078
4.919784 2.655023
4.854496 2.752474
4.604085 2.795069
4.118742 2.698601
3.546424 2.404051
3.044597 2.203869
2.974851 1.974350
2.977442 1.760985
2.931292 1.686898
3.116148 1.640155
3.468141 1.774915
3.633858 1.923843
3.795630 2.096003
3.839890 2.255210
3.994798 2.359522
3.845670 2.478922
3.681600 2.503496
3.542772 2.506392
3.347678 2.387508
3.357158 2.347995
3.269080 2.320565
3.359872 2.309847
3.445120 2.217821
3.412990 2.220410
3.586135 2.252667
3.591789 2.233186
3.539890 2.198052
3.579529 2.223843
3.616476 2.185910
3.639380 2.260656
3.686433 2.343501
3.556111 2.440809
3.517282 2.516840
3.637448 2.560356
3.837032 2.441114
3.961319 2.367482
4.034006 2.372678
4.280333 2.491701
4.484585 2.637050
4.613051 2.851765
4.617953 2.989171
4.884067 2.991337
5.129669 3.106132
5.436283 3.100983
5.749055 3.083626
6.059559 3.041425
6.303174 2.964012
6.419631 2.951298
6.352298 2.897561
6.287970 2.850921
5.809311 2.882483
5.212622 2.829384
4.680747 2.672664
4.008617 2.542494
3.370811 2.529281
3.081511 2.362642
2.905072 2.278329
2.891620 2.231191
2.686319 2.064370
2.657595 2.147125
2.452811 2.052847
2.267580 1.909191
2.170806 1.774896
2.108448 1.621916
2.100780 1.559391
2.134319 1.629066
2.340535 1.695175
2.495976 1.942087
2.627841 2.133260
2.812256 2.346997
3.007380 2.516612
3.199635 2.665338
3.414880 2.750267
3.640304 2.881682
3.894377 2.873121
4.102959 2.857066
4.295820 2.668137
4.319968 2.602066
4.409165 2.468216
4.514595 2.388104
4.322426 2.288196
4.420203 2.180020
4.562469 2.247787
4.622967 2.310207
4.330315 2.313162
4.186886 2.251950
3.836033 2.162954
3.571849 2.168948
3.500091 2.155107
3.366871 2.180332
3.424870 2.256248
3.530206 2.344767
3.620411 2.402531
3.565651 2.477299
3.688875 2.443821
3.683219 2.392776
3.541866 2.264578
3.564023 2.052208
3.648542 2.061436
3.612899 2.078133
3.767534 2.052761
4.011532 2.128915
4.325916 2.437336
4.951114 3.230681
5.010505 4.233978
4.710244 4.795023
4.453338 4.927586
4.206328 4.682534
3.850342 4.020243
3.492497 3.400954
3.128388 2.834512
2.941159 2.337347
3.000671 2.248711
2.915686 2.187900
2.865435 2.503837
2.267508 1.885499
2.118965 1.800552
2.014333 1.672602
2.131520 1.534212
2.214444 1.546372
2.379287 1.599181
2.558942 1.679486
2.780899 1.814846
2.832423 1.830339
3.033400 2.112141
3.226103 2.229891
3.404314 2.210075
3.468934 2.136583
3.670902 2.299576
3.903510 2.573977
4.198002 3.085394
4.498712 3.519538
4.418264 3.797249
4.340430 3.596563
4.182534 3.086807
3.879521 2.481558
3.621968 2.009499
3.155839 1.460091
3.042094 1.541350
3.028784 1.691434
2.974332 1.783094
3.049991 1.860586
3.082168 1.914583
3.087821 1.859736
2.915907 1.827789
2.854692 1.790810
2.881589 1.714988
3.132382 1.951954
3.430156 2.696311
3.279620 3.142813
2.929238 3.090166
2.798929 2.796729
2.804234 2.392766
2.889184 2.163330
2.987509 1.993244
2.888906 1.818898
2.909911 1.685941
2.934667 1.734839
2.995138 1.699753
2.752454 1.694843
2.820168 1.793976
2.808629 1.947832
2.757570 2.140950
2.622894 2.257369
2.596755 2.383809
2.658173 2.370706
2.513173 2.342145
2.576817 2.350736
2.709127 2.298853
2.825736 2.170008
2.943391 2.169453
3.134772 2.158171
3.393281 2.043341
3.433699 1.963112
3.294209 1.826355
3.278614 1.832321
3.123312 1.858632
2.945197 1.798238
2.682585 1.670463
2.527578 1.510016
2.404905 1.444434
2.356387 1.474801
2.364686 1.551121
2.450254 1.721717
2.558114 1.803241
