2.082248 2.161087
2.151310 2.195878
2.266947 2.237382
2.394806 2.153498
2.574225 2.123419
2.787729 2.202344
3.098110 2.341469
3.540071 2.584530
3.741327 2.625453
3.914315 2.504258
4.114857 2.518053
4.289014 2.424081
4.402463 2.362994
4.640130 2.476661
4.788617 2.415183
4.989770 2.594762
5.121386 2.634222
5.201961 2.775504
5.231244 2.800700
4.987582 2.755466
4.726487 2.456078
4.513685 2.294162
4.283482 2.108049
4.094520 2.083013
4.039511 2.180022
3.826538 2.151280
3.669192 2.186669
3.527324 2.278240
3.537822 2.366318
3.537018 2.592949
3.633095 2.920346
3.855691 3.317229
4.037261 3.704977
4.124568 4.010336
4.137752 4.260392
4.150892 4.497210
4.230503 4.550175
4.174898 4.528239
4.198833 4.387007
4.122604 4.351072
3.899153 4.178305
3.592705 3.956624
3.579931 3.868098
3.602060 3.742733
3.577719 3.604767
3.628157 3.653762
3.626046 3.498254
3.632446 3.277309
3.738172 3.271127
3.865584 3.223386
3.816019 3.288236
3.735785 3.067129
3.590462 2.845088
3.452866 2.307657
3.186576 2.065276
3.181487 1.951638
3.173782 1.846309
3.095334 1.815255
2.902099 1.682351
2.682186 1.610693
2.447117 1.572026
2.455230 1.606369
2.491440 1.717836
2.586179 1.864966
2.740033 2.122885
2.911835 2.398646
3.074549 2.665168
3.131408 2.735553
3.261298 2.939017
3.461373 3.140675
3.670913 3.557566
3.867474 3.921687
3.978515 4.149892
4.109055 4.504755
4.160069 4.673854
4.171400 4.738497
4.120830 5.092419
4.226464 5.562281
4.403569 6.098180
4.617437 6.571423
4.900704 6.983841
5.270144 7.479790
5.578714 7.889804
5.958123 8.391047
6.267231 8.877402
6.455650 9.330306
6.701705 9.780848
6.985527 10.231829
7.197733 10.706666
7.473529 11.199735
7.697858 11.689422
7.903088 12.096519
8.204289 12.453030
8.451527 12.906532
8.736541 13.228817
8.850056 12.997291
9.055574 13.057706
9.308698 13.029817
9.577143 13.140329
9.713608 13.170012
9.694621 12.980674
9.405598 12.525596
8.968719 11.919035
8.654576 11.332202
8.264685 10.823114
8.096934 10.489578
8.121988 10.547422
8.311006 10.690364
8.458235 10.984523
8.585762 11.086998
8.634528 11.108439
8.660924 10.980064
8.525442 10.783640
8.251591 10.458157
8.114685 10.302797
8.011492 9.963216
7.696709 9.396362
7.463958 9.252602
7.238912 9.201615
7.024666 9.066485
6.694981 8.519190
6.279358 7.826269
5.646203 7.024249
5.044775 6.025167
4.395040 5.070571
4.013225 4.015857
3.352081 3.355183
3.096542 2.260809
2.840902 1.633789
2.644871 1.433834
2.484620 1.326913
2.503488 1.386069
2.575960 1.501117
2.672583 1.679349
2.801450 1.867003
2.842452 2.021996
2.887486 2.058097
3.001160 2.171634
2.946502 2.157327
3.075303 2.181483
3.125327 2.250904
3.147780 2.306405
3.421931 2.510817
3.660108 2.691189
3.782648 3.069912
3.905212 3.193448
3.930515 3.353848
3.810561 3.547049
3.720436 3.499435
3.677287 3.480072
3.724069 3.403203
3.519439 2.956028
3.289990 2.568781
3.175885 2.379351
3.138531 2.499543
3.216678 2.589229
3.250550 2.669577
3.258918 2.514975
3.194646 2.255318
3.091350 2.236703
2.933071 2.127260
2.701074 1.575446
2.590241 1.442345
2.379502 1.265326
2.141033 1.241358
1.977047 1.237233
2.039397 1.277340
2.209668 1.384398
2.380700 1.484164
2.601422 1.572474
2.629304 1.547754
2.470684 1.411265
2.268818 1.275930
2.265367 1.241237
2.340677 1.274899
2.424561 1.272262
2.585986 1.248248
2.618383 1.181626
2.661448 1.266297
2.544175 1.308583
2.413804 1.399642
2.320332 1.487384
2.358726 1.624530
2.451916 1.796369
2.555204 1.999648
2.696910 2.157717
2.872036 2.278975
2.886430 2.171811
2.788220 1.901741
2.690680 1.506235
2.451614 1.136621
2.326805 1.096108
2.354467 1.139893
2.405629 1.186560
2.464309 1.255911
2.480336 1.334064
2.730746 1.412983
2.943425 1.517941
3.129911 1.593154
3.211787 1.664518
3.344235 1.791536
3.457160 1.886285
3.520068 2.010547
3.551351 2.087038
3.660273 2.142351
3.720211 2.253346
3.804263 2.164596
3.846983 2.201117
4.028304 2.315883
4.081605 2.338244
4.269281 2.350940
4.365859 2.411142
4.396364 2.444688
4.326723 2.382020
4.250830 2.328887
4.119292 2.393110
4.099214 2.339289
4.042171 2.366379
3.896795 2.326729
3.843674 2.177849
3.811277 2.118071
3.835801 2.108377
3.925427 2.199152
4.011146 2.308955
4.133517 2.360983
4.128193 2.487128
4.111251 2.478870
4.148066 2.469950
4.139140 2.429869
4.193940 2.464012
4.215878 2.375769
4.344425 2.329461
4.447254 2.295981
4.524689 2.318890
4.567273 2.379807
4.546845 2.477311
4.513781 2.623835
4.470917 2.558434
4.537536 2.517585
4.581350 2.468148
4.674147 2.405855
4.670706 2.293842
4.705353 2.288245
4.659765 2.155865
4.493658 2.037275
4.131959 1.910137
3.707081 1.742421
3.388639 1.529241
3.166925 1.475842
2.990111 1.536591
2.945438 1.638120
2.880369 1.726662
2.870207 1.790978
2.883761 1.876986
2.965244 1.936731
3.175281 1.961212
3.291950 1.970610
3.402706 2.049790
3.520819 2.091182
3.692645 2.088602
3.858270 2.103775
4.081514 1.968580
4.266694 1.988856
4.461841 2.027777
4.598606 2.113084
4.765270 2.209350
4.835768 2.302260
4.882058 2.489932
4.970424 2.507521
4.938442 2.626535
4.963870 2.621990
4.957208 2.530410
4.852828 2.501358
4.713964 2.510424
4.641878 2.517672
4.468949 2.533473
4.364108 2.460882
4.335734 2.556104
4.142960 2.539710
4.133577 2.466452
4.156576 2.425512
4.141786 2.395359
4.168681 2.429107
4.299742 2.379949
4.388903 2.434673
4.307681 2.389474
4.390916 2.423340
4.491274 2.435396
4.547021 2.448217
4.597113 2.408331
4.573999 2.434635
4.582590 2.438894
4.533477 2.463226
4.544354 2.437414
4.585380 2.439129
4.540424 2.340099
4.318057 2.246071
3.963098 2.028753
3.416800 1.768561
3.051293 1.555149
2.801768 1.551511
2.680570 1.606761
2.611568 1.729349
2.537494 1.935819
2.573986 2.079539
2.754779 2.183089
3.013232 2.256978
3.293204 2.306241
3.578465 2.348781
3.828462 2.498788
4.080933 2.528821
4.286614 2.638056
4.509932 2.608915
4.744282 2.618829
4.934103 2.659151
5.106691 2.780079
5.151641 2.689112
5.141512 2.626008
5.057967 2.577472
4.949118 2.548141
4.865821 2.600811
4.686311 2.565711
4.438949 2.540951
4.268919 2.542897
4.005133 2.489094
3.811682 2.479716
3.662833 2.472387
3.569407 2.575609
3.656650 2.665662
3.770305 2.732166
3.749872 2.824385
3.694440 2.626968
3.725250 2.537491
3.634956 2.457413
3.678166 2.315630
3.666780 2.262538
3.664526 2.322074
3.778125 2.257117
3.828018 2.152499
3.811980 2.094826
3.839219 2.158460
3.904618 2.268432
3.876665 2.161134
3.988328 2.282588
4.070774 2.193984
4.073727 2.131472
4.146791 2.042926
4.159241 2.070698
4.317988 2.039393
4.379411 2.068610
4.428153 2.066110
4.325286 1.938578
3.981984 1.855452
3.524135 1.710598
3.167291 1.551388
2.937877 1.426976
2.811982 1.363512
2.732192 1.441908
2.753739 1.529118
2.810667 1.653415
2.937543 1.683112
3.150716 1.688152
3.304106 1.736428
3.375599 1.745014
3.423650 1.759743
3.525817 1.786004
3.626291 1.849889
3.742063 1.932621
3.767072 1.944298
3.894659 1.923856
3.993939 1.913306
4.093920 1.918812
4.227311 1.934813
4.189441 1.871324
4.120764 1.864321
4.059874 1.836030
3.940308 1.855609
3.914190 1.783628
3.795791 1.733504
3.600002 1.600892
3.314807 1.538244
2.978111 1.514400
2.924500 1.656061
2.871280 1.821462
2.904551 1.934880
2.802561 1.924903
2.781278 1.865400
2.899656 1.849969
3.022438 1.894613
3.134179 1.910622
3.295059 1.927044
3.414796 1.986327
3.446132 1.970764
3.530388 2.026056
3.653162 2.133264
3.790293 2.120154
3.865406 2.249771
4.007443 2.226296
4.122561 2.310597
4.178927 2.297629
4.251343 2.335004
4.195411 2.475036
4.250612 2.620181
4.245442 2.645879
4.182110 2.716682
4.109321 2.850734
4.098995 2.839836
4.098439 2.752545
4.168491 2.612967
4.069138 2.531054
4.126612 2.390694
4.083028 2.262235
4.003087 2.186202
3.682002 2.021335
3.378432 1.915616
3.095314 1.676859
2.937002 1.536681
2.749706 1.531777
2.663100 1.639913
2.680090 1.824600
2.813092 2.068280
