330
630
990
1240
1520
1790
2050
2370
2620
2880
3160
3160
3160
3170
3150
3160
3160
3150
3180
3160
3180
3170
3190
3190
3160
3200
3220
3220
3160
3150
3170
3150
3180
3140
3180
3150
3160
3180
3150
3160
3170
3150
3170
3210
3200
3200
3150
3150
3150
3160
3160
3150
3150
3150
3150
3170
3150
3170
3150
3160
3170
3170
3150
3160
3140
3150
3200
3170
3150
3620
3140
3110
3170
3180
3220
3160
3190
3210
3170
3200
3180
3170
3190
3230
3140
3080
3090
3080
3080
3060
3060
3080
3060
4780
3560
4810
4810
3450
3060
3060
3070
3060
3060
3060
3060
3060
3290
3740
4820
4680
3110
3900
3200
3070
3090
3090
3060
3060
3060
3070
3060
3080
3060
3060
3100
3060
3110
3080
3090
3060
3060
3060
3080
2640
3060
3060
3060
3070
3060
3060
3070
3060
3060
3060
3060
3070
3060
3060
3060
3080
2910
3920
3150
3080
3070
3060
3100
3080
3060
3060
3060
3070
3440
3060
3060
3060
3060
2700
2560
3060
3070
3060
3060
3060
3060
3060
3060
3080
3230
3290
3070
3060
3060
3060
3060
3060
3060
3060
3070
3060
3070
3060
3060
3060
3060
3060
3060
3060
3060
3060
3070
3060
3060
3060
3060
3520
3750
3730
3730
3750
3750
3720
3750
3760
3730
3730
3730
3700
3740
3730
3750
3710
3750
3720
3740
3750
3720
3740
3750
3720
3740
3750
3730
3720
3720
3740
3740
3720
3720
3730
3750
3720
3700
3730
3720
3720
3740
3740
3720
3780
3720
3750
3740
3720
3740
3750
3720
3740
3750
3710
3740
3750
3700
3730
3720
3710
3740
3710
3710
3730
3740
3710
3730
3740
3710
3740
3730
3710
3730
3730
3740
3710
4020
4740
4780
4780
4600
4780
4780
4780
4790
4780
4780
4770
4780
4800
4800
4810
4790
4780
4780
4780
4780
4780
4780
4780
4780
4780
4780
4780
4780
4780
4790
4780
4780
4780
4100
3060
3060
4550
4790
4780
4780
4780
4780
4780
4780
4780
4780
4780
4780
3940
3070
3060
3060
3060
3060
3060
3060
3060
3070
3060
3060
3060
3060
3060
3060
3060
3060
3430
3060
3060
3060
3060
3060
3060
3060
3060
3060
3070
3060
3060
3060
3060
3070
3450
4760
4770
4760
4770
4800
4780
4760
4770
4770
4770
4780
4790
4780
4790
4790
4780
4780
4780
4780
4780
4780
4780
4780
4400
3060
3060
3060
3060
3060
3610
3730
3060
3060
3060
3070
3060
3060
4270
4770
4770
4770
4770
4780
4790
4790
4050
3060
3060
3060
3090
3090
3290
4790
4780
4780
