2.048716 2.139085
2.091709 2.154987
2.170325 2.213802
2.324288 2.276204
2.560994 2.359083
2.846624 2.457653
3.172328 2.602361
3.488317 2.780140
3.818165 2.982875
4.164369 3.205368
4.017859 2.682646
3.848478 2.481113
3.819465 2.468317
3.986173 2.595135
4.264054 2.814010
4.669874 3.081784
5.006342 3.377609
5.336997 3.624411
5.562001 3.711616
5.658598 3.735405
5.679544 3.690777
5.545443 3.615226
5.409359 3.514514
5.269032 3.289459
5.048160 3.167222
4.623540 2.911032
4.068820 2.560250
3.384905 2.270707
2.985666 1.989609
2.608035 1.804419
2.380041 1.696184
2.116548 1.702152
2.014291 1.765371
2.086801 1.822192
2.277005 1.972323
2.544875 2.109711
2.854902 2.330655
3.018753 2.456062
3.048098 2.502261
2.915522 2.365597
2.654170 2.152659
2.345284 1.992990
2.047262 1.907988
1.911266 1.827808
1.830518 1.795204
1.941848 1.850223
2.042775 1.904523
2.191124 1.989221
2.466757 2.209459
2.733496 2.375873
3.111615 2.664231
3.506848 3.066749
3.935074 3.528582
4.395389 3.934854
4.854034 4.389045
5.303704 4.866302
5.674064 5.241710
5.865197 5.481371
5.920101 5.542456
5.943322 5.524187
5.849852 5.282964
5.825731 5.113037
5.729676 4.906841
5.555919 4.528583
5.205297 4.057621
4.862512 3.657879
4.433184 3.252425
3.986931 2.897583
3.583898 2.585898
3.218786 2.400696
2.918801 2.252055
2.683622 2.092011
2.653005 2.117002
2.614409 2.243404
2.692993 2.407900
2.737723 2.549813
2.880362 2.737919
3.158287 3.012019
3.513362 3.328703
3.893309 3.655839
4.332327 4.028842
4.742258 4.366979
5.211077 4.701110
5.699476 4.958994
6.179600 5.218591
6.500025 5.401640
6.798437 5.628605
7.128790 5.948665
7.465391 6.369608
7.706998 6.930310
7.955669 7.350446
8.200104 7.872726
8.426922 8.558217
8.579949 9.146120
8.679397 9.811898
8.773965 10.338954
8.927622 10.892005
9.005009 11.365092
9.086290 11.922966
9.082225 12.327771
9.113293 12.554249
9.049088 12.506604
8.884166 12.503165
8.800159 12.518579
8.745398 12.552616
8.753064 12.719385
8.894278 12.837640
9.026286 13.019939
9.088521 13.099443
9.161191 13.233474
9.252755 13.373469
9.296870 13.486386
9.324165 13.533859
9.344645 13.639483
9.396971 13.780761
9.467309 13.825675
9.694471 13.871693
9.741184 14.034375
9.882974 14.199610
10.046866 14.341496
10.266542 14.442709
10.545485 14.557781
10.882098 14.698382
11.171252 14.796580
11.482329 14.895698
11.743612 15.079553
11.991319 15.106779
12.145160 15.138626
12.140273 15.116864
12.075622 15.023536
12.106857 14.797998
12.083649 14.662663
12.178261 14.442872
12.233935 14.368984
12.281954 14.319130
12.313884 14.240291
12.406047 14.191534
12.546016 14.155959
12.626508 14.201502
12.689507 13.995948
12.675237 14.009517
12.717623 13.843297
12.847016 13.710696
12.869648 13.640783
12.832359 13.714538
12.817903 13.671306
12.759069 13.476537
12.566325 13.304962
12.481617 13.005999
12.405927 12.765424
12.225997 12.334952
12.061505 11.729147
11.710486 11.413130
11.452430 11.013753
11.361149 10.544059
10.982398 10.351196
10.710647 10.163397
10.434389 9.919022
10.016753 9.525179
9.588551 9.187617
8.813422 8.586392
8.298975 7.720380
7.657157 6.765948
6.820697 6.099525
6.056768 5.246561
5.299377 4.109638
4.768118 3.678581
4.118952 3.540003
3.428630 3.350296
3.125446 2.982455
2.987224 2.857425
3.111228 2.971457
3.251036 3.037164
3.441176 3.171305
3.572752 3.205435
3.896487 3.279043
4.231008 3.524080
4.544371 3.686528
4.707411 3.776121
4.674826 3.683208
4.401092 3.231442
4.169476 2.975822
3.846548 2.652224
3.438707 2.390948
3.163662 2.272287
2.910386 2.144444
2.657139 2.228566
2.557384 2.346771
2.596007 2.424014
2.761634 2.478474
2.892991 2.666306
2.965410 2.858152
3.163353 3.050858
3.377985 3.169418
3.540838 3.317511
3.724192 3.357512
3.901209 3.392747
3.996164 3.376220
4.191731 3.340052
4.220157 3.113662
4.331660 2.990984
4.231832 2.883841
4.107417 2.908784
4.022653 2.927854
3.920812 3.000502
3.858955 3.115505
3.802174 3.242112
3.715565 3.357598
3.780334 3.565331
3.794261 3.737605
3.893112 3.945198
3.934136 4.141323
3.944719 4.356554
4.070291 4.517697
4.146493 4.692763
4.309275 4.839771
4.421649 5.035561
4.548249 5.108523
4.662274 5.167638
4.696761 5.142578
4.767962 5.033904
4.826696 4.853399
4.838509 4.842946
4.852978 4.720224
4.837754 4.638373
4.837850 4.396659
4.863629 4.278905
4.882105 4.170146
4.796183 4.126966
4.668079 4.112909
4.616639 4.078016
4.552762 3.973411
4.566989 4.003253
4.590237 3.965376
4.537724 3.925847
4.471444 3.948537
4.477309 3.897721
4.444734 3.846502
4.313615 3.764934
4.157952 3.661562
4.069072 3.620572
4.092141 3.546306
4.183476 3.524914
4.161194 3.241172
4.075292 3.130442
3.962838 2.864482
3.661977 2.585026
3.368428 2.312431
3.113873 2.224701
2.938768 2.160612
2.874417 2.184385
2.913272 2.243460
2.891287 2.418196
2.973118 2.614234
3.034629 2.761847
3.137900 2.858640
3.287866 3.019200
3.463699 3.199976
3.575189 3.362829
3.676475 3.494852
3.692413 3.688140
3.775242 3.767709
3.721461 3.863892
3.701169 3.803778
3.820576 3.737275
3.802614 3.745070
3.856078 3.706688
4.008039 3.685542
4.113112 3.548598
4.213250 3.545233
4.423261 3.515074
4.565845 3.526430
4.772277 3.713651
4.858185 3.721414
5.016173 3.907184
5.125158 4.072832
5.211843 4.273652
5.348231 4.454977
5.342134 4.388366
5.336041 4.395671
5.188129 4.319941
5.150942 4.228683
4.894236 4.196295
4.742246 4.043006
4.561722 3.907372
4.498400 3.740504
4.424641 3.594681
4.238431 3.416979
4.169660 3.322727
4.131964 3.143660
4.140303 2.958554
3.995349 2.794815
3.969708 2.683450
4.055820 2.673954
4.165013 2.759590
4.115362 2.784926
4.019310 2.743739
3.774537 2.600275
3.421925 2.292039
3.235452 2.119941
3.138579 2.044138
3.027006 2.090853
3.082611 2.143094
3.114331 2.298941
3.115081 2.398844
3.167603 2.577054
3.264199 2.721520
3.412827 2.905159
3.563202 3.071691
3.675572 3.211099
3.803899 3.405545
3.971949 3.559614
4.118925 3.695941
4.207769 3.806828
4.299795 3.824021
4.373163 3.736017
4.322897 3.661553
4.281977 3.517345
4.375932 3.613223
4.416166 3.612484
4.497135 3.569903
4.675144 3.556044
4.691974 3.527918
4.861479 3.536688
4.987816 3.562553
4.917337 3.545549
4.890222 3.566459
4.907740 3.576285
4.963046 3.658259
4.959591 3.809819
4.909640 3.961685
4.673221 3.952322
4.450704 4.023207
4.370450 3.993950
4.430107 3.972362
4.406984 4.048405
4.406467 4.077653
4.279184 4.093467
4.346445 4.018485
4.275724 4.024127
4.392389 4.081158
4.458762 3.995456
4.568824 4.045026
4.667257 4.017191
4.803756 3.938233
4.907749 3.803878
4.994093 3.805600
5.023568 3.748270
5.028706 3.692290
5.015455 3.491734
4.964271 3.430153
4.861023 3.360967
4.586265 3.217603
4.187150 2.944571
3.779240 2.765332
3.366616 2.426369
3.136571 2.393674
3.063333 2.348124
3.037909 2.365724
3.091392 2.552461
3.224064 2.703370
3.391426 2.935201
3.477079 3.114832
3.617932 3.205649
3.676352 3.256466
3.777579 3.402455
3.861064 3.599357
3.914665 3.551219
4.024880 3.664635
4.084310 3.725095
4.131296 3.778037
4.168800 3.781121
4.175659 3.949475
4.308280 3.854531
4.481283 3.813502
4.638560 3.786686
4.758508 3.805019
4.844983 3.845875
4.775453 3.782569
4.570638 3.606851
4.537324 3.421149
4.413803 3.239048
4.373342 3.090852
4.308659 3.009409
4.352973 3.073424
4.424641 3.115239
4.432709 3.186540
4.484830 3.263356
4.548813 3.435008
4.686327 3.581489
4.839342 3.699086
4.942179 3.782347
5.021213 3.947525
5.149897 4.010770
5.245950 4.066347
5.318844 4.035098
5.388251 4.061561
5.327925 4.032701
5.267430 3.919224
5.332812 3.805439
5.364435 3.766771
5.412594 3.690885
5.418886 3.647334
5.362305 3.665912
5.271395 3.621709
5.211527 3.629940
5.159043 3.655803
5.084449 3.658955
5.001001 3.530392
4.916540 3.520515
4.947318 3.436487
4.808538 3.480597
4.681827 3.208673
4.377198 3.010240
3.838945 2.758070
3.618411 2.440537
3.544087 2.099953
3.438869 1.934592
3.452017 1.988591
3.542347 2.122663
3.507424 2.225105
