0.137402
0.096067
0.022870
0.158084
0.247853
0.338522
0.484239
0.613546
0.845470
1.134421
1.451076
1.648251
1.891067
2.184152
2.504438
2.764285
2.990622
3.153273
3.230035
3.128755
2.784403
2.218071
1.777167
1.480266
1.256587
1.166051
1.130738
1.094929
0.927388
0.910520
0.764878
0.617020
0.581073
0.592488
0.722902
0.898747
1.225464
1.490288
1.664338
1.722921
1.647365
1.409857
1.253217
1.224068
1.283207
1.412344
1.599190
1.761289
1.990344
2.276727
2.384819
2.569303
2.726610
2.877037
3.025082
3.191191
3.265788
3.416204
3.467370
3.435174
3.139528
3.027354
3.053063
3.061505
3.159876
3.038404
2.965280
3.013240
2.885748
2.881493
2.829248
2.854979
2.889852
3.004146
3.153724
3.402370
3.775965
4.152515
4.565109
5.086343
5.624460
6.170050
6.828778
7.536506
8.213190
8.597538
8.969422
9.353313
9.641145
9.840388
9.835776
10.064608
10.529679
10.998174
11.707447
12.325486
13.062976
14.048068
14.953240
15.782131
16.115353
17.272976
18.113609
18.869150
19.387530
19.770339
20.021664
20.468390
20.712891
20.823941
20.929600
21.098675
20.984949
20.805193
20.564438
20.411259
20.266094
20.068581
19.948719
19.710115
19.538971
19.458264
19.269330
19.258320
19.057332
18.920455
18.707401
18.417043
18.154197
18.104214
18.284294
18.473444
18.628802
18.913784
19.174972
19.464641
19.711042
20.018896
20.298563
20.551159
20.765340
20.934468
21.083696
21.131483
20.981574
20.488115
19.860173
19.362421
19.081365
18.805450
18.383732
18.100476
17.781627
17.587170
17.344087
17.145979
17.035209
16.827928
16.687927
16.604735
16.281131
16.051416
15.708484
15.414982
15.355715
15.533292
15.765640
16.081081
16.362114
16.655774
16.771103
16.863198
17.031227
17.185698
17.360330
17.338682
17.277823
17.109477
17.051443
16.952108
16.654995
16.632041
16.818822
16.906631
16.971739
17.217362
17.393451
17.658003
17.926401
18.175366
18.271000
18.431098
18.606510
18.709472
19.054726
19.270250
19.426580
19.509891
19.700123
19.850490
19.919865
20.317496
20.737555
21.242240
21.584070
21.914309
22.486155
22.951378
23.515398
23.984510
24.333594
24.675012
24.874205
25.372883
25.686561
26.084776
26.617359
26.949231
27.342380
27.750801
27.734256
27.692297
27.921288
28.350094
28.747099
29.163192
29.411525
29.823917
30.178101
30.660060
30.785501
30.760399
30.969282
31.136155
31.261648
31.498680
31.741276
32.035025
32.387135
32.919037
33.476074
34.019379
34.472237
34.851521
34.999982
34.851749
34.676658
34.485589
34.312512
33.984100
33.811035
33.462475
33.046534
32.637551
32.281502
31.731684
31.171700
30.646484
29.986530
29.237107
28.502107
27.936107
27.200300
26.531430
25.800712
25.269850
24.510797
23.799700
23.150707
22.520635
21.134457
19.932613
18.627479
17.607276
16.493156
15.357224
14.532128
13.723009
13.077734
12.357913
11.386980
10.319245
9.527528
8.512612
7.727487
7.027688
6.489855
5.989811
5.551726
5.312906
4.640452
4.124344
3.736342
3.424305
3.291034
3.439737
3.807870
4.310441
4.731290
5.299431
5.971607
6.487477
6.880632
6.997549
6.967400
6.927920
6.954377
6.975002
7.010419
7.203447
7.233687
7.507712
7.991358
8.609499
9.353849
10.029280
10.647029
11.350980
12.073608
12.784842
13.094461
13.547151
13.900297
14.370209
14.861208
15.243061
15.687748
16.065180
16.452485
16.866035
16.912998
16.905537
16.821169
16.737399
16.730230
16.591122
16.579904
16.603861
16.947971
17.300240
17.521760
17.736103
18.062589
18.253139
18.460102
18.707658
19.001629
19.346298
19.752773
19.887526
19.981194
20.184708
20.082936
19.732703
19.254326
18.749599
18.300681
17.817464
17.411017
17.022775
16.602135
16.229840
15.876599
15.675594
15.509365
15.310353
15.205672
15.243877
15.161471
14.961357
14.841809
14.663338
14.420017
14.267067
13.764784
13.355996
13.019621
12.583433
12.334607
12.187706
12.152871
12.164190
12.250309
12.320530
12.204151
12.007878
11.513015
11.168251
10.684708
10.225424
9.561977
9.138159
8.603134
8.086724
7.486721
6.843436
6.082746
5.264713
4.387225
3.408015
2.330845
1.186667
0.313192
1.154118
2.025101
2.927519
3.836820
4.673591
5.512285
6.368278
7.184784
7.931325
8.475785
8.678889
8.419249
8.060567
7.677356
7.157174
6.727547
6.391747
5.970378
