0.460541
0.550441
0.565927
0.527122
0.477820
0.451686
0.437491
0.454173
0.580579
0.744569
0.774328
0.945518
1.042336
1.287970
1.537639
1.889040
2.371828
2.655936
2.883605
2.736474
2.464655
2.216399
1.750178
1.352781
1.183781
1.232288
1.607783
2.022120
2.361598
2.686640
2.882169
3.022423
2.969797
2.813493
2.560620
2.503548
2.683230
2.816105
2.840915
2.735747
2.439707
2.165358
1.836361
1.731264
1.617954
1.595728
1.459148
1.324185
1.093045
0.723374
0.331879
0.084543
0.161871
0.279262
0.498192
0.847462
1.201020
1.277238
1.202164
1.048315
0.756790
0.385500
0.326775
0.647002
0.983162
1.376320
1.723332
1.994609
2.194150
2.204266
2.281385
2.148284
2.224151
2.484452
2.678383
3.147094
3.518136
3.907238
4.297718
4.635442
4.963868
5.318229
5.691941
6.052230
6.345166
6.605332
6.999317
7.399857
7.953287
8.524423
8.749876
9.010270
9.327749
9.372614
9.434577
9.518883
9.701240
9.889559
9.885299
10.014263
10.072072
10.097841
10.317165
10.677087
11.152618
11.699616
12.239906
12.754159
13.274372
13.866691
14.521786
14.874454
15.167403
15.136533
15.055410
14.913333
14.731321
14.450741
14.032762
13.699605
13.284527
12.954347
12.512646
12.215800
11.886615
11.587706
11.379448
11.135497
11.106833
11.021772
11.047749
11.020239
11.026613
11.009225
10.989700
10.965527
10.920014
11.019713
11.117818
11.324031
11.681882
12.174897
12.685108
13.197151
13.774545
13.906830
13.791614
13.710791
13.590215
13.527160
13.451181
13.208375
12.939288
12.581382
12.224764
11.887304
11.463836
11.085650
10.744224
10.280333
9.893988
9.605774
9.449745
9.269351
9.251697
9.252641
9.308997
9.329666
9.398698
9.427758
9.499969
9.596334
9.675622
9.861073
10.116395
10.378681
10.823200
11.281159
11.837218
12.396942
12.831348
13.356208
13.850089
14.262618
14.468507
14.651582
14.759059
14.822791
14.759446
14.641232
14.498839
14.385337
14.371800
14.194842
14.232502
14.332296
14.502207
14.772192
15.037585
15.237537
15.521497
15.795674
16.162312
16.438445
16.844121
17.278691
17.772305
18.390228
19.106472
20.052719
20.772919
21.542117
22.363390
23.128688
24.262348
25.246248
26.195089
27.059321
27.969123
28.826865
29.418767
29.991690
30.693382
31.247683
31.799829
32.220527
32.750453
33.095812
33.231561
33.305590
33.325336
33.160978
32.987434
33.060659
33.295554
33.464069
33.675927
34.004110
34.366408
34.849572
35.441394
36.225196
37.246734
38.104550
38.874795
39.182151
39.074281
38.477749
37.876828
37.276664
36.593696
35.911694
35.254612
34.548070
33.841490
33.170407
32.479067
31.971357
31.346210
31.090931
30.635498
30.423337
30.374369
30.267900
30.038877
29.975550
29.738750
29.451148
29.205500
29.041736
28.772353
28.324579
27.971781
27.642489
27.243286
26.812957
26.305667
25.889208
25.115504
24.440877
23.734662
23.010736
22.448112
21.361877
20.122241
18.690787
17.195298
15.692431
14.357338
13.545498
13.127474
12.879569
12.686919
12.611890
12.582703
12.684834
12.844947
13.104860
13.537005
14.011071
14.434964
14.784899
15.209632
15.553462
15.877717
16.176471
16.423636
16.831548
17.332205
17.800039
18.177614
18.740246
19.228746
19.678452
20.240115
20.881925
21.425357
22.460582
23.600512
24.789361
25.682477
26.487136
27.195124
28.122833
29.100687
29.945422
30.696007
31.476846
32.003338
32.601024
32.849002
32.796970
32.748687
32.872305
32.988908
33.057306
33.135924
33.032084
32.953635
33.566084
35.426603
36.034194
35.222275
34.823360
34.878533
35.176970
35.618214
35.979305
36.498403
36.822380
37.299413
37.612801
37.713295
37.583281
37.278383
36.858553
36.374199
36.008418
35.620077
35.193077
34.803951
34.380669
33.962154
33.731547
33.565510
33.340023
32.921914
32.279352
31.489868
30.900139
30.634548
30.245965
29.870943
29.813161
29.701806
29.548999
29.449734
29.324149
29.361765
29.742604
30.201913
30.451136
30.169661
29.762906
29.716213
29.728074
29.515932
29.188744
28.560701
28.008817
27.329887
26.799742
26.054924
25.212279
24.452328
23.376725
22.343171
21.370597
20.320080
19.312551
18.282992
17.290351
16.208923
15.317922
14.467024
13.596946
12.879644
12.202063
11.699123
11.265633
10.814354
10.611719
10.876508
11.303003
11.871350
12.209448
12.478061
12.892454
13.281330
13.764097
14.327722
