2.082248 2.161087
2.151310 2.195878
2.266947 2.237382
2.251374 2.163215
2.273367 2.110712
2.263471 2.060840
2.377813 1.964092
2.439160 2.098361
2.525689 2.102108
2.659417 2.121791
2.769837 2.262498
2.878636 2.308004
3.105978 2.447141
3.429869 2.665751
3.790746 2.963759
4.227555 3.379833
4.731577 3.776544
5.031309 4.091777
5.235147 4.225557
5.338308 4.259020
5.244571 4.202745
5.076484 4.138204
4.864483 4.078073
4.599493 3.988599
4.301362 3.778993
3.829082 3.408359
3.325457 2.931245
2.825751 2.629563
2.684454 2.441511
2.578366 2.267354
2.603767 2.178302
2.619776 2.276671
2.563802 2.391219
2.699821 2.568980
2.793776 2.749126
2.944536 3.000979
3.144150 3.306246
3.234540 3.504612
3.259932 3.658877
3.186431 3.542155
2.899027 3.308790
2.640084 2.914264
2.386822 2.666071
2.241994 2.416700
2.195004 2.208976
2.244533 2.131785
2.336249 2.178199
2.448431 2.250591
2.535632 2.381712
2.705199 2.526631
2.870567 2.685332
3.058951 2.890369
3.165943 3.179532
3.427957 3.430570
3.570135 3.809815
3.927497 4.220651
4.186916 4.580534
4.356648 4.761190
4.302689 4.652226
4.103125 4.478702
3.803637 4.157092
3.563891 3.900218
3.347381 3.512679
3.109473 3.145273
2.934721 2.742311
2.832804 2.466494
2.668613 2.148522
2.471046 2.115060
2.407660 2.064371
2.506127 2.162615
2.628718 2.301621
2.767507 2.447705
2.905221 2.593343
3.129566 2.843713
3.372890 3.076729
3.374792 3.219417
3.450134 3.269080
3.588072 3.444686
3.749517 3.604368
3.894285 3.746823
4.098888 3.992050
4.307131 4.326108
4.641634 4.633365
5.009341 5.035595
5.423029 5.527472
5.701922 5.878080
6.018245 6.209832
6.380874 6.678092
6.754394 7.122428
7.156994 7.546141
7.586719 7.996092
7.996161 8.493155
8.391355 9.045990
8.758253 9.443639
9.062703 9.783093
9.278984 10.073610
9.573936 10.291092
9.875282 10.566990
10.118679 10.831370
10.264625 11.029349
10.288559 11.216856
10.143183 11.252662
9.961233 11.273153
9.963717 11.246816
9.960850 11.285601
10.000650 11.328512
10.122501 11.515464
10.434208 11.623489
10.639367 11.798532
10.912341 12.063711
11.094260 12.304926
11.190707 12.512653
11.113888 12.570674
11.102287 12.507760
11.073431 12.441349
10.797782 12.033271
10.718232 11.715724
10.602357 11.506043
10.438771 11.309908
10.332873 11.254278
10.268948 11.225269
10.180686 11.209683
10.204139 11.271586
10.266337 11.367789
10.297041 11.496856
10.346456 11.602698
10.354130 11.648783
10.308802 11.542962
10.165269 11.281817
9.938675 11.100288
9.760694 10.830500
9.699656 10.731321
9.693881 10.692898
9.835636 10.701122
9.895728 10.712466
9.764580 10.661742
9.748411 10.499041
9.462823 10.275068
9.253043 9.800245
8.996147 9.163323
8.548947 8.820725
8.290911 8.285149
8.074097 7.691081
7.852185 7.228755
7.649996 6.944524
7.384362 6.643392
6.890228 6.187422
6.389568 5.448187
5.908556 5.049068
5.597192 4.890975
5.247586 4.674988
3.903135 3.683634
3.035779 2.748786
2.616632 2.375009
2.663271 2.456310
2.965655 2.741360
3.350872 3.143293
3.723769 3.665167
4.154846 4.213179
4.511580 4.827185
4.786587 5.488675
4.820941 5.796865
4.571028 5.990899
4.130928 5.871137
3.706193 5.427948
3.321272 4.739925
3.126187 4.373060
3.095365 4.136983
3.241484 4.018511
3.470279 3.941283
3.587936 3.688357
3.482370 3.289171
3.214093 2.729181
2.908878 2.000229
2.605667 1.755809
2.291872 1.534802
2.109439 1.451038
2.029064 1.316548
1.960538 1.311294
1.785556 1.241215
1.591754 1.323466
1.563998 1.390127
1.618116 1.535304
1.782745 1.691795
1.958921 1.782976
2.115119 1.903218
2.264221 2.059555
2.543652 2.295147
2.807088 2.579789
3.121035 2.945139
3.440783 3.388027
3.760269 3.924149
4.029263 4.429878
4.245215 4.966571
4.286077 5.455683
4.270483 5.800433
4.084026 5.853985
3.755945 5.370652
3.444705 4.601241
3.113724 3.540560
2.874810 2.884675
2.769687 2.517048
2.679840 1.793051
2.512121 1.863250
2.494777 1.907839
2.511269 1.870018
2.633942 1.873439
2.569942 1.820988
2.656695 1.884390
2.613927 2.014452
2.654625 2.092751
2.680784 2.138404
2.706292 2.275502
2.670058 2.377898
2.778423 2.413863
2.930360 2.471749
3.027665 2.590622
3.092786 2.734892
3.193290 2.849453
3.375620 2.962704
3.524105 2.970682
3.595860 3.015911
3.650398 3.073589
3.563249 3.132836
3.502869 3.221788
3.428599 3.268876
3.403375 3.296210
3.374795 3.293726
3.221444 3.290275
3.092142 3.309815
3.150462 3.413066
3.260830 3.586262
3.414689 3.758017
3.583087 4.058628
3.892021 4.346766
4.149619 4.644465
4.406925 4.859992
4.715839 5.150245
4.956097 5.263986
5.180061 5.362198
5.407718 5.527849
5.680976 5.623764
5.754854 5.740901
5.813454 5.797116
5.695209 5.571464
5.350967 5.294509
5.133262 4.879692
4.775619 4.590477
4.491333 4.451837
4.292322 4.252013
4.247899 4.215506
4.280029 4.193155
4.410245 4.217403
4.265282 4.065622
4.327008 3.923566
4.138106 3.878684
4.122126 3.727316
4.039110 3.548545
3.866355 3.420512
3.795314 3.269052
3.555880 3.171850
3.475830 2.802886
3.170973 2.693828
2.815069 2.379796
2.599654 2.251834
2.438516 2.129858
2.413158 2.054098
2.386042 2.073005
2.383094 2.086777
2.478583 2.109492
2.566079 2.175015
2.626912 2.331308
2.697043 2.460019
2.806580 2.547854
2.992331 2.659383
3.084027 2.796938
3.268117 2.900838
3.341811 3.014624
3.548476 3.112246
3.635785 3.165066
3.570609 3.004796
3.486056 2.842056
3.338468 2.785838
3.195188 2.707412
3.112693 2.726414
3.082913 2.801646
3.102421 2.834900
3.165883 2.837362
3.161369 2.945432
3.238838 3.118159
3.305093 3.194403
3.269315 3.225410
3.270482 3.296671
3.213620 3.367518
3.246383 3.427875
3.227140 3.463689
3.187081 3.335860
3.077220 3.232510
2.879600 2.955915
2.564129 2.515342
2.415785 2.319637
2.328028 2.229971
2.350896 2.133540
2.398341 2.169009
2.557837 2.247084
2.659186 2.384419
2.836385 2.612619
3.020319 2.816253
3.107907 3.012846
3.155826 3.148166
3.239031 3.324106
3.302212 3.420133
3.338734 3.449701
3.421155 3.393785
3.535120 3.372982
3.583384 3.414245
3.626554 3.328080
3.644529 3.194915
3.610923 3.028193
3.636816 2.953994
3.586742 2.875909
3.370880 2.767531
3.156876 2.567435
3.039139 2.637168
2.911800 2.683379
2.854768 2.724634
2.783775 2.839389
2.789452 2.950544
2.932341 3.039042
3.023845 3.146235
3.184172 3.195126
3.156993 3.188344
3.154396 3.107130
3.067191 3.160215
3.105256 3.148951
3.244375 3.056119
3.355799 3.111226
3.558827 3.261170
3.817525 3.522133
4.083991 3.622022
4.404447 3.825277
4.644958 4.096083
4.792523 4.266565
4.923172 4.322330
4.905471 4.339195
4.810358 4.320354
4.818299 4.337687
4.695719 4.140856
4.738935 4.199902
4.643906 4.137377
4.623452 4.054923
4.582047 4.115111
4.200129 4.066684
3.990127 3.981317
3.496905 3.618977
3.331787 3.342451
3.268059 3.239775
3.163261 3.095009
3.193878 2.946542
3.204785 2.932850
3.258097 2.985599
3.310872 3.114126
3.361799 3.013541
3.370507 2.916492
3.292648 2.766287
3.285274 2.757725
3.275309 2.758556
3.151809 2.684597
3.040249 2.573410
3.019355 2.516522
2.852672 2.313360
2.757910 2.090445
2.741074 2.094057
2.522743 2.010467
2.363954 2.010117
2.200446 2.009176
2.202931 2.113263
2.133185 2.202080
2.082220 2.192802
1.933483 2.159960
1.866224 2.126030
1.787335 2.077696
1.826343 1.984504
1.884551 1.976722
1.927690 2.004176
1.899343 1.929300
1.913489 1.968476
1.948889 2.096686
1.998702 2.209736
2.144032 2.316558
2.289126 2.388647
2.492403 2.478215
2.717733 2.564088
2.933611 2.664118
3.137081 2.624950
3.297644 2.744619
3.413630 2.903412
3.454456 3.083346
3.498491 3.218920
3.478549 3.287845
3.352426 3.336205
3.172680 3.285624
3.058647 3.135796
2.922647 3.064613
2.922039 3.018531
2.855212 2.866960
2.938153 2.757792
3.060400 2.640995
3.215519 2.620128
3.375902 2.857101
3.558556 3.163205
3.711129 3.424370
3.673600 3.467836
3.435146 3.343160
3.101186 3.083584
2.767845 2.800862
2.441617 2.636075
2.315445 2.548491
2.281492 2.446312
2.365697 2.356370
2.291649 2.259936
