0.437929
0.524425
0.582925
0.545021
0.474469
0.375043
0.449138
0.599162
0.691377
0.661077
0.649532
0.662816
0.744596
0.753399
0.911211
1.126251
1.427313
1.830798
2.273411
2.518530
2.558372
2.167658
1.703522
1.188642
0.796964
0.743409
1.038141
1.516966
1.934809
2.248628
2.273016
2.218692
2.049900
2.003588
1.857580
1.713624
1.638467
1.737171
1.916979
2.131828
2.062597
2.019038
2.042520
2.144262
2.234682
2.309190
2.439320
2.465664
2.462824
2.378445
2.203343
2.132085
1.911125
2.018350
1.965017
2.055818
2.189339
2.401137
2.556742
2.465921
2.342780
2.275620
2.443237
2.548828
2.708746
2.925327
3.058127
3.165466
3.175452
3.218136
3.121898
2.999487
3.121561
3.255301
3.218670
3.301815
3.404608
3.606289
3.888695
4.289720
4.551904
4.881681
5.232219
5.581308
6.000996
6.309867
6.552266
6.880507
7.199068
7.529589
7.787489
8.178800
8.461634
8.766421
9.008991
9.263093
9.613586
10.009617
10.512296
10.918926
11.172253
11.223411
11.233789
11.321770
11.328639
11.174735
11.032594
10.850244
10.740737
10.755037
10.890829
11.070769
11.177813
11.252783
11.319308
11.468894
11.659384
11.898816
12.126604
12.532269
12.927134
13.260030
13.538728
13.846480
14.163198
14.380956
14.457710
14.237613
13.942457
13.785983
13.567743
13.461147
13.379541
13.230429
13.041321
12.851404
12.627508
12.425289
12.281900
11.864744
11.583203
11.198786
10.776349
10.364287
9.997666
9.512573
9.202172
9.144974
9.242532
9.209811
9.357481
9.583037
9.979858
10.347782
10.874299
11.278616
11.781329
12.267177
12.610791
12.993133
13.199075
13.364102
13.389695
13.071415
12.791420
12.617234
12.370200
12.191994
12.057861
11.867886
11.561463
11.215082
10.886485
10.379453
9.875930
9.328258
8.796309
8.400265
8.334827
8.504908
8.966980
9.354516
9.748439
10.184043
10.753058
11.358679
12.170608
13.002528
13.790537
14.632686
15.604750
16.525359
17.295604
17.932670
18.620398
19.014086
19.454100
19.933490
20.375912
20.724599
21.042060
21.506640
21.897895
22.063966
22.451211
22.798510
23.223193
23.560897
23.960196
24.351844
24.902637
25.337759
25.821032
26.182158
26.555773
26.895030
27.346717
27.648321
27.956872
28.416650
28.814106
29.271765
29.771074
30.307658
30.747536
31.383489
31.961378
32.429412
32.892841
33.201013
33.659491
34.226752
34.554083
35.102927
35.629816
36.341140
36.916434
37.571079
38.322530
38.829582
39.419026
39.853723
40.245561
40.311172
39.997218
39.421803
38.557364
37.499815
36.496626
35.565875
34.617289
33.665121
32.744016
31.832139
31.039911
30.235734
29.420687
28.939763
28.369641
28.016949
27.842155
27.737364
27.748624
27.808574
27.811950
27.820124
27.990056
28.116832
28.186672
27.989909
27.773702
27.559814
27.187950
26.953566
26.616029
26.258823
25.819700
25.355962
24.907098
24.380055
23.961180
23.735724
23.448671
23.243665
23.018588
22.893953
22.674730
22.503213
22.253918
21.851190
21.464581
21.002133
20.447588
19.874478
19.224068
18.776749
18.520516
18.676814
18.867907
19.348016
19.732601
20.071420
20.452582
20.822695
21.178296
21.416481
21.802772
22.167767
22.551978
22.938325
23.440418
23.769099
24.230648
24.662614
25.135606
25.548700
25.733657
25.918992
26.159917
26.421462
26.625100
26.789907
27.235822
27.891068
28.541966
29.116586
29.679016
30.415212
31.022329
31.735443
32.122132
32.504686
32.730046
33.106175
33.383039
33.715561
34.166350
34.693092
35.151362
35.456497
35.268721
35.268456
35.640800
36.077611
36.462463
36.859673
37.427080
38.001768
38.411447
39.005832
39.792333
40.282557
40.559747
40.445517
40.476421
40.185161
40.014100
39.721175
39.231755
38.870524
38.550153
38.052348
37.714900
37.371890
36.962994
36.410540
35.889477
35.367474
34.789631
34.437043
33.775743
33.177639
32.690345
32.318789
31.802384
31.237720
30.665315
30.130189
29.765047
29.617680
29.657604
29.847368
29.724251
29.480084
29.041040
28.387432
27.271807
26.086246
24.738844
23.470372
22.426980
21.720170
21.557023
21.520182
21.512178
21.545070
21.557070
21.631971
21.838752
21.998442
22.300375
22.485933
22.526999
22.483781
22.200787
21.843756
21.485077
20.998137
20.590155
20.093115
19.606307
19.201179
19.032446
19.168656
19.323358
19.496396
19.553387
19.690411
19.823512
20.108071
20.439079
