2.082248 2.161087
2.151310 2.195878
2.266947 2.237382
2.269189 2.071698
2.270618 1.937427
2.308794 1.816106
2.501535 1.723737
2.662515 1.780073
2.762308 1.761113
2.968440 1.822340
3.146715 1.888807
3.402815 1.998765
3.683546 2.119495
3.987275 2.319774
4.286322 2.469280
4.634968 2.550920
4.946934 2.774827
5.225060 2.917329
5.345311 3.042200
5.316276 3.040339
5.179053 2.882874
5.020586 2.705674
4.850077 2.627146
4.738852 2.598130
4.696119 2.723919
4.485380 2.669295
4.199991 2.588274
4.046895 2.407635
3.686210 2.295896
3.302986 2.145104
2.885808 2.060297
2.604934 1.912315
2.495979 1.912986
2.496588 1.843148
2.504471 1.770393
2.519671 1.892047
2.628405 2.019837
2.680120 2.004143
2.750721 2.008230
2.656820 1.875949
2.536544 1.741039
2.352172 1.577772
2.264184 1.630526
2.311297 1.621996
2.343901 1.749124
2.379802 1.904219
2.508440 1.983236
2.685167 2.023963
2.839170 2.029844
3.000993 2.122176
3.211192 2.224892
3.455300 2.170347
3.686587 2.161027
3.976268 2.226868
4.283538 2.409567
4.610735 2.553439
4.767380 2.487960
4.756908 2.516164
4.613400 2.467528
4.399940 2.286652
4.149114 2.009652
4.006845 2.008196
3.968719 2.045105
3.900074 2.105764
3.816901 2.201262
3.784612 2.377868
3.768159 2.510846
3.672246 2.626296
3.634092 2.706276
3.582998 2.810107
3.519913 2.871077
3.519845 2.599669
3.555523 2.600727
3.629127 2.550250
3.658909 2.511586
3.634857 2.327061
3.555731 2.315158
3.591048 2.478931
3.735556 2.605738
3.928132 2.821725
4.178534 3.044133
4.455862 3.222143
4.854273 3.390924
5.198406 3.603135
5.462055 3.734359
5.661079 3.864656
5.863694 4.019952
6.043199 4.256724
6.335880 4.400692
6.595493 4.784865
6.854577 5.011355
7.193295 5.540833
7.600215 5.783793
7.929678 6.083703
8.281246 6.439305
8.356079 6.502689
8.250542 6.541858
8.257798 6.557582
8.470829 6.615850
8.557410 6.625065
8.661595 6.314936
8.521979 6.185321
8.190359 5.604818
7.834220 5.497805
7.693335 5.058845
7.581490 5.018497
7.573160 5.081177
7.627297 4.873713
7.398693 4.933288
7.344361 4.837249
7.309167 4.880608
7.194529 4.834305
7.131822 4.771194
7.105712 4.648645
6.852808 4.485602
6.367469 4.004155
5.961714 3.848198
5.738330 3.472199
5.686503 3.084208
5.720650 3.139775
5.866593 3.305056
6.047986 3.457020
6.277087 3.637175
6.595484 3.818786
6.884067 4.098850
7.394224 4.403996
7.642825 4.531814
7.763605 4.628537
7.729409 4.626525
7.619203 4.553509
7.709248 4.459286
7.570080 4.385289
7.362246 4.287959
7.266565 4.145621
7.189173 4.058313
6.694342 3.948418
6.285341 3.728509
5.640910 3.605452
5.163524 3.487732
4.945515 3.381762
4.919402 3.326375
4.802607 3.384407
4.838595 3.594241
4.999248 3.751978
5.140514 3.913020
5.279622 3.989042
5.315449 3.932864
5.244159 3.564967
5.146081 3.263757
5.011934 2.918681
4.787339 2.762163
4.410498 2.617177
4.232379 2.561007
4.172798 2.537311
4.226542 2.562006
4.297203 2.758006
4.526730 2.967273
4.922237 3.289200
5.264937 3.601176
5.730549 3.937075
6.165850 4.177642
6.413426 4.277463
6.524487 4.236570
6.415547 4.027232
6.283092 3.701160
6.050015 3.518084
5.828463 3.465300
5.701641 3.374976
5.524311 3.321596
5.449438 3.293395
5.281366 3.338341
4.917424 3.318949
4.648015 3.294787
4.312775 3.198070
4.152939 3.006758
3.976097 2.924677
3.903234 2.993000
3.969368 2.927969
3.906138 2.943338
3.562632 2.659703
3.346196 2.526279
3.040691 2.377667
3.070254 2.197777
3.188226 2.162750
3.299164 2.253489
3.406944 2.372166
3.520080 2.454464
3.769535 2.597450
4.068717 2.691632
4.268381 2.801280
4.595802 2.935051
5.018074 3.112946
5.372626 3.263946
5.711820 3.430021
6.185912 3.401748
6.622142 3.475143
7.036658 3.687039
7.447969 3.844424
7.823521 3.991246
8.125341 4.021057
8.161369 4.083516
8.304313 4.162175
8.376576 4.127543
8.559978 4.259205
8.738475 4.341959
9.005643 4.537905
9.278822 4.743849
9.534991 4.832987
9.883286 4.913723
10.194347 5.005986
10.773060 5.255712
11.019018 5.286679
11.307816 5.234403
11.463108 5.110953
11.627856 4.990596
11.933413 5.096291
12.038075 5.106415
12.233091 5.177575
12.290863 5.180968
12.336861 5.068562
12.415732 5.025538
12.293303 4.907353
12.421722 5.054562
12.158332 4.747355
11.996251 4.681262
11.651780 4.585056
11.366488 4.214114
11.127641 4.190931
11.022601 4.334263
11.120767 4.442165
11.211028 4.589753
11.340453 4.645611
11.520969 4.845989
11.607979 5.017287
11.772567 5.144190
11.963359 5.424107
12.180125 5.664176
12.356129 5.950681
12.507740 6.123936
12.627413 6.413065
12.798247 6.626972
12.991032 6.848991
13.197012 7.049927
13.238900 7.202901
13.236932 7.204924
13.114667 7.153571
13.059530 6.959260
12.964383 6.660637
12.828880 6.453858
12.621690 6.143686
12.530495 5.922839
12.391297 5.737749
12.313217 5.626186
11.981699 5.430894
11.807812 5.405816
11.580611 5.115044
11.377680 5.179960
11.185328 5.145108
11.014708 5.091615
10.878317 5.242233
10.670557 5.212289
10.721190 5.385133
10.666917 5.410126
10.690901 5.583748
10.714626 5.760120
10.735724 5.769590
10.719162 5.772049
10.592852 5.650833
10.603716 5.609622
10.363386 5.524612
10.262021 5.409596
10.082170 5.352036
10.142115 5.307280
10.163915 5.451459
10.161559 5.511026
10.257328 5.683151
10.318122 5.895258
10.432055 5.952374
10.385990 6.037537
10.608739 6.307377
10.779100 6.608651
10.868389 6.906352
11.032493 7.204583
11.129047 7.333488
11.311437 7.425731
11.343135 7.665625
11.483059 7.949751
11.531140 8.261274
11.667834 8.530428
11.791683 8.740837
11.770826 9.107165
11.747822 9.331645
11.639828 9.518143
11.307486 9.314405
10.979904 9.201503
10.481700 9.007328
10.103447 8.597311
9.502296 8.030366
8.771688 7.482143
8.032132 6.547479
7.283417 5.947435
6.914566 5.512123
6.487792 5.080889
6.029844 4.905581
5.877076 4.602735
5.784759 4.489266
5.795815 3.947744
5.641417 3.482306
5.628494 3.521438
5.558896 3.573675
5.625462 3.608142
5.709800 3.256812
5.718105 3.223175
5.803225 3.289534
5.969312 3.291270
6.121313 3.343270
6.181247 3.232242
6.462865 3.227019
6.821039 3.228397
7.152190 3.211341
7.484040 3.232240
7.393583 3.026117
7.172414 2.830887
7.089572 2.741721
6.972701 2.667756
6.795575 2.393929
6.597647 2.445074
6.588900 2.507231
6.673459 2.551779
6.730686 2.662295
6.796437 2.704535
6.783610 2.785256
6.753963 2.892903
6.839489 2.989398
6.864045 3.029490
6.896106 3.160444
6.974241 3.309672
7.203021 3.491469
7.376642 3.763881
7.402199 4.026176
7.721775 4.420544
8.046799 4.733255
7.999387 4.811775
8.068058 4.798834
8.030396 4.695076
8.106769 4.605719
8.283885 4.406440
8.485631 4.260613
8.546375 4.172447
8.607070 4.260558
8.774158 4.208577
8.739956 4.139245
8.776196 4.059933
8.724490 3.962052
8.031514 3.539243
7.568829 3.243442
7.143967 3.172932
6.571043 2.925310
6.249594 2.865492
6.009648 2.848785
5.798468 2.791670
5.549701 2.901115
5.324759 2.962813
5.128473 3.038644
4.968725 3.177795
5.008969 3.372977
5.077318 3.731672
5.240911 4.103659
5.504290 4.355633
5.572051 4.336411
5.454508 4.126949
5.300190 3.915725
5.204859 3.387397
5.111749 3.143047
5.115500 2.782269
5.101518 2.824067
5.085811 2.474239
5.205964 2.394527
5.354675 2.500529
5.326145 2.415323
5.010248 2.172633
4.651012 2.061980
4.242511 1.734068
4.069354 1.887567
4.066515 2.054216
4.152729 2.259902
4.241647 2.516005
4.345782 2.792031
4.573463 3.145334
4.883111 3.503508
5.210229 3.886208
5.461155 4.255218
5.661930 4.608919
5.895694 4.979765
6.104395 5.272224
6.242654 5.424913
6.348079 5.408366
6.426283 5.330644
6.364152 4.900243
6.308703 4.900780
6.149008 4.513882
5.891359 3.902898
5.911174 3.846275
5.508629 3.388068
5.519109 3.283037
5.313749 2.832629
5.253199 2.772845
5.307399 2.800581
5.063360 2.748266
5.164088 2.572554
5.173382 2.695885
5.163494 2.803545
4.978203 2.820338
4.686113 2.699933
4.433498 2.550192
4.085653 2.353585
3.921093 2.207348
3.865521 2.216227
3.883172 2.213613
3.985773 2.274542
4.110162 2.317881
