2.053708 2.139555
1.995820 2.006894
1.986612 1.850424
2.012466 1.737215
2.040037 1.652100
2.135384 1.666325
2.253584 1.727506
2.385925 1.832770
2.570299 1.915376
2.737637 2.035162
3.062235 2.264728
3.140024 2.163988
3.178079 2.172072
3.318360 2.153225
3.362353 2.139951
3.315365 1.971092
3.465801 2.006457
3.414184 1.992600
3.253935 1.911688
2.930783 1.799193
2.719740 1.665989
2.213413 1.571186
2.006401 1.536086
1.926865 1.562352
1.903014 1.601564
1.902562 1.663810
1.995122 1.758045
2.183337 1.940581
2.439090 2.118182
2.662537 2.333443
3.005388 2.602038
3.170329 2.712045
3.243516 2.745988
3.340714 2.755028
3.472246 2.690004
3.548519 2.680071
3.707235 2.763093
3.654991 2.648253
3.554748 2.416083
3.230247 2.185242
3.012333 2.104698
2.535360 1.833824
2.243570 1.726029
2.007228 1.704831
1.929954 1.751628
1.998949 1.802270
2.121261 1.898143
2.241148 1.876282
2.285164 1.641739
2.303590 1.592906
2.575751 1.770405
2.399185 1.533603
2.279702 1.271034
2.293382 1.202769
2.340629 1.228728
2.302499 1.310380
2.351378 1.300043
2.303627 1.337704
2.122948 1.270611
1.921756 1.216279
1.792826 1.248505
1.679040 1.288284
1.636482 1.365208
1.564370 1.486430
1.602771 1.649030
1.713795 1.769007
1.905434 1.940427
2.134646 2.175432
2.341922 2.308892
2.463377 2.393376
2.811703 2.694187
2.846108 2.583478
2.735306 2.289687
2.675995 2.232847
2.488105 1.872367
2.237150 1.638627
2.046388 1.426028
1.970074 1.470673
1.955857 1.615425
1.923775 1.791750
2.017305 2.098723
2.066778 2.084132
2.141662 2.181083
2.236229 2.296061
2.335928 2.319571
2.419552 2.115355
2.404536 1.889458
2.377995 1.783072
2.273311 1.752345
2.242594 1.494083
2.507513 1.564360
2.458872 1.496796
2.454740 1.499561
2.428338 1.430570
2.423937 1.510470
2.477509 1.590835
2.556205 1.730189
2.676647 2.005877
2.771040 2.296481
2.787674 2.495840
2.888567 2.567898
2.681718 2.348915
2.375508 2.046479
2.043267 1.882040
1.907166 1.753532
1.851214 1.675819
1.746748 1.681399
1.666964 1.753049
1.735003 1.848339
1.820989 1.875519
1.890433 1.977473
1.647277 1.775614
1.406224 1.529936
1.245328 1.369452
1.271932 1.346848
1.349401 1.426140
1.520768 1.619070
1.718190 1.876964
1.920319 2.173170
2.117917 2.499342
2.429383 2.752619
2.568214 2.838051
2.643345 2.937539
2.706256 2.968630
2.744459 2.935961
2.771706 2.822639
2.711995 2.746446
2.502870 2.682178
2.234147 2.522709
1.917497 2.267047
1.729874 2.151742
1.600714 1.919689
1.594353 1.823583
1.721123 1.866915
1.872000 1.895362
1.989109 2.025153
2.076644 2.186957
2.144802 2.264143
2.160975 2.342274
2.151007 2.407930
2.450385 2.625774
2.481233 2.425753
2.441353 2.346399
2.449917 2.285991
2.277856 2.226082
2.075569 2.152688
1.800451 1.938115
1.592556 1.629975
1.451167 1.390952
1.435037 1.295482
1.667371 1.427705
1.644929 1.594019
1.788417 1.755920
1.914869 1.894059
2.036706 2.076702
2.176607 2.196585
2.310797 2.290184
2.480644 2.366119
2.586526 2.297190
2.750546 2.255205
3.076674 2.526354
3.162443 2.337618
3.082842 2.184596
2.749451 1.955924
2.240046 1.740050
1.881714 1.609425
1.703129 1.513938
1.695173 1.578206
1.768459 1.722440
1.890562 1.849514
2.133789 2.084956
2.138799 2.169168
2.101202 2.104554
2.109013 2.122472
2.152703 2.055454
2.158037 1.955212
2.188983 1.912705
2.223650 1.907783
2.012487 1.866512
1.797198 1.764968
1.826505 1.783009
1.526237 1.694901
1.416273 1.622805
1.432240 1.605208
1.525503 1.688763
1.676401 1.852502
1.793274 2.027914
1.933573 2.164889
2.071973 2.275167
2.230802 2.323611
2.591409 2.552769
2.727012 2.542874
2.856218 2.669096
2.941764 2.755989
2.913576 2.905169
2.790226 2.927653
2.655500 2.964613
2.579816 2.939861
2.674814 2.945607
2.644021 2.995749
2.856431 3.245102
2.995741 3.422116
3.267147 3.731377
3.619670 4.138810
3.928999 4.600614
4.279149 5.055747
4.541336 5.458035
4.817933 5.842659
5.073349 6.277903
5.416888 6.723289
5.747560 7.138289
5.938624 7.658086
6.134535 8.100242
6.267820 8.487004
6.401198 8.755781
6.426177 8.900928
6.396877 8.953008
6.296292 8.789246
6.197286 8.283748
6.177869 7.609162
6.294260 7.657084
5.196988 5.154414
4.577012 3.511487
3.855775 2.728312
3.764163 2.723082
3.432803 2.336798
3.508672 2.429268
3.659016 2.624304
3.903911 2.845896
4.155218 3.099173
4.464603 3.392464
4.663517 3.619063
4.751108 3.784401
4.990154 3.921417
5.221175 4.171234
5.477931 4.337431
5.781988 4.608997
6.072031 4.964832
6.307416 5.405053
6.570440 5.829704
6.821984 6.228708
7.043318 6.568726
7.233685 7.057768
7.352979 7.462400
7.143639 7.820353
6.634699 7.882432
5.965456 7.393056
5.135685 6.378439
4.286736 5.669715
3.631756 5.084488
3.389752 4.601758
2.694598 3.790681
2.667597 3.306658
2.453405 2.801835
2.513192 2.592985
2.562984 2.555292
2.664554 2.513505
2.764433 2.628047
2.998236 2.810940
3.312834 2.878714
3.564069 3.122932
3.684522 3.136795
3.776733 2.901877
3.918452 2.961091
3.998882 3.015854
4.150566 3.154593
4.218922 3.151145
4.216697 2.951073
4.161577 2.812358
4.192637 2.753954
4.402951 2.889201
4.173107 2.570701
3.962536 2.392932
3.924925 2.427056
3.996147 2.462680
4.129576 2.647107
4.360897 2.880507
4.584363 3.177185
4.821037 3.518278
5.082896 3.771174
5.358247 4.173321
5.484941 4.373233
5.508284 4.592291
5.465080 4.901933
5.369586 5.278872
5.476998 5.917044
5.572886 6.718403
5.658755 7.936375
5.686979 9.221443
5.520948 9.812322
5.264786 9.628686
3.930156 8.084670
3.149864 5.703746
2.494325 3.690967
2.197373 1.557981
2.008857 1.301028
1.831733 1.216324
1.628781 1.200474
1.460818 1.237003
1.412354 1.267561
1.541221 1.429126
1.688573 1.640227
1.847406 1.822255
2.015155 1.997395
2.219071 2.130583
2.488528 2.337251
2.718366 2.514190
2.882461 2.588229
3.018699 2.650541
3.088894 2.459428
3.266057 2.662796
3.267937 2.631871
3.413005 2.517611
3.545600 2.568040
3.633794 2.584858
3.814874 2.573562
3.896448 2.583075
3.975831 2.670784
4.131887 2.824233
4.306138 2.625241
4.528651 2.711884
4.100366 2.028516
3.802098 1.682380
3.694683 1.550241
3.727511 1.438889
3.760178 1.328275
3.841519 1.354413
3.817852 1.371091
3.870963 1.439094
3.841586 1.519604
4.044372 1.782543
3.428357 1.582689
3.117081 1.594931
2.931626 1.731067
2.889910 1.947376
2.944255 2.196064
3.160148 2.546822
3.471815 3.036485
3.833938 3.579809
4.239184 4.172752
4.622251 4.715740
4.815055 5.073816
5.070331 5.472566
5.203383 5.879811
5.209028 6.302756
5.332388 6.703625
5.224120 7.154002
5.118151 7.366353
4.921210 7.448460
4.567207 7.321525
4.560080 7.374003
4.248975 6.622308
3.795903 5.195436
3.036424 4.257682
2.420225 2.830575
2.070529 2.333872
1.936033 2.136693
1.987035 1.682734
2.018978 1.740939
2.216313 1.803600
2.535573 2.009241
2.809031 2.051969
3.044714 2.071954
3.207251 2.032742
3.468612 2.032602
3.736685 2.028804
3.941913 2.055681
4.241347 2.099942
4.471742 2.158976
4.691064 2.249691
5.008160 2.377718
4.399143 1.913609
4.008899 1.613916
3.661675 1.482808
3.377499 1.351934
3.107642 1.214386
3.043833 1.229625
2.989127 1.307303
2.957575 1.327086
2.813363 1.436660
2.754137 1.684120
2.398422 1.656035
2.174806 1.727238
2.145338 1.929358
2.169217 2.061568
2.214831 2.122805
2.240293 2.228553
2.391104 2.460885
2.652862 2.766635
2.859770 3.119546
3.174288 3.507844
3.319878 3.677148
3.523779 3.730315
3.724223 3.901876
3.976638 4.095044
4.230251 4.266572
4.556461 4.489398
4.736080 4.820911
4.966484 5.182753
5.203750 5.802361
5.510426 6.375918
5.555424 7.331224
5.475439 8.603308
5.127020 9.788638
4.765741 10.046576
4.119473 8.965731
3.245466 7.177853
2.942874 4.736521
2.461991 3.051621
1.808760 1.603940
1.987046 1.254027
1.882987 1.241423
1.738305 1.213793
1.631625 1.193513
1.443895 1.192247
1.294287 1.191131
1.305885 1.245631
1.440897 1.412225
1.745976 1.611680
2.091045 1.829586
2.430772 2.197650
