30
30
30
30
30
30
30
30
20
40
30
30
20
40
20
30
30
30
30
30
30
50
50
50
50
40
50
50
40
50
50
50
50
50
50
40
50
50
40
50
50
50
50
40
40
50
50
50
40
70
70
70
70
80
90
90
90
90
90
90
90
90
90
90
100
110
110
110
110
100
120
100
110
110
110
110
100
110
110
110
110
110
110
110
110
100
110
110
110
110
110
110
100
130
130
130
130
130
130
120
140
120
130
130
150
150
140
150
150
170
170
170
170
170
170
170
170
160
170
160
180
160
170
160
190
190
190
190
190
190
190
190
190
190
190
210
210
210
210
210
210
210
210
210
210
210
210
230
230
250
260
270
270
280
270
270
270
290
290
290
290
290
300
290
300
290
300
290
290
300
290
300
290
300
290
290
300
290
290
300
300
290
290
300
290
290
300
290
300
290
300
290
290
300
290
300
290
300
290
300
290
290
320
310
310
320
310
320
310
310
320
310
320
310
310
320
310
310
340
340
360
350
360
360
350
360
360
360
360
350
360
360
360
350
360
360
360
350
360
380
390
380
380
380
400
400
420
430
430
420
430
450
440
450
450
450
450
440
450
450
450
450
440
450
450
470
470
470
470
500
500
490
490
520
520
520
520
520
510
520
530
510
520
550
550
540
560
570
570
600
590
590
600
590
590
600
590
590
600
590
590
600
590
590
590
590
590
590
600
590
600
590
590
590
590
600
590
590
600
590
590
600
590
590
600
620
610
620
620
640
640
640
650
640
900
1110
1110
1150
1150
1150
1150
1150
1150
1150
1150
1150
1150
1150
1150
1150
1160
1150
1150
1150
1160
1190
1190
1200
1190
1190
1200
1230
1240
1240
1280
1280
1280
1280
1290
1280
1290
1280
1290
1280
1290
1280
1290
1280
1290
1280
1290
1280
1290
1290
1280
1280
1290
1290
1280
1290
1280
1290
1280
1290
1280
1280
1290
1280
1290
1280
1290
1280
1280
1290
1280
1280
1280
1280
1290
1280
1290
1280
1290
1330
1320
1330
1380
1370
1380
1380
1380
1370
1380
1370
1380
1380
1370
1370
1380
1420
1430
1420
1420
1420
1420
1420
1420
1420
1420
1420
1430
1420
1420
1430
1410
1430
1420
1420
1420
1420
1420
1420
1420
1420
1420
1420
1420
1420
1420
1420
1420
1430
1410
1470
1460
1470
1470
1510
1560
1560
1560
1560
1560
1560
1560
1560
1560
1560
1560
1560
1570
1560
1560
1560
1560
1560
1560
1560
1560
1560
1570
1560
1560
1560
1560
1560
1560
1600
1600
1590
1610
1600
1600
1610
1600
1610
1610
1610
1600
1610
1610
1610
1600
1610
1610
1600
1610
1610
1610
1610
1610
1610
1610
1610
1610
1600
1610
1610
1610
1610
1610
1610
1610
1610
1600
1610
1610
1660
1670
1660
1660
1660
1660
1660
1660
1660
1660
1660
1660
1660
1670
1660
1660
1660
1660
1670
1660
1660
1660
1670
1660
