0.218502
0.255425
0.418135
0.403345
0.377750
0.340776
0.239306
0.127290
0.171540
0.122766
0.241638
0.262059
0.345392
0.349884
0.442127
0.405343
0.358719
0.529856
0.522649
0.399352
0.416512
0.284813
0.258250
0.245342
0.288884
0.196353
0.240251
0.275315
0.310327
0.369776
0.412120
0.451787
0.496560
0.580498
0.571440
0.675368
0.675879
0.756483
0.763308
0.773143
0.820899
0.812522
0.859015
0.853123
0.882308
0.881693
0.913691
0.804329
0.899692
0.661763
0.750998
0.757794
0.795867
1.019910
1.078611
1.002783
0.974318
0.958147
0.940623
0.916876
0.944878
0.918775
0.913216
0.954937
0.971565
0.987473
1.098416
1.093946
1.176515
1.123232
1.093964
1.198600
1.178644
1.159344
1.260851
1.172387
1.041233
1.203724
1.153226
1.086985
0.995961
0.888457
0.788500
0.996502
1.125163
1.077085
1.107385
1.038578
1.026305
0.909735
0.858841
0.731866
0.733588
0.733425
0.715411
0.718628
0.713628
0.738610
0.878748
0.882971
1.062880
1.110628
1.132780
1.107521
1.201341
1.187325
1.100423
1.228934
1.257943
1.235799
1.393741
1.314950
1.309524
1.261636
1.293485
1.267257
1.292387
1.320596
1.368050
1.433463
1.514675
1.414697
1.355869
1.328489
1.278891
1.096130
1.085809
1.104764
1.031397
1.068513
1.093834
1.123582
1.182017
1.240043
1.313956
1.459534
1.533421
1.610880
1.807190
1.861235
1.923684
2.147047
2.236706
2.297583
2.489925
2.561931
2.636635
2.640406
2.553307
2.442411
2.108508
2.320517
2.487987
2.322060
2.150710
1.933164
1.756654
1.649964
1.580131
1.492285
1.322262
1.250083
1.164362
1.056715
0.997660
0.974468
0.933067
1.001022
1.036812
1.204318
1.291155
1.283686
1.273404
1.329795
1.383543
1.571103
1.654464
1.850636
1.959709
2.068052
2.005084
1.968498
2.108707
2.168179
2.083496
2.110590
2.045528
2.035444
2.108290
2.235010
2.349249
2.579459
2.699752
2.978118
3.136690
3.282899
3.588290
3.727267
4.067924
4.217223
4.222690
4.506999
4.725214
4.840774
4.848331
5.012335
5.104255
5.024318
4.724957
4.610952
4.537634
4.164186
3.873234
3.731155
3.581841
3.439687
3.202219
3.095130
2.992177
2.852496
2.776123
2.778209
2.770207
2.597977
2.024590
1.901624
2.015516
2.113012
2.289514
2.050019
2.006715
2.085998
2.202433
2.289110
2.400472
2.541536
2.754698
2.893525
3.160365
3.329757
3.491848
3.814668
4.003015
4.003999
4.000389
4.185290
4.387098
4.699417
4.978615
5.094980
5.354683
5.673600
5.602153
5.364195
5.265263
5.006492
4.893858
4.804657
4.390021
4.173910
3.686799
3.476125
3.261676
3.017412
2.792844
2.580242
2.288985
2.136343
1.994868
1.857587
1.781772
1.912624
2.052616
2.308079
1.950120
1.829743
1.863944
1.913612
2.029385
2.166402
2.343528
2.396316
2.546528
2.768538
3.120067
3.533107
3.748878
4.018927
4.437589
4.687756
5.004541
5.049832
5.212931
5.224971
5.389053
5.510848
5.629382
5.760881
5.741413
5.932938
5.587736
5.451820
5.283048
4.844222
4.843553
4.842584
4.382837
4.130596
3.722550
3.489836
3.131099
2.791874
2.587958
2.337474
2.192640
2.086620
1.928090
1.933879
2.128991
2.324653
2.704141
2.912680
2.479615
2.171037
2.070704
1.923348
1.947886
1.939808
2.081046
2.367082
2.594394
2.856348
3.252430
3.512511
3.760610
4.213968
4.747697
5.003349
5.281655
5.399650
5.711386
6.126429
5.885325
5.750472
5.457498
5.272151
5.147030
4.995248
5.140772
5.443452
5.745079
6.233810
6.536798
6.879973
7.197038
7.719647
7.716098
7.714923
7.715525
8.061087
8.600174
8.864291
9.372937
9.378242
9.638632
9.935549
10.431120
10.435502
10.438343
10.715503
11.171960
11.431660
11.902226
12.197230
12.664838
12.908704
13.103265
13.345432
13.527669
13.576392
13.570924
13.566796
13.950458
13.840565
13.741044
13.409297
13.123716
13.114764
13.108507
13.108020
12.586576
12.248600
11.912509
11.579179
11.066921
10.761279
10.436600
10.104111
9.793123
9.450351
8.941389
8.617291
8.617782
8.629594
8.620215
8.618952
8.616683
8.257876
7.926158
7.595267
7.104067
6.761291
6.437357
6.117007
5.790941
5.568015
5.459735
5.279764
5.131415
5.256332
5.583055
5.581410
5.843657
6.108531
6.559794
6.852714
6.423787
6.045900
5.605244
5.315854
5.176918
5.190656
5.253308
5.217248
5.260558
5.327549
5.590935
6.138707
6.471269
6.814525
7.146397
7.708360
7.855465
8.415739
8.781146
9.111831
9.398823
9.941946
10.260887
10.763789
11.267051
11.767252
12.232712
12.722716
13.201645
13.671466
13.944149
14.037850
14.031178
14.023274
14.047123
14.423133
14.358621
13.849614
13.850666
13.845365
13.514840
12.988318
12.468484
12.120864
11.583256
11.255445
10.691677
10.337847
10.007979
10.010906
10.012073
9.449681
9.085886
8.740238
8.368198
8.017230
7.471763
7.117185
6.744749
6.390931
6.062897
5.528715
5.187929
4.842535
4.516370
4.377670
4.505199
4.513503
4.529788
4.814371
5.129161
5.495884
5.741102
5.697079
5.231609
4.890035
4.779949
4.745700
4.805261
4.898056
5.145681
5.269314
5.586741
6.161875
6.532310
6.902381
7.285943
7.680185
7.673936
7.679937
8.085974
8.474451
8.842079
9.234530
9.625761
10.223244
10.570678
10.969253
11.604633
11.994612
12.414086
12.963390
13.293608
13.835791
14.178575
14.508981
14.854008
14.811937
14.423382
14.419660
14.094819
13.948038
13.434666
13.103121
12.374000
11.840806
11.485062
10.874889
10.471516
10.060937
9.629224
9.219084
8.821096
8.412703
7.745852
7.331569
6.949173
6.343401
5.942188
5.538538
5.131484
4.537856
4.173657
3.182861
2.522676
