70
70
70
70
70
70
70
70
70
70
80
70
70
80
110
120
160
150
150
160
170
160
150
150
160
160
160
160
160
160
160
120
100
100
110
160
160
170
160
160
170
160
160
160
160
210
200
200
200
200
200
210
200
200
250
240
250
250
240
250
250
250
250
240
250
250
240
250
250
250
250
240
250
290
290
290
300
230
180
280
210
210
210
300
280
340
290
300
500
520
520
520
520
570
510
350
410
550
350
580
410
580
370
410
540
350
390
480
550
440
530
470
640
640
640
640
640
640
640
640
640
630
410
590
550
500
620
620
670
670
670
670
670
670
670
510
420
700
780
830
800
510
790
520
640
530
600
660
550
700
790
940
950
680
990
750
770
720
710
710
740
840
650
710
630
720
800
870
1040
660
1050
1050
1040
1040
850
740
930
970
770
850
930
1050
800
950
810
810
1110
1160
1160
1160
870
880
1070
1250
1250
790
1250
960
1250
890
1130
970
1100
940
1320
1190
900
1320
1090
1330
1380
1380
1210
1250
1270
1430
1420
1430
1430
1420
1430
1090
1310
1440
1450
1440
1440
1440
1440
1440
1380
1060
1140
1120
1270
1220
1070
1130
990
1040
1160
1210
1400
1500
1500
1290
1160
1270
1170
1350
1510
1180
1060
1060
1230
1130
1080
1090
1060
1060
1280
1400
1440
1370
1500
1410
1560
1480
1460
1400
1370
1510
1220
1190
1110
1370
1460
1180
1280
1290
1130
1170
1380
1300
1400
1180
1710
1320
1600
1350
1670
1330
1530
1390
1240
1730
1560
1420
1940
1680
1560
1760
1940
1740
1720
1580
1730
1610
1580
1990
1930
1680
1940
1870
1890
1580
2060
1870
1810
1710
2060
2130
1820
1890
1960
1970
1900
2200
2190
2190
2250
2250
2250
2240
2260
2260
