1.978932 2.038029
1.977674 2.041661
1.976805 2.054660
1.974706 2.076438
1.977641 2.113995
1.976133 2.162756
1.976958 2.225520
1.986073 2.299922
1.987108 2.386385
1.991548 2.483080
1.785822 2.516972
1.658901 2.558090
1.562148 2.557001
1.448906 2.611408
1.366706 2.763597
1.295905 2.863135
1.265431 2.988587
1.272029 3.139961
1.303887 3.354435
1.360644 3.484143
1.374290 3.456567
1.337426 3.289638
1.318919 3.033866
1.260715 2.758760
1.199754 2.409313
1.141654 2.185185
1.127770 2.021389
1.111477 1.933341
1.107333 1.817499
1.144042 1.795558
1.190858 1.835145
1.248551 1.914198
1.322275 2.042229
1.395360 2.266886
1.431595 2.499434
1.380528 2.703856
1.265700 2.848228
1.173459 2.961340
1.178192 3.110086
1.212672 3.196198
1.060731 3.183663
1.002958 3.074734
1.009844 2.864356
0.970145 2.565431
0.879884 2.293757
0.839463 2.050947
0.800587 1.833538
0.796465 1.692300
0.795495 1.620128
0.784172 1.633956
0.770225 1.662531
0.766556 1.700794
0.731995 1.763915
0.713059 1.818878
0.701762 1.808739
0.722430 1.887126
0.734660 1.970280
0.777229 2.108302
0.817676 2.278857
0.847301 2.451008
0.882020 2.617633
0.940190 2.764689
1.039814 2.849824
1.111604 2.711986
1.072022 2.496346
1.017010 2.251526
0.992213 1.965686
0.965143 1.754541
0.922620 1.577866
0.908044 1.499506
0.896417 1.468283
0.906328 1.545603
0.936899 1.643489
0.985754 1.827770
0.970229 1.971513
0.889072 2.111837
0.834916 2.252553
0.750901 2.314003
0.746123 2.312396
0.780621 2.343734
0.896880 2.320334
0.992272 2.313916
1.087307 2.300853
1.172442 2.369876
1.275651 2.407018
1.326053 2.372620
1.378784 2.428446
1.495187 2.460537
1.602880 2.435993
1.728385 2.412595
1.882235 2.433843
2.044854 2.447334
2.174179 2.386917
2.287533 2.298989
2.324601 2.258477
2.429331 2.229387
2.483330 2.091973
2.632383 2.065220
2.708163 2.016163
2.773036 1.987875
2.824967 1.927830
2.778452 1.899923
2.675742 1.873945
2.520800 1.883826
2.328154 1.860811
2.125702 1.752845
1.937101 1.654433
1.822725 1.611580
1.743696 1.560799
1.721599 1.533209
1.674084 1.517668
1.696313 1.531294
1.704024 1.508722
1.768183 1.525329
1.820345 1.557431
1.869550 1.598879
1.959672 1.628693
2.001130 1.643644
1.997702 1.678144
1.932375 1.702042
1.869674 1.649004
1.841867 1.584123
1.759237 1.578352
1.645957 1.482830
1.649391 1.463871
1.508087 1.466726
1.323817 1.483653
1.215050 1.530236
1.089140 1.544588
0.959917 1.547458
0.917725 1.566065
0.932038 1.554823
1.014804 1.564494
1.128662 1.526437
1.289501 1.522199
1.433398 1.496410
1.590009 1.501496
1.721263 1.494054
1.884378 1.472407
1.970780 1.404633
2.106559 1.411687
2.151128 1.351800
2.248746 1.347634
2.386642 1.350291
2.456505 1.305089
2.574703 1.310499
2.681574 1.286866
2.821048 1.310560
2.948577 1.311767
3.069723 1.329969
3.167636 1.353082
3.144023 1.373290
2.992400 1.420617
2.843016 1.512974
2.690660 1.513139
2.592144 1.678954
2.522155 1.830757
2.499865 2.026345
2.404876 2.203471
2.348218 2.428169
2.246457 2.627844
2.126718 2.870760
1.963322 3.043744
1.851956 3.212039
1.772551 3.387743
1.707022 3.541882
1.705159 3.792201
1.724316 4.028432
1.778010 4.285659
1.836601 4.546458
1.880236 4.797725
1.864264 4.958721
1.880052 4.989507
1.873173 4.838577
1.827301 4.610343
1.732043 4.283505
1.654812 3.962167
1.506392 3.634863
1.422494 3.298509
1.322563 3.006892
1.180582 2.797635
1.089499 2.605091
1.046158 2.434580
1.048346 2.361220
1.079240 2.372422
1.133716 2.414897
1.205693 2.510798
1.307171 2.708829
1.370014 2.831973
1.415394 2.914250
1.338946 2.962653
1.201540 3.129587
1.078211 3.242503
1.107948 3.379160
1.141538 3.556450
1.180184 3.733569
1.240300 3.884779
1.301712 4.020868
1.360405 4.028922
1.487101 3.936876
1.555434 3.736214
1.487500 3.446871
1.355408 3.060842
1.251072 2.828201
1.153632 2.605566
1.063121 2.408784
0.971418 2.237022
0.946255 2.139200
0.970683 2.074535
1.002039 2.096571
1.045167 2.128881
1.082059 2.176408
1.026965 2.272933
0.899277 2.297948
0.867349 2.199639
0.839796 2.242973
0.772212 2.270926
0.779036 2.340194
0.818389 2.404873
0.868395 2.567176
0.907635 2.712211
0.959977 2.878030
0.992559 2.976384
1.040043 3.146607
1.097105 3.281229
1.039695 3.277710
0.946509 3.236919
0.845312 3.075715
0.738921 2.827176
0.702161 2.599576
0.662775 2.391986
0.653495 2.150185
0.655811 1.953545
0.647001 1.874331
0.681103 1.796282
0.652771 1.780085
0.674050 1.784390
0.707202 1.830455
0.761344 1.964366
0.843498 2.105661
0.932499 2.325532
0.985330 2.493884
1.011999 2.659313
0.974118 2.747007
0.905118 2.818147
0.895427 2.892043
0.886118 2.899548
0.866386 2.994111
0.884327 3.152831
0.915836 3.341124
0.966628 3.445313
0.995225 3.454453
1.088892 3.346715
1.058661 3.113230
0.983129 2.815570
0.935222 2.595459
0.904926 2.421826
0.893420 2.287244
0.880881 2.150379
0.864015 2.082472
0.856948 2.040299
0.826393 2.077670
0.789548 2.135393
0.774385 2.153413
0.737117 2.214821
0.730931 2.219970
0.709337 2.208895
0.712967 2.184380
0.734094 2.240902
0.773838 2.304668
0.841024 2.431099
0.884006 2.540877
0.892159 2.631474
0.825826 2.705474
0.759494 2.751022
0.744259 2.809931
0.677603 2.839513
0.651378 2.774512
0.640156 2.638326
0.608641 2.427975
0.567953 2.175283
0.571626 2.033946
0.591092 1.924512
0.568047 1.871051
0.580175 1.832960
0.585720 1.806714
0.588774 1.816072
0.589161 1.802103
0.593937 1.799702
0.614481 1.820146
0.660165 1.973590
0.719081 2.137257
0.779216 2.319107
0.827314 2.498576
0.790782 2.598071
0.788789 2.671859
0.793987 2.697023
0.718333 2.706225
0.664199 2.730714
0.689909 2.858507
0.712345 2.963680
0.731790 3.075089
0.767973 3.229352
0.819616 3.305260
0.909624 3.282205
1.000843 3.194586
1.017341 3.011182
0.978495 2.799858
0.939211 2.628473
0.922815 2.494707
0.898577 2.334130
0.874642 2.246740
0.873547 2.194485
0.885189 2.231358
0.904042 2.283910
0.840219 2.327879
0.789641 2.364064
0.728694 2.317031
0.697326 2.316360
0.700109 2.329903
0.661329 2.275375
0.678142 2.202762
0.677322 2.107770
0.692978 2.207478
0.727018 2.330894
0.771137 2.463906
0.812434 2.585381
0.859704 2.524859
0.997180 2.455340
1.139850 2.407947
1.295305 2.336122
1.431453 2.252730
1.550487 2.173454
1.688196 2.101331
1.728312 2.027283
1.837961 1.951030
