5610
5620
5600
5600
5630
5610
5600
5610
5690
5800
5440
5430
4590
5420
5420
5430
5390
4290
4480
5150
5420
5420
5410
5430
5410
5420
5400
5450
5250
4300
4580
5130
5420
5440
4160
4360
5420
5420
5430
5600
5420
5420
5410
5420
5420
5420
5420
5410
5420
5610
5420
5430
5430
5430
5430
5420
5410
5420
5420
5620
5410
5420
5440
5410
5430
5410
5410
5390
5430
5610
5430
5130
5470
4310
5340
4850
5240
5460
4810
5510
4790
4940
4900
4690
4300
4530
4980
4430
4800
4530
4260
4730
4950
5460
5440
5440
5440
5450
5450
5660
5450
5450
5450
5460
5450
5450
5470
5450
5450
5670
5440
5450
5440
5440
5470
5450
5470
5430
5440
5650
5430
5480
5460
5470
5480
5450
5460
5440
5460
5650
5470
5460
5460
5470
5430
5460
5450
5450
5460
5650
5440
5460
5450
5460
5460
5440
5450
5460
5460
5640
5470
5450
5460
5460
5460
5450
5440
5450
5470
5670
5460
5460
5460
5460
5430
5490
5470
5450
5470
5650
5460
5440
5440
5450
5450
5460
5440
5450
5440
5620
5460
5450
5440
5450
5450
5440
5450
5460
5460
5680
5450
5440
5470
5460
5420
5460
5450
5440
5450
5650
5440
5450
5440
5440
5460
5450
5440
5460
5480
5620
5460
5450
5440
5470
5450
5440
5440
5440
5450
5650
5440
5450
5440
5450
5430
5460
5480
5440
5460
5670
5440
5450
5450
5450
5460
5460
5460
5450
5450
5630
5450
5450
5440
5440
5460
5450
5430
5450
5440
5650
5460
5450
5440
5450
5440
5440
5470
5440
5440
5650
5440
5440
5440
5440
5450
5460
5450
5450
5440
5630
5450
5470
5460
5460
5470
5450
5440
5430
5450
5630
5450
5440
5440
5440
5440
5460
5470
5440
5460
5660
5450
5440
5430
5460
5440
5450
5440
5450
5430
5630
5430
5450
5440
5440
5440
5450
5430
5430
5460
5630
5470
5470
5450
5430
5430
5430
5450
5440
5450
5620
5030
4180
5450
5450
5430
5430
5420
5440
5000
3780
5020
5460
5450
3980
3640
3640
