0.250263
0.374509
0.511095
0.624834
0.805274
0.978958
1.253702
1.547170
1.782130
1.918621
2.113533
2.228610
2.227759
2.242452
2.248770
2.244566
2.279838
2.339835
2.412355
2.487787
2.435101
2.348500
2.176936
2.039358
1.907524
1.788114
1.684198
1.665119
1.654713
1.652955
1.726294
1.779733
1.829076
1.776975
1.653558
1.514094
1.356909
1.193169
1.080697
0.873758
0.976401
0.971241
0.991507
1.004119
0.957840
0.880116
0.855983
0.898302
0.992342
1.058023
1.147925
1.283393
1.438404
1.605262
1.792092
1.924144
2.056008
2.169146
2.305049
2.404030
2.504650
2.589294
2.608423
2.573525
2.496258
2.390885
2.277319
2.137934
2.025274
1.912012
1.801910
1.691375
1.598016
1.465654
1.308710
1.113689
0.874807
0.636332
0.480824
0.391323
0.322107
0.158005
0.173896
0.344676
0.560567
0.775747
0.959434
1.168915
1.351002
1.453656
1.626817
1.742220
1.856858
1.984859
2.103415
2.253919
2.391597
2.504978
2.610735
2.731025
2.862440
2.942803
2.926375
2.859325
2.733372
2.577044
2.412919
2.245706
2.074295
1.895128
1.737906
1.578959
1.415806
1.264289
1.135451
0.986549
0.812596
0.660009
0.602377
0.597824
0.602854
0.686480
0.867851
0.997106
1.148231
1.278279
1.327822
1.252933
1.097077
0.951861
0.798671
0.667015
0.578240
0.515042
0.475749
0.434434
0.420406
0.444736
0.539394
0.620124
0.733088
0.828148
0.958682
1.059723
1.180358
1.309492
1.474474
1.651805
1.793495
1.957850
2.186432
2.272147
2.343082
2.342265
2.298064
2.235353
2.184948
2.166300
2.161997
2.200171
2.329239
2.611359
2.804794
2.856740
2.917117
2.931893
2.896623
2.956161
3.012088
3.126206
3.305557
3.407210
3.401913
3.341827
3.302097
3.282930
3.146805
3.016400
2.858161
2.772135
2.706873
2.744363
2.829889
2.896908
2.972835
3.048248
3.058975
2.937695
2.718958
2.503951
2.292365
2.114390
1.972137
1.762073
1.505346
1.253769
0.906446
0.566610
0.447811
0.485192
0.601580
0.710192
0.823772
0.960985
1.092672
1.205312
1.305232
1.388341
1.449159
1.556661
1.688745
1.970713
2.274507
2.695436
3.017339
3.299585
3.576424
3.798794
4.017944
4.202384
4.403459
4.615031
4.854535
5.033089
5.214814
5.346366
5.446163
5.503619
5.418093
5.255924
5.040587
4.821978
4.615925
4.421359
4.276490
4.138838
4.034764
3.922952
3.805093
3.704792
3.574776
3.431607
3.254499
3.120926
2.974765
2.782360
2.610727
2.492328
2.257706
1.989711
1.775267
1.645443
1.606994
1.689706
1.839571
2.013856
2.178203
2.311379
2.448453
2.615435
2.808489
3.051335
3.379072
3.721823
4.000910
4.323333
4.556866
4.791694
4.948234
5.095185
5.327213
5.536311
5.718496
5.920815
6.049369
6.207585
6.326612
6.370426
6.389335
6.416241
6.322388
6.157811
5.980709
5.744365
5.517124
5.357971
5.196564
5.089632
5.052730
5.017115
4.977885
4.925426
4.872248
4.748676
4.709099
4.671378
4.576707
4.599662
4.508661
4.463990
4.385961
4.326048
4.169859
4.008067
3.848381
3.767930
3.795006
3.835706
3.895505
3.949727
4.048433
4.148904
4.257273
4.361035
4.472695
4.654320
4.929613
5.200704
5.472707
5.644749
5.816967
6.012389
6.166891
6.278597
6.389400
6.560130
6.749265
6.870175
6.964944
7.047499
7.148172
7.253359
7.360070
7.449546
7.469568
7.529163
