0.254047
0.445379
0.628447
0.808437
0.988781
1.163620
1.334615
1.508051
1.682381
1.855228
2.024996
2.192353
2.355236
2.515458
2.677831
2.827698
2.975902
3.122692
3.266272
3.351158
3.356256
3.284607
3.179707
3.048463
2.917919
2.795256
2.673005
2.551077
2.439941
2.326750
2.214770
2.109578
2.006938
1.907423
1.810173
1.719366
1.628497
1.532933
1.443444
1.358085
1.318452
1.338736
1.408177
1.473747
1.554111
1.627374
1.694784
1.758606
1.823077
1.883783
1.944478
1.995300
2.049616
2.106338
2.154188
2.204717
2.249067
2.284164
2.324622
2.359257
2.395641
2.410203
2.399105
2.369259
2.340505
2.320345
2.302732
2.287066
2.275508
2.260723
2.254920
2.254140
2.252891
2.252132
2.254293
2.264439
2.263211
2.267470
2.280490
2.310002
2.309151
2.308792
2.312479
2.319425
2.329356
2.342055
2.356574
2.374294
2.395990
2.423960
2.441806
2.463814
2.484243
2.506849
2.530809
2.552007
2.572673
2.599084
2.624260
2.645407
2.662504
2.662833
2.688393
2.732124
2.757647
2.734270
2.710196
2.682223
2.652663
2.623713
2.584127
2.547841
2.512338
2.481458
2.454702
2.424726
2.396534
2.363690
2.333811
2.310787
2.291573
2.276898
2.268519
2.271702
2.277560
2.302129
2.384084
2.477287
2.524478
2.511715
2.505292
2.501719
2.509297
2.516193
2.530555
2.547795
2.568910
2.598650
2.636029
2.680529
2.740484
2.806964
2.878438
2.958206
3.039462
3.127648
3.217812
3.316815
3.423416
3.536991
3.635950
3.756058
3.880388
4.009776
4.140311
4.273560
4.410059
4.545783
4.688712
4.838724
4.988580
5.139401
5.297440
5.463449
5.626840
5.797364
5.969255
6.135132
6.307943
6.481716
6.663431
6.787684
6.816258
6.739040
6.590826
6.400106
6.213480
6.021023
5.821071
5.623712
5.426570
5.229028
5.029282
4.827757
4.629977
4.432286
4.228936
4.039714
3.839672
3.644823
3.449678
3.261023
3.078768
2.894994
2.724043
2.548787
2.382209
2.225872
2.075060
1.897587
1.804402
1.861135
2.045318
2.232369
2.433193
2.640730
2.851057
3.060591
3.281876
3.501457
3.726719
3.954762
4.198367
4.445270
4.696494
4.954807
5.213567
5.476382
5.743828
6.010147
6.273317
6.539639
6.804441
7.072522
7.341870
7.530952
7.600799
7.515679
7.324018
7.039140
6.753087
6.472936
6.197528
5.920826
5.636087
5.358291
5.079363
4.798680
4.521658
4.248334
3.970065
3.698254
3.425673
3.154404
2.881084
2.612635
2.347196
2.092214
1.835509
1.586584
1.358626
1.130533
1.071132
1.242796
1.542889
1.847755
2.159593
2.472003
2.786002
3.102547
3.418262
3.740564
4.056943
4.378846
4.701590
5.032878
5.359988
5.690711
6.023109
6.357146
6.684952
7.014058
7.338793
7.668059
7.999735
8.330140
8.571127
8.697944
8.640774
8.422231
8.091327
7.760522
7.432476
7.111094
6.789700
6.460104
6.132247
5.807374
5.483855
5.158517
4.833860
4.508984
4.182612
3.859067
3.540178
3.222898
2.906004
2.591523
2.287936
1.991074
1.711803
1.456022
1.246328
1.198873
1.382043
1.654564
1.837382
1.978697
2.166247
2.385471
2.623222
2.879248
3.149618
3.432359
3.724418
4.029566
4.337558
4.652576
4.966685
5.284210
5.597809
5.907385
6.226711
6.545053
6.866129
7.191737
7.427466
7.505682
7.469643
7.451165
7.450092
7.465007
7.501235
7.552165
7.616642
7.692008
