70
80
70
70
70
70
70
70
70
70
80
70
70
70
120
110
170
160
160
160
170
160
170
160
170
160
160
160
170
160
170
160
170
160
170
160
170
160
170
160
170
170
160
170
160
200
210
200
210
200
210
200
210
200
250
250
250
250
240
240
260
250
240
250
250
250
250
250
250
250
250
250
250
290
300
290
290
300
290
290
340
340
330
340
380
430
470
470
520
520
520
520
520
560
570
570
570
570
560
580
570
570
560
570
570
570
620
630
620
630
620
620
620
630
620
630
620
630
620
620
630
620
630
620
630
620
630
620
670
680
670
680
670
680
670
670
670
730
780
840
840
840
840
830
840
840
840
880
890
950
940
950
990
1000
1000
990
1000
990
1000
1000
1000
990
1000
1000
990
1000
1050
1060
1050
1050
1060
1050
1050
1060
1050
1060
1050
1050
1060
1050
1060
1110
1110
1110
1110
1110
1100
1180
1170
1160
1200
1260
1270
1260
1260
1260
1260
1320
1320
1310
1330
1370
1380
1380
1380
1380
1380
1380
1380
1370
1450
1440
1440
1430
1430
1430
1440
1440
1440
1440
1450
1440
1440
1490
1490
1500
1500
1500
1470
1450
1450
1450
1490
1510
1510
1510
1510
1510
1500
1500
1570
1570
1560
1570
1560
1570
1560
1570
1630
1630
1620
1630
1620
1620
1610
1610
1590
1570
1560
1570
1580
1560
1570
1570
1630
1620
1630
1630
1620
1630
1630
1630
1620
1630
1690
1680
1690
1690
1690
1680
1690
1750
1740
1750
1750
1810
1810
1810
1810
1810
1870
1880
1870
1870
1880
1940
1940
1930
1940
1940
1940
1930
1940
1940
1940
1940
1940
1940
2000
2000
2070
2070
2060
2070
2060
2070
2070
2070
2080
2080
2080
2140
2150
2200
2210
2210
2200
2210
2210
2210
2270
2270
2270
2280
2270
2270
