1.986543 2.038143
1.832219 1.990535
1.702028 1.950328
1.549957 1.974784
1.452809 1.959050
1.239153 1.839239
1.126180 1.841234
1.053378 1.836765
0.977403 1.867017
0.919323 1.907901
0.869466 2.005568
0.845069 2.092564
0.800712 2.074140
0.758391 2.071990
0.751444 2.046620
0.762055 2.116538
0.758202 2.218160
0.740627 2.320340
0.707872 2.343929
0.660613 2.226197
0.666512 2.061952
0.645253 1.800477
0.630604 1.615375
0.575328 1.457793
0.548769 1.340736
0.513233 1.292922
0.510489 1.305186
0.486495 1.343194
0.485925 1.408006
0.523911 1.474837
0.557777 1.619390
0.601128 1.758075
0.606065 1.886885
0.566686 1.908402
0.530711 1.952679
0.524251 2.026703
0.517430 2.104681
0.539383 2.196090
0.542176 2.302498
0.555699 2.422054
0.561914 2.448610
0.576580 2.313370
0.620875 2.132516
0.600803 1.880611
0.563778 1.679613
0.509257 1.461527
0.466981 1.323235
0.459330 1.263422
0.431014 1.209177
0.440870 1.232125
0.434784 1.293203
0.441268 1.365605
0.445971 1.495851
0.445336 1.624905
0.460982 1.743467
0.477325 1.919955
0.510551 2.127221
0.556887 2.338187
0.594193 2.510388
0.612361 2.677459
0.600345 2.742115
0.592606 2.734475
0.580345 2.508111
0.583724 2.286397
0.590796 2.045351
0.518617 1.720936
0.477661 1.473147
0.463806 1.333576
0.447289 1.255720
0.458063 1.243886
0.475500 1.268912
0.502004 1.392722
0.568763 1.526550
0.609458 1.749633
0.592769 1.919965
0.575950 1.957762
0.603246 2.099138
0.581255 2.183250
0.617345 2.288512
0.624108 2.264385
0.715428 2.176326
0.814837 2.055053
0.898982 1.957793
1.024855 1.857639
1.131967 1.784437
1.256175 1.740584
1.371638 1.704860
1.467523 1.601064
1.545297 1.534158
1.663446 1.487176
1.749565 1.462529
1.742693 1.394963
1.694530 1.256756
1.600589 1.122427
1.582940 1.051463
1.479969 0.957865
1.462086 0.920496
1.450408 0.911910
1.461419 0.881411
1.510340 0.869709
1.525834 0.877776
1.521397 0.824104
1.492678 0.809499
1.404324 0.828884
1.239375 0.808193
1.095623 0.774986
1.024680 0.766505
0.987595 0.757331
0.997911 0.703853
1.027662 0.693065
1.047996 0.713508
1.056398 0.738998
1.104945 0.756387
1.170419 0.782336
1.250017 0.816674
1.318095 0.819058
1.365540 0.832183
1.434081 0.831222
1.487524 0.844559
1.579071 0.843332
1.666809 0.825200
1.705572 0.804530
1.741757 0.798748
1.787512 0.793007
1.808742 0.757814
1.741422 0.764885
1.673829 0.790642
1.494593 0.818389
1.296446 0.796731
1.162343 0.756477
1.080784 0.727087
1.037917 0.711369
1.040651 0.708658
1.044572 0.727341
1.105123 0.760963
1.180990 0.798745
1.273802 0.831441
1.433911 0.864277
1.470324 0.884383
1.558337 0.906245
1.647029 0.923453
1.694995 0.913403
1.750378 0.909286
1.758414 0.869815
1.812892 0.884355
1.872859 0.884182
1.913933 0.891321
1.999453 0.894878
2.024533 0.897389
2.115181 0.908217
2.162298 0.956218
2.011217 0.938987
1.794852 1.003988
1.613042 1.062697
1.417352 1.154461
1.344724 1.254916
1.265668 1.369783
1.206553 1.532183
1.151584 1.710284
1.103767 1.874804
1.064562 1.972186
0.945897 2.021083
0.884578 2.058910
0.827863 2.112683
0.799891 2.170566
0.773826 2.263165
0.766659 2.338341
0.747197 2.449459
0.724595 2.566450
0.702994 2.572130
0.689106 2.617413
0.629875 2.413689
0.603521 2.283499
0.595065 2.050496
0.566291 1.788039
0.523084 1.571405
0.508965 1.436414
0.496266 1.375192
0.486943 1.310730
0.472605 1.337537
0.487992 1.377437
0.495953 1.464894
0.519396 1.570384
0.554169 1.715894
0.564113 1.838122
0.573874 2.008737
0.607961 2.103440
0.641717 2.275437
0.647874 2.364740
0.669182 2.455209
0.689096 2.575764
0.663651 2.599448
0.674867 2.763958
0.713763 2.883537
0.736105 3.004589
0.777449 3.181740
0.783459 3.290706
0.815485 3.394485
0.782442 3.201995
0.750302 3.006976
0.780494 2.720301
0.668244 2.398567
0.617403 2.137705
0.557505 1.920952
0.528631 1.775571
0.499340 1.647844
0.488044 1.602497
0.502732 1.583411
0.544333 1.563178
0.587602 1.625138
0.611344 1.721644
0.593619 1.788407
0.564308 1.856222
0.560692 1.938558
0.552783 1.993932
0.580564 2.065000
0.596677 2.111455
0.609150 2.208060
0.626796 2.318683
0.649960 2.401836
0.665301 2.494280
0.613622 2.451800
0.601947 2.521406
0.608284 2.609353
0.585947 2.678645
0.605966 2.713703
0.650103 2.621199
0.698101 2.437787
0.675533 2.210456
0.606280 1.910301
0.563145 1.734924
0.487051 1.511364
0.460723 1.356226
0.430194 1.305205
0.418184 1.274573
0.434346 1.320754
0.464508 1.430127
0.525203 1.538115
0.579993 1.770235
0.633403 1.974904
0.657173 2.158161
0.685595 2.295646
0.698223 2.443877
0.699963 2.581309
0.689888 2.723680
0.672700 2.813150
0.679123 2.956407
0.702013 3.119286
0.748267 3.256353
0.767235 3.456971
0.786670 3.544742
0.782940 3.455301
0.763862 3.201569
0.715711 2.855371
0.659259 2.479063
0.639367 2.168341
0.667789 1.955606
0.738807 1.810104
0.824160 1.707038
0.924404 1.668418
0.990492 1.706193
0.997068 1.764685
0.894017 1.840695
0.798887 1.861415
0.657648 1.892426
0.630790 1.886739
0.624889 1.893481
0.629777 1.924212
0.658457 1.996349
0.658575 2.067282
0.688786 2.205051
0.671667 2.285084
0.703806 2.455765
0.694847 2.575551
0.663226 2.642928
0.650662 2.683650
0.650221 2.754286
0.709964 2.694143
0.744409 2.583633
0.723937 2.393353
0.694855 2.177610
0.625983 1.940488
0.590049 1.787981
0.560163 1.697662
0.526501 1.615526
0.504010 1.508342
0.484753 1.441550
0.488235 1.355836
0.512331 1.354345
0.542593 1.437302
0.574758 1.588678
0.599543 1.773191
0.622003 1.935031
0.609112 2.081269
0.623711 2.238495
0.657116 2.415942
0.679613 2.561641
0.712654 2.721165
0.716189 2.780817
0.745001 2.915494
0.740980 3.019170
0.793999 3.104860
0.810246 3.206351
0.740973 3.182805
0.709927 3.055292
0.687000 2.797510
0.652044 2.479246
0.609383 2.189890
0.561646 1.922285
0.582282 1.793927
0.635149 1.709204
0.697830 1.672601
0.772740 1.684779
0.842078 1.716144
0.908117 1.848266
0.894884 1.941730
0.823125 2.015308
0.750029 2.101805
0.731391 2.198131
0.693612 2.211520
0.674914 2.257589
0.666183 2.246546
0.670556 2.195897
0.675976 2.224552
0.690916 2.231253
0.709019 2.311614
0.655736 2.346227
0.570322 2.241824
0.546582 2.102963
0.562011 2.012906
0.623157 1.949543
0.670831 1.886305
0.710675 1.733846
0.770567 1.660820
0.859253 1.581599
0.944045 1.509571
