70
120
160
210
240
290
330
240
260
300
320
330
330
420
470
440
410
510
510
510
520
510
420
510
510
390
500
510
520
510
490
320
430
390
430
470
320
320
390
320
330
410
490
390
520
380
470
520
510
380
430
510
360
340
330
520
520
510
520
520
520
510
520
520
510
520
520
520
510
520
520
520
520
510
520
520
510
490
320
380
540
400
380
420
330
350
490
370
500
320
380
390
330
430
400
450
330
400
520
400
320
440
520
510
520
520
470
320
330
510
380
360
410
330
510
400
410
360
320
480
330
510
370
320
490
320
520
370
320
520
370
420
340
320
470
320
380
520
520
520
530
520
530
520
390
320
380
520
530
430
410
520
520
520
340
330
440
320
390
520
530
440
420
530
520
520
520
530
520
520
530
410
320
450
320
380
470
320
330
420
320
340
320
430
330
320
410
420
330
320
450
320
360
420
320
430
520
450
320
410
520
520
520
520
520
520
520
520
520
520
520
520
520
520
520
520
520
520
520
520
400
320
440
530
540
530
540
530
540
530
540
540
530
540
530
540
530
540
530
540
540
530
540
530
540
530
540
530
450
320
340
390
450
430
320
460
350
460
430
320
470
340
350
500
370
530
330
530
380
320
380
520
440
460
440
350
520
420
320
450
390
320
390
520
520
530
410
440
510
370
500
420
460
470
470
420
430
520
510
520
520
510
520
520
520
520
400
320
410
380
530
530
520
530
530
510
330
420
510
520
520
520
520
520
520
510
520
520
520
510
510
540
530
540
530
320
