2.125927 1.956037
2.145738 1.980732
2.084804 2.000846
1.962801 1.919877
1.918976 1.955435
1.899909 2.040410
1.940212 2.179737
1.907057 2.291721
1.944016 2.518707
1.996932 2.733472
2.030160 2.981732
2.112953 3.183802
2.173734 3.400432
2.267835 3.578512
2.298532 3.606292
2.330911 3.642713
2.483872 3.772301
2.732603 4.128977
2.796227 4.295653
2.992656 4.425186
3.044006 4.419489
3.147857 4.533314
3.242969 4.572466
3.361579 4.653338
3.511111 4.722613
3.691953 4.857923
3.896554 4.966419
3.939291 4.939907
4.080625 5.022997
4.179397 4.979920
4.263122 4.814028
4.078127 4.670713
3.931647 4.554783
3.850228 4.207647
3.851006 4.053449
3.777450 4.042993
3.731864 4.090744
3.593497 3.926154
3.579650 3.994122
3.346000 4.014104
3.446145 3.994652
3.540999 4.140736
3.653413 4.317625
3.817967 4.402536
3.962845 4.528387
3.948785 4.587307
3.961169 4.591740
4.144806 4.737463
4.284932 4.877186
4.708871 5.183934
5.189499 5.722563
5.703493 6.205217
6.100819 6.642305
6.549432 7.070460
6.749046 7.260006
6.886618 7.378282
6.993219 7.441386
7.033537 7.401740
6.969223 7.352774
6.962161 7.256843
6.860500 7.170082
6.691684 7.051139
6.561487 6.944488
6.234070 6.574168
5.962172 6.257279
5.487992 6.002719
5.153259 5.766520
4.792788 5.507351
4.426354 4.930652
4.138372 4.483607
3.789170 3.998170
3.428383 3.790235
3.205543 3.364329
3.045373 3.182615
3.062812 3.227180
3.025542 3.339450
3.081902 3.426835
3.267293 3.610861
3.448518 3.781425
3.601248 3.904759
3.725965 3.991272
4.095091 4.406926
4.482457 4.884598
4.709035 5.073403
5.041517 5.387626
5.172412 5.529496
5.269713 5.563514
5.286269 5.476779
5.290034 5.476356
5.138024 5.314059
5.091756 5.258147
5.178920 5.337262
5.295946 5.385814
5.339270 5.413127
5.317958 5.384349
5.201500 5.312726
5.188729 5.291348
5.193458 5.241961
4.984803 5.101373
4.754123 5.129225
4.762582 5.177653
4.744831 5.112813
4.652067 5.210140
4.686943 5.356363
4.786343 5.513449
4.867497 5.461731
5.069445 5.615433
5.270280 5.814263
5.450448 6.020808
5.574849 6.014934
5.659955 6.074054
5.499600 5.807967
5.411226 5.702595
5.422897 5.735841
5.510613 5.721745
5.511003 5.539303
6.101547 6.046963
6.692252 6.614872
6.874433 6.727551
7.044103 7.007959
7.128616 7.070266
7.186798 7.057629
7.215713 7.023222
7.129167 6.878772
7.210224 6.912177
7.317026 6.977919
7.309632 7.091485
7.457330 7.128104
7.514108 7.201021
7.578669 7.269400
7.359676 7.206801
7.336531 7.111726
7.199891 7.016039
7.080611 7.054372
6.896027 6.940147
6.524496 6.666260
6.463882 6.723445
6.615847 6.782724
6.951564 7.074722
7.506743 7.789074
7.967596 8.280191
8.212998 8.537373
8.436203 8.749745
8.600011 8.930860
8.751380 8.935124
8.856674 8.975491
8.778730 9.130315
8.946966 9.329939
8.937177 9.443300
8.986684 9.393305
9.011556 9.355776
9.025134 9.431230
9.059828 9.448231
9.042201 9.419262
8.901674 9.438130
8.838259 9.301915
8.775539 9.148717
8.777992 9.125015
8.706351 9.071396
8.515846 9.046311
8.469151 8.934824
8.319651 8.910320
8.253968 8.614838
8.050897 8.612175
8.035796 8.377436
7.980134 8.336314
7.770032 8.148536
7.623919 7.970070
7.319954 7.757043
7.203135 7.732154
7.229481 7.692895
7.238485 7.767093
7.299701 7.739635
7.060772 7.532982
6.842305 7.461882
6.716442 7.407764
6.189598 7.023794
6.093351 6.961324
5.896926 6.868019
5.365183 6.478014
5.212295 6.425367
4.847804 6.253883
4.653665 6.122169
4.462311 5.963604
4.503436 5.897167
4.491409 5.966702
4.494740 6.171815
4.552118 6.255982
4.536335 6.299124
4.444742 6.178103
4.226811 5.928627
4.179172 5.871493
4.096951 5.681576
4.202292 5.751028
4.491553 5.996514
4.848416 6.577021
5.407429 7.294160
6.086061 8.318255
6.739427 9.306969
7.264847 10.425488
7.548575 11.252455
7.834549 11.744720
7.903673 12.050326
7.957613 12.390391
8.230305 12.682498
8.244081 12.651616
8.327387 12.648750
8.309806 12.592542
8.313842 12.559194
8.231074 12.507411
8.279602 12.461953
8.324670 12.424726
8.251152 12.313125
8.212681 12.291520
8.149867 12.255658
7.989280 12.166170
7.879228 12.087079
7.855334 12.004094
7.814902 11.856361
7.571420 11.645495
7.392215 11.353033
7.255791 10.929525
7.147667 10.616341
7.070644 10.123531
7.055453 9.767492
6.855651 9.440680
6.656416 8.980086
6.433075 8.539465
6.317759 8.164856
6.190738 7.692468
6.421857 8.311756
6.728284 8.842791
7.024517 9.360035
7.316561 9.670462
7.534831 9.974408
7.549931 9.676040
7.100546 9.049915
6.600848 8.274204
6.213096 7.754351
6.097675 7.462496
6.127421 7.533979
6.449585 7.960477
7.012740 8.704202
7.643568 9.269936
7.977323 9.697884
8.296955 10.192756
8.799698 10.574934
9.123834 11.016971
9.435270 11.512698
9.868452 11.906237
10.273304 12.451838
10.435333 12.672290
10.384563 12.668621
10.152595 12.480604
9.946459 12.267334
9.771460 12.169968
9.711233 12.108445
9.676078 12.038924
9.597253 11.920357
9.520688 11.947273
9.316749 11.907425
9.180612 11.656184
9.070850 11.491094
8.769145 11.027298
8.705456 10.764729
8.477583 10.517499
8.274897 10.086101
8.084931 9.601723
7.750679 9.399504
7.412571 9.013601
7.183197 8.736694
7.242903 8.768274
7.321652 8.884120
7.251067 8.883528
7.205847 8.804379
7.781178 9.799656
8.431978 10.822997
8.988421 11.618213
9.584082 12.121675
9.651547 12.276465
9.623938 12.093670
9.473502 11.846357
9.022489 11.202747
8.892099 10.813241
8.735906 10.536514
8.425099 10.274899
8.517911 10.244448
8.714585 10.575887
9.073357 11.160697
9.590592 11.784540
9.999804 11.987913
10.374731 12.431103
10.808428 12.724349
11.102521 13.125608
11.313412 13.245229
11.479573 13.664875
11.366991 13.454709
11.317643 13.399312
11.295661 13.218529
11.358257 13.130475
11.299308 12.972232
11.319682 12.790982
11.149690 12.496489
11.064598 12.272870
10.704195 12.229659
10.195478 11.891478
9.938923 11.525838
9.338404 11.181287
9.354410 11.111823
9.376923 11.073830
9.472816 10.978374
9.496878 10.926542
9.521056 10.942147
9.572492 10.967610
9.750624 11.025329
9.893110 11.236723
10.198780 11.449826
10.423626 11.774456
10.546932 11.890243
10.770508 11.990012
11.299379 12.501524
11.697506 12.900019
12.204969 13.213713
13.088209 14.074895
13.741626 14.821906
14.210150 15.145420
14.765758 15.654944
14.942544 15.861972
15.137559 16.170221
15.290509 16.315761
15.291929 16.413856
15.193765 16.296973
15.266988 16.100842
15.203627 16.015842
15.143485 15.961780
15.177687 16.008055
15.268308 16.132988
15.332937 16.196523
15.519053 16.408297
15.822099 16.773494
16.178277 17.222025
16.457663 17.549474
16.568838 17.655386
16.460138 17.460572
16.541851 17.377038
16.577174 17.354989
16.625269 17.346040
16.631469 17.333857
16.634318 17.254133
16.642357 17.205469
16.575081 16.941918
16.634394 16.949412
16.748812 16.996848
17.157000 17.318702
17.443184 17.581796
17.758548 17.752841
17.863238 17.921955
17.878486 17.990269
18.119677 18.030362
18.304250 18.148961
18.615341 18.176763
18.699509 18.219791
18.771309 18.256518
18.636128 18.140270
18.607195 18.195533
18.662613 18.181162
18.705695 18.215863
18.733432 18.263126
18.736112 18.255825
18.679395 18.293532
18.708559 18.333646
18.713885 18.441115
18.759391 18.560587
19.028410 18.822107
19.307699 19.000477
19.501247 19.195627
19.617745 19.191305
19.697724 19.215187
19.670849 19.221599
19.656642 19.320544
19.864003 19.630933
20.051102 19.393177
19.952953 19.502373
19.897560 19.469303
19.702278 19.471237
19.657301 19.461381
19.606524 19.406151
19.327216 19.413386
19.322199 19.269760
19.043303 19.193037
19.078587 19.083921
18.903244 19.020226
18.845178 18.884471
18.762717 18.706638
18.490095 18.513347
18.541738 18.461427
18.595847 18.483356
18.657621 18.500063
18.472309 18.468118
18.490966 18.426580
18.429810 18.394968
18.485800 18.144586
18.166864 17.910845
17.882754 17.779925
17.648808 17.573920
17.344655 17.340024
17.082553 17.180298
16.797296 16.685703
16.670278 16.534142
16.487461 16.302074
16.059412 16.228548
15.623731 15.770398
15.295952 15.446021
15.266856 15.223894
15.270820 15.275949
15.214054 15.128655
15.458707 15.160924
15.868470 15.268025
16.140495 15.491363
16.234054 15.662207
16.476733 15.829072
16.701872 15.925520
16.709955 15.908941
16.709641 15.681647
16.724554 15.668074
16.755346 15.642071
16.949782 15.727528
17.262633 16.036314
17.642317 16.453426
17.897938 16.634367
18.086406 16.695311
18.278059 16.721185
18.564445 16.819575
18.822912 16.928100
18.974370 16.994466
19.093091 16.790788
19.173742 16.512741
19.230109 16.234267
19.168984 15.946618
18.937425 15.605648
18.814094 15.466797
18.926256 15.172198
18.976833 14.802205
19.127126 15.053329
19.275645 15.227064
19.409810 15.236565
19.369999 15.181858
19.575408 15.285287
19.816917 15.331542
19.951836 15.394776
20.130211 15.553422
20.536167 15.904793
20.769596 16.519502
21.112874 17.319226
21.175611 18.044010
21.108468 18.569077
21.325672 19.169646
21.282641 19.644267
21.328998 19.857600
21.825782 20.149641
22.182722 20.425645
22.521493 20.584375
22.746170 20.940673
22.869969 21.107899
23.043241 21.466838
23.315752 21.794190
23.341920 22.092558
23.620716 22.377282
23.585318 22.618203
23.797448 22.776597
24.242532 22.969283
24.457139 23.082197
24.332825 23.150728
24.225826 23.297589
24.043343 23.288665
23.823965 23.389759
23.655005 23.268476
23.511766 23.249449
23.311538 23.052272
23.016018 22.587045
22.967368 22.527421
22.890395 22.522633
22.687677 22.579420
22.455045 22.478259
22.378957 22.603878
22.309849 22.654812
22.059241 22.671734
21.920238 22.748335
21.901710 22.726103
21.688580 22.193971
21.548949 21.951950
21.195746 21.794926
20.942256 21.397386
20.911210 21.067637
20.557248 20.825178
20.111161 20.699458
19.797176 20.548223
19.784622 20.530734
19.590711 20.580966
19.167117 20.508327
19.167955 20.445470
19.200397 20.449050
19.197721 20.406655
19.093711 20.166727
18.748107 20.098687
18.654398 20.100068
18.622529 20.046120
18.562560 20.003912
18.588015 19.978970
18.427955 19.798351
18.464397 19.767202
18.278354 19.618241
18.321954 19.436973
17.970382 19.004985
17.919155 18.851198
17.478489 18.764149
17.306786 18.706091
17.147708 18.534988
17.110343 18.523323
16.799645 18.548274
16.836548 18.537785
16.767773 18.546096
16.696987 18.568863
16.378471 18.257658
16.286904 18.235614
16.437536 18.464252
16.679731 18.644227
17.150376 18.970720
17.333183 19.332472
17.800362 19.752401
18.371476 20.061286
18.918643 20.918503
19.406723 21.246056
19.503168 21.683530
19.744951 22.008164
19.855194 22.271646
19.924478 22.286133
20.020886 22.335341
20.275259 22.493091
20.513079 22.835092
20.451587 22.847558
20.598380 22.952513
20.420769 23.055831
20.383249 23.003201
20.411281 22.992092
20.234963 22.781503
20.031762 22.643259
19.854890 22.483377
19.744809 22.396316
19.313403 22.274407
18.828024 22.050597
18.817841 22.067978
18.348699 22.001457
18.021255 21.834653
17.680932 21.456867
17.756078 21.430728
17.584004 21.236122
17.585127 21.190634
17.430566 20.841449
17.527839 20.919182
17.542049 21.028925
