2.104710 1.948908
2.093554 1.941302
2.014375 1.936340
1.924971 2.013333
1.845299 2.100821
1.771484 2.176620
1.652766 2.188670
1.571120 2.193429
1.513951 2.220284
1.465319 2.196643
1.536417 2.238803
1.590032 2.244684
1.607666 2.262080
1.648796 2.310742
1.756160 2.519537
2.299462 3.250918
3.064584 3.800641
3.402008 4.056604
3.408851 3.991882
3.425518 3.909757
3.359587 3.718901
3.171630 3.586065
2.897221 3.363817
2.773871 3.123575
2.666140 3.090877
2.793968 3.125239
2.891226 3.183259
3.286127 3.554468
3.551391 3.788172
3.699231 4.008245
3.942616 4.233478
3.989903 4.263662
4.005077 4.271408
4.024201 4.268395
4.143504 4.281699
4.137287 4.209057
4.126476 4.339526
4.179689 4.487445
4.142123 4.605059
4.220042 4.655106
4.286874 4.888491
4.346945 5.062504
4.478525 5.184100
4.590841 5.398427
4.531869 5.460979
4.407206 5.304227
4.400454 5.240452
4.525471 5.431068
4.565133 5.532740
4.782515 5.667086
5.009478 5.982573
4.958525 5.925304
4.687483 5.767106
4.505550 5.602808
4.370578 5.513554
4.351056 5.480833
4.508899 5.588867
4.622373 5.659389
4.867617 5.798287
5.288925 6.144962
5.494669 6.373889
5.686126 6.521588
5.743956 6.554028
5.990295 6.720720
6.146422 6.731716
6.150681 6.747491
6.236953 6.718040
6.273044 6.650742
6.313817 6.599549
6.339668 6.461240
6.354272 6.397063
6.198548 6.352272
6.005104 6.273461
5.936159 6.224982
5.931780 6.042429
6.029981 6.039349
6.044769 6.081999
5.863440 6.124610
6.040111 6.296237
6.252757 6.452965
6.412838 6.617117
6.493110 6.710306
6.449941 6.714569
6.162858 6.583112
5.876129 6.175572
5.611537 5.917213
5.392068 5.647848
5.389927 5.624544
5.337066 5.621532
5.208537 5.657814
5.192245 5.724685
4.960407 5.604526
4.770497 5.361424
4.561389 5.263249
4.436083 5.195823
4.175566 5.137845
4.106597 4.899760
4.002868 4.864240
4.096072 4.859775
4.237013 4.920570
4.461591 5.118887
4.573403 5.137759
4.558770 5.152848
4.572441 5.056349
4.683456 5.084760
4.688129 5.107041
4.857309 5.295966
5.159914 5.670706
5.513810 5.952845
5.783947 6.183751
5.792752 6.213981
5.726873 5.926379
5.587301 5.660086
5.500450 5.360723
5.436454 5.161009
5.370213 5.202372
5.373602 5.297662
5.370628 5.430244
5.274030 5.423098
5.136775 5.255449
5.077101 5.137983
4.930494 4.911147
4.679944 4.638558
4.441757 4.560338
4.318570 4.410115
4.139266 4.302135
4.063646 4.088370
4.144407 4.215769
4.169405 4.263867
4.438411 4.513536
4.607729 4.659432
4.655462 4.759216
4.563478 4.797699
4.499925 4.706056
4.291687 4.559015
4.223576 4.513807
4.436448 4.675749
4.641728 4.842791
4.995661 5.104103
5.731404 5.666042
6.262226 6.048530
6.370772 6.140734
6.422876 6.250044
6.367472 6.409976
6.385878 6.302907
6.330011 6.138481
6.091891 6.060614
6.004059 6.036714
5.886079 5.889305
5.721089 5.723798
5.611701 5.600692
5.430038 5.460990
4.981345 5.372475
4.451224 5.081883
4.177595 4.805607
4.026142 4.755903
3.891207 4.602861
4.011849 4.677652
4.151669 4.762604
4.231092 4.718419
4.279200 4.732277
4.218971 4.485261
4.176948 4.167863
3.970759 4.016327
3.936712 3.900483
3.984813 3.806969
3.942596 3.689672
3.917527 3.603665
3.825300 3.573841
3.955244 3.479826
4.004850 3.610558
4.016079 3.573371
4.039446 3.722534
3.752384 3.486878
3.445603 3.340491
3.338483 3.132941
3.128271 3.044761
3.075935 2.969773
3.125840 2.946374
3.048532 3.033619
2.930049 2.863664
3.008973 2.868539
3.056823 2.987810
3.114367 2.934234
2.990364 2.817792
3.319598 3.204185
3.669146 3.652412
3.774622 3.864164
3.734241 3.830810
3.542481 3.663764
3.415128 3.634733
3.312678 3.595472
3.617096 3.885427
4.213128 4.384810
4.924054 4.983423
5.740908 5.520157
6.549175 5.971651
7.369271 6.436458
8.035654 6.801650
8.616193 7.042380
8.930943 7.123541
9.177118 7.006490
9.241247 6.915993
9.224208 6.896520
9.104274 6.850511
9.366167 7.214817
9.789120 7.627056
10.216255 7.936301
10.576264 8.266131
10.831265 8.568967
10.936268 8.665965
11.014981 8.722470
10.975955 8.559610
10.880456 8.402429
10.768001 8.101102
10.710402 7.769967
10.688135 7.572826
10.495279 7.423458
10.497694 7.372291
10.321112 7.207850
10.324227 7.086799
9.981219 6.865237
9.590123 6.571399
9.279114 6.165826
8.710236 5.784764
8.173087 5.349172
7.732197 4.986680
7.142107 4.533463
6.837583 4.410065
6.518760 4.173195
6.524930 4.390209
4.177796 3.822033
3.021591 3.214844
2.546054 3.050574
2.499246 2.929100
2.683684 3.067960
2.748335 3.165339
3.056629 3.414228
3.393360 3.682055
3.930762 4.135012
4.414622 4.567965
4.808401 4.941332
5.266447 5.279469
5.505675 5.376617
5.682471 5.474368
5.855691 5.619964
5.975571 5.779456
6.038446 5.805187
5.950268 5.752053
5.737508 5.591732
5.641903 5.408457
5.604897 5.388731
5.349983 5.256273
5.340605 5.264411
5.343395 5.248856
5.280459 5.168314
5.192610 4.997222
5.021381 4.864686
4.965570 4.805084
4.881157 4.657463
4.728379 4.436532
4.561066 4.317665
4.231944 4.077272
4.209081 3.879964
3.922810 3.793430
3.649014 3.715779
3.621752 3.650513
3.703201 3.743433
3.859702 3.829263
4.115582 3.985020
4.306437 4.122700
4.377445 4.246503
4.410084 4.162733
4.390015 3.940372
4.109983 3.597447
4.144553 3.643545
4.104740 3.547824
3.975719 3.336092
3.782185 3.131395
3.610430 2.922277
3.643925 3.000844
3.467277 3.024248
3.488303 3.113718
3.697178 3.392803
4.047159 3.778557
4.269572 4.088600
4.717211 4.569000
5.292427 5.126850
5.803803 5.685383
6.209572 6.053911
6.443979 6.365603
6.551147 6.550719
6.626098 6.575845
6.663707 6.514706
6.481478 6.463866
6.303728 6.424594
6.372735 6.460572
6.684072 6.768080
7.310725 7.253870
7.757025 7.566267
7.825778 7.603263
7.710274 7.545919
7.560400 7.358769
7.442161 7.214832
7.236335 6.921198
6.921129 6.688664
6.612545 6.284913
6.435738 6.067140
6.092661 5.873523
5.667889 5.793817
5.515934 5.700732
5.000931 5.306445
4.673268 4.784914
4.450697 4.503360
4.118006 4.196234
3.976557 3.988632
3.866539 3.827341
3.717607 3.783336
3.687378 3.711329
3.535019 3.667585
3.541088 3.633670
3.298337 3.347004
2.886887 3.199188
2.735863 3.068694
2.637788 2.897134
2.515050 2.697858
2.515773 2.612014
2.616483 2.690259
2.818499 2.935203
2.993575 3.176561
3.226319 3.463220
3.577169 3.800575
4.067570 4.251305
4.529991 4.749159
4.989673 5.207020
5.351344 5.677072
5.681260 6.011541
5.916963 6.221729
6.199254 6.468849
6.447924 6.794229
6.798784 7.071922
7.139088 7.257757
7.185962 7.182013
7.120402 7.103009
6.990268 7.035637
6.893468 6.958319
6.769427 6.953310
6.732899 6.883709
6.863782 6.975291
6.926641 7.075399
6.923737 7.103826
6.895530 7.097487
6.740338 6.928327
6.626588 6.912349
6.481357 6.793327
6.472788 6.756287
6.272681 6.472820
6.153449 6.180223
5.978379 6.038011
5.784395 5.894105
5.671323 5.821605
5.551977 5.624734
5.338784 5.435556
5.174279 5.205127
4.981460 5.097923
4.764121 5.021812
4.716219 4.937297
4.377723 4.674097
4.254450 4.430506
3.974768 4.163844
3.656751 4.092926
3.529504 3.845958
3.700772 3.986555
3.857776 4.113370
4.119292 4.338820
4.594519 4.789082
4.967058 5.216414
5.201975 5.604837
5.421373 6.019026
5.413652 6.266269
5.309757 6.373949
5.008313 6.024977
4.639653 5.610578
4.237939 4.923880
4.016470 4.512967
3.646780 4.235823
3.668798 4.165229
3.677159 4.065735
3.747798 4.151527
3.690848 4.166568
3.575049 4.016712
3.612450 4.023560
3.504842 3.910220
3.486147 3.957694
3.598156 4.093463
3.679634 4.176679
3.928565 4.350498
4.189350 4.559072
4.513077 4.788555
4.809698 5.003626
5.017870 5.191710
5.082945 5.208956
5.041803 5.017409
4.918780 4.894040
4.714132 4.729249
4.560393 4.530391
4.431005 4.468078
4.197968 4.207786
3.999734 4.034324
3.851251 3.987444
3.867444 3.963582
3.718753 3.862033
3.630102 3.790954
3.541632 3.668096
3.581343 3.672757
3.701975 3.757798
3.632437 3.792906
4.048219 4.156561
4.383709 4.453910
4.448362 4.460175
4.442656 4.445099
4.425146 4.532690
4.164445 4.230919
3.948649 4.059644
3.818000 3.886771
3.656188 3.835814
3.744134 3.981058
3.782343 3.998210
3.831194 4.048475
3.903029 4.069370
3.913997 3.998983
3.829962 3.866129
3.808569 3.818422
3.593317 3.516977
3.477998 3.355530
3.389495 3.347449
3.373376 3.442965
3.298078 3.382825
3.289699 3.320426
3.296716 3.337522
3.352797 3.459921
3.547854 3.615447
3.678992 3.709505
3.937266 3.983149
4.112254 4.217374
4.182795 4.338916
4.210387 4.386628
4.403206 4.448119
4.478186 4.479026
4.640185 4.603413
4.789149 4.689441
5.116574 4.924193
5.489624 5.206970
5.813237 5.468828
6.309315 5.830476
6.802043 6.094705
7.284235 6.238380
7.528694 6.260362
7.769746 6.387970
7.893701 6.453186
7.901247 6.348328
7.829805 6.042395
7.631320 5.671385
7.323126 5.416867
7.117010 5.039078
6.895247 4.668904
6.616924 4.419410
6.541758 4.201509
6.352458 3.992340
6.281388 3.848450
6.270562 3.771270
5.904275 3.622636
5.705104 3.680368
5.524328 3.644855
5.460495 3.775262
5.376661 3.858803
5.285059 3.945851
5.084450 3.917839
5.099484 4.133454
5.086390 4.361022
4.954084 4.454656
4.747481 4.224635
4.442594 4.050717
4.215545 4.027986
4.133912 4.103478
3.991646 3.988876
3.904802 3.976363
3.819185 3.873173
3.889401 3.729591
3.796695 3.655568
3.700152 3.601866
3.623103 3.499644
3.563681 3.350349
3.552354 3.589042
3.706830 3.533103
3.371344 3.235575
3.235459 3.092343
3.080592 2.943179
2.999419 2.967396
2.849944 2.899146
2.937820 2.915538
2.895792 2.884605
2.708899 2.636820
2.654721 2.625940
2.658174 2.638547
2.594502 2.591712
2.678084 2.480258
2.732517 2.509014
2.782915 2.526870
2.711240 2.542741
2.645921 2.611563
2.669546 2.720786
2.768335 2.797435
2.861971 2.896823
2.931404 2.984409
2.940732 3.016550
2.855180 3.047820
3.004027 3.200713
3.244071 3.471808
3.590335 3.855777
3.877605 4.158362
4.038555 4.306597
4.168736 4.472388
4.266795 4.654271
4.314373 4.731624
4.467979 4.994666
4.694612 5.200996
5.015993 5.551047
5.212440 5.766271
5.426774 6.019145
5.681378 6.271528
5.832292 6.528635
5.784405 6.431536
5.469533 6.346106
5.220944 6.091335
5.045457 5.825474
4.817414 5.566265
4.648922 5.336982
4.446525 5.180316
4.302801 4.908162
4.198124 4.823978
3.978449 4.661300
3.809176 4.493431
3.761186 4.200854
3.633446 4.004678
3.586597 3.973263
3.674309 4.110644
3.725778 4.081693
3.940462 4.274549
4.146922 4.561643
4.271877 4.712599
4.416564 4.790760
4.353095 4.753629
4.339522 4.661327
4.503222 4.802807
4.665550 5.005957
4.809920 5.068403
4.865257 5.184536
4.946074 4.946460
5.623109 5.553813
6.217135 6.021733
