0.148301
0.237327
0.430670
0.488465
0.552870
0.662030
0.719716
0.771716
1.056353
1.199242
1.440339
1.519627
1.736978
2.176480
2.174366
2.109864
1.967800
2.128871
2.220319
1.507926
1.106792
0.542551
0.393975
0.618803
0.962673
1.563353
1.917471
2.427437
2.746272
3.052014
3.454928
3.803361
4.066708
4.636442
4.874613
5.446526
5.880650
6.535044
6.915556
7.395421
7.942541
8.235495
8.814182
9.179603
9.638276
9.871749
9.979087
10.189879
10.342978
10.307921
10.167079
9.946559
9.924106
9.342408
8.945872
8.283971
7.604369
7.201914
6.793556
6.528197
5.943116
5.506964
5.240830
4.625985
4.079443
3.622241
2.959299
2.474144
1.803352
1.313854
1.056256
0.866221
1.016659
1.374415
1.885976
2.182412
2.569696
3.203024
3.725192
3.909516
3.778444
3.466988
3.850539
3.852120
3.601686
2.738797
2.584489
2.231406
1.890833
1.482348
1.082786
0.584733
0.774957
1.020513
1.382311
2.050393
2.394519
2.970994
3.548887
3.989012
4.697011
5.098005
5.534873
5.917007
6.521551
6.812960
7.010574
7.486593
7.728506
8.036919
8.566714
8.434028
8.710210
8.837878
8.968969
8.592678
8.553832
8.158787
8.044443
8.227045
8.311552
7.653902
7.181673
6.917499
6.457969
5.776419
5.414260
5.034347
4.464409
3.939457
3.452146
2.865326
2.380322
1.883064
1.413866
0.795858
0.614597
0.749909
1.327258
1.886938
2.394045
3.144646
3.723029
4.230862
4.824596
5.306919
5.666648
6.037856
5.934674
5.878535
5.070431
5.254854
5.188179
4.560890
4.081400
3.510305
3.072022
2.748504
2.353615
1.902465
1.313750
0.912283
0.501551
0.402932
0.791109
1.126915
1.587555
2.192588
2.630079
3.283809
3.841036
3.984339
4.063034
4.640342
5.125742
5.947350
6.579090
7.340866
7.875465
8.522648
8.702808
8.990961
9.447149
9.760181
9.642464
9.588653
9.573338
9.815055
9.995814
10.121527
10.389403
10.698204
10.758250
10.834573
10.933245
10.956590
11.105336
11.128238
11.426114
11.624076
11.878792
12.847680
13.979707
14.804915
15.128407
15.858490
15.973521
15.801764
15.338193
15.019813
14.688062
14.049727
13.728303
13.618856
13.412173
13.262673
13.060460
12.906980
12.813696
12.823780
12.681898
12.739792
12.711489
12.255649
11.148893
10.765480
10.854415
10.621838
10.606786
9.987579
9.821022
9.964794
9.987956
9.995665
10.119646
10.700821
10.956652
11.169596
11.373351
11.372916
11.438464
11.522356
11.627710
11.455732
11.357477
11.507493
11.621440
12.349234
13.240603
13.857022
14.069965
14.184515
13.522421
12.451349
11.403357
10.441452
9.921935
9.625379
9.137087
8.661491
8.050120
7.793794
7.587848
7.438363
7.359514
7.261756
7.145491
7.262320
7.509177
7.901949
8.674213
9.602177
10.473321
11.305507
10.772845
10.869304
10.885582
10.988658
11.054829
10.994589
10.803907
10.576554
10.339059
10.319844
10.259511
10.374571
10.394322
10.510709
10.783316
11.175237
11.545649
11.663293
12.098081
12.232266
12.820361
12.992994
12.723729
12.308435
11.548312
10.898706
9.514095
8.931564
8.361478
7.857069
7.991070
8.120404
7.613429
7.346328
7.047438
6.935708
6.740477
6.539659
6.462670
6.420783
6.467712
6.653843
6.734974
7.545135
8.855967
9.849086
10.882648
11.573956
11.156626
11.129118
11.141546
11.054490
10.897315
10.663207
10.322170
10.217748
10.023420
9.923500
9.811151
9.755566
9.722485
10.122685
10.892966
11.322656
11.876392
12.104567
11.806749
11.385148
10.173276
9.361673
8.769426
8.459733
8.266416
8.058648
8.295491
8.581131
8.956146
9.533794
9.924392
10.367545
10.774585
11.732510
12.040861
12.518575
13.137065
14.181719
15.413004
16.267715
17.051379
17.104077
17.529124
18.058043
18.852099
18.770596
18.740864
19.186801
19.687341
20.055834
20.621774
21.054657
21.696806
22.030164
22.448860
23.123892
23.682521
23.919025
23.810491
23.642661
23.930690
23.653243
23.276971
22.609141
22.182675
22.140575
22.217912
22.220294
21.552166
21.088427
20.675689
20.230053
19.556518
19.145433
18.696841
18.144356
17.785376
17.433697
16.968603
16.646800
16.614237
16.625203
16.577084
16.581150
16.766306
16.437294
16.184195
15.932227
15.447272
15.146273
14.871603
14.554356
14.358262
14.072635
13.934233
13.715837
13.433078
13.390024
13.787231
13.588923
13.563548
12.871744
11.798720
10.841697
9.683920
8.828310
8.345009
8.129717
8.297751
8.553259
8.894076
8.992053
9.114937
9.320118
9.732705
10.267353
10.420348
10.688668
11.126465
12.117539
13.020965
14.490882
15.596012
16.692637
17.589144
18.612371
19.255805
20.016733
20.777920
21.440815
22.018368
22.651249
23.289334
24.036350
24.552430
24.808036
25.009077
24.927626
24.975850
25.054419
24.789470
24.026809
24.015633
23.969416
23.422797
22.721474
22.108499
21.761017
21.207369
20.770274
20.075545
19.597435
19.018016
18.883100
18.721980
17.949713
17.521757
17.319967
17.006113
16.613212
16.004401
15.696027
15.364250
15.111086
14.854475
14.339638
13.886003
13.444218
12.847394
12.521120
12.609549
12.519560
12.372503
12.698146
12.903995
13.167775
13.082468
11.910422
10.297806
9.691427
9.511275
9.582806
9.710632
9.927667
10.291774
10.579717
10.933054
11.583191
12.091606
12.692339
13.508772
14.381387
14.647162
15.062678
15.814279
16.478768
17.121394
17.900262
18.633700
19.395574
19.952671
20.568958
21.370945
21.915072
22.375334
22.970968
23.310420
23.996726
24.627446
25.178615
25.592810
25.518540
24.867340
24.629615
23.796589
23.130398
22.009461
21.358380
20.366431
19.681280
19.248102
18.645252
18.382112
17.939017
17.470498
16.984460
16.489375
16.106407
15.350930
15.103937
14.911819
14.585730
14.442974
14.212013
13.869765
13.207931
12.678717
11.724895
11.002020
