30
30
50
50
40
50
50
50
50
40
50
50
50
50
40
50
50
50
50
40
60
40
50
50
40
50
50
50
50
40
60
60
70
90
90
90
90
110
100
110
110
110
110
110
110
110
110
100
110
110
110
110
110
110
110
110
100
120
100
110
110
110
110
110
110
110
110
100
110
110
110
110
100
120
100
110
110
110
110
110
110
110
130
120
150
160
170
170
170
170
170
170
170
170
170
170
170
190
190
190
190
190
190
190
190
190
190
190
190
210
220
220
240
230
230
230
230
230
230
230
230
230
230
230
230
230
230
230
230
220
230
230
230
230
230
230
230
230
230
250
260
270
280
290
290
300
290
290
300
290
300
290
300
290
290
300
290
290
300
290
300
290
300
290
290
300
290
290
320
320
310
310
320
310
320
310
340
340
340
330
340
340
340
340
330
360
360
360
360
350
370
350
360
360
360
360
360
360
360
360
360
360
360
350
360
360
360
360
360
350
370
350
380
390
380
380
380
380
380
400
400
400
400
410
400
410
400
400
400
400
410
400
400
400
410
400
430
420
430
430
430
430
420
430
450
450
450
440
450
440
450
450
450
450
450
450
440
470
470
470
480
470
470
470
480
470
470
500
490
500
490
500
500
490
500
490
500
500
490
500
490
500
500
490
500
490
500
500
490
500
490
500
500
490
500
490
500
490
490
500
490
490
500
500
490
500
490
500
490
500
500
490
500
500
490
490
500
500
490
500
500
490
500
490
500
500
490
490
490
500
500
490
500
490
500
490
500
520
520
520
520
520
530
520
520
520
520
520
520
520
520
520
520
520
520
520
520
520
520
520
520
550
540
550
540
550
540
550
550
540
550
550
540
550
550
540
570
570
570
570
570
570
570
570
570
570
570
570
570
570
570
570
570
570
570
570
570
560
600
590
590
590
600
620
610
620
620
620
620
610
620
650
640
650
640
640
650
640
650
640
650
670
670
670
690
700
690
700
700
690
700
690
700
700
690
700
700
690
700
690
700
700
690
700
690
700
690
700
720
730
720
720
720
720
720
730
720
720
750
750
760
750
750
750
750
760
750
750
750
750
750
750
750
750
750
750
750
760
750
750
750
760
740
760
750
750
750
750
750
750
750
750
750
780
780
780
780
770
780
780
780
780
810
830
830
830
840
840
830
840
830
830
840
830
840
830
840
840
830
840
840
830
840
830
840
840
830
830
840
840
840
830
830
840
840
830
840
830
840
840
860
870
860
870
860
870
860
860
860
870
870
860
890
890
940
920
930
940
950
980
980
