2.109900 1.950515
2.098578 1.973313
1.994365 1.957138
1.960072 1.977292
1.859791 1.919149
1.861143 1.923514
1.944713 2.135535
2.006697 2.287624
2.103534 2.468445
2.111029 2.609165
2.207172 2.892753
2.260826 2.970421
2.346248 3.132210
2.327273 3.293222
2.261299 3.179527
2.348241 3.214267
2.484594 3.339866
2.735371 3.483017
2.830436 3.666738
2.910805 3.832494
2.923587 3.853012
2.890392 3.855466
2.848443 3.799056
2.947272 3.849306
3.123362 3.976126
3.285958 4.049914
3.489426 4.199728
3.793880 4.388832
4.040472 4.589137
4.336617 4.768358
4.610289 4.932503
4.776644 5.080208
4.908547 5.078166
5.144292 5.266561
5.384717 5.491711
5.555845 5.657838
5.794725 5.880314
6.014140 6.094351
6.232596 6.300011
6.457185 6.500504
6.684726 6.703317
6.869806 6.856748
7.058043 7.057154
7.308917 7.255704
7.428742 7.284826
7.428480 7.284256
7.481891 7.303364
7.576945 7.334532
7.530459 7.305280
7.545322 7.300649
7.522993 7.310085
7.471360 7.309142
7.358173 7.223656
7.349290 7.222046
7.328126 7.105908
7.306846 7.138687
7.296289 7.125920
7.338320 7.176604
7.350727 7.241030
7.387603 7.263796
7.382654 7.270278
7.460291 7.265451
7.524529 7.353715
7.640581 7.453244
7.702790 7.515479
7.811620 7.598970
7.968287 7.734769
8.122642 7.790849
8.253156 7.858373
8.433220 7.978795
8.467904 8.083757
8.577310 8.202086
8.666384 8.336056
8.826445 8.456818
8.873552 8.437911
8.958331 8.534819
9.110835 8.560768
9.120056 8.585072
9.160382 8.479299
8.887391 8.262285
8.859706 8.241997
9.019932 8.488462
9.193429 8.795091
9.392755 8.949230
9.452026 9.015722
9.194567 8.382270
9.081114 8.210479
9.078460 8.188908
9.160107 8.186842
9.212612 8.186725
9.239111 8.189243
9.324609 8.271607
9.358441 8.329974
9.446852 8.420412
9.510055 8.489955
9.650849 8.603813
9.772498 8.720128
9.953114 8.844856
10.043685 8.933270
10.051818 9.005881
10.178345 9.134818
10.285429 9.180172
10.375183 9.303435
10.393692 9.364163
10.415220 9.448894
10.516282 9.524425
10.564985 9.520253
10.534462 9.538399
10.561145 9.613282
10.580737 9.566782
10.594486 9.542079
10.485722 9.358204
10.283154 9.287806
10.205294 9.067378
10.018055 8.854976
9.904469 8.757195
9.676626 8.424762
9.230190 8.219318
9.039406 8.038657
8.544508 7.726490
8.307616 7.245872
8.098177 6.978549
7.865751 6.717186
7.845043 6.482018
7.768318 5.959642
7.705589 5.845659
7.297047 5.721223
6.901445 5.457103
6.690897 5.456167
6.644433 5.343736
6.652988 5.276184
6.596627 5.318101
6.696957 5.425490
6.810910 5.575297
6.894297 5.709731
6.994629 5.871371
7.111801 5.998365
7.107873 6.074149
7.237992 6.210918
7.166266 6.262018
7.252180 6.371325
7.419364 6.314714
7.456672 6.196512
7.607618 6.363386
7.662293 6.480070
7.706760 6.537084
7.599282 6.325135
7.487231 6.175895
7.321771 5.866998
7.522825 6.336045
7.627775 6.570981
7.641647 6.708498
7.732444 6.847297
7.666636 6.812558
7.673914 6.740239
7.680531 6.747114
7.585824 6.651582
7.642061 6.679856
7.714268 6.752294
7.801115 6.813860
7.854981 6.913488
7.978071 7.038978
8.173959 7.315521
8.263838 7.417886
8.309554 7.561810
8.322706 7.664117
8.345137 7.759170
8.444023 7.836289
8.522683 7.922804
8.471749 7.979991
8.138391 7.738563
8.024584 7.668086
7.894697 7.502454
7.471077 7.043211
7.150746 6.571525
6.762670 6.208604
6.527607 6.061342
6.358657 5.956552
6.315639 5.848118
5.905646 5.576359
5.792760 5.209365
5.487862 4.803407
5.337705 4.249943
5.451783 4.161751
5.228347 3.906418
4.920622 3.492008
4.640174 3.287420
4.485118 3.311967
4.342243 3.338601
4.080291 2.998328
4.005241 2.904597
4.021609 2.901278
3.934047 2.962482
3.986907 2.941869
4.074964 3.110641
4.197143 3.243025
4.350968 3.462328
4.535602 3.668756
4.651418 3.807127
4.609131 3.959638
4.685334 4.021126
4.851674 4.280387
4.997692 4.540357
4.868275 4.515537
4.600371 4.329368
4.062642 3.802996
3.445359 3.153098
2.927324 2.608727
2.680044 2.058106
2.375762 1.979435
2.658186 2.154325
2.551012 2.116384
2.700202 2.258667
2.909153 2.395638
2.995482 2.556529
3.097892 2.726639
3.174462 2.882157
3.279154 3.080332
3.405900 3.212379
3.513192 3.373641
3.701591 3.622832
3.746445 3.708070
3.794737 3.830715
3.814928 3.953145
3.958796 4.224792
4.016604 4.402341
4.157387 4.531079
4.260488 4.621592
4.440275 4.676182
4.533153 4.649432
4.687570 4.548561
4.774387 4.390662
4.872909 4.098380
4.889943 3.941671
4.839264 3.621350
4.834871 3.524989
4.732363 3.578840
4.785656 3.514427
4.918794 3.653058
5.024815 3.818538
5.167276 4.019349
5.296187 4.154251
5.400616 4.350607
5.340647 4.326827
5.326989 4.294803
5.294235 4.307217
5.277231 4.305625
5.268693 4.305958
5.422975 4.562978
5.663845 4.723778
5.823831 4.781131
5.420962 4.331683
4.470098 3.890203
3.819205 3.292612
3.349511 2.531535
3.123064 2.352075
3.027578 2.180700
3.019156 2.273927
3.187062 2.582997
3.356408 2.887286
3.536453 3.160427
3.489088 3.256762
3.454505 3.320979
3.358399 3.425044
3.314053 3.476891
3.361918 3.623951
3.356816 3.631191
3.466485 3.669805
3.529200 3.725563
3.669264 3.721338
3.813330 3.595729
3.988085 3.442136
4.087494 3.252401
4.116654 3.073100
3.984423 3.149286
3.691618 2.885238
3.351645 2.665093
2.977130 2.537500
2.880729 2.532472
2.807326 2.358623
2.857534 2.413295
2.751176 2.442584
2.913452 2.615713
3.201520 2.868871
3.520352 3.230502
3.732447 3.374652
3.935269 3.506934
4.093836 3.630938
4.261844 3.707144
4.266735 3.632747
4.265947 3.619199
4.138256 3.499485
4.133573 3.478292
4.502309 3.986189
4.649955 4.235700
4.755106 4.366796
4.306399 4.264647
3.780662 3.942943
3.600282 3.605580
3.275793 3.394546
3.310995 3.333368
2.832812 2.833771
2.393500 2.423913
2.407135 2.503613
2.552950 2.664920
2.656605 2.825397
2.736757 2.901230
2.810836 2.989677
2.914615 3.124409
3.033264 3.286429
3.108954 3.421430
3.160140 3.591749
3.263400 3.711528
3.424187 3.823538
3.607018 3.998895
3.900190 4.081953
4.279521 4.136313
4.734717 4.123762
4.988446 3.949586
5.167675 3.623268
5.338465 3.335576
5.427932 3.274423
5.194146 3.071515
4.964732 2.660098
4.744209 2.448787
4.595302 2.394942
4.398571 2.404821
4.336364 2.582043
4.341702 2.734340
4.385757 2.825524
4.449285 2.983377
4.504303 3.099729
4.505912 3.235193
4.558057 3.367548
4.729872 3.421509
4.785746 3.435139
4.687680 3.587305
4.627165 3.566052
4.562965 3.568454
4.826361 3.901738
4.984322 4.026904
4.448300 3.565922
3.763942 3.097435
3.000688 2.703383
2.554045 2.372648
2.447905 2.385138
2.650385 2.626848
2.892701 2.944675
3.127601 3.182394
3.348804 3.370340
3.483052 3.559318
3.557062 3.716319
3.811162 3.770507
4.129271 3.759681
4.510376 3.773056
4.946195 3.781726
5.107980 3.434750
5.138530 3.187779
5.239427 2.706070
5.300093 2.523401
5.417332 2.421822
5.464129 2.392115
5.571987 2.470117
5.546823 2.431452
5.590630 2.402766
5.527008 2.357574
5.470535 2.414348
5.389767 2.362538
5.343582 2.322857
5.234535 2.253685
5.140569 2.247272
4.743220 2.247325
4.576749 2.231679
4.431017 2.251626
4.324768 2.270391
4.215862 2.326794
4.301842 2.600916
4.717803 3.120719
4.908548 3.482956
5.028479 3.735758
5.261256 4.175752
5.306019 4.500010
5.318911 4.596619
5.256881 4.607537
5.125601 4.629053
5.143585 4.619012
5.129911 4.690591
5.260875 4.772341
5.398187 4.829040
5.433812 4.893845
5.534738 4.964821
5.576332 4.982665
5.619167 4.925331
5.719420 4.967905
5.820245 5.005723
5.898150 5.030096
5.956396 5.088501
5.954123 5.069850
6.015056 4.867432
5.965553 4.824692
5.941974 4.652304
5.770989 4.467591
5.381167 4.193446
4.957103 3.798381
4.402189 3.630807
4.038411 3.361956
3.892917 3.215728
3.424958 2.837872
3.195707 2.405147
3.066336 2.152031
3.009047 2.173963
2.920603 2.133180
2.859775 2.236562
2.985700 2.374969
2.928136 2.435096
2.999350 2.403794
3.026295 2.455744
2.978599 2.693658
3.247180 2.997008
3.508202 3.256429
3.798051 3.580974
4.157892 3.932465
4.058428 3.958449
4.067445 3.964684
3.649467 3.781095
3.327959 3.767552
3.193863 3.666767
2.917910 3.519822
2.823838 3.380096
2.825408 3.472278
2.996924 3.617433
3.175193 3.704953
3.454436 3.840299
3.690859 3.990555
3.941550 4.032264
4.067497 4.085203
4.389450 4.307338
4.507841 4.304285
4.717604 4.331454
4.897173 4.240079
4.963287 3.939284
5.046646 3.787231
4.963848 3.588497
5.104147 3.367769
5.037131 3.288273
5.070876 3.145352
5.165106 2.908392
5.280072 2.735534
5.372294 2.839061
5.396164 2.926625
5.471264 3.027690
5.461458 3.078468
5.445925 3.217922
5.379629 3.380081
5.648488 3.693679
5.932006 4.127707
6.117811 4.422521
6.226177 4.677741
6.399317 5.090006
6.357418 5.311284
6.608128 5.531317
6.824266 5.610099
6.704119 5.539480
6.679800 5.525251
6.533771 5.505294
6.416643 5.538708
6.085175 5.470695
5.860649 5.453478
5.879962 5.528734
5.923212 5.591805
5.937361 5.544753
5.930467 5.572616
5.877496 5.599279
5.962305 5.551097
5.892482 5.424967
5.764467 5.157998
5.339576 4.886893
4.908147 4.346627
4.519350 3.979408
4.185543 3.494559
3.909729 3.157110
3.644953 2.968788
3.522634 2.876488
3.398431 2.622306
3.473620 2.466380
3.171631 2.390515
3.225131 2.492226
3.295695 2.586370
3.324640 2.756708
3.471983 2.990634
3.550234 3.163050
3.701892 3.307347
3.743444 3.389764
3.847805 3.683166
4.090084 3.896009
3.979839 3.743533
4.034922 3.666146
4.247326 3.894772
4.530213 4.242241
4.585529 4.293590
4.680271 4.283728
4.612511 4.186319
4.647807 4.314156
4.676035 4.409606
4.684745 4.391857
4.602976 4.384352
4.506179 4.333502
4.361575 4.307997
4.260930 4.235709
4.052050 3.972837
3.873422 3.826923
3.662305 3.562048
3.505514 3.349640
3.416652 3.007474
3.081602 2.629687
2.751047 2.433901
2.542544 2.257417
2.308255 2.048632
2.221680 1.985253
2.192431 2.008800
2.233130 1.907307
2.429837 1.838409
2.464209 1.933102
2.529837 2.082303
2.667010 2.244059
2.767737 2.445391
3.041829 2.604824
3.406285 2.842268
3.722986 2.990877
4.083193 3.240595
4.339150 3.470547
4.528752 3.662377
4.721396 3.805818
4.828426 3.736483
4.726398 3.590216
4.761390 3.543926
4.724051 3.386742
4.697897 3.264038
4.622272 3.222437
4.638124 3.252740
4.680524 3.386938
4.702002 3.421704
4.648219 3.448897
4.503549 3.444333
4.250718 3.274029
3.954792 3.083274
3.433308 2.771245
3.233256 2.345406
3.010050 1.934782
2.739568 1.757806
2.633668 1.626422
2.531372 1.587647
2.444730 1.684997
2.442601 1.814300
2.396602 1.909717
2.342695 2.007491
2.562745 2.175623
2.936028 2.466097
3.338292 2.752858
4.117724 3.465485
4.791743 3.989340
