40
50
70
90
110
140
160
180
200
220
250
240
250
240
250
240
250
240
240
250
250
240
240
250
240
240
240
250
240
250
240
250
240
250
240
250
240
250
240
240
250
250
240
240
250
240
250
240
250
240
250
240
250
240
250
240
250
240
250
240
250
240
250
240
240
250
250
240
240
250
250
240
250
240
250
240
250
250
240
250
250
230
230
240
230
230
240
230
230
240
230
230
240
230
230
240
230
240
230
230
240
230
240
230
230
240
230
230
230
240
240
230
230
240
240
230
230
240
240
230
240
230
240
240
230
240
230
240
240
230
240
230
240
230
240
230
240
240
230
240
240
230
230
240
240
230
240
230
240
230
240
230
240
240
230
240
230
240
230
240
240
230
240
240
230
240
240
230
240
240
240
240
230
230
240
240
240
240
240
230
240
260
250
250
250
250
260
240
250
250
250
250
250
250
250
250
250
260
240
260
250
250
250
250
250
250
250
250
250
250
250
250
240
260
240
250
250
250
250
240
250
250
250
240
250
250
250
240
250
250
240
240
250
250
250
240
250
250
240
250
250
240
250
250
240
250
250
250
240
250
250
250
240
250
250
240
240
250
250
240
250
250
240
250
240
250
240
250
250
240
240
230
230
240
230
230
230
230
240
230
230
240
230
230
230
230
230
220
230
230
230
230
220
240
230
230
230
230
240
230
230
230
230
240
230
230
230
230
240
230
230
230
230
240
230
230
230
230
240
230
230
230
230
240
230
230
230
230
230
230
240
230
230
230
230
240
230
230
230
230
240
230
230
240
230
230
230
230
240
230
230
230
230
240
230
230
230
230
230
230
230
240
230
230
230
230
240
230
230
230
240
240
250
240
250
240
250
240
250
240
250
250
240
250
240
250
240
250
240
250
250
240
240
250
250
240
250
240
250
240
250
240
250
250
240
240
250
250
240
250
250
240
240
250
250
240
240
240
250
240
250
240
250
240
250
250
240
250
240
250
240
250
240
250
240
250
240
250
240
250
240
250
240
240
250
250
240
240
250
240
250
240
250
240
240
240
250
250
240
240
250
230
240
230
230
240
230
230
230
230
240
230
230
240
230
230
240
230
230
240
230
230
240
230
230
230
230
240
230
230
240
230
230
240
230
230
240
230
230
240
230
230
230
230
230
230
240
230
230
240
230
230
240
230
230
240
230
230
240
230
240
230
240
230
230
240
230
240
230
230
240
230
240
230
230
240
230
230
230
240
230
240
230
230
240
230
240
230
230
240
230
240
230
230
240
230
230
240
230
230
240
