20
30
50
50
50
40
50
50
50
50
40
50
50
50
50
40
50
50
50
50
40
50
50
50
50
40
60
50
40
50
50
70
70
80
90
90
90
110
110
110
110
110
110
110
100
110
110
110
110
100
120
100
110
110
110
110
110
110
100
110
110
110
110
110
110
100
110
100
110
110
110
110
110
110
110
110
100
110
110
110
110
110
130
130
150
160
170
170
170
170
170
170
170
170
170
170
170
190
190
190
190
190
190
190
190
190
190
190
190
210
220
230
230
230
230
230
230
230
230
240
230
230
230
230
230
230
240
230
230
230
230
240
220
240
230
230
230
230
230
250
260
270
270
300
290
290
300
290
290
300
300
290
290
300
290
290
300
290
300
290
300
290
290
300
290
300
290
300
310
310
320
310
310
320
310
320
330
340
340
340
340
340
330
340
340
360
360
360
350
360
360
360
360
360
350
360
360
360
360
360
360
360
350
360
360
360
350
350
360
360
360
360
380
380
380
380
380
380
380
400
410
400
400
400
410
400
400
400
400
410
400
400
410
400
400
400
430
420
430
420
430
420
430
420
450
450
440
450
450
450
450
440
450
450
450
450
440
470
470
480
470
470
470
470
470
470
470
500
500
490
490
500
500
490
500
490
500
490
490
500
500
490
500
490
500
490
490
500
490
500
490
500
500
490
490
500
490
500
490
500
500
490
500
490
500
490
500
490
500
490
500
490
500
490
500
490
500
490
500
490
500
500
490
490
500
490
500
490
490
490
500
500
490
490
500
490
500
510
510
520
520
520
520
520
520
520
520
520
520
510
530
520
510
520
520
520
520
520
520
520
520
550
540
550
550
540
550
540
550
540
550
550
540
550
550
540
570
570
560
570
570
570
570
570
570
560
570
570
570
570
570
570
570
560
570
570
570
570
590
590
600
600
590
620
620
620
610
620
620
620
620
640
650
640
650
640
640
650
640
640
640
680
660
670
700
690
700
690
690
700
700
690
690
700
690
700
690
700
690
700
700
690
690
700
700
690
690
700
720
720
720
720
720
720
720
720
730
720
740
750
750
750
750
750
750
750
750
750
750
750
750
750
750
750
750
750
750
750
740
740
760
750
750
740
760
740
750
750
750
750
750
750
750
780
770
780
780
780
780
770
780
780
810
830
830
840
830
840
830
840
830
840
830
840
830
830
830
840
830
830
830
840
830
840
840
830
830
840
840
830
840
830
840
830
830
840
830
830
840
830
870
870
860
860
860
860
870
860
870
870
860
870
890
900
920
920
920
920
950
980
970
