0.154253
0.231746
0.407299
0.458631
0.584445
0.836366
0.773702
0.780743
1.038008
1.159812
1.442795
1.574171
1.799779
2.198943
2.281263
2.222250
2.118765
2.101724
2.019165
1.331873
0.764521
0.131882
0.415117
0.965259
1.390630
2.037831
2.489868
3.104989
3.528645
3.867069
4.361624
4.670019
4.997783
5.605431
5.972557
6.547842
6.902974
7.535911
7.951680
8.299138
8.820988
9.197601
9.786470
10.183605
10.685684
10.842343
11.082988
11.261068
11.342308
11.104434
10.957429
10.865834
11.001092
10.472846
10.091471
9.438364
8.800152
8.360216
7.943073
7.688664
7.085501
6.690342
6.270292
5.636576
5.216335
4.789216
4.120375
3.742401
3.152779
2.681228
2.255175
1.673160
1.262028
0.666338
0.153466
0.240812
0.616913
1.278121
1.772181
1.989319
2.073195
2.140267
2.271401
1.948017
1.534939
0.694955
0.471763
0.531382
0.796045
1.188434
1.618106
2.432722
2.838853
3.262543
3.680944
4.285177
4.666777
5.153607
5.790519
6.371313
7.052503
7.480063
7.906598
8.298138
8.834775
9.201566
9.558228
10.091651
10.493941
10.903713
11.455417
11.784122
12.026213
12.209585
12.468321
12.051231
12.136179
12.010249
11.953078
11.944933
11.999602
11.223686
10.775933
10.317564
9.899185
9.245838
8.808079
8.356679
7.773405
7.392840
6.971599
6.299047
5.846595
5.402017
4.982657
4.328005
3.885352
3.495041
2.887419
2.418081
2.110900
1.476119
1.104898
0.742118
0.372997
0.227685
0.250390
0.942734
1.540485
1.999178
2.000989
1.247440
0.492649
0.797851
1.394639
2.017346
2.648749
3.064736
3.476037
3.684646
4.204932
4.620089
5.036495
5.665192
6.117967
6.555839
6.860463
7.466071
7.885345
8.475594
8.913044
8.948277
9.104510
9.515561
9.884647
10.367983
10.757855
11.336511
11.732190
12.187262
12.255750
12.375180
12.714698
12.860509
12.488276
12.303120
12.158968
12.129260
12.144299
12.230466
12.374141
12.575965
12.807500
13.090106
13.372592
13.659095
14.073549
14.371127
14.829095
15.273016
15.527010
16.175784
16.941249
17.498370
17.618384
18.228654
18.187023
17.880281
17.293150
16.822526
16.568471
15.717699
15.387493
15.215164
14.981801
14.749066
14.505404
14.289459
14.175916
14.002074
13.797207
13.747808
13.743566
13.112643
12.439052
12.359324
12.563475
12.912731
13.132059
12.664014
12.775162
12.931095
13.065324
13.141180
13.399156
13.626118
13.846831
13.963504
14.245672
14.458401
14.655189
14.968165
15.169039
15.262524
15.228139
15.354560
15.431459
16.019417
16.609353
16.988059
17.595240
18.227326
18.238018
17.812873
17.450009
16.901581
16.574838
16.297858
15.510805
14.864482
14.101681
13.889472
13.682607
13.508154
13.360550
13.237381
13.109850
13.065175
13.024388
12.885231
12.860686
12.960311
13.097600
13.302700
12.836100
12.762894
12.806713
12.926945
12.973027
13.022869
12.918199
12.788977
12.777013
12.701275
12.846073
13.141620
13.158742
13.558333
14.074726
14.658160
15.248199
15.479438
15.901145
15.914413
16.553070
16.936360
17.180620
17.575770
17.436087
17.302261
16.201549
15.724301
15.229975
14.518129
14.389690
14.427280
13.856415
13.581059
13.159246
12.934851
12.657730
12.410119
12.487458
12.333963
12.224558
12.213504
12.006427
11.886817
11.939749
12.026590
12.216911
12.400431
11.909709
11.893619
11.939373
11.997942
12.111438
11.987651
11.946775
11.985802
12.049390
12.179990
12.385035
12.525250
12.744947
13.096414
13.881689
14.422289
15.057837
15.435112
16.043974
16.697029
16.232811
15.961076
15.278659
14.920150
14.335180
13.728210
13.476594
13.446777
13.533877
13.887814
14.292711
14.655044
14.929428
15.359435
15.411812
15.429462
15.470082
15.763172
16.262859
16.648528
17.280650
17.191768
17.576874
17.909937
18.531067
18.398098
18.356220
18.767934
19.326292
19.738828
20.332984
20.865299
21.418714
21.876586
22.373035
23.021810
23.416507
23.380425
23.539115
23.846181
24.118206
23.650673
23.294371
22.770975
22.319266
22.266015
22.264506
22.167898
21.520969
21.111043
20.709132
20.337724
19.779905
19.563003
19.118235
18.759310
18.457879
18.017182
17.688559
17.360657
17.247069
17.377182
17.185194
17.295011
17.469824
17.195303
16.906105
16.640051
16.248760
16.061261
15.707373
15.646709
15.781293
15.749297
15.929628
15.908493
16.070309
16.436970
16.899920
16.512041
17.005568
17.526876
18.420465
18.812392
18.353442
17.824105
17.152266
16.716861
16.413731
16.256911
16.050610
15.729115
15.571977
15.428713
15.401353
15.765468
16.182071
16.583468
16.691310
17.106114
17.313331
17.552134
17.862153
18.168313
18.467580
19.032145
19.639172
20.079702
20.705071
21.488265
22.143476
22.850027
23.606933
24.339571
24.916557
25.195128
25.178964
25.240170
25.020674
25.217265
24.942947
24.309041
24.166189
24.087897
23.616566
22.912025
22.320095
21.930703
21.363349
20.977339
20.424231
20.112997
19.779785
19.881367
19.945010
19.438290
19.082258
18.746210
18.326365
18.004766
17.548804
17.291497
16.973860
16.709070
16.499892
16.253133
16.190673
15.896560
15.772327
15.957473
16.369199
16.217527
16.279071
16.707917
17.123213
17.588825
17.925451
17.943805
17.579270
17.171463
16.924198
16.769060
16.718104
16.742829
16.686418
16.708480
16.875790
17.302714
17.516124
17.807016
18.102737
18.430636
18.493266
18.449662
18.757104
19.060079
19.370211
19.692949
20.006487
20.686865
20.927414
21.295110
21.941281
22.297019
22.694212
23.264636
23.669719
24.355035
24.824706
25.278202
25.759858
25.940663
25.458409
25.589897
25.156370
25.030687
24.609059
24.137027
23.199997
22.607300
22.037117
21.462440
21.091595
20.681367
20.275644
19.789241
19.380587
19.026953
18.459272
18.075010
17.732520
17.373772
17.136188
16.819812
16.208478
15.909018
15.545193
14.760299
14.203327
