30
50
70
90
110
130
150
170
190
210
230
240
230
230
230
230
240
230
230
230
230
240
230
230
230
230
240
230
230
230
230
240
230
230
230
230
230
230
240
230
230
230
230
240
230
230
230
230
240
230
230
230
230
240
230
230
230
230
240
230
230
230
230
240
230
230
230
230
230
230
240
230
230
230
230
240
230
230
230
230
240
230
230
240
230
230
230
230
240
230
230
240
230
230
230
230
240
230
230
230
240
230
230
230
240
230
230
230
230
240
230
230
240
230
230
230
230
240
230
230
240
230
230
230
230
240
230
230
230
230
230
230
230
240
230
230
240
230
230
230
240
230
230
240
230
230
230
230
230
230
230
240
230
230
230
230
230
230
230
230
230
230
230
230
240
230
230
230
220
230
230
230
240
230
230
240
230
230
230
230
240
230
230
230
230
240
230
230
230
230
240
230
230
230
230
240
230
230
230
230
240
230
230
230
230
230
220
230
230
230
230
230
240
230
230
230
230
240
230
230
230
230
240
230
230
230
230
230
230
240
230
230
240
230
230
230
230
230
220
240
230
230
240
220
240
230
230
230
230
240
230
230
230
230
230
220
240
230
230
230
230
240
230
230
230
230
240
230
230
230
230
240
230
230
230
230
240
230
230
230
240
230
230
240
230
230
230
230
240
230
230
240
230
230
230
240
230
230
230
240
230
230
240
230
230
230
230
240
230
230
240
230
230
230
230
240
230
230
230
230
240
230
230
240
230
230
240
230
230
240
230
230
240
230
230
230
230
230
230
230
240
230
230
240
230
230
230
230
240
230
230
240
230
230
230
230
240
230
230
230
240
230
230
230
240
230
230
240
230
230
240
220
240
230
230
230
230
240
230
230
230
230
240
230
230
230
230
230
230
240
230
230
230
230
240
230
230
230
230
230
240
230
230
230
240
220
240
230
230
230
240
230
230
230
230
230
240
230
230
230
240
230
230
230
230
240
230
230
230
230
240
230
230
230
230
240
230
230
230
230
240
230
230
230
230
240
230
230
230
230
240
230
230
230
230
240
230
230
230
230
240
230
230
230
230
230
230
240
230
230
240
230
230
230
230
240
230
230
240
230
230
240
230
230
230
230
240
230
230
240
230
230
240
230
230
230
230
240
230
230
240
230
230
230
230
240
230
230
230
230
240
230
230
240
230
230
240
230
230
230
240
230
240
230
230
230
240
230
230
230
240
230
230
230
230
230
240
230
230
240
230
230
240
230
230
230
230
230
230
230
240
230
230
240
230
240
230
230
230
230
240
