0.162496
0.256761
0.450137
0.511572
0.568040
0.661203
0.687247
0.727713
1.011266
1.163439
1.496954
1.636289
1.963697
2.463407
2.640828
2.664244
2.603081
2.756997
3.038546
2.689422
2.281482
1.581057
1.146929
0.787825
0.568387
0.686083
0.967520
1.430547
1.721633
2.041191
2.429198
2.721873
3.053676
3.695170
4.008175
4.573036
4.831178
5.378415
5.564024
5.931019
6.586041
6.872021
7.435311
7.896316
8.342786
8.441982
8.582718
8.853800
8.967257
8.808806
8.726614
8.816983
8.803710
8.551756
8.382908
7.796627
7.198298
6.744549
6.329796
6.072861
5.471563
4.966245
4.533836
3.917994
3.218814
2.581854
1.919781
1.291134
1.227847
1.518273
1.772884
2.192034
2.442329
2.755911
3.211838
3.449769
3.694791
4.267027
4.481422
4.394716
4.043710
3.799408
4.054950
4.047729
3.867062
2.987280
2.495840
1.953982
1.541335
1.158652
1.015726
1.225876
1.679574
2.222084
2.878370
3.537450
4.029510
4.549792
5.004692
5.371224
5.889028
6.165261
6.389158
6.702815
7.191848
7.490296
7.838243
8.427094
8.833434
9.172316
9.427942
9.356951
9.575325
9.680843
9.835785
9.435105
9.344240
9.558616
9.734927
9.904016
10.107479
9.243992
8.866103
8.509927
8.012508
7.604921
7.356582
6.975639
6.375196
5.911398
5.421986
4.710120
4.035481
3.411992
2.955067
2.444762
2.194154
1.985372
1.749798
1.841313
2.025705
2.182296
2.297590
2.449819
2.624804
2.870291
2.721447
2.225073
1.678465
1.009692
1.225676
2.087324
3.130926
3.607524
3.981329
4.316159
4.614601
4.920270
5.344451
5.828464
6.321369
6.671211
7.010448
7.521276
7.888442
8.294116
8.653216
9.178001
9.551884
10.209747
10.701988
10.842341
10.847204
11.269281
11.580418
12.152683
12.483413
13.279626
13.941897
14.257753
14.182391
14.177649
14.116679
14.240907
14.252965
14.602470
14.848680
15.137860
15.345119
15.686928
15.922322
16.173688
16.435285
16.790981
17.097716
17.355792
17.906936
18.608552
19.641940
20.990180
22.279824
23.729945
24.753399
25.503905
25.561250
25.923933
25.646099
25.211783
24.671111
24.263300
23.951688
23.101487
22.650762
22.434134
21.926428
21.432873
21.094045
20.701983
20.518947
20.041414
19.631694
19.400216
19.313474
18.748002
17.671292
17.494315
17.471021
17.541453
17.710802
17.612280
18.816816
19.752645
20.301743
20.623211
20.888902
21.183568
21.382327
21.398965
21.363911
21.403003
21.367578
21.591921
21.880675
21.935289
21.939541
22.092388
22.271300
22.840629
23.371122
23.689036
24.146292
24.311884
24.051602
23.288475
22.749388
21.997418
21.248025
20.381918
19.235522
18.258916
17.071324
16.539633
16.126717
15.966888
15.862380
15.736893
15.654944
15.721697
15.840887
16.170521
16.458050
16.926883
17.341145
17.641870
17.522981
18.010734
18.512865
18.878563
19.339106
19.557531
19.536482
19.386718
19.348275
19.284797
19.515041
19.597797
19.664889
19.847265
20.287922
20.808911
21.335927
21.539594
21.922000
21.758002
22.299336
22.618133
22.655976
22.889536
23.259967
23.399044
22.961499
22.746783
22.512710
21.605369
21.528348
21.119621
20.452996
20.081380
19.941862
19.990792
19.831821
19.807294
19.905757
19.886692
19.816545
19.779661
19.665214
19.713665
19.805906
19.923939
20.098868
20.141753
19.913676
20.521144
20.860013
21.107048
21.313762
21.290270
21.285576
21.174645
20.943909
20.772768
20.736294
20.659572
20.740804
21.148876
22.103664
22.856143
23.732245
24.935499
26.718234
28.062334
27.828613
27.229613
26.551055
26.053983
25.542822
24.751427
24.257850
23.843086
23.586547
23.720623
23.692149
24.168335
24.417916
24.781344
24.496211
24.148605
23.787534
23.423619
22.895128
22.312586
22.016162
21.273694
20.744996
20.212707
20.166100
19.551329
19.173492
19.279907
19.493854
19.663291
20.289317
20.852946
22.365066
25.556473
30.033553
34.972106
39.069533
40.430427
40.773132
41.159439
41.688402
41.429963
41.205149
40.587154
40.316610
40.484153
40.596864
40.800217
40.310468
40.023463
39.680489
39.393552
38.983626
38.744865
38.449701
38.151773
37.862951
37.561263
37.150962
36.858812
36.772231
36.779723
36.814018
36.792053
36.726811
36.439836
36.173707
35.987237
35.658282
35.604505
35.348973
35.380893
35.415237
35.350769
35.306599
35.237690
35.120615
35.422704
35.913240
35.826676
35.986244
36.351691
36.913648
37.292937
36.582483
35.900134
35.218176
34.600357
34.047507
33.655747
32.981068
32.115829
31.383038
30.639543
29.920271
29.608536
29.005304
28.527417
28.277421
28.399119
28.346937
28.902280
29.448337
29.576712
29.462283
29.858429
29.952548
30.181907
30.190622
30.593500
31.732354
33.170205
35.126659
37.220347
39.041189
40.545573
41.631673
42.677117
43.235277
43.664052
43.644366
43.122812
43.175784
43.362639
42.990428
42.372937
41.879878
41.594308
41.233253
41.159137
40.676721
40.562259
40.261825
40.195147
40.515855
40.100407
39.818084
39.544403
39.276211
39.020044
38.724532
38.465295
38.203182
38.403532
38.209328
37.866216
37.638800
37.437603
37.272319
37.434525
37.765242
37.841004
37.827693
38.244888
38.669598
39.135012
39.669169
39.542645
39.022552
38.618496
38.418249
38.268476
38.169424
38.081660
38.026287
38.055048
38.197757
38.581307
38.855017
39.107515
39.373881
39.693055
39.690780
39.644750
40.059731
40.312256
40.615203
40.875726
41.140597
41.550332
41.807886
42.097780
42.571363
42.914060
43.243451
43.758913
44.272197
44.953329
45.864280
46.333046
46.829271
47.134461
46.650174
46.611802
46.403348
46.391497
45.633890
45.303587
44.451088
43.937481
43.731921
43.433541
43.105344
42.813947
42.493852
42.171443
41.903825
41.623975
41.186957
40.919145
40.682025
40.329580
40.048036
39.801869
39.547530
39.199015
38.969477
38.514351
37.916523
