2.104710 1.948908
2.091701 1.951925
2.043719 1.947160
1.929884 1.984391
1.910158 2.055217
1.903410 2.103938
1.859864 2.189128
1.785710 2.226237
1.696212 2.313896
1.659549 2.340670
1.680021 2.506041
1.563186 2.502674
1.605927 2.626510
1.648215 2.758149
1.665490 2.766366
2.024278 3.197618
2.585892 3.942725
3.083261 4.558052
3.280354 4.776092
3.594121 4.972881
3.689170 4.953175
3.755967 4.901178
3.743801 4.861203
3.780317 4.872440
3.877378 4.952038
3.907886 4.936697
4.002390 4.939297
4.215225 5.128907
4.434060 5.328231
4.622881 5.493256
4.807101 5.583259
4.891342 5.693057
4.976221 5.719103
4.953020 5.636484
5.086359 5.764708
5.097428 5.731577
5.198252 5.860633
5.214711 5.921888
5.206471 5.784965
5.294752 5.706755
5.387750 5.782633
5.484489 5.804484
5.540345 5.889271
5.547167 5.857937
5.514923 5.862139
5.422658 5.719101
5.443281 5.656246
5.490067 5.706301
5.512385 5.677181
5.583099 5.761459
5.721440 5.899919
5.753185 5.946170
5.644365 5.867169
5.688304 5.866685
5.480289 5.801954
5.540651 5.855138
5.620462 5.918045
5.709837 6.003410
5.882472 6.128692
6.184390 6.365691
6.453699 6.603647
6.632304 6.739749
6.703977 6.763202
6.913928 6.914250
7.065655 7.002331
7.234036 7.114873
7.333678 7.161656
7.490424 7.275962
7.549511 7.357548
7.530632 7.292514
7.652560 7.314465
7.644136 7.167266
7.518246 7.055548
7.441397 6.972635
7.566745 7.018391
7.655494 7.083415
7.614627 7.022914
7.667535 7.014035
7.801593 7.098777
7.923084 7.198746
7.932150 7.241629
8.009715 7.403490
8.115164 7.461907
7.970440 7.346091
7.999986 7.324847
8.079234 7.334748
7.848254 7.205420
7.798266 7.169791
7.748168 7.097001
7.781779 7.136315
7.447844 7.159759
7.184673 7.047683
7.226538 6.992388
7.199511 6.964580
7.029036 7.014162
6.908924 6.947639
7.037842 7.052477
7.067963 7.080075
7.014448 7.061088
6.935303 6.986648
7.093560 7.045858
7.232813 7.169925
7.305243 7.276923
7.399615 7.397986
7.401267 7.383432
7.499641 7.146848
7.688651 7.313216
7.876261 7.488272
8.038572 7.660733
8.215588 7.850868
8.292520 7.857536
8.311428 7.650818
8.151367 7.588837
8.155113 7.501825
7.887232 7.343859
7.656637 7.203668
7.620388 7.217237
7.629232 7.233154
7.405490 7.262901
7.432171 7.301551
7.480455 7.230683
7.368861 7.207766
7.305228 7.194287
7.203658 7.094575
6.866245 7.030767
6.645086 6.781077
6.460532 6.614784
6.462130 6.491223
6.384179 6.347014
6.464854 6.481196
6.549220 6.602015
6.635921 6.743530
6.611892 6.815268
6.392106 6.730597
6.486993 6.822906
6.457188 6.715881
6.600867 6.847039
6.737004 6.984572
6.888486 7.138149
7.219326 7.484552
7.772072 7.862721
7.954077 8.054995
8.005607 8.221379
8.063924 8.092837
8.019322 7.966488
8.065256 7.936283
7.757898 7.912648
7.549650 7.763128
7.355738 7.578992
7.199602 7.524924
6.928003 7.361448
6.760526 7.092626
6.497465 6.694261
6.280406 6.358996
5.991159 6.077190
5.729693 5.861977
5.492402 5.519184
5.286725 5.454768
5.342505 5.421314
5.325507 5.335937
5.419720 5.352636
5.467381 5.374446
5.414061 5.126721
5.405377 5.065037
5.479024 5.053751
5.366461 5.005609
5.266310 4.997041
5.214421 5.017057
5.161961 5.141552
5.130939 5.162521
5.234845 5.294505
5.218365 5.431161
5.212428 5.373797
4.966707 5.072460
4.769800 4.917438
4.606644 4.644152
4.434234 4.446252
4.199663 4.349967
4.149181 4.231267
4.135024 4.226228
4.138553 4.250607
4.172232 4.241168
4.163780 4.236537
4.148303 4.091506
3.995801 4.010533
4.040769 4.083101
4.190263 4.239468
4.284409 4.345903
4.336463 4.224831
4.128600 4.069939
3.954644 3.966643
3.844276 3.826250
3.922000 3.876408
4.228361 4.221573
4.761605 4.640479
5.473695 5.220782
6.341206 5.968376
7.208015 6.682146
7.829843 7.282578
8.385249 7.713323
8.630267 7.907134
8.816329 7.792840
8.900293 7.628783
8.969380 7.430688
9.067961 7.385822
9.256641 7.688919
9.615713 7.957727
9.978201 8.251689
10.260507 8.559410
10.487307 8.882536
10.573471 8.946456
10.661000 8.986476
10.673637 9.012578
10.614974 8.939808
10.574670 8.905084
10.505607 8.818876
10.518171 8.825851
10.472658 8.842873
10.485408 8.911392
10.425358 8.949138
10.170724 8.898780
10.164016 8.868315
10.015710 8.720245
9.909008 8.695861
9.941785 8.745377
9.810168 8.452960
9.834777 8.328285
9.870534 8.197364
9.819258 8.115727
9.664998 8.175199
9.659148 8.220656
9.134352 7.826327
8.356856 7.139421
7.766929 6.748324
7.031895 6.421323
6.756326 6.281867
6.433030 6.138176
6.303125 6.115046
6.366496 6.223205
6.482497 6.423837
6.693571 6.587144
6.903167 6.739221
7.147857 7.230960
7.401285 7.324203
7.492170 7.411215
7.555471 7.494654
7.550870 7.562532
7.532248 7.579777
7.589164 7.621370
7.569424 7.648443
7.581119 7.459851
7.414714 7.335876
7.291884 7.060081
7.188689 7.076615
7.084011 7.028282
6.885795 6.932709
6.761781 6.816983
6.741431 6.567412
6.655677 6.654227
6.721473 6.712988
6.764100 6.771366
6.527198 6.667794
6.376380 6.572087
6.311016 6.503940
6.164380 6.309267
5.943751 6.192337
5.940605 6.295034
6.054435 6.242903
5.851840 6.199690
6.016161 6.334943
6.166743 6.508244
6.209265 6.576767
6.137123 6.389665
6.007477 6.363209
5.675215 5.906678
5.412859 5.760752
5.232805 5.462369
5.054293 5.312040
4.843923 4.863325
4.641455 4.440145
4.436381 4.201300
4.373611 3.923490
4.234859 3.870546
4.197470 3.913868
4.441300 4.177600
4.606034 4.354684
5.049337 4.737371
5.612017 5.251032
6.210459 5.666161
6.750591 6.028779
7.050635 6.312531
7.182360 6.431974
7.198717 6.539894
7.352172 6.547084
7.180512 6.540840
7.189547 6.564137
7.225211 6.602108
7.467716 6.794497
7.941734 7.249264
8.218631 7.696576
8.266160 7.818123
8.165101 7.808526
8.039376 7.723005
7.978335 7.588714
7.751240 7.437933
7.582383 7.376783
7.396407 7.368690
7.285941 7.299581
7.062665 7.118457
6.833482 6.973591
6.816903 6.958981
6.538138 6.568958
5.993803 6.191027
5.591460 5.794496
5.252501 5.636162
4.970716 5.348774
4.927009 5.009046
4.690878 4.890549
4.450498 4.628742
4.200239 4.408113
4.049832 4.192645
3.604947 3.876231
3.405164 3.681919
3.189353 3.451650
2.868993 3.164423
2.564221 3.021038
2.497047 3.013811
2.488011 2.966194
2.509653 3.013599
2.737509 3.069919
2.954119 3.242492
3.166167 3.433943
3.491413 3.775799
3.884388 4.224365
4.290940 4.751141
4.692280 5.290167
5.117870 5.741740
5.488298 6.106017
5.854446 6.402461
6.251367 6.781527
6.652030 6.994197
7.073266 7.204982
7.164763 7.276560
7.141495 7.245253
7.124807 7.178799
7.083899 7.207271
7.044349 7.233594
7.028306 7.295277
7.133355 7.441371
7.246439 7.581735
7.234126 7.687646
7.287996 7.726826
7.319744 7.759815
7.388687 7.862602
7.550992 7.990455
7.658426 8.116028
7.560726 8.111514
7.588062 8.086711
7.493905 7.854650
7.529850 7.929446
7.515394 7.938055
7.492684 7.713205
7.533762 7.587469
7.300976 7.446289
7.314624 7.378554
7.246244 7.275626
7.192779 7.292914
7.128383 7.165445
7.125628 7.018020
7.117965 6.943160
6.940582 6.790627
6.940069 6.829918
7.017915 6.864303
7.036935 6.931538
7.147393 7.002060
7.261851 7.155511
7.453444 7.256375
7.625925 7.356732
7.773918 7.412974
7.800174 7.205795
7.456831 6.935631
6.937687 6.534647
6.155075 5.912173
5.716039 5.338639
5.442989 5.051588
5.229121 4.679594
5.087589 4.511155
4.993232 4.393452
4.910486 4.336325
4.792086 4.185614
4.649055 4.063708
4.475636 3.933984
4.267281 3.696616
4.155777 3.533058
4.254194 3.595923
4.206048 3.683538
4.176188 3.828939
4.349659 4.093792
4.513976 4.317154
4.703132 4.560740
4.831609 4.697798
4.855893 4.766977
4.776940 4.719021
4.644418 4.554507
4.466500 4.490512
4.190578 4.287767
3.974939 4.095325
3.709655 3.987143
3.637255 3.687765
3.542338 3.675154
3.500720 3.665805
3.492732 3.546968
3.567101 3.469415
3.508551 3.493135
3.649481 3.608024
3.741978 3.719069
3.887984 3.871604
4.202218 4.222141
4.490931 4.616224
4.723848 4.872454
4.893555 5.096582
5.102221 5.089513
5.000268 5.015313
4.863653 4.979660
4.781795 4.911875
4.652531 4.875306
4.784389 4.945540
4.864975 5.026777
4.906760 5.067317
4.957419 5.103073
5.015159 5.144599
5.059202 5.131799
5.162685 5.139988
5.223126 5.163975
5.286912 5.194973
5.198260 5.285835
5.248127 5.315844
5.185084 5.379560
5.038511 5.332349
4.951880 5.251522
5.015402 5.349295
4.823179 5.426304
4.845285 5.274196
5.010293 5.449454
5.147653 5.625083
5.129569 5.712083
5.117036 5.717770
5.251629 5.806120
5.373845 5.895231
5.515483 6.020361
5.539489 5.940837
5.664481 6.050542
5.853880 6.287581
6.056065 6.515437
6.448242 6.878177
6.867901 7.313371
7.165218 7.638325
7.401297 7.832087
7.633922 7.887961
7.781913 8.017887
7.848829 8.050018
7.560914 7.868751
7.415447 7.530951
6.967263 7.128888
6.656909 6.786683
6.409049 6.522062
6.024408 6.225115
5.626804 5.812849
5.414667 5.368195
5.302736 5.202518
5.229230 5.255940
5.057907 5.132202
4.807944 4.851267
4.546490 4.725910
4.578920 4.760197
4.625205 4.710542
4.724238 4.566135
4.476989 4.483585
4.414374 4.520506
4.399416 4.603422
4.394039 4.628956
4.291163 4.533694
4.224390 4.204549
4.101207 4.075737
3.914658 3.980650
3.824257 3.994411
3.795333 3.998511
3.887639 3.927297
3.929160 3.853451
4.022658 3.831339
4.064799 3.921010
4.073361 4.009326
3.976830 3.974031
4.154063 4.097268
4.099139 4.219192
3.901422 4.068430
3.771457 3.985663
3.690683 3.946198
3.839016 4.078367
3.809891 4.089562
3.780897 4.063875
3.743149 3.935059
3.702728 3.929944
3.768760 3.980227
3.863686 4.033095
3.948395 4.161111
4.101753 4.273434
4.113816 4.346408
4.113467 4.369757
4.224382 4.456713
4.258524 4.508324
4.166101 4.541400
4.100315 4.513585
4.037321 4.456030
3.993683 4.350531
4.011974 4.333811
3.957553 4.359678
3.901997 4.379213
3.983945 4.409515
4.186143 4.603864
4.354280 4.775017
4.387912 4.800341
4.404903 4.928047
4.429160 4.910014
4.256471 4.905367
4.342880 5.031502
4.300286 5.083507
4.535693 5.329329
4.790556 5.514223
5.036356 5.751023
5.225539 5.998259
5.352772 5.742838
5.193904 5.728574
4.966057 5.510441
4.631576 5.109863
4.455802 4.905407
4.231497 4.654544
4.136908 4.455177
4.006553 4.220636
3.870782 4.132239
3.765998 3.880293
3.569637 3.718733
3.329663 3.476942
3.131765 3.329118
3.069469 3.168408
3.040477 3.175826
3.171199 3.279010
3.350322 3.423321
3.547877 3.581595
3.776852 3.841261
3.963381 3.959808
3.969722 4.103532
4.174705 4.228121
4.315131 4.276136
4.477009 4.372469
4.645016 4.552509
4.877238 4.778074
5.150422 5.037730
5.383491 5.273552
5.966282 5.732442
6.582802 6.426889
