0.148301
0.237327
0.430670
0.488465
0.552870
0.662030
0.719716
0.771716
1.056353
1.199242
1.525903
1.693186
2.031185
2.536677
2.678439
2.710903
2.456933
2.288790
2.218532
1.493094
1.062612
0.654598
0.657557
0.964532
1.346411
1.919725
2.411489
2.975590
3.306236
3.630999
3.954520
4.354187
4.646717
4.864107
4.989657
5.375833
5.473639
5.816249
5.995973
6.266003
6.648738
6.878348
7.407160
7.558075
7.802530
7.975561
7.988040
8.158145
8.290372
8.096823
7.922617
7.807400
7.762003
7.377625
7.159506
6.638309
6.126076
5.746107
5.393093
5.040126
4.491846
4.138711
3.788083
3.268170
2.862258
2.494005
1.887595
1.719532
1.233968
1.105003
1.159804
1.355695
1.599389
1.980092
2.404338
2.723541
3.088422
3.672617
3.996846
3.888396
3.490606
2.976926
3.174820
3.308801
3.184678
2.802510
2.807993
2.684722
2.598008
2.558437
2.684657
3.109729
3.467373
3.854991
4.363848
5.064506
5.404184
5.704998
6.226820
6.476307
6.954950
7.107318
7.286949
7.182551
7.559182
7.678538
7.988327
8.484412
8.747460
9.222354
9.473249
9.349268
9.326092
9.176579
9.329043
9.114033
9.093052
9.106723
9.295002
9.519479
9.770946
9.135002
8.785124
8.460348
8.154846
7.717587
7.501014
7.281164
6.822493
6.363230
5.924689
5.171511
4.572001
4.000854
3.498661
2.903937
2.665089
2.520271
2.367059
2.427720
2.703187
2.854379
2.980206
3.239573
3.435258
3.549997
3.297901
2.716996
2.182256
2.018918
2.276151
2.713984
3.381853
4.130109
4.556952
5.141040
5.747601
6.441749
6.845019
7.298515
7.830480
8.226575
8.598949
9.146929
9.632783
10.047469
10.438638
11.103379
11.543847
12.263828
12.701863
12.817052
12.891175
13.316738
13.731386
14.288037
14.647340
15.207260
15.563781
15.916996
15.725353
15.578381
15.579203
15.431334
15.302422
15.412450
15.705906
16.035956
16.391384
16.696592
16.866406
17.160800
17.487684
17.748206
18.026677
18.275232
18.688636
18.909097
19.662583
20.166059
20.691886
21.365882
22.094207
22.661550
22.576778
22.746963
22.231741
21.792174
21.111828
20.722329
20.080814
19.087330
18.613358
18.072933
17.395840
16.800110
16.062466
15.639785
15.584594
15.657785
15.911144
16.302214
16.503816
16.335552
15.623823
15.795363
15.746222
15.738084
15.855794
15.505541
16.455650
17.410503
17.948143
18.345150
18.477016
18.796785
18.985801
19.039046
19.380194
19.549383
19.714094
20.084629
20.367278
20.402220
20.505933
20.877255
21.060230
21.624491
22.018846
22.436261
22.787517
23.267332
22.985895
22.027400
21.486664
20.945200
20.495855
20.121110
19.070147
18.239667
16.962059
16.439535
16.200743
15.977732
15.812633
15.757461
15.763087
15.723871
15.744165
15.803307
16.244532
16.540548
16.825414
16.898562
16.560854
16.852411
17.099994
17.208864
17.447210
17.580876
17.535902
17.222216
17.323149
17.573510
17.980098
18.076313
18.117550
18.240433
18.531946
18.901292
19.303783
19.267399
19.430381
19.074033
19.164543
18.840526
18.849031
19.142189
19.526650
19.865534
19.719334
19.687739
19.602670
19.018763
18.955446
19.064787
18.500872
18.252894
17.929391
17.822674
17.677765
17.549405
17.515150
17.425365
17.538608
17.498865
17.487000
17.345042
17.252862
17.302371
17.362501
17.169766
17.144712
17.458920
17.662209
17.990216
18.371866
18.626899
18.801203
18.951403
19.054846
19.039957
19.092346
19.011205
18.917104
19.074968
19.583494
19.864271
20.256709
20.331739
20.563682
20.736250
19.663825
19.053637
18.079344
17.042831
16.142746
15.187946
14.692034
14.395275
14.325381
14.518010
14.472380
14.202048
13.942708
14.030055
13.742469
13.608468
13.404019
13.660286
14.112906
14.454691
15.105109
15.055896
15.432334
15.844307
16.486769
16.572126
16.677717
17.221094
17.756176
18.045634
18.612105
18.749858
19.165722
19.339932
19.458434
19.598087
19.499380
18.997230
17.654047
16.111217
15.135804
14.212788
13.469879
12.727956
12.137093
12.020359
11.970838
11.905506
11.273127
10.835202
10.652622
10.472353
10.327811
10.529022
10.790729
11.046262
11.205360
11.423306
11.337088
11.362725
11.641516
11.868549
12.181769
12.419363
12.601994
12.353090
12.049218
11.751200
11.257143
11.075570
10.887164
10.799159
10.986100
11.200053
11.784182
12.591989
13.541865
14.841360
16.048511
16.430864
17.152417
17.812825
18.642639
19.377410
18.582395
18.691030
18.692076
18.701361
18.865835
19.050239
19.179632
19.105275
19.208479
19.193583
19.403472
19.944678
20.256476
20.505324
20.666566
20.959361
20.919028
21.123117
21.166246
21.252799
21.313357
21.558295
21.619451
21.920246
22.224149
22.610108
22.756668
22.723490
22.564389
22.400473
22.245488
21.878782
21.054076
20.438380
19.886643
19.756597
19.065399
17.845866
17.359959
16.749857
15.613433
14.075182
12.447195
11.354833
10.307915
9.660690
8.817256
8.310550
7.910571
8.068182
8.358250
8.017205
8.016920
8.173915
8.242868
8.202299
7.981118
7.831163
7.620389
7.443756
7.488053
7.381011
7.498909
7.553744
7.408102
7.703230
8.321782
8.512342
8.747080
9.491188
10.120821
10.894630
11.553504
11.681139
11.303478
11.443454
11.863937
12.455423
12.926934
13.471298
14.019293
14.581820
15.302946
16.206547
16.964908
17.811531
18.555505
19.166916
19.048448
18.955347
19.269179
19.542267
19.601915
19.425817
19.317637
19.126114
18.758608
18.383266
18.486556
18.379678
18.297994
18.435407
18.398869
18.543576
18.554894
18.473174
18.507119
18.283628
17.683971
17.554952
16.999702
16.653978
15.913748
15.298201
14.220427
13.488189
12.816043
11.994200
11.387558
10.921452
10.575345
10.410876
10.312531
10.108763
9.656205
9.600665
9.805943
9.894483
10.178701
10.387754
10.695681
11.208209
11.638761
11.379045
11.285935
