2.096240 1.951646
2.110683 1.966962
2.130888 2.033637
2.150787 2.106189
2.170928 2.207428
2.208973 2.374605
2.255525 2.534066
2.306341 2.695915
2.379844 2.904590
2.470816 3.136219
2.291416 3.079163
2.263470 3.048193
2.244486 3.123437
2.363707 3.154754
2.328377 3.076788
2.346517 3.056428
2.584897 3.351955
3.058367 3.817387
3.482298 4.211039
3.905647 4.720920
4.090681 4.981077
4.281955 5.114580
4.443400 5.352377
4.564243 5.513411
4.711126 5.676185
4.869491 5.846112
5.039123 6.078593
5.127679 6.205417
5.157877 6.298457
5.094789 6.342780
5.094305 6.298192
4.923078 6.140588
4.751497 5.908549
4.571314 5.664115
4.230623 5.287529
3.962247 5.033997
3.796721 4.703573
3.448136 4.169735
3.227478 3.652909
3.166165 3.443183
3.224820 3.408036
3.165736 3.331035
3.287750 3.463713
3.239571 3.463891
2.966984 3.468842
2.904437 3.175896
2.832466 3.010704
2.837767 2.933519
2.851590 2.938991
2.894346 2.965730
3.284950 3.458399
3.861543 4.121869
4.433228 4.836852
5.060390 5.632094
5.425917 6.030878
5.630486 6.165784
5.761529 6.268014
5.894910 6.326349
5.908220 6.314592
5.920097 6.165109
5.932079 6.034808
5.868732 5.920310
5.701562 5.785124
5.576655 5.681958
5.300186 5.477026
5.141218 5.236489
4.893314 4.917582
4.313408 4.390675
4.027773 4.065398
3.875173 3.901748
3.640031 3.755710
3.534645 3.626196
3.578122 3.584525
3.536412 3.489180
3.460406 3.349160
3.340147 3.492135
3.380175 3.514529
3.564072 3.645683
3.781367 3.866385
3.897645 3.983839
3.917310 3.977646
4.206417 4.186316
4.655446 4.466583
5.220663 4.835074
6.002319 4.997374
6.554206 5.167239
6.993798 5.320855
7.162485 5.414435
7.205431 5.458947
7.225058 5.492269
7.133797 5.408637
7.176474 5.495676
7.269660 5.638341
7.361451 5.708405
7.433707 5.818703
7.453087 5.756945
7.446534 5.798807
7.346434 5.766979
7.134479 5.593233
6.878205 5.508686
6.647530 5.417441
6.393982 5.111133
6.050526 4.807472
5.737365 4.780266
5.597033 4.697177
5.342128 4.459169
5.377354 4.500839
5.464378 4.660398
5.501285 4.680935
5.598881 4.776357
5.501061 4.778340
5.157458 4.534078
4.959827 4.462355
4.600379 4.371408
4.322183 4.168149
4.257906 3.956574
4.484531 4.172636
4.735804 4.390410
5.031482 4.607448
5.251600 4.749722
5.503254 4.969713
5.531120 4.963320
5.485875 4.821052
5.422316 4.747055
5.522383 4.887961
5.710689 5.225829
5.845580 5.470528
5.977725 5.612960
6.024655 5.653435
6.033873 5.554977
5.925087 5.289684
5.762800 5.267019
5.663414 4.940845
5.371029 4.816248
5.180879 4.773907
5.124524 4.870901
5.223034 5.018088
5.469674 5.312465
5.818623 5.659380
6.324496 6.138417
6.849202 6.716888
7.247228 7.230554
7.687311 7.575710
7.957680 7.987752
8.206793 8.301799
8.411173 8.576791
8.570050 8.770752
8.695355 9.015017
8.895323 9.155207
9.111597 9.308539
9.130841 9.425723
9.233671 9.624086
9.295162 9.832740
9.306593 9.969314
9.511276 10.005028
9.629415 10.027176
9.667028 10.132478
9.627112 10.308958
9.627473 10.383505
9.705266 10.443020
9.729329 10.560494
9.830009 10.743616
9.873796 10.861610
9.879136 10.902638
9.905555 10.939805
9.949217 11.074018
10.024934 11.218990
10.020802 11.282960
10.108132 11.404227
10.138817 11.575213
10.212935 11.685785
10.384207 11.836521
10.656686 11.855944
10.683066 11.837726
10.721962 11.847308
10.771067 11.871652
10.833790 11.890637
10.956647 11.933094
11.090401 11.985889
11.098512 12.077408
11.068259 11.937498
11.094968 11.937051
11.141336 11.975377
10.990945 11.807191
10.899074 11.789445
10.887999 11.803318
11.081416 12.048604
11.205374 12.134587
11.272570 12.222561
11.302209 12.287058
11.418196 12.315887
11.498714 12.317251
11.393504 12.370823
11.459751 12.311286
11.385743 12.291273
11.397547 12.273196
11.468064 12.300658
11.592095 12.429639
11.843201 12.720372
12.321861 13.074245
12.492278 13.506482
12.931052 13.942264
13.065106 14.055371
13.254712 14.242280
13.413827 14.265323
13.356522 14.117771
13.164890 13.997223
13.197374 14.029476
13.233071 14.047993
13.128663 14.038123
13.125425 13.903324
12.986069 13.673510
12.770277 13.416331
12.532817 13.009423
12.416425 12.657832
12.121966 12.323322
11.654644 11.845406
11.481632 11.475302
11.430465 11.343830
11.524687 11.614016
11.756992 11.761541
12.138442 11.854397
12.406486 12.095317
12.652179 12.444999
12.932026 12.478282
13.131993 12.548304
13.076299 12.417997
13.052608 12.380190
12.978694 12.418789
12.869779 12.449369
13.216870 12.790292
13.581334 13.014983
13.774637 13.315423
13.858594 13.570636
13.917408 13.906214
13.952645 13.977298
13.987293 14.007653
14.036705 14.057402
14.052578 14.038756
14.065747 14.023834
14.109409 14.006425
14.149218 14.008665
14.212437 14.049267
14.177038 14.012792
14.238256 13.881135
14.170413 13.814843
14.224201 13.823450
14.145880 13.677002
14.135446 13.638608
14.080058 13.517574
13.870853 13.306062
13.695200 13.187652
13.313290 12.939294
12.971626 12.868193
12.735033 12.704158
12.597349 12.517814
12.192970 12.372181
11.934781 11.961746
11.743554 11.428336
10.839273 11.020439
10.514836 10.452652
10.172920 10.171697
9.914484 9.706174
9.697109 9.443607
9.512530 9.324935
9.550419 9.310338
9.558697 9.297020
9.505538 9.278648
9.452925 9.327754
9.288457 9.320895
9.508607 9.690507
9.809190 10.137444
9.985174 10.324773
10.064011 10.382615
9.952458 10.329926
10.030599 10.422303
10.177302 10.581675
10.385660 10.716615
10.308137 10.703736
10.364592 10.772040
10.026688 10.632548
9.758835 10.305900
9.707554 10.041222
9.695923 9.859733
9.701234 9.596261
9.495139 9.280646
9.042095 9.242916
8.866926 9.136261
8.626823 9.125443
8.548319 9.141426
8.256936 9.035899
8.289713 9.021781
8.139870 8.952086
7.807254 8.901745
7.570016 8.727049
7.299622 8.434364
7.095745 8.205141
6.978915 8.004770
7.145094 8.104275
7.169878 8.159897
7.521022 8.348581
7.714337 8.415805
7.646446 8.438547
7.618778 8.272810
7.442165 8.033152
7.382567 7.541500
7.113354 7.302644
6.946829 7.181235
6.737801 7.077239
6.587210 6.667542
6.455939 6.332502
6.401224 6.317799
6.406987 6.350119
6.283758 6.208638
6.283370 6.085375
5.916313 5.939452
5.773304 6.008586
5.856426 6.092318
6.008585 6.257679
6.122852 6.249502
5.840146 6.138945
5.706532 6.119490
5.286182 5.880638
5.180913 5.730895
4.992528 5.620023
4.977829 5.505539
4.777899 5.299234
4.768143 5.299620
4.679997 5.282294
4.651959 5.330810
4.303514 5.200307
4.210672 5.034260
4.026141 4.985386
4.051824 4.900914
4.090820 4.838050
4.152093 4.928094
4.254818 5.015782
4.357246 5.130235
4.524050 5.288930
4.684885 5.419211
4.975499 5.689540
5.300441 6.060783
5.157933 6.237483
5.151750 6.081838
5.049510 5.798578
4.775115 5.707382
4.618834 5.619001
4.633007 5.536913
4.521995 5.540251
4.563979 5.492418
4.490467 5.423735
4.487007 5.428398
4.488887 5.358495
4.180936 5.045926
4.083677 4.680857
4.011514 4.626081
3.747521 4.005970
3.304953 3.537735
2.957758 3.185650
2.764892 3.083040
2.822455 3.032364
2.799244 2.988344
2.866678 2.992099
2.781754 2.605018
2.822949 2.663732
2.921061 2.770270
3.058918 2.884958
3.096781 2.888210
3.119650 2.911507
3.171247 2.886112
3.174658 2.951290
3.180213 3.047079
3.123413 3.065886
3.010022 2.980089
2.884461 2.893272
2.769638 2.829068
2.723979 2.885138
2.783694 3.083151
2.827200 3.248010
3.006839 3.396126
3.690610 3.805598
4.119909 3.949999
4.208324 3.961851
4.070542 3.891726
3.931022 3.772143
3.892418 3.746835
3.814999 3.767398
3.736598 3.578691
3.733346 3.554027
3.696392 3.531175
3.483412 3.342041
3.296347 3.186237
3.073436 3.154851
3.011000 3.009841
3.095021 3.148730
3.064982 3.331385
3.093610 3.374951
3.130879 3.418509
3.045278 3.484425
3.067397 3.439217
3.154113 3.408683
3.255977 3.444472
3.169116 3.389731
3.112566 3.364799
3.042119 3.231635
3.037156 3.068257
2.892291 3.041248
2.797240 2.799899
2.726540 2.686443
2.651021 2.654245
2.705595 2.714607
2.850203 2.722349
2.987989 2.855112
3.185177 2.996137
3.461462 3.273811
3.602979 3.450518
3.921090 3.695354
4.175114 3.989374
4.432724 4.190053
4.447780 4.043238
4.300323 3.921876
4.362310 4.087826
4.242653 3.968967
4.067782 3.996238
3.835030 3.910137
3.620632 3.707616
3.595592 3.706169
3.489744 3.625484
3.268738 3.589605
3.279263 3.587901
2.879435 3.534625
2.812804 3.391442
2.819407 3.476221
2.757664 3.624533
2.893810 3.653906
2.962406 3.748471
3.100895 3.828655
3.120023 3.951966
3.137263 3.893102
3.227884 3.948209
3.251617 4.081386
3.257773 4.177145
3.305271 4.240678
3.397660 4.299599
3.409361 4.314796
3.484394 4.339431
3.562714 4.421192
3.569221 4.415356
3.523123 4.381841
3.616936 4.424585
3.633497 4.401705
3.749035 4.419793
3.731708 4.434709
3.724456 4.365061
3.711759 4.333758
3.439546 4.065140
3.335870 3.710402
3.003173 3.486711
2.676258 3.282923
2.686995 3.298289
2.551693 3.156241
2.585144 3.016544
2.459472 2.957399
2.520236 2.960420
2.544099 3.046252
2.616672 3.079418
2.722504 3.115628
2.830534 3.156450
2.877524 3.063592
2.880341 2.932366
2.899746 2.916197
2.948948 2.906284
2.955744 2.942661
3.062962 3.043698
3.203915 3.262433
3.323898 3.285648
3.369554 3.476707
3.385492 3.565835
3.448509 3.627237
3.402852 3.725103
3.340062 3.805570
3.362063 3.859338
3.252846 3.841106
3.329132 3.842981
3.283921 3.857030
3.314210 3.909275
3.451552 3.942438
3.479859 4.105925
3.505442 4.091101
3.617948 4.112413
3.628988 4.157697
3.687534 4.263732
3.735824 4.237533
3.820105 4.303214
3.822269 4.410288
3.672339 4.176443
3.673253 4.134007
3.653557 4.089947
3.756116 4.083803
3.680279 4.013272
3.630667 3.899821
3.804664 3.813646
3.947076 3.701568
4.047150 3.637006
4.162277 3.660175
4.308190 3.729822
4.355307 3.786773
4.367616 3.662240
4.284469 3.701889
4.280860 3.667218
4.294622 3.651856
4.190768 3.724138
3.951526 3.769630
3.741255 3.861466
3.581157 3.810526
3.500301 3.709407
3.498376 3.696416
3.472969 3.767774
3.515898 3.876680
3.620241 3.952179
3.766903 3.983768
3.675987 3.960822
3.646969 3.831889
3.515057 3.641782
3.360688 3.442430
3.216052 3.180375
2.960767 3.048744
2.726678 2.925814
2.458557 2.829538
2.082514 2.661775
2.012196 2.734207
1.922720 2.770754
1.854652 2.789571
1.899776 2.774642
1.811923 2.574282
1.822823 2.548959
1.870404 2.485239
1.968889 2.460072
2.065517 2.525220
2.274555 2.603749
2.470350 2.742000
2.649381 2.879626
2.747143 3.010506
2.875321 3.142407
2.946630 3.257179
3.026114 3.479894
3.166036 3.601309
3.352805 3.745779
3.481333 3.857351
3.536114 3.959494
3.582730 4.127129
3.694258 4.254446
3.892321 4.408527
4.103655 4.416013
4.187512 4.500096
4.406513 4.641180
4.624137 4.722132
4.744642 4.604452
4.756710 4.522143
5.099153 4.715398
5.542993 5.064714
