2.100658 1.948208
2.114190 1.941143
2.134852 1.984650
2.166624 2.056256
2.207068 2.157964
2.248274 2.304037
2.311527 2.462225
2.377732 2.606545
2.487750 2.800554
2.581147 3.001524
2.615040 3.141401
2.679432 3.191350
2.608324 3.331092
2.718963 3.512370
2.746961 3.525677
2.898276 3.657402
3.296562 4.018373
3.954474 4.412745
4.276236 4.746036
4.679321 5.002983
4.795185 5.056391
5.024674 5.163262
5.222616 5.287747
5.355827 5.387738
5.508351 5.493055
5.756852 5.618275
6.002140 5.732058
6.157046 5.848020
6.171709 5.802785
6.173352 5.830751
6.067476 5.914666
5.979860 5.754311
6.021327 5.660948
5.976928 5.656810
5.777400 5.483674
5.429212 5.306526
5.268435 5.326793
5.067606 5.313287
4.933687 5.291183
4.878319 5.326576
4.815799 5.245155
4.740863 5.148865
4.866572 5.145490
4.987983 5.216851
5.092183 5.195698
5.118920 5.154044
5.201426 5.186835
5.391696 5.259673
5.556908 5.366727
5.867021 5.578286
6.415773 5.969831
7.065639 6.416919
7.452742 6.743378
7.813664 6.860628
7.978795 6.929566
8.068629 6.990065
8.160954 7.028537
8.203868 7.055610
8.188116 6.993658
8.107169 6.932475
8.029731 6.878443
7.922095 6.823780
7.785991 6.644565
7.668709 6.450648
7.491882 6.261909
7.280834 6.093027
6.846635 5.843637
6.353364 5.674594
5.823745 5.343983
5.517687 5.064041
5.190675 4.702368
4.810911 4.448855
4.419888 4.084668
4.099698 3.884663
4.017953 3.947666
4.000187 4.053792
3.997529 4.200153
4.001454 4.314641
4.021571 4.482212
4.107909 4.555644
4.344020 4.571588
4.950055 5.052744
5.471558 5.735566
6.024129 6.281476
6.484887 6.827117
6.770642 7.130105
6.957103 7.225872
6.929681 7.152367
6.946757 7.123219
6.811861 7.071193
6.777277 6.916777
6.863170 6.953863
6.939214 6.982403
6.954653 6.986000
7.030878 6.844300
7.152157 6.978567
7.220006 7.023275
7.163889 6.988297
7.160781 6.998323
7.012648 6.995892
6.834374 7.052933
6.734424 7.011005
6.706942 6.771504
6.612349 6.596783
6.460133 6.644710
6.395047 6.428471
6.517438 6.510137
6.682776 6.719860
6.749055 6.940885
6.810566 7.019703
6.680646 6.984512
6.522392 6.787626
6.275054 6.563330
6.250960 6.450221
6.083919 6.163132
6.067808 6.089430
6.564269 6.503920
7.093038 7.066063
7.444144 7.386453
7.534827 7.466356
7.554053 7.496863
7.531997 7.443219
7.433511 7.265538
7.348932 7.203961
7.303130 7.137809
7.405696 7.092897
7.459914 7.131578
7.555566 7.129540
7.678986 7.198091
7.791364 7.193879
7.832552 7.129214
7.792984 6.995295
7.564206 6.786075
7.483131 6.758093
7.406420 6.688782
7.432102 6.504693
7.519683 6.633424
7.650161 6.738741
7.837309 6.922849
8.166548 7.344149
8.409681 7.636227
8.587901 7.742018
8.645625 7.846428
8.770304 7.991438
8.849793 8.181714
8.955126 8.288600
9.013740 8.500711
9.268838 8.885618
9.389771 9.184819
9.449861 9.540973
9.359724 9.713078
9.372737 10.018190
9.589790 10.210245
9.477332 10.246484
9.494323 10.234436
9.442165 10.230318
9.310410 10.297369
9.037387 10.298684
8.903898 10.185055
8.730910 10.105358
8.503516 9.956756
8.442730 9.830724
8.500845 9.582946
8.404670 9.585597
8.435323 9.451467
8.393326 9.246145
8.389738 9.071306
8.314290 9.094120
8.332895 9.038782
8.389335 9.028085
8.530238 8.984211
8.592548 9.103847
8.497724 9.206314
8.406719 9.141224
8.290087 9.129407
8.208342 9.004373
8.214127 8.970802
8.272628 9.172904
8.182402 9.202531
8.085104 9.252093
8.106533 9.156565
8.104406 8.915551
7.949243 8.653466
7.858475 8.521740
7.530908 8.535375
8.032632 9.034158
8.350537 9.453044
8.367676 9.729028
8.374213 9.832756
8.293358 9.841399
8.158686 9.817560
8.006180 9.799316
7.963568 9.578847
7.983327 9.438391
8.076825 9.478591
8.215206 9.433306
8.575503 9.608661
9.189077 10.041007
9.800215 10.441471
10.245959 10.875823
10.615378 11.050567
10.983744 11.241916
11.319152 11.423970
11.470493 11.495407
11.815345 11.797603
11.805388 11.835872
11.761054 11.774118
11.635474 11.761981
11.354005 11.719000
11.299584 11.697950
11.092330 11.624454
10.986189 11.621437
10.979691 11.596760
10.843425 11.492433
10.791612 11.323317
10.794177 11.154818
10.464198 11.121904
10.229111 11.010644
9.986932 10.706122
9.750296 10.636604
9.505813 10.307128
9.367842 10.037336
9.069781 9.748990
8.832231 9.583101
8.768405 9.452454
8.060781 9.096075
7.786030 8.734917
7.319013 8.464283
7.108989 8.341772
6.837682 8.314630
7.188638 9.029127
7.437350 9.396634
7.620139 9.580107
7.693139 9.702436
7.582796 9.642264
7.337623 9.464426
7.235388 9.304789
6.964196 9.190850
6.898398 9.199341
6.761011 9.203218
6.826438 9.088248
6.949923 9.142625
7.184917 9.387056
7.318898 9.483640
7.424156 9.559542
7.696807 9.698256
7.840368 10.020319
7.952995 10.218036
8.019730 10.344378
8.213790 10.410798
8.343766 10.398766
8.438166 10.319387
8.455751 9.973305
8.323740 9.774484
8.148877 9.518367
8.106345 9.451549
7.867547 9.190840
7.625659 8.995933
7.546969 8.970346
7.255973 8.782620
7.119807 8.589404
6.796130 8.465810
6.535246 8.127619
6.455890 7.993583
6.356337 7.885354
6.093032 7.703910
5.925478 7.669005
5.823122 7.726776
5.862215 7.696285
5.777873 7.709309
5.757513 7.647277
5.798795 7.807866
5.689702 7.901401
5.705476 7.894924
5.361283 7.867858
5.512338 8.184758
5.592595 8.350425
5.660755 8.272067
5.669238 8.236728
5.665912 8.180402
5.562866 7.973712
5.500699 7.817135
5.436480 7.772534
5.427183 7.708529
5.389188 7.572365
5.390022 7.449538
5.468947 7.367013
5.637536 7.489011
5.841439 7.678389
6.119254 7.939608
6.254834 8.013919
6.453282 8.125991
6.654737 8.186962
6.852399 8.387885
6.929596 8.496920
7.084128 8.665809
7.101008 8.541788
7.099182 8.373255
7.175143 8.402634
6.970784 8.270243
6.693270 8.074618
6.508280 7.831009
6.116577 7.379478
6.049196 7.326669
5.796301 6.988699
5.447327 6.731958
5.208900 6.503430
5.038848 6.113053
4.936706 5.889204
4.855073 5.909496
4.784103 5.904933
4.555132 5.814542
4.357249 5.731973
4.235640 5.716867
3.990364 5.790889
4.032867 5.831390
4.032123 5.840793
4.105560 5.946475
4.319384 6.106478
4.448555 6.188672
4.479941 6.379343
4.496575 6.387470
4.420323 6.386671
4.430229 6.505669
4.465236 6.642719
4.522462 6.606286
4.593575 6.662915
4.531896 6.667377
4.553823 6.501233
4.586409 6.424725
4.459410 6.298824
4.391686 5.883647
4.371942 5.724816
4.467440 5.788926
4.688304 5.856687
4.937904 6.000427
5.417954 6.280398
5.776963 6.567916
6.347844 6.980387
7.000043 7.346703
7.428441 7.957696
7.801802 8.366017
8.030961 8.511634
8.085440 8.534779
8.209607 8.589955
8.373073 8.759776
8.675055 8.851572
8.992392 8.895150
9.283627 8.926377
9.563993 8.988784
9.765139 8.971308
10.020163 9.026941
10.265113 9.089616
10.545037 9.445024
10.702411 9.737661
10.943773 9.966425
11.053501 10.021184
11.151024 9.971466
11.137463 9.893936
11.258416 9.741464
11.297134 9.758859
11.097245 9.620637
10.854152 9.255723
10.572557 9.046507
10.099291 8.542187
9.551611 8.128878
9.173181 7.762350
8.682184 7.468202
8.109777 6.941451
7.851289 6.668382
7.187876 6.406351
6.851331 6.257241
7.105095 6.257991
7.642131 6.517312
8.808167 7.381646
10.823439 9.620812
11.720558 11.821948
11.082628 13.434969
9.229862 14.482346
8.485589 14.720889
8.611068 14.931814
8.361209 15.017380
8.211956 15.197517
8.218053 15.237239
8.277273 15.284736
8.260867 15.422763
8.318554 15.492286
8.262908 15.550155
8.023965 15.644737
8.126969 15.709646
8.233843 15.697183
8.245165 15.682831
8.307180 15.700581
8.381017 15.731043
8.513928 15.778822
8.555545 15.876555
8.661183 15.930276
8.781505 15.994824
8.906575 16.047278
9.062980 16.125585
9.217950 16.186162
9.361905 16.256534
9.381008 16.282379
9.332632 16.241282
9.418563 16.255736
9.465118 16.306184
9.496474 16.348625
9.530050 16.401002
9.566775 16.445046
9.649317 16.578629
9.714611 16.670254
9.761394 16.721823
9.829780 16.788382
9.870303 16.877433
9.978428 16.918406
10.067400 16.998456
10.149519 17.063682
10.294693 17.108687
10.420665 17.109549
10.571689 17.151403
10.665586 17.163431
10.830184 17.227733
10.798723 16.852102
10.827244 16.865414
10.856454 16.890728
10.873584 16.909541
10.942513 16.925243
10.930705 16.780097
10.942977 16.629552
10.922502 16.597581
10.953514 16.613341
10.991625 16.599403
10.943036 16.515379
10.820209 16.152272
10.919205 15.717392
10.998739 15.320479
11.036041 14.844226
10.815955 14.153325
10.347023 13.641842
10.014151 13.228075
9.690948 12.729400
9.625788 12.493013
9.683332 12.261807
9.947988 12.355548
10.207699 12.803592
10.359230 12.813585
10.520581 12.740873
10.769393 12.762321
11.052898 12.802873
11.351543 12.846941
11.584116 12.669543
11.974501 12.826502
12.670904 13.426983
13.214172 14.127542
13.599230 15.117261
13.671799 16.240460
13.583307 17.106206
13.606440 17.756897
13.647043 18.640610
13.425619 19.320294
13.513480 19.689818
13.529490 19.807197
13.503697 20.012299
13.552179 20.055808
13.643078 20.315854
13.687162 20.476735
13.726759 20.511589
13.783696 20.589802
13.916576 20.659002
13.983614 20.804134
14.088178 20.992138
14.246180 21.259213
14.317893 21.305993
14.408960 21.339578
14.467946 21.413787
14.515365 21.358820
14.531072 21.306043
14.519837 21.296237
14.503118 21.315471
14.504104 21.323048
14.516344 21.360022
14.547047 21.409459
14.570238 21.476875
14.593431 21.515799
14.620034 21.577141
14.743545 21.580001
14.787120 21.605351
14.845368 21.668205
14.917463 21.711666
15.002280 21.761672
15.069747 21.786856
15.118279 21.782002
15.149741 21.772054
15.227531 21.808174
15.230111 21.853426
15.226366 21.843445
15.215199 21.832828
15.227094 21.810581
15.250233 21.882572
15.324282 21.920028
15.326588 21.936233
15.333430 21.966577
15.339642 22.008063
15.355927 22.042458
15.368890 22.107751
15.405755 22.161052
15.418508 22.215476
15.460516 22.278253
15.491939 22.309929
15.512997 22.335710
15.533122 22.389217
15.594926 22.451118
15.638908 22.495371
15.753284 22.625042
15.786743 22.687170
15.792927 22.694158
15.887339 22.825650
15.900989 22.885436
15.934542 22.876167
15.977302 22.905556
16.033440 22.918198
16.098943 22.954632
16.188213 22.988432
16.259319 23.019680
16.317871 23.034069
16.334467 23.135522
16.391099 23.136149
16.455747 23.142951
16.531464 23.178076
16.592806 23.198392
16.792780 23.233521
16.854783 23.244604
16.886286 23.285596
16.877305 23.286102
16.850247 23.249331
16.887988 23.223268
16.774093 23.248148
16.869679 23.231109
16.861198 23.233174
16.916752 23.123025
16.901365 23.183720
16.924573 23.147534
16.871729 23.238476
16.852095 23.281357
16.877609 23.290144
16.927317 23.305088
16.968310 23.313604
16.974428 23.436563
17.054139 23.469232
17.141600 23.509788
17.225762 23.541525
17.320954 23.577977
17.414985 23.620335
17.500262 23.650777
17.596717 23.688102
17.688191 23.752917
17.775109 23.823499
17.911716 23.894662
18.007643 23.987768
18.246371 24.163219
18.472304 24.510568
