2.096240 1.951646
2.110683 1.966962
2.130888 2.033637
2.150787 2.106189
2.170928 2.207428
2.208973 2.374605
2.255525 2.534066
2.306341 2.695915
2.379844 2.904590
2.470816 3.136219
2.450105 3.168996
2.445210 3.248214
2.494599 3.263560
2.531832 3.294694
2.582437 3.301966
3.002258 3.628037
3.608669 4.171490
4.531830 4.950109
4.989778 5.349361
5.234862 5.690585
5.363523 5.669890
5.524637 5.697055
5.586355 5.650122
5.684905 5.655835
5.739427 5.645074
5.819262 5.714849
5.927851 5.761132
5.865764 5.565283
5.849314 5.457458
5.704432 5.156129
5.349706 4.840724
5.035500 4.716838
4.765312 4.505908
4.489162 4.289361
4.157866 4.147510
4.009632 3.911883
3.920513 3.866472
3.725332 3.885753
3.656964 3.817210
3.656088 3.730607
3.568993 3.717656
3.721044 3.767219
3.925934 3.931887
4.201702 4.181604
4.388065 4.331427
4.405534 4.269960
4.486261 4.301531
4.742548 4.531257
4.964765 4.690029
5.291368 4.989015
5.861561 5.452480
6.316687 5.793750
6.754773 6.088025
6.978906 6.288240
6.937282 6.158374
6.816597 6.066369
6.693507 5.910915
6.610256 5.758815
6.418794 5.635197
6.153025 5.402392
5.858861 5.076759
5.530318 4.816789
4.994773 4.369635
4.550347 3.932719
3.881473 3.460435
3.464515 3.214121
2.886438 2.975266
2.443286 2.638410
2.142707 2.442444
2.047807 2.450282
2.016892 2.410839
2.051366 2.425908
2.090462 2.497738
2.164138 2.439975
2.253984 2.505617
2.382359 2.628110
2.598353 2.749341
2.767817 2.922328
3.083669 3.191679
3.191061 3.222444
3.381253 3.413891
3.945893 3.832475
4.441734 4.377250
4.741378 4.712295
5.018302 4.982519
5.148111 5.022572
5.258724 5.092202
5.267095 5.004855
5.206637 4.919638
5.104495 4.865284
4.913788 4.759762
4.990836 4.845106
4.974631 4.893588
4.878953 4.872941
4.780467 4.810109
4.459345 4.607109
4.245454 4.487618
4.035530 4.330699
3.790446 4.126044
3.526607 3.892562
3.393031 3.773291
3.133084 3.668176
3.087907 3.597407
2.966747 3.435097
3.126031 3.509016
3.129797 3.639626
3.431177 3.952298
3.830018 4.288587
4.006393 4.629181
4.273661 4.848661
4.352846 4.852987
4.390786 4.800340
4.341744 4.815191
4.235504 4.803011
4.314870 4.826097
4.418602 4.999045
4.868178 5.713843
5.165875 6.268550
5.263734 6.416346
5.283478 6.556708
5.308864 6.583935
5.304811 6.528782
5.199449 6.444099
5.175626 6.360501
5.126660 6.274486
5.049465 6.230929
4.982921 6.176376
4.952695 6.008499
4.826721 5.763337
4.794134 5.492329
4.552450 5.169934
4.487638 4.866861
4.349460 4.421038
3.941701 4.140915
3.958788 3.853806
3.835660 3.771270
3.986017 3.969783
4.186220 4.177715
4.447681 4.466419
4.857107 4.848617
5.223347 5.183356
5.318044 5.323410
5.301275 5.386350
5.315589 5.566084
5.483045 5.505565
5.480301 5.594225
5.674675 5.727617
5.970513 6.170230
6.101441 6.557260
6.172068 6.926046
6.216472 7.021960
6.368546 7.161435
6.485446 7.458589
6.503565 7.482234
6.482757 7.512161
6.425596 7.496847
6.386116 7.451247
6.229199 7.287749
6.149267 7.189876
6.088555 6.855147
5.986615 6.636619
5.854270 6.458794
5.635062 6.225614
5.502775 5.937063
5.349053 5.776284
5.253868 5.593917
5.204342 5.402268
5.098048 5.238305
5.166148 5.257542
5.239835 5.269737
5.354714 5.375509
5.583964 5.580112
5.888676 5.700538
5.826350 5.682367
5.859229 5.607651
5.810191 5.508980
5.853225 5.548687
6.237067 5.809873
6.532365 6.070791
6.576808 6.032538
6.493334 5.765592
6.311022 5.539808
6.021074 5.270964
5.952972 5.254226
5.904592 5.198094
7.081778 6.182707
8.072724 6.973920
8.381408 7.478615
8.612675 7.762963
8.592216 7.837882
8.523482 7.764463
8.375450 7.585199
8.137398 7.207883
7.953916 7.074624
7.891885 7.067817
7.892590 7.039371
8.365351 7.365922
9.454607 8.175643
10.659435 8.840031
12.008842 9.428803
12.888938 9.549943
13.367967 9.636948
13.835109 9.693101
14.137396 9.725666
14.388738 9.789056
14.175151 9.949997
13.961118 9.965257
13.664167 9.951414
13.366034 9.822600
12.955096 9.713134
12.620934 9.570095
12.440993 9.402565
12.052948 9.189860
11.573256 8.727652
10.909247 8.299835
10.315562 7.807933
9.803294 7.412687
9.364243 6.964455
8.919272 6.664961
8.523334 6.247352
8.182174 5.880493
7.996797 5.640282
7.810754 5.353447
7.543044 5.035235
7.016748 4.831148
6.556274 4.689746
6.255021 4.501936
5.985234 4.404359
5.914682 4.428160
5.906320 4.484101
7.287908 5.421547
8.251023 6.422117
8.635875 7.086723
8.663389 7.510502
8.527823 7.594448
8.341445 7.405936
8.026878 7.100604
7.732902 6.706140
7.481436 6.339228
7.074019 6.130764
6.863080 6.141980
6.931548 6.366286
7.035559 6.728935
6.981330 6.898344
6.879948 7.022674
6.756701 6.973678
6.534781 6.932466
6.264728 6.710031
5.858192 6.398945
5.068163 6.135326
4.656284 5.716177
3.871000 5.324713
3.725831 4.855339
3.750864 4.510977
3.734910 4.401065
3.801285 4.234404
3.854982 4.127497
3.787899 4.129006
3.739813 4.275603
3.725533 4.333924
3.779503 4.436192
3.846086 4.445988
4.000399 4.576911
4.301257 4.753209
4.468467 4.858218
4.694841 5.020945
4.846573 4.993932
4.973151 5.063050
4.998547 5.061029
4.986347 4.976511
5.017277 4.788027
5.024647 4.767399
4.867544 4.860945
4.723378 4.819863
4.429462 4.685911
5.073950 4.913152
5.590539 5.136950
5.592349 5.148035
5.651259 5.078150
5.546275 4.824871
4.946180 4.623298
4.578922 4.243194
4.144662 3.973465
3.948038 3.974417
3.999424 3.988746
3.994858 3.745365
4.084020 3.884672
4.446660 4.140642
4.650885 4.493783
4.735162 4.648308
4.679975 4.646798
4.374700 4.476131
4.197170 4.220911
4.100314 3.963949
3.663948 3.655017
3.279103 3.299036
3.104723 3.296584
3.404449 3.545259
4.047405 4.228822
4.048362 4.402512
4.096026 4.326574
4.040472 4.270925
3.893324 4.231704
3.754983 4.060738
3.530072 3.930136
3.338862 3.807875
3.151037 3.723644
2.991361 3.541367
2.737062 3.482046
2.541508 3.440114
2.434751 3.278850
2.355022 3.204263
2.327295 3.220757
2.268029 3.217295
2.314788 3.195969
2.305216 3.246842
2.019123 3.157079
2.184463 3.223655
2.320127 3.399232
2.221988 3.463522
2.269422 3.517965
2.298171 3.505295
2.291176 3.316278
2.507615 3.362876
2.647842 3.537452
2.806468 3.734196
3.011664 3.893921
3.165581 4.011370
3.163459 4.058563
3.067868 3.814209
2.999285 3.402645
3.033607 3.368429
3.263597 3.533689
3.754203 3.840779
4.326508 4.129819
4.838411 4.371240
5.502322 4.828373
5.956051 5.058466
6.562380 5.504435
7.034158 6.054211
6.826499 6.693372
7.435796 6.973944
7.829844 7.139977
8.323047 7.000947
8.346008 6.636147
8.001330 6.159638
7.199839 5.729919
6.201020 5.217455
4.882895 4.597123
4.138200 4.377078
3.304336 3.862573
3.123388 3.547199
2.843560 3.373395
2.371213 3.169891
2.293945 3.116609
2.325893 2.950896
2.150867 2.841377
1.849326 2.572865
1.753850 2.455292
1.755641 2.474540
1.880680 2.260654
1.997776 2.190063
2.072569 2.230620
2.124110 2.209411
2.198719 2.229324
2.177512 2.270307
2.370409 2.374680
2.250735 2.446443
2.181029 2.459650
2.109497 2.375288
2.088586 2.371818
2.043265 2.263179
1.923919 2.331396
1.874737 2.409685
1.853063 2.533968
1.770777 2.847507
1.860904 3.280341
2.087861 3.644488
2.325610 2.949320
2.161667 1.675109
2.362308 1.779012
2.650510 1.956818
2.881340 2.219542
2.947112 2.305690
3.085968 2.445297
3.339256 2.616492
3.551289 2.773543
3.670862 2.829069
3.823126 2.903294
3.999273 2.869687
3.850925 2.904053
3.829922 3.104999
3.790777 3.334470
3.716269 3.541929
3.779409 3.852704
3.685921 3.947641
3.650765 3.882185
3.459218 3.684348
3.258914 3.168021
3.033190 2.798797
2.721753 2.608679
2.668675 2.320519
2.635207 2.340041
2.686584 2.391178
2.628593 2.498087
2.639375 2.675261
2.440294 2.683636
2.315936 2.571543
2.131333 2.534658
2.118684 2.444404
2.051881 2.458010
2.025364 2.556557
2.135080 2.708652
2.212673 2.757623
2.462424 2.853313
2.732505 2.988063
2.983801 3.081872
3.435398 3.222703
3.797091 3.440370
3.908316 3.519421
3.832511 3.592431
3.858559 3.666655
3.668904 3.563559
3.468882 3.512797
3.385542 3.459454
3.279868 3.454754
3.843882 3.574483
4.258105 3.672615
4.391158 3.686714
4.385036 3.634000
4.456038 3.603134
4.432912 3.602160
4.539266 3.652722
4.428591 3.757424
4.558805 3.822750
4.629451 3.861267
4.630418 3.993229
4.528085 3.921774
4.321707 3.897734
4.307248 3.876749
4.176795 3.868601
3.876444 3.985636
3.565784 3.935478
3.146301 3.809188
2.737592 3.498171
2.552407 3.260118
2.395832 3.123905
2.331153 2.881196
2.246896 2.737619
2.250530 2.648096
2.266732 2.612584
2.185381 2.558728
1.977992 2.580908
1.920801 2.791718
1.856695 2.992982
1.803000 2.702184
1.751206 2.175562
1.747707 1.702318
2.093185 1.690080
2.283627 1.826794
2.374246 1.974004
2.201119 2.169563
2.157293 1.927550
2.106347 1.903764
1.893386 1.857574
1.919181 1.843977
1.839518 1.769804
1.840789 1.787039
1.826733 1.880905
1.898639 1.927858
1.982776 2.020046
2.055575 2.077415
2.150676 2.330044
2.230929 2.538607
2.469392 2.887698
2.557470 3.011598
2.682221 3.106272
2.641670 3.112036
2.680693 3.267986
2.789628 3.335289
2.827812 3.438720
2.826026 3.487444
2.782445 3.579703
2.883010 3.739044
2.893889 3.846069
2.878265 3.843999
2.908529 3.625164
2.878156 3.849201
2.864774 3.924470
2.882276 3.971781
2.809003 4.020873
2.817195 4.080273
2.789926 3.944448
2.889359 3.839958
2.892099 3.805635
2.674331 3.528535
2.499713 3.322597
2.473329 3.351410
2.502982 3.273866
2.410709 3.159913
2.459698 2.930653
2.535050 2.705269
2.454360 2.540156
2.619584 2.414800
2.818595 2.521590
3.007892 2.611017
3.232594 2.631980
3.431296 2.630549
3.348341 2.674722
3.251798 2.758508
3.269442 2.877058
3.099738 2.931059
2.986691 2.888849
2.794499 2.923552
2.524964 2.944960
2.310777 2.892586
2.282026 2.964501
2.206080 3.087356
2.160554 3.379366
2.135792 3.733099
2.097934 4.005321
2.104137 3.945563
2.053162 3.499235
2.027362 2.942361
1.910668 2.392917
1.904862 1.773073
1.938126 1.683179
1.995451 1.577724
1.927481 1.469422
1.896325 1.436386
1.902068 1.472283
1.854120 1.382715
1.850270 1.451485
1.750758 1.509318
1.549706 1.414490
1.534916 1.447386
1.466966 1.445905
1.474746 1.484527
1.507269 1.549678
1.664912 1.716475
1.810045 1.896555
1.909889 2.095471
2.028964 2.111498
2.145253 2.191905
2.232140 2.192741
2.358210 2.350787
2.535843 2.559982
2.683258 2.820751
2.921066 3.145913
3.122645 3.439348
3.290461 3.679196
3.436641 3.842315
3.544063 3.974447
3.536307 4.012902
3.451871 3.965767
3.470674 3.689377
3.408064 3.413242
3.352582 3.017136
3.310660 2.945791
3.720535 2.792217
4.106081 3.065254
