0.0190365765743 0.431859571585
-0.228429132096 0.431864599294
-0.603172609291 0.578976890353
-1.25100990133 0.616942809892
-1.6444744366 0.646597278122
-2.23031949124 0.699004186935
-2.59094443384 0.716492764146
-3.14253410569 0.753638736189
-3.31747433188 0.76704901835
-3.8208547803 0.813315583686
-4.41747249277 0.866215104267
-4.83032168427 0.896268808257
-5.26859650081 0.938452335841
-5.90124061662 0.988020179132
-6.31294420371 1.00591617427
-6.73697744284 1.02661671055
-7.36235389668 1.04394636968
-7.76524367396 1.0430546712
-8.18573991548 1.03462136628
-8.81652538309 1.02664143854
-9.25292654719 0.986952967594
-9.46971450341 0.917714731091
-9.83104150601 0.27637609139
-9.71272229429 -0.351045437097
-9.62057856945 -0.783033415039
-9.54399893399 -0.619831323441
-9.54469208373 -0.183299578498
-9.54695598132 0.23521211764
-9.3373888997 0.860603293347
-8.90150985731 1.172207981
-8.2716030811 1.27956463524
-7.37863378744 1.26226798865
-6.93858702691 1.33198730236
-6.48981267265 1.59937941645
-6.18020137442 2.21461097742
-6.04233750082 2.63063600116
-5.83073135175 3.2581430487
-5.72912908865 3.68320322994
-5.70572202104 4.31562954207
-5.68732154873 4.75094806646
-5.67779993533 5.17289409988
-5.67262800048 5.80807005491
-5.68667281243 6.24188452289
-5.76161891409 6.65110151031
-6.26717385915 6.91829071125
-6.69951134914 6.98166410327
-7.33691155984 7.01135504886
-7.75465644356 7.00417992683
-8.40662602832 7.02203335073
-8.82571777498 6.94977284826
-9.47309946627 6.86430810407
-9.90041699363 6.90838408546
-9.5612946065 7.03078436295
-9.14641798852 6.98772371928
-8.71344227271 6.98507068779
-8.07826204557 6.98679789359
-7.64682681324 7.01140730633
-7.01540525329 7.02889162967
-6.56705081882 7.15170807641
-6.13619406185 7.51561732046
-5.81378511066 7.9392232225
-5.49046626542 8.56016576239
-5.30652260278 8.99058830505
-5.07006963746 9.41698599019
-4.68110662968 10.0696748264
-4.49685756023 10.5047432682
-4.34980237048 11.1477996299
-4.27994141007 11.7489925512
-4.23828699735 12.1750513668
-4.20047957295 12.7902241652
-4.18064810537 13.2269132661
-4.16657605861 13.6701149902
-4.15304980224 14.1152361869
-4.14093896467 14.7114782189
-4.12844635543 15.1405255869
-4.11908041501 15.7766542357
-4.11288796291 16.1934831938
-4.11723614563 16.8202501986
-4.11650229654 17.24767741
-4.2241732671 17.8637687426
-4.52331650353 18.2915377819
-4.95961433359 18.5927136509
-5.57925175996 19.198973327
-5.9814210807 19.6210341903
-6.4080104337 19.9672117904
-6.82965237544 20.1570329164
-7.25827141177 20.2447064153
-7.89736673635 20.3485485454
-8.5002015864 20.3943222704
-8.90784858106 20.4235936081
-9.5320248322 20.4690156174
-9.97902362651 20.374018765
-10.4147122467 19.8250462802
-10.4075217305 19.1840701011
-10.3923647331 18.7515576215
-10.4378443881 18.3145465203
-10.9762367107 17.9696525757
-11.6279293929 18.0525243461
-12.0618026133 18.0815590486
-12.7146620742 18.0826445055
-13.1759583756 18.0581843878
-13.8272437944 18.1194401872
-14.4870980407 18.4202512999
-14.7562242122 19.0568587087
-14.7490334076 19.722079131
-14.726479026 20.1763185374
-14.6526906248 20.8420629448
-14.6472791169 21.2963592763
-14.7664657887 21.931947039
-15.2091905475 22.5377169133
-15.6190364217 22.7508635146
-16.2365969828 22.9080151395
-16.6842725077 22.9611722695
-17.3139496127 22.9563338624
-17.7624955804 22.8126037979
-18.1108317186 22.3944182226
-18.2641020472 21.7632657119
-18.3704929846 21.1095712933
-18.4233164071 20.6741283793
-18.4427406534 20.2344143843
-18.2704433757 19.5767754543
-17.9535967056 19.1512765944
-17.7751029099 18.9501205168
-17.1520435902 18.645178071
-16.7118742753 18.5871752169
-16.094834781 18.6873081573
-15.6906633346 18.9899210788
-15.3745296697 19.4362149822
-15.1359966604 19.8785494362
-14.9148598011 20.3300006108
-14.7174972854 20.8079043406
-14.5367092942 21.4633858829
-14.4176824495 21.8683410555
-14.2777216302 22.3170020897
-13.8946838171 22.7176397353
-13.2622160839 22.870496993
-12.6253945844 22.9576876741
-12.6253945844 22.9576876741
-12.1987984627 23.146420334
-11.793887688 23.4311401109
-11.3689240394 24.0400111222
-11.1779550284 24.6751764321
-11.1580869946 25.3093259246
-11.146044217 25.7368555194
-11.0724349862 26.1743389445
-10.8794308079 26.7243326322
-10.4575969223 26.7618501078
-10.1320128619 26.4646823729
-10.1318960242 26.0571960765
-10.1807019705 25.4310126191
-10.2213738668 24.7591514115
-10.2213738668 24.7591514115
-10.2213738668 24.7591514115
-10.2213738668 24.7591514115
-10.2213738668 24.7591514115
-10.2213738668 24.7591514115
-10.2213738668 24.7591514115
-10.2213738668 24.7591514115
-10.2213738668 24.7591514115
-10.2213738668 24.7591514115
-10.2336210264 24.1179718805
-10.1195819004 23.4872280501
-10.0313621053 23.0458605858
-9.84280156792 22.4018600024
-9.5132720422 21.7527198656
-9.24904980919 21.3404844334
-8.87433902693 20.9436592693
-8.76460248367 20.307779428
-8.82562049064 19.8877388484
-8.97705958924 19.26408339
-8.99452430549 18.8315813209
-9.15246981842 18.1955721243
-9.29258286998 18.4256045195
-9.21438319324 18.8585013626
-9.14981534851 19.2761140274
-8.94851780867 19.9245291663
-8.54059352937 20.267332361
-7.91613445447 20.4005078379
-7.28053311943 20.45237107
-6.83153921976 20.4546309393
-6.20125473626 20.5113303887
-5.57306909135 20.6856171337
-5.1422453297 20.8498462149
-4.69529876519 21.0120980799
-4.24577167978 21.1805027134
-3.82531487447 21.3439587122
-3.397094628 21.5974290445
-3.29559739936 22.037151794
-3.15033163177 22.4705177311
-2.72607561585 22.7384777986
-2.11628058036 22.7651377255
-1.66556641569 22.7119949824
-1.0121453627 22.6404417454
-0.580873985418 22.6339022377
-0.155054308338 22.6193593328
0.285844406866 22.6094367687
0.920009679521 22.5356122849
1.33928272545 22.4347155282
1.72817312047 22.2414715489
2.04159317059 21.8147113739
2.28784041847 21.1688654475
2.39556810777 20.5130010898
2.37690353683 20.0867245246
2.37690353683 20.0867245246
2.37690353683 20.0867245246
2.21143151195 19.6683818393
1.54004478619 19.2997548385
0.873690110489 19.3451740348
0.431989553907 19.3733723862
-0.186168057092 19.443511882
-0.612717101501 19.5304796748
-1.02917209256 19.6110978436
-1.65371116855 19.7292040169
-2.08350377419 19.7886107809
-2.50692871018 19.8485191315
-2.94474376808 19.9145344771
-3.5978115542 19.9703426638
-4.21402109434 19.946289128
-4.63397539063 19.9425638857
-5.0695154897 19.8565817012
-5.43400342508 19.4955160346
-5.54314056386 19.0599508464
-5.37904341452 18.418381156
-4.96308176633 18.0720114772
-4.54695598582 17.7433709034
-4.14446849245 17.3120851097
-3.87817724972 16.865114124
-3.76495435748 16.423597673
-3.61619000964 15.7787668265
-3.59335826736 15.3358220512
-3.63732190742 14.6930869661
-3.66184722501 14.2913553659
-3.72114040953 13.6749463179
-3.76372990686 13.2550029329
-3.81532619172 12.7999512923
-3.89338121004 12.1868944345
-3.95704110746 11.7801793819
-4.06117074666 11.1561645078
-4.08715193028 10.700342575
-3.84768974939 10.3310359743
-3.41545248977 10.2500486589
-2.98605289256 10.2670658913
-2.5566409579 10.268391484
-2.1072749443 10.2327486637
-1.49104510078 10.1750051203
-1.06082884237 10.1307459258
-0.452030392084 10.0641970702
0.192027795259 10.0396070477
0.616345802575 9.9986691653
1.04556336433 9.94243441832
1.6870672219 9.91566707016
2.1035016361 9.9001353006
2.55917290612 9.87342711369
2.95881614278 9.85759705851
3.57971802263 9.82909703643
4.01146689978 9.80752256432
4.42463119079 9.78819381633
5.03815990454 9.75450031412
5.43267584394 9.71030306878
6.00033100928 9.61073812539
6.37259345153 9.54571878922
6.75513547143 9.478292542
7.30099383121 9.36559069024
7.67343260264 9.17071417131
7.95464353955 8.76072865196
7.95221646763 8.13252697739
7.95221646763 8.13252697739
7.95221646763 8.13252697739
7.81943705902 7.51808587727
7.76112782096 7.08225833736
7.68089975448 6.45887435952
7.64069465185 6.04480054735
7.70226488091 5.40673266138
7.97233535984 4.9765099964
8.58867183396 4.60353057869
8.99719400103 4.48072513055
9.6188288769 4.36369139767
10.0590285828 4.28435237512
10.4830288637 4.22642611335
10.8989277165 4.1666794799
11.5591101803 4.10114445765
12.2088590392 3.99806614174
12.6196467231 3.91417725344
13.1197512534 3.53523397848
13.1638125743 3.11869071004
13.1978529214 2.6961691139
13.199335759 2.06547418391
13.1788876434 1.44042868784
12.8083227792 0.822984425124
12.386500452 0.643100421276
11.7655271423 0.549646561032
11.3531699646 0.495830571537
10.7077505504 0.488491644085
10.2529100097 0.478716901456
9.60183127178 0.448687436179
9.18001770468 0.431640072901
8.75885759962 0.417426294436
8.34345144994 0.409228287781
7.7112567004 0.398300827642
7.28354568671 0.377596898002
7.0386130602 0.940269879596
7.15136983103 1.36361553184
7.19791284586 1.78095875069
7.21356778452 2.41804838804
7.22537188435 2.83856813115
7.22985724659 3.26479038071
7.24544513279 3.91319506808
7.25400118205 4.34707375272
7.26582032311 4.76963187075
7.28879564784 5.4088486539
7.3164508408 5.82900250985
7.39278489648 6.47015718818
7.42162382413 6.93118730074
7.45864727378 7.37488621075
7.49138935165 7.80321994093
7.52214266938 8.44914781008
7.53411037352 8.89677437343
7.14153953018 9.34077937932
6.72133947327 9.40660996546
6.09547058826 9.47430993355
5.66534396997 9.5198201322
5.05661967069 9.5930426572
4.6373200321 9.64938614588
4.01505387023 9.70516784172
3.56396017786 9.7255758592
3.13385621187 9.74767895458
2.50020590592 9.79036044257
2.06235380513 9.81751591746
2.06235380513 9.81751591746
2.06235380513 9.81751591746
1.45391200782 9.83612596158
1.03963002682 9.84060205867
0.416994953383 9.87342633513
-0.013681692347 9.89762991899
-0.62370879935 9.93720958021
-1.00091119831 9.96924902848
-1.41837351081 9.9963423658
-1.98292997443 10.0396541468
-2.32543572686 10.0827090198
-2.59327772102 10.1010277569
-2.92098508706 10.1208644078
-3.2924919649 10.1336267415
-3.2924919649 10.1336267415
-3.2924919649 10.1336267415
-3.2924919649 10.1336267415
-3.69023687109 10.1558275541
-4.09966091835 10.1852347687
-4.22053769608 9.80356558503
-4.22989967382 9.38194475924
-4.25503162178 8.96185879532
-4.25503162178 8.96185879532
-4.25503162178 8.96185879532
-4.25503162178 8.96185879532
-4.25503162178 8.96185879532
-4.25503162178 8.96185879532
-4.29340268794 8.54747170701
-4.29340268794 8.54747170701
-4.29340268794 8.54747170701
-4.29340268794 8.54747170701
-4.29340268794 8.54747170701
-4.35065732271 7.92229276049
-4.38519253837 7.50668356542
-4.85653202128 7.28101755499
-5.30093879876 7.26636752159
-5.94674172033 7.23711814596
-6.36475362753 7.17307567065
-6.78557219158 7.10248089444
-7.41298989505 7.00553331816
-7.84786881542 6.97604426854
-8.28259314004 6.92774218473
-8.93160951768 6.87321007345
-9.27712792905 6.63395353375
-8.73126431954 6.68496159002
-8.08898695517 6.82366843034
-7.66845074118 6.88405700304
-7.04246072977 6.99044107611
-6.60417645499 7.04825858399
-5.97023976894 7.00933249571
-5.54862146894 6.77829905632
-5.21063845798 6.39435493888
-4.87788033084 5.96108821749
-4.85712776112 5.34315412451
-5.02386637536 4.88854961771
-5.31816742769 4.45668258273
-5.65985648361 4.0109320648
-5.81602172018 3.59411116334
-5.94978090855 2.97557003865
-6.13122740042 2.56153324921
-6.36463592713 2.14023068544
-6.44102304488 1.50497453664
-6.33843582925 1.29852077221
-5.90969280862 1.02611910845
-5.25366694797 1.00521686112
-4.81633769811 0.99380594054
-4.38494849263 1.00055714176
-3.9526988722 1.01227843419
-3.3349727861 0.976425134366
-2.91334672742 0.962681008378
-2.46712661594 0.942279592705
-2.02800837651 0.926403308465
-1.62925414345 0.909603289983
-1.01289089171 0.888021037585
-0.605061813213 0.860267442775
0.00512330947043 0.830667615285
0.454439462434 0.801423250851
1.13127589429 0.771064487759
1.55450319968 0.75595042487
1.98177144383 0.720624886228
2.59308607525 0.677054275649
3.03329568098 0.65319073221
3.41148371845 0.625828704473
3.81307177339 0.589888285951
4.4373173378 0.519047486569
4.84103778677 0.477321597423
5.38487955187 0.422464371798
5.78549480506 0.391755676206
6.14374323272 0.361043630001
6.76743399519 0.289646601072
7.17719128736 0.24374909504
7.57475722337 0.208105972436
7.98584134553 0.168737218019
8.57073065271 0.133070044005
9.00212676687 0.104410736237
9.61963271212 0.078568438034
10.0549516248 0.0614187204078
10.4799368389 0.0778289320462
11.0942440254 0.19793289009
11.5159539743 0.366358767706
11.9184154488 0.583171772032
12.5157061183 1.01459172275
12.8688982023 1.47920292953
13.0535818391 1.93102658637
13.1519188948 2.36659265322
13.2117128417 3.02291570371
13.1567905222 3.42985608934
12.886738478 3.83560645267
12.199574488 4.09753579226
11.757067295 4.07869175745
11.317325461 4.04563644127
10.6772139353 3.99682083324
10.2485974949 3.9561148697
9.83139468456 3.92400016879
9.19333211694 3.91306243355
8.76285910454 3.92352871471
8.32961916107 3.95598781295
7.89298513455 3.95111594251
7.48417974901 3.78029476115
7.19768155976 3.3580259843
7.17083100298 2.91833626777
7.21069583051 2.47360945303
7.21591398388 1.85147497185
7.17200865229 1.41307535569
6.8728050051 0.778751489743
6.27634555402 0.583281557162
5.86256427971 0.539590407329
5.24151119673 0.528866981297
4.811776687 0.561771492306
4.36781469728 0.624024481115
3.70017325065 0.684838350344
3.25519724105 0.717923982331
2.81454500146 0.749026361776
2.40368571024 0.78593234174
1.77921745212 0.828205454214
1.33362775516 0.858612327779
0.6603853083 0.884431202101
0.230639543308 0.904190535016
0.0643796897306 0.0841759434238
0.30359495062 0.193324865775
0.55338740672 0.276104972086
0.968933091009 0.444607655984
1.16183130008 0.50448887628
1.3450208605 0.556732982112
1.54355701751 0.601110221024
1.92427607377 0.590256083735
2.13560912959 0.579892976718
2.30751741707 0.56775662217
2.69841226871 0.536741788663
2.90647636133 0.520094796307
3.10466218729 0.496846214209
3.31242628994 0.474026722267
3.31242628994 0.474026722267
3.71497685968 0.437648118072
3.93077076607 0.414805245756
4.17441752067 0.393701211564
4.6028943855 0.348741508537
4.80078562774 0.32018185079
5.02084156129 0.300259864613
5.44160442689 0.256016087793
5.86102610296 0.207893171843
6.0786481575 0.192419705519
6.304001363 0.182238344422
6.73436803328 0.156989875646
6.97552036997 0.144149741128
7.42114218511 0.133976803606
7.64771654903 0.126364428218
8.05513966021 0.114371728809
8.25371630423 0.109726956208
8.45510344774 0.100393518972
8.88020178336 0.100386019942
9.11780866355 0.0968760437845
9.32738402092 0.104437496278
9.53724834135 0.0989881477483
9.98425023313 0.0956177673231
10.1956729933 0.0945814671973
10.4263951073 0.0919692131365
10.8552726685 0.0787619866486
11.2706352538 0.0630821102803
11.489411084 0.0612340157954
11.7172017849 0.0585575782254
12.1240413979 0.049878366823
12.3363308213 0.0431846174054
12.5662786204 0.0360825675615
12.9986184058 0.0898558350908
13.1567518533 0.236192228419
13.2193462453 0.451666738771
13.2444345628 0.869160650933
13.270839377 1.32312705507
13.2715796936 1.53013123526
13.274853768 1.95717639145
13.2747724754 2.18031169964
13.2857304023 2.60740765234
13.2915643626 2.84248551016
13.3077774891 3.2561636715
13.3132564239 3.47679096344
13.2543209582 3.90155804279
13.1202877816 4.07333951787
12.925670688 4.13002873645
12.7028161628 4.19033317562
12.4900650993 4.23053318272
12.0728667692 4.2452489508
11.8484612885 4.24755011425
11.641119818 4.25372193819
11.2213232764 4.25386443468
11.0125077238 4.25727005905
10.7752501472 4.27162275472
10.5592128599 4.28168357868
10.1182459371 4.30675880277
9.89410182777 4.31510631428
9.66714254435 4.3204377075
9.43017711927 4.3153307596
9.21641877162 4.32356864468
8.77406036385 4.34416860573
8.56536647798 4.35518959576
8.35265898626 4.3639863131
7.91568497414 4.37962605366
7.91568497414 4.37962605366
7.69260404531 4.37630000335
7.48369147683 4.64057150164
7.48244309147 4.86070647241
7.48308476514 5.09095511495
7.48976995753 5.31070375886
7.4927901787 5.54048665265
7.50545596049 5.96244816543
7.51019500256 6.18009099145
7.51655766891 6.40517175898
7.52882670647 6.62013890858
7.54501983183 6.85551819366
7.56414261717 7.08316145401
7.58112532234 7.30086242123
7.617809758 7.72324907664
7.63548364059 7.92422859715
7.65505225449 8.14031347755
7.67094749955 8.35080941105
7.68738358228 8.55900317767
7.69366991242 8.7855025601
7.71270269076 8.98971503331
7.71121747736 9.21143391488
7.62055278973 9.34166045736
7.20211722183 9.50334783607
6.97865296982 9.52650406194
6.77066499662 9.54789876955
6.54780545368 9.57202414863
6.34513487317 9.59362726334
6.13057484401 9.61846724458
5.91905357504 9.64508179937
5.70720045068 9.66961956498
5.49628536964 9.69134784554
5.26627304389 9.71037513167
5.05730567644 9.72761287416
4.65542272674 9.75209683569
4.45341104423 9.76766418771
4.23708079082 9.78242348209
4.01949755092 9.79298723553
3.80132483817 9.80857394784
3.59858999522 9.82004363584
3.38121398288 9.83205080829
3.1843802695 9.84357973486
3.1843802695 9.84357973486
2.76718755972 9.86793268333
2.54448311323 9.88501499698
2.33531941165 9.90062280824
2.11267325638 9.91414167433
1.91247803819 9.92642596953
1.69837115892 9.93937066986
1.48907274151 9.9544508544
1.25850445258 9.96898777336
1.04914859534 9.98650205136
0.840070770237 9.99946893112
0.638129872627 10.014302876
0.4327109883 10.033833373
0.220738665442 10.0507453464
0.0141452862806 10.0672131837
-0.198398528227 10.0861902381
-0.198398528227 10.0861902381
-0.395452468631 10.0966417105
-0.598137359113 10.1092189621
-0.80263373373 10.1234770587
-0.991981723851 10.1332951448
-1.17449534055 10.1504981886
-1.34558083602 10.1614730118
-1.54029997868 10.1745240094
-1.7004401174 10.1888237148
-1.86828683469 10.195764727
-2.14691050397 10.2204248608
-2.30224577785 10.2293806121
-2.47736768988 10.2382872081
-2.64666844736 10.2513653181
-3.04682923021 10.2680783705
-3.24582060247 10.275589913
-3.46657290025 10.2856986127
-3.68253553251 10.2951729139
-3.90668673505 10.3050823766
-3.90668673505 10.3050823766
-3.90668673505 10.3050823766
-4.12364350528 10.3117593048
-4.43239729142 10.2943121569
-4.43239729142 10.2943121569
-4.7649016412 9.93512212607
-4.8196314344 9.72102381457
-4.83588845267 9.51645001745
-4.8122891784 9.29409534623
-4.79095030122 9.07888718826
-4.7586872604 8.62849111775
-4.74103220959 8.42339795435
-4.72101206823 8.22659955484
-4.69948003122 8.02256874908
-4.68053052542 7.79692042361
-4.65841193913 7.58624112892
-4.63684652368 7.36998344731
-4.64848838915 7.0368213171
-4.84664143457 6.89536309339
-4.84664143457 6.89536309339
-5.24901284249 6.80200043145
-5.47260493547 6.78154611338
-5.69141879029 6.79463502878
-5.90525149042 6.82122354608
-6.12895855909 6.8395151123
-6.34720474249 6.86343929199
-6.56394566296 6.89434099156
-6.77808490165 6.92356333197
-6.99818327097 6.95521481038
-7.21657205981 6.98657624328
-7.42907422836 7.00964488691
-7.64646719781 7.02757843897
-7.85572621232 7.03314270299
-8.27039720813 7.00781384234
-8.47919046505 6.9836749968
-8.68695924336 6.96512982602
-8.89879164045 6.94618487589
-9.11789178709 6.92976137747
-9.33160041575 6.92263257897
-9.33160041575 6.92263257897
-9.5492790732 6.92642444017
-9.7877889118 6.93075079191
-9.47446011651 7.04492176504
-9.25383088465 7.00301045736
-9.03851611211 6.97094815879
-9.03851611211 6.97094815879
-8.61120033607 6.9322671846
-8.38831813247 6.92933273124
-8.16968031726 6.94334441147
-7.9441938652 6.97188879036
-7.53701671435 7.02804845114
-7.3328028817 7.05165004601
-7.13897265006 7.08560881964
-6.71663160037 7.1447541938
-6.49852090751 7.18044820329
-6.28186512533 7.21343411556
-6.07241555725 7.28732365568
-5.85740955439 7.4304774721
-5.85740955439 7.4304774721
-5.65831238232 7.62310015275
-5.47689076416 7.84773103053
-5.32791909647 8.06655442939
-5.20758146546 8.27898383332
-5.00891234679 8.72700651053
-4.92543781035 8.95167594743
-4.86854567305 9.16433705893
-4.82922057274 9.37962018083
-4.78143824182 9.82312843201
-4.76237820471 10.0369632992
-4.73768946907 10.2623464765
-4.71959993866 10.4880629444
-4.68847596105 10.8979207473
-4.6759212041 11.1274719599
-4.66060642815 11.3485066715
-4.64367579811 11.5608767624
-4.63024641368 11.7749805939
-4.61691113115 11.9812030105
-4.60003252688 12.2033067063
-4.58619721321 12.4109141197
-4.57234796088 12.6087347178
-4.54627625117 13.021846814
-4.52586036082 13.234578113
-4.50878362591 13.4457414748
-4.50878362591 13.4457414748
-4.49081810031 13.6663239818
-4.47546660305 13.8685567457
-4.4579082478 14.0893482187
-4.44315070509 14.3015092673
-4.42699864807 14.518943141
-4.40491826802 14.7280981481
-4.38573970914 14.9601425784
-4.35270016193 15.3663455074
-4.35270016193 15.3663455074
-4.33294808721 15.5923465338
-4.31138300184 15.8190662458
-4.29194432707 16.036957437
-4.27346438474 16.248683539
-4.23427568265 16.6795870844
-4.21817604846 16.8977055712
-4.19969181542 17.1222609288
-4.16784833762 17.5501559592
-4.16784833762 17.5501559592
-4.131139926 17.9722040001
-4.11789267541 18.1814706204
-4.10027839418 18.3973649101
-4.07935654274 18.6323797404
-4.0596026652 18.8564554804
-4.04188299749 19.0738064872
-4.02449935778 19.3005185298
-4.01846899235 19.5334243555
-4.00545082742 19.7498904935
-3.99298746527 19.9748593846
-3.9762956501 20.199024345
-3.95577530063 20.6310360561
-3.94794379286 20.846947196
-3.93932086102 21.0528362801
-3.92599254152 21.2573947398
-3.91476734707 21.4579560479
-3.89864802043 21.6675700876
-3.87151731057 22.0849027744
-3.8530243395 22.2901594492
-3.7923331983 22.5009912939
-3.60010558717 22.6689949926
-3.40195954676 22.7557369239
-3.19766678096 22.796463464
-2.98457400933 22.8007752526
-2.76080414408 22.7953912727
-2.54148658101 22.7888743824
-2.32538031367 22.7804200491
-2.09168781663 22.7710337679
-1.88272493261 22.7647290316
-1.67735956216 22.7495332431
-1.44018229549 22.7204161016
-1.20384414141 22.7010653339
-0.972164709138 22.6852249946
-0.766276837785 22.6705741334
-0.766276837785 22.6705741334
-0.766276837785 22.6705741334
-0.536814849158 22.6483415283
-0.117460316238 22.6113597119
0.0782027460076 22.595443036
0.291233157081 22.5777346295
0.502998946004 22.5594874468
0.714806024666 22.5438373664
0.933224672898 22.5306613205
1.14367738576 22.5138068372
1.33952961952 22.5009034328
1.54334849978 22.4813268006
1.96163968625 22.447831851
2.13974700418 22.3866393705
2.31996822521 22.1836307359
2.41371079655 21.9702385733
2.43322751504 21.7754641134
2.44739049078 21.5587175703
2.45888116387 21.3467959963
2.46190561453 20.9333352816
2.46190561453 20.9333352816
2.45720935051 20.7219156188
2.45720935051 20.7219156188
2.43353873274 20.2963157868
2.43353873274 20.2963157868
2.43353873274 20.2963157868
2.43353873274 20.2963157868
2.42084778435 20.0677892093
2.41119587904 19.8467357821
2.3391741017 19.6205076993
2.1748753743 19.3953210802
2.1748753743 19.3953210802
1.96291959695 19.2469866581
1.76781264066 19.171003512
1.54978057403 19.1389164386
1.31631240671 19.1156189334
1.08682740215 19.1188408122
0.869228981856 19.1241480238
0.444455295353 19.1329395133
0.444455295353 19.1329395133
0.223009156931 19.1333913219
0.0124433303633 19.1336915151
-0.40204015651 19.1699250876
-0.618655715528 19.1865738874
-0.827651140037 19.2067190751
-1.04937560943 19.2298109836
-1.25648849868 19.2500804052
-1.89377902108 19.3110087255
-1.89377902108 19.3110087255
-2.10597262613 19.3306580708
-2.33212740985 19.3491324717
-2.53142385929 19.3696441903
-2.75681670054 19.3871814297
-2.75681670054 19.3871814297
-2.75681670054 19.3871814297
-2.75681670054 19.3871814297
-2.75681670054 19.3871814297
-3.16987113827 19.4193228174
-3.376567716 19.4391700128
-3.57493447057 19.4563244781
-4.00485807204 19.4990653092
-4.21655671542 19.5225800253
-4.4115813817 19.5467419529
-4.62190467597 19.5800273934
-4.8395390801 19.6199762262
-4.8395390801 19.6199762262
-4.8395390801 19.6199762262
-4.8395390801 19.6199762262
-4.8395390801 19.6199762262
-4.8395390801 19.6199762262
-4.8395390801 19.6199762262
-4.8395390801 19.6199762262
-4.8395390801 19.6199762262
-4.8395390801 19.6199762262
-4.8395390801 19.6199762262
-5.26238309755 19.6906174054
-5.47322744152 19.7278197535
-5.6865476357 19.7425000178
-5.908255799 19.7473292018
-6.13916507136 19.7811533673
-6.35469067652 19.8575377999
-6.58199925831 19.9956208912
-6.79553293216 20.1284785217
-7.02321246588 20.2592343269
-7.2483935393 20.3970900278
-7.65847118118 20.5844788105
-7.88358659438 20.6681502757
-8.08599705023 20.7273876257
-8.28515816293 20.7813299781
-8.49904302047 20.8470847166
-8.71327157813 20.9001530148
-8.9407407791 20.9484581162
-9.16819213089 21.063706685
-9.36264310337 21.2526871613
-9.4613787515 21.4498054181
-9.6115878675 21.8822797443
-9.70156114334 22.104366301
-9.78836644917 22.3153678164
-9.88456006328 22.5397299854
-10.0160511736 22.9651633722
-10.0594727133 23.1862237455
-10.0594727133 23.1862237455
-10.1070628516 23.4113316704
-10.1474838804 23.6342241531
-10.2092476432 24.056716993
-10.23403968 24.266653933
-10.2458966625 24.4709294096
-10.2512188745 24.6838774411
-10.248896575 25.1072873265
-10.2276793031 25.3246624509
-10.2035322812 25.5467381041
-10.1883471563 25.7746414327
-10.1817461774 25.990330221
-10.1765717757 26.1938351383
-10.1765717757 26.1938351383
-10.1765717757 26.1938351383
-10.1765717757 26.1938351383
-10.1765717757 26.1938351383
-10.1765717757 26.1938351383
-10.1765717757 26.1938351383
-10.2108009725 26.4006442248
-10.3361505333 26.5798754406
-10.5629578086 26.6964251845
-10.5629578086 26.6964251845
-10.5629578086 26.6964251845
-10.5629578086 26.6964251845
-10.8754777744 26.7351925724
-10.8754777744 26.7351925724
-11.0272582852 26.6084550697
-11.1312374847 26.1826446345
-11.1520600239 25.9763251071
-11.16930898 25.7535049917
-11.1800764153 25.5301136239
-11.236562559 25.1049275063
-11.276518692 24.6471015291
-11.3037159541 24.4073907693
-11.3352541692 23.9755197768
-11.3473566262 23.7576630087
-11.372744099 23.3511121061
-11.4256402881 23.2360267019
-11.6320279355 23.0675928614
-12.0502540575 22.9449206651
-12.252545768 22.9218342265
-12.6689048241 22.8712440626
-12.8924286134 22.8460186276
-13.3159683326 22.8081107303
-13.5366996965 22.7887229205
-13.970094714 22.7443651557
-14.1705749281 22.6772026347
-14.3408360049 22.4703803765
-14.4192903648 22.2541140454
-14.5377783839 21.811180769
-14.5668534083 21.6001927821
-14.6017620929 21.1755688893
-14.6229801513 20.9678515812
-14.6756656721 20.5513803323
-14.6960920941 20.3489315032
-14.7202924602 20.123204807
-14.7668224017 19.7098935949
-14.78297586 19.5025941307
-14.8131834785 19.272964506
-14.8396169403 19.0356335182
-14.8786153033 18.8167505541
-15.2072742652 18.5002922085
-15.433377563 18.4964602883
-15.6531419856 18.5002247801
-16.0762850148 18.5143777226
-16.3029877559 18.5339819006
-16.7578405451 18.5675162452
-16.9711118651 18.5829909656
-17.1733359459 18.5952031272
-17.6113109783 18.6285284423
-17.8247344243 18.6906908415
-18.0576657029 18.8131535797
-18.2596519251 19.0219204566
-18.3979518287 19.4334003208
-18.3659321515 19.6438349153
-18.3299658676 20.0575731905
-18.3102109492 20.2750139111
-18.2521225359 20.7061201096
-18.2179366644 20.9299851716
-18.1700382457 21.3660384977
-18.1700382457 21.3660384977
-18.1454687686 21.5730875888
-18.0916789182 21.9820478759
-18.062832413 22.1943399571
-18.0139090489 22.6308099039
-17.992568803 22.8510778964
-17.9051793566 23.1902936811
-17.5293476147 23.3156875526
-17.0980408129 23.3035480717
-16.8813995685 23.2925655003
-16.4290193048 23.2526830475
-15.9943257195 23.2070409397
-15.5681734443 23.1634590257
-15.3617535376 23.1401146793
-15.1344794655 23.1165105775
-14.6869898159 23.0699870346
-14.2448255636 23.0291513664
-14.0280854882 23.0111263645
-13.5914541228 22.9760485157
-13.1697941236 22.9550164812
-12.7562264206 22.9254279104
-12.3295223395 22.8918077905
-11.8937251314 22.860968973
-11.4702070212 22.8301245571
-11.4702070212 22.8301245571
-11.0359497869 22.8053772833
