0.264367
0.300515
0.459165
0.548302
0.621591
0.683717
0.678808
0.684270
0.906265
1.137341
1.514431
1.687160
1.956123
2.423378
2.548302
2.312165
1.666584
1.693871
2.260188
2.435083
2.339918
2.596109
2.731058
2.941301
3.239222
3.677714
3.921601
4.118899
4.167776
4.196925
4.198709
4.435026
4.570240
4.897086
4.932539
5.296921
5.493527
5.950535
6.124785
6.279719
6.734459
7.105465
7.718836
8.139307
8.524789
8.663665
8.865405
9.198024
9.324830
9.494637
9.354961
9.237876
8.987142
8.576005
8.304062
7.838314
7.454542
7.292782
7.119466
6.746090
6.309015
5.828692
5.459914
4.746184
4.017253
3.355655
2.445246
2.045924
1.490735
1.140853
1.020400
1.418226
1.862250
2.328461
2.844761
3.113419
3.472364
4.063127
4.287873
4.194210
3.754067
3.245482
3.690949
3.802071
3.712286
2.856385
2.455688
1.906363
1.406932
0.891996
0.409213
0.622282
1.075285
1.559237
2.163413
2.870327
3.447565
4.019161
4.763570
5.110446
5.617421
5.960808
6.221291
6.455588
6.924975
7.232392
7.582737
8.189342
8.719970
9.078731
9.490832
9.548077
9.714019
9.979163
10.238785
9.957125
9.932108
9.790604
9.672049
9.531023
9.534510
8.680143
8.311615
7.850029
7.504845
7.036049
6.709442
6.436878
5.976436
5.654112
5.341466
4.583120
4.022041
3.380064
3.027903
2.413147
2.062187
1.651233
0.978876
0.776362
0.939239
1.322526
1.909569
2.484611
3.211141
3.757066
4.659640
6.008588
6.850454
7.486176
7.703528
8.083533
8.416797
8.223618
7.991058
7.723737
7.492863
7.146626
6.776831
6.292628
5.860514
5.498483
5.115595
4.885101
4.841132
4.720956
4.647338
4.939315
5.302196
5.692225
6.129827
6.370965
6.594352
6.880085
7.258855
7.606340
8.019791
8.652235
9.047832
9.895606
10.101340
10.399571
10.905023
11.501168
11.137749
11.260952
11.059257
10.539082
10.312286
9.777349
9.323291
8.780515
8.308600
7.810902
7.373147
7.082341
6.948844
7.472642
8.034824
8.693464
9.006383
9.497362
10.440124
10.749751
10.726734
10.155649
8.892105
8.119354
7.469275
6.730287
6.309712
6.388725
6.821709
7.123381
7.374226
7.668677
8.077357
8.109595
8.252415
8.537245
8.523878
8.344117
8.291221
8.506077
8.702136
9.055178
9.764842
10.270679
11.095375
10.594505
10.030517
9.678059
9.372144
8.812744
8.368256
8.018371
7.603220
7.135335
6.573208
6.185143
5.732130
5.278391
4.966757
5.004700
5.029118
4.951983
4.987409
6.063045
7.404396
8.628081
10.103443
11.196541
11.555986
10.919731
10.463773
9.739961
9.534592
9.271744
8.518496
8.153157
7.317648
6.950880
6.565761
5.989521
5.779847
5.996792
6.528264
7.096672
7.702458
8.600469
9.232634
10.630582
11.695487
12.659163
11.669638
11.348996
11.455799
11.181565
11.172023
10.637890
9.534363
8.594819
7.792154
7.113694
6.258404
5.623904
5.376281
5.320879
5.449584
6.103701
7.107618
8.019865
9.253588
9.877331
11.083353
11.910881
12.237201
12.303983
11.382609
10.138043
8.344423
7.129806
6.401135
5.611190
5.605377
5.562266
5.483218
5.626435
5.847808
6.172394
6.766001
7.412971
7.870612
8.602836
8.985052
9.394938
10.078479
10.877897
11.617525
12.061192
12.926475
13.526347
12.923784
13.002019
14.076995
14.921054
15.095656
14.779848
13.868956
12.807486
11.657109
10.872066
10.288248
10.252288
10.228156
10.197771
11.083834
11.794639
12.733350
13.441165
14.432860
15.454897
15.087641
14.283438
13.364368
12.724594
11.858930
10.576401
8.964004
7.818079
7.634186
8.288670
9.033081
9.345462
9.582840
10.057172
10.557556
11.002477
11.533922
12.452644
13.795127
14.957445
16.136990
16.298519
16.988002
17.537191
18.197897
18.189637
18.106293
18.478238
19.087468
19.477576
20.194107
20.612911
20.720049
15.637523
5.598992
1.595153
0.815518
0.854418
1.490103
2.359225
2.831464
3.330620
3.783325
4.566775
4.773544
4.613715
4.443581
4.297802
4.618932
4.767689
4.952152
5.136946
5.297214
5.428346
5.364279
5.227018
4.936547
4.864760
4.857005
4.769958
4.683955
4.492480
4.297353
4.262648
4.202243
4.598950
4.893058
5.230347
5.731667
6.171374
6.610564
7.054154
7.098745
7.112675
6.899073
6.682228
6.839355
7.070901
7.158567
7.353536
7.587224
7.793138
8.056479
8.272692
7.760273
7.095442
6.657267
6.277791
5.826150
5.464701
4.502487
3.735419
3.314741
3.017157
2.422574
1.775563
1.321855
0.855438
0.761584
0.655835
0.971983
1.435877
1.793526
1.968079
2.060609
2.353877
2.407745
2.622409
2.819283
2.839794
2.789629
3.013002
3.040952
2.959300
2.585890
2.409612
2.617140
2.769434
2.656646
3.009513
3.670378
4.558332
4.677536
4.741428
5.285565
5.855217
6.303249
6.596811
7.044985
7.500308
7.920738
8.206879
8.249371
7.903764
7.777031
7.997539
7.917536
7.743300
7.766523
8.017777
8.567261
8.600646
8.754135
8.781413
8.860643
9.699554
10.282462
10.953149
11.335047
11.587122
11.623595
11.589497
11.637604
11.717855
11.718349
11.798224
11.876664
12.013080
11.198647
10.343226
9.968459
9.146341
8.277757
7.571805
6.636587
6.054824
5.912370
5.351778
4.779965
4.556104
4.316043
4.033000
4.416928
4.671307
4.529443
4.365273
4.503881
4.696367
4.776959
4.616674
4.787665
4.738379
4.451688
4.578841
4.582512
4.681478
4.738053
4.476678
4.334178
4.230649
3.976996
3.804832
4.096415
3.991018
4.243967
4.371059
5.136842
5.641111
6.237043
6.769932
7.127833
7.460617
7.629812
7.599536
7.554519
7.446589
7.069289
6.755504
6.963962
6.930565
7.055155
7.428372
7.373950
7.406704
7.420385
7.741044
7.910414
8.681857
9.970927
