280
420
450
530
570
630
710
800
900
1000
1110
1080
1080
1080
1130
1080
1080
1110
1120
1120
1110
1080
1080
1080
1210
880
890
1600
1720
1720
1730
1320
1090
1090
1080
1080
1070
1080
1080
1350
1720
1460
1120
1140
1120
1120
1110
1120
1130
1090
1090
1090
1080
1080
1100
1130
1670
1680
1330
1080
1090
1070
1110
1110
1100
1080
1120
1130
1340
1180
1080
1080
1080
1090
1100
1120
1090
1080
1090
1100
1120
1090
1090
1080
1090
1120
1130
1110
1110
1120
1140
1120
1110
1120
1130
1120
1120
1120
1080
1100
1110
1120
1120
1120
1110
1090
1280
1490
1620
1690
1700
1700
1690
1690
1700
1580
1240
1720
1730
1270
1090
1080
1090
1080
1100
1080
1120
1080
1090
1080
1170
1700
1700
1700
1330
1070
1090
1090
1080
1070
1350
1720
1400
1120
1110
1130
1080
1070
1100
1080
1080
1410
1700
1690
1690
1690
1700
1560
1700
1710
1660
1100
1090
1120
1090
1140
1120
1120
1120
1080
1110
1090
1090
1080
1080
1130
1110
1110
1110
1100
1090
1070
1110
1320
1400
1640
1700
1700
1700
1700
1180
1210
1700
1690
1700
1700
1700
1700
1700
1700
1380
1080
1090
1080
1070
1080
1080
1080
1090
1090
1090
1080
1090
1080
1090
1080
1120
1130
1080
1090
1080
1080
1090
1120
1590
1700
1700
1700
1700
1700
1710
1700
1700
1700
1430
1070
1110
1080
1070
1090
1100
1080
1090
1080
1090
1070
1080
1100
1090
1080
1080
1080
1100
1430
1120
1120
1160
1700
1650
1110
1090
1080
1080
1080
1100
1080
1090
1080
1090
1080
1080
1090
1070
1080
1100
1070
1090
1070
1080
1110
1130
1080
1090
1080
1090
1080
1090
1080
1090
1090
1100
1120
1110
1120
1120
1120
1110
1160
1110
1090
1350
1070
1370
1700
1690
1680
1070
1080
1080
1080
1090
1080
1080
1430
1130
1080
1120
1080
1080
1080
1090
1080
1070
1100
1080
1070
1100
1080
1080
1100
1080
1070
1100
1080
1090
1100
1080
1080
1130
1090
1110
1070
1080
1100
1110
1120
1110
1090
1080
1090
1100
1110
1090
1570
1390
1120
1110
1090
1120
1120
1120
1080
1070
1090
1080
1080
1100
1090
1510
1120
1230
1470
1110
1120
1080
1090
1080
1130
1120
1100
1080
1080
1360
1380
1080
1090
1080
1070
1100
1080
1070
1070
1070
1080
1090
1110
1230
1420
1630
1380
1660
1120
1080
1070
1080
1080
1070
1080
1070
1080
1110
1100
1080
1070
1330
1360
1090
1430
1090
1110
1120
1100
1120
1110
1120
1200
1710
1700
1430
1280
1270
1500
1110
1100
1100
1070
1120
1150
1630
1620
1300
1080
1140
1110
1100
1080
1710
1200
1090
1240
1250
1350
1670
1090
1360
1710
1710
1400
1080
1090
1090
1080
1080
1080
1090
1110
1090
1270
1250
1070
1090
1080
1080
1090
1080
1090
1090
1090
1070
1080
1120
1080
1190
1110
1080
1100
1080
1090
1080
1080
1340
1720
940
1080
1080
1100
1080
1080
1070
1110
1480
1100
1090
1080
1070
1090
1090
1080
1090
1080
1090
1090
1090
1080
1090
1080
1090
1090
1080
1090
1090
1080
1090
1090
1090
1090
1080
1090
1100
1080
1110
1080
1400
1720
1720
1340
1080
1080
1080
1090
1120
1100
1070
1500
1070
1110
1070
1100
1350
1080
1130
1100
1080
1370
1370
1110
1110
1100
1110
1110
1110
