120
130
130
130
140
130
130
130
130
130
140
140
130
130
140
130
130
140
130
130
140
130
210
200
200
210
200
210
200
270
280
270
270
270
270
270
270
270
260
270
270
270
270
260
260
270
270
280
270
270
270
270
270
280
270
270
240
240
180
200
350
340
340
340
340
340
340
340
340
410
490
480
480
300
300
300
310
300
310
300
310
300
300
300
350
400
400
450
460
450
470
460
460
460
500
500
490
490
490
490
490
530
540
590
580
590
580
580
640
640
650
640
640
650
640
700
690
700
690
700
690
850
980
850
690
690
700
690
690
690
700
700
690
690
690
700
690
700
700
710
730
710
690
700
690
690
690
690
690
700
720
730
1010
1110
1100
860
730
720
720
720
710
690
700
690
700
750
750
750
750
750
750
750
760
760
780
790
770
1070
1190
1190
1190
1180
1190
1180
1190
1180
1180
1260
1260
1260
1270
1270
1260
1270
1250
1250
1160
830
820
820
810
800
790
800
800
1250
1270
950
800
790
800
800
800
800
850
860
850
860
860
850
860
850
870
850
860
860
860
850
860
860
860
850
910
960
960
960
960
960
960
960
960
970
960
960
960
970
960
960
960
1020
1030
1020
1020
1030
1020
1030
1020
1020
1090
1080
1090
1090
1140
1150
1150
1210
1210
1210
1210
1210
1250
1210
1220
1210
1210
1210
1210
1210
1300
1750
1200
1200
1660
1220
1220
1240
1230
1070
1500
1190
1200
1190
1210
1210
1210
1210
1200
1210
1200
1210
1210
1070
730
770
1000
1250
1730
1260
1220
1210
1270
1270
1340
1340
1350
1400
1410
1410
1410
1420
1410
1430
1400
1660
2230
2240
2230
2230
2230
1660
1590
2230
2240
2240
2240
2230
2230
1410
1780
2240
2000
1420
1230
1420
1430
1870
1440
1420
1420
1410
1450
1410
1420
1480
1410
1450
1520
2250
1480
1400
1400
1400
1390
1400
1430
1390
1410
1410
1450
1460
1400
1400
1470
2330
1740
1520
1480
1490
1480
1630
1530
1850
2220
1540
1540
1550
1620
1730
1620
1650
1660
1630
1620
1620
1670
1720
1670
1640
1620
1650
1640
1650
1640
1640
1660
1670
1670
1730
1720
1780
1720
1710
1700
1720
1780
1840
1780
1790
2480
2960
2960
2970
2970
2970
2970
2970
2980
2970
2740
1970
2280
2340
1980
1980
2000
1990
1990
1990
1990
2000
2000
2010
2000
2000
2010
2010
2020
2050
2890
3050
2490
2050
2050
2080
2040
2070
2120
2130
2130
2190
2160
2170
2170
2190
2190
2190
2210
2220
2340
2300
2320
2350
2300
2310
2370
2360
2300
2300
2300
2300
2370
2350
2370
2380
2380
2370
2480
2480
2490
2470
2480
2480
2480
2480
2480
2480
2550
2520
2510
2490
2740
2620
2510
2540
2530
3430
2720
2540
2550
2560
2560
2560
2560
2570
2560
2580
2570
2570
2570
2570
2570
2570
2590
2560
2570
2560
3000
3020
2720
2790
2820
2760
2830
2840
3190
2790
2570
3710
3440
2840
2850
2840
3270
2980
2980
4010
4400
4060
3230
3170
4360
4040
3140
3150
3200
3210
3310
3430
3380
3400
3440
