2.014434 2.041199
2.038470 2.056210
2.074346 2.085792
2.084468 2.153078
2.115878 2.249589
2.174350 2.392508
2.204775 2.519267
2.172731 2.608898
2.200777 2.759070
2.199154 2.843633
2.129401 2.989468
2.170561 3.035767
2.263969 3.204920
2.369828 3.299275
2.387382 3.260202
2.380088 3.217598
2.509410 3.313420
2.772714 3.590154
2.918782 3.788738
3.164254 4.009038
3.293934 4.144833
3.534372 4.252407
3.771607 4.497246
3.875001 4.542878
4.016031 4.692507
4.180739 4.838609
4.362883 4.994059
4.562080 5.176353
4.701767 5.269157
4.706492 5.208257
4.807249 5.247757
4.775643 5.186261
4.667102 5.087480
4.572500 4.983715
4.523473 4.769640
4.259269 4.679916
4.103716 4.505973
4.085404 4.300792
3.986101 4.079102
3.954518 4.146327
3.935456 4.194686
3.860624 4.195780
3.864156 4.299126
3.944914 4.414812
4.019771 4.336502
4.020067 4.281657
4.002000 4.132825
3.944102 4.077150
3.891549 3.935070
3.860358 3.798879
4.349763 4.117741
4.896021 4.547149
5.469542 5.020968
5.849874 5.492022
6.154272 5.756587
6.402777 5.921508
6.509271 5.973541
6.635527 5.977426
6.617620 5.931875
6.481155 5.867575
6.383720 5.822032
6.196868 5.765610
6.108000 5.618884
5.960222 5.561533
5.766457 5.327011
5.426011 5.053042
5.129626 4.960934
4.939144 4.748270
4.735118 4.486010
4.513168 4.097446
4.039551 3.849226
3.765157 3.720111
3.553891 3.701436
3.400558 3.591920
3.281061 3.468749
3.360691 3.594416
3.433748 3.685773
3.422369 3.770395
3.627840 3.927585
3.756900 4.039645
3.841646 4.240312
4.158444 4.679480
4.771205 5.242752
5.231827 5.798460
5.689527 6.282646
5.893537 6.609463
6.068981 6.876133
6.125520 6.961148
6.142324 6.992269
6.229810 7.066902
6.342356 7.130115
6.530014 7.265255
6.701521 7.419949
6.891524 7.596249
7.156018 7.811882
7.347103 7.991310
7.571411 8.142920
7.633367 8.189711
7.742613 8.262724
7.790825 8.275751
7.783197 8.318332
7.725548 8.331301
7.739439 8.270490
7.740021 8.112896
7.578520 7.942991
7.497974 7.690580
7.578132 7.698938
7.745545 7.799556
7.897629 7.857891
7.996052 7.911783
7.810302 7.876228
7.535871 7.570942
7.175794 7.341895
6.752690 7.011907
6.512119 6.645311
6.193201 6.260824
6.377194 6.472171
6.889082 6.707496
7.201539 7.083132
7.381558 7.215487
7.534712 7.392889
7.546577 7.408158
7.356828 7.145992
7.321763 7.111474
7.391651 7.207289
7.747218 7.421549
7.928345 7.744150
8.016540 7.848509
8.083446 7.732380
7.950401 7.569989
7.889753 7.483921
7.848883 7.363092
7.748957 7.369694
7.624225 7.358480
7.582799 7.395609
7.722278 7.581266
7.974952 7.909840
8.314946 8.271028
8.636594 8.777878
9.103886 9.369309
9.479072 9.727770
9.853244 10.037606
10.197105 10.367281
10.415740 10.797702
10.771163 11.075125
10.964051 11.245130
11.171431 11.423187
11.429353 11.691701
11.698639 11.818570
12.117842 11.881498
12.264011 12.014793
12.377905 12.223709
12.705282 12.526209
12.701177 12.890815
12.839335 13.199000
12.824130 13.362975
12.664103 13.407641
12.628052 13.461222
12.508620 13.476549
12.440734 13.537717
12.323394 13.557627
12.306764 13.673661
12.352387 13.769202
12.382080 13.862329
12.428626 13.968997
12.479480 14.055846
12.535941 14.223671
12.590673 14.298995
12.572772 14.300443
12.656531 14.414790
12.729772 14.563762
12.793051 14.587254
12.892302 14.697858
12.923213 14.624959
12.831999 14.472288
12.854391 14.523601
12.943532 14.467866
12.989773 14.530365
12.974025 14.530866
13.059430 14.379204
13.066956 14.425073
13.040572 14.205721
13.041178 14.173715
12.942619 14.169128
12.925923 14.074815
13.041211 14.161611
13.170536 14.249366
13.398830 14.385023
13.536426 14.508236
13.651646 14.439459
13.763456 14.228202
13.619138 14.069770
13.726076 14.065062
13.822243 14.074395
13.928660 14.101084
14.133320 14.280792
14.308101 14.399530
14.592340 14.721001
15.200841 15.075395
15.668064 15.394313
16.212229 15.932121
16.878205 16.462991
17.409796 16.810651
17.727761 17.397396
18.058826 17.534557
18.258098 17.889927
18.399244 18.096153
18.458986 18.103396
18.506611 18.119090
18.547170 18.137137
18.585950 18.153626
18.620418 18.189174
18.649091 18.193904
18.834284 18.459260
18.857711 18.476657
18.897925 18.504662
18.944532 18.509655
18.994443 18.527930
19.083280 18.590171
19.156877 18.624960
19.230288 18.508244
19.184367 18.396362
19.217311 18.287845
19.170123 18.231219
19.076461 18.227834
18.999816 18.213100
18.533361 18.198792
18.423342 18.107851
18.315944 17.935387
18.152777 17.849542
18.315403 17.954438
18.572776 18.082292
18.928631 18.394936
19.084912 18.698941
19.219922 18.779782
19.195705 18.828573
19.143234 18.842742
18.910798 18.677544
18.717253 18.631984
18.665854 18.654605
18.431197 18.499968
18.478779 18.536356
18.520006 18.565778
18.541243 18.745469
18.863620 19.026811
18.934178 19.024815
19.085607 19.114567
19.327295 19.116808
19.437623 19.313960
19.678535 19.514824
19.960039 19.537084
20.053804 19.678136
20.101636 19.688684
20.110067 19.685176
20.062663 19.664570
19.967977 19.659091
19.961613 19.656068
19.970531 19.665417
20.000885 19.733866
20.021316 19.742672
20.011484 19.723091
19.800213 19.591007
19.665092 19.545122
19.570584 19.560229
19.548939 19.582751
19.525309 19.349248
19.451979 19.240686
19.406247 19.174073
19.240105 18.988278
19.269558 18.921246
19.333241 18.991234
19.406450 19.075044
19.472621 19.165281
19.431062 19.097630
19.408455 19.156412
19.579554 19.368489
19.860292 19.663678
19.758988 19.789671
19.818197 19.554663
19.606916 19.565277
19.563707 19.446797
19.229297 19.145091
18.591935 19.047906
18.017021 18.805684
18.027402 18.808318
17.708350 18.758771
17.730788 18.816494
17.779599 18.893516
18.009564 19.020303
18.246579 19.144823
18.483669 19.313963
18.599220 19.390026
18.774795 19.532130
18.922024 19.700371
19.096425 19.871519
19.358550 20.261819
19.389086 20.295159
19.387822 20.317173
19.427010 20.381527
19.424950 20.461957
19.380704 20.516719
19.173120 20.401428
19.098317 20.235984
18.897357 20.236697
18.576182 20.248854
18.330438 20.240403
18.234869 20.270387
18.066458 20.271930
18.087941 20.104925
18.138884 20.029235
17.867338 19.996682
17.709953 19.852306
17.540171 19.829388
17.367862 19.753575
17.284879 19.609426
17.239053 19.384343
17.320015 19.506236
17.516534 19.209503
17.744607 19.273133
17.776069 19.207097
17.853422 19.253437
18.019559 19.252602
18.040654 19.306801
18.276682 19.425130
17.128938 19.055838
16.069925 18.657549
15.547414 18.237767
15.249934 17.870797
14.588344 17.084217
14.002527 16.923835
13.655031 16.857516
13.555859 16.607368
13.413577 16.640213
13.158383 16.650192
13.210848 16.514391
13.304222 16.538707
13.483591 16.627850
13.725471 16.663185
14.140875 16.761275
14.429387 17.166878
14.840335 17.345935
15.132260 17.396214
15.280206 17.593474
15.294189 17.588738
15.363517 17.576173
15.501329 17.700791
15.663841 17.765201
15.929020 18.007036
16.029102 18.021944
16.183709 18.265440
16.268147 18.269132
16.354703 18.286006
16.453587 18.413675
17.000692 18.718329
17.188275 18.718081
17.339853 18.758039
17.298622 18.553193
17.232798 18.374107
17.088342 17.865396
16.769598 17.188475
16.358127 16.453931
15.510241 15.132919
15.024503 14.048240
14.221123 13.368251
13.575467 12.435289
12.765027 11.609389
12.214108 11.173756
11.813531 10.598737
11.363883 9.874534
10.383964 9.499767
9.735119 8.799910
9.046699 7.798967
7.798563 7.071983
6.927213 6.433678
6.127533 6.154727
6.078669 6.160693
6.552254 6.682006
7.635999 7.617624
8.254777 7.998300
9.315734 8.814479
10.799918 9.917915
12.190117 11.340660
13.779526 12.697557
14.829497 13.852148
15.558270 14.703733
15.875035 15.041134
15.804959 14.860222
15.482569 14.437186
15.240583 14.320933
14.764786 13.874086
14.324110 13.328475
13.729354 12.587956
12.711107 11.695873
11.410294 10.558556
9.934469 9.134795
8.378892 7.847156
7.388436 6.910215
6.404927 6.381068
5.883553 5.662888
5.393885 5.461778
4.720176 4.943209
4.490789 4.897690
4.191790 4.667095
4.016758 4.450857
4.038900 4.591035
4.012318 4.611854
3.565475 4.204655
3.390545 4.052443
3.049261 3.326593
3.052277 3.237004
3.069444 3.308878
3.186168 3.410498
3.268055 3.516838
3.492655 3.778987
3.821763 4.152745
4.170731 4.431536
4.689368 4.861879
5.350797 5.408803
5.918794 6.004741
6.346430 6.402695
6.633869 6.776859
7.009457 7.120743
7.211645 7.312678
7.265856 7.454793
7.394211 7.602808
7.570640 7.724328
7.696997 7.717006
7.875113 7.836442
8.220815 7.979103
8.468444 8.148029
8.577278 8.315183
8.797436 8.479023
9.023351 8.710067
9.317903 8.978410
9.639064 9.251976
9.821078 9.477667
10.054403 9.788981
10.305598 10.038659
10.542146 10.224633
10.674192 10.302067
10.711084 10.435006
10.858026 10.602329
10.895421 10.712185
10.970924 10.717154
10.930540 10.791066
10.941738 10.828690
10.850686 10.837990
10.690611 10.802483
10.792006 10.832784
10.809676 10.901008
10.706628 10.723057
10.679688 10.622563
10.789392 10.637583
10.957968 10.644649
10.992093 10.607230
11.281032 10.649860
11.447872 10.600681
11.561159 10.631588
11.744720 10.650343
12.035495 10.650247
11.881197 10.838163
11.977419 10.979068
11.818474 11.096180
11.785854 11.282141
11.453881 11.518248
11.308895 11.698698
10.722081 11.833046
10.542246 12.041066
10.193016 12.143179
9.914506 12.223070
9.880076 12.341293
9.753411 12.366343
9.617534 12.530382
9.728230 12.819702
9.862258 12.647480
9.569836 12.233695
9.615943 11.958908
9.875149 11.450240
10.247955 11.158747
10.720505 10.850196
11.280944 10.545134
11.621100 10.252425
12.060097 9.716819
12.336127 9.359981
12.736373 9.005070
12.959685 8.695616
13.153378 8.222228
13.165532 7.971234
13.233397 7.554937
13.129906 7.342050
12.913662 7.205075
12.633047 7.028290
12.177831 6.641032
11.798646 6.670217
11.254805 6.440866
10.647411 5.963493
10.293529 5.884320
10.411555 5.977483
11.148980 6.574954
11.774286 6.855992
12.319438 7.004676
13.078181 7.543423
13.477674 7.820678
13.761832 7.922051
13.801402 7.923626
13.944691 8.046733
13.936156 8.055864
14.007996 8.103204
14.059010 8.233004
14.107356 8.293438
14.224575 8.426169
14.362581 8.618756
14.426119 8.754699
14.332678 8.891812
14.196133 8.816576
14.093550 8.791709
14.014837 8.845679
13.968361 8.898354
13.942479 8.939026
13.760121 8.944198
13.686373 8.835637
13.524022 8.810769
13.439551 8.670219
13.173116 8.287785
12.683969 8.064946
12.210334 7.738207
11.451999 7.318393
11.123715 7.019848
11.441416 7.046320
12.307860 7.293054
13.103349 8.006839
13.366994 8.425069
13.639540 8.735508
13.616272 8.768833
13.390485 8.379134
13.400546 8.308630
13.320235 7.949836
13.330974 7.796989
13.308254 7.646709
13.259407 7.384369
13.320754 7.320556
13.352270 7.277217
13.287419 6.995778
13.409797 7.046481
13.477725 6.914942
13.281792 6.785476
13.012094 6.469695
12.708102 6.451279
12.342629 6.101083
12.034099 5.933017
11.494822 5.631509
10.945248 5.440451
10.647602 5.104923
10.225795 5.265929
9.959630 5.450479
9.878242 5.682609
10.086142 5.933558
10.094507 6.234615
10.176108 6.515144
10.392792 6.984842
10.816932 7.521368
