2.014434 2.041199
2.038470 2.056210
2.074346 2.085792
2.084468 2.153078
2.115878 2.249589
2.174350 2.392508
2.192428 2.508155
2.129226 2.517167
2.143798 2.618110
2.161216 2.660645
2.184750 2.816546
2.251755 2.954322
2.348599 3.108414
2.406871 3.215093
2.446185 3.205434
2.590235 3.269986
2.870388 3.395040
3.229229 3.817347
3.433362 4.153818
3.623634 4.412186
3.747004 4.545203
3.834154 4.727042
4.035808 4.891314
4.130882 4.931190
4.253145 5.033113
4.349447 5.147100
4.510794 5.294463
4.654909 5.366459
4.568707 5.408712
4.639364 5.427339
4.707642 5.347190
4.734269 5.230776
4.698988 5.113453
4.668764 4.966447
4.696543 4.909682
4.538672 4.698648
4.483965 4.451918
4.325538 4.201965
4.261531 4.065216
4.112780 3.951718
4.037092 3.878437
4.107524 3.944695
4.284250 4.139630
4.396171 4.305330
4.453444 4.445542
4.442240 4.502246
4.423448 4.474008
4.580481 4.642482
4.707326 4.847518
5.074153 5.009877
5.719349 5.477700
6.611979 5.878207
7.445817 6.204173
7.932612 6.472081
8.077478 6.596550
7.983441 6.641461
7.829736 6.610357
7.787172 6.664106
7.538770 6.664640
7.248960 6.487402
7.083031 6.361092
6.792982 6.287580
6.502037 6.038120
6.216707 5.726070
5.699758 5.320586
5.346791 4.808084
4.850551 4.473356
4.129401 4.052301
3.595594 3.884887
3.147172 3.503875
3.025572 3.176023
2.882646 3.152336
2.879454 3.080887
2.919217 3.052279
3.037982 2.991026
3.022812 3.019611
3.209485 3.088105
3.407758 3.212486
3.675027 3.477883
3.819783 3.597614
3.985419 3.799434
4.450508 4.309736
5.016263 5.009516
5.570322 5.519973
6.086437 6.057415
6.416237 6.369016
6.613737 6.618655
6.616628 6.536080
6.605262 6.509252
6.616899 6.417620
6.627006 6.425523
6.800163 6.534671
6.970386 6.653704
7.151843 6.778636
7.268550 6.888757
7.346910 6.939210
7.361698 6.861179
7.222319 6.778011
7.082805 6.721025
7.015450 6.524245
6.769997 6.344734
6.511464 6.009642
6.177142 5.816679
5.609352 5.478111
5.253097 5.161493
5.096078 5.159484
5.181077 5.338431
5.475558 5.710153
5.688288 5.967007
5.821422 5.972864
5.708493 5.909512
5.591076 5.527069
5.432230 5.158798
5.257931 5.026814
5.137323 4.894052
5.185826 4.830805
5.914435 5.487918
6.559870 6.077612
6.885894 6.423358
7.109280 6.581513
7.206215 6.664816
7.117273 6.682468
7.108266 6.591275
7.012849 6.486035
6.889869 6.458304
6.900035 6.409461
6.896598 6.393420
6.792289 6.340649
6.718260 6.199642
6.666219 6.134655
6.605916 5.910542
6.550654 5.884487
6.606194 5.694035
6.534384 5.624099
6.361516 5.559504
6.177157 5.490228
6.344228 5.784235
6.459018 6.129066
6.599211 6.447751
6.811475 6.872111
7.114497 7.091267
7.326335 7.349416
7.523939 7.526366
7.600480 7.701442
7.797832 7.917836
7.907976 8.060955
8.039603 8.166956
8.214900 8.423781
8.266972 8.839530
8.456088 8.974909
8.648603 9.090521
8.973080 9.301217
9.112362 9.492311
9.192423 9.625974
9.225123 9.711085
9.225524 9.727003
9.009663 9.608030
8.630600 9.326833
8.347199 9.255056
8.069421 9.053318
7.913866 8.948269
7.788755 8.787328
7.688594 8.647288
7.367609 8.430793
7.108693 8.101652
6.677658 7.714286
6.593556 7.449809
6.444893 7.201233
6.287722 7.027023
5.965808 6.983941
5.840185 6.839087
5.967529 6.721267
5.921577 6.625126
5.685649 6.507907
5.421367 6.479480
5.365019 6.305759
5.289958 6.171380
5.176210 6.029086
5.193087 5.994054
5.054628 5.517414
5.065081 5.530344
4.931513 5.472327
4.745507 5.515171
4.768593 5.672206
4.708988 5.635959
4.803919 5.970523
4.923982 6.234304
5.060993 6.323051
5.135478 6.412387
5.122098 6.293252
5.009431 6.220581
5.034670 6.242232
5.104126 6.363429
5.249765 6.424507
5.459396 6.622758
5.745096 7.020890
6.178263 7.628178
6.740843 8.385643
7.239143 9.334149
7.716301 10.253460
7.851641 11.087968
7.959530 11.684022
7.986518 12.180777
8.093574 12.575345
8.230851 12.955879
8.195630 12.936526
8.211395 12.925685
8.167406 12.676568
8.114938 12.680875
8.116445 12.581991
8.153213 12.508669
8.166353 12.556172
8.167897 12.546929
8.122311 12.544889
8.161277 12.403785
8.187814 12.405577
8.118554 12.331886
8.191037 12.352595
8.158527 12.298854
8.046488 12.153967
7.959563 12.020553
7.846322 11.709614
7.781215 11.355334
7.640944 10.906306
7.462595 10.575081
7.144160 10.106352
7.030290 9.710816
6.673543 9.316354
6.668809 9.138177
6.368291 8.892917
6.693486 9.374079
7.073427 9.890870
7.454773 10.282158
7.506013 10.521321
7.532613 10.684002
7.519398 10.591586
7.554307 10.455450
7.528522 10.269383
7.324316 10.135817
7.154603 10.006219
7.044735 9.712941
7.127514 9.759572
7.341419 9.974467
7.386511 10.062496
7.460013 10.277300
7.562595 10.459639
7.673297 10.609338
7.760500 10.800782
7.867678 10.905595
8.007371 11.036926
8.104826 11.232934
8.181403 11.309750
8.170119 11.176865
8.116951 11.221511
8.117660 11.009163
8.137434 10.845259
8.105646 10.632876
8.031694 10.627246
8.048030 10.699963
8.026429 10.613941
8.084594 10.418547
7.815715 10.185096
7.751959 9.931929
7.525969 9.774063
7.377138 9.555094
7.308757 9.214748
7.036383 9.049933
6.877982 8.832122
6.789414 8.839007
6.875360 8.904425
6.984035 8.743617
7.292673 9.124085
7.661115 9.434420
8.028506 9.845874
8.297401 10.172424
9.113847 11.188207
9.872166 11.972278
9.635065 11.467916
9.392553 11.002160
9.076097 10.629001
8.692438 10.299326
8.311954 9.928140
7.842149 9.403423
7.618831 9.049989
7.392133 8.963044
7.213602 8.571012
7.232189 8.598056
7.421055 8.947635
7.858213 9.519462
8.268305 9.936138
8.601205 10.538865
9.095452 10.925732
9.417211 11.398148
9.802170 11.758719
10.323057 12.024537
10.764126 12.404705
10.759117 12.413261
10.708248 12.333154
10.696149 12.247799
10.586376 12.186824
10.328403 11.951687
10.155852 11.618303
9.889591 11.326772
9.569369 11.057611
9.107984 10.791519
8.577659 10.585823
8.291206 10.172331
8.072553 9.820752
7.804764 9.638659
7.615247 9.389410
7.459325 9.235625
7.158773 8.659188
7.029719 8.351563
6.817741 8.047596
6.436673 7.835470
6.395101 7.623597
6.085516 7.349976
5.914644 7.215496
5.849269 6.911046
5.611417 6.608161
5.489306 6.664597
5.374624 6.678589
5.364463 6.521341
5.772797 6.861116
4.919409 5.561270
4.143453 4.719759
3.490695 4.251869
3.365717 3.961099
3.353610 3.648197
3.167254 3.385075
3.155177 3.327805
3.254965 3.404718
3.479298 3.597742
3.892370 3.940424
4.227452 4.292834
4.717607 4.756812
5.336592 5.271483
5.955115 5.814246
6.654990 6.427462
7.448982 7.073458
8.164564 7.679254
8.606819 8.051899
8.676148 8.134524
8.781096 8.076489
8.836071 8.167980
8.981758 8.155631
9.265050 8.345016
9.750198 8.511961
10.299922 8.709935
10.789794 8.873563
11.320857 9.077343
11.864151 9.166597
12.759005 9.425524
13.717346 9.736719
14.755829 10.267397
15.792306 10.730797
16.375556 10.856435
16.564353 10.802708
15.970137 10.515217
15.123405 10.197281
14.050543 9.524435
12.546950 8.732728
11.374647 8.066304
10.118832 7.241162
8.751812 6.453480
7.926827 5.886180
7.184008 5.380690
6.529177 5.133988
6.164175 4.601464
5.721518 4.377833
5.355527 4.232007
4.933973 4.051063
4.731005 4.052903
4.728892 4.184338
5.459518 4.672616
6.778390 5.631315
8.615390 6.847270
10.714701 8.241245
11.820532 9.103885
12.929624 10.004029
14.402721 11.100064
15.800797 12.106595
16.981782 12.726634
17.328235 13.034080
17.569707 13.273147
17.725310 13.504242
17.620180 13.479100
17.575336 13.412203
17.562174 13.362197
17.473756 13.235083
17.331666 13.101268
16.753238 12.755087
16.144428 12.422068
15.370225 11.946589
14.363866 11.282459
13.217439 10.447729
11.851682 9.601550
10.582380 8.701513
9.385198 7.971208
8.769563 7.465381
7.713773 6.988618
6.908558 6.150022
5.868390 5.330052
5.671167 4.884179
5.009803 4.308903
4.641035 3.914154
4.160378 3.629512
3.621361 3.286498
3.000482 2.856551
3.042686 2.845721
3.162212 2.840964
3.202892 2.938798
3.218282 2.979332
3.352889 3.067384
3.663116 3.358688
4.004096 3.686435
4.580411 4.114176
5.280270 4.649899
5.834147 5.042105
6.043040 5.329323
6.218465 5.593524
6.582520 6.017900
6.670501 6.261999
6.738023 6.413918
6.858310 6.558458
6.965783 6.712907
7.266546 6.973099
7.644485 7.303256
7.835544 7.585322
7.819938 7.823795
7.641179 7.951799
7.516195 7.993969
7.330284 8.319231
7.009736 8.371250
6.713936 8.475865
6.490697 8.514778
6.375181 8.585200
6.237341 8.524953
6.156879 8.510200
6.002870 8.489486
6.023487 8.520485
5.994679 8.549083
5.987568 8.511395
6.351833 8.646809
6.460217 8.599639
6.470568 8.366769
6.396456 8.045506
6.414282 8.020406
6.345272 7.621940
6.305252 7.468970
6.159750 7.422572
6.331569 7.528107
6.672223 7.876889
7.392091 8.399313
8.486977 9.176773
9.405728 9.867910
10.300940 10.651882
11.145859 11.454883
11.578694 11.930665
11.870341 12.242919
12.182604 12.702745
12.449395 13.078787
12.833156 13.584879
13.126384 14.051304
13.429986 14.407921
13.655493 14.797848
13.777665 15.136765
13.858448 15.414967
13.990912 15.750779
14.119105 15.953800
14.248491 16.219957
14.398652 16.484358
14.484524 16.658846
14.436923 16.858789
14.263533 16.577423
13.857239 16.389647
13.545424 16.086233
13.128432 15.854925
12.841150 15.539590
12.572708 15.302768
12.430314 15.047267
12.220185 14.693651
11.872182 14.381267
11.538108 14.190728
11.279724 13.887248
10.979571 13.595877
10.816348 13.485044
10.638371 13.246230
10.550582 13.073086
10.377450 12.862322
10.405605 12.769635
10.401806 12.543540
10.119983 12.082072
9.910214 11.736309
9.585365 11.245292
9.157022 10.730024
8.914378 10.454012
8.723175 9.955520
8.716264 9.913522
8.686876 9.569972
9.012374 9.875860
9.130896 9.940183
9.206873 9.998880
9.617381 10.375764
9.789737 10.563249
10.013942 10.803275
10.201134 11.216710
10.410887 11.511309
10.455894 11.614390
10.583012 11.764083
10.797716 11.984713
10.936693 12.107428
11.052097 12.256817
11.179271 12.386873
11.073946 12.179908
10.998779 11.863643
10.988164 11.788075
10.890390 11.611693
10.683393 11.378816
10.510115 10.902081
10.066115 10.645057
9.778576 10.178963
9.478998 9.791704
9.331819 9.351857
9.080614 8.831349
8.473958 8.257477
8.251038 7.980524
7.864752 7.672901
7.758206 7.609646
7.574233 7.493214
7.542545 7.154341
6.897936 6.667894
6.475423 5.992806
5.769173 5.638385
4.831683 4.244184
4.414137 3.764936
4.142177 3.429444
3.945295 3.133408
3.835539 3.059594
3.590555 2.951758
3.511597 2.985692
3.580556 3.017748
3.638485 3.130107
3.645762 3.201236
3.691568 3.223579
3.811263 3.358307
3.913671 3.504872
4.046685 3.655929
4.210711 3.891822
4.387483 4.129189
4.525669 4.356788
4.762603 4.631102
4.915188 4.944438
5.146190 5.241595
5.347313 5.617982
5.674289 6.022811
5.951099 6.480517
6.378516 6.891258
6.694361 7.231867
7.370789 7.998741
8.081425 8.867003
