0.259513
0.315342
0.519856
0.564292
0.665874
0.781192
0.831993
0.983566
1.330381
1.510626
1.859338
2.113255
2.420091
3.006718
3.096836
2.939649
2.472918
2.286046
2.124161
1.365630
0.826981
0.409531
0.682409
1.121810
1.613940
2.343402
2.871393
3.449226
3.796346
4.053556
4.471873
4.687155
4.893110
5.332931
5.400679
5.800041
5.944469
6.111004
6.184675
6.346179
6.724196
7.011077
7.608911
7.893225
8.312736
8.474620
8.740142
8.924079
9.053607
8.938795
8.943059
8.977045
8.930127
8.417248
8.210371
7.810728
7.383353
7.023777
6.728296
6.436946
5.903065
5.721444
5.209940
4.514632
3.839117
3.280314
2.513604
1.906868
1.164387
0.898486
1.020362
1.514973
1.964622
2.418167
2.944316
3.391708
3.767569
4.359025
4.492724
4.267856
3.746033
3.333680
3.415049
3.389138
3.004477
2.092112
1.667651
1.377680
1.164142
1.154017
1.368649
2.131468
2.603839
3.162039
3.678343
4.390606
5.000643
5.413273
6.105293
6.543736
7.078425
7.370015
7.448310
7.440844
7.814957
8.120755
8.461457
9.194541
9.755883
10.127718
10.510127
10.472597
10.431729
10.322904
10.602061
10.415590
10.761540
11.113565
11.556037
11.999112
12.204873
11.516255
11.188344
11.038087
10.918500
10.725135
10.731114
10.666707
10.194923
9.632432
9.194953
8.307989
7.687143
6.975012
6.395032
5.918500
6.066291
6.183741
6.232859
6.532795
6.659067
6.465810
6.285272
6.206226
5.934565
5.874393
5.520296
5.110618
5.215760
5.532669
6.090626
6.085958
6.669453
7.507642
8.191836
8.721415
9.515215
10.316559
10.977288
11.603474
12.137944
12.538452
12.925103
13.421194
13.891877
14.498877
14.949235
15.413354
15.877715
16.591229
17.091985
17.289184
17.613862
18.249845
18.824243
19.518632
19.875651
20.838741
21.457493
21.698339
21.502519
21.378751
21.304617
21.099117
21.136270
22.187129
22.954282
23.595847
23.973611
24.445055
24.660167
24.949951
25.013811
25.379182
25.612810
25.979572
26.755411
27.837385
29.209362
30.643456
31.821840
33.049215
34.267437
34.994343
35.214268
35.713224
35.536493
34.965161
34.217230
33.736504
33.243439
32.303884
31.976684
31.715020
31.430901
31.008582
30.550517
30.267114
29.964446
29.482124
29.126007
28.886317
28.486563
27.627928
26.272005
25.802759
25.511088
25.220337
24.984295
24.551276
25.614795
26.645433
27.438277
28.020470
28.367569
28.530302
28.685667
28.591424
28.720532
28.746087
28.850977
29.175092
29.560353
29.864386
29.950968
30.263729
30.659925
31.549970
32.260801
32.866734
33.709952
34.294656
34.087794
33.498632
33.023448
32.300102
31.684183
31.227858
30.179534
29.294205
28.181812
27.571806
27.011888
26.557438
26.004189
25.552132
25.053267
24.755108
24.638560
24.496995
24.451604
24.794227
24.986481
25.253607
25.202582
26.261963
27.042675
27.357727
27.705700
27.824963
27.695874
27.060131
26.816854
26.771520
26.772435
26.966862
26.947357
27.199308
27.880713
28.832646
29.547023
29.896978
30.741111
30.897352
31.583354
32.158543
32.534782
32.948200
32.975949
33.194221
32.624571
32.240403
31.701860
30.633238
30.311131
30.214898
29.274023
28.767761
28.395970
28.178594
27.858941
27.381345
27.243456
27.085544
26.741420
26.470155
26.055973
25.781941
25.596699
25.474131
25.488625
25.350019
25.544690
26.505091
26.619328
26.769947
26.904602
26.858287
26.714662
26.702250
26.731585
26.852734
27.119549
27.487202
27.722168
28.267117
29.423948
30.446986
31.936807
33.513578
36.149048
38.422758
38.872870
38.644348
38.321988
38.164603
37.930244
37.213251
36.839704
36.531757
36.375559
36.666384
36.282120
36.019090
35.272849
33.988463
31.457111
28.525220
25.619209
23.519730
21.691294
20.078761
19.427293
18.357898
17.875184
17.718140
18.003915
17.868592
17.700793
18.016049
18.490680
18.577057
18.899838
18.943863
19.263210
19.400449
19.836479
20.670404
20.991788
21.365503
22.112664
23.182680
24.228989
24.155166
24.112722
23.774927
23.272220
23.198602
23.144031
23.111336
22.356999
21.494089
20.610758
19.758137
18.443599
17.431921
16.421346
15.471232
14.939713
14.529778
13.916015
13.585347
13.476451
13.537296
13.540020
13.636991
13.719743
13.382006
13.103511
12.875697
12.487089
12.289317
12.065194
11.853784
11.802561
11.851196
11.910551
12.305499
12.805869
13.472842
14.162153
14.210633
14.823557
15.344791
16.068033
16.718554
16.195767
15.806572
15.738411
15.770662
15.943651
16.255026
16.782583
17.181090
17.622007
17.843305
17.975777
18.502767
19.057686
19.356441
19.320117
19.265614
18.955743
18.448332
17.720808
17.462259
17.216147
17.186182
16.911776
16.919863
17.002658
16.887042
16.564526
16.054134
15.383413
14.678914
14.258862
13.833066
12.950687
12.286974
11.630295
11.150162
10.348039
9.317039
8.925511
8.593095
7.844448
7.008426
6.209206
5.694625
5.036845
4.528894
4.072821
3.551207
3.637028
3.888231
4.247119
4.877750
5.425180
6.046599
6.663357
7.442114
8.419014
9.028796
9.954546
10.558910
11.138143
12.231965
13.084240
13.761638
14.397898
15.361225
16.460172
16.797171
17.246053
18.197035
18.886065
19.526472
19.926482
20.290298
19.594836
19.046359
18.610018
17.967340
17.338588
16.670777
15.730614
15.240181
14.694681
13.885039
13.187555
12.754557
12.283802
11.750351
11.815982
11.893956
11.587966
11.450460
11.484754
11.584573
11.749167
11.617846
11.640567
11.461539
11.323881
11.409199
11.470639
11.606979
11.608460
11.870105
12.113830
12.640381
13.054936
13.486247
13.566514
13.653927
13.332400
13.169941
12.843952
12.633040
12.658013
12.833869
12.979455
13.201073
13.439638
13.760755
14.159691
14.467534
14.747310
15.129495
15.715111
16.111842
16.451494
17.052938
17.355135
17.605359
17.967918
18.489788
18.822833
20.106406
21.755705
