2.017521 2.051535
2.033377 2.097093
2.035070 2.145310
2.047976 2.225363
2.055519 2.329567
2.077792 2.473904
2.133392 2.625912
2.196383 2.775663
2.270242 2.948640
2.350159 3.127095
2.294454 3.141793
2.333134 3.279728
2.445332 3.481297
2.567870 3.634270
2.623622 3.585164
2.878167 3.742050
3.360321 4.010895
3.906739 4.721848
4.212729 5.059823
4.498156 5.383563
4.590861 5.484834
4.745207 5.596010
4.864619 5.666524
5.025634 5.727019
5.193039 5.793865
5.389138 5.875244
5.552575 5.986636
5.733301 6.012400
5.877794 6.090008
5.970095 6.176045
6.007650 6.192320
6.006137 6.218119
5.926486 6.211029
5.932505 6.203495
5.903962 6.138336
5.746253 6.102993
5.600548 5.841942
5.536117 5.815669
5.440519 5.706275
5.192009 5.474653
5.087138 5.457816
5.091607 5.444505
5.102040 5.442765
5.243498 5.593994
5.315885 5.466722
5.266701 5.494882
5.241088 5.423319
5.394415 5.489394
5.515066 5.599136
5.932995 5.768149
6.544014 6.364887
7.136023 6.843058
7.604392 7.276892
7.840869 7.573407
7.964170 7.581270
7.955374 7.559190
7.959907 7.568101
7.950600 7.535805
7.873707 7.413224
7.752554 7.296644
7.691212 7.268425
7.646137 7.280239
7.528885 7.176657
7.342720 6.956977
7.090149 6.860058
6.923359 6.438650
6.707568 6.278443
6.485184 6.017712
6.073064 5.773117
5.891559 5.663801
5.501064 5.385997
5.012086 5.089540
4.682825 4.811387
4.657132 4.765895
4.449139 4.617956
4.350340 4.642451
4.117256 4.738861
4.285166 4.832540
4.468137 5.022994
4.567638 5.113902
4.685773 5.156896
5.134038 5.578233
5.773916 6.106962
6.020867 6.621289
6.318041 6.857298
6.442702 7.049423
6.572277 7.234569
6.579328 7.230641
6.498430 7.183660
6.502243 7.077918
6.447187 6.889097
6.590777 6.972679
6.601602 6.979093
6.649659 6.930655
6.717462 6.921821
6.769374 6.935493
6.819778 7.045260
6.838235 6.867846
6.609453 6.687643
6.479255 6.557247
6.410838 6.462250
6.280830 6.302199
6.048993 6.252177
5.928844 6.217080
5.777008 6.276646
5.299570 6.062834
5.465024 6.148004
5.558497 6.317723
5.738283 6.493839
5.802160 6.424191
5.711461 6.148500
5.529070 5.993614
5.489598 6.010237
5.503316 5.919531
5.547789 5.797991
5.521197 5.721400
5.938931 6.210835
6.394474 6.579653
6.603961 6.818945
6.699706 6.962190
6.699763 7.031826
6.616231 6.918500
6.472821 6.875945
6.377372 6.748029
6.389542 6.702160
6.448289 6.754173
6.452680 6.842728
6.508677 6.924168
6.554581 6.900829
6.507851 6.851955
6.557363 6.745374
6.411798 6.567985
6.271288 6.491499
6.150778 6.308018
6.149804 6.359806
6.124981 6.483627
6.206091 6.701293
6.344827 6.849328
6.488130 7.102803
6.752635 7.538312
6.990150 7.916867
6.941547 8.104406
6.951979 8.326397
7.056513 8.552458
7.136103 8.732109
7.175616 8.918023
7.204781 9.030344
7.377686 9.357770
7.441475 9.393225
7.391750 9.585131
7.235477 9.747317
7.249573 9.918782
7.304664 10.086573
7.371175 10.125254
7.268777 10.119073
7.201437 10.133606
7.093384 10.101539
7.047299 10.057890
7.084276 10.016240
6.978578 9.868645
6.935443 9.771405
6.863462 9.602457
6.842616 9.565628
6.786992 9.386433
6.749748 9.083280
6.725460 8.942393
6.688608 8.655047
6.460483 8.499758
6.362925 8.444618
6.510224 8.469638
6.590762 8.465986
6.790331 8.706475
6.638906 8.911519
6.624401 8.791509
6.595625 8.796636
6.422697 8.675619
6.363144 8.617421
6.475237 8.792309
6.563688 8.916455
6.328541 8.875773
6.214294 8.634558
6.098370 8.222552
5.789015 8.141764
5.698507 7.964587
5.629585 7.907898
5.979587 8.532247
6.297224 9.011039
6.392498 9.275948
6.483800 9.459069
6.408698 9.362854
6.429724 9.286932
6.399070 9.307456
6.338417 9.315077
6.366181 9.262084
6.501310 9.341425
6.695539 9.386179
6.959499 9.613606
7.575675 10.240526
8.201255 10.853749
8.822529 11.457260
9.310173 11.868869
9.536864 12.055030
9.629168 12.339172
9.758888 12.489778
9.888402 12.639798
9.756707 12.557137
9.738962 12.508630
9.775422 12.491010
9.751811 12.475208
9.748248 12.507518
9.793352 12.488859
9.898780 12.519104
9.894062 12.483641
9.922351 12.410677
9.922990 12.387829
9.996352 12.430735
9.917841 12.396761
9.908527 12.389073
9.822692 12.364468
9.878465 12.165329
9.935592 12.042065
9.522764 11.982132
9.407374 11.837119
9.235280 11.721343
8.997769 11.512136
8.850910 11.316728
8.593939 11.180473
8.364261 10.845717
8.277528 10.758862
8.153420 10.736998
8.331555 11.518187
8.424000 11.743934
8.352812 11.727426
8.280723 11.753510
8.154338 11.618089
7.731807 11.497033
7.474343 11.410005
7.323529 11.190192
7.178021 11.137060
7.125991 10.955196
7.050386 10.927645
7.078802 10.950305
7.357176 11.069434
7.504382 11.261645
7.626046 11.435734
7.843932 11.527491
8.089316 11.661152
8.187634 11.734079
8.419908 11.903167
8.561007 11.992979
8.591191 12.014707
8.530998 11.869504
8.470494 11.692247
8.294659 11.442240
8.106775 11.092003
7.910160 10.928803
7.563597 10.576858
7.474874 10.190000
7.538279 10.155642
7.420290 9.920145
7.202348 9.633099
7.027890 9.395459
6.896791 9.223924
6.680541 8.895041
6.344188 8.637250
6.036389 8.543108
5.910564 8.428363
5.655715 8.317070
5.617590 8.360154
5.507700 8.431346
5.333445 7.989140
5.270243 8.149163
4.930429 8.306612
4.965560 8.354057
4.906920 8.291964
4.981010 8.714759
5.025005 8.970564
4.994121 9.054565
4.912164 9.113920
4.926215 8.940347
4.921364 8.728983
5.032517 8.603146
5.021203 8.524489
5.106083 8.536016
5.351800 8.505668
5.483375 8.260393
5.644489 8.226291
5.848888 8.298226
6.109651 8.393551
6.241195 8.461676
6.395037 8.445202
6.526886 8.442504
6.659543 8.460503
6.968013 8.542052
7.049243 8.464040
7.286559 8.532101
7.185259 8.326924
6.882079 8.175493
6.632365 8.213158
6.359994 8.239020
6.048144 8.169976
5.767598 8.091412
5.551771 7.804915
5.252096 7.617078
5.095523 7.414980
4.973280 7.199456
4.632755 7.001429
4.423910 6.695400
4.269857 6.692203
4.173870 6.766867
4.021384 6.626669
4.061184 6.485776
4.109464 6.538669
3.946844 6.448961
3.956921 6.603664
3.718404 6.657365
3.722568 6.780577
3.804375 6.929733
3.942484 7.096600
3.919000 7.168802
3.776024 7.284112
3.726759 7.344190
3.807006 7.367722
3.835962 7.482853
3.731337 7.548710
3.699505 7.457404
3.631763 7.322290
3.735981 7.283734
3.892312 7.274551
3.883462 7.109437
3.945795 6.985987
3.924864 6.772466
4.101456 6.775344
4.262184 6.840207
4.440290 6.815703
4.607895 6.845285
4.860194 7.001114
5.112196 7.187113
5.430228 7.463638
5.734354 7.979178
5.907400 8.698990
6.206145 9.281992
6.252647 9.428202
6.311476 9.371165
6.463776 9.371850
6.612276 9.453368
6.913756 9.565033
7.375268 9.641613
7.920066 9.529436
8.277165 9.509708
8.611640 9.325374
8.770534 9.284798
9.019653 9.268459
9.252219 9.212833
9.477945 9.132520
9.707271 9.085797
9.848515 8.917715
9.833641 8.485274
9.822687 8.220806
9.713360 7.958466
9.501581 7.478900
9.022072 7.139166
8.567908 6.601365
8.010721 6.383808
7.544376 6.168870
7.249605 5.852736
6.816741 5.541290
6.325991 5.178649
5.883258 5.145588
5.681043 5.031016
4.920518 4.929664
4.836517 4.925040
4.831553 4.931951
5.192246 4.979280
5.792189 5.540020
7.603223 7.416680
9.643342 10.244921
10.687003 13.660130
8.662656 16.916260
6.311234 18.096977
5.531721 18.600431
5.341846 18.761550
5.396483 18.971305
5.374699 19.029225
5.348149 19.091501
5.377444 19.151115
5.426107 19.190778
5.492908 19.264511
5.513365 19.304300
5.457445 19.327020
5.486048 19.348617
5.538466 19.395498
5.602623 19.445243
5.620102 19.535605
5.720504 19.558387
5.833348 19.581961
5.938685 19.611181
6.035387 19.700889
6.190652 19.746064
6.383326 19.860595
6.567439 19.917912
6.729098 19.967047
6.783916 20.009550
6.755157 20.064509
6.758217 20.058744
6.824486 20.056573
6.847557 20.065603
6.853278 20.056778
6.864475 20.085875
6.874188 20.220193
6.952415 20.328896
7.024587 20.356986
7.123907 20.397412
7.239237 20.433604
7.353982 20.471706
7.462682 20.517638
7.592029 20.407945
7.796515 20.330580
7.985800 20.292638
8.096035 20.325484
8.178230 20.385864
8.466913 20.346002
8.453011 20.402812
8.468945 20.455006
8.492187 20.532366
8.523411 20.597628
8.623884 20.424417
8.709044 20.255971
8.758795 20.141492
8.880267 19.974227
8.974763 19.854518
9.084566 19.672464
9.095062 19.436383
9.233586 19.236104
9.395120 18.769590
9.518102 18.499300
9.632051 18.237746
9.685390 17.880198
9.676257 17.490236
9.598233 17.051156
9.719027 16.592806
9.791787 16.198178
9.852276 15.908246
10.047908 16.000660
10.218330 16.061851
10.339595 15.830257
10.478138 15.476394
10.532282 15.205850
10.707276 15.223708
10.796560 15.004166
10.808014 14.651447
11.066600 14.925841
11.456365 15.871859
12.020447 17.146732
12.434819 18.447171
12.572396 19.497393
12.409490 20.542694
12.254543 21.017444
12.014930 21.475129
11.925466 21.892347
11.636557 22.159787
11.613057 22.541754
11.392946 22.871453
11.351294 23.097819
11.304409 23.339508
11.307961 23.457844
11.360334 23.635959
11.109522 23.745619
11.149725 23.872416
11.176692 23.898904
11.191682 23.918479
11.122671 23.987448
11.196761 24.018198
11.270856 24.050106
11.376019 24.092036
11.405250 24.123327
11.456445 24.155082
11.491905 24.151434
11.530750 24.167276
11.576787 24.185055
11.631100 24.209143
11.701179 24.236020
11.760711 24.253410
11.835993 24.286278
11.924132 24.347818
12.011843 24.396035
12.110467 24.465557
12.179413 24.560148
12.268599 24.632332
12.369053 24.705117
12.468707 24.792529
12.522071 24.948517
12.655751 25.312936
12.688799 25.410302
12.800611 25.492689
12.693812 25.523101
12.739400 25.496165
12.790507 25.509559
12.836345 25.511537
12.846031 25.572452
12.821150 25.582394
12.798952 25.597577
12.787463 25.614936
12.781247 25.644964
12.687206 25.537068
12.703147 25.564517
12.716048 25.605622
12.748031 25.621241
12.790631 25.644195
12.857505 25.676526
12.965807 25.638035
13.058387 25.654173
13.148062 25.648913
13.227502 25.656984
13.195763 25.672450
13.172453 25.681143
13.215405 25.697400
13.263314 25.707799
13.356032 25.771435
13.419989 26.054936
13.462740 26.128473
13.564371 26.295517
13.676786 26.486146
13.810343 26.635218
13.871352 26.882692
13.943693 26.999874
14.022421 27.234430
14.151784 27.399120
14.236734 27.614798
14.402430 27.814024
14.392277 27.847619
14.584736 28.113198
14.622992 28.122224
14.560135 28.118752
14.520166 28.095334
14.572695 28.165874
14.542234 28.168420
14.507273 28.158590
14.475867 28.168855
14.442027 28.185932
14.426190 28.270758
14.392708 28.276189
14.384936 28.273755
14.387715 28.276660
14.439377 28.329280
14.495707 28.343781
14.549981 28.350294
14.580369 28.367017
14.620049 28.389651
14.672465 28.409050
14.732993 28.419427
14.819378 28.418384
14.883577 28.399753
14.954587 28.420203
15.028240 28.425845
15.112454 28.464809
15.190366 28.470284
15.278149 28.513468
15.386366 28.552586
15.502456 28.702005
15.707613 28.841154
