2.079755 2.007409
2.080861 2.025181
1.995061 1.962117
1.926875 1.942431
1.881694 1.927325
1.794722 1.950894
1.756811 1.978692
1.737395 2.035522
1.747219 2.137588
1.777634 2.166979
1.761564 2.297851
1.858751 2.410983
1.856744 2.446245
1.936915 2.570352
1.976908 2.604612
2.102831 2.721230
2.462659 3.135108
2.942021 3.613212
3.183251 3.813706
3.410189 4.009175
3.448310 4.049413
3.472858 4.101718
3.472997 4.150489
3.529188 4.179335
3.524460 4.207045
3.596006 4.293624
3.622613 4.391298
3.674513 4.327561
3.639740 4.323214
3.660041 4.224860
3.698998 4.034330
3.555221 3.945307
3.455581 3.727054
3.367616 3.517954
3.210722 3.447290
3.144956 3.308641
3.152073 3.146035
3.091185 3.145204
3.124486 3.025902
3.075365 3.004498
3.098127 3.090312
3.088955 3.046399
3.291534 3.192098
3.468010 3.351229
3.572650 3.315125
3.566386 3.296945
3.542934 3.263805
3.703386 3.403437
3.817953 3.496351
4.264711 3.703335
4.942052 4.209226
5.580896 4.594314
6.074348 4.831001
6.382809 5.104652
6.543674 5.168454
6.607488 5.183952
6.705597 5.162506
6.723843 5.147330
6.649384 5.211552
6.494154 5.288947
6.355387 5.141520
6.110808 5.064531
5.696763 4.869094
5.304169 4.724052
4.871049 4.533999
4.415002 4.247919
3.868495 4.125404
3.386646 3.875521
3.108166 3.421218
2.818497 3.160877
2.786454 2.992243
2.755669 2.893437
2.590741 2.831899
2.654198 2.920824
2.749730 2.999397
2.861470 3.046437
3.002511 3.218062
3.165385 3.356897
3.224252 3.409188
3.364663 3.465343
3.496886 3.458744
3.921567 3.756895
4.379155 4.229579
4.732739 4.492130
5.025570 4.763552
5.117223 4.833606
5.134289 4.855763
5.093324 4.754773
4.988710 4.648574
4.893164 4.539029
4.788067 4.474846
4.890945 4.513826
4.840804 4.569949
4.846381 4.555567
4.837829 4.538142
4.728962 4.445003
4.699418 4.487698
4.513965 4.399621
4.403113 4.385118
4.258842 4.245241
4.167336 4.065748
3.984514 3.899709
3.857362 3.837896
3.671253 3.675131
3.557789 3.704414
3.498757 3.725347
3.655227 3.851491
3.936957 4.008077
4.144411 4.093473
4.256280 4.148531
4.367878 4.235899
4.251222 4.230665
4.295907 4.161742
4.203035 4.096562
4.205753 4.027114
4.241744 4.038931
4.804705 4.433048
5.389423 4.827467
5.663964 5.060430
5.844017 5.215783
5.993433 5.269697
5.954133 5.155636
5.947401 5.064591
5.901690 4.912396
5.976159 4.815011
6.008651 4.847981
6.068268 4.905511
6.035893 4.833878
5.853503 4.862932
5.725019 4.884126
5.583617 4.716972
5.372188 4.612378
5.077279 4.443272
4.725479 4.452697
4.534323 4.383820
4.331491 4.355194
4.432997 4.354671
4.518529 4.573161
4.823487 5.017594
5.388674 5.607735
5.732213 6.137978
5.915216 6.443088
5.938858 6.683973
6.083422 6.869472
6.132049 7.133028
6.156431 7.343460
6.162440 7.475254
6.168295 7.832874
6.085954 8.116987
5.997229 8.358298
6.015390 8.560725
5.728280 8.716376
5.468628 8.974605
4.975191 9.039044
4.578836 9.185286
4.460804 9.228744
4.247918 9.290112
4.216186 9.203878
3.846522 9.053190
3.819389 8.952942
3.855374 8.755392
3.880312 8.556055
3.919577 8.266407
3.777942 8.022231
3.704365 7.890397
3.666435 7.585273
3.712547 7.357768
3.657802 7.076156
3.641899 7.055970
3.802815 7.012291
3.881725 7.044887
4.042181 7.226668
4.220713 7.272396
4.158109 7.169482
4.099619 6.935281
3.971291 6.877056
3.987104 6.835102
3.952572 6.907046
4.049241 7.042444
4.049714 6.787292
4.052433 6.550482
3.994206 6.381446
4.008982 6.268742
3.992984 6.121907
3.941705 5.911052
4.168071 6.362186
4.248032 6.564879
4.335909 6.611573
4.361516 6.500455
4.246496 6.194504
4.291038 6.227004
4.346108 6.181235
4.365891 6.079518
4.394851 6.172097
4.467722 6.252594
4.661761 6.403577
4.969215 6.675247
5.442781 7.357858
5.650700 7.859848
5.370950 8.053961
5.166539 8.251728
4.468754 7.487186
4.034536 6.652125
3.805411 5.964309
3.825413 5.890410
3.990394 6.190859
4.172438 6.364133
4.427136 6.640160
4.604936 6.739399
4.793847 6.848947
4.865797 6.906921
4.920900 6.810286
4.698501 6.743867
4.614582 6.650747
4.600046 6.642204
4.582508 6.551260
4.522917 6.547675
4.492602 6.392499
4.537228 6.202517
4.422004 6.098374
4.259271 5.906240
4.121124 5.727676
3.914518 5.645591
3.617173 5.377587
3.543330 5.010307
3.383460 4.823338
3.410124 4.646753
3.330151 4.665809
3.365783 4.731999
3.257499 4.629669
3.233530 4.576832
2.964326 3.793832
2.512451 3.074055
2.400739 2.814759
2.322749 2.682623
2.430667 2.713292
2.501457 2.778760
2.661349 2.984088
2.853897 3.170263
3.123280 3.419138
3.310050 3.633853
3.533606 3.773431
3.859574 3.976494
4.003980 4.040252
4.138698 4.108085
4.325632 4.147078
4.483056 4.158125
4.610975 4.255213
4.730117 4.363934
4.783768 4.409133
5.002266 4.607337
4.981053 4.753652
4.862572 4.575878
4.535273 4.338389
4.206965 4.209161
3.963634 3.995403
3.729049 3.877219
3.542453 3.696753
3.619126 3.800694
3.488018 3.793504
3.342014 3.789191
3.309873 3.873739
3.153211 3.822860
3.061915 3.730799
2.991011 3.852623
2.821811 3.973884
2.802358 4.161600
2.785578 4.324347
2.815413 4.386559
2.645158 4.466144
2.751846 4.612121
2.791431 4.526387
2.884369 4.502536
2.880784 4.204306
2.741296 3.857240
2.395952 3.450180
2.347887 3.053889
2.143198 2.720170
2.058309 2.523437
2.108879 2.539700
2.382340 2.760410
2.541994 2.774753
2.645121 2.925985
2.788323 3.063498
3.098071 3.275920
3.273236 3.413003
3.569694 3.609360
3.910417 3.772794
4.309062 3.992138
4.490614 4.118520
4.525373 4.050189
4.474566 3.887919
4.312938 3.727845
4.136584 3.817677
3.663100 3.570472
3.620118 3.440558
3.173924 3.396816
3.239235 3.533234
3.546467 4.156058
3.597286 4.534576
3.412576 4.741770
3.112439 4.549657
2.807761 4.385935
2.763192 4.451458
2.581909 4.299450
2.487414 4.161147
2.393867 4.130279
2.356365 4.051925
2.431669 4.107208
2.384175 4.049528
2.466279 4.179417
2.524593 4.030394
2.391462 3.831939
2.309868 3.691699
2.286120 3.692890
2.282494 3.640008
2.185266 3.597618
2.232215 3.623699
2.310903 3.830207
2.274700 3.648550
2.354174 3.847580
2.265585 3.681914
2.138214 3.571690
2.009562 3.183370
1.896906 3.077645
1.811123 2.847485
1.835727 2.679416
1.911129 2.707746
2.068893 2.714335
2.238262 2.808850
2.334186 2.868947
2.415692 2.894354
2.567055 3.030331
2.889410 3.265864
3.265969 3.470439
3.719867 3.728536
4.289667 4.014300
4.768938 4.254183
5.355738 4.602200
5.823265 5.056114
5.685547 5.435618
5.867033 5.712218
5.906113 5.646822
6.466000 5.562920
6.849079 5.510214
7.135095 5.428593
7.375119 5.432853
7.679173 5.413390
7.827631 5.414705
7.835015 5.198745
7.740090 5.053215
7.704799 4.749445
7.214655 4.707479
7.353263 4.691273
7.341688 4.757274
7.371808 4.728663
6.770120 4.336407
6.234068 4.160200
5.808794 3.942056
5.236796 3.613451
4.691694 3.436500
4.065665 2.849016
3.709150 2.867490
3.513432 2.756863
3.536073 2.708038
2.907490 2.494440
2.544601 2.617033
2.600963 2.693378
2.600706 2.659733
2.582424 2.689564
2.628582 2.684328
2.663810 2.681882
2.695112 2.648628
2.614463 2.599659
2.643319 2.706269
2.742587 2.962835
3.033990 3.533144
3.238386 4.297432
2.991400 4.545943
2.710500 3.858966
2.657161 4.236475
2.646316 3.117836
2.449341 2.418735
2.285995 1.907755
2.245849 1.813304
2.221408 1.885319
2.217824 1.900725
2.179863 2.035496
2.197716 2.030856
2.232161 2.102292
2.228960 1.962190
2.070338 1.965835
2.078536 2.032239
2.109486 2.148493
2.231606 2.327887
2.342176 2.511826
2.522875 2.750788
2.698427 3.073035
2.858493 3.357840
2.971081 3.516388
3.077970 3.708916
3.080586 3.804098
2.995212 3.747221
3.011762 3.562546
2.944798 3.491474
2.914251 3.573627
2.885632 3.521119
2.679262 3.356873
2.586192 3.333548
2.497487 3.126009
2.497938 3.099412
2.576729 3.154093
2.671478 3.137524
2.792889 3.275762
2.920590 3.343637
3.130467 3.486704
3.326958 3.619627
3.603529 3.743737
3.720740 3.956604
3.822393 4.086952
3.818428 4.151755
3.864758 4.194031
3.666873 4.059201
3.433379 3.976535
3.226095 3.853883
3.244613 3.904932
3.137129 3.963459
2.922445 4.049244
2.768785 4.074065
2.621800 4.078540
2.582638 4.074358
2.439052 4.030374
2.583645 4.083184
2.510962 4.046242
2.417976 4.066466
2.426610 4.051666
2.531066 4.151069
2.514944 4.167288
2.510588 4.159397
2.665641 4.140903
2.858861 4.166655
3.036359 4.263817
3.145778 4.203322
3.334026 4.215156
3.438077 4.221181
3.510935 4.115135
3.462296 4.083526
3.377962 4.046546
3.171301 4.002896
3.095297 3.944098
2.988777 3.823041
2.969745 3.695391
2.988879 3.563641
2.917782 3.428353
3.187715 3.571377
3.456649 3.771698
3.697762 3.889900
3.965068 4.103827
4.403446 4.203519
4.525099 4.244721
4.619189 4.132836
4.036691 3.730564
3.566339 3.271202
3.125148 2.739270
2.621097 2.417064
2.479800 2.323155
2.354482 2.127360
2.345990 2.054058
2.425903 2.016807
2.443416 1.967221
2.483229 1.958083
2.489357 1.927573
2.505575 1.998561
2.559430 2.110127
2.721620 2.291370
2.838672 2.477129
2.851474 2.503671
2.797747 2.485307
2.917006 2.550837
3.052303 2.675756
3.145318 2.818802
3.145438 2.888517
3.150252 2.940595
3.251396 3.086858
3.318398 3.190482
3.452717 3.234326
3.574211 3.418002
3.733030 3.622741
3.743234 3.770104
3.872577 3.891847
3.940420 4.008676
3.993900 3.948797
3.921791 3.900262
3.917588 3.984028
3.889988 3.945742
3.639186 3.801857
3.515043 3.647849
3.476775 3.595089
3.457572 3.618137
3.246707 3.523898
3.146728 3.461759
3.093614 3.455571
2.995160 3.360155
2.907021 3.299282
3.025642 3.379185
2.969675 3.521924
3.115266 3.729564
3.227806 3.816102
3.197308 3.843335
3.213349 3.843385
3.274277 3.925520
3.309558 4.003220
3.340017 4.121048
3.398247 4.215675
3.377381 4.120445
3.325978 4.057157
3.289732 3.953452
3.248074 3.955932
3.210133 3.876638
3.118113 3.968282
3.042142 4.004725
3.040288 3.999558
2.842615 3.993848
2.827924 4.031051
2.758272 3.986365
2.725315 3.618444
2.579555 3.236267
2.551761 2.640365
2.509833 2.197647
2.517111 2.106960
2.513997 2.052501
2.461621 1.948489
2.433520 1.893600
2.368728 1.810769
2.158259 1.677599
2.070589 1.684420
1.940636 1.665720
1.795955 1.674754
1.819905 1.738806
1.881402 1.800068
2.006171 1.940680
2.092485 2.022553
2.164320 2.091035
2.247283 2.115777
2.378801 2.184394
2.488051 2.218514
2.609555 2.278664
2.818016 2.416929
3.009039 2.470380
3.200964 2.569275
3.354622 2.512890
3.451844 2.615500
3.559298 2.614238
3.573322 2.691701
3.668443 2.672390
3.549466 2.688945
3.632387 2.779410
3.619066 2.900206
3.610646 2.946344
3.952097 3.471851
4.238950 4.013420
