0.275296
0.352200
0.480443
0.513589
0.525026
0.600344
0.630269
0.638105
0.896909
1.017613
1.300421
1.441817
1.714410
2.132284
2.207643
2.147834
2.005836
2.020911
2.050618
1.491418
1.114632
0.561383
0.135995
0.450313
0.868867
1.502882
1.964343
2.573609
3.023496
3.449730
3.971052
4.439622
4.868952
5.477194
5.820939
6.384548
6.797268
7.386860
7.804123
8.189901
8.762219
9.111948
9.709317
10.071744
10.414220
10.446626
10.570551
10.675879
10.811801
10.733306
10.606376
10.564289
10.500562
9.893533
9.333630
8.751037
8.111579
7.710774
7.443380
6.968985
6.429887
6.028173
5.739244
5.140299
4.715770
4.327204
3.702200
3.298256
2.766830
2.435588
2.122591
1.721896
1.512243
1.385693
1.346529
1.444293
1.658408
2.160007
2.104030
2.021806
1.723609
1.617756
1.929454
1.920762
1.863720
1.531916
1.527977
1.375475
1.308286
1.368794
1.554163
2.118121
2.475768
2.830895
3.247532
3.813481
4.203379
4.669612
5.322830
5.739227
6.439432
6.869228
7.290065
7.823336
8.291312
8.663996
9.008768
9.533616
10.013130
10.431723
10.882177
10.935642
11.060788
11.192189
11.353051
10.871113
10.639819
10.700090
10.520866
10.633913
10.674917
9.741884
9.294772
8.744104
8.222959
7.536886
7.042932
6.603699
6.051689
5.717085
5.326637
4.653286
4.208529
3.780108
3.351567
2.706659
2.342009
1.937310
1.353890
1.059537
0.913474
1.024639
1.308193
1.672263
2.286548
2.662795
3.008494
3.165086
3.088070
3.072605
2.737150
3.023721
3.086198
2.303437
1.732910
1.083891
0.382415
0.087265
0.473243
0.866739
1.470653
1.963074
2.384838
3.015465
3.474223
3.913891
4.335869
4.897418
5.275459
5.812863
6.228396
6.071051
6.116207
6.550985
6.952238
7.511474
7.989256
8.634954
9.087926
9.420161
9.382145
9.300871
9.668345
9.915444
9.684200
9.666498
9.578805
9.665697
9.789358
10.153469
10.367545
10.618973
10.770666
11.020237
11.296867
11.512949
11.943919
12.253836
12.706756
13.046473
13.315166
13.949305
14.725956
14.964481
14.923190
15.338882
15.235713
14.896297
14.336721
13.923664
13.366397
12.661075
12.342932
12.114318
11.891604
11.688551
11.226171
11.030527
10.882075
10.595208
10.442711
10.483841
10.467290
9.996115
9.070082
9.014313
9.068146
9.083340
9.228029
8.885103
9.061483
9.168983
9.467701
9.648631
9.986430
10.342123
10.675767
10.915712
11.303025
11.585327
11.838587
12.264939
12.595352
12.682736
12.659135
12.985442
13.263623
13.963410
14.566682
14.849928
15.240602
15.794011
15.929083
15.451537
15.270652
14.973151
14.763427
14.609067
13.925591
13.418000
12.633594
12.303193
12.006596
11.684190
11.369803
11.072743
10.700310
10.352255
10.138659
9.851065
9.724063
9.520168
9.515556
9.579457
9.281136
9.497728
9.539164
9.823330
9.870712
9.939243
10.201977
10.095310
10.157210
10.349099
10.678476
11.148417
11.419940
11.767663
12.326557
12.851998
13.373619
13.588397
14.015796
14.028871
14.503548
14.779989
14.993923
15.242731
15.353486
15.581479
15.073212
14.716623
14.345712
13.683283
13.667801
13.682412
13.084066
12.773082
12.348749
11.989622
11.649266
11.322810
11.140781
10.848750
10.688395
10.377700
10.067319
9.810266
9.710030
9.892131
10.068238
10.110915
9.673509
9.635173
9.816519
9.971714
10.071708
10.065295
10.143310
10.320734
10.515922
10.738196
11.119520
11.358065
11.706181
12.263621
12.983263
13.432322
13.969499
14.348272
14.785525
15.505790
15.283457
15.124025
14.727898
14.266154
13.881903
13.435968
13.338295
13.440882
13.658603
14.108300
14.451173
14.850802
15.234585
15.672859
15.569420
15.622511
15.486009
15.735827
16.275980
16.706504
17.368418
17.271543
17.624689
17.999290
18.660571
18.745760
18.765509
19.173715
19.678029
19.883914
20.497219
20.968840
21.608845
22.056002
22.510960
23.099730
23.628774
24.112761
24.263529
24.202266
24.546017
24.258970
24.168769
23.600995
23.247249
23.335517
23.393862
23.564954
22.970379
22.677174
22.144612
21.737907
21.141707
20.695275
20.284587
19.870474
19.442708
19.017656
18.481761
18.106403
18.074418
17.951021
17.930112
17.988516
17.955680
17.598058
17.263634
16.946182
16.519718
16.198218
15.896524
15.704874
15.654501
15.712267
15.674523
15.562805
15.622103
16.087672
16.785917
16.837673
17.387490
17.863392
18.445057
18.861762
18.168391
17.724696
17.155145
16.799500
16.692532
16.573757
16.405889
16.109446
15.958745
15.783504
15.755608
16.215116
16.408808
16.656610
16.890239
17.364374
17.571467
17.866111
18.099597
18.409225
18.780385
19.221961
19.713811
20.168861
20.761316
21.242632
21.839720
22.468383
23.129605
23.852938
24.412593
24.843009
24.963191
24.855916
24.802518
24.961404
24.585536
23.915981
24.108774
24.300005
23.651512
23.049771
22.429736
22.142645
21.519078
21.123549
20.549838
20.203761
19.859562
19.830614
19.764541
19.254803
18.902398
18.634952
18.218771
18.010186
17.565576
17.277912
17.048922
16.738977
16.534054
16.174595
15.785186
15.587039
15.465065
15.628721
16.004431
16.047035
16.171336
16.703963
17.153901
17.516172
17.923242
17.889587
17.382368
16.910874
16.652556
16.477857
16.399090
16.338634
16.345576
16.401615
16.624569
17.189551
17.495431
17.793939
18.106659
18.431424
18.423877
18.462319
18.732139
19.197217
19.454831
19.812000
20.045389
20.586482
21.175782
21.577880
22.163961
22.566044
23.015342
23.662740
24.158494
25.022004
25.557338
26.248643
26.768053
26.575012
26.474843
26.484236
26.338609
26.170992
25.492074
25.040025
24.178503
23.569230
23.139692
22.558537
22.170599
21.799718
21.416236
21.066872
20.712527
20.342218
19.963401
19.576664
19.237139
18.816366
18.449861
17.896337
17.535654
17.184632
16.916377
16.273107
15.860588
