2.007743 2.034078
2.033156 2.038338
2.068659 2.071753
2.107554 2.121872
2.132690 2.198054
2.197980 2.340496
2.254993 2.463170
2.331007 2.628922
2.422670 2.837214
2.528294 3.037168
2.518037 3.130374
2.566812 3.331846
2.524644 3.498439
2.680312 3.666184
2.656499 3.703578
2.570341 3.556372
2.738704 3.654714
3.106449 4.099053
3.303222 4.295614
3.605175 4.594062
3.760064 4.736423
3.960880 4.902443
4.236182 5.026133
4.417916 5.193327
4.591531 5.356679
4.795475 5.608001
4.979718 5.805162
5.191703 5.977695
5.288703 6.097390
5.472740 6.216638
5.648979 6.349402
5.672613 6.417417
5.730587 6.544756
5.713289 6.609884
5.858292 6.625070
5.878311 6.593402
5.917741 6.534781
5.771109 6.422182
5.817556 6.410202
5.789603 6.364420
5.762322 6.276336
5.672397 6.107746
5.671588 6.153677
5.636739 6.077876
5.491533 5.973930
5.463471 5.872375
5.210701 5.667850
5.125546 5.578097
5.086336 5.514026
4.994583 5.470249
5.242508 5.731084
5.841631 6.323090
6.279697 6.797134
6.779588 7.191343
6.970120 7.437918
7.103724 7.597041
7.177292 7.714943
7.223961 7.792726
7.224438 7.853240
7.266062 7.778709
7.280726 7.771112
7.268835 7.762145
7.101602 7.713374
7.000151 7.643905
6.996728 7.474015
7.005222 7.383236
6.867706 7.287764
6.695822 7.187713
6.527938 7.120394
6.474519 6.902756
6.395916 6.899824
6.218142 6.752292
6.080450 6.638690
6.053306 6.507652
5.874286 6.546793
5.792951 6.417001
5.602054 6.119336
5.569794 6.223575
5.592639 6.141262
5.691867 6.218506
5.699055 6.259358
6.130073 6.725429
6.639912 7.351562
7.046304 7.929056
7.429369 8.473545
7.638193 8.818364
7.903039 9.091696
7.994678 9.192543
8.031581 9.238056
8.049477 9.269565
8.104564 9.326440
8.191430 9.423466
8.241002 9.500356
8.434332 9.715918
8.555982 9.876758
8.680482 10.003001
8.799191 10.111524
8.653969 10.021836
8.618551 10.025038
8.697926 10.104127
8.660405 10.074576
8.717946 10.070093
8.691804 10.107142
8.606441 9.981315
8.603036 9.973138
8.620944 10.033703
8.737673 10.131096
8.877424 10.246094
9.008141 10.351169
9.106531 10.398700
8.996085 10.359196
9.064782 10.134868
9.107377 9.975462
8.990624 9.784349
8.866846 9.460427
8.881235 9.298504
9.040386 9.431105
9.410001 9.682583
9.877073 9.982272
10.066843 10.058301
10.269749 10.163972
10.342743 10.096491
10.210436 10.000431
10.221892 10.062412
10.352138 10.237992
10.442635 10.458068
10.512979 10.581768
10.634081 10.718336
10.671199 10.830122
10.632476 10.901334
10.494542 10.807151
10.404354 10.800452
10.398471 10.846222
10.327038 10.622682
10.169700 10.669925
10.116981 10.802101
10.207663 10.974341
10.410902 11.199248
10.635851 11.653187
11.146399 12.116048
11.558776 12.609946
11.941541 13.074332
12.270952 13.363427
12.508676 13.679092
12.759617 13.934449
13.173517 14.274712
13.359245 14.393578
13.697831 14.754878
14.076624 15.168060
14.167950 15.304003
14.288742 15.461527
14.598625 15.664425
14.851790 15.758241
14.887877 15.788595
14.901447 15.777764
14.969627 15.807070
15.003624 15.797271
15.018241 15.807852
15.047935 15.831947
15.126651 15.919424
15.176099 15.963726
15.252758 16.013706
15.358097 16.192993
15.432182 16.334223
15.525707 16.392174
15.631073 16.465709
15.738700 16.602303
15.819723 16.677506
15.970478 16.782649
16.079465 16.853849
16.163482 16.944705
16.243350 17.107314
16.382108 17.331618
16.437509 17.420528
16.507117 17.464754
16.549942 17.524535
16.709633 17.575509
16.772369 17.633372
16.876196 17.694401
16.906633 17.634925
16.903395 17.629892
16.936509 17.627103
16.967639 17.647626
16.975834 17.602488
16.987757 17.533012
17.015120 17.552616
17.111031 17.634462
17.292677 17.709213
17.459238 17.762159
17.610058 17.785846
17.706579 17.807942
17.784852 17.834443
17.871802 17.889488
17.936401 17.942975
18.013602 17.997584
18.100836 18.057370
18.197522 18.126865
18.300462 18.152747
18.530126 18.316969
18.737540 18.404462
18.832936 18.446030
19.051278 18.721665
19.189281 18.964322
19.363033 19.048207
19.633528 19.117047
19.663910 19.132117
19.602774 19.070543
19.617671 19.053121
19.650326 19.045509
19.664325 19.058664
19.690036 19.062159
19.693599 19.084087
19.706588 19.101484
19.704658 19.115118
19.737645 19.149545
19.763685 19.162445
19.789145 19.187222
19.841370 19.211808
19.905364 19.263625
19.963505 19.314443
20.030295 19.371978
20.092126 19.390370
20.040967 19.457785
20.072243 19.437492
20.092596 19.414295
20.105527 19.431786
20.147137 19.475016
20.191766 19.509731
20.242466 19.577012
20.264777 19.695223
20.397050 19.883583
20.564380 19.934640
20.772398 20.073130
20.798776 20.140724
20.944281 20.183382
21.147527 20.504576
21.197548 20.554954
21.327691 20.725009
21.397973 20.771677
21.476450 20.818013
21.553279 20.855132
21.607271 20.896603
21.637433 20.873428
21.704125 20.929125
21.739665 20.941958
21.775499 20.969708
21.800080 20.926988
21.863798 20.928954
21.873992 20.934825
21.893200 20.837139
21.912416 20.873566
21.941713 20.914960
21.926713 20.916107
21.701947 20.901799
21.700058 20.914125
21.707823 20.914561
21.712476 20.933358
21.740222 20.941633
21.781561 20.969483
21.804294 20.837810
21.706346 20.750011
21.725096 20.762364
21.738953 20.786134
21.749600 20.810148
21.741114 20.877362
21.745884 20.933207
21.753237 20.986365
21.785820 21.039091
21.814981 21.073969
21.876461 21.184289
21.975218 21.305775
22.278710 21.479491
22.439435 21.610131
22.528636 21.766763
22.452423 21.801035
22.582393 21.934841
22.589688 22.151264
22.889309 22.236915
22.919295 22.362505
22.949798 22.396313
22.979685 22.422246
23.038935 22.499911
23.074113 22.542534
23.109880 22.587878
23.153024 22.648075
23.206801 22.684201
23.264968 22.732003
23.308637 22.779359
23.359157 22.810214
23.375943 22.815701
23.382376 22.780629
23.370436 22.770253
23.381538 22.737038
23.342426 22.773255
23.331022 22.765425
23.319016 22.749022
23.308292 22.731538
23.305183 22.712957
23.312069 22.668859
23.340483 22.759085
23.378395 22.750735
23.376081 22.864474
23.391911 22.896370
23.404373 22.905310
23.416677 22.922614
23.423296 22.941422
23.476911 22.929756
23.568833 22.922286
23.667032 22.947270
23.766998 22.955738
23.862766 23.058108
23.962894 23.103679
24.062791 23.150900
24.149568 23.194636
24.268647 23.239530
24.358353 23.295463
24.428328 23.459639
24.540418 23.561183
24.700485 23.696181
24.801141 23.781274
24.906691 23.861142
24.977142 23.916273
24.916235 24.004058
24.950469 24.175106
24.966198 24.193138
24.983152 24.312812
25.061753 24.372104
25.080212 24.400088
25.125763 24.430885
25.133258 24.508381
25.163452 24.538935
25.190810 24.557673
25.212400 24.585921
25.251398 24.612652
25.253418 24.576665
25.296193 24.629812
25.317559 24.647568
25.319236 24.697438
25.356292 24.734515
25.436743 24.784397
25.518703 24.789627
25.770087 24.842275
25.782631 24.950446
25.754608 24.965213
25.732687 24.958039
25.700957 24.968404
25.675523 24.977142
25.664796 24.994299
25.705343 25.026566
25.758473 25.093805
25.811487 25.151733
25.845707 25.186656
25.786679 25.168027
25.808477 25.156830
25.850643 25.137666
25.930482 25.137933
25.821745 25.097238
25.780897 24.916484
25.687446 24.908538
25.435744 24.808926
25.328024 24.702645
25.209648 24.569152
25.192210 24.444977
24.981809 24.300830
24.778045 24.091816
24.396918 24.064125
24.345798 24.000002
24.024614 23.827984
23.934733 23.694538
23.784364 23.400786
23.644546 23.247067
23.010867 23.084065
22.611551 22.754874
22.196696 22.398537
22.052431 22.390558
22.067211 22.422857
22.245978 22.888841
22.784172 23.542097
23.381146 24.032890
24.244934 24.552918
25.154200 25.372301
25.852123 25.824526
26.210366 26.156535
26.381453 26.289605
26.573979 26.405654
26.891348 26.577397
27.039877 26.605712
27.031513 26.628851
27.119203 26.619456
27.146728 26.662481
27.129098 26.682116
27.126906 26.676964
27.117087 26.681258
27.132886 26.686834
27.088704 26.662265
27.070556 26.667558
27.073760 26.663346
27.085386 26.695391
27.061389 26.697028
26.934981 26.589426
26.894041 26.548407
26.766498 26.573084
26.750362 26.527634
26.714479 26.329151
26.519346 26.160702
26.445210 25.750271
25.937587 25.500545
25.649476 25.264057
25.024359 24.810487
24.325519 24.389967
24.064923 23.804705
23.780305 23.540294
23.505753 23.266531
23.377380 23.112264
23.346966 23.048543
23.281512 23.069916
23.656463 23.171050
23.861652 23.284121
24.395547 23.601273
24.552229 23.810503
24.920019 23.971386
25.195874 24.307634
25.228738 24.530300
25.436781 24.566324
25.599756 24.620272
25.723729 24.663575
25.520911 24.653938
25.628556 24.738182
25.801553 24.914678
25.900125 25.049962
26.021419 25.155978
26.044089 25.372848
26.126844 25.484451
26.238554 25.621696
26.289471 25.688251
26.316235 25.745317
26.377607 25.755353
26.442556 25.735167
26.449602 25.717748
26.459726 25.756197
26.498060 25.751779
26.513178 25.770913
26.512998 25.559377
26.532699 25.574874
26.540236 25.598792
26.552272 25.619046
26.575176 25.632874
26.595575 25.657551
26.606141 25.667506
26.465079 25.533075
26.430592 25.557405
26.451149 25.601612
26.308035 25.572755
26.275263 25.556190
26.295604 25.564492
26.293789 25.570404
26.278489 25.535663
26.343996 25.590622
26.390759 25.709576
26.439311 25.817049
26.511163 25.902817
26.660417 25.977039
26.784208 26.083600
26.755786 26.131837
26.760912 26.324610
26.917568 26.520390
26.953878 26.546844
27.199383 26.651764
27.446424 26.662486
27.456632 26.661061
27.503913 26.695442
27.480834 26.629935
27.414731 26.598981
27.318153 26.343922
27.077861 26.055959
26.788825 25.697629
26.450906 25.587901
26.210146 25.254577
25.817114 24.717569
25.574632 24.452749
24.972170 24.226768
24.369811 23.647824
23.413114 23.325616
22.331994 22.655566
21.359379 21.701510
20.139504 20.997847
19.538020 19.947799
18.801963 19.392404
18.283751 18.645917
17.421955 18.144758
16.908425 17.355212
16.287269 16.865530
15.718201 15.981165
15.564788 15.850802
14.697187 15.789142
14.308810 15.161896
13.921486 14.951868
13.923058 14.894552
14.654075 15.310602
14.684193 15.338931
14.654581 15.344003
14.843478 15.773012
15.007287 15.862802
14.993040 15.860596
15.046236 15.934190
15.375400 16.361363
15.381459 16.417829
15.401093 16.482371
15.415797 16.713929
15.446510 16.771236
15.532447 17.039691
15.599923 17.096682
15.678631 17.188576
15.626275 17.257420
15.533789 17.153194
14.990722 16.993313
14.870991 16.386158
14.521029 16.178565
14.174667 15.876958
13.532125 15.334952
13.488606 15.112757
12.995431 14.458632
12.478097 14.002870
12.238927 13.629086
11.498029 13.118169
11.119581 12.832573
10.261428 12.661437
9.969605 11.865481
9.939718 11.667953
10.073484 11.899499
10.344445 12.118722
10.907021 12.787109
11.228718 13.397090
11.409543 13.418242
11.345937 13.357633
11.325554 13.602456
11.297265 13.628006
11.288320 13.659218
11.270492 13.695768
11.288433 13.742647
10.860529 13.553514
9.995140 12.913271
9.651332 12.172202
9.387721 11.964394
8.997443 11.567182
8.321062 10.854952
8.103763 10.325627
7.374842 9.500076
7.078546 9.036130
7.038033 8.556449
6.805567 7.966489
6.706131 7.201538
6.780461 6.866968
6.773665 6.946521
6.597603 6.702166
6.696900 6.799289
6.885730 6.952828
7.096608 7.139242
7.292451 7.308693
7.717379 7.814544
8.200657 8.335615
