40
5660
5890
5980
6060
6170
6360
6650
6540
6760
4180
5750
5670
6110
6120
6560
6330
6420
6570
6710
4250
6030
6200
5920
6050
6350
6360
6410
6550
6710
4060
5720
6130
6320
6160
6750
6320
6620
6590
6720
4050
5690
5810
5760
6190
6200
6340
6650
6590
6740
4120
5670
6120
6000
6180
6270
6660
6460
6820
6950
4050
5600
6280
6250
6110
6700
6390
6480
6580
7080
4060
5710
5880
5940
6120
6600
6400
6440
6580
6790
4040
5600
5880
6010
6080
6150
6360
5030
5800
6680
4410
6390
6410
6250
6700
6350
7150
6500
6770
6860
4340
5760
5810
5980
6200
5760
6310
6440
6630
6740
4130
5840
6010
6100
6200
6360
6410
6590
7290
6790
4110
5800
6310
6090
6430
6260
6320
6760
6590
7070
4270
5830
5830
5970
6310
6460
6430
6590
6670
6850
4150
5800
6110
6000
6130
6470
6450
6930
6690
6910
4220
5890
6220
6220
6190
6280
6530
6690
6700
6950
4130
5890
5870
6020
6170
6500
6450
6820
6790
6960
4120
5680
6320
6240
6320
6290
6490
6520
6770
6790
4560
5800
5880
6110
6140
6580
6540
6650
6920
6790
4130
5980
5960
6070
6420
6370
6360
6450
6570
7050
4210
5930
5850
5940
6170
6290
6370
6720
6880
6910
4480
6000
5910
6000
6390
6680
6440
6540
6590
6790
4130
5830
5890
5970
6140
6290
6540
6510
6740
7010
4230
5680
6060
6190
6190
6440
6560
6460
6780
6880
4170
5750
5920
6220
6150
6220
6680
6700
6790
6740
4100
5760
5850
5980
6220
6270
6380
6600
6620
6930
4380
5790
6130
6190
6140
6310
6960
6660
6760
6750
4100
5680
5820
6030
6170
6250
6330
6520
6640
6750
4130
5720
5890
5960
6150
6520
6370
6550
6560
6780
4090
5740
5940
6100
6050
6190
6470
6600
6600
6970
4200
5880
5860
5990
6400
6750
6680
6810
6820
6740
4160
5900
6220
5990
6160
6450
6340
6500
6650
6800
4070
5980
5890
6180
6340
6550
6990
6630
6800
6960
4100
5860
5870
6010
6230
6210
6670
6490
6780
6740
4120
5810
6020
5970
6380
6260
6390
6500
6710
6750
4310
5920
5910
5300
6240
6240
6300
6510
6650
6790
4600
5950
5840
6030
6540
6730
6700
6490
6630
6880
4090
5720
5840
5930
6010
6230
6480
6670
6620
6740
4390
5770
6020
5900
6370
6490
5930
6480
6580
6740
4100
5780
5870
6070
6090
6260
6330
6530
6610
6800
4100
5710
6010
6280
6280
6210
6370
6480
6590
6730
4100
5690
5820
5960
6160
6210
6380
6460
6610
6750
4110
5760
5800
5930
6080
6230
6320
6470
6620
6690
4090
5680
5810
5950
6050
6200
6330
6460
6620
6700
4110
5690
5810
5940
6090
6200
6310
6440
6580
6670
4120
5730
5860
5990
6110
6250
6360
6500
6620
6730
4100
5720
5790
5910
6070
6180
6300
6480
6560
6710
4110
5700
6060
6030
6150
6270
6460
6560
6610
6740
4150
5820
5910
6150
6170
6340
6470
6490
6590
6740
4240
5840
5830
5900
6040
6190
6350
6610
6620
6750
4100
5730
5890
5890
6030
6180
6520
6450
6690
6750
4090
5700
5830
6020
6150
6270
6430
6490
6640
6840
4290
5700
6250
6030
6110
6340
6480
6570
6590
6890
4550
5820
5890
6040
6200
6570
6330
6500
6630
6770
4240
5770
5870
6090
6120
6250
6360
6480
6640
6860
4130
5840
5840
5990
6160
6230
6470
6590
6670
7490
4110
