2.092064 2.010527
2.104910 2.021511
2.124716 2.071561
2.127113 2.143784
2.149478 2.227784
2.196019 2.357092
2.221484 2.493206
2.288909 2.636891
2.385773 2.825003
2.451758 3.017409
2.293180 2.952027
2.217536 2.918375
2.258949 2.962615
2.276973 3.096828
2.274111 2.952656
2.314904 2.902970
2.609933 3.064604
3.139824 3.736745
3.522930 4.146634
3.845405 4.602526
3.967987 4.736921
4.168807 4.978954
4.410191 5.187425
4.546694 5.319311
4.771535 5.530105
4.965087 5.720151
5.132804 5.934822
5.249836 6.051882
5.306027 6.152849
5.327591 6.102048
5.312250 6.024670
5.091872 5.750611
4.935883 5.637941
4.685526 5.464889
4.513679 5.163197
4.140382 4.933894
3.865531 4.632639
3.380053 4.295209
3.234377 3.786014
3.041288 3.666703
3.005337 3.567107
2.829956 3.550985
2.922248 3.573922
2.890703 3.514869
2.874235 3.440145
2.807927 3.267237
2.725521 3.246660
2.746367 3.216250
2.812140 3.189883
2.893035 3.078290
3.288141 3.416324
3.902961 3.872794
4.593808 4.266753
5.396163 4.743918
5.773291 4.968668
6.050925 5.121555
6.220717 5.249603
6.273643 5.297267
6.402839 5.380093
6.486434 5.429478
6.440066 5.499376
6.475266 5.481114
6.283110 5.419333
6.094836 5.351734
5.722633 5.039823
5.340544 4.746853
4.851176 4.480019
4.255107 4.171208
3.746690 3.893179
3.461985 3.692195
3.270852 3.505994
3.144553 3.491512
3.123826 3.471112
3.027463 3.298998
3.164216 3.347992
3.181025 3.329577
3.312189 3.495209
3.429844 3.616879
3.619184 3.707094
3.726979 3.798071
3.773810 3.761443
3.976688 4.079552
4.427506 4.637842
4.808255 5.209195
5.195701 5.851737
5.475634 6.348986
5.711948 6.611601
5.782562 6.714223
5.822182 6.636698
5.852380 6.640921
5.832467 6.603193
5.889691 6.555063
5.990673 6.609231
6.090513 6.622537
6.201153 6.678399
6.246537 6.684309
6.402906 6.717878
6.398996 6.590357
6.321943 6.425166
6.211063 6.187919
6.030557 6.021353
5.592246 5.668319
5.406015 5.481819
5.084138 5.220777
4.763079 5.195798
4.636051 4.945272
4.762213 5.095878
4.842192 5.185093
4.920917 5.176249
4.828815 5.123863
4.715894 4.862255
4.517944 4.691718
4.357830 4.556359
4.202966 4.376990
4.102640 4.158350
3.764086 4.104251
3.928073 4.227797
4.275287 4.565023
4.551724 4.824817
4.786462 4.977865
5.016488 5.150124
5.132790 5.258952
5.139716 5.213764
5.180500 5.213558
5.334214 5.306315
5.498456 5.518187
5.755894 5.739299
5.923566 5.865723
6.014424 6.020973
6.001836 6.020951
5.936749 5.885318
5.826397 5.744516
5.831650 5.608374
5.760003 5.582696
5.816876 5.367864
5.806420 5.383001
5.946683 5.413167
6.115136 5.564486
6.486871 5.802027
7.008971 6.212792
7.398369 6.677135
7.805181 7.231034
8.217863 7.748474
8.610944 8.163773
8.854703 8.407463
9.154864 8.773947
9.261511 8.975907
9.260492 9.155748
9.482668 9.379887
9.590680 9.458092
9.567783 9.524096
9.639120 9.639391
9.738884 9.734020
9.757130 9.717320
9.779844 9.797946
9.833959 9.838895
9.877172 9.913471
9.915468 9.932928
9.960276 9.983984
10.013329 10.034369
10.070362 10.087452
10.123966 10.109535
10.176362 10.157883
10.149129 10.211612
10.134522 10.175016
10.167876 10.186286
10.254516 10.229370
10.309579 10.268978
10.398183 10.364693
10.488443 10.489313
10.606280 10.586745
10.683457 10.863338
10.734538 11.062845
10.863440 11.084131
10.892816 11.018105
11.041556 11.056267
11.099945 11.095107
11.215100 11.179180
11.299745 11.202485
11.346046 11.230347
11.314027 11.061807
11.193581 10.929027
11.085058 10.710603
10.896970 10.577379
10.575864 10.316758
10.674043 10.262948
10.929209 10.316299
11.202838 10.437117
11.406972 10.488743
11.475883 10.383595
11.338439 10.354999
11.308155 10.411752
11.394932 10.481675
11.336790 10.491531
11.299986 10.497211
11.224788 10.494427
11.218911 10.564822
11.333445 10.805244
11.571537 11.208192
11.815200 11.826995
11.959856 12.369326
12.255927 12.892459
12.288887 13.076841
12.353993 13.289603
12.419741 13.376399
12.313299 13.238615
11.870004 12.972336
11.900620 13.097279
11.928463 13.143910
11.882156 13.159237
11.848474 12.981909
11.588712 12.901336
11.236715 12.604553
10.773658 12.105602
10.422441 11.721362
10.131656 11.138927
9.772861 10.763889
9.583511 10.382362
9.540450 10.324610
9.809641 10.392865
10.076843 10.617652
10.164899 10.865766
10.176340 10.988676
10.287528 11.102403
10.382568 11.104905
10.482965 11.219812
10.272570 10.991212
10.148495 10.757925
10.073066 10.588033
10.112281 10.568539
10.504263 11.348977
11.329151 12.242715
11.656309 12.671472
11.979457 13.025905
12.338223 13.153877
12.454760 13.208872
12.461402 13.205128
12.447594 13.116105
12.434055 13.080465
12.288072 13.075900
12.132003 12.869215
12.151888 12.874206
12.221088 12.947260
12.186090 12.976292
12.223414 12.982508
12.289319 13.013082
12.335337 13.046217
12.365986 13.054715
12.432588 13.069795
12.499035 13.068798
12.421431 13.120389
12.433393 13.036331
12.369663 12.899993
12.112314 12.725957
12.013376 12.556645
11.894099 12.408882
11.709447 11.889919
11.515784 11.548625
11.206366 11.137927
10.949675 10.778484
10.506907 10.616435
10.054815 10.190938
9.698807 9.834004
9.489708 9.362600
9.245699 9.052263
8.987505 8.945591
8.571172 8.825090
8.250860 8.622806
8.195451 8.346159
8.171146 8.261361
8.127467 8.322747
8.044271 8.155475
7.817987 8.145740
7.661631 7.986430
7.279528 7.857248
7.157351 7.894109
7.136631 7.893264
7.104576 7.959961
6.961198 7.933335
6.859434 7.619753
6.455224 7.436637
5.989775 6.952002
5.813931 6.501357
5.527907 6.205917
5.613763 5.583585
5.515608 5.582121
5.596510 5.262036
5.666949 5.148883
5.814730 5.208660
5.973890 5.285359
6.059831 5.312887
6.154536 5.305542
6.215705 5.178922
6.406209 5.098753
6.148648 4.847524
5.649550 4.685083
5.515923 4.496823
5.385285 4.455529
5.576606 4.669431
5.477095 4.709076
5.296319 4.793925
4.875251 4.670652
4.702105 4.498541
4.501410 4.404599
4.149289 4.089659
3.923908 3.761459
3.551279 3.612205
3.370094 3.419837
3.388545 3.338624
3.343848 3.287646
3.157484 3.232559
3.209199 3.286536
3.014974 3.301524
2.974010 3.292927
2.750694 3.385165
2.665637 3.506348
2.624334 3.683149
2.677244 3.859659
2.905773 3.850102
2.928087 3.917636
2.740682 4.021310
2.681795 4.014301
2.556376 3.930455
2.389274 3.664427
2.218743 3.362288
2.084794 3.280161
1.988412 3.347390
2.099058 3.225342
2.179711 3.290162
2.268915 3.296090
2.313082 3.183107
2.373896 3.152436
2.390219 3.170865
2.512415 3.228140
2.696932 3.341131
2.987630 3.515600
3.249960 3.719157
3.579533 3.817728
3.891665 3.939932
4.386909 4.050233
4.843988 4.142206
5.337506 4.288561
5.358935 4.246236
5.026455 4.073379
4.849558 3.797217
4.552581 3.739896
4.424858 3.739696
4.362637 3.793675
4.318132 3.857582
4.280548 3.847703
4.262841 3.921505
4.149654 3.786930
3.860085 3.792543
3.430934 3.683565
3.467493 3.719673
3.535178 3.660556
3.167777 3.473462
2.835606 3.250401
2.709521 3.161093
2.651835 3.074231
2.513761 3.053031
2.632725 3.134501
2.760212 3.195376
2.752110 3.216464
2.681184 3.046858
2.615735 2.874767
2.722145 2.931447
2.786815 2.943249
2.799885 2.947475
2.796333 2.975612
2.787680 2.948924
2.768707 2.992792
2.767705 2.902711
2.702252 2.900014
2.664713 2.896131
2.610133 2.886331
2.566413 2.999719
2.649110 3.179716
2.739752 3.328658
2.877920 3.450969
3.342389 3.972811
3.572372 4.354589
3.655650 4.445565
3.625127 4.456501
3.554868 4.444651
3.514686 4.442128
3.539810 4.489419
3.629640 4.440595
3.778018 4.263635
3.703709 4.340674
3.498024 3.974427
3.342232 3.736214
3.226015 3.649658
3.150141 3.562957
3.217245 3.680669
3.149622 3.681078
3.152723 3.736302
3.214898 3.870935
3.283987 3.904953
3.223402 3.742554
3.108038 3.763576
3.129669 3.761159
2.953985 3.592645
2.938313 3.391704
2.955797 3.306795
2.766995 3.364577
2.642686 3.307580
2.549262 3.052334
2.533704 2.849796
2.575491 2.806510
2.575272 2.769925
2.581302 2.859895
2.646286 2.923855
2.815633 3.045087
3.070673 3.157323
3.373265 3.299593
3.657624 3.386283
3.948104 3.546754
4.237827 3.692742
4.195677 3.663846
4.142855 3.330662
4.198898 3.379030
3.884527 3.203861
3.572666 3.111465
3.273434 3.078803
3.095674 3.116156
3.135487 3.174045
2.851499 3.070767
2.765617 3.101326
2.648169 3.053110
2.453486 3.106598
2.443969 3.087195
2.333427 3.245781
2.391756 3.208494
2.436493 3.323210
2.477655 3.342676
2.532799 3.517273
2.489397 3.531013
2.477460 3.522864
2.424097 3.608400
2.543835 3.664888
2.695503 3.734638
2.825823 3.824538
3.089188 3.974504
3.375848 4.135104
3.570499 4.223009
3.823652 4.345290
3.999996 4.349713
4.077703 4.321526
4.060174 4.421142
4.112321 4.311541
4.205739 4.307957
4.247012 4.304425
4.213776 4.216368
3.958733 4.055975
3.568929 3.893158
3.414493 3.705635
3.339584 3.482860
3.055008 3.178410
2.849275 3.172091
3.063321 3.170212
2.588928 3.017375
2.330376 2.958039
2.318546 2.954067
2.256547 2.952049
2.227953 2.859901
2.133841 2.910974
2.128830 2.884871
2.171093 2.847993
2.224438 2.728160
2.315148 2.753888
2.403599 2.853843
2.539314 2.904726
2.631583 2.981716
2.748674 3.133112
2.758729 3.195179
2.764337 3.306121
2.684650 3.277639
2.677740 3.225684
2.706634 3.237967
2.656558 3.347833
2.697530 3.420696
2.708411 3.482763
2.693752 3.421198
2.707623 3.392570
2.745816 3.485052
2.831002 3.541636
3.014960 3.641782
3.174430 3.674221
3.274694 3.793565
3.337729 3.795169
3.418537 3.740192
3.475070 3.753373
3.512650 3.886519
3.556930 4.029620
3.408864 3.853559
3.373923 3.771230
3.394614 3.715314
3.517329 3.705759
3.489579 3.653977
3.322579 3.422508
3.405291 3.336424
3.447349 3.241173
3.398139 3.155592
3.378208 3.159308
3.357636 3.231926
3.317661 3.351123
3.233849 3.443099
3.189241 3.411003
3.181296 3.507373
3.200991 3.533193
3.218608 3.585252
3.189480 3.636201
3.011935 3.659329
2.961391 3.573383
2.849635 3.498218
2.843906 3.553254
2.771264 3.639263
2.799323 3.701939
2.898992 3.754970
2.948650 3.827988
2.852596 3.823917
2.743507 3.774404
2.725338 3.709603
2.743375 3.608060
2.580903 3.467064
2.471826 3.363134
2.297981 3.134214
2.111737 2.984995
1.999718 2.969485
1.878175 2.955880
1.862592 2.886909
1.808553 2.908403
1.780646 2.869854
1.671991 2.675093
1.685128 2.587953
1.656263 2.448098
1.636302 2.362813
1.702669 2.269162
1.819363 2.347288
1.968913 2.447055
2.101434 2.558200
2.138102 2.671632
2.214255 2.739139
2.229299 2.787726
2.276605 2.864023
2.357458 2.972000
2.427714 3.155747
2.518589 3.306276
2.697037 3.367720
2.825589 3.501691
3.018588 3.553768
3.247989 3.751997
3.389715 3.846500
3.631144 4.042923
3.827383 4.056338
4.013770 4.107274
4.218627 4.202914
4.335792 4.323415
4.660047 4.540745
4.764885 4.831242
