0.264367
0.308409
0.472661
0.591325
0.775559
0.910548
0.917558
0.953551
1.205179
1.352553
1.615639
1.837226
2.126960
2.602562
2.694047
2.677677
2.356332
2.252339
2.431258
2.177776
1.931247
1.679258
1.706409
1.815710
2.024740
2.429021
2.805924
3.256690
3.516848
3.743736
4.135925
4.507947
4.729808
5.145643
5.298734
5.705620
5.948723
6.386781
6.647118
6.890660
7.307728
7.568806
8.118515
8.425347
8.743291
8.847635
8.873781
9.081915
9.132614
9.030502
8.896016
8.781009
8.600810
7.974698
7.538614
6.865701
6.209968
5.841450
5.356280
4.955294
4.472614
4.077381
3.673499
3.092452
2.640799
2.181940
1.453236
1.170761
0.902184
1.077472
1.164319
1.773168
2.218345
2.749258
3.404736
3.794063
4.124767
4.736840
5.133902
5.163233
4.827667
4.622813
5.089253
5.380535
5.297641
4.563047
4.061772
3.516837
3.138900
2.730650
2.271990
1.591280
1.233773
1.005911
0.868604
1.102749
1.394554
1.856622
2.411467
2.903390
3.750267
4.392864
5.066659
5.741574
6.337699
6.752418
7.271349
7.885067
8.316795
8.831290
9.270880
9.387182
9.612463
9.599029
10.096432
9.559184
9.457280
9.189534
9.071969
8.986334
9.087314
8.247667
7.796553
7.305257
6.894880
6.216247
5.882992
5.525387
4.809034
4.331598
3.840227
3.075965
2.519400
2.083718
1.579560
0.794766
0.387765
0.448290
1.143664
1.716156
2.265004
2.973314
3.408810
3.653831
4.143211
4.370244
4.699934
4.915896
4.922854
4.980948
4.956086
4.858851
4.590374
4.248154
4.617937
5.011719
5.456895
5.975337
6.257232
6.589882
6.719898
7.037433
7.446846
7.915687
8.475626
8.865105
9.310619
9.858275
10.438812
11.105990
11.412890
11.582979
11.878066
12.399104
12.908742
13.639935
14.290618
15.018248
15.462867
16.387083
16.582779
16.994122
17.469629
17.767626
17.214290
17.027483
16.809183
16.433624
16.286454
16.102242
15.783926
15.401245
15.208416
14.840008
14.746664
14.686173
14.668097
15.113313
15.697490
16.921776
17.984449
20.528371
22.913464
24.254828
24.486233
24.852022
24.166578
23.702590
22.980788
22.297885
21.775404
21.116537
20.972185
20.769177
20.364294
20.158830
20.068984
20.005270
20.201943
20.852889
21.205602
21.694989
21.993378
22.359150
22.047513
22.188680
22.699358
23.058318
23.378418
22.903620
22.574691
22.568220
22.270246
21.985390
21.637818
21.469121
21.264676
21.065421
20.917989
20.750169
20.555771
20.385677
20.268903
20.279200
20.265452
20.198808
20.106406
20.564416
21.268796
21.717300
22.294890
22.815715
22.869600
22.020753
21.306473
20.484349
19.883551
19.219947
18.097170
17.478178
16.580164
16.335980
16.185249
16.140423
16.267216
16.413551
16.684818
16.997561
17.167160
17.558453
18.005177
18.855586
19.105645
19.546870
18.813046
18.373943
18.167261
17.825772
17.534312
17.282281
16.452502
15.775994
15.263565
14.905971
14.433096
14.064178
13.822664
13.580131
13.299987
13.398070
13.708110
13.878530
14.345744
14.071698
14.796252
15.108364
15.537392
16.036866
16.379773
16.454813
15.831590
15.659341
15.305480
14.730120
14.641542
14.682528
14.506113
14.559794
14.620797
14.601518
14.814385
15.336277
15.875240
16.497940
16.989231
17.416085
17.818380
18.346452
18.971877
19.363089
19.768186
20.178368
19.605114
19.276307
19.008397
18.585688
18.162428
17.568301
17.030866
16.592284
15.861974
15.475074
15.082645
14.794139
14.528930
14.587678
15.128884
15.636013
16.361189
16.664796
17.348020
17.971221
16.811494
15.879833
14.787821
13.694005
12.728226
11.588032
10.798419
10.409273
10.364633
10.770549
11.052870
11.514180
12.165629
12.948850
13.046240
13.177769
13.122705
13.678405
14.524449
15.034570
15.726053
15.732759
16.172080
16.572760
17.238395
17.229739
17.299107
17.605029
18.227716
18.606181
19.220105
19.742506
20.432526
21.197424
21.879569
22.905683
24.241485
26.184013
27.458996
29.019423
30.110487
30.062661
29.942078
29.462572
28.931555
28.923071
28.950600
28.895619
27.952345
27.508119
26.943426
26.497835
25.732243
25.203674
24.596303
23.955634
23.238561
22.485883
21.266967
20.309434
19.918920
19.584289
19.380059
19.060153
18.804850
18.030656
17.345966
16.772579
15.930114
15.288117
14.745128
14.138125
13.601252
13.166033
13.031589
12.785532
12.781789
13.205954
13.643295
13.515473
13.969699
14.487512
15.359378
15.978331
15.386643
15.071760
14.703856
14.490511
14.181156
14.056116
13.657707
13.216406
12.868661
12.562801
12.159820
12.045975
12.063546
11.977856
11.743936
11.730701
11.668066
11.711677
11.749640
11.884867
12.217991
12.623090
13.008274
13.758938
14.381256
15.162320
16.361604
17.595512
18.733708
20.159205
21.219385
21.971057
22.307249
22.577721
22.876420
23.575926
23.775725
23.419983
23.851282
24.234978
24.038172
23.662450
23.444001
23.236670
22.643792
22.353853
21.942212
21.744591
21.353288
21.243882
21.202249
20.477398
19.825504
19.332423
18.692475
18.095892
17.345222
16.767200
16.240280
15.747524
15.175396
14.308071
13.664763
13.080203
12.476179
12.257724
12.221391
12.263377
12.233066
12.433861
12.701279
13.018859
13.220739
12.888956
12.385414
12.111369
11.990146
11.880385
11.825617
11.960855
12.102538
12.130136
12.332871
12.599680
12.737300
12.977728
13.351169
13.562789
13.481279
13.479947
13.715173
13.924636
14.056876
14.046358
14.429007
14.973226
15.405518
15.765877
16.534162
17.262377
18.015367
19.358701
20.420790
21.781857
22.802176
23.820539
24.770863
24.971654
24.462972
24.556088
24.071438
23.821975
23.198392
22.827227
21.897598
21.250851
20.954052
20.372609
20.002030
19.451090
18.811616
18.124229
17.460002
16.847862
15.873938
15.209404
14.494263
13.591053
12.942559
12.281001
11.710955
10.935860
10.431565
9.676512
9.162415
