2.103548 2.006626
2.042990 1.994253
1.993342 1.956294
1.975442 2.008175
1.912615 2.027667
1.904731 2.090832
1.842643 2.188300
1.790238 2.276688
1.783820 2.392644
1.816492 2.502969
1.907143 2.720345
2.048145 2.838079
1.992099 2.979081
2.096359 3.119164
2.125591 3.085703
2.362313 3.318188
2.706231 3.688857
3.093277 4.027116
3.208991 4.139034
3.322589 4.129396
3.371540 4.049876
3.418524 4.005667
3.399851 3.865547
3.378485 3.787308
3.435518 3.754681
3.485856 3.631602
3.524240 3.684295
3.501870 3.518062
3.451928 3.471793
3.276317 3.338710
3.301122 3.255292
3.280211 3.257636
3.289801 3.281218
3.262706 3.224104
3.276666 3.260470
3.192547 3.287609
3.181037 3.210066
3.288887 3.167615
3.218337 3.240197
3.211336 3.282277
3.244030 3.245879
3.417165 3.347620
3.636823 3.557558
3.795373 3.788111
3.926437 3.916619
3.970291 3.980374
4.001281 4.042127
4.269700 4.212515
4.485167 4.396279
4.950956 4.933816
5.575041 5.505793
6.070890 5.883500
6.458138 6.168769
6.667532 6.295858
6.625313 6.130399
6.531080 5.832190
6.394721 5.569765
6.188883 5.189597
5.904318 4.997772
5.562484 4.682727
5.108810 4.381953
4.659460 4.150074
4.132970 3.713156
3.728273 3.488142
3.351399 3.196973
2.911970 3.054403
2.704582 2.978006
2.453471 2.870945
2.438137 2.762039
2.480437 2.522948
2.436722 2.489016
2.491980 2.570759
2.481291 2.621993
2.594547 2.768628
2.753779 2.884154
2.878457 2.971905
3.107583 3.137517
3.301595 3.113894
3.577528 3.422504
3.647462 3.477362
3.929031 3.488809
4.405617 3.832818
4.990918 4.116264
5.447051 4.308872
5.700713 4.432492
5.752927 4.418085
5.796197 4.456501
5.588493 4.413120
5.469017 4.256190
5.259788 4.047309
5.053902 3.938834
5.190939 4.077810
5.314477 4.206352
5.322205 4.267632
5.250803 4.246852
5.028603 4.112370
4.836487 4.026077
4.351875 3.932557
3.948969 3.890523
3.657792 3.677905
3.510132 3.465621
3.331787 3.361535
3.121175 3.383246
3.034750 3.316923
3.067284 3.448334
3.221785 3.554076
3.479874 3.809003
3.734936 4.080487
4.048371 4.374431
4.305013 4.623114
4.331302 4.722954
4.240536 4.584474
4.308564 4.557831
4.391668 4.501973
4.512694 4.525726
4.610124 4.726364
5.233801 5.397054
5.696395 6.017329
5.790910 6.217446
5.869208 6.353505
5.886304 6.340407
5.891341 6.403421
5.815709 6.358629
5.816647 6.312564
5.847598 6.194515
5.868965 6.108393
5.835946 6.068394
5.748284 5.856957
5.659809 5.709572
5.382730 5.443920
5.065821 5.119310
4.759853 4.823065
4.453687 4.471178
4.077385 4.103418
3.887082 3.940390
3.731267 3.731513
3.967299 3.930116
4.159849 4.118522
4.427491 4.415340
4.931015 4.859282
5.353334 5.208666
5.492955 5.242131
5.540970 5.275018
5.699604 5.301134
5.869222 5.350307
6.054994 5.241966
6.264434 5.271697
6.622284 5.297159
6.679295 5.336464
6.776847 5.313403
6.705601 5.141351
6.657214 4.881087
6.816707 4.478060
6.703156 3.911307
6.633224 3.729959
6.438028 3.580370
6.272133 3.414799
5.976012 3.453433
5.807087 3.493330
5.495450 3.489951
5.302994 3.534091
5.220251 3.597984
5.011033 3.553043
4.898644 3.562881
4.756309 3.498836
4.654192 3.537395
4.597110 3.610415
4.571765 3.657773
4.730407 3.825139
4.881132 4.061987
5.008268 4.101070
5.048611 4.218415
4.892828 4.131581
4.702996 3.958369
4.502000 3.716853
4.436499 3.658401
4.349272 3.492265
4.322354 3.342284
4.327068 3.237571
4.220624 3.251465
4.185080 3.293492
4.216484 3.262586
4.133762 3.306610
4.247494 3.404141
4.324430 3.259293
4.660315 3.338080
4.915008 3.300737
4.919339 3.244822
4.833364 3.239735
4.721433 3.198536
4.469759 3.228158
4.396504 3.191558
4.436705 3.346101
4.621813 3.617682
4.997239 4.071734
5.309431 4.530139
5.952582 5.159238
6.976019 5.557673
7.647197 5.539580
8.056586 5.336164
7.891468 5.190471
7.232406 5.055722
6.394711 4.678022
5.986149 4.673265
5.877039 4.725359
6.769379 5.223774
7.413548 5.505177
7.680515 5.589073
7.636512 5.420692
7.520661 5.145250
7.411790 4.946260
7.266820 4.876346
7.174057 4.671724
6.951808 4.504251
6.752246 4.148340
6.641424 3.970184
6.392245 3.604603
5.952606 3.384819
5.571254 3.215393
5.159124 3.006249
4.578272 2.875449
4.166147 2.791761
3.815330 2.708267
3.426850 2.475397
3.208915 2.564832
3.026341 2.565722
3.084688 2.536566
3.106522 2.652323
3.191555 2.680334
3.106122 2.730196
3.378523 2.854167
3.662224 2.966605
3.780771 3.015369
3.711410 2.844057
3.497611 2.768913
3.401987 2.784091
3.340316 2.759428
3.309683 2.827298
3.305563 2.961462
3.476004 3.213532
3.759501 3.577977
4.108225 4.093138
4.472984 4.722178
4.586041 5.109676
4.590424 5.507456
4.462003 5.768601
4.320874 5.924398
4.243882 5.837301
3.989431 5.687343
3.697480 5.352482
3.420757 4.837290
3.356869 4.387498
3.173961 3.961471
3.072855 3.555973
2.952080 3.397304
2.965558 3.318647
2.759033 2.993630
2.790391 2.890152
2.795989 2.871554
2.894340 2.933448
3.103816 3.096915
3.219657 3.166704
3.351210 3.275094
3.569605 3.382356
3.635523 3.378306
3.658248 3.346883
3.679538 3.127050
3.580573 2.854718
3.580896 2.763270
3.350054 2.245983
3.370641 2.258447
3.401379 2.150747
3.434999 2.189257
3.524634 2.186334
3.525991 2.307576
4.056935 2.268031
4.618861 2.338310
4.903689 2.417659
4.950343 2.395786
4.708153 2.401967
4.400792 2.509930
4.245029 2.620483
4.108779 2.706268
4.144866 2.872663
4.296317 3.226185
4.312149 3.429976
4.426437 3.841156
4.611888 4.365948
4.580339 4.850126
4.273550 5.058265
3.940428 5.067684
3.439341 4.919270
3.174923 4.654441
3.114470 4.339295
2.679176 3.842764
2.441153 3.268558
2.584176 3.180927
2.879586 3.362091
3.913423 3.917521
4.372443 3.880625
4.343174 3.460112
3.965682 3.154210
3.692328 2.839324
3.537853 2.745893
3.513492 2.628441
3.378970 2.616030
3.396453 2.555382
3.399275 2.447554
3.280214 2.339194
3.227626 2.296421
3.211923 2.251446
3.231124 2.249821
3.256074 2.128516
3.294613 2.099121
3.362980 2.146671
3.313407 2.178026
3.414505 2.271835
3.600981 2.322189
3.712080 2.477854
3.659966 2.527857
3.858795 2.568229
3.968957 2.559020
4.198379 2.590466
5.620577 2.937222
6.950878 3.147056
7.077878 3.038291
6.772212 3.027517
6.314904 2.972125
5.980938 3.074947
5.723664 3.051387
5.450385 3.062017
5.173611 3.003695
5.266314 3.204633
5.553040 3.589891
5.735875 4.014795
5.900909 4.453377
6.333735 4.903079
6.700903 5.261351
7.233126 5.407207
7.888299 5.480475
8.668388 4.967019
8.992223 5.117704
8.818176 5.130487
8.622159 5.531898
8.315542 5.974437
8.106129 6.347654
7.813301 6.765995
7.409159 7.393776
6.928594 7.770820
6.366958 7.995181
5.719150 7.955023
5.111709 7.772222
4.806943 7.499530
4.881796 7.935510
4.885090 8.363860
4.842297 8.820705
4.353935 8.537026
3.926990 8.143627
3.613030 7.647576
3.292963 7.162322
3.103071 6.434688
2.851374 5.412664
2.613016 4.406246
2.352764 3.826020
2.252272 2.804170
2.296851 2.457578
2.472326 2.630497
2.423492 2.702696
2.348819 2.602040
2.345111 2.612218
2.390252 2.680769
2.330758 2.735864
2.352318 2.880781
2.516288 3.468919
2.918218 5.228435
4.457373 10.480195
4.079394 10.345031
2.631883 6.572163
2.086751 4.220243
1.978591 3.579705
2.291430 2.344242
2.308662 1.984386
2.388103 2.046494
2.180406 2.056335
2.083669 2.060416
2.155679 2.198290
2.190486 2.298522
2.240446 2.394982
2.319857 2.459820
2.406006 2.474866
2.366300 2.405967
2.367266 2.414185
2.370265 2.397357
2.379011 2.442397
2.539031 2.529482
2.669321 2.681219
2.849991 2.826931
3.034066 3.048511
3.252931 3.042438
3.437555 3.130837
3.561788 3.136745
3.712021 3.079339
3.755374 3.010925
3.733481 2.897007
3.806429 2.649601
3.957514 2.609898
3.848740 2.491349
3.702520 2.320100
3.548684 2.143019
3.526473 2.089031
3.489611 2.202104
3.506652 2.258812
3.543997 2.346227
3.612224 2.418069
3.581996 2.411675
3.742390 2.436419
3.893949 2.460941
3.976983 2.440391
4.052794 2.421134
4.157607 2.445521
4.133038 2.370322
4.366032 2.642289
4.149777 2.455176
4.135062 2.393144
3.973816 2.404882
3.807942 2.357586
3.763287 2.487298
3.677848 2.431430
3.596301 2.419202
3.565646 2.505428
3.574587 2.562400
3.559273 2.654563
3.597201 2.836904
3.626819 2.802491
3.699023 2.951366
3.789288 3.036225
4.041057 3.252802
4.176826 3.389115
4.218986 3.471319
4.274109 3.630525
4.506336 3.793982
4.652247 3.986909
4.703062 4.139785
4.633899 4.210089
4.651826 4.265935
4.586215 4.399516
4.659376 4.691512
4.608097 4.759306
4.590070 4.928910
4.691382 5.231135
4.941938 5.503519
4.964839 5.643485
4.468683 4.920928
3.777327 3.616313
3.321231 2.578652
3.062051 2.207045
2.847421 2.213865
2.777298 2.199640
2.623963 2.353296
2.704793 2.542437
2.807942 2.632376
2.745620 2.572263
2.516152 2.386334
2.423218 2.244990
2.403300 2.219336
2.307856 2.160396
2.105338 2.066669
2.031630 1.988475
2.015026 2.078569
1.986664 2.093962
2.094467 2.113546
2.162266 2.174934
2.320429 2.305819
2.451655 2.463073
2.667305 2.699094
2.773101 2.783971
2.704711 2.784226
2.594729 2.738987
2.695250 2.829183
2.797535 2.956972
2.709065 2.953969
2.620745 2.847497
2.689848 2.779145
2.805584 2.824773
2.915063 2.954775
3.001670 2.942726
3.130731 2.989234
3.333012 3.031883
3.425792 2.928863
3.484942 2.997635
3.576161 3.030962
3.771864 3.022700
3.874387 2.978654
3.914838 3.153615
3.898454 3.213827
3.743268 2.979049
3.586179 2.876831
3.581892 2.942411
3.510802 2.958606
3.368689 2.811558
3.561427 2.800912
3.629107 2.729764
3.601786 2.690057
3.643677 2.648736
3.699258 2.568014
3.736008 2.567901
3.871582 2.400371
3.943667 2.352167
4.083797 2.448386
4.159290 2.528345
4.259083 2.599441
4.373328 2.685729
4.293943 2.751997
4.337128 2.806370
4.141734 2.619809
3.913269 2.524796
3.745533 2.410730
3.639175 2.397010
3.431580 2.219743
3.241752 2.075585
3.047567 1.992909
2.924521 1.970970
2.636902 1.795642
2.565646 1.758377
2.515426 1.757275
2.429613 1.661932
2.388789 1.668095
2.244388 1.734693
2.225072 1.712359
2.046968 1.785480
2.070208 1.873892
2.045842 1.919445
2.031039 1.975261
2.000236 2.015460
1.878305 1.847875
1.889281 1.833895
1.885973 1.749043
1.879136 1.754519
1.957177 1.748253
2.062495 1.854613
2.109513 2.003137
2.218616 2.064733
2.210436 2.092366
2.336816 2.261922
2.426006 2.338780
2.521330 2.477240
2.642054 2.613480
2.807319 2.645094
2.904712 2.682098
3.003016 2.662938
3.080435 2.703980
3.142944 2.693637
3.224772 2.774921
3.270078 2.829769
3.388103 2.694029
3.418894 2.689671
3.433266 2.640555
3.622820 2.464146
3.783711 2.419002
4.173170 2.677089
4.419595 2.987521
