2.103548 2.006626
2.004806 1.980722
1.959043 1.964933
1.915370 1.987728
1.819993 1.987965
1.817802 2.049125
1.818275 2.126968
1.731798 2.149898
1.782862 2.217295
1.818309 2.290342
1.761342 2.348322
1.810220 2.505652
1.843169 2.659368
1.967986 2.784829
1.955613 2.680640
2.055854 2.664268
2.434175 2.850115
3.084480 3.366272
3.429117 3.743184
3.789079 4.174344
3.897922 4.273575
4.087646 4.402836
4.205837 4.547434
4.290063 4.653243
4.392492 4.816410
4.507077 4.984411
4.656429 5.136723
4.769484 5.269462
4.891444 5.245087
4.799695 5.299362
4.803840 5.318470
4.615569 5.116286
4.556280 4.833217
4.304357 4.531346
4.133957 4.401632
3.868431 4.059864
3.699895 3.765346
3.251802 3.613070
3.065676 3.588856
3.004629 3.287463
2.979286 3.298136
3.010961 3.224711
3.117856 3.328054
3.275938 3.498506
3.203280 3.377069
3.181874 3.260939
3.145478 3.188850
3.097300 3.235139
3.067571 3.208838
3.049883 3.270704
3.489484 3.630829
4.089793 4.070352
4.658579 4.531371
5.145666 4.972755
5.482168 5.160749
5.594235 5.271070
5.694798 5.362489
5.729058 5.353963
5.633147 5.338678
5.559046 5.276674
5.430819 5.227244
5.282011 5.201604
5.038530 4.977394
4.832487 4.719440
4.390388 4.474474
3.949819 4.192299
3.596228 3.726149
3.041368 3.573127
2.795055 3.421101
2.713912 3.269571
2.683527 3.042406
2.722924 3.020379
2.807200 3.011126
2.846059 3.133357
3.007807 3.272290
3.134277 3.352889
3.275689 3.518200
3.446499 3.633927
3.701216 3.744335
3.938618 3.869061
4.121392 3.857525
4.439948 4.048199
4.655653 4.416236
5.025162 4.785536
5.398574 5.102500
5.798129 5.342343
6.072556 5.459334
6.125757 5.541169
6.184077 5.509185
6.205259 5.487142
6.261542 5.506366
6.292914 5.581162
6.403778 5.691745
6.526528 5.794230
6.688637 5.914955
6.754797 6.087991
6.699170 6.183050
6.610001 6.137794
6.476201 6.025149
6.158347 5.755418
5.863695 5.293985
5.478173 4.783465
5.153864 4.437697
4.721839 3.977761
4.607221 3.795782
4.547310 3.855299
4.549799 3.922197
4.667054 4.114584
4.864884 4.314763
4.974221 4.419312
4.894122 4.291192
4.841023 4.190466
4.696314 4.063110
4.391000 3.922253
4.133577 3.777112
3.997009 3.661717
4.186291 3.857674
4.568647 4.218666
4.927091 4.474222
5.184748 4.670506
5.415271 4.859130
5.469521 4.858437
5.420489 4.779279
5.492850 4.797222
5.622347 4.890821
5.898123 5.153824
6.138628 5.461780
6.355310 5.654846
6.465035 5.759199
6.464824 5.791696
6.517230 5.677096
6.495599 5.535345
6.452771 5.475442
6.370476 5.260781
6.308650 5.234250
6.265857 5.300510
6.394031 5.388315
6.673566 5.622365
7.011334 5.915203
7.406515 6.302854
7.890786 6.675371
8.277474 7.082694
8.706873 7.358343
9.036370 7.834477
9.339520 8.127314
9.560479 8.406338
9.652443 8.575797
9.780557 8.788872
9.963447 8.857999
10.069768 8.942439
10.187891 8.936718
10.339177 8.815249
10.399931 8.641235
10.192305 8.272704
10.049182 7.925089
9.738070 7.600245
9.531936 7.510864
9.255931 7.378283
9.250991 7.350213
9.212961 7.231305
9.390511 7.296783
9.459899 7.351893
9.385439 7.159497
9.232240 6.989193
9.218165 6.821564
9.276200 6.728549
9.298096 6.683024
9.274787 6.585119
9.306995 6.420002
9.288254 6.467669
9.443690 6.633328
9.298613 6.741706
9.297380 6.721918
9.143823 6.480275
9.037339 6.167920
8.858440 5.837928
8.578449 5.487648
8.483250 5.305712
8.285474 4.802778
8.072350 4.693165
8.098781 4.759705
7.857116 4.757982
7.807905 4.776463
7.721962 4.879405
7.347404 4.836194
7.375354 4.753619
7.388715 4.618528
7.361280 4.578479
6.921475 4.476175
6.708242 4.422712
6.631488 4.293302
6.485601 4.306405
6.325448 4.330917
6.415969 4.476873
6.496786 4.650006
6.632107 4.862710
6.890408 5.135432
7.167371 5.673034
7.533282 6.077961
7.920928 6.583161
7.876028 6.907432
7.192848 6.606825
5.729002 5.857681
4.704555 5.450711
4.467528 5.276681
4.599041 5.417259
4.686206 5.491044
4.913028 5.670901
5.222752 5.896443
5.602230 6.237606
5.771621 6.365981
6.008830 6.447856
6.216780 6.478796
6.468566 6.501129
6.737337 6.532210
6.892789 6.518167
7.001826 6.411508
7.131193 6.453462
7.219631 6.423352
7.101667 6.343329
7.127813 6.362475
6.824366 6.245786
6.619626 6.069502
6.201544 5.765866
5.943588 5.594322
5.879307 5.379253
5.979335 5.461634
6.123655 5.566747
6.099650 5.614755
5.901738 5.356203
5.834557 5.211454
5.081740 4.671742
4.359806 4.074399
3.868200 3.485588
3.521510 3.230259
3.412451 3.134567
3.338222 3.102428
3.405747 3.253528
3.554783 3.446842
3.780440 3.661719
3.978911 3.900456
4.148554 4.099134
4.322754 4.357963
4.282912 4.465236
4.303221 4.528578
4.318115 4.683278
4.430970 4.805150
4.587010 4.965255
4.648949 5.058135
4.722483 5.199407
4.844338 5.444912
4.943554 5.662707
4.964644 5.806658
4.937802 5.735915
4.889481 5.780197
4.877874 5.722359
4.889677 5.714049
4.897263 5.742458
4.969232 5.886939
5.095636 5.977530
5.219401 6.111636
5.192386 6.140883
5.199120 6.063708
5.219901 6.062833
5.195689 6.073042
5.243709 6.065508
5.301561 5.879501
5.340289 5.884309
5.403493 5.862621
5.396661 5.931320
5.544783 5.934887
5.450101 5.726359
5.216293 5.408361
5.052078 5.039324
4.654586 4.831745
4.069914 4.109128
3.449049 3.488388
3.148130 3.099982
2.882014 2.911354
2.751396 2.638094
2.929853 2.800319
2.786740 2.812257
2.861196 2.951820
2.980383 3.118337
3.234194 3.437472
3.417979 3.649323
3.645629 3.916148
3.889017 4.190747
4.202328 4.507101
4.355565 4.767588
4.344442 4.842787
4.237835 4.757606
4.093891 4.764256
4.115644 4.875300
4.061001 4.609490
3.898274 4.499488
3.862873 4.536543
3.878282 4.570182
4.183813 4.804577
4.314487 4.878103
4.369893 4.979468
4.311498 4.803747
4.188011 4.595793
3.939911 4.325126
3.662962 4.132945
3.413239 3.947438
3.294888 3.739656
3.222029 3.627435
3.181539 3.573614
3.102621 3.436587
3.247889 3.521370
3.166576 3.496666
3.002457 3.226917
2.806739 3.043244
2.675776 2.819841
2.507851 2.774200
2.334184 2.739727
2.377587 2.732482
2.460950 2.847714
2.396094 2.856170
2.642258 3.094093
2.570385 3.066311
2.256937 2.865903
2.015325 2.445584
1.852444 2.256765
1.748237 2.045503
1.711772 1.912676
1.810916 1.874750
2.043302 2.031111
2.088752 2.161935
2.338143 2.347589
2.439444 2.453735
2.655958 2.636342
2.903899 2.852746
3.216422 3.119676
3.590409 3.390901
3.923751 3.655539
4.241677 3.848106
4.573740 4.064622
4.899066 4.307410
5.158735 4.521486
5.591977 4.779622
5.676288 4.892879
5.553137 4.738518
5.423163 4.525264
5.278819 4.388649
5.148937 4.426072
5.006493 4.437113
4.908743 4.643761
4.907662 4.663972
4.838475 4.598238
4.715045 4.432557
4.541796 4.379461
4.126945 4.226585
3.804375 4.189023
3.556941 4.011730
3.364198 3.803970
3.088219 3.428674
2.865813 3.243026
2.793088 3.048827
2.792924 2.917828
2.841031 2.681652
2.832332 2.666119
2.717534 2.543830
2.798977 2.577936
2.852836 2.598785
2.999397 2.718771
3.030066 2.787414
3.053521 2.855970
3.089005 2.883256
3.093671 2.860729
3.130899 2.850338
3.109487 2.832949
3.030594 2.869473
2.977925 2.956820
2.878809 2.959817
2.921145 3.064199
3.029247 3.406041
3.180705 3.737485
3.300554 3.815946
3.669261 3.592250
3.421256 2.790974
2.742738 2.223661
2.147654 1.965097
2.021371 1.818167
2.019485 1.887731
2.059927 1.859710
2.112777 1.903151
2.179174 2.023732
2.221206 2.025378
2.283756 2.044740
2.189564 2.003230
2.086905 1.992319
2.102135 2.102607
2.203677 2.211012
2.260283 2.417090
2.419338 2.632144
2.607565 2.900783
2.810461 3.201842
3.059384 3.421585
3.247953 3.623685
3.382757 3.733890
3.360974 3.725522
3.496647 3.703238
3.530522 3.730313
3.500555 3.558503
3.386141 3.444135
3.187700 3.293876
3.056349 3.177134
2.952155 3.123149
2.899152 3.032266
2.959007 3.106086
3.061945 3.276883
3.239422 3.370401
3.433367 3.558405
3.647861 3.850454
3.958425 4.107791
4.400704 4.553896
4.865583 4.987674
5.131276 5.286084
5.358781 5.353335
5.506976 5.515387
5.513024 5.463101
5.503814 5.407183
5.382645 5.372266
5.322097 5.190719
5.290347 5.105867
5.236608 4.909829
5.260751 4.940470
5.072787 4.870299
4.918916 4.696815
4.600890 4.434645
4.439156 4.237419
4.257020 3.896034
4.180575 3.882374
3.876641 3.935316
3.903636 3.857758
3.887772 3.710027
3.693984 3.666211
3.768593 3.724533
3.797308 3.553530
3.839594 3.630896
3.933351 3.613379
4.005815 3.743950
4.095149 3.846133
4.067625 3.962580
4.147638 4.039672
4.244222 4.121076
4.220530 4.124645
4.293462 4.191327
4.131792 4.217383
4.093963 4.304876
4.096295 4.238864
3.955048 3.980000
3.849290 3.836784
3.493042 3.613496
3.146706 3.498285
2.892105 3.182729
2.782728 3.153597
2.745691 3.186062
2.767257 3.089955
2.715668 2.982104
2.442017 2.697400
2.379912 2.594914
2.273622 2.518195
2.172062 2.371302
2.118163 2.172136
2.041071 2.221114
2.027846 2.152727
2.099329 2.160575
2.097735 2.204406
2.158664 2.278313
2.229398 2.364540
2.245130 2.453592
2.364194 2.654375
2.460721 2.674388
2.483943 2.674112
2.413618 2.685482
2.485213 2.727817
2.556401 2.799335
2.659685 2.898523
2.794180 2.981463
2.881967 3.017916
2.973218 3.053274
3.043559 3.035074
3.115766 3.181397
3.317007 3.297994
3.487221 3.460268
3.540069 3.537378
3.630341 3.615617
3.718338 3.640279
3.826484 3.609658
3.901692 3.556077
3.899600 3.744500
3.891791 3.887984
3.759146 3.749274
3.742540 3.663069
3.809657 3.704926
3.893622 3.719755
3.885933 3.612427
3.782455 3.516811
3.894369 3.544991
4.091045 3.661199
4.179922 3.696397
4.304163 3.678633
4.397622 3.752638
4.447400 3.882275
4.481268 3.904370
4.442398 3.921952
4.422560 3.936824
4.527593 3.818911
4.614679 3.868599
4.673163 3.866419
4.656061 3.831177
4.578648 3.756524
4.409671 3.748400
4.386792 3.754620
4.424492 3.690229
4.496318 3.654498
4.383202 3.550314
4.325452 3.478096
4.192209 3.292686
4.095745 3.215215
3.725181 3.124667
3.422862 3.155127
3.055095 2.969435
2.715198 2.877085
2.583884 2.642857
2.375006 2.509562
2.412257 2.311249
2.239474 2.155736
2.240348 1.965248
2.176584 1.786309
2.152504 1.588400
1.901305 1.450570
1.860816 1.463464
1.729975 1.495790
1.741782 1.565299
1.799144 1.719603
1.951527 1.900019
2.135890 2.089935
2.260126 2.282080
2.314216 2.376809
2.399432 2.528294
2.511547 2.610273
2.605490 2.754391
2.686931 2.816568
2.903575 2.950460
3.091627 3.091227
3.273796 3.238763
3.479198 3.368469
3.699308 3.559012
3.977899 3.711699
4.164845 3.861296
4.432195 4.015491
4.665710 4.164462
4.883924 4.282940
5.094187 4.379829
5.168962 4.426291
5.562264 4.993708
5.969155 5.272590
