0.269696
0.365266
0.504107
0.537947
0.561905
0.641548
0.681057
0.717593
0.986540
1.119438
1.441524
1.603489
1.872463
2.316284
2.381588
2.305689
2.167243
2.203880
2.266502
1.660147
1.248875
0.666347
0.251425
0.334020
0.748328
1.409562
1.879837
2.506589
2.954835
3.420496
4.022524
4.498983
4.968466
5.626969
6.040535
6.624925
7.028368
7.615988
7.999413
8.400517
8.973816
9.340487
9.941950
10.362803
10.763161
10.861875
10.993988
11.161110
11.235705
11.123173
11.004286
10.913798
10.836879
10.201295
9.760595
9.072053
8.414031
7.990351
7.544489
7.150679
6.534774
6.113489
5.727824
5.087609
4.617098
4.166078
3.514469
3.092548
2.493829
2.104986
1.717835
1.231035
0.943149
0.784427
0.862030
1.066798
1.332308
1.871478
2.188584
2.241109
2.051996
1.948222
2.175005
2.138529
1.973383
1.308937
1.056639
0.826750
0.717276
0.844566
1.147802
1.884216
2.299235
2.694402
3.161184
3.764990
4.200570
4.652283
5.302663
5.716624
6.380933
6.780031
7.191910
7.554768
8.098432
8.430944
8.742580
9.262133
9.660785
10.026136
10.447410
10.499307
10.652600
10.770799
10.974697
10.724765
10.598535
10.467819
10.420962
10.425412
10.445995
9.655036
9.203892
8.746336
8.299889
7.680332
7.217992
6.781284
6.150093
5.733355
5.328190
4.704805
4.274118
3.820062
3.391036
2.778017
2.412090
2.056506
1.590219
1.383883
1.253630
1.331376
1.532301
1.796209
2.255189
2.581870
2.736522
2.833549
2.665878
2.499650
2.110115
2.386681
2.613739
1.971149
1.402317
0.942179
0.843381
1.068970
1.384026
1.778378
2.364252
2.756152
3.168883
3.785756
4.262088
4.719934
5.161023
5.752167
6.220905
6.886977
7.367552
7.236529
7.238767
7.630061
8.027752
8.571989
8.959906
9.539665
9.952526
10.395551
10.404623
10.488552
10.697806
10.823459
10.583874
10.484248
10.366352
10.254932
10.238278
10.299408
10.418828
10.618930
10.766955
11.057991
11.300419
11.565320
11.983397
12.246583
12.695358
13.070459
13.349115
14.009375
14.690237
15.175752
15.144420
15.619717
15.435571
15.058000
14.454471
14.088865
13.733193
13.003399
12.691817
12.534815
12.360860
12.206302
12.002599
11.897496
11.809435
11.699639
11.650815
11.607288
11.648804
11.197641
10.294269
10.139832
10.317891
10.447795
10.601616
10.140240
10.178172
10.329331
10.477195
10.605440
10.742632
11.011552
11.253153
11.422979
11.723227
11.957855
12.196262
12.547354
12.820163
12.893327
12.832517
13.097743
13.338177
13.969912
14.532940
14.860591
15.379249
15.920059
15.909721
15.417183
15.144502
14.686380
14.385374
14.091317
13.248743
12.753023
12.014499
11.778133
11.559093
11.345397
11.153658
10.961601
10.735923
10.627577
10.505593
10.382384
10.285741
10.317996
10.404059
10.562682
10.104712
10.067475
10.124515
10.225036
10.337139
10.455525
10.409519
10.261980
10.312131
10.476203
10.773827
11.145631
11.388693
11.721353
12.240181
12.778525
13.351873
13.562925
14.026807
14.086582
14.602055
14.977688
15.251829
15.540801
15.585567
15.653180
14.922841
14.569539
14.183913
13.454042
13.397202
13.388747
12.804705
12.531768
12.154701
11.935567
11.618822
11.307486
11.116027
10.876112
10.749897
10.609290
10.356868
10.259390
10.326681
10.441685
10.616898
10.700685
10.331486
10.313537
10.344601
10.370695
10.422777
10.356210
10.352229
10.471460
10.620284
10.817131
11.122902
11.348099
11.605365
12.171060
12.927747
13.416023
13.950439
14.300684
14.821089
15.495181
14.997548
14.675690
14.161818
13.731885
13.328657
12.816870
12.708708
12.827176
13.058369
13.531506
13.898370
14.276958
14.650770
15.156031
15.168405
15.180830
15.223292
15.573988
16.072609
16.427739
17.030224
17.028227
17.412221
17.807504
18.424245
18.415371
18.362842
18.770364
19.352012
19.746573
20.356271
20.752075
21.416138
21.884551
22.351850
22.929996
23.351981
23.565548
23.525563
23.474099
23.683041
23.376335
23.099545
22.517164
22.083913
22.061962
22.048898
22.011642
21.337840
20.889854
20.446852
20.037387
19.427402
19.045960
18.665148
18.280297
17.916018
17.529855
16.996588
16.636855
16.567036
16.507834
16.499347
16.435616
16.409355
16.030803
15.686427
15.340766
14.885821
14.545585
14.196826
13.943972
13.831312
13.695659
13.617279
13.546290
13.600214
13.907027
14.456366
14.406677
14.823109
15.235470
15.849602
16.268732
15.743344
15.213975
14.652503
14.194597
13.889776
13.747685
13.573005
13.299490
13.171775
13.046856
13.032332
13.447923
13.699972
13.978060
14.259238
14.722968
14.869101
15.325479
15.629814
15.938482
16.276527
16.837931
17.215982
17.823599
18.439305
19.053373
19.653820
20.291851
20.969793
21.668724
22.207788
22.499079
22.509098
22.545244
22.676597
22.898639
22.667283
21.929565
21.987320
21.965400
21.504107
20.859365
20.256583
19.862184
19.266567
18.870739
18.294180
17.910142
17.496189
17.459366
17.469638
16.897927
16.515312
16.145350
15.766162
15.376542
14.847562
14.480275
14.103905
13.767728
13.476398
13.018775
12.716746
12.435560
12.237130
12.327898
12.637138
12.643219
12.524578
12.973951
13.444633
13.950565
14.317933
14.252509
13.636121
13.169605
12.928826
12.755047
12.665538
12.617045
12.647037
12.701128
12.918251
13.401934
13.739345
14.072807
14.440244
14.811511
14.800878
14.809337
15.186663
15.531814
15.879981
16.257858
16.646503
17.215499
17.580629
18.004864
18.655335
19.068074
19.511915
20.097517
20.533959
21.213802
21.703371
22.181067
22.643036
22.675904
22.174028
22.154813
21.673767
21.394137
20.678032
20.169611
19.281443
18.655916
18.256270
17.639657
17.253383
16.870071
16.484623
16.117562
15.761371
15.389910
14.808396
14.456218
14.166103
13.716120
13.394386
13.089646
12.790933
12.380539
12.114524
11.459696
10.961844
