7710
7420
7440
8290
7580
7780
7690
7450
7460
7710
7990
9070
8650
7500
9030
9080
8270
7480
7570
5840
7510
7490
7510
8310
8870
8430
7960
8250
7940
7760
7480
7500
7520
7520
7510
7510
7510
7510
7510
7770
7530
7510
8020
7470
7520
7500
7490
7480
7630
7750
7510
7500
8560
9010
7540
7490
7550
7480
7520
7750
7500
7510
7510
7510
7360
6200
7510
7910
7520
7780
7490
7620
7620
7480
7960
8370
8370
8340
7980
7730
7460
7460
7490
7550
7520
7590
7480
7610
8370
8640
8360
8020
7480
7500
7550
7520
7650
9070
8600
7750
7490
7530
7510
7510
7500
7760
7520
7820
8150
8610
8970
8380
7980
7540
7480
7790
7500
7590
7850
7810
7500
7840
8940
7570
7500
7750
9050
8960
7700
7780
7510
7330
7980
7500
7580
7510
8390
8790
8790
8380
7680
8150
9060
9150
9090
8220
8100
9140
9140
9460
9180
9060
7590
7570
7590
7560
7570
8060
7650
7850
7580
7660
7620
7730
7750
7700
7680
6670
8710
9110
7620
7630
8900
9140
9140
9100
9080
9110
7760
8130
7840
7860
7830
7860
7770
7770
7740
7850
8230
8040
7680
7920
7680
7750
7820
7890
8990
7170
9030
8480
8020
7990
8080
8270
8010
8760
8750
8240
8850
7730
7320
9490
9800
8360
8090
8110
9360
8230
8330
8790
8610
8580
8130
8020
8080
8070
8120
8310
8050
8530
5860
7210
8460
8420
8530
8600
8530
9120
9020
9650
9040
8460
8550
8720
8290
8770
8380
8480
8790
9270
8930
8820
8650
9280
9570
8890
8600
8530
8540
9110
8510
8710
9910
9210
8510
8790
8800
9180
9580
8970
8690
8550
8550
8730
9140
8730
9270
8660
9300
9370
8860
9740
9140
9320
8660
8450
8500
8980
9230
10470
8790
8450
8610
8420
8830
9400
8820
8780
8570
9250
8910
8770
9250
9030
9010
8640
8670
9440
9000
9220
8890
9550
9120
9240
9470
9520
9030
9420
9480
9020
8950
8760
9060
8690
9060
9940
9010
8680
9990
9760
9380
9750
9520
10310
9260
8740
9800
9420
9350
10210
10060
8980
9060
9190
9140
9820
9390
9200
9150
9780
9460
9570
9220
9100
9080
9100
9030
9420
9450
9850
9280
9640
8750
9150
9300
8770
8560
8660
9870
9030
8870
9040
10010
9280
8980
9190
8810
8820
8810
9570
9690
9250
9530
9280
9630
9130
9100
9790
9420
9980
9310
9400
9330
9160
9530
9210
9340
9130
9230
9580
9130
9930
9320
10750
9580
9420
8920
9180
9370
9660
8990
8790
9220
9410
9340
8890
9040
9420
9670
10480
9480
9350
9450
9420
9890
9520
8870
9780
9600
9340
9130
8940
8910
9000
8700
9560
9330
9240
9340
9740
9460
9630
9080
9240
9640
9270
9380
9100
9130
9550
9010
9070
8910
8880
8950
8940
9000
9120
9210
9880
9200
9500
9520
9540
9320
9420
9430
9540
9660
10060
9530
9180
9260
9310
9380
9560
9170
9080
9000
9480
9030
8930
8750
8480
8410
8320
8320
8450
8290
8660
8190
8180
8210
8490
8880
8240
8200
8130
8110
8650
8160
8030
7990
7980
8020
8000
8300
8240
8170
8760
8430
8030
7990
7980
7910
7930
7920
7900
8100
8390
8120
8130
8310
8150
8310
7940
8350
7880
7860
8120
8320
8070
8250
7960
8100
7880
7930
7900
8010
8400
8160
8040
8000
7940
7950
7810
7770
7720
7700
8000
7690
7670
7640
7620
7750
7730
7730
7700
7690
7900
7630
