2.081049 2.002720
1.958769 1.960486
1.818157 1.905984
1.768504 1.916433
1.670252 1.907031
1.603244 1.967932
1.499336 2.019256
1.451717 1.954924
1.321443 1.969660
1.294154 1.981974
1.315884 1.962759
1.286245 1.934456
1.329106 1.975637
1.582072 2.101710
1.628391 2.056534
1.765279 2.137598
2.392740 2.608297
3.176067 3.175763
3.653086 3.465337
4.189235 3.595842
4.345913 3.611804
4.447517 3.631656
4.484544 3.620984
4.358792 3.586143
4.203452 3.539855
4.042757 3.486889
4.041413 3.504246
4.088572 3.638374
4.298383 3.831010
4.658187 4.088279
4.868796 4.315771
4.900381 4.412981
4.912039 4.402601
4.966905 4.476754
4.971578 4.588785
4.973953 4.538301
4.845074 4.636578
4.783471 4.520542
4.701627 4.406100
4.611258 4.341694
4.644702 4.272099
4.603664 4.210169
4.515857 4.166337
4.408984 4.198343
4.290799 4.005299
4.140365 3.861779
4.014641 3.778827
3.931001 3.606078
3.822788 3.597158
3.745324 3.581165
3.894843 3.763238
4.044581 3.916340
4.109257 3.953396
4.153716 4.072388
4.118509 3.994306
4.131157 3.976739
4.194782 3.946690
4.095011 3.854325
4.228524 3.967280
4.507412 4.196506
4.918574 4.543943
5.172663 4.741099
5.431615 4.930199
5.641783 5.143133
5.760070 5.297157
5.803207 5.383362
5.933688 5.487293
5.983585 5.675017
6.068743 5.698054
6.061586 5.724122
6.045598 5.600889
6.119324 5.454126
6.041017 5.323260
6.082886 5.310675
6.177838 5.336045
6.263490 5.169616
6.365517 5.204111
6.397689 5.186476
6.521328 5.314991
6.538772 5.348528
6.637458 5.387213
6.580155 5.413401
6.709109 5.527588
6.772023 5.543048
6.825720 5.558759
6.648645 5.526619
6.550375 5.484545
6.384057 5.297784
6.369033 5.217050
6.282064 5.184093
6.161430 5.170917
6.181231 5.193006
6.010530 5.150214
5.879564 4.996620
5.656117 4.981874
5.517075 4.953876
5.413078 4.994897
5.517726 5.093864
5.666844 5.240926
5.875150 5.497883
6.034746 5.698342
6.119464 5.787022
6.107334 5.767106
6.071227 5.848906
5.940423 5.895237
5.947902 5.917619
5.942447 5.926036
6.105871 6.102437
6.264480 6.282300
6.346964 6.345584
6.251010 6.345099
6.142806 6.195997
5.888058 6.044529
5.711376 6.049019
5.669169 5.885445
5.483002 5.712848
5.591576 5.762714
5.876759 5.882042
5.982990 5.965256
6.050557 6.034440
6.143579 6.108000
5.945362 6.182931
5.878208 5.962732
5.806066 5.883693
5.498713 5.663763
5.400916 5.644320
5.368810 5.587167
5.231478 5.520702
5.204381 5.264968
5.290461 5.264064
5.382865 5.381157
5.516766 5.456355
5.554277 5.567614
5.607181 5.490110
5.614938 5.473013
5.706719 5.518443
5.710840 5.548313
5.579698 5.591109
5.977802 5.969719
6.421235 6.498213
6.842013 6.955906
7.202583 7.207857
7.314781 7.350858
7.446199 7.457590
7.517403 7.455861
7.479681 7.290644
7.528282 7.085329
7.245898 7.031096
7.109644 6.855738
6.903162 6.593005
6.829386 6.358018
6.635561 5.996900
6.187695 5.595855
5.650999 5.031235
5.004015 4.485673
4.509284 4.147533
4.190556 3.930466
4.041240 3.720653
4.082873 3.660864
3.943598 3.693019
4.083157 3.832777
4.199983 3.852373
4.246790 3.795211
4.250183 3.780707
4.213151 3.846432
4.202497 3.882805
4.023103 3.887759
3.976567 3.843925
3.975106 3.819242
4.021310 3.940234
4.005096 3.970292
4.219153 3.927486
4.000288 4.026083
3.809071 3.809502
3.634759 3.579097
3.522645 3.383972
3.427586 3.275237
3.336363 3.181405
3.231118 3.175053
3.309397 3.138934
3.326055 3.135517
3.426726 3.235021
3.554624 3.358699
3.692547 3.500950
3.790999 3.551686
3.424652 3.432882
3.383485 3.490238
3.437683 3.634871
3.478697 3.739095
3.370174 3.604660
3.282257 3.465273
3.251629 3.394724
3.342262 3.427167
3.570532 3.698122
3.931115 4.130615
4.539869 4.797709
5.241567 5.474978
5.833512 6.097596
6.463752 6.620355
6.935083 6.977440
7.172085 6.983854
7.095693 6.652408
6.707579 5.941150
6.102064 5.452976
5.621373 5.296096
5.632851 5.402776
5.638988 5.366085
5.992886 5.639337
6.386780 5.853110
6.834742 6.102907
6.967627 6.284928
7.055848 6.384217
7.065485 6.344893
7.045757 6.199272
6.893436 6.055058
6.716012 5.902427
6.680414 5.746380
6.554101 5.748844
6.552329 5.757518
6.618995 5.899603
6.768868 6.125607
6.901820 6.210987
6.986059 6.155318
6.727959 6.085511
6.555868 5.997903
6.318580 5.850075
6.122201 5.391232
5.780371 5.099961
5.591451 5.041113
5.309288 4.810464
5.393219 4.836323
4.746405 4.499401
4.041500 3.950669
3.619410 3.353983
3.354860 2.795756
3.095971 2.723225
2.961505 2.687732
2.957429 2.702268
2.972968 2.726113
3.152071 2.937595
3.396392 3.264472
3.644224 3.565802
4.012604 3.976753
4.293300 4.242108
4.544165 4.464498
4.727335 4.630034
4.849180 4.769021
4.930653 4.866481
5.071463 5.004889
5.081541 5.028905
5.129778 4.986945
4.990718 4.858543
4.866215 4.717332
4.761856 4.663866
4.924898 4.775654
5.040683 4.807101
5.085142 4.842354
5.068334 4.785210
5.061559 4.781703
4.930329 4.715721
4.887612 4.723675
4.686870 4.670725
4.683062 4.535680
4.567362 4.376975
4.529741 4.304092
4.457138 4.386904
4.462548 4.379118
4.494162 4.423035
4.508263 4.464679
4.447941 4.552888
4.743791 4.849734
4.563103 4.623985
4.209981 4.288516
3.665797 4.084781
3.517170 3.683631
3.344742 3.616483
3.348483 3.661886
3.240369 3.597034
3.173865 3.400301
3.022170 3.207091
2.931087 3.173851
2.884226 3.048616
2.958867 3.065233
3.171482 3.209483
3.572613 3.547497
3.904808 3.804614
4.434742 4.186723
5.080402 4.668767
5.765646 5.232334
6.445247 5.660448
6.820790 5.929917
7.016087 6.081533
7.164684 6.184655
7.350292 6.417450
7.392058 6.465401
7.369499 6.471660
7.391558 6.556064
7.489551 6.681669
7.813753 6.930522
8.098064 7.221571
8.414472 7.474922
8.477057 7.556206
8.490466 7.456104
8.386041 7.219842
8.207129 7.073359
8.079318 6.883424
7.878709 6.572989
7.673375 6.275031
7.332550 6.115401
6.970735 5.792412
6.708694 5.663331
5.887816 5.207785
4.763370 4.472468
3.786809 3.848224
3.102531 3.535841
2.792086 3.349249
2.786154 3.382336
2.873618 3.468183
3.020112 3.597973
3.048632 3.645628
3.168534 3.793866
3.064628 3.629990
2.783422 3.295003
2.493260 2.905136
2.277525 2.582152
2.019708 2.226482
1.835958 2.093230
1.874276 2.054302
1.940691 2.187619
2.061710 2.299544
2.221276 2.447285
2.348408 2.591313
2.658346 2.893559
3.104275 3.324927
3.600059 3.847850
4.074338 4.264103
4.461415 4.610804
4.851218 4.889776
5.297611 5.083648
5.714576 5.331266
6.132192 5.521924
6.650620 5.725706
6.635418 5.881219
6.545177 5.778636
6.466476 5.655917
6.369741 5.525552
6.278547 5.432275
6.152321 5.389739
6.150527 5.394166
6.177148 5.507839
6.087819 5.533553
6.083305 5.515556
6.083510 5.415299
6.131621 5.528028
6.193176 5.621758
6.289507 5.733544
6.077201 5.534196
6.030668 5.426194
5.800330 5.377952
5.781448 5.470829
5.849737 5.495043
5.513779 5.328603
5.443401 5.362810
5.248094 5.087909
5.069614 4.900196
4.909644 4.809233
4.962507 4.784367
4.853376 4.795930
4.715201 4.712143
4.621262 4.582307
4.528794 4.443557
4.423053 4.261564
4.301462 4.263906
4.149410 4.203617
4.272187 4.354680
4.542130 4.593917
4.866113 4.893188
5.099335 5.084929
5.031459 5.101153
5.035785 5.073716
4.825258 4.991300
4.569070 4.594241
4.295648 4.322035
3.935836 3.803987
3.732939 3.453560
3.548561 3.198860
3.285635 3.162827
3.056573 3.014606
2.912544 2.904597
2.834306 2.758609
2.672006 2.716693
2.459383 2.500140
2.311418 2.410381
2.209386 2.401190
2.208618 2.465981
2.343133 2.634976
2.536244 2.845681
2.782015 3.094898
3.080289 3.399478
3.363390 3.753146
3.618824 3.992083
3.780294 4.208484
3.675941 4.040498
3.559584 3.853444
3.411874 3.847983
3.297834 3.721689
3.164684 3.582386
3.038195 3.454135
2.869191 3.367134
2.787282 3.274593
2.830292 3.336224
2.890491 3.343114
2.964079 3.376110
3.076183 3.516988
3.368647 3.839355
3.593261 4.039705
3.996432 4.315910
4.610779 4.801506
5.130109 5.223022
5.545503 5.510406
5.706165 5.658972
5.748131 5.760204
5.633850 5.691488
5.567175 5.643470
5.477811 5.535808
5.376610 5.487438
5.473355 5.525598
5.285086 5.289928
5.237703 5.192552
5.181508 5.208637
5.251908 5.196204
5.162396 4.996323
4.874713 4.855547
4.717095 4.919023
4.687393 4.757405
4.473704 4.609426
4.394315 4.492446
4.192173 4.347746
4.032577 4.080131
3.996957 4.019008
4.030590 3.926557
3.876211 3.840090
3.940577 3.829803
4.054474 3.940065
4.110596 4.009175
4.096546 4.078447
4.206580 4.217286
4.138301 4.254650
4.285519 4.346064
4.473069 4.479728
4.496770 4.439708
4.557901 4.601646
4.804614 4.846558
5.104193 5.173325
5.463595 5.581015
5.822244 5.949735
6.169757 6.274851
6.453510 6.583488
6.823650 6.884814
7.030328 7.106334
7.058665 7.172400
6.634743 7.015483
6.196909 6.771790
5.853854 6.439440
5.324424 6.113812
4.838571 5.604584
4.536130 5.113531
4.124999 4.799900
3.787389 4.471329
3.494259 4.244754
3.404218 4.044199
3.113336 3.496813
2.928033 3.313147
2.872563 2.996355
2.703571 2.954916
2.661372 2.907871
2.613741 2.982906
2.446786 2.933237
2.403480 2.947417
2.459461 3.068840
2.524072 3.109448
2.565381 3.141734
2.528066 3.151827
2.558056 3.172274
2.554013 3.209001
2.524978 3.122782
2.626992 3.159058
2.760096 3.352038
2.831658 3.470194
2.941104 3.626152
2.989991 3.643328
3.196179 3.650816
3.319473 3.768763
3.575002 3.898717
3.619052 4.134308
3.481262 3.966749
3.475590 3.782370
3.381544 3.734361
3.438258 3.722928
3.369622 3.690246
3.125642 3.522311
3.206699 3.547003
3.242494 3.558174
3.218208 3.527845
3.303060 3.555287
3.294585 3.617611
3.358384 3.446600
3.268661 3.448446
3.308908 3.397097
3.349234 3.399548
3.352759 3.454900
3.321225 3.477762
3.169432 3.369513
3.085905 3.438995
3.080781 3.387999
2.984936 3.269155
2.939393 3.217367
3.055228 3.303082
3.192625 3.426762
3.400178 3.609496
3.616885 3.805007
3.845844 3.993472
4.058601 4.200860
4.244514 4.291744
4.290756 4.328348
4.416580 4.444373
4.501537 4.538675
4.742035 4.788628
5.142515 5.041396
5.508565 5.277114
5.711259 5.503336
5.738681 5.522587
5.633192 5.363492
5.426437 4.980204
5.068753 4.666687
4.812685 4.339175
4.499893 4.121869
4.200472 3.815082
3.971821 3.610810
3.797184 3.475347
3.587507 3.372072
3.417809 3.209619
3.117892 2.988908
2.882429 2.737752
2.760698 2.707564
2.727810 2.611314
2.727225 2.692707
2.921033 2.896258
3.050793 3.082515
3.139741 3.275295
3.232096 3.331236
3.366732 3.533385
3.596390 3.807829
3.846226 4.072158
4.083507 4.338188
4.294008 4.580438
4.532016 4.882279
4.834668 5.211325
5.072138 5.456271
5.556938 5.936319
6.145946 6.476578
