3140
3090
3070
3080
3060
3090
3100
3130
3100
3170
3080
3130
3280
3140
3750
2730
2090
3030
3040
3180
3110
3040
3070
3050
3040
3090
3850
3720
3090
3180
3050
3040
3080
3140
4060
3040
3120
3060
3070
3150
3070
4450
4520
4500
3810
3090
3070
3070
3050
3150
3070
3590
3050
3050
3050
3130
3150
3980
3120
3150
3050
3050
3990
3400
3130
3110
3180
3060
3480
3070
3130
3070
3080
3070
3110
4480
4480
4480
3300
3170
3070
3040
3050
3040
3050
3040
3930
4450
4450
4610
3470
3050
3050
3040
3090
3050
3090
3060
3050
3150
3050
3050
3050
3070
3080
3040
3050
3210
3060
3150
3050
3060
3070
3060
3070
3070
2390
3950
4230
4360
3830
4240
3560
3080
3090
3090
3130
3100
3350
3930
3120
3090
3110
3140
3140
3170
3130
3100
3050
3200
3160
3410
3350
3040
3090
3090
3060
3100
3150
3160
3060
3070
3500
3110
3090
3060
3720
3080
3840
3190
3700
3170
3100
3420
3210
3550
3960
4040
3140
4430
3920
3120
3060
4150
4330
3040
3060
3080
3050
3150
3050
3050
3060
3050
3050
3070
3080
4060
3660
3680
3070
3060
3040
3060
3060
3070
3070
3050
3040
3160
3080
2610
2100
3030
3090
3070
3070
3060
3120
3260
3130
3150
3140
3130
3140
3140
3140
3140
3140
3250
3130
3140
3130
3060
3040
3050
3050
3970
4460
4620
4460
4460
4450
4470
3690
3070
3060
3050
3050
3180
3100
3370
3280
3550
3250
3070
3060
3090
3060
3180
3060
3070
3060
3070
3060
3080
3070
3060
3050
3260
3750
3050
3040
2410
2810
3050
3060
3230
4180
4320
3170
3710
3080
3070
3060
3080
3070
3060
3080
3180
3080
3060
3070
3090
4180
4500
4500
4530
3870
3160
3040
3070
3040
3080
3040
3100
3790
3170
3120
3240
3120
3130
3130
3120
3140
3120
3130
3120
3120
3230
3140
3120
3070
3060
3060
3080
3060
3080
3120
3230
3110
3070
3070
3070
3080
3020
3030
3080
3130
3270
3130
3150
3130
3120
3130
3150
3120
3050
3370
3310
2500
2840
3990
4480
3320
3050
3080
3100
3120
3260
3120
3110
3100
3070
4120
4480
3640
3140
4100
3200
3580
3480
3070
3060
3620
3290
3060
3090
3080
3450
3090
4050
4450
4250
3060
3060
3040
3050
3040
3160
3050
3070
3060
3090
3050
3790
4440
3060
3050
3160
3050
3050
3050
3080
3110
3120
3130
3120
3100
3260
3610
4490
4110
3060
3140
3110
4040
3210
3070
3210
3110
4490
4490
3340
3130
3120
3200
3130
3410
3170
3100
3080
3120
4080
4170
4160
4180
4150
3790
3160
3050
3070
3070
4000
4200
3520
4250
3780
4160
3460
3080
3050
3110
3090
3080
3040
3070
3040
3050
3170
3050
3080
3050
3080
3050
4080
3990
2760
2690
3980
4350
3310
3060
3070
3040
3070
3950
4480
4480
4630
4480
4480
3990
3070
3080
3940
4380
4500
3260
3180
3060
3080
3040
3060
3070
3060
3080
3060
3070
3170
3530
4460
4260
4350
4400
4250
4430
4330
4280
4620
3470
3500
3050
3050
3130
3070
3060
3070
3050
3180
3060
3050
3060
3080
3070
3080
3070
3060
3110
3170
3080
3070
3050
3080
3060
3080
3110
3050
3090
3240
3150
3150
3110
3060
3050
3050
3060
3050
3050
3250
3080
3080
3060
3070
3090
3170
3160
3130
3080
3180
3060
4030
3730
3250
4470
3920
3050
3090
3070
3150
3040
