140
200
270
230
300
470
500
400
460
490
610
540
530
540
530
530
530
550
530
540
530
530
530
560
540
540
540
530
530
530
540
560
530
540
550
560
550
550
540
530
530
530
530
540
730
530
560
720
840
840
850
830
840
830
840
840
840
840
840
840
850
840
840
840
840
800
540
530
530
540
540
530
530
530
800
840
840
840
840
830
850
840
790
530
530
530
530
570
530
540
540
540
540
530
530
540
530
530
550
530
530
540
560
840
680
530
550
540
530
540
550
740
830
820
830
830
610
530
530
540
540
530
540
530
530
560
580
840
840
830
850
840
840
840
840
840
840
840
840
840
850
840
850
840
840
840
840
840
620
550
560
560
560
550
540
530
530
530
530
530
540
530
550
540
530
530
530
540
530
530
540
530
530
540
530
530
530
540
530
550
540
550
840
830
830
830
650
530
530
530
540
530
530
530
840
830
840
840
840
840
850
850
840
840
840
840
840
840
850
600
540
530
560
550
550
560
550
560
530
550
530
540
530
540
530
540
530
540
530
540
530
540
530
570
530
540
530
530
530
530
560
540
530
540
540
530
540
780
850
840
820
530
730
820
550
550
550
550
550
550
550
740
840
680
530
550
540
530
530
560
530
540
530
540
530
550
530
540
530
540
540
530
630
850
840
840
840
850
840
840
850
840
840
840
540
530
530
550
550
550
560
550
550
540
530
530
530
660
810
820
830
820
820
820
810
820
640
530
530
560
540
530
530
530
530
530
530
530
540
530
540
530
530
540
530
530
530
530
530
530
540
540
540
540
540
530
530
540
530
530
570
530
530
530
530
530
530
540
530
530
530
530
540
530
530
530
530
530
530
530
540
540
530
540
530
530
540
530
530
530
540
530
530
530
530
530
530
540
530
530
540
530
530
560
530
540
530
550
530
540
530
550
530
530
530
540
550
850
840
840
850
850
840
840
840
840
850
840
770
530
530
530
530
530
530
530
540
530
540
530
540
530
540
530
540
530
550
550
550
530
530
530
530
530
530
530
530
530
530
540
530
530
530
530
550
540
530
530
540
560
560
550
550
550
550
550
550
550
550
550
530
530
540
530
530
530
540
530
540
530
530
530
540
530
840
840
840
840
580
530
540
530
530
530
540
530
530
530
530
550
540
530
530
530
550
540
530
540
530
540
530
530
530
540
550
530
530
530
540
550
540
530
530
540
530
530
530
530
530
560
550
570
540
530
540
530
540
530
530
540
540
530
540
530
530
550
530
540
530
530
540
530
530
530
530
530
530
550
540
530
540
