0.263657
0.341250
0.450175
0.465728
0.513846
0.561128
0.488015
0.409211
0.660746
0.819934
1.088820
1.213476
1.338356
1.669443
1.621354
1.399633
1.292426
0.902832
0.489490
0.727586
1.063473
1.728536
2.285767
2.797008
3.362038
4.117004
4.580851
5.322190
5.877900
6.420904
7.113119
7.787986
8.289708
8.948161
9.465694
10.114945
10.620963
11.271471
11.793100
12.462526
13.248459
13.702895
14.483093
15.101407
15.558256
15.617429
15.736719
15.835130
15.882210
15.648421
15.525730
15.677209
15.802991
15.227783
14.934572
14.437233
13.791167
13.400664
12.930046
12.457559
11.832450
11.406031
11.024032
10.389718
9.993982
9.679483
9.023434
8.551415
7.981282
7.559317
7.082233
6.458359
6.025694
5.606188
5.132188
4.928655
4.631049
4.155444
3.329227
3.216584
3.532760
3.929477
3.480265
3.333438
3.689473
4.703055
5.255663
5.698090
6.048331
6.410292
6.844699
7.504429
7.768507
8.138017
8.589573
9.166810
9.613585
10.050200
10.553405
10.842002
11.487912
11.957950
12.395627
12.780437
13.212049
13.490658
13.774573
14.263293
14.642085
14.990645
15.272467
15.148893
15.232677
15.273659
15.177733
14.916162
14.709744
14.702262
14.685692
14.871065
14.984379
14.399935
14.012542
13.706102
13.253544
12.729468
12.334896
11.942101
11.329203
10.951385
10.576125
9.956263
9.542158
9.140213
8.953225
8.323411
7.941126
7.558962
6.870344
6.630926
6.318299
5.944735
5.667608
5.175209
4.753106
4.678069
4.320817
4.401699
4.895703
5.374498
5.772388
5.112011
4.649133
5.271991
5.923004
6.631004
7.304037
7.751162
8.190713
8.609553
9.245067
9.752261
10.041553
10.844133
11.351235
11.775219
12.148829
12.861370
13.223024
13.838439
14.239002
14.112529
13.949847
14.226160
14.600205
15.107550
15.381132
15.937751
16.154369
16.583941
16.655665
16.876026
17.136759
17.289455
16.891943
16.732895
16.566046
16.351870
16.216094
16.117593
16.150215
16.156186
16.163992
16.323102
16.577511
16.857054
17.515189
18.252842
18.958797
19.798615
20.309278
21.108096
22.046743
22.632980
22.687823
23.535951
23.519867
23.431129
23.244975
23.066178
22.624137
21.911106
21.705018
21.599590
21.564666
21.662455
21.679339
21.707534
21.693526
21.743850
21.812018
21.943496
22.098820
22.011325
21.526095
21.551221
21.796211
22.011819
22.286992
21.971971
22.007979
22.935534
23.966065
24.536612
24.939268
25.319649
25.656163
25.823728
26.171297
26.291516
26.401072
26.561345
26.584644
26.609833
26.746806
26.950852
27.149235
27.571766
28.279980
28.644907
29.379525
30.228370
30.477651
29.991654
29.564816
28.956208
28.603736
28.277681
27.294770
26.758626
26.066971
25.871297
25.737634
25.660794
25.557442
25.479507
25.240006
25.072362
24.994588
24.984835
24.860305
25.019151
25.260312
25.588393
25.401384
25.392366
25.417185
25.630822
25.779995
25.939272
25.888734
25.716011
25.736889
25.832046
26.008352
26.234651
26.464084
26.810251
27.283674
27.948718
28.559590
28.855484
29.551120
29.568454
30.213144
30.871290
31.189952
31.469969
31.499378
31.413025
30.711937
30.472426
29.938505
29.336378
29.452894
29.472579
28.897731
28.754535
28.501957
28.400256
28.205371
28.010946
27.894975
27.720569
27.651209
27.517284
27.288936
27.228577
27.240783
27.224016
27.349135
27.265664
27.060196
27.350302
27.373963
27.608962
27.742898
27.660791
27.630158
27.655722
27.721070
27.815873
27.904429
28.016175
28.105396
28.361635
29.027682
29.408448
29.748894
29.969039
30.339195
30.940508
30.248711
29.678797
28.874573
28.293041
27.808143
27.090797
26.803015
26.650649
26.700413
26.906570
27.047649
27.291420
27.489480
27.572974
27.498526
27.444354
27.262089
27.324687
27.523191
27.621981
28.017050
27.715675
27.979674
28.273622
28.594055
28.473234
28.473283
28.647735
28.950828
29.090083
29.499651
29.830056
30.424828
31.016660
31.534538
32.364547
32.948332
33.358799
33.401789
33.128067
32.789688
32.420870
32.033092
31.380899
30.924332
30.824626
30.793896
30.777157
30.255919
29.897041
29.679373
29.424970
28.985729
28.698344
28.422003
28.194402
27.891720
27.680477
27.279652
26.938618
26.967579
26.938582
26.653659
26.565417
26.498937
26.214244
26.020421
25.714867
25.358864
25.129679
24.882320
24.626812
24.669487
24.748557
24.761949
24.823031
24.983129
25.258287
25.860893
25.937180
26.348209
26.649593
27.278512
27.698238
27.090365
26.520767
25.843889
25.386392
24.981633
24.696543
24.413741
24.065544
23.750020
23.536183
23.435629
23.598444
23.831717
24.012441
24.261336
24.545880
24.598932
24.865531
25.090076
25.414961
25.723065
26.195396
26.545791
26.911514
27.394329
27.906225
28.526953
29.088479
29.779064
30.352810
30.911751
31.266174
31.226396
31.211204
31.092886
30.981494
30.654400
29.819305
29.729762
29.548771
28.906636
28.277050
27.751154
27.386265
26.885749
26.425968
25.771287
25.504631
25.184714
25.178424
25.229255
24.755096
24.465538
24.182736
23.961947
23.629314
23.202284
22.951116
22.610085
22.405272
22.287560
21.991246
21.721818
21.662659
21.587164
22.066145
22.544043
22.618910
22.722051
23.206544
23.729025
24.318696
24.707396
24.660789
23.997329
23.446526
23.127399
22.870646
22.685830
22.529271
22.342309
22.276287
22.297718
22.515461
22.545971
22.732894
22.860598
23.127209
23.080546
23.217912
23.594779
23.904247
24.150053
24.418749
24.695373
25.165415
25.414676
25.829748
26.232866
26.660589
27.008015
27.552852
28.019886
28.775705
29.365271
29.813502
30.237479
30.378649
29.826416
29.798291
29.397100
29.171954
28.356090
27.781159
26.934133
26.391770
26.016235
25.417346
25.049638
24.580186
24.220950
23.826778
23.378448
22.985350
22.518347
22.124252
21.717543
21.263475
20.867001
20.510660
20.155635
19.683940
19.428626
19.035436
18.585619
