1.906015 2.022633
1.778298 1.996899
1.731867 2.007920
1.695041 1.996715
1.645411 2.008198
1.611892 2.047413
1.534029 2.076906
1.465861 2.124364
1.348798 2.216626
1.260895 2.285088
1.167701 2.376798
1.062594 2.381243
0.992994 2.397699
0.947050 2.399643
0.901698 2.439709
0.887757 2.534940
0.904035 2.607328
0.903553 2.685162
0.897783 2.760434
0.888284 2.778769
0.878571 2.745379
0.881081 2.622380
0.855798 2.404781
0.806678 2.093195
0.781387 1.889592
0.779982 1.777049
0.793123 1.706754
0.808903 1.720160
0.806359 1.771124
0.835243 1.882879
0.897902 2.029761
0.949098 2.233660
1.014327 2.455709
1.062261 2.667064
1.124503 2.904568
1.168917 3.114067
1.143708 3.208603
1.086050 3.220458
1.092944 3.280891
1.043034 3.264153
1.047102 3.295971
1.066833 3.211401
1.078928 2.891212
0.920647 2.628433
0.851803 2.330126
0.806866 2.125234
0.772993 1.986394
0.752422 1.859052
0.711745 1.795052
0.703996 1.766281
0.662008 1.742140
0.650314 1.827108
0.657465 1.872276
0.662757 1.935492
0.695254 2.012232
0.722803 2.040253
0.727226 2.147770
0.749183 2.286878
0.775214 2.433062
0.815134 2.606747
0.859526 2.744941
0.876561 2.878713
0.891717 2.891185
0.898249 2.758336
0.897681 2.562855
0.849574 2.247648
0.836374 2.054710
0.841179 1.888526
0.855356 1.757191
0.879690 1.685560
0.928213 1.672907
0.998621 1.756883
1.083302 1.923447
1.120261 2.128251
1.181978 2.339933
1.102514 2.488992
0.955767 2.623510
0.892684 2.651586
0.765588 2.642806
0.778101 2.598406
0.834041 2.530444
0.982091 2.480945
1.117536 2.393841
1.206727 2.378907
1.267773 2.332497
1.398424 2.351414
1.488620 2.304684
1.541307 2.227698
1.593106 2.197181
1.685404 2.156381
1.781747 2.122357
1.892085 2.103470
1.949379 2.048694
1.946091 1.946151
1.995496 1.919589
2.058164 1.869895
2.079408 1.813866
2.131476 1.786248
2.205212 1.742397
2.232591 1.691833
2.321078 1.697615
2.239383 1.678894
2.147357 1.664650
2.029457 1.708392
1.858419 1.690025
1.627162 1.621632
1.494672 1.601467
1.421490 1.584073
1.422730 1.571206
1.441375 1.574111
1.457113 1.578392
1.499356 1.532646
1.625840 1.525676
1.793593 1.514653
1.945100 1.536211
2.007500 1.533208
2.049136 1.510120
2.134574 1.539295
2.059435 1.471089
2.019668 1.469397
1.950873 1.464940
1.950828 1.467522
1.861509 1.441745
1.799882 1.382000
1.654263 1.366678
1.586553 1.336521
1.458854 1.361253
1.336586 1.399837
1.217629 1.412423
1.060180 1.406833
0.959566 1.351126
0.931558 1.321526
0.954560 1.323322
1.081025 1.340815
1.240710 1.336903
1.408300 1.336093
1.560802 1.346077
1.700239 1.342050
1.919368 1.342679
2.080694 1.334174
2.263769 1.322418
2.432235 1.308246
2.594631 1.301817
2.719364 1.271915
2.863437 1.276201
2.981588 1.277473
3.133645 1.306428
3.237937 1.289523
3.375576 1.279733
3.482345 1.299130
3.512339 1.326359
3.493218 1.370826
3.284623 1.463112
3.093742 1.579662
2.988981 1.708030
2.956241 1.876535
2.934525 2.032227
2.895731 2.222611
2.945346 2.410397
2.989326 2.599910
2.970993 2.852451
2.734753 2.999373
2.413912 3.160585
2.254203 3.308697
2.074537 3.391925
1.985036 3.501900
1.916979 3.563483
1.926542 3.724875
1.986734 3.938071
2.054388 4.184353
2.081334 4.443516
1.962253 4.464999
1.888453 4.425919
1.803900 4.184751
1.776909 3.901724
1.696152 3.530813
1.704538 3.239955
1.665853 2.901159
1.524650 2.648253
1.297019 2.462143
1.143227 2.289703
1.012747 2.126019
0.934464 2.108493
0.936869 2.104384
0.976741 2.198162
1.028467 2.313601
1.097540 2.453817
1.184789 2.622245
1.239239 2.811326
1.217419 2.921855
1.174527 3.066985
1.127806 3.231300
1.062067 3.407664
1.098253 3.626856
1.112204 3.830349
1.124918 3.989565
1.144015 4.087763
1.143025 4.196841
1.137868 4.270618
1.205178 4.215355
1.263143 4.020807
1.249797 3.708320
1.157585 3.354166
1.102003 3.059341
1.065995 2.820923
1.021066 2.649369
0.988521 2.505697
0.975837 2.411757
1.001647 2.320118
1.064982 2.318966
1.124019 2.382433
1.159118 2.458732
1.151224 2.507806
1.082851 2.403763
0.861737 2.416769
0.790446 2.378719
0.782597 2.406088
0.792293 2.387994
0.802187 2.409663
0.840070 2.492615
0.900489 2.677714
0.964849 2.822273
1.004127 2.979223
1.028855 3.136310
1.032061 3.228740
0.964872 3.228464
0.842877 3.146736
0.783920 3.001851
0.742646 2.770510
0.673542 2.476640
0.644108 2.293958
0.625700 2.088693
0.610384 1.940944
0.616670 1.894552
0.606846 1.815069
0.628298 1.792134
0.663528 1.787591
0.683495 1.838056
0.737968 1.938606
0.808551 2.092797
0.899561 2.276967
0.908849 2.402130
0.899253 2.529545
0.872567 2.638988
0.852127 2.628342
0.857054 2.720461
0.880576 2.851602
0.888269 2.953560
0.934305 3.079299
0.951997 3.239191
0.950657 3.340284
0.997700 3.298998
1.062143 3.158341
1.035756 2.963377
0.958853 2.718811
0.917415 2.538783
0.885845 2.361795
0.874594 2.202287
0.845532 2.073236
0.854084 2.011743
0.858106 1.957651
0.818776 2.002965
0.780543 2.028421
0.791339 2.052545
0.732969 2.098756
0.701940 2.147900
0.692682 2.213533
0.665958 2.239660
0.664481 2.353223
0.704877 2.453294
0.746930 2.636318
0.783194 2.796071
0.825462 2.894803
0.825692 2.931158
0.764412 2.951149
0.755612 3.083263
0.740030 3.137809
0.636056 3.114445
0.577201 2.977599
0.571903 2.807428
0.544037 2.515954
0.555649 2.316972
0.574062 2.087939
0.550525 1.943802
0.539560 1.843348
0.529903 1.743232
0.543277 1.689168
0.546905 1.646478
0.563041 1.625495
0.588865 1.637024
0.628107 1.721174
0.669386 1.843514
0.719836 2.013552
0.772109 2.201362
0.761409 2.312999
0.770619 2.420974
0.743052 2.497892
0.768919 2.584973
0.749199 2.714233
0.793123 2.858512
0.787025 2.976979
0.806139 3.093122
0.829798 3.247153
0.880538 3.335621
0.953166 3.310992
1.054580 3.163258
1.025009 2.933321
0.967686 2.697412
0.927786 2.533138
0.895029 2.363641
0.863734 2.225666
0.821104 2.107349
0.841299 2.046558
0.865328 2.072737
0.872183 2.140396
0.830715 2.190158
0.763226 2.181350
0.706508 2.212317
0.649133 2.169569
0.636527 2.137063
0.638983 2.068569
0.663639 2.124532
0.664851 2.163739
0.684302 2.296131
0.725556 2.380441
0.743963 2.513295
0.735060 2.484614
0.768418 2.390968
0.857201 2.314781
0.967341 2.233552
1.095459 2.194427
1.232054 2.138787
1.320622 2.085299
1.438998 2.061634
1.513937 1.979575
1.597094 1.905355
