1.901267 2.022721
1.819383 1.997339
1.719470 1.971823
1.654688 1.991519
1.537579 2.014039
1.393717 2.035757
1.247730 1.993439
1.131901 1.896550
1.056592 1.894337
1.027938 1.914485
0.966401 1.898926
0.849316 1.955238
0.817594 1.979919
0.759782 1.965742
0.727293 2.007077
0.742250 2.081869
0.759306 2.219523
0.748960 2.327952
0.713271 2.321800
0.662155 2.234048
0.616673 2.102979
0.604825 1.847287
0.581828 1.586716
0.530947 1.403854
0.500758 1.290102
0.475051 1.234699
0.460419 1.237191
0.460143 1.315271
0.478700 1.382241
0.508765 1.481595
0.583115 1.633425
0.652708 1.811062
0.679113 1.987867
0.654054 2.099153
0.535555 2.086158
0.531553 2.072630
0.518171 2.059041
0.526126 2.152692
0.542383 2.205429
0.544813 2.288208
0.566638 2.330734
0.616821 2.223517
0.635058 1.994424
0.610601 1.716540
0.497604 1.488146
0.470681 1.374984
0.440700 1.318970
0.407525 1.254903
0.410956 1.282692
0.403471 1.293025
0.418567 1.310976
0.432155 1.409942
0.441149 1.528517
0.467928 1.625130
0.495088 1.760808
0.517604 1.875789
0.555956 2.031541
0.600075 2.228961
0.648435 2.424964
0.662008 2.541064
0.648159 2.633539
0.606902 2.510878
0.589375 2.383588
0.594885 2.144608
0.571195 1.840896
0.527390 1.607003
0.476910 1.397892
0.465471 1.290085
0.476252 1.242433
0.483781 1.242727
0.514522 1.291234
0.567471 1.373998
0.627479 1.514383
0.678034 1.686648
0.678492 1.825865
0.653975 1.931599
0.624882 1.983039
0.618332 2.037201
0.616198 2.044275
0.659623 2.032430
0.749225 1.949304
0.855382 1.897812
0.973438 1.874826
1.074003 1.798166
1.199393 1.735935
1.262487 1.618256
1.371878 1.584927
1.507173 1.545475
1.613999 1.480185
1.747999 1.404553
1.796672 1.339634
1.727906 1.213202
1.648547 1.074669
1.605600 1.042975
1.616454 0.995443
1.596086 0.983987
1.503016 0.944294
1.553871 0.891394
1.613917 0.900335
1.668012 0.874413
1.700889 0.848870
1.658319 0.829369
1.619109 0.820449
1.483507 0.836776
1.323542 0.861597
1.157473 0.843894
1.067757 0.832195
1.018304 0.828940
1.041239 0.820150
1.073601 0.821225
1.130256 0.798276
1.174904 0.803821
1.204509 0.817769
1.218717 0.834801
1.269078 0.845501
1.293355 0.872447
1.354451 0.872187
1.393522 0.873015
1.491501 0.850281
1.513608 0.820562
1.622357 0.808016
1.646592 0.795665
1.684886 0.758976
1.671798 0.743508
1.703785 0.714215
1.684948 0.718161
1.518003 0.753479
1.393840 0.793673
1.213065 0.751299
1.081079 0.703842
0.961628 0.675207
0.926052 0.649601
0.924840 0.627337
1.012490 0.647812
1.074731 0.652853
1.156491 0.694614
1.260308 0.747039
1.381558 0.770952
1.483328 0.787269
1.567659 0.788603
1.646147 0.771303
1.709106 0.736203
1.710132 0.709487
1.719061 0.704750
1.816548 0.693911
1.921370 0.684062
1.989438 0.698933
2.093325 0.687611
2.230493 0.691602
2.399852 0.694314
2.439379 0.696543
2.362051 0.700413
2.211680 0.742967
2.004434 0.821524
1.871448 0.918913
1.764016 0.999843
1.707409 1.097227
1.683622 1.241794
1.650420 1.412589
1.654708 1.569860
1.592026 1.714123
1.500368 1.819470
1.354709 1.891559
1.249171 1.814000
1.166471 1.878943
1.110450 1.959421
1.125030 2.024879
1.126511 2.084450
1.145509 2.159996
1.123715 2.250564
1.093218 2.367730
1.006886 2.366249
0.878051 2.243232
0.787972 2.101020
0.737976 1.915206
0.694216 1.736804
0.692116 1.598747
0.659082 1.495960
0.616147 1.455375
0.624767 1.448224
0.643779 1.462957
0.648346 1.473116
0.664477 1.506101
0.682619 1.562368
0.715853 1.686700
0.757672 1.809270
0.776717 1.951231
0.804029 2.048532
0.826063 2.145417
0.816803 2.215141
0.817323 2.319247
0.809616 2.367153
0.835900 2.358190
0.879742 2.464842
0.950841 2.609051
1.011198 2.745808
1.087195 2.914966
1.143554 3.053836
1.189243 3.097754
1.198701 2.857807
1.202192 2.587866
1.102109 2.232542
0.923651 2.049721
0.854110 1.862513
0.794428 1.684725
0.761201 1.608893
0.738938 1.502713
0.727127 1.500332
0.738381 1.518453
0.758355 1.546474
0.785109 1.668613
0.753834 1.796807
0.727909 1.908642
0.711199 1.983705
0.660260 2.069507
0.656625 2.143740
0.612418 2.221468
0.640235 2.365472
0.670852 2.474635
0.705295 2.607864
0.699940 2.629085
0.727790 2.734401
0.721722 2.775801
0.660165 2.748988
0.644550 2.741245
0.620719 2.739007
0.574609 2.663327
0.559837 2.422877
0.522680 2.205087
0.502919 1.986910
0.467601 1.778201
0.437288 1.602073
0.419668 1.477791
0.418654 1.383271
0.437758 1.341979
0.472483 1.363072
0.494878 1.399938
0.530673 1.512394
0.571043 1.616347
0.612247 1.817024
0.659913 2.018087
0.701759 2.222203
0.727317 2.400859
0.743335 2.605788
0.738154 2.764904
0.769830 2.974465
0.828655 3.142703
0.898052 3.309048
0.987926 3.511580
1.081982 3.722504
1.181927 3.809056
1.320948 3.708873
1.364428 3.357962
1.275046 2.979082
1.129648 2.573030
0.996464 2.284803
0.902335 2.064415
0.861917 1.820990
0.859167 1.728585
0.882201 1.676631
0.897346 1.724932
0.872270 1.787752
0.833428 1.916297
0.780975 2.020943
0.745307 2.080338
0.747605 2.161488
0.759743 2.241082
0.746427 2.285444
0.770728 2.377965
0.799019 2.382654
0.805034 2.488034
0.790824 2.463267
0.803592 2.389841
0.772312 2.439379
0.752081 2.474092
0.748570 2.557269
0.648317 2.587728
0.566404 2.532911
0.558534 2.382874
0.549316 2.099496
0.492844 1.859503
0.460643 1.646987
0.447737 1.486334
0.438621 1.417876
0.425111 1.366838
0.432105 1.333296
0.442174 1.340740
0.481356 1.366349
0.538354 1.407487
0.623807 1.488593
0.696055 1.577159
0.733819 1.666728
0.746889 1.790622
0.736876 1.915502
0.725709 2.017506
0.722168 2.141336
0.751740 2.267147
0.787122 2.370310
0.808427 2.357043
0.785885 2.361733
0.837624 2.434058
0.845047 2.459118
0.894580 2.444137
0.943312 2.377346
1.000205 2.189795
1.012881 1.966400
0.901524 1.648464
0.789872 1.467995
0.716646 1.322990
0.685597 1.252480
0.669055 1.199239
0.661768 1.218782
0.682431 1.264096
0.717529 1.348816
0.744805 1.500747
0.751507 1.645008
0.737069 1.779163
0.627987 1.828779
0.580200 1.903853
0.593947 2.037870
0.619265 2.103247
0.581893 2.101052
0.576983 2.155518
0.573885 2.190011
0.607485 2.310170
0.636900 2.383604
0.672590 2.420642
0.754249 2.358154
0.850283 2.242871
0.944842 2.125228
0.963495 1.947121
1.027023 1.893486
1.078070 1.741677
1.123430 1.673506
1.174148 1.615193
1.237232 1.537126
