0.352785
0.532772
0.724318
0.910420
1.096214
1.271279
1.437895
1.604108
1.773802
1.938189
2.096108
2.217937
2.338642
2.397850
2.381864
2.286282
2.164959
2.086060
2.031447
1.957331
1.832413
1.756193
1.697621
1.624400
1.501726
1.386287
1.322868
1.307884
1.310710
1.351923
1.372228
1.390300
1.381451
1.299172
1.222083
1.080366
0.895546
0.682595
0.446736
0.274140
0.155500
0.165404
0.168919
0.127554
0.158810
0.240255
0.342638
0.491559
0.676706
0.837220
1.007881
1.207893
1.493540
1.731281
1.912550
2.033038
2.163408
2.323221
2.500683
2.710788
2.954225
3.067879
3.097338
3.100336
3.092712
2.950577
2.775039
2.552178
2.314773
2.122719
1.980802
1.886158
1.822398
1.746009
1.576637
1.361007
1.119626
0.875892
0.741523
0.685133
0.622702
0.532272
0.325040
0.061685
0.254349
0.576413
0.925062
1.249362
1.556774
1.833988
1.985709
2.093309
2.176115
2.279225
2.347094
2.433763
2.434742
2.514528
2.559497
2.625711
2.788642
2.910050
2.971517
2.948535
2.843184
2.701405
2.498818
2.343142
2.154211
1.963157
1.812767
1.711930
1.621979
1.509571
1.418180
1.320029
1.193199
1.107236
1.024854
1.058265
1.058912
1.068526
1.197577
1.209756
1.334262
1.532872
1.639325
1.590847
1.441748
1.307765
1.211269
1.145812
1.121251
1.159501
1.218532
1.313438
1.452265
1.571583
1.711844
1.866976
2.033842
2.183615
2.312317
2.451238
2.614684
2.742109
2.865018
2.965450
3.079144
3.161664
3.222558
3.186680
3.152110
3.029897
2.778434
2.309293
1.682112
1.582795
2.491613
3.764614
4.480775
4.688920
4.695340
4.817419
4.830672
4.880604
4.889326
4.929070
4.954668
5.026610
5.066789
5.006916
4.879945
4.776417
4.848541
4.888251
4.862710
4.866113
4.886358
4.941903
4.975247
4.969837
4.978963
5.003287
5.028950
5.086351
5.182821
5.236841
5.165238
5.123198
5.130131
5.151354
5.184264
5.241716
5.209244
5.043595
4.624038
4.043361
3.351927
2.621033
2.415917
2.429698
2.537827
2.751194
3.033908
3.334876
3.646730
3.938625
4.152678
4.291048
4.394262
4.449486
4.477752
4.597986
4.774193
4.973180
5.217646
5.436052
5.650536
5.844844
6.052701
6.277327
6.483405
6.662523
6.805142
6.908025
6.937262
6.816968
6.721052
6.548275
6.328167
6.241463
6.146835
6.054868
6.003735
5.933891
5.853388
5.768550
5.677760
5.541713
5.389608
5.171728
4.846786
4.442155
4.019165
3.628385
3.321651
3.039365
2.798664
2.537155
2.312332
2.214204
2.293286
2.447509
2.619874
2.789563
2.949447
3.108166
3.240308
3.419171
3.547855
3.716595
3.940011
4.223791
4.485433
4.779838
5.025267
5.244989
5.500720
5.707168
5.902867
6.142073
6.436043
6.719650
7.035195
7.315586
7.544091
7.636741
7.655734
7.570142
7.483459
7.319152
7.108473
6.868023
6.580766
6.325938
6.053581
5.803418
5.584618
5.407923
5.201450
4.994351
4.790388
4.571345
4.389747
4.191559
3.968283
3.760689
3.589330
3.450359
3.310226
3.162269
3.033559
2.928837
2.876550
2.933300
3.074650
3.247438
3.415389
3.593047
3.786638
3.999251
4.230255
4.523611
4.777180
5.033887
5.372759
5.661676
5.955734
6.156884
6.337492
6.515383
6.677318
6.850885
7.022432
7.239222
7.462319
7.556017
7.586037
7.580145
7.580461
7.575654
7.589420
7.605579
7.605166
7.617831
