0.353540
0.536914
0.718882
0.902426
1.084070
1.260310
1.435987
1.609653
1.788362
1.956782
1.991717
2.144371
2.349330
2.500389
2.490816
2.260114
1.735540
0.821382
0.462342
1.501159
1.970023
2.410831
2.783676
3.093766
3.262392
3.378844
3.528294
3.711022
3.930297
4.103599
4.275430
4.352912
4.250859
3.352030
1.100845
1.790855
2.767172
3.352648
3.706176
3.988500
4.292531
4.566171
4.605695
4.335586
3.993648
3.680308
3.464669
3.280905
3.106484
2.942587
2.914590
3.061328
3.307167
3.520242
3.659198
3.726981
3.848179
4.051727
4.337842
4.628032
4.977282
5.313953
5.592966
5.729734
5.650480
5.395569
5.131586
4.883922
4.602305
4.327632
4.181646
4.131249
4.114953
4.033306
3.883761
3.701020
3.584510
3.563961
3.693830
3.882402
4.088983
4.197425
4.154208
3.949615
3.762982
3.484048
3.272961
3.143871
3.041610
2.990145
2.927248
2.894924
2.915158
2.964061
3.022855
3.095887
3.157161
3.246469
3.334355
3.430037
3.488561
3.481066
3.481305
3.409576
3.345259
3.264475
3.157453
3.001753
2.834199
2.709670
2.666125
2.616441
2.604821
2.587566
2.600295
2.557415
2.552039
2.584184
2.594452
2.635030
2.584617
2.518882
2.404670
2.312379
2.137951
1.921125
1.791121
1.820639
2.020726
2.280537
2.521760
2.746162
2.963114
3.166219
3.395863
3.631699
3.848864
4.064925
4.249866
4.403613
4.520456
4.613716
4.750978
4.900951
5.037418
5.206925
5.334671
5.463274
5.588420
5.694724
5.724010
5.638219
5.517457
5.410483
5.314501
5.226711
5.152732
5.115548
5.093751
5.060425
5.064289
4.973645
4.916922
4.771688
4.669395
4.554778
4.452104
4.334858
4.257519
4.202665
3.963565
3.797551
3.645404
3.527912
3.635993
3.762906
3.834097
3.922270
3.984936
3.979468
4.017267
4.028087
4.112727
4.192232
4.318860
4.466051
4.683740
4.869908
5.065347
5.356324
5.568343
5.827454
6.052715
6.320778
6.405200
6.283463
6.054533
5.674727
4.925743
3.879258
3.259597
3.089086
3.135165
3.291789
3.452755
3.651002
3.851840
4.010376
4.113180
4.110978
4.094143
4.056144
3.972502
3.997553
4.087042
4.225691
4.406396
4.573419
4.727195
4.859664
5.021602
5.177420
5.272898
5.412796
5.493229
5.437643
5.366254
5.251646
5.154644
4.973609
4.972478
4.965105
5.007107
5.001313
4.983747
4.901816
4.860236
4.829679
4.819537
4.800561
4.799286
4.783499
4.765962
4.658039
4.476788
4.246691
3.844665
3.394850
2.966951
2.616061
2.406876
2.242840
2.402355
2.595834
2.722111
2.820620
2.850905
2.871035
2.856728
2.833530
2.760317
2.635899
2.617902
2.759926
3.226986
3.909316
4.604428
5.035032
5.255079
5.389894
5.441652
5.584117
5.796743
6.086665
6.326937
6.513831
6.619589
6.641111
6.556596
6.485443
6.426256
6.326590
6.183016
6.055565
5.907146
5.735758
5.544388
5.337176
5.198098
5.025573
4.868874
4.795518
4.677359
4.601709
4.477106
4.281399
4.052192
3.752786
3.508849
3.345107
3.205898
3.157744
3.204237
3.193174
3.260543
3.326524
3.470958
3.597393
3.678204
3.761353
3.868444
3.978490
4.093569
4.255380
4.443568
4.626081
4.914609
5.168989
5.435158
5.643279
5.859245
5.978034
6.100374
6.249309
6.432338
6.623697
6.835800
6.970749
7.032772
7.050933
7.083798
7.097196
7.074412
7.085203
7.060071
7.029665
