1.901267 2.022721
1.841623 2.011622
1.683125 1.939186
1.540814 1.909061
1.449101 1.914636
1.390824 1.950596
1.272075 1.983530
1.146911 2.037291
1.058513 2.092501
1.015772 2.145611
0.966578 2.173306
0.911271 2.229480
0.815529 2.262803
0.736057 2.258632
0.703940 2.284436
0.690797 2.300277
0.644048 2.420497
0.654053 2.559557
0.663405 2.643565
0.645056 2.676469
0.665068 2.603657
0.679969 2.389177
0.689427 2.104446
0.633176 1.781609
0.621582 1.553390
0.607182 1.423348
0.635974 1.320754
0.677343 1.340886
0.740817 1.407736
0.866661 1.535420
0.985254 1.712822
1.115983 1.934275
1.222088 2.178193
1.283546 2.386769
1.230046 2.567221
1.137454 2.664551
1.053644 2.781863
0.979070 2.850002
0.883609 2.890009
0.890109 3.013913
0.930947 3.029594
0.967222 2.835410
1.018129 2.578870
0.961113 2.260895
0.804865 1.915489
0.728710 1.690619
0.698825 1.532806
0.647286 1.472459
0.629862 1.471486
0.616576 1.499340
0.589093 1.608253
0.582909 1.658618
0.583191 1.724320
0.601687 1.838223
0.610373 1.978676
0.652611 2.073167
0.701228 2.229137
0.777982 2.440493
0.862551 2.671289
0.957716 2.886974
1.061854 3.118047
1.075578 3.267230
0.920783 3.287202
0.815876 3.112840
0.726439 2.768752
0.644814 2.338182
0.635864 1.973920
0.668311 1.684112
0.757715 1.448214
0.892172 1.276147
1.030578 1.190757
1.188603 1.143502
1.343996 1.162860
1.521201 1.228962
1.694839 1.319211
1.814828 1.415245
1.894154 1.527299
1.936369 1.704169
1.874465 1.782278
1.884603 1.797948
1.908506 1.775786
1.790203 1.730733
1.737168 1.662665
1.677923 1.563160
1.536602 1.362639
1.594656 1.287701
1.528519 1.176713
1.523219 1.107713
1.532283 1.057828
1.527811 1.051058
1.569212 1.040742
1.507824 1.065047
1.496414 1.085713
1.493293 1.097169
1.504305 1.117127
1.454476 1.143207
1.479420 1.140047
1.480455 1.183574
1.490115 1.201806
1.528462 1.250308
1.574720 1.305390
1.494496 1.257988
1.474384 1.202295
1.408271 1.109980
1.300118 1.069121
1.146782 1.040875
1.086458 1.029005
1.057863 1.027730
1.082373 1.049840
1.093291 1.089267
1.129250 1.126764
1.175736 1.189495
1.248400 1.234304
1.268830 1.209927
1.309169 1.217935
1.381714 1.166290
1.468903 1.169328
1.477424 1.144378
1.587066 1.173735
1.590523 1.133130
1.670741 1.163952
1.656049 1.108520
1.650232 1.101996
1.637196 1.089832
1.625001 1.024996
1.564688 1.045304
1.464122 1.071901
1.306055 1.091431
1.135929 1.018554
0.998605 0.914640
0.923602 0.857417
0.894816 0.802339
0.922307 0.784057
0.996194 0.784827
1.088141 0.793411
1.191385 0.804575
1.278073 0.809496
1.343130 0.830122
1.427479 0.819774
1.456586 0.812925
1.540430 0.821374
1.541670 0.815924
1.577235 0.810005
1.571125 0.810183
1.614145 0.782699
1.646709 0.776765
1.622860 0.794939
1.677754 0.797334
1.683971 0.813752
1.759375 0.842741
1.809301 0.815758
1.703014 0.750882
1.515664 0.741711
1.451364 0.802295
1.365615 0.900112
1.378974 1.004773
1.373599 1.170073
1.295929 1.380527
1.259207 1.595042
1.077241 1.763235
0.957477 1.897455
0.879341 1.971309
0.869393 2.010628
0.813876 2.068434
0.797378 2.083558
0.782132 2.155864
0.802070 2.217809
0.844352 2.359956
0.858915 2.505439
0.864842 2.592716
0.883562 2.712520
0.781427 2.669912
0.673745 2.653595
0.599948 2.404939
0.571032 2.155040
0.527410 1.905939
0.514267 1.746316
0.510073 1.648012
0.516357 1.600980
0.501580 1.554512
0.510551 1.546612
0.518135 1.511675
0.571216 1.502501
0.639471 1.542841
0.724362 1.599833
0.789450 1.692038
0.814878 1.802635
0.830963 1.961500
0.813950 2.102852
0.789441 2.146100
0.744998 2.208027
0.747476 2.234512
0.802931 2.347305
0.861235 2.365844
0.895195 2.427053
0.968818 2.466515
1.051500 2.556716
1.104290 2.685284
1.135425 2.679582
1.147938 2.578419
1.124231 2.316011
1.036144 2.133361
0.880062 1.850373
0.784473 1.697835
0.717303 1.612043
0.676051 1.562933
0.633572 1.505465
0.644439 1.565990
0.681371 1.651747
0.746789 1.791339
0.808605 1.967418
0.801898 2.073688
0.705114 2.156940
0.672931 2.140110
0.686778 2.235175
0.662122 2.294809
0.687553 2.396820
0.739265 2.524439
0.807844 2.591597
0.874716 2.745203
0.962703 2.926030
1.054169 3.077444
1.096643 3.149332
1.096215 3.167831
1.036468 3.170604
0.961444 3.194251
0.830837 3.147890
0.751010 3.000426
0.681848 2.639539
0.629548 2.271965
0.604248 2.111936
0.584582 1.986346
0.557368 1.888955
0.555409 1.827759
0.572421 1.748533
0.603719 1.730375
0.640387 1.721160
0.711643 1.755555
0.809597 1.837185
0.906779 1.930614
0.975210 2.076185
0.980508 2.186064
0.998907 2.304670
0.947213 2.428083
0.947801 2.553320
0.992302 2.679934
1.013786 2.753904
1.070170 2.855814
1.100002 2.882918
1.181792 2.979945
1.281557 2.963665
1.379080 2.733695
1.397400 2.171422
1.265497 1.844195
1.082346 1.582507
0.978763 1.483514
0.890908 1.401164
0.859702 1.432371
0.874930 1.503965
0.915111 1.606451
0.944191 1.720124
0.948550 1.799837
0.954294 1.899128
0.890146 1.983565
0.899186 2.057337
0.885845 2.056729
0.913368 2.101127
0.914195 2.088006
0.939162 2.102166
0.992837 2.103718
1.076785 2.152670
1.132877 2.219059
1.190269 2.350768
1.253645 2.467290
1.172615 2.500302
1.117736 2.459645
0.943828 2.456801
0.810078 2.474356
0.719719 2.232600
0.622876 1.979794
0.609150 1.774194
0.601614 1.638027
0.569439 1.562092
0.553226 1.498226
0.543240 1.460638
0.541814 1.410255
0.573788 1.395776
0.594858 1.390461
0.648463 1.370540
0.714285 1.367590
0.782645 1.425587
0.867990 1.536827
0.903659 1.652918
0.931399 1.787787
0.910674 1.899891
0.900231 1.989390
0.860944 2.087246
0.873317 2.111649
0.877492 2.181828
0.936820 2.258036
1.009674 2.293866
1.058297 2.337382
1.133712 2.358248
1.188799 2.244832
1.296757 2.150451
1.285943 1.943746
1.185454 1.653130
1.010463 1.466623
0.859535 1.325642
0.783235 1.273450
0.724905 1.268539
0.709060 1.313175
0.711123 1.420961
0.759509 1.567580
0.806990 1.754267
0.813856 1.928084
0.790829 2.051317
0.745508 2.099903
0.732390 2.201248
0.742045 2.281312
0.753981 2.316107
0.758080 2.272849
0.776205 2.301660
0.814430 2.374881
0.880972 2.488498
0.944521 2.616942
0.936909 2.662118
0.998824 2.612410
1.061351 2.516459
1.161826 2.429253
1.254202 2.316068
1.326080 2.236230
1.324666 2.144641
1.331760 1.989010
1.299044 1.872181
1.303368 1.776016
