1.895949 2.021742
1.898025 2.029656
1.889869 2.045216
1.890415 2.066529
1.889856 2.100148
1.885889 2.141480
1.884960 2.195642
1.883831 2.267503
1.886575 2.355847
1.885620 2.460877
1.889026 2.578080
1.689180 2.581185
1.591201 2.601360
1.512096 2.699479
1.403871 2.662723
1.338055 2.718653
1.334565 2.830309
1.323651 3.057021
1.334889 3.284432
1.352373 3.485209
1.361764 3.635074
1.374302 3.607126
1.394010 3.506763
1.333505 3.301061
1.269137 3.071147
1.104985 2.691869
1.026920 2.355580
1.001748 2.203029
0.974814 1.998736
0.981688 1.924312
1.052801 1.850456
1.109114 1.930257
1.224637 2.154232
1.361870 2.458130
1.419401 2.730156
1.461354 2.986217
1.454550 3.207694
1.470123 3.430947
1.474063 3.614607
1.495092 3.865865
1.447024 3.924039
1.428010 3.852806
1.260564 3.588764
1.157434 3.225205
0.894594 2.767812
0.854574 2.462695
0.859240 2.265306
0.851785 2.048168
0.865125 1.925096
0.819356 1.826017
0.820623 1.813582
0.770946 1.709469
0.749170 1.687082
0.730038 1.739879
0.728989 1.894133
0.754966 2.030974
0.764323 2.131183
0.806827 2.214914
0.793008 2.269424
0.786670 2.358524
0.799651 2.572382
0.840263 2.695759
0.884984 2.705083
0.915168 2.520820
0.926128 2.266983
0.834265 1.907183
0.757786 1.672960
0.718560 1.518604
0.675778 1.444507
0.669897 1.471583
0.681470 1.606026
0.671650 1.787611
0.713371 1.893881
0.743993 1.989749
0.753236 2.069641
0.679599 2.143046
0.662885 2.225579
0.629408 2.250860
0.614715 2.268523
0.647150 2.282852
0.754153 2.276898
0.884290 2.259155
0.980164 2.290154
1.067035 2.343342
1.212669 2.425157
1.261412 2.469355
1.388075 2.504600
1.553409 2.533572
1.694363 2.476474
1.815829 2.471922
1.981651 2.484605
2.012664 2.327216
2.057370 2.195626
2.105859 2.100707
2.052262 1.984122
2.055849 1.949328
2.106250 1.924398
2.126614 1.797172
2.199874 1.788103
2.240656 1.747083
2.299022 1.732268
2.311162 1.715614
2.309102 1.762648
2.195406 1.764790
2.061123 1.757758
1.903540 1.710822
1.750243 1.639895
1.596857 1.557114
1.496276 1.496783
1.431280 1.461731
1.443884 1.438633
1.471259 1.401416
1.540153 1.387695
1.635929 1.368043
1.683177 1.352765
1.821191 1.334664
1.896325 1.318763
1.965027 1.362927
2.029723 1.359867
2.041690 1.343563
2.108459 1.338429
2.108445 1.336024
2.003260 1.307185
1.920386 1.256615
1.887613 1.176627
1.825161 1.121763
1.683013 1.120742
1.523791 1.147055
1.349304 1.150172
1.131275 1.053913
1.070871 1.039436
1.046887 1.019391
1.064716 1.009847
1.031079 1.009187
1.130947 1.024729
1.240748 1.002265
1.382035 1.028564
1.536988 1.051249
1.651989 1.045251
1.806206 1.065462
1.930790 1.082933
2.117993 1.105472
2.278077 1.126804
2.385868 1.145597
2.580874 1.173764
2.740915 1.243675
2.950166 1.277161
3.143106 1.272325
3.377010 1.307569
3.636404 1.353370
3.863890 1.374402
3.991225 1.398087
4.054517 1.488050
4.030875 1.633614
3.911658 1.824855
3.836495 2.036564
3.748126 2.261492
3.773500 2.508528
3.811467 2.774978
3.620761 2.954585
3.279428 3.113432
2.953721 3.170893
2.621373 3.327923
2.410151 3.431632
2.379857 3.552598
2.403027 3.702374
2.419101 3.918833
2.454477 4.205486
2.516498 4.467161
2.564612 4.739480
2.717208 5.043324
2.732229 5.279164
2.708256 5.345987
2.670670 5.263777
2.882655 5.168137
2.810082 4.921905
2.886285 4.739439
2.886944 4.608850
2.812577 4.492196
2.411991 4.079167
1.999152 3.686299
1.881038 3.422655
1.660005 3.261631
1.614855 3.093591
1.445218 2.915998
1.372869 2.770688
1.414204 2.713690
1.469820 2.682139
1.500870 2.727607
1.461554 2.759269
1.376404 2.893249
1.348440 2.841780
1.267339 2.811752
1.259732 2.935840
1.255758 3.076399
1.326146 3.194618
1.354647 3.412263
1.364970 3.595423
1.383958 3.559433
1.473782 3.241384
1.515082 2.839121
1.414372 2.226946
1.277135 1.955774
1.182308 1.752528
1.094455 1.595722
1.030416 1.524017
0.994679 1.521661
0.962834 1.552724
0.965549 1.624049
1.019988 1.740881
1.106708 1.925573
1.210705 2.142223
1.223004 2.329957
1.196672 2.512011
1.201929 2.671272
1.238629 2.815766
1.053600 2.880748
1.046462 2.972816
1.093700 3.132976
1.143232 3.155404
1.142348 3.162683
1.087107 3.007639
1.101040 3.046794
1.136116 3.139018
1.130401 3.133809
1.065536 3.040585
0.956072 2.879491
0.873653 2.773786
0.798815 2.494924
0.737307 2.180040
0.712221 2.027999
0.706519 1.877748
0.687833 1.743314
0.675539 1.672012
0.689529 1.611324
0.738755 1.663887
0.770716 1.673120
0.837019 1.739652
0.965905 1.899132
1.096621 2.141709
1.233927 2.526241
1.349956 2.887521
1.467317 3.302803
1.571186 3.714328
1.655794 4.089374
1.703481 4.363032
1.658163 4.516638
1.687807 4.571101
1.622577 4.446156
1.545546 4.047368
1.394596 3.415969
1.360398 2.695121
1.255387 2.071099
1.172092 1.745845
1.012365 1.509171
0.958107 1.398684
0.899180 1.366777
0.881963 1.395968
0.860061 1.460522
0.898587 1.507412
0.954465 1.584783
0.995597 1.673190
0.982617 1.777004
0.924206 1.854611
0.833900 2.003586
0.792218 2.135070
0.753358 2.253130
0.741740 2.314393
0.756091 2.320408
0.780739 2.351610
0.829546 2.320694
0.859601 2.342417
0.891939 2.292364
0.896422 2.340534
0.913456 2.350675
0.876525 2.243071
0.796507 2.264238
0.724949 2.336997
0.651899 2.321520
0.622784 2.171930
0.615461 1.965644
0.608625 1.784782
0.616295 1.679963
0.590682 1.583687
0.582743 1.512756
0.569518 1.495458
0.583132 1.477215
0.591039 1.492302
0.633378 1.502256
0.698197 1.522372
0.795206 1.609762
0.910701 1.733353
0.982465 1.808548
1.011244 1.904059
0.945279 1.865894
0.934405 1.860665
0.997700 1.747726
1.052358 1.748020
1.128058 1.881285
1.176778 1.892974
1.269674 1.913996
1.305714 1.976523
1.321489 2.008678
1.349889 2.016703
1.406329 1.904703
1.441238 1.769894
1.386013 1.621894
1.190197 1.437876
1.056506 1.328720
0.933055 1.261550
0.847917 1.237387
0.814086 1.267512
0.817663 1.333584
0.788198 1.393647
0.733563 1.458465
0.688116 1.489075
0.657460 1.548498
0.655282 1.594475
0.658332 1.678944
0.673053 1.723886
0.688026 1.728535
0.657485 1.746227
0.639929 1.771074
0.683679 1.829724
0.714058 1.787129
0.763226 1.833485
0.773418 1.654866
0.764640 1.519198
0.770199 1.393729
0.825023 1.337957
0.878272 1.293800
0.927117 1.252980
0.910069 1.226518
0.932943 1.163462
0.938885 1.138610
0.946041 1.121874
