160
150
160
150
150
150
160
150
150
150
150
250
240
240
330
420
420
410
420
420
420
420
420
410
420
510
500
510
590
600
590
690
680
680
690
680
680
690
680
680
780
770
780
780
780
780
770
780
780
780
780
870
970
960
970
970
960
970
970
960
970
970
960
960
970
960
970
960
970
970
960
960
1060
1060
1060
1060
1170
1160
1170
1170
1170
1160
1160
1160
1160
1160
1170
1160
1250
1250
1260
1350
1350
1350
1460
1460
1460
1450
1570
1560
1560
1570
1560
1560
1560
1570
1560
1670
1670
1670
1670
1670
1670
1670
1670
1670
1670
1670
1660
1670
1670
1660
1760
1770
1770
1770
1770
1770
1760
1770
1770
1770
1880
1880
1870
1870
1880
1880
1870
1870
1880
1880
1880
1880
1870
1880
1880
1870
1880
1880
1880
1870
1870
1880
1870
1880
1880
1870
1880
1990
1990
2090
2100
2090
2040
2080
2080
2080
2080
2080
2090
2080
2080
2070
2080
2080
2080
2080
2080
2190
2190
2180
2190
2190
2290
2290
2300
2290
2290
2410
2420
2510
2520
2520
2520
2510
2510
2520
2520
2520
2520
2520
2520
2510
2520
2520
2520
2510
2520
2520
2520
2520
2520
2520
2510
2510
2520
2520
2520
2630
2630
2750
2750
2750
2850
2850
2860
2970
2980
2970
2990
2970
2980
2980
2980
2970
3100
3100
3090
3100
3100
3210
3220
3210
3220
3210
3230
3250
3250
3250
3250
3260
3250
3250
3250
3260
3250
3250
3250
3250
3260
3250
3250
3380
3370
3380
3380
3380
3380
3500
3500
3500
3500
3510
3500
3500
3500
3500
3500
3500
3510
3610
3620
3750
3740
3750
3740
3740
3870
3870
3880
3880
3870
3880
4000
3990
3990
4000
4000
4000
4130
4260
4260
4260
4250
4260
4260
4250
4260
4260
4250
4260
4250
4390
4380
4380
4380
4380
4380
4380
4380
4370
4390
4380
4380
4380
4380
4380
4380
4380
4380
4510
4510
4510
4440
4480
