20
3880
4000
4060
4160
4250
3850
3760
3640
3810
2330
3900
3970
4070
4150
4270
4370
4240
3830
3630
2980
3560
3240
3410
3520
4130
3700
4290
4070
3890
2500
3720
3960
3400
3390
4270
4360
4460
4560
4680
3040
3910
4000
4100
4210
4290
4390
4460
4560
4670
3010
3890
3970
4080
4190
4290
4380
4480
4570
4670
3000
3940
3980
4080
4190
4290
4380
4480
4570
4670
3000
3880
3970
4080
4210
4280
4390
4480
4570
4690
2860
3860
3970
4070
4160
4260
4390
4430
4550
4660
3010
3880
3970
4070
4160
4260
4360
4420
4580
4660
3000
3890
3980
4070
4170
4280
4370
4430
4590
4680
3000
3880
3980
4080
4170
4260
4390
4430
4570
4670
3000
3900
3990
4110
4170
4300
4360
4460
4620
4690
3010
3890
4000
4080
4180
4260
4360
4450
4580
4670
3010
3880
3980
4070
4200
4260
4360
4450
4590
4690
3000
3880
3980
4070
4170
4260
4360
4440
4570
4670
3000
3890
3980
4080
4170
4260
4370
4450
4600
4710
3000
3880
3970
4070
4160
4260
4360
4440
4580
4680
3000
3880
3980
4090
4160
4250
4360
4430
4580
4670
3000
3880
4020
4070
4160
4260
4360
4450
4580
4660
3000
3870
3970
4070
4160
4250
4360
4420
4560
4660
3010
3920
4010
4110
4200
4270
4360
4440
4570
4700
3000
3900
3980
4080
4170
4270
4390
4450
4600
4670
3000
3890
3970
4070
4190
4260
4390
4460
4600
4680
3020
3900
3980
4080
4180
4260
4370
4460
4570
4670
3020
3880
3970
4060
4160
4250
4370
4460
4560
4660
3010
3880
3980
4070
4160
4260
4360
4470
4570
4680
3000
3890
3980
4080
4170
4290
4420
4450
4580
4680
2990
3880
3970
4060
4180
4250
4350
4430
4570
4660
3000
3910
3980
4080
4170
4270
4390
4470
4580
4680
3010
3910
4010
4070
4170
4290
4370
4450
4580
4670
3000
3870
3970
4060
4160
4250
4350
4440
4580
4670
2990
3920
3980
4090
4170
4260
4370
4430
4570
4660
2990
3870
2980
3140
3060
4240
