1.895949 2.021742
1.898025 2.029656
1.889869 2.045216
1.890415 2.066529
1.889856 2.100148
1.885889 2.141480
1.884960 2.195642
1.883831 2.267503
1.886575 2.355847
1.885620 2.460877
1.889026 2.578080
1.689565 2.559795
1.535896 2.601407
1.382278 2.546489
1.266193 2.570833
1.170367 2.476548
1.093379 2.429384
1.068127 2.482948
1.056027 2.624395
1.043483 2.697201
1.026079 2.628372
1.112795 2.564160
1.076692 2.395415
1.042449 2.207184
0.975130 2.048562
0.915856 1.904727
0.888586 1.814011
0.897312 1.776215
0.902771 1.753672
0.942958 1.814724
1.010780 1.946666
1.073965 2.126434
1.144565 2.425537
1.231627 2.761354
1.347915 3.071331
1.426679 3.346627
1.446182 3.582533
1.466452 3.759870
1.482899 3.992862
1.500266 4.191189
1.407789 4.229394
1.311896 4.230430
1.341453 4.027352
1.234466 3.720031
0.973464 3.402568
0.935410 3.065736
0.905778 2.841287
0.916684 2.644281
0.927884 2.495543
0.911581 2.395713
0.839396 2.320599
0.808929 2.233248
0.762479 2.129781
0.776257 1.974002
0.788621 1.903124
0.758434 1.844007
0.791024 1.835211
0.830751 1.840177
0.910689 1.973649
0.968986 2.220920
1.062810 2.501779
1.084276 2.816236
1.043867 3.002451
1.015265 2.963269
0.967813 2.725990
0.887230 2.316936
0.828410 1.905960
0.840587 1.586518
0.857998 1.341302
0.882470 1.261023
0.963035 1.311418
1.032120 1.515491
1.112521 1.756556
1.171919 2.042053
1.214204 2.360899
1.263260 2.597319
1.125923 2.757719
0.883339 2.876847
0.872000 2.918787
0.858037 2.859514
0.945581 2.759513
1.049782 2.695013
1.107208 2.624814
1.174762 2.584859
1.242910 2.538149
1.343284 2.524661
1.469403 2.564168
1.517437 2.588808
1.641572 2.550061
1.737818 2.515891
1.883124 2.470809
1.945286 2.389052
1.996093 2.329201
2.075956 2.316071
2.078505 2.200298
2.131133 2.133748
2.168673 2.076707
2.147567 1.997177
2.150097 1.946576
2.091483 1.803866
2.124016 1.767509
2.142161 1.812217
2.056827 1.858901
1.967945 1.903910
1.792080 1.828189
1.682907 1.757263
1.554045 1.676663
1.432245 1.613733
1.393825 1.516340
1.366262 1.444778
1.379789 1.377391
1.461343 1.348929
1.517907 1.283389
1.659397 1.283270
1.714770 1.284342
1.777028 1.287006
1.832981 1.312020
1.892083 1.350008
1.881955 1.329983
1.907413 1.277919
1.838810 1.283818
1.793109 1.222591
1.729922 1.183350
1.694810 1.167551
1.668013 1.147673
1.628536 1.118954
1.528061 1.091375
1.435881 1.121582
1.297706 1.154776
1.127970 1.177997
1.082115 1.190318
1.079502 1.218291
1.132384 1.219534
1.169520 1.206942
1.262538 1.202003
1.390262 1.212864
1.527474 1.190227
1.728711 1.175513
1.916022 1.210739
2.108676 1.215187
2.332682 1.241601
2.549357 1.275887
2.711713 1.307682
2.908281 1.343931
3.109581 1.376328
3.354376 1.421658
3.571617 1.438729
3.710064 1.450976
3.910965 1.467624
4.156585 1.509404
4.301931 1.552272
4.362444 1.547845
4.363434 1.536308
4.307813 1.598588
4.178620 1.710308
3.905490 1.819597
3.592641 1.970597
3.192487 2.075133
2.907390 2.202689
2.844898 2.347752
2.976351 2.453438
2.943274 2.582163
2.804202 2.752434
2.748431 2.913535
2.566901 3.013967
2.406923 3.014617
2.346475 3.036542
2.340917 3.084776
2.341483 3.199649
2.394861 3.421145
2.478966 3.659789
2.493821 3.872779
2.458415 4.034892
2.330615 4.025565
2.284847 3.895110
2.221814 3.663624
2.130303 3.375433
1.954619 3.021490
1.900273 2.724179
1.732522 2.433509
1.672115 2.231832
1.612270 2.087347
1.636406 2.021962
1.664654 2.000283
1.630116 2.044828
1.591762 2.142447
1.555675 2.258533
1.550576 2.411838
1.606692 2.554178
1.672307 2.753160
1.748955 2.944689
1.611617 3.071873
1.534194 3.133057
1.500152 2.975098
1.536931 2.935690
1.707881 2.985208
2.025142 3.231688
2.364642 3.693614
2.541211 4.001455
2.485696 3.771992
2.192301 3.155102
1.711876 2.385957
1.317988 1.922397
1.223406 1.848716
1.222709 1.863546
1.287217 1.934147
1.401216 1.990798
1.555521 2.044719
1.747902 2.091952
1.936900 2.102461
2.012652 2.036202
2.056022 1.981938
2.012649 1.965116
1.921141 1.959265
1.748386 1.926794
1.574697 1.913863
1.487011 1.762283
1.421303 1.739647
1.362282 1.697801
1.401104 1.666752
1.432711 1.637058
1.488082 1.570276
1.607482 1.613587
1.796649 1.745145
1.871260 1.836528
1.824802 1.897891
1.584287 1.997301
1.332551 1.918856
1.217549 1.794974
1.065331 1.609123
1.018342 1.515932
0.975234 1.482671
0.992031 1.500258
1.005597 1.583773
0.982160 1.656162
0.967429 1.727140
1.014055 1.797923
1.088461 1.867568
1.167440 1.856432
1.250925 1.876765
1.339142 1.884529
1.406228 1.950014
1.443625 2.053793
1.429388 2.196441
1.448070 2.352253
1.503064 2.548360
1.535285 2.669655
1.522661 2.686359
1.485164 2.572816
1.556103 2.480480
1.650970 2.399431
1.655507 2.221385
1.552374 1.992100
1.393640 1.767762
1.262366 1.676740
1.176559 1.647412
1.107408 1.569549
1.072909 1.557062
1.035793 1.558024
1.072280 1.610924
1.155809 1.680666
1.208932 1.726715
1.204701 1.742867
1.123849 1.704954
1.041716 1.691878
0.993580 1.672382
1.002079 1.641725
0.999672 1.627257
1.077519 1.655161
1.139430 1.609783
1.165163 1.525119
1.264212 1.549487
1.312620 1.602524
1.274173 1.719141
1.185539 1.802122
1.183686 1.891658
1.135868 1.976746
1.066873 2.029543
0.963421 2.029236
0.903015 1.965411
0.866156 1.867216
0.818906 1.725136
0.796444 1.636966
0.784886 1.549622
0.734779 1.489656
0.743410 1.479665
0.756607 1.484153
0.740800 1.468528
0.771462 1.411807
0.838570 1.365339
0.938426 1.388021
1.070357 1.490484
1.156092 1.644259
1.183803 1.776405
1.128877 1.808224
1.079151 1.802308
1.101844 1.879956
1.160954 1.946181
1.190083 1.991093
1.239500 2.046258
1.304805 2.101973
1.357764 2.141020
1.427872 2.198227
1.464746 2.162562
1.411634 1.843751
1.350784 1.581757
1.267425 1.401513
1.107269 1.255246
1.028741 1.219825
0.974559 1.196820
0.950789 1.155349
1.000593 1.204178
1.118631 1.269813
1.236953 1.359285
1.312902 1.420622
1.327629 1.499899
1.252992 1.557367
1.108571 1.569949
0.996929 1.496058
0.935094 1.413919
0.854982 1.337264
0.812923 1.299515
0.866008 1.352500
0.982435 1.404987
1.077966 1.415320
1.120417 1.454944
1.086007 1.436546
0.998300 1.318601
1.007312 1.236002
1.032971 1.190986
1.072116 1.163090
1.018073 1.099391
0.975698 1.045374
0.975313 1.027894
0.990187 1.007234
1.022999 0.985910
