0.351472
0.547057
0.731680
0.920191
1.108467
1.284836
1.466584
1.635090
1.803742
1.971037
2.137017
2.294062
2.450017
2.610080
2.763328
2.912530
3.061874
3.206518
3.346579
3.429572
3.433803
3.361574
3.254299
3.126099
3.001970
2.881549
2.764352
2.656580
2.547276
2.441300
2.350772
2.257622
2.168364
2.085297
2.006195
1.941243
1.867665
1.804157
1.745279
1.684068
1.649403
1.663344
1.705674
1.746840
1.793517
1.837547
1.876126
1.909646
1.950004
1.982287
2.012532
2.033167
2.056391
2.074620
2.087556
2.101147
2.110397
2.122969
2.135266
2.148248
2.159404
2.153020
2.110584
2.061221
2.037784
2.038785
2.045199
2.055572
2.073309
2.092223
2.112479
2.139334
2.171905
2.195081
2.231597
2.269009
2.304077
2.342129
2.368145
2.385703
2.357847
2.328641
2.300487
2.271883
2.246165
2.221251
2.199195
2.180634
2.166676
2.151390
2.145321
2.146475
2.139371
2.143167
2.149135
2.156168
2.173703
2.194823
2.220715
2.247491
2.281714
2.321382
2.400391
2.468979
2.499922
2.467542
2.428362
2.388367
2.361534
2.330362
2.303321
2.282255
2.269193
2.259771
2.252686
2.254415
2.260553
2.273154
2.289422
2.317410
2.342274
2.378499
2.420336
2.465624
2.512612
2.559861
2.650367
2.724677
2.746638
2.698741
2.656931
2.612852
2.578354
2.547615
2.531178
2.522247
2.520367
2.526858
2.535993
2.548186
2.577734
2.610862
2.653361
2.706861
2.767261
2.833090
2.903485
2.988841
3.076497
3.173414
3.274832
3.410029
3.545494
3.686714
3.833217
3.986258
4.142828
4.307556
4.477472
4.651237
4.828266
4.999643
5.179117
5.361212
5.548066
5.734640
5.927534
6.120641
6.309507
6.496789
6.694185
6.838141
6.875886
6.790261
6.622288
6.408912
6.203016
5.992598
5.782200
5.572056
5.361402
5.141104
4.916843
4.703687
4.490184
4.272923
4.057006
3.844215
3.633511
3.429419
3.225202
3.022286
2.826445
2.633745
2.441088
2.259353
2.091420
1.931849
1.791963
1.612322
1.504135
1.548912
1.737866
1.936307
2.143396
2.357547
2.586292
2.813280
3.044758
3.278239
3.515100
3.753066
3.989736
4.230793
4.472298
4.713146
4.962970
5.221036
5.481966
5.736055
5.995969
6.258838
6.519274
6.779358
7.034915
7.215185
7.289910
7.207246
7.011153
6.744926
6.477359
6.208057
5.933898
5.661217
5.385602
5.107952
4.829940
4.555509
4.277821
3.994829
3.717356
3.436914
3.154519
2.872536
2.590307
2.307378
2.027221
1.741635
1.461582
1.184860
0.963811
0.793916
0.833827
1.044264
1.344901
1.647939
1.954380
2.260916
2.568468
2.874038
3.183118
3.497924
3.810352
4.128830
4.442477
4.757096
5.079291
5.399857
5.721747
6.041052
6.363855
6.690234
7.018131
7.344360
7.669770
7.998964
8.250402
8.384370
8.318139
8.092960
7.759252
7.425948
7.093063
6.755106
6.419570
6.088265
5.755054
5.417656
5.082181
4.744497
4.415615
4.082829
3.749219
3.419717
3.086153
2.764049
2.439637
2.119202
1.814041
1.521956
1.262427
1.057132
0.938841
1.008560
1.257224
1.503747
1.628049
1.697670
1.832914
2.020553
2.244232
2.493531
2.765121
3.063679
3.363438
3.666812
3.973707
4.286770
4.607588
4.936887
5.267069
5.599905
5.935439
6.267910
6.602974
6.943860
7.178574
7.255922
7.196638
7.153220
7.124830
7.116600
7.122818
7.142026
7.180137
7.243927
