1240
1240
1250
1230
1240
1240
1240
1240
1240
1240
1240
1230
1240
1240
1240
1230
1240
1240
1240
1240
1240
1250
1230
1250
1240
1240
1240
1250
1230
1240
1240
1240
1230
1230
1250
1240
1240
1230
1240
1240
1240
1240
1240
1240
1240
1240
1240
1240
1240
1230
1250
1230
1240
1240
1240
1240
1240
1250
1240
1240
1230
1250
1240
1230
1240
1240
1240
1240
1240
1240
1240
1250
1240
1240
1240
1250
1240
1240
1240
1240
1250
1240
1250
1240
1250
1230
1250
1250
1240
1240
1250
1240
1250
1240
1250
1240
1240
1240
1250
2140
1240
1250
1250
1250
1240
1250
1250
1250
1240
1260
1250
1250
1270
1260
1260
1260
1260
1250
1260
1260
1260
1260
1250
1250
1250
1250
1250
1260
1260
1260
1270
1260
1270
1280
1260
1270
1270
1260
1260
1260
1250
1270
1250
1270
1260
1280
1260
1260
1260
1260
1280
1280
1270
1260
1270
1250
1250
1250
1260
1270
1270
1280
1290
1280
1280
1280
1280
1290
1280
1280
1280
1300
1290
1300
1300
1300
1290
1290
1290
1270
1270
1280
1280
1280
1280
1280
1280
1290
1270
1290
1290
1290
1300
1300
1290
1310
1300
1300
1290
2320
1320
1320
1290
1300
1310
1310
1310
1280
1290
1270
1270
1270
1280
1290
1300
1280
1290
1290
1290
1300
1290
1300
1300
1290
1300
1290
1300
1290
1290
1270
1280
1290
1310
1310
1300
1290
1280
1270
1260
1280
1270
1280
1300
1270
1290
1290
1310
1290
1290
1300
1320
1310
1300
1310
1310
1310
1290
1300
1280
1300
1290
1310
1300
1290
1310
1290
1300
1330
1320
1300
1310
1290
1310
1320
1310
1280
1290
1270
1280
1290
1280
1270
1260
1280
1270
1300
1270
1290
1280
1300
1280
1280
1290
1320
1300
1320
1300
1300
1320
2390
1310
1280
1290
1300
1290
1280
1300
1300
1270
1280
1290
1300
1300
1310
1310
1300
1300
1320
1300
1320
1310
1320
1310
1300
1310
1300
1270
1280
1270
1290
1290
1290
1280
1290
1280
1310
1300
1290
1300
1270
1270
1260
1260
1260
1250
1250
1250
1260
1260
1270
1280
1270
1270
1260
1270
1290
1270
1270
1280
1270
1280
1290
1280
1280
1260
1260
1260
1270
1280
1290
1290
1300
1290
1280
1280
1290
1290
1290
1270
1280
1280
1280
1250
1260
1250
1270
1280
1290
1290
1270
1280
1280
1270
1270
1280
1270
1280
1280
1290
2360
1280
1300
1310
1280
1300
1280
1270
1290
1300
1290
1300
1300
1290
1310
1300
1290
1300
1310
1320
1300
1290
1320
1320
1320
1310
1290
1280
1280
1280
1250
1280
1260
1280
1300
1310
1290
1280
1280
1270
1280
1270
1260
1260
1260
1280
1280
1300
1280
1320
1290
1320
1310
1310
1310
1300
1290
1290
1290
1300
1300
1320
1310
1310
1320
1330
1310
1310
1300
1320
1300
1300
1320
1320
1310
1340
1320
1320
1310
1290
1320
1320
1330
1330
1330
1310
1340
1330
1320
1320
1320
1320
1310
1320
1320
1360
1370
1370
1380
1350
2390
1330
1330
1340
1350
1330
1330
1360
1360
1360
1340
1320
1310
1340
1360
1350
1340
1350
1340
1340
1340
1370
1330
1330
1290
1300
1290
1290
1290
1290
1300
1280
1290
1280
1290
1290
1300
1300
1300
1290
1290
1330
1320
1330
1320
1310
1350
1340
1330
1310
1310
1280
1270
1300
1330
1350
1350
1350
1390
1380
1370
1310
