2.151082 1.952906
2.152401 1.952649
2.154409 1.956225
2.154422 1.962340
2.154143 1.972549
2.152250 1.990305
2.147516 2.013160
2.145432 2.039182
2.148851 2.072566
2.150301 2.111549
2.152521 2.161909
2.155884 2.211278
2.159009 2.266233
2.152797 2.303662
2.160157 2.307498
2.172419 2.276172
2.190840 2.241784
2.175986 2.274887
2.183926 2.301074
2.202000 2.240069
2.207209 2.227742
2.210346 2.246781
2.213250 2.281534
2.223885 2.331514
2.236727 2.409365
2.257993 2.512263
2.279466 2.621147
2.300584 2.751698
2.328931 2.885785
2.357376 3.032427
2.394287 3.220777
2.428806 3.388611
2.466370 3.553181
2.508542 3.756697
2.568965 3.993445
2.612545 4.168559
2.672316 4.397302
2.730313 4.608519
2.785055 4.813500
2.844629 5.033660
2.911954 5.267788
2.984663 5.500283
3.056356 5.731431
3.137424 5.989842
3.180356 6.132612
3.205717 6.176024
3.259547 6.239505
3.338981 6.299437
3.397816 6.329207
3.316619 6.277436
3.239632 6.236346
3.195323 6.193926
3.181537 6.163449
3.118068 5.885138
3.045830 5.651560
2.974365 5.423491
2.923485 5.223198
2.884507 5.061497
2.852321 4.901638
2.828188 4.755215
2.816894 4.631103
2.811816 4.512101
2.817577 4.424188
2.836261 4.332625
2.860681 4.273170
2.890194 4.230599
2.932221 4.208214
2.980873 4.208570
3.045856 4.232832
3.115373 4.278728
3.191109 4.348278
3.274662 4.433376
3.363252 4.532502
3.460269 4.659817
3.553755 4.789841
3.653298 4.934527
3.778301 5.120137
3.889836 5.288769
3.935872 5.412068
3.935699 5.409648
3.845828 5.259799
3.771966 5.135656
3.908807 5.332386
3.939166 5.398133
3.921261 5.354659
3.820403 5.166351
3.745857 5.041261
3.679904 4.944555
3.606279 4.847981
3.554368 4.786650
3.501290 4.721406
3.451177 4.654547
3.427491 4.631231
3.420192 4.625022
3.423015 4.638278
3.445708 4.676816
3.487413 4.743501
3.529969 4.817111
3.588755 4.913141
3.664629 5.030776
3.759415 5.175465
3.848206 5.307549
3.952115 5.471966
4.071230 5.648378
4.211968 5.859876
4.330614 6.045242
4.475480 6.269681
4.611959 6.479870
4.755974 6.698948
4.919985 6.944879
4.962586 7.096917
4.958873 7.119495
4.995727 7.178429
5.060466 7.252583
5.149279 7.322564
5.035377 7.190194
4.982858 7.130430
4.945739 7.074604
4.946169 7.044157
4.967561 7.036636
5.004125 7.034699
4.829484 6.699807
4.714498 6.503388
4.607419 6.310866
4.512657 6.149651
4.427236 5.996815
4.340520 5.846407
4.264593 5.699606
4.201915 5.579307
4.155747 5.474242
4.128914 5.398165
4.111611 5.336240
4.110566 5.298881
4.124845 5.275703
4.155061 5.272819
4.209492 5.295043
4.268925 5.334054
4.340938 5.390458
4.427451 5.465587
4.532990 5.568535
4.648178 5.686853
4.777199 5.824989
4.904548 5.970348
5.058095 6.145190
5.214331 6.321929
5.375014 6.503045
5.448370 6.594658
5.535006 6.656539
5.505579 6.566135
5.445733 6.448536
5.311257 6.326365
5.417241 6.515864
5.432718 6.582549
5.159344 6.280409
4.987255 6.081757
4.852323 5.924412
4.738144 5.793564
4.659187 5.710830
4.590606 5.641052
4.542031 5.588372
4.507953 5.554405
4.488546 5.534739
4.489886 5.537452
4.506298 5.560008
4.543443 5.602162
4.587403 5.653950
4.660046 5.731964
4.744154 5.823913
4.838757 5.924399
4.968957 6.063642
5.089727 6.193126
5.105867 6.196854
5.125674 6.190531
5.240147 6.331094
5.368486 6.481056
5.516421 6.655092
5.654294 6.819849
5.850050 7.051039
6.023085 7.243539
6.125780 7.453186
6.148119 7.522134
6.232426 7.648006
6.329598 7.769101
6.439886 7.906263
6.273459 7.750672
6.171585 7.636364
6.115584 7.570111
6.111570 7.540373
6.130066 7.537716
6.191454 7.565856
6.278800 7.616819
6.395726 7.691818
6.526080 7.775807
6.664120 7.869390
6.836529 7.995002
7.033391 8.130950
7.236608 8.280309
7.471395 8.457935
7.686995 8.616773
7.950222 8.833087
8.169208 9.037061
8.372803 9.271146
8.557739 9.570918
8.757597 9.834867
8.781910 9.851735
8.995583 10.086678
8.941787 9.942799
8.770211 9.724155
8.614644 9.527482
8.497461 9.366520
8.386978 9.206840
8.061216 8.923135
7.906153 8.819790
7.768557 8.731311
7.651677 8.661490
7.531689 8.594558
7.438001 8.542556
7.350533 8.499149
7.287292 8.470012
7.241943 8.454395
7.208202 8.449436
7.211182 8.455883
7.226630 8.465081
7.114457 8.319283
7.024372 8.190577
7.037494 8.208528
7.108389 8.308251
7.181055 8.398447
7.280044 8.502831
7.164427 8.321784
7.093595 8.245336
7.078898 8.239812
7.087603 8.242208
7.105597 8.247559
7.143622 8.275087
7.229176 8.352356
7.291014 8.399697
7.370443 8.452243
7.475789 8.539945
7.591734 8.634063
7.724114 8.732894
7.849469 8.834324
8.002013 8.955866
8.010288 8.969825
8.015429 8.979585
8.167973 9.113071
8.316394 9.240101
8.497840 9.486266
8.607334 9.646012
8.725053 9.811844
8.848404 9.984317
8.981324 10.158221
8.902848 10.103800
8.730779 9.886143
8.656537 9.781083
8.564427 9.654735
8.496359 9.552197
8.411934 9.429929
8.196597 9.156768
8.029764 8.975390
7.874944 8.812311
7.760216 8.723609
7.663900 8.651234
7.592451 8.603273
7.518954 8.558395
7.452053 8.522431
7.410298 8.510401
7.387978 8.506741
7.381415 8.521006
7.397460 8.552643
7.437928 8.596928
7.535236 8.714805
7.665282 8.857727
7.810242 9.009744
7.626206 8.770095
7.553706 8.687174
7.513485 8.637035
7.490292 8.603434
7.486083 8.583434
7.497558 8.575180
7.512942 8.536921
7.542611 8.517875
7.610916 8.535600
7.686635 8.574221
7.831491 8.666408
7.947544 8.746702
8.086046 8.848362
8.230880 8.959729
8.387558 9.098052
8.515085 9.247333
8.623946 9.376525
8.668974 9.456880
8.735957 9.580653
8.736263 9.602823
8.770010 9.723053
8.839175 9.842270
8.909660 9.940420
8.982283 10.037540
8.971822 10.028159
8.989463 9.971486
8.885744 9.805199
8.816884 9.699168
8.764234 9.614470
8.648134 9.493809
8.643296 9.502038
8.649962 9.493345
8.516040 9.392116
8.406279 9.317677
8.314544 9.258466
8.235690 9.212858
8.171241 9.183692
8.124162 9.172177
8.100049 9.177982
8.099497 9.200940
8.112478 9.234428
8.139893 9.269925
8.189672 9.326685
8.273850 9.425291
8.391106 9.570806
8.488968 9.676233
8.623685 9.808433
8.738767 9.918028
8.509828 9.642191
8.403703 9.531242
8.320882 9.441999
8.246522 9.360065
8.180379 9.261226
8.170965 9.199714
8.182267 9.160741
8.217964 9.152588
8.260021 9.160370
8.309107 9.180529
8.382555 9.213842
8.463893 9.253301
8.564835 9.318784
8.684637 9.418827
8.766774 9.511156
8.816615 9.593273
8.850776 9.682833
8.893538 9.784765
8.945726 9.893929
9.092257 10.092752
9.030703 9.930654
8.982805 9.826601
8.947928 9.731652
8.960436 9.670636
9.003404 9.635627
9.100828 9.631031
9.314918 9.725484
9.582663 9.879268
9.797321 10.015904
10.018309 10.173674
10.226559 10.318218
10.419035 10.455121
10.689632 10.647624
10.988204 10.861351
10.995281 10.864869
10.994234 10.863616
11.001238 10.871066
11.270589 11.062052
11.624515 11.327137
11.884654 11.544444
12.113072 11.740103
12.114081 11.744095
12.349289 11.954237
12.556512 12.140485
12.800271 12.363563
12.798478 12.355082
12.810490 12.357934
13.050260 12.575925
13.293933 12.800477
13.530586 13.023041
13.796065 13.266966
14.033997 13.483935
14.274916 13.710987
14.455085 13.895888
14.607079 14.059570
14.708610 14.192272
14.737307 14.244292
14.753270 14.278242
14.764067 14.273948
14.774715 14.286881
15.003050 14.477406
14.978419 14.437509
14.960481 14.407275
14.818386 14.258844
14.611693 14.062910
14.614101 14.067409
14.615493 14.072323
14.613883 14.093998
14.406049 13.892686
14.260726 13.751765
14.100260 13.602401
13.953501 13.463493
13.780762 13.306207
13.634015 13.165328
13.505178 13.047124
13.379694 12.931772
13.266022 12.820658
13.153144 12.717884
13.044722 12.613870
12.955077 12.524075
12.950167 12.513710
12.963027 12.515138
12.973578 12.517779
12.956243 12.532869
12.975286 12.555390
12.913332 12.474993
12.871395 12.412780
12.836902 12.356997
12.801257 12.307587
12.777978 12.272501
12.762547 12.245113
12.747559 12.225073
12.740692 12.219266
12.752436 12.223418
12.770626 12.239945
12.804494 12.270938
12.840011 12.311143
12.871235 12.352034
12.897104 12.400841
12.904695 12.438010
12.934699 12.479173
12.974605 12.536571
13.024415 12.612680
13.071614 12.677714
13.024283 12.577528
12.978858 12.502767
12.953826 12.454498
12.922201 12.407062
12.879531 12.370738
12.850523 12.344699
12.827738 12.330137
12.838636 12.342557
12.858267 12.366320
12.878141 12.393710
12.899312 12.434609
12.912920 12.463648
12.935060 12.498881
12.971464 12.547229
13.012710 12.605476
13.067319 12.685708
13.114854 12.753712
13.179195 12.837938
13.255978 12.931889
13.329428 13.019982
13.414622 13.126890
13.510692 13.247742
13.597106 13.356203
13.714997 13.507464
13.829388 13.650213
13.963952 13.816250
14.085646 13.976655
14.215043 14.143619
14.357824 14.329027
14.500429 14.509917
14.536686 14.561934
14.556533 14.594088
14.558767 14.604927
14.549244 14.615903
14.528309 14.618183
14.658282 14.748726
14.652383 14.721823
14.560552 14.625051
14.579134 14.618253
14.588705 14.620688
14.503607 14.532659
14.416920 14.439128
14.315346 14.334783
14.238867 14.252960
14.173001 14.181231
14.113559 14.119706
14.051462 14.048429
14.007384 13.997988
13.960180 13.941697
13.971966 13.933742
13.978389 13.940466
13.945236 13.904019
13.916536 13.877541
13.896446 13.857354
13.888413 13.845743
13.886406 13.843477
13.896509 13.847537
13.912577 13.861686
13.932873 13.883829
13.963382 13.909989
14.000683 13.941909
14.062464 13.994117
14.124128 14.047861
14.191282 14.104947
14.259045 14.144902
14.320904 14.171690
14.372551 14.185643
14.377101 14.181052
14.379045 14.182645
14.425677 14.190625
14.478791 14.208637
14.546897 14.238439
14.621997 14.284997
14.639061 14.318877
14.565573 14.291910
14.511880 14.278264
14.443745 14.259840
14.375766 14.238528
14.313016 14.223060
14.260794 14.217945
14.204155 14.211197
14.161923 14.205118
14.126512 14.197857
14.096970 14.189804
14.070486 14.193410
14.053117 14.205140
14.044666 14.221991
14.046960 14.245905
14.051533 14.241857
14.053918 14.239649
14.057242 14.262030
14.070542 14.299280
14.092354 14.339123
14.124803 14.387469
14.163775 14.440925
14.212354 14.507101
14.275099 14.583915
14.341551 14.669583
14.420561 14.756615
14.507381 14.852374
14.599589 14.947924
14.705862 15.045471
14.788436 15.115488
14.881354 15.181747
14.978979 15.244679
15.084092 15.317260
15.148057 15.349858
15.099542 15.301363
14.993772 15.229011
14.996346 15.228859
14.911338 15.186620
14.835586 15.149087
14.759447 15.114120
14.658530 15.069027
14.536862 15.002027
14.426456 14.932341
14.342102 14.889147
14.266069 14.843165
14.202496 14.806703
14.137656 14.764476
14.092228 14.735576
14.052280 14.710247
14.019424 14.693531
13.997580 14.681544
13.984294 14.679240
13.982076 14.687449
13.988424 14.701051
14.005948 14.727196
14.032798 14.764264
14.067961 14.806477
14.114106 14.856376
14.179928 14.928510
14.246416 15.000592
14.472653 15.212644
14.791625 15.541233
