20
50
60
80
100
120
140
150
180
190
220
210
210
220
210
210
210
220
210
210
220
210
220
210
210
210
220
210
210
220
210
220
210
210
210
220
210
210
220
210
210
220
210
210
220
210
210
220
210
210
220
210
210
220
210
210
220
210
210
220
210
210
220
210
210
220
210
210
220
210
220
210
210
210
220
210
210
220
210
210
220
210
210
210
220
210
210
220
210
220
210
220
210
210
220
210
220
210
220
210
210
220
210
220
210
220
210
210
220
210
220
210
220
210
210
220
210
210
220
210
220
210
220
210
210
210
210
210
210
220
210
220
210
220
210
210
220
210
210
220
220
210
210
220
210
210
220
210
220
210
220
210
210
220
210
220
210
220
210
220
210
210
210
210
210
210
220
210
210
220
210
220
210
220
210
210
220
210
210
220
220
210
210
220
210
210
220
210
210
220
210
210
220
210
210
220
210
210
220
210
220
210
210
220
210
210
210
210
210
210
210
220
210
210
210
210
210
220
210
210
220
210
210
220
210
210
220
210
210
220
210
210
220
210
210
220
210
210
220
210
220
210
210
220
210
210
220
210
210
220
210
220
210
210
210
220
210
210
220
210
220
210
210
220
210
210
220
210
210
220
210
210
220
210
220
210
220
210
210
220
220
210
210
220
210
210
220
210
220
210
220
210
210
220
210
220
210
220
210
210
220
210
220
210
220
210
220
210
210
220
210
210
210
220
210
210
220
210
210
220
220
210
210
220
210
210
220
210
220
210
220
210
210
220
220
210
210
220
210
210
220
210
210
210
220
210
210
220
210
210
220
220
210
210
220
210
210
220
210
220
210
220
210
210
220
210
220
210
220
210
210
220
210
210
220
210
210
220
210
210
220
210
210
220
210
210
220
210
210
220
210
210
220
210
210
220
210
210
220
210
210
220
210
210
220
210
210
220
210
210
220
210
220
210
210
220
210
210
220
210
220
210
210
220
210
210
210
210
210
210
220
210
220
210
210
220
210
210
220
210
210
220
210
210
220
210
210
220
210
210
220
210
210
220
210
220
210
210
220
210
210
220
210
210
220
220
210
210
220
210
220
210
220
210
210
220
210
210
220
210
220
210
220
210
210
220
210
220
210
220
210
210
220
210
220
210
220
210
210
220
210
220
210
220
210
210
220
210
220
210
220
210
210
220
210
210
210
210
210
210
220
210
220
210
220
210
210
220
210
210
220
220
210
210
220
210
210
220
210
220
210
220
210
210
220
210
220
210
220
210
210
220
210
220
210
220
210
220
210
220
210
