1.992595 1.908657
1.914564 1.820484
1.769224 1.766068
1.673671 1.708435
1.633659 1.705914
1.584812 1.714732
1.663604 1.902089
1.678092 2.047571
1.691256 2.240105
1.704856 2.371187
1.788054 2.624853
1.761134 2.728463
1.714718 2.918526
1.806293 2.991091
1.773133 2.877720
1.926749 2.889211
2.236142 3.015859
2.413493 3.245019
2.625316 3.409066
2.600126 3.356503
2.489338 3.203201
2.425508 3.137108
2.355898 3.036086
2.498184 3.114281
2.787780 3.364247
2.980580 3.557093
3.261041 3.777509
3.602203 4.084246
3.956173 4.405317
4.284467 4.671312
4.607097 4.958500
4.887767 5.162414
5.121933 5.364608
5.351240 5.521867
5.660076 5.775313
5.868527 5.957724
6.103432 6.140461
6.432229 6.357078
6.669353 6.577170
6.947394 6.842272
7.191764 7.082464
7.368695 7.340420
7.585765 7.551325
7.743104 7.800987
7.878724 7.947039
7.887495 7.884548
7.943385 7.989268
8.058527 8.027983
8.078098 7.935559
8.022720 7.779058
8.030408 7.615150
8.071099 7.526331
8.129614 7.526207
8.161269 7.500033
8.171628 7.376395
8.161052 7.342111
8.195258 7.344282
8.247818 7.361062
8.125623 7.198940
8.068365 7.150007
8.148454 7.114685
8.106868 7.147957
8.198872 7.135377
8.330147 7.215677
8.337566 7.190933
8.564673 7.450440
8.682131 7.544163
8.822831 7.659946
8.966756 7.798031
9.108079 7.940294
9.254817 8.084795
9.400999 8.222953
9.534325 8.353003
9.705276 8.507629
9.860925 8.646972
10.017024 8.814343
10.209449 9.017901
10.405896 9.187037
10.541543 9.318344
10.436305 9.084748
10.356382 8.938896
10.310947 8.889915
10.477731 9.048829
10.504964 9.025492
10.699081 9.121167
10.621317 9.084858
10.469252 8.979492
10.476146 8.995787
10.530426 9.058455
10.630015 9.090461
10.665786 9.134571
10.726871 9.226279
10.781864 9.295742
10.834948 9.360790
10.788036 9.431653
10.890057 9.561512
11.010549 9.574639
11.088784 9.675342
11.179804 9.776149
11.137054 9.746091
11.253547 9.893808
11.368430 10.010455
11.507775 10.151239
11.696335 10.322830
11.852361 10.497980
11.972499 10.632188
12.128380 10.800526
12.247656 10.916742
12.387121 11.063905
12.540921 11.218085
12.625077 11.331433
12.573547 11.062295
12.384852 10.977697
12.331943 10.958520
12.419858 11.042066
12.370789 11.037552
12.283299 10.974697
12.008988 10.761329
11.867513 10.684842
11.770669 10.508207
11.798227 10.516673
11.433260 10.121129
11.423184 10.103397
11.144820 9.737867
11.079808 9.741273
10.947726 9.628684
10.809680 9.549754
10.795744 9.308864
10.687034 9.308078
10.594099 9.355385
10.648484 9.426141
10.712693 9.477503
10.772527 9.550546
10.822680 9.632047
10.902534 9.707311
11.006126 9.808530
11.106890 9.900963
11.206029 9.953476
11.284178 10.031427
11.391380 10.159524
11.296853 9.976936
11.425857 10.100095
11.382358 9.884630
11.496194 9.992097
11.620428 10.101920
11.718427 10.233191
11.779652 10.297765
11.833172 10.381640
11.829087 10.347109
11.835510 10.350138
11.835272 10.306822
11.844834 10.372488
11.874899 10.382307
11.897159 10.277244
11.949267 10.179190
12.011923 10.174370
12.082770 10.217097
12.123295 10.226220
12.177027 10.246651
12.230437 10.277024
12.296926 10.303019
12.390133 10.335743
12.451693 10.393821
12.537960 10.432419
12.638558 10.499891
12.717612 10.559022
12.825991 10.630179
12.875945 10.625815
12.994304 10.695130
13.131636 10.804010
13.238855 10.893271
13.344607 10.964157
13.311695 11.044349
13.024606 10.483128
13.034754 10.482481
12.930757 10.445499
12.970240 10.464672
12.825632 10.429134
12.889606 10.473433
12.948118 10.605026
12.686396 10.593222
12.216975 10.195153
12.009345 10.168788
11.895162 10.266883
11.558614 9.818517
11.566327 9.798636
11.587372 9.779002
11.599371 9.798760
11.613792 9.732057
11.309737 9.536820
10.960427 9.152872
10.934831 9.114154
10.948958 8.982233
11.005560 9.047364
11.054684 9.113032
11.113952 9.180237
11.177715 9.276113
11.247620 9.391045
11.321716 9.467462
11.340466 9.477782
11.375504 9.565539
11.384544 9.659690
11.330760 9.738548
11.344381 9.720325
10.862025 9.374926
10.306361 8.653160
9.457002 8.121632
8.256803 7.109673
7.415559 6.416841
6.954607 5.877024
6.574070 5.802806
6.218601 5.644704
6.252151 5.680807
6.296670 5.715340
6.364799 5.773336
6.457818 5.860332
6.476606 5.910941
6.563156 5.970582
6.646750 6.049686
6.784327 6.142350
6.915237 6.225887
6.890300 6.267316
6.937581 6.309316
6.958874 6.332423
7.045691 6.469467
7.133494 6.552766
7.192591 6.610459
7.277881 6.690547
7.323643 6.759466
7.379814 6.772257
7.251389 6.728169
7.232754 6.704213
7.209587 6.625177
7.244274 6.671902
7.074699 6.663942
7.061842 6.416704
7.008849 6.249712
7.079770 6.341915
7.176553 6.475337
7.294628 6.615212
7.372807 6.787012
7.446711 6.910365
7.592205 7.077445
7.417178 7.002231
7.471069 7.023892
7.555997 7.108752
7.568270 7.184833
7.507050 7.219352
7.558587 7.253981
7.636158 7.346218
7.262189 7.119645
6.273347 6.585188
5.457396 6.171984
4.816518 5.738182
4.074404 5.008725
3.420558 4.618165
3.246520 4.392345
3.145580 4.360223
3.213441 4.504019
3.350622 4.710318
3.522226 4.880386
3.622255 4.927945
3.690022 4.907249
3.795306 4.850705
3.947960 4.871910
4.072722 4.876891
4.096120 4.879775
4.274208 4.916062
4.510471 5.045099
4.786487 5.131287
4.971605 5.279057
5.294865 5.462058
5.614284 5.396074
5.791317 5.404784
5.736881 5.425157
5.564851 5.306138
5.393919 5.226942
5.314749 5.111864
5.308544 5.056423
5.125715 4.938600
5.066412 4.885862
5.036632 4.916704
5.150589 5.048031
5.292194 5.212111
5.492996 5.439134
5.635406 5.585283
5.790815 5.737117
5.944055 5.899617
6.107900 6.043793
6.195153 6.100026
6.278701 6.169712
6.278802 6.169954
5.998808 6.197670
6.150704 6.358268
6.196100 6.419217
6.267838 6.551792
5.966259 6.099590
5.482734 5.635043
5.111869 5.164953
4.597861 4.714251
3.938696 3.872751
3.439502 3.375959
3.197260 3.136738
3.307183 3.214675
3.388102 3.295477
3.402462 3.416534
3.592667 3.552047
3.754207 3.714120
3.983491 3.934746
4.176883 4.116682
4.348323 4.267860
4.587407 4.468479
4.761483 4.604624
4.961755 4.765721
5.174027 4.949047
5.451803 5.254922
5.696627 5.501718
5.926572 5.764965
6.214820 6.064366
6.349461 6.194476
6.531590 6.382684
6.572769 6.508288
6.413629 6.374127
6.250077 6.166085
6.197557 6.064620
6.090676 5.983764
6.048796 5.988778
6.099884 6.072574
6.190892 6.211898
6.215330 6.365380
6.293021 6.488969
6.359992 6.614402
6.423738 6.724699
6.436494 6.824196
6.462844 6.962758
6.509787 6.972453
6.474409 6.957815
6.433066 6.806032
6.512343 6.876245
6.713829 7.053433
6.696411 7.031844
6.609640 6.527203
5.932900 5.994114
5.021264 5.242957
4.382543 4.555642
4.087800 4.437878
4.191216 4.551327
4.378805 4.738675
4.614465 4.968151
4.999183 5.347229
5.245409 5.521210
5.412718 5.598535
5.573723 5.699606
5.739326 5.810046
5.979397 5.991770
6.262969 6.300292
6.293548 6.239622
6.214801 6.199224
6.171148 6.088999
6.260440 5.955990
6.407731 6.102910
6.526886 6.123948
6.681681 6.202899
6.729897 6.193354
6.682848 6.195127
6.736579 6.196071
6.676632 6.206717
6.644867 6.200144
6.564725 6.213251
6.557920 6.177058
6.544684 6.234210
6.595238 6.232688
6.593394 6.259209
6.670236 6.254167
6.724405 6.260811
6.763921 6.230502
6.876059 6.384139
7.006757 6.571668
7.077794 6.698857
7.148073 6.805859
7.319056 6.889532
7.309596 6.899184
7.036656 6.837963
6.761722 6.680069
6.661322 6.531563
6.587541 6.494431
6.567530 6.437926
6.586069 6.471709
6.565858 6.553074
6.573098 6.652218
6.549745 6.636472
6.593069 6.655042
6.651959 6.694688
6.633329 6.703709
6.732716 6.784529
6.827816 6.866350
6.928751 6.938497
7.045972 7.024992
7.183589 7.122194
7.318651 7.260500
7.468314 7.379738
7.488995 7.378488
7.410487 7.137125
7.311080 7.097780
7.180327 6.972019
7.150755 7.002746
7.160059 6.923757
7.015269 6.823457
6.739492 6.797507
6.585105 6.696433
6.479965 6.713854
6.359619 6.603788
6.180276 6.501388
6.163547 6.355377
6.033556 6.114842
6.042661 6.046294
6.109406 6.015428
6.148955 6.122747
6.294123 6.250094
6.482535 6.399806
6.724101 6.618619
6.849781 6.662619
6.721665 6.538339
6.748385 6.481884
6.642675 6.346013
5.913360 5.958405
5.082824 5.022238
4.195187 4.563698
3.849055 4.079736
3.500045 3.932184
3.534429 4.061708
3.609163 4.169495
3.821001 4.623095
4.073532 5.012000
4.279061 5.227674
4.445895 5.502513
4.618336 5.716929
4.739359 5.853170
4.928596 6.017157
5.134013 6.372658
5.344032 6.585146
5.458035 6.727466
5.593157 6.848006
5.584121 7.024198
5.645301 7.035118
5.714470 7.146594
5.859794 7.278926
6.008093 7.393503
6.165566 7.515397
6.395066 7.734148
6.582519 7.879788
6.720370 8.014121
6.968137 8.231840
7.208351 8.427601
7.464476 8.636133
7.872667 8.855752
8.007439 8.904707
8.242493 9.055328
8.330177 9.115118
8.381345 9.206523
8.453847 9.103844
8.276106 9.052660
8.205580 8.875145
8.246277 8.788049
8.042005 8.567080
7.888616 8.397159
7.795729 8.257928
7.559061 8.142361
7.614256 8.183637
7.673162 8.235394
7.766696 8.291413
7.840097 8.345604
7.939045 8.419930
8.013314 8.511735
8.126493 8.601046
8.152775 8.699732
8.166145 8.696856
8.121688 8.585870
8.161652 8.393726
8.226522 8.416609
8.340623 8.471492
8.429074 8.510664
8.468768 8.567107
8.393813 8.506769
8.398847 8.415527
8.331993 8.354800
8.223263 8.242600
8.293156 8.376008
8.296634 8.483191
8.425285 8.484084
8.552057 8.650930
8.654661 8.815289
8.555705 8.780081
8.652988 8.843081
8.823248 8.817635
8.829841 8.844319
8.860937 8.860537
8.995526 9.003398
9.130258 9.171216
8.870237 9.135613
8.600387 8.573216
8.434724 8.434634
8.438582 8.428821
8.459551 8.481294
8.472611 8.546975
8.514007 8.616925
8.572788 8.707173
8.648124 9.011023
8.705691 9.081832
8.768354 9.173293
8.853776 9.278920
8.932075 9.386309
8.993678 9.460248
9.046525 9.558310
9.090437 9.539779
9.056034 9.456511
9.053629 9.533680
8.974878 9.560788
9.011372 9.594052
8.948708 9.624897
8.884267 9.474494
8.792913 9.317158
8.865612 9.191763
8.902736 9.189601
9.032991 9.278094
9.172052 9.406701
9.304958 9.524327
9.465523 9.664236
9.600184 9.778529
9.846396 10.047227
9.954976 10.151054
10.087215 10.255376
10.117062 10.285860
9.981671 10.094242
9.852394 9.798353
9.832662 9.776949
9.730293 9.661487
9.623854 9.535186
9.552618 9.352347
9.380839 9.080634
9.415071 9.118025
9.511353 9.382934
9.563310 9.619439
9.634558 9.778629
9.687972 9.839394
9.752024 9.915580
9.823179 9.983158
9.911160 10.053396
10.001945 10.132066
10.029434 10.025515
10.108554 10.095778
10.163799 10.165345
10.140617 10.199903
10.220044 10.287244
10.159071 10.352660
10.244677 10.309640
10.355069 10.430330
10.540957 10.566279
10.687844 10.698204
11.149206 11.028377
11.577265 11.380115
