1.997509 1.929820
1.991114 1.941928
1.986416 1.974861
2.000085 2.039202
2.009331 2.115848
2.023648 2.241310
2.051677 2.368500
2.092303 2.511776
2.139754 2.681916
2.223744 2.873982
2.302221 3.087868
2.399509 3.315191
2.516464 3.527813
2.643464 3.760693
2.696299 3.824801
2.718631 3.795059
2.761339 3.764938
2.911627 3.910611
2.945375 3.992044
3.002882 3.939259
3.006831 3.922817
3.056654 3.926214
3.136213 3.970231
3.233483 4.020932
3.368312 4.110948
3.546635 4.212056
3.714509 4.319068
3.910165 4.452802
4.109835 4.591301
4.325857 4.753145
4.583113 4.931641
4.814724 5.092098
5.034952 5.266925
5.285065 5.496969
5.565269 5.744627
5.768360 5.923998
6.034240 6.170571
6.272129 6.391511
6.476503 6.599678
6.718513 6.836603
6.947189 7.075413
7.192076 7.314999
7.438717 7.546711
7.701823 7.781353
7.859344 7.892567
7.929216 7.933647
8.036131 8.012507
8.138335 8.091564
8.224074 8.144486
8.201529 8.203467
8.180080 8.151779
8.170456 8.109632
8.190444 8.083523
8.228649 8.001385
8.239487 7.990837
8.252461 8.010786
8.287700 8.038004
8.328334 8.081247
8.378250 8.138786
8.440659 8.217633
8.509438 8.299495
8.574699 8.390407
8.667762 8.477876
8.781853 8.608707
8.866145 8.723789
8.955612 8.836372
9.084913 8.971836
9.199674 9.106715
9.330870 9.269896
9.487382 9.441348
9.621682 9.595574
9.753263 9.765248
9.892716 9.923476
10.035709 10.085389
10.169971 10.244927
10.309154 10.418232
10.463409 10.622469
10.612503 10.801757
10.767657 11.009870
10.784867 11.014316
10.728380 10.941879
10.673695 10.906007
10.795868 10.974815
10.812702 10.979082
10.807428 11.001038
10.761028 11.013808
10.758819 11.015225
10.764992 10.998793
10.782515 11.003534
10.788893 10.998063
10.807863 11.010870
10.821808 11.047582
10.869215 11.087243
10.931749 11.134594
10.992537 11.186928
11.073176 11.259341
11.145002 11.346889
11.222548 11.421909
11.306589 11.510893
11.407979 11.622901
11.517514 11.756882
11.617636 11.854041
11.732415 11.958472
11.838141 12.096110
11.963478 12.228277
12.057359 12.344898
12.188581 12.473288
12.312605 12.587103
12.436015 12.705132
12.572656 12.837756
12.607345 12.965981
12.616038 13.011197
12.641513 13.088861
12.728353 13.160193
12.799495 13.237991
12.835540 13.202677
12.807605 13.194840
12.794144 13.198497
12.786820 13.209476
12.790418 13.219259
12.819259 13.250896
12.862374 13.284983
12.866951 13.315723
12.904037 13.347022
12.932461 13.392316
12.971669 13.449940
13.033346 13.510499
13.117164 13.582423
13.196975 13.663924
13.285769 13.752064
13.367868 13.832254
13.451597 13.916485
13.546297 14.010955
13.636032 14.127663
13.726343 14.238376
13.853163 14.373588
13.968018 14.494284
14.077698 14.620849
14.194729 14.733717
14.322848 14.871458
14.448693 14.998707
14.573957 15.120437
14.697615 15.257490
14.838072 15.415252
14.985188 15.576370
15.115487 15.716821
15.192744 15.801704
15.278969 15.867874
15.283295 15.847949
15.260384 15.819238
15.199151 15.747752
15.223565 15.793991
15.199101 15.804968
15.147463 15.805348
15.136507 15.808799
15.117395 15.822642
15.134492 15.852099
15.154141 15.891415
15.180829 15.926735
15.209124 15.968324
15.248310 16.014802
15.295151 16.084769
15.332403 16.129159
15.393509 16.182772
15.455074 16.249072
15.495769 16.311105
15.567283 16.389069
15.663316 16.471649
15.740151 16.543502
15.825245 16.626417
15.897863 16.698493
15.985998 16.748926
15.959440 16.768902
15.963291 16.795446
15.973362 16.835169
15.986041 16.885380
15.998444 16.933154
16.033208 17.011772
16.073766 17.077351
16.056285 17.156945
16.054969 17.182534
16.066940 17.223476
16.126991 17.250238
16.170505 17.300079
16.180322 17.292822
16.169682 17.289424
16.160179 17.294114
16.138598 17.313422
16.146063 17.344201
16.152798 17.387351
16.170124 17.431054
16.169759 17.456871
16.178104 17.499669
16.196996 17.535893
16.216183 17.586163
16.245393 17.645080
16.270675 17.712747
16.320561 17.802280
16.375652 17.888767
16.424001 17.952391
16.442254 18.005294
16.438088 18.053057
16.405267 18.038870
16.390509 18.080335
16.420991 18.090440
16.426321 18.082983
16.438898 18.049838
16.456032 18.046774
16.470732 18.065324
16.506110 18.079357
16.541742 18.092209
16.532021 18.159958
16.497306 18.152825
16.491720 18.162548
16.495457 18.180707
16.494291 18.209112
16.518217 18.237699
16.554825 18.284858
16.572560 18.316791
16.608503 18.345275
16.649834 18.396591
16.731006 18.432894
16.702536 18.450486
16.783155 18.477674
16.890445 18.554566
16.943102 18.571172
16.990235 18.603450
17.037828 18.659057
17.078806 18.706488
17.149697 18.735536
17.160700 18.734277
17.180589 18.734224
17.224599 18.761638
17.250635 18.787931
17.291202 18.819660
17.367213 18.876807
17.412606 18.897658
17.483154 18.946392
17.565316 18.990148
17.644386 19.047700
17.739442 19.106512
17.818700 19.167155
17.911735 19.221131
17.953504 19.244703
18.046361 19.250908
18.095679 19.314849
18.132318 19.388816
18.136757 19.428657
18.174151 19.417228
18.223937 19.407485
18.258329 19.401527
18.295117 19.392711
18.287542 19.328904
18.294149 19.359799
18.299787 19.368838
18.325343 19.377404
18.353564 19.400049
18.373529 19.418534
18.424831 19.421936
18.491744 19.433298
18.580405 19.453788
18.605040 19.461741
18.633884 19.494173
18.653895 19.503238
18.673558 19.518575
18.719457 19.555367
18.746724 19.588949
18.780808 19.628764
18.832885 19.660463
18.889831 19.725465
18.944549 19.810512
19.018207 19.877606
19.078649 19.965184
19.151626 20.052645
19.161960 20.048279
19.143521 19.991538
19.158704 19.959308
19.184782 19.944429
19.220910 19.924892
19.256038 19.913781
19.317987 19.941994
19.370087 19.960754
19.395437 19.987802
19.419793 20.021518
19.473866 20.069397
19.516987 20.099605
19.554741 20.135234
19.590780 20.160346
19.602025 20.182008
19.628645 20.195055
19.643538 20.208543
19.651869 20.214081
19.652287 20.201974
19.695931 20.197631
19.754364 20.193445
19.817472 20.193092
19.871663 20.180771
19.906407 20.184617
19.914593 20.252371
19.886393 20.288759
19.888378 20.321685
19.901747 20.342896
19.905747 20.361584
19.905693 20.394376
19.905461 20.443807
19.872459 20.446160
19.907036 20.457413
19.964878 20.465702
20.020275 20.484740
20.074232 20.507276
20.137152 20.541214
20.207516 20.570883
20.273871 20.591985
20.345477 20.621149
20.444410 20.644247
20.527130 20.677947
20.618088 20.715604
20.744435 20.770396
20.898298 20.815032
21.001101 20.852364
21.117401 20.902336
21.217355 20.933167
21.120714 20.962443
21.103063 20.971047
21.082096 20.994013
21.081528 21.044112
21.069342 21.095641
21.077634 21.162028
21.081459 21.254135
21.123870 21.307826
21.168243 21.387372
21.198911 21.442131
21.233673 21.499933
21.265867 21.545064
21.307247 21.606768
21.337161 21.655674
21.380800 21.680438
21.417996 21.661787
21.454806 21.646988
21.486603 21.646141
21.541032 21.649388
21.624913 21.680751
21.691857 21.764991
21.715410 21.793648
21.720842 21.832647
21.737229 21.888954
21.753571 21.965810
21.777712 22.037208
21.817744 22.144574
21.859671 22.264692
21.877859 22.320537
21.893344 22.349572
21.920240 22.382293
21.946500 22.404216
22.001682 22.444592
22.085318 22.511337
22.097364 22.516681
22.071421 22.549967
22.074107 22.571456
22.134669 22.580118
22.222930 22.589084
22.295295 22.580867
22.361902 22.580408
22.369652 22.576811
22.420963 22.583583
22.469183 22.603734
22.521083 22.627001
22.524257 22.645885
22.527359 22.638390
22.589410 22.659734
22.622430 22.690488
22.663447 22.728091
22.731165 22.761887
22.777748 22.799276
22.822137 22.842576
22.859561 22.895403
22.888352 22.919790
22.913405 22.952439
22.920537 22.991720
22.930533 23.017005
22.956955 23.015556
22.965095 23.044223
23.009812 23.073443
23.029542 23.083304
23.043802 23.081747
23.064555 23.100609
23.079442 23.119102
23.119719 23.146550
23.077808 23.102469
23.098898 23.147458
23.096556 23.155612
23.118735 23.166596
23.148009 23.175809
23.176744 23.190728
23.232130 23.195079
23.276846 23.198069
23.320307 23.206203
23.373412 23.236351
23.422915 23.272279
23.488949 23.303202
23.571776 23.336184
23.635070 23.371714
23.552475 23.391635
23.571631 23.410344
23.666370 23.422978
23.693915 23.448530
23.718450 23.456961
23.717417 23.497018
23.703980 23.529310
23.697354 23.568460
23.682719 23.612132
23.685826 23.669391
23.705184 23.726122
23.716770 23.784837
23.729200 23.832173
23.757130 23.888642
23.769245 23.938758
23.801115 24.004863
23.830746 24.046659
23.854890 24.102935
23.909868 24.149107
23.934882 24.209745
23.975587 24.244363
24.012837 24.278434
24.041178 24.309196
24.077814 24.364000
23.994899 24.308151
23.992329 24.321676
24.006370 24.344815
24.001950 24.359670
24.009784 24.370462
24.006136 24.389545
24.019194 24.385771
24.041728 24.402491
24.082267 24.435164
24.122587 24.452043
24.175738 24.508993
24.208500 24.525736
24.266634 24.547468
24.321271 24.562513
24.381837 24.597426
24.436004 24.623848
24.481210 24.645702
24.537400 24.702304
24.591949 24.762682
24.642284 24.817621
24.699134 24.875492
24.771553 24.925281
24.830332 24.949242
24.891897 24.997192
24.957425 25.060695
25.049525 25.137400
25.122240 25.212636
25.195320 25.262995
25.293945 25.339537
25.399231 25.402160
25.478974 25.399580
25.528742 25.394287
25.447595 25.472538
25.499469 25.658061
25.613267 25.694606
25.620490 25.700600
25.611158 25.699758
25.595839 25.730121
25.572923 25.720456
25.578919 25.701390
25.573913 25.743505
25.578775 25.789141
25.580430 25.811686
25.612361 25.835371
25.651398 25.872777
25.703822 25.927735
25.739923 25.982218
25.776371 26.017273
25.836877 26.058610
25.855224 25.994215
25.900158 25.912858
25.941165 25.932560
25.989274 25.949878
26.036138 25.966207
26.097126 25.966824
26.156057 25.980269
26.201117 25.997789
26.258890 26.013791
26.320145 26.049056
26.388080 26.071278
26.478202 26.088277
26.565500 26.111534
26.663176 26.154611
26.751966 26.180502
26.849150 26.209201
26.879643 26.209846
26.918502 26.246402
26.925601 26.338574
26.904498 26.400300
26.917104 26.395276
26.931181 26.392140
26.954793 26.400925
26.998141 26.409214
26.977229 26.461018
26.955334 26.479934
26.962458 26.489422
26.963886 26.534213
26.957223 26.573745
26.983142 26.592577
26.989130 26.624462
26.984767 26.643056
26.976345 26.681100
26.976230 26.716070
26.975011 26.753264
26.970960 26.797010
26.966928 26.860870
26.978557 26.916865
26.977083 26.991876
26.996965 26.976783
27.007421 26.975445
27.027793 27.022928
27.048996 27.088289
27.045478 27.154086
27.061254 27.236945
27.068788 27.331798
27.085949 27.399524
27.118763 27.500440
27.146967 27.573535
27.187900 27.644794
27.215813 27.744215
27.245928 27.826696
27.268152 27.925040
27.303224 28.005027
27.323201 28.105198
27.361335 28.189969
27.391924 28.279244
27.437410 28.356704
27.382067 28.337407
27.343064 28.278065
27.332784 28.297558
27.312557 28.260178
27.305885 28.219474
27.310681 28.182504
27.329055 28.145199
27.361219 28.126998
27.401049 28.130046
27.433635 28.116988
27.480533 28.113135
27.508978 28.099400
27.576644 28.096858
27.620501 28.111521
27.663968 28.137531
27.718231 28.147662
27.763468 28.178512
27.807727 28.219641
27.864997 28.255161
27.914931 28.298345
27.982980 28.338914
28.037941 28.371529
28.109621 28.421222
28.156180 28.474245
28.238732 28.535312
28.322876 28.573504
28.498943 28.685213
28.711713 28.806554
