1320
1260
1180
1160
1180
1180
1180
1180
1170
1230
1150
1140
1150
1150
1150
1140
1150
1150
1150
1190
1140
1160
1150
1140
1150
1150
1140
1150
1150
1190
1140
1150
1140
1150
1140
1150
1150
1160
1170
1200
1150
1150
1140
1150
1150
1140
1150
1150
1140
1190
1150
1140
1150
1150
1150
1150
1140
1150
1150
1190
1150
1140
1150
1140
1150
1150
1150
1150
1150
1190
1150
1150
1150
1150
1150
1150
1150
1150
1150
1210
1140
1160
1150
1150
1150
1150
1150
1150
1140
1190
1150
1150
1160
1150
1150
1150
1150
1160
1150
1200
1160
1150
1160
1160
1160
1170
1180
1180
1190
1210
1170
1170
1180
1170
1170
1170
1160
1160
1160
1200
1160
1160
1160
1160
1160
1160
1170
1160
1160
1200
1170
1160
1170
1160
1160
1170
1170
1160
1160
1200
1160
1180
1150
1170
1190
1180
1190
1170
1180
1220
1160
1180
1180
1170
1170
1160
1170
1160
1170
1220
1180
1200
1180
1180
1180
1190
1180
1190
1190
1250
1210
1200
1220
1180
1170
1180
1170
1160
1170
1230
1190
1180
1170
1180
1180
1160
1150
1150
1160
1200
1160
1150
1140
1150
1140
1150
1150
1150
1150
1180
1150
1140
1160
1140
1160
1180
1170
1150
1150
1190
1150
1140
1150
1150
1140
1150
1140
1150
1150
1190
1150
1150
1150
1150
1150
1160
1150
1160
1160
1200
1150
1160
1150
1150
1160
1150
1150
1150
1150
1210
1150
1160
1150
1160
1150
1150
1180
1170
1160
1210
1160
1150
1150
1150
1150
1150
1150
1150
1140
1200
1140
1150
1140
1140
1150
1150
1140
1150
1150
1190
1150
1150
1150
1150
1140
1150
1150
1150
1150
1200
1150
1140
1160
1140
1160
1150
1140
1150
1150
1190
1160
1150
1150
1150
1140
1150
1150
1140
1150
1190
1140
1150
1150
1140
1160
1180
1170
1150
1150
1180
1150
1150
1150
1150
1140
1150
1150
1150
1140
1200
1150
1150
1150
1150
1150
1150
1150
1150
1140
1190
1150
1150
1140
1140
1150
1150
1150
1150
1150
1190
1150
1140
1150
1150
1140
1150
1150
1150
1140
1190
1150
1150
1140
1150
1150
1140
1160
1150
1140
1190
1140
1140
1150
1150
1150
1140
1150
1150
1150
1190
1150
1150
1140
1150
1150
1150
1150
1150
1140
1180
1150
1150
1140
1150
1140
1150
1150
1150
1150
1190
1140
1160
1140
1150
1140
1140
1150
1150
1150
1200
1140
1150
1150
1150
1140
1140
1150
1150
1140
1190
1150
1150
1160
1150
1140
1150
1150
1140
1140
1190
1150
1150
1150
1150
1150
1140
1150
1150
1140
1200
1140
1150
1140
1140
1150
1150
1150
1140
1150
1190
1140
1150
1150
1150
1140
1150
1150
1150
1150
1190
1140
1150
1140
1150
1150
1140
1150
1150
1140
1200
1140
1150
1150
1140
1140
1150
1150
1140
1140
1190
1150
1140
1150
1150
1140
1140
1150
1150
1150
1180
1160
1140
1150
1150
1160
1140
1150
1150
1140
1190
1150
1140
1150
1140
1150
1140
1150
1150
1140
1190
1150
1140
1150
1140
1150
1140
1150
1140
1150
1190
1140
1140
1150
1150
1150
1140
1150
1150
1140
1190
1140
1150
1140
1140
1150
1140
1150
1140
1150
1180
1150
1150
1140
1150
1150
1150
1150
1140
1140
1190
1150
1140
1150
1150
1140
1150
1150
1150
1140
1190
1150
1140
1150
1140
1140
1150
1150
1140
1150
1180
1150
