1.928977 1.983499
1.928212 1.986353
1.928135 1.989172
1.927083 1.992580
1.926813 1.996814
1.925632 2.003387
1.924662 2.011293
1.924477 2.020350
1.922857 2.032007
1.922123 2.045051
1.922538 2.062021
1.924027 2.079408
1.924461 2.098095
1.917326 2.114934
1.914105 2.116107
1.913459 2.102121
1.911601 2.089028
1.914856 2.101675
1.923244 2.111941
1.931597 2.084366
1.932747 2.070265
1.934549 2.060686
1.934220 2.055573
1.935378 2.055174
1.935553 2.059914
1.936734 2.070261
1.936520 2.085012
1.937048 2.105016
1.937238 2.128620
1.938295 2.155387
1.940229 2.192308
1.941603 2.227099
1.941724 2.262785
1.940848 2.308506
1.942625 2.364110
1.944254 2.407583
1.946488 2.467999
1.948914 2.526588
1.950678 2.585322
1.951075 2.650416
1.953145 2.720481
1.954761 2.792678
1.957063 2.865086
1.960015 2.948069
1.953259 2.995737
1.949344 3.011200
1.950390 3.033094
1.959142 3.052244
1.969319 3.062238
1.961270 3.027853
1.956739 3.010703
1.960945 2.993383
1.972012 2.978292
2.003859 2.868714
2.004076 2.790590
2.002653 2.718033
2.002251 2.655374
2.002211 2.606758
2.000146 2.560546
2.000375 2.518379
1.999898 2.482451
2.001106 2.449190
2.001306 2.426535
2.002891 2.405547
2.003287 2.395147
2.004434 2.391199
2.004733 2.393203
2.007517 2.402204
2.009471 2.419258
2.011680 2.444207
2.012650 2.475345
2.016336 2.511443
2.017885 2.554160
2.022577 2.605723
2.025103 2.659445
2.028256 2.718868
2.032901 2.792906
2.038416 2.862291
2.022828 2.910351
2.025213 2.905564
2.026543 2.838712
2.030776 2.782367
2.034183 2.874971
2.026800 2.907390
2.032191 2.886617
2.051555 2.793288
2.062346 2.728373
2.064867 2.680901
2.064342 2.634281
2.064632 2.603652
2.063686 2.571301
2.067332 2.532947
2.071408 2.515298
2.075926 2.506088
2.081072 2.505217
2.088082 2.513293
2.095759 2.533586
2.103280 2.556516
2.111344 2.588169
2.119660 2.630602
2.130416 2.684833
2.141228 2.735865
2.153402 2.800629
2.164763 2.871808
2.179087 2.957308
2.191835 3.032250
2.206712 3.123901
2.221471 3.210116
2.237695 3.300209
2.256652 3.404263
2.179283 3.506656
2.132568 3.535059
2.095659 3.579858
2.076221 3.626742
2.067684 3.667244
2.068846 3.596986
2.086862 3.560130
2.119434 3.520805
2.164322 3.492885
2.201427 3.476503
2.254423 3.457270
2.257298 3.286758
2.241060 3.195332
2.224967 3.107682
2.210797 3.035052
2.193326 2.968078
2.174366 2.902640
2.155117 2.842067
2.138519 2.793614
2.123317 2.752981
2.110086 2.724857
2.098234 2.706296
2.089232 2.697218
2.078691 2.697637
2.070717 2.706538
2.063917 2.729829
2.060266 2.759965
2.059618 2.797706
2.060617 2.843907
2.063455 2.905215
2.067440 2.970856
2.074303 3.047864
2.081473 3.126908
2.092230 3.220357
2.103539 3.316171
2.116735 3.412238
2.128243 3.451501
2.171124 3.459741
2.223381 3.380025
2.261203 3.293566
2.220466 3.246145
2.188033 3.374727
2.145760 3.430500
2.099724 3.264459
2.077847 3.150396
2.064175 3.058864
2.051827 2.979018
2.044670 2.926102
2.037781 2.878948
2.033985 2.843053
2.032276 2.815940
2.033808 2.796846
2.036948 2.792599
2.042245 2.796965
2.051911 2.812172
2.060731 2.835253
2.074447 2.872886
2.088949 2.919221
2.105864 2.972494
2.129081 3.048702
2.152029 3.120227
2.155463 3.116035
2.163259 3.110460
2.190705 3.201685
2.220081 3.299098
2.252105 3.410852
2.275924 3.517333
2.313040 3.665814
2.349905 3.789359
2.303539 3.947034
2.274113 4.000497
2.270761 4.081823
2.284638 4.155034
2.322759 4.226588
2.286360 4.121615
2.270533 4.037643
2.285411 3.970819
2.340002 3.914199
2.412516 3.865605
2.499291 3.838855
2.599296 3.821899
2.722837 3.803381
2.848527 3.789283
2.970666 3.783314
3.110438 3.792277
3.260314 3.805005
3.414910 3.819368
3.592051 3.837289
3.749442 3.857077
3.921451 3.912232
4.034568 4.003565
4.101249 4.162746
4.085763 4.434264
4.123570 4.626625
4.126193 4.619426
4.220098 4.770302
4.289423 4.573010
4.229853 4.408399
4.166339 4.264869
4.124138 4.140985
4.086408 4.014547
3.828443 3.923157
3.674774 3.935040
3.533399 3.951913
3.403973 3.970037
3.263596 3.997016
3.138071 4.024474
3.012717 4.058820
2.910036 4.092567
2.823918 4.125527
2.746973 4.163212
2.751477 4.164251
2.750101 4.160379
2.646383 4.067259
2.569954 3.962695
2.551189 3.985391
2.566348 4.075618
2.597361 4.143452
2.657181 4.214326
2.598921 4.070990
2.554176 4.010794
2.560245 3.986775
2.592547 3.959876
2.639592 3.927272
2.697753 3.907824
2.795612 3.922949
2.867997 3.914459
2.968974 3.893159
3.092130 3.889993
3.225037 3.879601
3.375230 3.863799
3.515450 3.852987
3.675083 3.843804
3.675109 3.843412
3.675636 3.845050
3.846700 3.832181
4.005729 3.819198
4.163495 3.959904
4.234128 4.089620
4.298511 4.225980
4.355097 4.379321
4.412926 4.527062
4.266776 4.611360
4.197634 4.418658
4.188489 4.298706
4.155885 4.173220
4.128839 4.072118
4.081108 3.963683
3.886134 3.810981
3.715150 3.731221
3.531460 3.677977
3.386965 3.689099
3.259895 3.702151
3.159528 3.717489
3.049288 3.740669
2.939193 3.772354
2.860812 3.804571
2.797725 3.839114
2.748995 3.881420
2.724412 3.929260
2.725720 3.977815
2.769812 4.081375
2.852923 4.187648
2.952259 4.289603
2.818811 4.097638
2.758669 4.035123
2.730001 3.988474
2.724312 3.947781
2.737711 3.911442
2.772072 3.875774
2.824877 3.785252
2.879495 3.721582
2.964550 3.684069
3.059398 3.664233
3.234864 3.640138
3.368973 3.631163
3.525291 3.631064
3.686342 3.636009
3.862224 3.658442
4.007228 3.710072
4.126271 3.762736
4.172501 3.812462
4.224164 3.910817
4.227704 3.909233
4.235184 4.071243
4.266066 4.221969
4.298242 4.338570
4.328780 4.453065
4.329625 4.445948
4.393412 4.309149
4.315810 4.109804
4.243546 3.994832
4.176717 3.901348
4.017518 3.818632
4.018517 3.821953
4.017599 3.821411
3.828983 3.789600
3.669729 3.784495
3.535454 3.788015
3.411045 3.795637
3.303050 3.810184
3.214387 3.831574
3.165709 3.855156
3.139258 3.883443
3.134824 3.917567
3.150887 3.942125
3.194466 3.974421
3.284801 4.039965
3.416373 4.145041
3.522933 4.218338
3.664368 4.299334
3.787825 4.359488
3.539757 4.174542
3.413963 4.107229
3.311003 4.046773
3.218840 3.982676
3.134742 3.895816
3.105906 3.821726
3.114694 3.766296
3.157863 3.733715
3.219300 3.714781
3.285441 3.705563
3.385538 3.698864
3.491904 3.698206
3.635587 3.706654
3.828878 3.736849
3.986274 3.785132
4.090876 3.847947
4.173088 3.947983
4.242097 4.062247
4.310568 4.184692
4.472302 4.375380
4.402807 4.166699
4.342991 4.037079
4.279335 3.923249
4.256692 3.839726
4.243211 3.783731
4.255732 3.766942
4.390071 3.810801
4.600866 3.889553
4.787593 3.955398
5.004510 4.018685
5.212719 4.076351
5.401616 4.133891
5.640063 4.230363
5.889320 4.345371
5.892659 4.343840
5.892172 4.344612
5.891271 4.342339
6.120880 4.453281
6.415308 4.602120
6.679801 4.685209
6.916730 4.755952
6.914507 4.752935
7.162486 4.830957
7.376745 4.899257
7.627746 4.978999
7.629385 4.978538
7.631572 4.977087
7.887970 5.058542
8.147296 5.141949
8.396042 5.223565
8.671335 5.312256
8.911091 5.397843
9.180219 5.459641
9.409683 5.481183
9.639144 5.463475
9.835502 5.422075
9.929319 5.387178
9.986888 5.368213
9.991770 5.359689
9.993220 5.369343
10.158817 5.510412
10.058821 5.544835
9.962091 5.592228
9.710464 5.597493
9.449112 5.525073
9.448937 5.527206
9.449460 5.526239
9.448200 5.527787
9.164703 5.422720
8.965523 5.346464
8.752255 5.259623
8.548957 5.177817
8.300463 5.084978
8.081435 5.001085
7.886888 4.929251
7.684635 4.856823
7.486587 4.789132
7.289067 4.720679
7.082353 4.652632
6.901044 4.595461
6.902191 4.600393
6.903031 4.601151
6.899882 4.596679
6.898728 4.597412
6.896604 4.591161
6.706922 4.529840
6.543500 4.481981
6.385627 4.439022
6.213107 4.397812
6.058312 4.366093
5.911668 4.341481
5.792950 4.321072
5.704252 4.319076
5.612826 4.329437
5.544527 4.349546
5.463364 4.398458
5.429976 4.485077
5.436586 4.589973
5.477767 4.703961
5.485273 4.714410
5.529552 4.825904
5.574948 4.960252
5.627005 5.116517
5.672970 5.252085
5.572064 5.042049
5.504785 4.847446
5.459173 4.712728
5.437992 4.579838
5.450178 4.466997
5.486370 4.396591
5.536432 4.329646
5.557144 4.297970
5.595736 4.293297
5.631621 4.307193
5.764849 4.346226
5.901866 4.378391
6.038727 4.415747
6.191829 4.462647
6.354113 4.516990
6.535079 4.582277
6.680472 4.638352
6.846464 4.709651
7.018495 4.788584
7.188625 4.862572
7.411842 4.936938
7.630813 5.018160
7.844946 5.082492
8.130836 5.165158
8.391800 5.245638
8.681331 5.338927
8.969649 5.413785
9.259827 5.492141
9.586076 5.571040
9.898603 5.640715
10.052516 5.632144
10.151060 5.630318
10.148126 5.630658
10.143534 5.634674
10.153712 5.636692
10.336621 5.772612
10.212307 5.790572
9.933135 5.737817
9.934016 5.735730
9.931485 5.737899
9.691915 5.681735
9.427260 5.616621
9.135939 5.530247
8.905808 5.453754
8.681061 5.388026
8.460070 5.328094
8.235212 5.254986
8.047075 5.196864
7.814521 5.122532
7.817202 5.122222
7.811428 5.120960
7.626168 5.059257
7.432928 4.998910
7.259166 4.948752
7.102123 4.904884
6.944112 4.864113
6.797990 4.830320
6.660722 4.802967
6.535304 4.782626
6.425938 4.762721
6.322616 4.746135
6.218325 4.749063
6.145075 4.758203
6.092431 4.772772
6.063388 4.788200
6.060949 4.813809
6.077980 4.859348
6.082073 4.858575
6.084451 4.856861
6.114583 4.921201
6.150875 5.009225
6.206970 5.139355
6.263483 5.284756
6.210365 5.231262
6.159463 5.093001
6.125921 5.000176
6.103876 4.911432
6.096741 4.840890
6.103183 4.789044
6.118080 4.756337
6.154290 4.737819
6.205770 4.731863
6.277425 4.732718
6.371871 4.738740
6.486170 4.753556
6.607474 4.775455
6.733858 4.803975
6.870522 4.840644
6.871278 4.842187
6.871560 4.842332
7.016150 4.888141
7.176930 4.943109
7.337855 5.003506
7.515194 5.073684
7.700651 5.150769
7.892693 5.234770
8.116034 5.330629
8.340074 5.426981
8.567617 5.529546
8.800779 5.638770
9.028110 5.747543
9.308920 5.834594
9.552553 5.885396
9.810250 5.927310
10.043678 5.966396
10.289663 6.015048
10.449740 6.023981
10.393297 5.970090
10.169487 5.915610
10.167669 5.916323
9.974080 5.891223
9.784082 5.877692
9.568489 5.871012
9.297344 5.842729
8.970522 5.771272
8.662678 5.677335
8.430903 5.606116
8.207036 5.519911
8.020387 5.438458
7.813136 5.344190
7.636530 5.266183
7.453081 5.189010
7.293648 5.122433
7.129009 5.057602
6.976925 5.003562
6.823904 4.955292
6.690808 4.910719
6.568136 4.879763
6.461390 4.865867
6.369356 4.861041
6.292642 4.867074
6.223062 4.885325
6.180766 4.914144
6.162698 5.033177
6.277832 5.268886
