0.271380
0.365398
0.442600
0.447555
0.398475
0.340859
0.289212
0.294533
0.178787
0.179663
0.091282
0.194038
0.228241
0.008992
0.185195
0.079495
0.130423
0.357823
0.323850
0.119339
0.167949
0.080117
0.109363
0.145239
0.219712
0.229468
0.281937
0.352294
0.374575
0.427437
0.463326
0.496641
0.533955
0.586785
0.596111
0.648875
0.662709
0.700756
0.716894
0.742377
0.752170
0.781216
0.762073
0.793841
0.769815
0.787531
0.850332
0.740336
0.865696
0.566646
0.648752
0.622134
0.646850
0.863446
0.909969
0.885139
0.901847
0.892405
0.879608
0.853929
0.891171
0.857884
0.850008
0.877349
0.881897
0.888726
0.950683
0.927724
0.962886
0.901225
0.861242
0.893860
0.851571
0.820592
0.830077
0.749319
0.671949
0.692163
0.652273
0.659513
0.595716
0.570252
0.318843
0.473410
0.552001
0.671067
0.716206
0.690936
0.705891
0.667253
0.666754
0.641609
0.641424
0.639159
0.627894
0.616048
0.590631
0.577564
0.619732
0.572352
0.633837
0.615093
0.566990
0.488540
0.466243
0.395330
0.314395
0.275922
0.230804
0.195863
0.270018
0.083345
0.073003
0.170670
0.197716
0.175680
0.180330
0.051866
0.020230
0.133059
0.210766
0.343223
0.385237
0.460734
0.514476
0.556276
0.604697
0.667540
0.730489
0.784474
0.833627
0.917559
0.976237
1.027453
1.090885
1.193770
1.246679
1.299230
1.400482
1.436786
1.474084
1.571900
1.616962
1.653081
1.744212
1.795444
1.826405
1.857008
1.878667
1.847740
1.576045
1.704884
1.812029
1.691380
1.618501
1.527515
1.477492
1.435385
1.413453
1.373472
1.291659
1.237194
1.179494
1.081755
1.005447
0.943114
0.873098
0.795654
0.718705
0.660520
0.586795
0.586578
0.591221
0.510591
0.422265
0.348062
0.268472
0.214335
0.176528
0.208808
0.145417
0.189069
0.419303
0.537524
0.469387
0.509456
0.349807
0.170341
0.316989
0.366094
0.464247
0.612303
0.697104
0.875486
0.954285
1.028619
1.220254
1.283815
1.493010
1.532622
1.414728
1.570705
1.676291
1.704734
1.709747
1.769851
1.919316
1.969379
1.764272
1.755297
1.793983
1.550145
1.391102
1.321342
1.243262
1.160003
1.043982
0.962012
0.891905
0.845668
0.777658
0.775813
0.781258
0.792691
0.458188
0.285771
0.411579
0.411319
0.557174
0.547476
0.471592
0.491055
0.644255
0.635663
0.702032
0.772280
0.911376
0.999774
1.112074
1.206674
1.297698
1.452805
1.550264
1.549794
1.552156
1.653422
1.756957
1.730665
1.894652
1.860621
2.009206
2.229535
2.181203
2.174199
2.134201
1.930477
1.891942
1.925396
1.724820
1.718341
1.435636
1.337760
1.234332
1.090372
0.969659
0.858228
0.668967
0.568173
0.462389
0.373915
0.265438
0.478915
0.538592
0.718939
0.649733
0.516386
0.559738
0.461240
0.539385
0.646346
0.810145
0.861542
0.938315
1.053497
1.229149
1.453090
1.538232
1.661268
1.835223
1.896671
2.079127
2.006754
2.067145
2.071000
2.138519
2.165298
2.183685
2.232950
2.230970
2.491127
2.306395
2.330586
2.296361
2.006153
2.011001
2.014001
1.759963
1.657307
1.446200
1.344217
1.167623
0.998975
0.883766
0.782010
0.675280
0.617792
0.555728
0.550922
0.653776
0.742887
0.993169
1.097781
1.069933
0.828231
0.812779
0.654705
0.756091
0.736077
0.811117
0.953669
1.063905
1.199925
1.400416
1.520825
1.589321
1.747502
2.047191
2.135116
2.265062
2.207483
2.410867
2.575250
2.543652
2.604248
2.461181
2.391683
2.379275
2.259331
2.356209
2.454502
2.562960
2.792339
2.915831
3.086250
3.241368
3.487593
3.486331
3.486376
3.483898
3.634994
3.885242
3.932617
4.224314
4.223838
4.293130
4.417114
4.682572
4.683398
4.682817
4.762331
4.996477
5.074193
5.319310
5.435151
5.676467
5.749106
5.744412
5.846428
6.027451
6.054465
6.046003
6.043426
6.326980
6.287194
6.258125
6.058919
5.946056
5.943258
5.942560
5.941962
5.648343
5.475107
5.322994
5.194052
4.933150
4.815245
4.671501
4.526734
4.402322
4.251245
3.988439
3.847974
3.849340
3.849329
3.849990
3.852827
3.846099
3.685898
3.534113
3.381049
3.131757
2.974006
2.824606
2.601516
2.470191
2.369863
2.273679
2.141019
2.021288
2.092948
2.289453
2.290276
2.395901
2.482991
2.764831
2.897830
2.798317
2.653033
2.376939
2.235909
2.157062
2.187730
2.200417
2.166020
2.247745
2.283830
2.312120
2.601326
2.756491
2.915915
3.064191
3.369783
3.399561
3.715916
3.892316
4.046753
4.130063
4.432683
4.545077
4.780417
5.044910
5.296349
5.511527
5.756098
5.961659
6.156053
6.312506
6.298047
6.296858
6.299195
6.299111
6.555910
6.613851
6.285619
6.287744
6.285604
6.168790
5.876376
5.622284
5.505426
5.229706
5.114930
4.822707
4.685045
4.592045
4.591037
4.592999
4.303645
4.167322
4.028043
3.875454
3.730652
3.454029
3.311690
3.149126
2.988331
2.833396
2.619483
2.468480
2.320079
2.117556
2.088961
2.221077
2.216845
2.216135
2.444008
2.663755
2.841625
2.862655
3.085875
2.823576
2.537530
2.504967
2.461504
2.461641
2.461462
2.429906
2.495679
2.549266
2.806492
2.949427
3.099509
3.259215
3.419951
3.421582
3.421049
3.592703
3.748116
3.896800
4.055605
4.215344
4.520393
4.634759
4.789947
5.128847
5.279771
5.459614
5.697064
5.798344
6.115117
6.261072
6.379620
6.580947
6.661175
6.488499
6.487351
6.319117
6.376588
5.984303
5.886399
5.448910
5.237929
5.125568
4.782042
4.605057
4.454045
4.266286
4.110863
3.950632
3.796018
3.457203
3.303820
3.160203
2.905111
2.753989
2.608547
2.453691
2.219481
2.087557
1.766788
1.670803
