40
40
60
80
110
120
140
160
180
190
220
220
220
210
220
220
210
220
220
210
220
220
220
210
220
210
220
220
220
210
220
220
210
220
220
210
220
220
210
220
220
210
210
220
210
220
220
220
210
220
220
210
220
220
210
220
210
210
220
220
220
210
220
230
230
240
230
230
230
240
230
230
240
230
230
240
230
230
230
230
240
230
230
240
230
230
240
230
230
240
230
230
240
230
230
230
230
240
230
230
240
230
230
240
230
230
230
230
240
230
230
240
230
230
240
230
230
230
230
240
230
230
240
230
230
240
230
230
240
230
230
240
230
230
230
230
230
230
230
240
230
240
230
230
240
230
230
240
230
230
230
240
230
230
230
230
230
240
230
230
240
230
230
230
230
230
230
230
240
230
230
240
230
230
230
240
230
230
230
240
230
230
240
230
230
240
230
230
230
230
240
230
230
240
230
230
230
230
240
230
230
240
230
230
230
230
240
230
230
230
240
230
230
230
240
230
230
230
240
230
230
230
240
230
230
240
230
230
230
230
240
230
230
240
230
230
240
230
230
230
240
230
230
230
240
230
230
230
230
240
230
230
240
230
230
230
230
240
230
230
240
230
230
230
230
240
230
230
240
230
230
240
230
230
230
230
240
230
230
240
230
240
230
230
240
230
230
240
230
230
240
230
230
230
230
240
230
230
240
230
230
240
230
230
230
230
240
230
230
240
230
230
240
230
230
230
230
240
230
230
240
230
230
240
230
230
240
230
230
240
230
230
240
230
230
230
230
230
230
230
240
230
230
240
230
230
240
230
230
230
240
230
230
230
240
230
230
240
230
230
240
230
230
230
230
240
230
230
240
230
230
240
230
230
230
230
240
230
230
230
230
240
230
230
230
230
240
230
230
230
240
230
230
230
240
230
230
230
230
240
230
230
240
230
230
230
230
240
230
230
230
230
240
230
230
230
220
240
230
240
230
230
230
240
230
230
230
240
230
230
240
230
230
230
230
240
230
230
240
230
230
240
230
230
230
230
240
230
230
230
240
230
230
230
240
230
230
230
230
240
230
230
240
230
230
240
230
230
230
230
240
230
240
230
230
230
240
230
230
240
230
230
240
230
230
240
230
230
230
230
230
240
230
230
230
230
240
230
230
240
230
230
240
230
230
240
230
230
230
240
230
240
230
230
230
240
230
230
230
240
230
230
240
230
230
240
230
230
240
230
230
240
230
230
230
230
230
230
230
240
230
230
240
230
230
240
230
230
230
240
230
230
230
230
230
230
240
230
240
230
230
