100
160
160
160
210
210
220
280
280
280
280
290
280
280
280
290
280
280
290
280
280
280
290
280
280
280
280
280
280
290
280
280
280
340
340
340
340
340
340
340
340
340
340
340
340
340
340
340
340
340
350
340
340
350
340
340
400
400
410
400
410
400
400
400
400
410
400
400
470
460
470
460
470
460
460
460
460
470
460
460
460
460
470
460
460
470
460
460
470
460
470
460
460
460
470
460
530
520
520
520
530
530
520
520
530
520
590
580
580
590
590
580
580
580
590
580
580
590
580
590
580
590
580
590
580
580
590
580
650
650
640
650
650
640
650
650
640
650
650
640
650
650
640
650
650
640
650
640
640
650
650
640
650
710
710
710
710
710
700
720
700
710
700
720
700
710
710
710
710
710
710
710
710
770
770
770
840
830
830
830
840
840
830
840
830
840
830
900
900
890
900
890
900
900
960
960
960
960
970
960
1030
1030
1030
1030
1030
1030
1030
1040
1040
1030
1040
1030
1030
1030
1040
1040
1030
1110
1170
1180
1170
1180
1170
1250
1240
1240
1240
1240
1240
1240
1240
1230
1230
1240
1300
1310
1370
1380
1370
1370
1380
1370
1370
1380
1380
1370
1380
1380
1380
1390
1390
1400
1390
1400
1390
1400
1400
1390
1400
1390
1410
1390
1400
1390
1400
1390
1400
1390
1390
1390
1390
1390
1390
1380
1390
1370
1380
1380
1370
1380
1370
1370
1370
1370
1370
1380
1360
1380
1370
1370
1380
1380
1370
1380
1380
1450
1450
1450
1460
1450
1460
1450
1450
1450
1450
1450
1450
1450
1520
1520
1520
1520
1520
1520
1520
1520
1520
1510
1520
1510
1520
1510
1520
1510
1510
1520
1510
1520
1590
1590
1590
1590
1660
1660
1660
1660
1660
1660
1670
1670
1680
1680
1670
1680
1690
1680
1760
1830
1840
1840
1840
1850
1840
1850
1850
1850
1860
1850
1860
1850
1870
1850
1850
1860
1850
1850
1850
1840
1850
1840
1830
1840
1830
1820
1830
1820
1920
1900
1910
1920
1930
1940
1950
1950
1960
1950
1960
1950
1940
1930
1930
1920
1900
1900
1900
1880
1890
1880
1880
1890
1880
1880
1880
1880
1880
1880
1880
1880
1880
1880
1880
1870
1880
1880
1880
1880
1870
1880
1880
1880
1880
1880
1880
1880
1880
1880
1950
1960
1950
1960
1950
1960
1950
1960
1950
1960
1950
1950
2030
2030
2040
2100
2110
2110
2100
2110
2110
2110
2110
2110
2100
2110
2110
2110
2110
2100
2110
2180
2190
2190
2190
2190
2190
2190
2190
2190
2190
2200
2190
2190
2190
2190
2200
2180
2190
2190
2190
2190
2190
2180
2280
2270
2270
2280
2270
2350
2360
2350
2360
2350
2360
2360
2350
2360
2350
2360
2350
2360
2350
2360
2350
2360
2360
2350
2360
2440
2440
2450
2530
2530
2530
2530
2530
2540
2530
2530
2540
2530
2540
2530
2540
2530
2540
2620
2710
2710
2700
2710
2710
2720
2710
2720
2720
2720
2720
2730
2720
2730
2720
2730
2730
2730
2810
2810
2820
2820
2810
2820
2910
2900
2910
3000
3000
2990
3000
3000
2990
2990
3000
2980
3000
