40
40
50
50
70
70
60
90
90
90
90
90
90
90
90
90
90
90
90
90
90
90
90
90
90
80
100
80
90
80
100
80
100
100
120
110
110
110
110
110
110
120
110
110
110
110
110
110
110
110
120
110
110
110
110
110
130
130
130
130
130
130
130
130
130
120
140
120
150
150
150
150
150
150
150
150
150
150
140
150
150
150
140
160
140
150
150
150
150
150
150
150
150
150
150
150
170
160
170
170
180
160
170
170
170
170
190
190
190
190
190
190
200
180
190
180
200
180
200
180
200
190
190
190
190
190
190
190
210
210
210
220
200
220
210
210
210
210
210
210
220
200
220
210
210
210
210
210
210
210
210
220
210
230
230
230
240
220
240
230
230
230
220
230
230
230
230
230
230
230
240
230
230
250
250
260
270
270
280
270
270
270
270
280
270
270
270
300
290
290
300
300
290
290
320
320
310
320
310
320
340
340
330
330
340
330
340
340
330
340
340
330
340
340
330
340
330
360
380
380
390
380
380
400
400
410
400
400
400
410
400
410
400
400
430
420
450
450
450
440
450
440
450
450
450
450
440
450
450
450
450
450
450
440
450
450
450
450
440
450
450
450
450
450
450
440
450
450
450
450
450
450
450
440
450
450
450
450
450
450
440
450
440
450
450
450
450
440
450
450
450
450
450
450
440
480
470
470
470
470
480
470
470
470
470
470
470
480
490
490
500
500
500
490
490
500
500
490
490
490
500
490
490
490
500
490
500
490
520
520
520
520
550
550
540
540
550
550
540
550
550
540
550
540
550
550
560
600
590
590
590
600
590
590
590
600
590
590
590
590
600
590
590
590
580
590
590
590
600
590
590
590
600
590
590
590
620
620
620
610
620
620
620
620
610
620
620
620
620
610
620
620
620
620
610
620
620
610
620
620
620
620
620
610
620
620
610
620
620
620
620
620
610
620
610
620
620
620
620
610
620
620
610
610
620
620
640
640
650
640
650
640
640
640
650
640
650
640
670
670
660
690
700
690
700
690
690
700
690
690
700
690
690
700
690
690
700
720
720
720
720
720
720
720
720
720
720
720
720
720
730
720
720
720
720
720
720
720
720
720
750
750
750
750
750
770
780
780
780
770
780
780
780
770
780
780
780
770
780
780
770
780
780
780
770
810
800
810
830
830
840
830
840
830
830
840
830
830
840
830
830
840
830
870
890
890
890
900
890
890
900
890
890
890
890
900
890
890
890
890
900
890
920
920
920
920
920
920
950
950
960
970
980
980
980
980
980
980
980
980
980
