2.035965 1.926549
2.055165 1.949470
2.062844 2.004201
2.077045 2.084266
2.104777 2.183546
2.149765 2.330275
2.187882 2.477900
2.241307 2.630564
2.309173 2.841916
2.412671 3.083535
2.542999 3.341212
2.685822 3.590792
2.845376 3.832903
3.037920 4.079810
3.040096 4.119503
3.033151 4.048478
3.073130 4.069467
3.208707 4.191782
3.270573 4.275274
3.337811 4.361170
3.321313 4.332390
3.391012 4.400852
3.476809 4.460873
3.575363 4.563007
3.734167 4.717274
3.900488 4.890645
4.062245 5.058202
4.263029 5.217175
4.482675 5.374880
4.713710 5.507190
4.944421 5.642665
5.125976 5.736686
5.306966 5.827178
5.548551 6.013519
5.809515 6.235612
5.989029 6.396841
6.243119 6.604405
6.453514 6.806363
6.660380 7.046505
6.875993 7.240499
7.076265 7.398054
7.294704 7.576583
7.521688 7.761327
7.774104 7.953504
7.894167 8.125662
7.904180 8.193176
7.914545 8.262095
7.965912 8.367746
7.991564 8.399747
7.887527 8.386495
7.883758 8.323496
7.894745 8.336768
7.875284 8.285055
7.955606 8.250012
7.963995 8.203312
7.896889 8.229835
7.934641 8.172649
7.973084 8.222770
8.051770 8.266982
8.074585 8.311035
8.182579 8.293434
8.279056 8.364627
8.252760 8.367704
8.340713 8.494497
8.433862 8.615728
8.523200 8.726946
8.603372 8.832978
8.684647 8.950946
8.818449 9.112436
8.846205 9.230615
8.982834 9.353279
9.104300 9.469917
9.269811 9.617580
9.409841 9.758265
9.559760 9.866084
9.681731 10.001934
9.736381 10.147199
9.765622 10.238120
9.667699 10.327975
9.491880 10.156792
9.444173 10.086073
9.541023 10.167426
9.754775 10.423809
9.821847 10.672343
9.817699 10.707121
9.715584 10.640802
9.697171 10.484499
9.715163 10.491507
9.737402 10.497501
9.764043 10.516649
9.794640 10.540151
9.891691 10.613234
9.948813 10.687001
10.005450 10.743236
10.082617 10.796967
10.175916 10.893613
10.207144 10.997996
10.290157 11.091402
10.370307 11.184109
10.430397 11.268921
10.529053 11.385869
10.562505 11.397878
10.689152 11.502448
10.705734 11.587148
10.627017 11.659343
10.718160 11.756481
10.838446 11.812468
10.917336 11.877324
11.003404 11.923583
11.114854 11.910560
11.139690 11.835655
11.102027 11.579872
11.054707 11.416528
10.954754 11.166987
10.906656 11.030861
10.740668 11.006864
10.499739 10.632703
10.333992 10.311137
10.127548 10.048116
9.755293 9.829493
9.150972 9.440960
8.703978 8.949268
8.527856 8.633887
8.408537 8.564404
8.192743 8.488706
8.103106 8.403849
8.011301 8.252589
7.953466 8.136678
7.951940 8.108963
7.926416 7.894595
7.928139 7.827431
7.998382 7.907224
7.952811 7.919452
8.020320 7.996342
8.048653 7.999011
8.114818 8.048434
8.155553 8.121561
8.111147 8.215656
8.167837 8.219225
8.299318 8.320522
8.380584 8.381888
8.489336 8.425810
8.592319 8.505716
8.742171 8.617326
8.938997 8.679218
8.982261 8.772147
8.971168 8.819082
8.978756 8.746255
8.920015 8.507765
9.061047 8.706967
9.128513 8.722955
9.247746 8.904644
9.314279 9.018493
9.255642 9.026491
9.193290 8.866799
9.136566 8.669270
9.095578 8.491801
9.130664 8.538919
9.188740 8.602631
9.202579 8.532254
9.277317 8.588166
9.347256 8.674202
9.403361 8.908535
9.469965 8.983875
9.539677 9.007570
9.590282 9.042238
9.708876 9.099002
9.771486 9.163280
9.729774 9.151908
9.720765 9.045544
9.792192 9.126713
9.842414 9.242592
9.745462 8.949670
9.488399 8.681858
9.475769 8.265357
9.400249 8.256391
9.344653 8.249309
9.338881 8.199939
9.295559 8.224209
9.227967 8.228919
9.035952 7.923500
8.991410 7.708109
8.743312 7.625499
8.718957 7.400242
8.568196 7.195165
8.224010 6.847500
7.910713 6.518978
7.662919 6.290273
7.381293 6.021131
7.204626 5.916582
7.185371 5.617116
7.054441 5.682289
7.044423 5.728023
7.042882 5.723085
7.130088 5.883242
7.223521 6.035338
7.250923 6.164419
7.370659 6.312374
7.420891 6.385672
7.538301 6.522619
7.580479 6.566197
7.941408 6.794436
8.202477 6.980270
8.669548 7.314088
8.926715 7.641619
8.947269 7.691724
9.142658 7.767156
9.237108 7.924723
9.343598 8.102101
9.521172 8.253184
9.624350 8.372091
9.749960 8.470266
9.811591 8.571008
9.851193 8.675530
9.905282 8.776888
9.951537 8.907512
10.015820 9.019008
10.157893 9.151045
10.226736 9.256185
10.317911 9.372332
10.434738 9.493228
10.445473 9.449250
10.444171 9.380069
10.510179 9.449128
10.467094 9.517000
10.449068 9.561026
10.225517 9.521108
10.170138 9.558222
10.162373 9.540943
10.161017 9.402169
9.787887 9.271547
9.757698 9.056091
9.314272 8.794751
9.208047 8.714980
8.895591 8.441561
8.384072 8.216138
8.390368 7.836043
8.384311 7.566520
8.402933 7.503074
8.474722 7.588857
8.551458 7.684779
8.619103 7.795506
8.679784 8.067261
8.799541 8.149180
8.791871 8.177614
8.803642 8.174301
8.752862 8.110501
8.717616 8.178789
9.089866 8.254613
9.537507 8.493162
9.674347 8.545154
9.740077 8.563032
9.756779 8.548152
9.531272 8.522771
9.136992 8.153351
8.743530 7.852006
8.562019 7.739668
8.887881 7.817414
9.169550 8.031679
9.219272 8.057106
9.241786 8.061119
9.259262 8.068438
9.276203 8.083586
9.294551 8.095361
9.371189 8.088492
9.434534 8.121702
9.514262 8.186861
9.508096 8.198508
9.481803 8.006514
9.124357 7.940104
8.845101 7.806636
8.671455 7.816273
8.531354 7.631144
8.202822 7.471023
7.850966 7.261923
7.533826 6.759208
7.337760 6.456943
7.123334 6.022995
7.139906 5.716434
7.029134 5.638858
7.008146 5.594607
6.957520 5.501297
7.040126 5.595945
7.205022 5.758552
7.500938 6.126146
7.629868 6.284267
7.751443 6.448708
7.916368 6.636079
8.147322 6.787307
8.209643 6.840395
8.300239 6.892914
8.378243 6.913854
8.518187 6.960619
8.678527 7.151511
8.883631 7.318062
8.918621 7.446358
8.778201 7.510831
8.593159 7.435477
8.514103 7.556499
8.156479 7.588650
7.660056 7.443812
7.388977 7.495708
7.425086 7.576812
7.627545 7.772123
7.748937 7.785120
7.846776 7.785336
8.086738 7.912085
8.175306 7.911092
8.227437 7.970186
8.305906 8.091934
8.399365 8.207512
8.564551 8.363595
8.682624 8.519216
8.795760 8.628831
8.905396 8.717388
8.991414 8.662356
8.897940 8.567766
8.826643 8.296392
8.518357 8.127680
8.494029 7.776272
8.175578 7.509099
8.105088 7.252261
7.984793 6.994765
7.616112 6.611047
7.094677 6.254488
6.976808 5.887386
6.928495 5.501246
6.879412 5.352320
6.995867 5.468094
7.100821 5.562074
7.216329 5.679809
7.307414 5.790211
7.357051 5.958689
7.499293 6.098796
7.623734 6.260238
7.680630 6.405983
7.649869 6.453878
7.662596 6.492719
7.693212 6.535009
7.827125 6.792939
7.801687 6.823765
7.594160 6.703840
7.361259 6.432274
6.752075 5.907111
6.253251 5.833860
6.376753 6.005903
6.542898 6.151275
6.655791 6.275161
6.739778 6.411014
6.932321 6.563452
7.067637 6.676369
7.169332 6.788013
7.232586 6.824311
7.289008 6.730007
7.155790 6.719986
7.247229 6.751298
7.185081 6.456656
6.824299 6.090367
6.731825 5.543826
6.748477 5.255602
6.630254 5.259482
6.537123 4.990704
6.610540 5.047865
6.611331 5.000767
6.673277 4.902856
6.627522 4.819305
6.719302 4.881289
6.641912 4.873301
6.574329 4.898912
6.475727 4.933915
6.495358 4.872419
6.461068 4.736455
6.464797 4.675583
6.492714 4.663259
6.589418 4.787368
6.699230 4.881863
6.826516 5.033924
7.033541 5.244083
7.178251 5.478881
7.283084 5.568123
7.342246 5.767389
7.580047 6.120752
7.748085 6.242830
7.799353 6.259953
7.863443 6.312624
7.962673 6.377925
7.998592 6.452906
8.027271 6.520319
8.051282 6.581961
8.192405 6.570018
8.194858 6.621604
8.149485 6.659845
8.181527 6.740831
8.219288 6.822803
8.255901 6.938979
8.268484 6.984353
8.276672 6.966509
8.342280 7.048666
8.364044 7.058350
8.360189 7.067201
8.399195 7.046146
8.249010 7.079723
8.118180 7.119010
7.968188 7.022569
7.936587 6.972558
7.897493 6.843543
7.659249 6.633600
7.577125 6.512259
7.440052 6.162543
7.298041 5.835971
7.388467 5.750579
7.270883 5.578517
7.251369 5.484094
7.216099 5.442016
7.106315 5.459809
7.176147 5.317179
6.997694 5.360387
7.163923 5.499725
7.228276 5.630196
7.286170 5.726291
7.576716 5.861925
7.883442 6.253111
7.869609 6.260013
7.831294 6.328501
7.290758 6.343844
6.833844 6.172933
6.221859 6.081458
5.505313 5.780304
5.003556 5.733543
4.811808 5.773470
4.932716 5.896370
4.962613 5.923253
5.090951 6.053887
5.261420 6.217392
5.339425 6.363994
5.483451 6.415516
5.688173 6.592757
5.836581 6.666981
5.838473 6.748884
5.927422 6.763167
6.039118 6.676470
6.250711 6.588297
6.472276 6.532374
6.613303 6.398700
6.873011 6.151738
6.978359 5.835501
7.102633 5.756603
7.181157 5.553781
7.330871 5.482829
7.447339 5.525966
7.535722 5.516488
7.563441 5.511906
7.600077 5.675878
7.733465 5.893176
7.993347 6.149683
8.263098 6.468495
8.492062 6.569235
8.578996 6.626613
8.659946 6.751603
8.861789 7.010701
8.980406 7.171647
9.094616 7.246117
9.097282 7.325458
9.179746 7.364424
9.267894 7.469689
9.308314 7.463900
9.297485 7.465692
9.350464 7.490542
9.443476 7.501836
9.528514 7.513277
9.607157 7.527167
9.681267 7.569267
9.536561 7.601225
9.512180 7.583203
9.425826 7.372796
9.274470 7.302473
9.088702 7.219138
8.995284 7.092939
8.728977 6.804642
8.357110 6.393012
7.895831 6.118644
7.602554 5.869542
7.295798 5.776873
7.080133 5.529910
6.752685 5.397502
6.649225 5.369772
6.622511 5.371795
6.676058 5.471722
6.678243 5.538771
6.696724 5.728741
6.784332 5.917481
6.879666 6.111137
6.925374 6.250111
6.975090 6.473105
7.113907 6.584319
7.122740 6.556202
7.256489 6.637881
7.541346 6.960348
7.642219 7.115853
7.442120 7.061316
6.785187 6.841135
6.850672 6.936422
7.118988 7.142665
7.174411 7.123842
7.179402 7.109114
7.212987 7.040816
7.228283 7.008415
7.259451 7.066204
7.385275 7.160431
7.398578 7.143149
7.432083 7.050404
7.135854 6.783299
7.030453 6.548372
6.826967 6.350250
6.551173 5.846127
6.138008 5.293874
5.892090 4.792617
5.517442 4.410750
5.515414 4.264262
5.433688 4.215166
5.396486 4.034442
5.382882 4.030288
5.244665 3.947320
5.171423 4.039357
5.220081 4.124868
5.287352 4.139202
5.345486 4.217033
5.476898 4.390429
5.645208 4.551506
5.978618 4.760037
6.354803 5.017676
6.590310 5.263361
6.830674 5.419393
6.979929 5.561508
6.940411 5.491918
7.042933 5.616028
7.049939 5.560889
7.056172 5.543948
7.107936 5.583361
7.203706 5.726169
7.302106 5.814760
7.364516 5.891285
7.296423 5.941207
7.282858 5.943421
7.150787 5.733927
7.072708 5.690459
6.911732 5.410267
6.536773 5.121611
6.217810 4.868352
5.960462 4.495432
5.520801 4.175983
5.105697 3.939889
4.852442 3.591497
4.481941 3.526635
4.100779 3.350713
3.933654 3.381027
3.840354 3.473603
4.020738 3.734798
4.304350 4.038186
4.915910 4.696059
5.398298 5.179176
