2.032118 1.919876
2.039491 1.943212
2.046625 1.986794
2.064222 2.059586
2.092186 2.144150
2.123502 2.280449
2.180779 2.424127
2.261363 2.585429
2.344372 2.761811
2.402836 2.936693
2.543926 3.156026
2.680192 3.359071
2.814341 3.574691
2.976357 3.763694
3.034362 3.806758
3.074752 3.723427
3.134023 3.685815
3.249806 3.811191
3.319003 3.849879
3.402299 3.928387
3.438006 3.972670
3.496435 4.030849
3.583137 4.132417
3.695403 4.236818
3.849995 4.379510
4.015651 4.531777
4.175179 4.672444
4.354061 4.825497
4.534584 4.986020
4.717631 5.146611
4.944062 5.334176
5.121342 5.506706
5.328896 5.677060
5.541829 5.857108
5.799286 6.046501
5.991677 6.200821
6.211444 6.399685
6.439795 6.601019
6.662050 6.774782
6.875982 6.961834
7.120926 7.154848
7.353123 7.357172
7.569164 7.554061
7.806774 7.771936
7.889811 7.905361
7.920388 7.952278
8.000586 8.018450
8.076670 8.083637
8.140392 8.113641
8.149415 8.141802
8.149589 8.133818
8.161188 8.140390
8.187636 8.162869
8.229508 8.144145
8.266326 8.154214
8.268634 8.187384
8.287538 8.225256
8.318319 8.255949
8.361483 8.295548
8.427436 8.361861
8.490941 8.425519
8.529706 8.510081
8.595167 8.591462
8.692499 8.699485
8.792754 8.814746
8.880287 8.928610
8.986501 9.050949
9.093194 9.186043
9.200592 9.343073
9.305922 9.500606
9.432299 9.643830
9.563157 9.773276
9.675453 9.912801
9.823886 10.056808
9.953118 10.196757
10.087883 10.346271
10.228331 10.514747
10.348494 10.652101
10.465041 10.628596
10.467205 10.620398
10.422634 10.535638
10.397686 10.499247
10.429246 10.543124
10.453599 10.548323
10.448973 10.555957
10.471512 10.551670
10.474274 10.549973
10.486350 10.572629
10.513001 10.584625
10.534222 10.606178
10.581352 10.643511
10.650606 10.711518
10.717671 10.749668
10.774897 10.825698
10.841470 10.899919
10.922666 10.988716
11.003562 11.095308
11.086377 11.159802
11.183009 11.253990
11.274335 11.355064
11.389338 11.459826
11.479044 11.547114
11.605057 11.667646
11.697498 11.777806
11.821874 11.925951
11.919038 12.035930
12.042606 12.177338
12.144642 12.301071
12.258681 12.400937
12.375601 12.550134
12.410612 12.648915
12.427995 12.712895
12.446684 12.794819
12.493318 12.872664
12.543719 12.970912
12.544851 13.010239
12.543938 12.994966
12.537703 13.014817
12.538816 13.029774
12.561571 13.035334
12.574159 13.056431
12.667382 13.095291
12.695847 13.077216
12.728713 13.072576
12.772232 13.085225
12.829962 13.100173
12.900307 13.130724
12.969212 13.168001
13.054099 13.216569
13.162627 13.280902
13.266413 13.348592
13.376057 13.423111
13.480792 13.491342
13.578563 13.574047
13.690984 13.647083
13.811511 13.732993
13.899737 13.819889
14.019017 13.913827
14.107270 13.988086
14.230982 14.073620
14.324684 14.170601
14.433953 14.268849
14.527150 14.350971
14.636352 14.453811
14.736255 14.546998
14.851782 14.644114
14.923587 14.675392
14.986541 14.695639
14.970386 14.686330
14.932369 14.660134
14.905090 14.704247
14.983906 14.740741
15.040395 14.823173
15.019617 14.883903
15.000537 14.905442
14.991601 14.947576
15.010255 15.005992
15.025867 15.039788
15.072280 15.069309
15.107378 15.111076
15.154184 15.155710
15.205404 15.222228
15.256000 15.287491
15.324297 15.356203
15.391829 15.415388
15.458556 15.465883
15.542454 15.533060
15.625663 15.586100
15.698365 15.663338
15.798678 15.747478
15.899066 15.814998
15.890772 15.821719
15.953520 15.926570
15.949528 15.946717
15.946023 15.978184
15.979327 16.003873
16.005979 16.030318
16.040915 16.059759
16.070390 16.081611
16.112593 16.097241
16.137596 16.108097
16.183406 16.134317
16.244340 16.177758
16.299582 16.220048
16.406405 16.192297
16.378314 16.202288
16.381806 16.197436
16.425054 16.225033
16.455533 16.232192
16.512983 16.259341
16.572345 16.266376
16.650217 16.326983
16.729748 16.373274
16.796324 16.433504
16.886414 16.501845
16.965079 16.573749
17.043402 16.644453
17.121044 16.700510
17.182824 16.743409
17.269540 16.792742
17.334236 16.830624
17.381727 16.865963
17.412357 16.843523
17.442431 16.870683
17.486793 16.947342
17.489002 16.954372
17.532037 16.983483
17.516752 16.992736
17.537059 17.002277
17.554271 17.014218
17.570825 17.019899
17.591345 17.022083
17.573305 17.048368
17.599874 17.072275
17.610769 17.105125
17.619649 17.158192
17.610567 17.207489
17.623201 17.266271
17.648657 17.320372
17.675423 17.382009
17.708887 17.434799
17.766693 17.436008
17.814277 17.498296
17.833454 17.559000
17.836037 17.609200
17.854311 17.645444
17.847294 17.670517
17.871812 17.696060
17.907605 17.760922
17.937593 17.779387
17.937189 17.730711
17.967628 17.675610
18.001565 17.659977
18.050129 17.642951
18.112076 17.643593
18.171899 17.621379
18.216234 17.638782
18.293650 17.655611
18.377359 17.674565
18.453510 17.685506
18.512925 17.703624
18.567373 17.726726
18.631418 17.751835
18.657305 17.770003
18.692942 17.732594
18.716755 17.756721
18.747197 17.783101
18.756432 17.829824
18.758425 17.833442
18.778993 17.868952
18.769280 17.912211
18.765843 17.945658
18.760574 17.922880
18.774438 17.969853
18.798325 18.001303
18.845896 18.018705
18.883452 18.041708
18.923592 18.054038
19.007573 18.111727
19.067878 18.172256
19.144323 18.191926
19.181550 18.190532
19.229875 18.206306
19.265494 18.208660
19.307751 18.257079
19.358723 18.300477
19.402775 18.326746
19.467973 18.370330
19.565311 18.421320
19.652168 18.500575
19.723178 18.570239
19.802343 18.695240
19.876927 18.806320
19.912112 18.897555
19.963663 18.959279
19.992476 18.943966
20.006322 18.954246
20.018507 18.948652
20.032464 18.970151
20.054852 18.994135
20.069649 19.052468
20.086708 19.073492
20.094977 19.108393
20.103203 19.133513
20.151440 19.237062
20.193633 19.285611
20.264139 19.348248
20.296747 19.426915
20.334453 19.472135
20.317086 19.523415
20.311497 19.557762
20.296766 19.565621
20.281340 19.600754
20.271688 19.696441
20.277825 19.773320
20.299378 19.825499
20.321127 19.851766
20.352684 19.881269
20.506312 19.983306
20.481291 20.068350
20.492420 20.133070
20.505983 20.170546
20.533350 20.214401
20.566543 20.244427
20.541788 20.281148
20.528629 20.316697
20.515620 20.329449
20.545075 20.356726
20.561918 20.377797
20.558838 20.419766
20.583030 20.438729
20.614365 20.486910
20.632247 20.517174
20.656400 20.537072
20.698200 20.576337
20.751085 20.610612
20.806100 20.659376
20.864266 20.702921
20.948719 20.767761
21.010678 20.812309
21.082813 20.873754
21.135848 20.901477
21.149511 20.873786
21.113438 20.871145
21.092197 20.895725
21.069527 20.930849
21.106285 21.022884
21.145380 21.066203
21.186308 21.111406
21.210009 21.156001
21.248142 21.220467
21.272064 21.280611
21.321591 21.357901
21.370121 21.416294
21.411282 21.486072
21.467060 21.606011
21.503192 21.689325
21.529220 21.754382
21.542639 21.819555
21.558816 21.869214
21.599119 21.913047
21.664636 22.009809
21.642880 22.091193
21.634726 22.089748
21.645858 22.130935
21.667539 22.170442
21.677055 22.226161
21.704030 22.257497
21.744696 22.283582
21.767994 22.332106
21.788755 22.368767
21.799907 22.431927
21.810991 22.477048
21.825122 22.520569
21.875755 22.589860
21.918233 22.650440
21.918171 22.679031
21.936961 22.646223
21.936658 22.639333
21.942954 22.667405
21.995113 22.692626
22.058897 22.717795
22.091042 22.764225
22.100562 22.838023
22.143148 22.871623
22.194129 22.901075
22.252036 22.920396
22.290371 22.963681
22.294551 22.987900
22.343495 23.005632
22.392223 23.016455
22.453214 23.043549
22.508396 23.089503
22.561617 23.130379
22.586674 23.167568
22.600052 23.215053
22.614528 23.200098
22.604930 23.223962
22.605961 23.213818
22.609871 23.207133
22.568185 23.197793
22.601915 23.271742
22.679039 23.351120
22.702999 23.348776
22.743014 23.363750
22.765946 23.378042
22.759605 23.360587
22.788813 23.392996
22.848842 23.276028
22.893135 23.291644
22.890630 23.274502
22.893711 23.269868
22.898341 23.272884
22.921938 23.272426
22.945456 23.309270
22.962935 23.322796
22.987707 23.351799
23.017273 23.387618
23.046631 23.398949
23.094270 23.445177
23.153150 23.496309
23.217333 23.539642
23.333361 23.547604
23.351750 23.505529
23.342551 23.466653
23.409014 23.484412
23.442612 23.496294
23.449874 23.490219
23.437062 23.501121
23.419784 23.518758
23.399736 23.521406
23.389470 23.536313
23.413078 23.546044
23.402622 23.574422
23.394686 23.604846
23.401958 23.636250
23.429341 23.651971
23.476274 23.698306
23.488891 23.753821
23.510799 23.788569
23.527104 23.813034
23.585275 23.844789
23.583594 23.834827
23.591791 23.838645
23.609066 23.833704
23.642928 23.840418
23.597510 23.914587
23.561072 23.953614
23.557859 23.968630
23.552175 23.989969
23.542358 24.017195
23.512136 24.031641
23.515385 24.047337
23.536837 24.066598
23.549069 24.067104
23.575776 24.088240
23.596959 24.116660
23.605375 24.127635
23.605549 24.147622
23.619954 24.158840
23.632862 24.174230
23.654291 24.192205
23.661820 24.208191
23.677262 24.225421
23.711870 24.239065
23.733004 24.275897
23.769652 24.305220
23.829998 24.341163
23.873301 24.362791
23.958544 24.398710
24.023341 24.416207
24.096064 24.463491
24.149123 24.507892
24.228743 24.552272
24.331807 24.635167
24.398692 24.702390
24.433083 24.744176
24.422974 24.766463
24.510184 24.794175
24.604336 24.816131
24.529637 24.846813
24.544293 24.864393
24.551766 24.851638
24.546412 24.859252
24.542521 24.906911
24.538906 24.855530
24.544329 24.850006
24.578470 24.849459
24.628879 24.858802
24.677592 24.853897
24.727353 24.827489
24.773528 24.828171
24.842495 24.822008
24.916763 24.832517
25.018095 24.832723
25.073048 24.828077
25.054978 24.835509
25.076280 24.847936
25.136001 24.868898
25.148356 24.896903
25.184924 24.914928
25.232554 24.929683
25.289883 24.945781
25.354641 24.971307
25.404665 25.001292
25.445619 25.030655
25.520019 25.069245
25.567641 25.132066
25.616445 25.177591
25.691688 25.231526
25.740884 25.240580
25.816300 25.268525
25.860204 25.350939
25.909202 25.378721
25.964013 25.358670
25.956477 25.388532
25.957538 25.433697
25.937649 25.498227
25.916429 25.531558
26.000673 25.491583
25.987103 25.474681
25.990339 25.485250
25.993711 25.488726
26.019898 25.520525
26.052357 25.553230
26.072583 25.602269
26.085369 25.633483
26.119774 25.672125
26.148388 25.709323
26.196032 25.748760
26.238062 25.781948
26.281632 25.823874
26.324696 25.871344
26.358734 25.923548
26.369757 25.983260
26.338974 25.995225
26.354461 26.002625
26.385229 25.995498
26.406383 26.007482
26.428888 26.024919
26.481152 26.053933
26.517375 26.082461
26.576281 26.109231
26.634004 26.140116
26.701244 26.194760
26.766583 26.248743
26.822609 26.282680
26.867851 26.335724
26.890663 26.405790
26.940195 26.466926
27.000702 26.518758
27.060707 26.588360
27.090982 26.660192
27.102124 26.712827
27.078843 26.637981
27.081831 26.628958
27.049518 26.575413
27.027994 26.534552
27.005359 26.499913
26.977354 26.478538
26.962844 26.449248
26.982823 26.415839
26.994159 26.407229
27.012484 26.409158
27.007615 26.402665
27.013817 26.403113
27.035198 26.411954
27.062614 26.421317
27.089691 26.429220
27.109914 26.439630
27.136664 26.472018
27.180321 26.524447
27.220899 26.580310
27.252018 26.618597
27.295533 26.670012
27.328330 26.719571
27.374048 26.765970
27.420138 26.814717
27.483485 26.866077
27.597592 27.074746
27.654834 27.158047
