0.214541
0.275513
0.455228
0.520002
0.643400
0.749649
0.740488
0.809253
0.997455
1.098815
1.340083
1.383378
1.615781
1.949784
1.948104
1.899977
1.775178
1.758670
1.743143
1.078403
0.591879
0.107791
0.465890
0.836154
1.211801
1.818880
2.144424
2.685599
3.009046
3.292789
3.664722
3.909906
4.156348
4.729200
4.930139
5.474668
5.814469
6.342569
6.738066
7.077563
7.613880
7.949018
8.438831
8.825333
9.257230
9.247736
9.382622
9.528215
9.603105
9.456144
9.307914
9.124418
8.852163
8.101227
7.555350
6.761356
6.027854
5.560909
4.981506
4.395671
3.785040
3.089396
2.566861
1.950325
1.526828
1.131044
0.695221
0.620293
0.949936
1.315573
1.693401
2.233735
2.681499
3.081016
3.702450
4.005702
4.475358
5.001522
5.615444
5.644226
5.306672
4.948974
5.359461
5.271826
5.117658
4.366633
3.978366
3.696078
3.322263
2.882706
2.510735
1.768198
1.362803
1.021732
0.705161
0.556363
0.871269
1.186805
1.831731
2.233010
2.924217
3.303027
3.708788
3.960669
4.382651
4.744981
5.079408
5.538211
5.793132
6.197438
6.686402
6.632354
6.860001
6.933688
7.258028
6.898454
6.803652
6.597687
6.547986
6.742131
6.836450
6.098949
5.618513
5.167169
4.783946
4.059650
3.703011
3.357291
2.689781
2.505504
2.075891
1.531982
1.256701
1.088495
1.120699
1.392090
1.722158
2.004039
2.634379
2.986019
3.482553
4.123348
4.661934
5.155100
5.784186
6.433787
6.925551
7.069739
6.965383
6.407388
5.799251
6.233444
6.356547
5.610597
4.936556
4.188893
3.558573
3.067242
2.654882
2.223683
1.570785
1.097878
0.654627
0.699361
1.220262
1.781726
2.272710
2.846616
3.282304
3.916988
4.484516
4.420231
4.794872
5.322427
5.717722
6.673890
7.021688
7.430534
7.795191
8.202617
8.424618
8.831090
9.240419
9.796167
9.696247
9.950579
10.170804
10.354827
10.522148
10.716626
10.695522
10.786722
10.912853
11.064762
11.133870
11.356779
11.536321
11.632718
11.997173
12.346641
12.493453
13.457416
14.646837
15.084347
15.009997
15.336537
15.052861
14.548677
13.804492
13.421414
13.291726
12.485977
11.950447
11.575297
11.219194
10.886654
10.402455
10.087555
9.895019
9.500304
9.151791
9.022088
8.949139
8.323513
7.286798
6.933282
6.861436
6.858685
7.020943
6.697254
7.085012
7.664036
8.217772
8.488491
8.796876
9.237392
9.749675
10.015637
10.355536
10.639383
10.849230
11.207181
11.482002
11.526926
11.529915
11.697229
11.969842
12.527920
13.075686
13.590821
13.948460
14.790824
15.049646
14.724967
14.572058
14.188803
13.874206
13.576254
12.668786
12.114655
11.405029
11.228655
11.051655
10.860821
10.767585
10.702325
10.717342
10.705174
10.600337
10.613851
10.688494
10.806371
10.993752
11.094121
10.568359
10.573746
10.784106
10.839166
11.018531
11.313301
11.258938
11.077097
11.027280
11.021396
11.111582
11.269621
11.379763
11.559785
11.868139
12.364688
12.764696
12.772975
13.193644
13.397203
13.998309
14.362798
14.488961
14.525332
14.254374
14.114916
13.165217
12.414766
12.010238
11.490808
11.570739
11.608777
11.006961
10.661285
10.185060
9.874946
9.459194
9.077503
8.842823
8.600466
8.472789
8.364790
8.208904
8.372723
8.725235
9.136712
9.592953
10.031671
9.580523
9.882932
10.299965
10.703129
10.834011
10.785471
10.775284
10.785819
10.874201
10.959136
11.095166
11.133683
11.095653
11.402542
12.031845
12.378409
12.895556
13.453628
13.959724
14.123578
13.343792
12.973879
12.428813
12.160833
11.827306
11.403434
11.289036
11.432016
11.731817
12.202706
12.596044
12.982052
13.253054
13.784157
13.745162
13.808666
13.747650
14.188821
14.984784
15.385208
16.059051
16.070957
16.577507
17.082062
17.807195
18.032795
18.162768
18.676524
19.255205
19.765673
20.408680
20.851735
21.566488
22.014119
22.498192
23.086226
23.606513
23.879718
23.912325
24.195249
24.369908
24.062656
23.814905
23.210147
22.737513
22.738046
22.694044
22.679411
22.058154
21.556403
21.087241
20.607940
19.912010
19.508606
19.077387
18.650775
18.238298
17.958719
17.345783
17.111875
17.150330
17.086601
16.984019
17.026612
17.018085
16.695558
16.397575
16.171298
15.635172
15.191033
14.809559
14.649499
14.588631
14.537179
14.344834
14.327884
14.393825
14.685517
15.338706
15.507952
16.051556
16.375495
16.712313
17.141916
16.517608
15.918968
15.251442
14.708846
14.260396
13.955777
13.467858
13.040287
12.764089
12.439008
12.177986
12.567143
13.050416
13.565415
14.179754
15.172054
15.806820
16.764086
17.463125
18.050657
18.668455
19.480709
19.995044
20.766914
21.163728
21.978786
22.719664
23.524131
24.402473
25.513564
26.517346
27.116145
27.250391
27.527888
27.604164
28.107368
28.032623
27.614036
27.811927
28.040537
27.852416
27.489435
26.861617
26.402955
25.804552
25.384954
24.738268
24.091462
23.397000
23.153390
22.985623
22.106389
21.329652
20.580777
19.862719
19.227319
18.348799
17.613620
16.975503
16.431431
15.919229
15.215628
14.786216
14.407856
14.051724
13.973683
14.137247
14.007534
13.912357
14.378371
14.728664
15.235256
15.653615
15.341485
14.707987
14.237826
14.046251
13.885597
13.727703
13.800017
13.839676
13.833807
13.947686
14.672593
15.008419
15.348487
15.838614
16.461040
16.655984
16.764909
17.189730
17.622858
18.032602
18.511552
18.862208
19.506282
19.942981
20.480605
21.165084
21.678070
22.174434
22.888150
23.363599
24.096469
24.715038
25.386873
26.017826
26.158303
25.740651
25.823857
25.472907
25.331779
24.740628
24.256578
23.253747
22.557451
22.004271
21.136206
20.494270
19.772512
19.034991
18.477666
18.108665
17.524231
16.777659
16.269507
15.703288
14.923174
14.327491
13.745152
13.121698
12.316808
11.803446
10.668010
9.804203
