0.219136
0.288896
0.466963
0.521313
0.591247
0.711938
0.770372
0.836818
1.135444
1.304164
1.658450
1.786989
1.997910
2.428413
2.382277
2.311338
2.238539
2.238958
2.236320
1.525693
1.032299
0.437560
0.299378
0.687591
1.093876
1.722223
2.176962
2.742332
3.081315
3.371557
3.830131
4.141859
4.404963
4.980616
5.317694
5.871866
6.280626
6.828758
7.167412
7.582443
8.121216
8.466046
9.028197
9.400511
9.876672
10.000608
10.215252
10.473275
10.604903
10.229994
10.004210
9.847155
9.640878
8.829796
8.385448
7.792704
7.167929
6.742050
6.359806
6.062271
5.356255
4.958114
4.472588
3.847458
3.419586
2.959757
2.317933
1.868667
1.240396
0.663699
0.268742
0.304875
0.718632
1.121767
1.664399
1.991854
2.334896
2.983167
3.447083
3.708499
3.515196
3.301341
3.605606
3.467020
3.282086
2.734094
2.360859
1.980584
1.696964
1.349565
1.001250
0.774284
0.994597
1.274512
1.632271
2.128454
2.424096
2.863416
3.475366
3.830554
4.463687
4.708696
5.132517
5.488551
6.086924
6.410687
6.688123
7.250314
7.673098
8.071706
8.524209
8.561290
8.722576
8.831643
9.142806
9.059563
8.856494
8.538490
8.635641
8.667470
8.964683
7.920175
7.391316
7.177762
6.943960
6.469779
6.099398
5.727370
5.107493
4.500693
3.963763
3.305053
2.922891
2.464534
2.015348
1.346402
0.987662
0.699954
0.473718
0.784577
1.269186
1.870386
2.306927
2.774977
3.491360
4.011568
4.537672
5.129352
5.410768
5.312232
4.730725
4.465901
4.050566
3.244019
2.921891
2.334013
1.930103
1.537873
1.176323
0.873520
0.732359
1.003502
1.366320
2.048293
2.578607
3.030871
3.499522
4.075706
4.631730
5.389243
5.840880
5.771221
5.708699
5.943984
6.260747
6.797415
7.240457
7.868715
8.287449
8.884192
8.811796
8.962653
8.973564
9.199139
8.857219
8.489106
8.274858
8.267574
8.339145
8.498750
8.464224
8.433215
8.418434
8.562823
8.756588
8.943941
9.426323
9.750800
10.192748
10.578325
10.948980
11.827111
12.807254
13.443080
13.413949
13.866297
13.826527
13.383947
12.746496
12.518134
12.282610
11.669534
11.462717
11.361515
11.354100
11.261762
11.137994
11.108799
11.127536
11.120944
11.102089
11.129490
11.107345
10.731804
9.720899
9.507783
9.761232
9.991115
10.207834
9.797053
9.785516
9.673875
9.529750
9.611236
9.631215
9.784168
9.938076
10.002385
10.242379
10.420060
10.569846
10.839074
11.083929
11.019432
10.992166
11.209173
11.346180
11.880433
12.376962
12.564564
12.839802
13.045585
12.586488
11.469479
10.344014
8.864467
8.172810
7.896970
7.419677
6.991500
6.282125
6.166716
6.146650
6.104781
6.097485
6.121610
6.239229
6.412601
6.351218
6.411857
6.425451
6.964793
7.149953
7.620716
6.777356
6.374000
6.028922
5.587283
5.396377
5.299745
4.986732
4.656089
4.524983
4.593935
4.891406
5.235823
5.582798
5.951400
6.573109
7.176122
7.767915
8.004892
8.480422
8.426306
9.138759
9.570964
9.817606
10.002646
9.996866
10.037834
8.823777
8.333709
7.967027
7.451120
7.579112
7.744427
7.464009
7.290799
7.053504
7.037291
6.817965
6.864398
6.830938
6.731289
6.621082
6.520433
6.421981
6.575279
6.797924
7.299539
7.762889
8.164615
7.597116
7.611340
7.624948
7.885658
7.646544
7.337312
7.159770
7.082603
7.211291
7.390565
7.676298
7.827114
8.086507
8.634121
9.452212
10.005329
10.684053
11.312569
11.744412
12.054809
11.324878
10.766721
9.952800
9.735691
9.488338
8.971720
9.000358
9.173673
9.525313
10.055890
10.370714
10.666702
10.932977
11.519595
11.387307
11.300048
11.283313
11.676748
12.334557
12.832195
13.574204
13.702048
14.207140
14.748414
15.381082
15.429249
15.508901
15.967753
16.619786
17.094289
17.807451
18.278484
18.916206
19.376717
19.827696
20.599920
21.190872
21.523306
21.650862
21.636380
21.936795
21.727966
21.583582
21.033603
20.629355
20.599227
20.620511
20.739370
20.108894
19.746736
19.341526
18.938320
18.357814
17.757194
17.382210
16.948664
16.555268
16.103832
15.355315
14.802964
14.654400
14.730274
14.594948
14.729703
14.594941
14.015173
13.424792
12.984495
12.399071
11.918783
11.526015
11.139111
10.941561
10.872540
10.764615
10.682437
10.782300
11.208980
11.953938
11.962419
12.263381
12.504871
12.400391
12.256808
11.329690
10.427290
9.757404
9.404371
9.469521
9.558081
9.600312
9.400016
9.424344
9.426332
9.733669
10.291884
10.528716
10.781720
11.255657
11.828297
11.999046
12.489528
12.802612
12.953780
13.073235
13.575643
13.918313
14.443956
14.903512
15.435362
15.923623
16.504486
17.188897
17.820406
18.387617
18.600763
18.529601
18.671156
18.746951
19.200016
19.076842
18.490484
18.692509
18.730693
18.276368
17.714378
17.164647
16.731442
16.114204
15.728798
14.901518
14.513638
14.134563
14.187827
14.254612
13.602565
13.164952
12.638712
12.233050
11.991040
11.491137
10.930701
10.111025
9.345895
8.609894
7.767525
7.076479
6.617861
6.365013
6.393718
6.435755
6.165341
6.282226
6.716357
7.267529
8.061866
8.508525
8.031715
7.110624
6.838198
6.840647
6.953722
6.898777
6.896575
6.998659
6.986206
7.220732
7.737598
7.899965
8.030394
8.182425
8.223982
8.051719
7.847222
8.180853
8.617161
8.980910
9.437039
9.818113
10.512621
10.981142
11.423791
12.131524
12.638340
13.203393
13.849012
14.287059
14.985606
15.563231
16.027861
16.489149
16.504994
16.059613
16.128410
15.818734
15.596682
15.048708
14.691930
13.929558
13.339061
12.925061
12.326224
11.939949
11.544371
10.861372
10.297737
9.684090
9.014231
7.963921
7.153627
6.379574
5.475357
4.828612
4.230056
3.658351
2.988319
2.491204
1.401327
1.183514
