2.036816 1.917825
2.043605 1.933049
2.015651 1.916098
1.992152 1.959314
1.960412 2.002139
1.921884 2.078490
1.998235 2.213843
2.069287 2.367574
2.232714 2.607152
2.382631 2.866524
2.549849 3.158218
2.720929 3.394882
2.950749 3.686632
3.213944 3.917769
3.309242 4.034036
3.280993 3.871456
3.281620 3.779761
3.474084 3.930077
3.548199 4.014674
3.639635 4.128214
3.782980 4.245016
3.948098 4.416988
4.055488 4.534964
4.183383 4.664781
4.310454 4.792953
4.469854 5.053082
4.615574 5.201902
4.786801 5.306073
4.969163 5.441089
5.083702 5.513704
5.178997 5.593169
5.287306 5.646542
5.376415 5.659275
5.572298 5.847074
5.758623 5.972825
5.929363 6.181944
6.206253 6.450365
6.431395 6.636389
6.660848 6.907255
6.942522 7.194065
7.134200 7.423723
7.327904 7.641286
7.512659 7.842478
7.716077 8.065025
7.831340 8.267080
7.964670 8.371856
8.005485 8.460987
8.023654 8.523905
8.037974 8.569322
8.152853 8.584025
8.172596 8.573385
8.197913 8.600900
8.306409 8.638704
8.388321 8.652821
8.403527 8.596100
8.442128 8.569811
8.487221 8.585407
8.537683 8.590199
8.630955 8.639388
8.743192 8.688836
8.720271 8.660447
8.765870 8.669913
8.813937 8.695242
8.918298 8.800739
9.024297 8.897818
9.076343 8.988810
9.103494 9.072291
9.216839 9.184147
9.316778 9.253183
9.429864 9.279608
9.518196 9.327597
9.645430 9.441622
9.696220 9.567955
9.850863 9.680567
9.981664 9.833113
10.049553 9.863400
10.223697 10.065845
10.365617 10.235174
10.540755 10.397623
10.566326 10.423203
10.518868 10.408961
10.475855 10.359680
10.915091 10.561596
11.106573 10.818499
11.123621 10.854095
11.173104 10.923620
11.169479 10.951353
11.158145 10.873738
11.145101 10.816490
11.163309 10.837302
11.167701 10.860728
11.209431 10.928174
11.255158 10.982570
11.271988 11.021262
11.268637 11.043954
11.348255 11.086769
11.396050 11.130133
11.445112 11.285659
11.423836 11.281149
11.370363 11.236951
11.354723 11.228068
11.433496 11.317444
11.534245 11.412884
11.630542 11.592300
11.717349 11.800214
11.726986 11.924136
11.696303 12.049080
11.785204 12.161032
11.877403 12.261967
11.993614 12.384933
11.768908 12.348598
11.803669 12.328451
11.845722 12.341992
11.898935 12.399375
11.813127 12.365792
11.828604 12.370600
11.820667 12.383705
11.794930 12.338570
11.831352 12.351867
11.835599 12.366795
11.870543 12.430855
11.637891 12.368360
11.424203 12.257534
11.460744 12.269484
11.121164 12.177897
11.166517 12.219543
11.157647 12.191613
11.124098 12.228158
11.001017 12.088928
10.742270 12.006508
10.818108 12.072154
10.906105 12.134452
10.969547 12.197485
11.042582 12.305856
11.116199 12.395317
11.256424 12.406828
11.328507 12.564238
11.421377 12.604949
11.383322 12.600029
11.478051 12.695971
11.587286 12.800749
11.696268 12.896385
11.722242 12.980336
11.856600 13.115154
11.978284 13.234562
12.006303 13.281410
12.146307 13.416192
12.204507 13.563125
12.011959 13.452373
12.008531 13.440162
12.059345 13.529701
12.174448 13.600227
12.268820 13.714939
12.252880 13.749134
12.252775 13.760781
12.301126 13.786193
12.326399 13.789967
12.373092 13.800679
12.351050 13.800525
12.420040 13.848900
12.451274 13.872260
12.474138 13.822610
12.522987 13.852842
12.523805 13.744975
12.490943 13.523178
12.488047 13.475111
12.546820 13.327422
12.622980 13.322834
12.738870 13.422724
12.833434 13.573149
12.802982 13.584032
12.951291 13.767570
13.035055 13.891485
13.012137 13.922624
13.002385 13.826023
13.025299 13.876336
13.046945 13.917877
13.064769 13.986301
13.091586 14.032834
13.203324 14.082066
13.190642 14.075821
13.234958 14.114987
13.303022 14.134917
13.376683 14.200157
13.386198 14.173502
13.389315 14.179308
13.388649 14.204198
13.168681 13.949284
13.222343 13.963542
13.282078 14.001015
13.228688 14.003479
13.154363 14.001257
13.026272 13.868768
13.063916 13.938635
13.110337 14.018999
13.143373 14.096463
13.191548 14.173773
13.268710 14.276523
13.331523 14.371304
13.391126 14.466081
13.419529 14.498527
13.465690 14.532352
13.679997 14.759178
13.947416 15.034631
14.128564 15.210015
14.313560 15.370189
14.308495 15.316888
14.252854 15.377589
14.284367 15.455527
14.286726 15.514462
14.269992 15.584563
14.423241 15.707884
14.415508 15.764947
14.401355 15.780186
14.408518 15.888419
14.400106 15.920116
14.438960 15.854876
14.456348 15.935786
14.446329 15.954158
14.488082 15.996059
14.400922 15.968261
14.360746 16.027859
14.340850 16.120758
14.357077 16.208891
14.221648 16.233842
14.120659 16.153891
14.062599 16.019776
14.082021 16.089499
13.942164 16.120834
14.016931 16.156636
14.029954 16.158004
13.777945 15.863566
13.747485 15.860295
13.773533 15.875632
13.778101 15.800567
13.586429 15.659303
13.514433 15.699304
13.540739 15.669208
13.610404 15.727505
13.656083 15.791762
13.599037 15.816344
13.663465 15.859698
13.700261 15.913630
13.661827 15.862529
13.726209 15.814647
13.725380 15.835234
13.687038 15.820004
13.688263 15.807704
14.007690 15.989713
14.344525 16.244672
14.147691 16.167154
13.715983 16.171374
13.307962 15.961831
12.899225 15.627823
12.573182 15.383307
12.332069 14.726602
12.383318 14.469384
12.311722 14.541812
12.437472 14.702019
12.505086 14.761172
12.579581 14.780708
12.653142 14.824788
12.722065 14.854076
12.753935 14.914998
12.827553 14.875115
12.891649 14.933015
12.967452 14.977750
13.040458 14.990525
13.137078 15.047306
13.254907 15.031042
13.363204 15.101993
13.437517 15.082869
13.613459 15.164827
13.677424 15.258899
13.723947 15.229947
13.614490 15.049885
13.593618 15.052973
13.608049 15.068525
13.597245 15.009140
13.597051 14.985897
13.626812 14.999457
13.616363 14.998476
13.637775 15.037135
13.684239 15.072174
13.811379 15.254954
13.854598 15.271483
13.864065 15.289830
13.825790 15.304642
13.839629 15.243830
13.886912 15.268862
13.912385 15.301959
13.917681 15.316353
13.910877 15.326025
14.199337 15.461093
14.338035 15.691835
14.342077 15.825444
14.043884 15.747493
13.439087 15.673840
13.125406 15.320724
12.744465 15.282454
12.254445 14.973126
12.306559 14.883875
12.279045 14.964025
12.351989 15.021788
12.378801 15.037619
12.480864 15.074743
12.505781 15.065513
12.525563 15.067314
12.539803 15.076581
12.558208 15.061051
12.552183 15.084636
12.544031 15.095922
12.607586 15.125779
12.700244 15.001099
12.764232 15.053799
12.842226 15.094730
12.865136 15.167153
12.849291 15.104015
12.578775 14.958310
12.638704 14.974207
12.758358 14.908862
12.577253 14.822694
12.580164 14.678075
12.567393 14.699307
12.483720 14.729042
12.504675 14.772454
12.384317 14.592910
12.469486 14.637074
12.555766 14.686039
12.629085 14.721255
12.677434 14.786502
12.722303 14.839846
12.761441 14.887291
12.799480 14.937995
12.857730 15.024108
12.925262 15.116573
12.937929 15.171889
12.960453 15.215271
12.976094 15.258788
13.172084 15.388325
13.133519 15.383144
12.787193 14.964252
12.447523 14.299822
12.049650 14.175419
11.825113 13.870842
12.054816 13.957297
12.251314 14.129433
12.378143 14.172707
12.492329 14.261077
12.578667 14.331763
12.636326 14.523898
12.659183 14.564569
12.533832 14.421972
12.580796 14.332482
12.615713 14.396646
12.693654 14.467330
12.671313 14.462732
12.637608 14.342965
12.561856 14.286362
12.397789 14.035398
12.075154 14.021730
11.907900 13.708238
11.903689 13.581712
11.722908 13.493808
11.758519 13.524950
11.584683 13.493911
11.646388 13.539828
11.642111 13.522805
11.637881 13.509708
11.665191 13.276987
11.710517 13.295867
11.748674 13.347117
11.596988 13.071327
11.421602 12.934380
11.348726 12.906350
11.280128 12.932483
11.277173 13.006801
11.317902 13.190931
11.571659 13.495658
11.855885 13.697845
12.068165 13.911197
12.192049 13.944909
12.260179 13.955726
12.498229 14.185337
12.786104 14.264077
12.903066 14.425489
12.923288 14.429943
13.016070 14.542066
13.080046 14.691550
13.105613 14.759903
13.139105 14.765001
13.349593 14.834672
13.336875 15.003659
13.335897 14.936095
13.404992 14.968725
13.473021 15.037233
13.524267 15.081303
13.447746 15.073757
13.476831 15.075212
13.399915 15.127112
13.299857 14.859020
13.388903 14.885929
13.403250 14.827077
13.353113 14.768911
13.372369 14.786564
13.168041 14.866118
12.979657 14.739113
12.863421 14.735727
12.795611 14.715189
12.630561 14.654375
12.652231 14.598364
12.678798 14.567012
12.706802 14.469193
12.721821 14.422020
12.730980 14.425085
12.455546 14.451655
12.270591 14.369166
12.211250 14.294979
12.155993 14.412936
12.135348 14.446301
12.251899 14.752616
12.393787 15.073218
12.562079 15.065813
12.596759 15.073875
12.317026 14.717634
11.965107 14.488585
11.688268 14.297638
11.588719 13.718114
11.611110 13.740524
11.674061 13.822670
11.794752 13.979967
11.853733 13.979652
11.920693 14.004015
12.001105 13.945976
12.083524 13.782088
12.021107 13.758936
12.105478 13.795655
12.139638 13.781588
12.196416 13.850841
12.227469 13.947910
12.311471 13.990913
12.308592 14.059709
11.959146 13.576884
11.960353 13.476469
12.021504 13.331616
12.098915 13.396384
12.139396 13.405591
12.229472 13.383687
12.194757 13.302345
12.024779 13.278164
11.790475 13.093166
11.789213 12.953721
11.626747 13.004374
11.656351 13.105039
11.759225 13.277129
12.076114 13.615974
12.287837 14.028768
12.453889 14.207588
12.628897 14.385818
12.675730 14.387363
12.991316 14.497996
13.178554 14.869585
13.174078 14.972066
13.178806 15.154644
13.210107 15.263626
13.317684 15.331342
13.572323 15.592659
13.794571 16.202301
13.817949 16.261063
13.852698 16.318697
13.942305 16.508448
13.984815 16.563726
13.756505 16.355067
13.702955 16.276148
13.730352 16.259446
13.713107 16.344233
13.546564 16.307219
13.509819 16.322136
13.387699 16.123399
13.390696 15.877530
13.123159 15.646489
13.087719 15.580018
12.875215 15.493438
12.843910 15.383531
12.825568 15.280319
12.736015 15.172709
12.644391 15.086222
12.737579 14.999247
12.645401 14.882043
12.531740 14.889198
12.597309 14.923668
12.716709 14.963087
12.732717 14.910650
12.854860 14.960810
12.793056 15.060583
12.778594 15.040874
12.730983 15.000051
12.958753 15.110782
13.037627 15.176486
12.994137 15.060778
12.860695 14.821131
13.065055 15.235272
13.179798 15.494025
13.182407 15.525337
13.187715 15.558119
13.206980 15.494110
13.030880 15.464474
12.952155 15.490478
12.731110 15.086026
12.716014 15.082218
12.537582 14.847417
12.549280 14.808438
12.350526 14.392380
12.341148 14.142145
12.150668 14.180974
12.053298 13.885252
11.995515 13.301152
12.025599 13.198655
11.957197 13.002195
11.808178 12.910556
11.729711 12.849715
11.736825 12.796008
11.578068 12.714654
11.460782 12.399679
11.391245 12.245169
11.121326 11.877128
11.015145 11.393726
11.170636 11.474106
11.279769 11.519298
11.448925 11.587363
11.629291 11.738806
11.984050 11.858587
12.223135 11.967791
12.429946 12.213123
12.774646 12.473658
13.034988 12.787116
13.302245 13.203969
13.562380 13.405313
14.096813 13.491775
14.160091 13.754016
14.336406 13.879284
14.387564 13.929838
14.156251 13.625809
14.049568 13.423004
14.057489 13.454419
13.753431 13.553417
13.599583 13.321759
13.542629 13.378493
13.511551 13.372178
13.294922 13.259742
13.260923 13.207756
13.240194 13.229656
12.953337 13.059642
12.734497 13.100867
12.530308 13.028890
12.478264 13.053014
12.564681 13.109106
12.615351 13.064557
12.699589 13.133489
12.925385 13.361338
13.083445 13.591423
