0.313897
0.397585
0.547078
0.585397
0.634377
0.712774
0.776096
0.837967
1.132056
1.300010
1.618914
1.771667
2.059908
2.507245
2.540760
2.492538
2.302401
2.361701
2.487205
1.926659
1.535471
0.968516
0.542930
0.278182
0.433304
0.999915
1.433089
1.997938
2.384544
2.794553
3.356218
3.800533
4.217108
4.826436
5.189827
5.751709
6.135742
6.706990
7.060704
7.441937
7.974312
8.312137
8.861271
9.221198
9.622391
9.711922
9.810619
9.981156
10.046625
9.793359
9.641787
9.540333
9.469580
8.819254
8.357825
7.693836
7.058007
6.642343
6.222478
5.847552
5.254304
4.846081
4.475304
3.884039
3.473673
3.073692
2.508000
2.166076
1.759929
1.575920
1.477049
1.514340
1.676306
1.952424
2.351180
2.604879
2.888720
3.404938
3.514550
3.424900
3.011082
2.657107
3.014963
3.282453
3.317647
2.883565
2.631741
2.321370
2.055326
1.803624
1.636008
1.639352
1.797347
1.986835
2.246694
2.707182
3.046801
3.455042
4.060478
4.444939
5.095039
5.485059
5.891079
6.252497
6.790804
7.124343
7.432653
7.949701
8.363262
8.753074
9.129441
9.127578
9.213448
9.320312
9.494196
9.230986
9.144903
9.078256
9.072079
9.115924
9.188934
8.476701
8.043615
7.615246
7.193642
6.570422
6.134219
5.704072
5.095777
4.695872
4.295339
3.697056
3.289649
2.887764
2.504007
2.001424
1.724300
1.509082
1.378794
1.461817
1.652584
2.124270
2.470007
2.833255
3.364927
3.722501
3.934608
4.076445
3.824784
3.590056
3.130883
3.504049
3.672024
2.970115
2.403881
1.817139
1.266165
0.943191
0.696813
0.584894
0.834036
1.100262
1.444333
2.026923
2.450714
2.856529
3.255264
3.825986
4.269158
4.886708
5.330884
5.335766
5.328658
5.732581
6.133160
6.675223
7.047444
7.653673
8.055938
8.528053
8.581966
8.743537
9.056520
9.323625
9.082876
8.895079
8.709316
8.568577
8.582605
8.671095
8.791013
9.006771
9.153730
9.443013
9.688548
9.955812
10.375641
10.673625
11.140123
11.514226
11.774064
12.421083
13.094646
13.526535
13.525069
13.965334
13.776364
13.405057
12.790718
12.402346
12.045396
11.288582
10.955153
10.764780
10.581708
10.420522
10.189139
10.074455
9.994067
9.884168
9.834152
9.858619
9.804859
9.460610
8.670713
8.598099
8.857003
9.105072
9.355766
8.862298
8.767557
8.813602
8.883037
8.906285
8.977082
9.162347
9.361711
9.448617
9.696288
9.867762
10.005987
10.294353
10.493960
10.476009
10.427970
10.659120
10.872415
11.534438
12.120723
12.504803
13.043152
13.608145
13.598008
13.053308
12.744042
12.242792
11.919945
11.588561
10.712581
10.192650
9.450155
9.227591
9.010876
8.831450
8.676647
8.557297
8.408006
8.332192
8.278179
8.218960
8.198713
8.485311
8.731489
9.045542
8.497515
8.392651
8.381683
8.430276
8.514314
8.622034
8.574269
8.428991
8.432178
8.567599
8.846466
9.189448
9.441943
9.738461
10.262163
10.777938
11.339678
11.544176
12.021293
12.167517
12.681116
13.067062
13.372614
13.671168
13.610801
13.534132
12.858855
12.500188
12.097713
11.381592
11.342162
11.372019
10.832651
10.567384
10.202455
9.992953
9.711215
9.448006
9.307756
9.122477
9.033821
8.970053
8.790841
8.762693
8.951754
9.112879
9.337279
9.464420
8.958204
8.847264
8.829559
8.832301
8.848317
8.752674
8.727300
8.879091
9.027622
9.245130
9.553035
9.786136
10.073978
10.681248
11.482593
11.991947
12.587169
12.950247
13.500274
14.184877
13.589702
13.210809
12.650970
12.199881
11.804627
11.301820
11.210564
11.291071
11.515499
11.988939
12.356125
12.731781
13.065100
13.571190
13.575855
13.543327
13.511203
13.911056
14.521662
14.941915
15.579874
15.610820
16.018626
16.429983
17.058689
17.077760
17.075423
17.467173
18.026832
18.394218
18.981929
19.374083
19.977005
20.369909
20.705913
21.146549
21.494126
21.656785
21.710847
21.690017
21.945562
21.647443
21.374955
20.775464
20.311382
20.304062
20.363186
20.388547
19.726686
19.288242
18.836507
18.406244
17.783419
17.366059
16.939706
16.510605
16.090986
15.640519
15.064391
14.670839
14.704268
14.706478
14.681368
14.657845
14.707940
14.299570
13.934918
13.581683
13.101931
12.741708
12.402167
12.110137
11.909863
11.745867
11.674537
11.572251
11.567066
11.781003
12.210366
12.149109
12.527063
12.915493
13.465272
13.856348
13.315267
12.858138
12.362344
12.016033
11.837653
11.834770
11.841966
11.696258
11.637676
11.605536
11.792594
12.320646
12.692105
13.085051
13.495228
14.080155
14.268157
14.833793
15.233763
15.606347
15.977238
16.589371
17.019114
17.681979
18.310227
18.931605
19.533158
20.159219
20.826160
21.464296
21.911172
22.138468
22.190983
22.254361
22.372411
22.622081
22.417301
21.719712
21.706080
21.741809
21.291080
20.632122
19.993524
19.559352
18.931190
18.504186
17.857773
17.416088
17.002707
16.949768
16.902414
16.278112
15.829981
15.426286
14.996758
14.581856
13.982795
13.592512
13.158402
12.765102
12.416846
11.872732
11.514110
11.172807
10.876000
10.852129
11.052696
11.091198
11.081495
11.466618
11.837245
12.256909
12.549936
12.414128
11.916785
11.558363
11.421513
11.347118
11.365294
11.386163
11.521186
11.616965
11.896663
12.437612
12.809153
13.179252
13.572305
13.980453
14.029250
14.022471
14.442252
14.853419
15.239855
15.655654
16.058129
16.682434
17.074918
17.509261
18.185142
18.590164
19.046936
19.615516
20.017097
20.622943
21.037849
21.433413
21.840711
21.794290
21.344931
21.339900
20.934847
20.713044
20.070648
19.600478
18.750355
18.140667
17.738257
17.095704
16.692638
16.283933
15.835941
15.422401
15.029642
14.633261
14.018889
13.640770
13.274785
12.728066
12.359670
12.006041
11.636674
11.085764
10.756076
9.914811
9.179862
