0.343861
0.428805
0.536424
0.550766
0.571405
0.652040
0.484262
0.351308
0.358213
0.270953
0.288669
0.188732
0.181524
0.282544
0.308428
0.343005
0.102046
0.296952
0.774708
0.960057
0.820919
0.848925
0.992411
1.105537
1.143973
1.383755
1.507208
1.775585
1.842577
1.981415
2.088503
2.195502
2.213510
2.482362
2.516816
2.821150
2.793849
2.926262
2.974374
2.783697
2.959723
2.894979
3.062569
3.093631
3.294652
3.104031
2.939931
2.888883
2.800238
2.591479
2.332514
2.064615
1.768717
1.430570
1.164417
0.837420
0.683728
0.733771
1.049410
1.324363
1.775575
2.019347
2.288896
2.670469
2.908941
3.172634
3.588166
3.813639
4.146757
4.285681
4.483475
4.820956
5.017280
5.215702
5.629082
5.709453
5.868663
6.137144
6.254311
5.981888
5.776431
5.759339
6.077374
6.278370
6.504732
5.798225
5.163399
4.956186
4.840016
4.564398
4.279480
3.655380
3.318719
3.087716
2.792810
2.350209
2.095866
1.794834
1.297103
1.134864
0.978849
1.032992
1.083959
1.252631
1.522067
1.722131
1.898370
2.263754
2.510740
2.693957
3.014541
3.009243
3.204947
3.411659
3.600030
3.271055
3.077368
2.826734
2.726947
2.706467
2.643016
2.022087
1.756645
1.455733
1.300346
1.197631
1.217273
1.558500
1.999223
2.236374
2.412832
2.739549
2.985276
3.235627
3.468810
3.892113
4.106138
4.350006
4.809881
5.039749
5.237703
5.708046
5.819361
6.062209
6.402212
6.547548
6.747548
6.577082
6.402837
6.267587
5.885651
5.961028
6.063555
5.565807
5.018611
4.614335
4.142260
3.858073
3.645004
3.379681
2.872245
2.683395
2.378274
1.863608
1.558760
1.248102
0.965346
0.556490
0.500586
0.760544
1.035735
1.032619
0.973487
1.325449
1.684043
2.084963
2.399735
2.985042
3.361891
3.697492
3.702625
3.842301
4.293163
4.636471
4.276133
3.800565
3.313743
3.097414
3.089268
3.104629
3.238432
3.586617
3.799647
4.252671
4.601299
4.909990
5.442510
5.835780
6.369240
6.767241
6.952521
7.388053
7.763297
8.064615
7.741971
7.894451
8.003480
7.605372
7.140883
6.844135
6.661637
6.014148
5.479121
5.134196
4.825225
4.516038
4.044370
3.760801
3.491897
3.147953
3.011376
2.983640
2.917024
2.381921
1.509899
1.451967
1.939402
2.287823
2.685974
2.060679
1.589249
1.555063
1.588779
1.759274
2.038845
2.384513
2.711808
3.062671
3.610574
3.955649
4.358687
4.905095
5.365882
5.329781
5.287063
5.632628
6.031862
6.527656
6.837677
7.056955
7.404405
7.389489
6.901741
6.175136
5.671852
5.095794
4.779648
4.486038
4.010208
3.763323
3.242687
2.906130
2.542522
2.076511
1.638634
1.124194
0.652632
0.570893
0.694459
1.107260
1.515051
2.320443
2.835517
3.262400
2.563646
2.099137
1.894068
1.796817
1.797827
1.788531
1.814997
1.793095
1.888538
2.083598
2.476727
2.918953
3.138881
3.363583
3.868632
4.202022
4.454209
4.455804
4.602805
4.624316
4.839607
5.105681
4.850941
4.770872
4.737980
4.684395
4.154154
3.838040
3.533548
3.126481
3.235003
3.321407
2.737118
2.313645
1.655079
1.198143
0.579537
0.190402
0.544501
1.165150
1.583947
1.999950
2.640705
3.254369
3.943086
4.336380
4.972632
5.248313
4.592132
3.916867
3.413534
2.760231
1.987124
1.321837
0.669828
0.067398
0.433690
0.881898
1.510895
1.920724
2.329770
2.947104
3.546692
3.882217
4.182620
4.404466
4.709763
5.171000
4.534492
4.160056
3.736013
3.585820
3.509423
3.653584
3.983726
4.576331
5.086666
5.709881
6.108482
6.506790
6.896146
7.566951
7.551322
7.549279
7.550332
8.094544
8.881245
9.257452
9.828707
9.911719
10.397436
10.787592
11.430077
11.489653
11.731860
12.329053
12.868610
13.529761
14.495931
15.066176
15.936796
16.535858
16.830644
16.901828
16.882048
16.966283
17.115103
17.613641
18.867179
19.318500
19.943259
20.165154
19.983616
19.988624
19.958471
19.967884
19.430870
19.018642
18.607369
18.250247
17.616621
17.176144
16.715563
16.271894
15.852362
15.333483
14.681090
14.183677
14.313540
14.265725
14.244847
14.135514
13.989034
13.483474
13.077501
12.612992
12.071539
11.436127
10.928324
10.388383
9.504520
8.990071
8.692662
8.202970
7.384881
6.662653
6.015623
6.051427
5.457970
4.918137
3.656011
2.585779
2.587246
2.529104
2.614967
3.044131
3.678913
4.209170
5.100363
5.910578
6.485224
7.044487
7.817480
8.328202
8.665857
8.946821
9.356683
9.940102
10.349806
11.083951
11.636542
12.048347
12.576841
13.303233
13.794927
14.305364
15.026707
15.667575
16.287575
16.786498
17.270612
17.720302
17.682825
17.638892
17.735032
18.016742
18.361197
19.383694
19.908997
20.188945
20.619975
21.036693
21.336690
21.085967
20.628743
20.233274
19.715335
19.395927
18.801435
18.383121
17.977529
18.003114
17.984680
17.407853
17.003776
16.509428
15.963525
15.511785
14.790612
14.406801
13.991533
13.332883
12.759590
11.991860
11.511999
10.953759
10.443162
9.457621
8.687287
8.784486
8.581233
7.642546
6.775262
6.248282
5.873091
5.435254
5.736379
6.237799
6.745071
7.312260
7.917709
8.506862
9.398848
9.764690
10.278596
10.868202
11.251322
11.739532
12.168435
12.484993
12.492701
12.359084
12.743999
13.205737
13.756956
14.128587
14.613777
15.299141
15.775234
16.244175
16.955819
17.550779
18.150214
18.783805
19.205036
19.634951
19.915898
20.340295
20.780632
20.543290
20.414839
20.504282
20.534029
20.659062
20.956883
20.918292
20.323609
19.619121
19.036824
18.262640
17.655894
17.035276
16.398032
15.734070
15.171032
14.586529
13.811131
13.152366
12.565457
11.807159
11.347728
10.771434
10.235426
9.446015
8.892225
7.188354
5.668467
