1.999475 1.995815
2.007137 2.006189
2.008977 2.017084
2.009364 2.039508
2.015982 2.071023
2.012348 2.120848
2.017197 2.181803
2.022463 2.252532
2.026301 2.338720
2.038519 2.425196
2.008256 2.520329
1.924721 2.599473
1.926604 2.733323
1.953270 2.869586
2.004916 2.876636
2.067412 2.748380
2.251502 2.733045
2.310090 2.904325
2.314974 3.044971
2.305643 2.942138
2.207292 2.855810
2.169378 2.835585
2.153836 2.823018
2.209266 2.889862
2.322474 3.030298
2.454158 3.196679
2.597339 3.340655
2.743158 3.502129
2.839889 3.640806
2.958178 3.792261
3.123152 3.935293
3.293043 4.030105
3.444044 4.131956
3.640518 4.366389
3.847875 4.583118
4.015254 4.794736
4.232055 5.064954
4.451391 5.411877
4.715461 5.722090
4.982875 6.022629
5.210705 6.291973
5.431112 6.562770
5.652999 6.745506
5.894899 7.041760
6.028044 7.225136
6.074077 7.303410
6.152431 7.411483
6.240384 7.521043
6.232340 7.557614
6.112190 7.389062
6.019278 7.150037
5.575100 6.858240
5.407981 6.676179
5.231384 6.377398
5.052686 6.073612
4.927231 5.906357
4.764944 5.745374
4.727151 5.627724
4.734067 5.596582
4.739903 5.602824
4.691933 5.513333
4.544905 5.393648
4.517740 5.347830
4.479463 5.409234
4.531023 5.449809
4.596686 5.533576
4.545605 5.497936
4.541427 5.536438
4.590294 5.646204
4.627220 5.726264
4.756321 5.734357
4.874173 5.863389
4.987728 5.959842
5.121895 6.016003
5.308745 6.169303
5.452954 6.335648
5.465171 6.409649
5.610754 6.247181
5.481240 5.970230
5.222485 5.559048
5.214873 5.569482
5.362346 5.913764
5.658807 6.533366
5.802400 6.893421
5.768042 6.967345
5.182412 6.046402
4.816524 5.394216
4.687889 5.273358
4.611224 5.142059
4.554538 5.088886
4.464709 5.025873
4.338827 4.977413
4.148881 4.869832
4.077088 4.664280
3.960174 4.483688
3.886086 4.403521
3.872029 4.286399
4.029941 4.443171
3.990026 4.376574
3.963528 4.342229
3.904649 4.249515
3.908187 4.232338
4.045561 4.286935
4.060203 4.292590
3.917738 4.061763
4.000038 4.119497
4.083850 4.183802
3.991986 4.123196
3.926649 3.981850
3.976693 4.065473
3.605437 3.849769
3.312513 3.592775
3.233873 3.479478
2.976195 3.222857
3.008811 3.208190
2.564725 3.025115
2.471163 2.851793
2.200146 2.747713
2.003496 2.637899
1.937237 2.503321
1.744236 2.165338
1.700105 1.950114
1.609784 1.779459
1.609840 1.611980
1.529749 1.584018
1.530403 1.635205
1.631900 1.656493
1.735491 1.781045
1.874469 1.916367
2.037240 2.102364
2.164179 2.297615
2.277991 2.534354
2.424338 2.672981
2.555672 2.789287
2.679219 2.897295
2.813151 2.908123
2.928526 2.915507
2.895697 2.904850
2.801656 2.889279
2.834835 2.960078
2.790997 2.971406
2.674677 3.055750
2.655471 3.117777
2.734940 3.125370
2.808427 3.097653
2.914830 3.133866
2.720208 2.827485
2.020476 2.276669
2.067832 2.023454
2.358419 2.092361
2.439474 2.298453
2.696148 2.617169
3.023837 2.972999
2.829308 2.595280
2.489835 2.220265
2.432626 2.177844
2.110407 2.163564
2.091884 2.164623
1.839152 2.098421
1.828762 2.083684
1.808531 2.077574
1.897011 2.222277
1.966857 2.356947
2.029372 2.472929
1.997613 2.484651
1.898643 2.395218
1.757605 2.377912
1.774874 2.323720
1.809326 2.338327
1.661099 2.288999
1.525063 2.177095
1.267305 1.717527
1.275988 1.377967
1.333307 1.332395
1.271024 1.252312
1.272134 1.239091
1.308769 1.345251
1.367183 1.535971
1.486339 1.782374
1.392970 1.913991
1.219050 1.810961
1.128755 1.773754
1.121901 1.749175
1.292959 1.764860
1.156526 1.544095
1.014468 1.372897
0.979704 1.201044
1.055228 1.218664
1.172443 1.250074
1.274066 1.350546
1.416021 1.412805
1.597329 1.565842
1.763692 1.707407
1.968189 1.895037
2.229764 2.147148
2.416870 2.362733
2.647151 2.511579
2.823881 2.641206
2.926828 2.743843
3.110025 2.727487
3.132230 2.520271
3.239407 2.364929
3.745048 2.184288
4.304900 2.279803
4.765119 2.329203
5.151121 2.455126
5.345910 2.592031
5.407096 2.610412
5.518099 2.712896
5.682352 2.763721
5.767824 2.785491
5.703079 2.738880
5.586245 2.686113
5.490561 2.646540
5.398011 2.646240
5.351143 2.736204
5.350863 2.868667
5.356061 3.010980
5.398397 3.142120
5.423446 3.295084
5.238317 3.352551
4.911931 3.206053
4.518497 2.933048
4.375434 2.886892
4.437573 2.990218
4.242171 2.834637
3.783549 2.488001
3.077511 1.992322
2.281857 1.541529
1.720884 1.400914
1.354746 1.274763
1.286102 1.226623
1.391345 1.314400
1.525688 1.517653
1.658450 1.627543
1.813986 1.803076
1.897440 1.861948
2.042438 2.042574
2.186799 2.257478
2.357341 2.442531
2.499038 2.590777
2.530271 2.650779
2.478029 2.564210
2.212023 2.242194
1.947892 1.928801
1.842198 1.854072
1.830224 1.749747
1.837840 1.674552
1.983440 1.708895
2.238896 1.974333
2.644615 2.134322
3.003178 2.398138
3.428121 2.706148
3.908355 3.167012
4.517853 3.659005
4.759680 3.926023
4.658154 3.973136
4.642827 4.081789
4.678307 4.254459
4.570265 4.098661
4.492597 3.916480
4.521645 3.741333
4.504589 3.603068
4.503428 3.467658
4.477457 3.346365
4.557089 3.302844
4.276363 3.179937
3.816809 2.864659
3.071826 2.474478
2.056830 1.933741
1.300205 1.411036
1.107887 1.219511
1.010595 1.271881
1.029192 1.342401
1.143974 1.229873
1.069996 1.121706
1.007848 1.173363
1.038348 1.273262
1.135752 1.356623
1.217335 1.500523
1.424034 1.792370
1.595430 1.935274
1.881917 2.317054
2.247644 2.680214
2.710621 3.080633
3.011399 3.167034
3.276384 3.199109
3.391185 3.122465
3.406576 3.016785
3.452413 2.910501
3.570976 2.862159
3.422992 2.696910
3.369089 2.516590
3.398354 2.601356
3.411765 2.542151
3.466564 2.613436
3.535135 2.586869
3.653015 2.600595
3.715482 2.710780
3.851626 2.836503
3.927616 3.033622
3.938660 3.150841
3.910310 3.228764
3.729811 3.199532
3.519544 3.147979
3.187899 3.025594
2.941949 2.818126
2.712327 2.582498
2.567913 2.472004
2.517475 2.430066
2.430405 2.446996
2.409612 2.530865
2.417236 2.656948
2.453890 2.679934
2.330896 2.611829
1.951132 2.296927
1.417310 1.872096
1.235596 1.579726
1.021568 1.243696
0.800807 1.085708
0.762639 1.080115
0.737697 1.138081
0.935733 1.144850
0.933927 1.084673
0.926512 1.040468
0.964363 1.197079
1.109630 1.457087
1.238245 1.715355
1.401073 1.955099
1.487004 2.135294
1.603326 2.222575
1.575129 2.159078
1.529954 2.079623
1.554326 2.095880
1.486259 2.150436
1.559341 2.246031
1.775574 2.546985
1.902672 2.589257
1.967736 2.558242
1.954304 2.517132
2.020893 2.420937
2.509977 2.497435
2.679060 2.656558
3.017858 2.792755
3.210388 2.979051
3.022213 3.015683
2.721587 2.915337
2.709741 2.994026
2.813574 3.049772
2.959575 3.041085
3.018475 3.287967
3.047261 3.464088
3.256794 3.650092
3.513292 3.758098
3.920819 3.914981
4.386272 3.979475
4.608415 3.579936
4.467877 3.037745
3.652073 2.411502
2.706049 2.000114
2.094696 1.687541
1.833415 1.447736
2.157717 1.635235
2.241719 1.556318
2.440544 1.565749
2.619727 1.521188
2.798599 1.551491
2.670890 1.459010
2.492409 1.377489
2.556991 1.370362
2.709046 1.408756
2.910321 1.428554
3.032255 1.571032
3.147386 1.688308
3.273964 1.880405
3.320128 2.054682
3.362606 2.414942
3.587054 2.877431
3.726287 3.189002
3.711472 3.360921
3.634325 3.243178
3.578990 3.233602
3.454252 3.118481
3.262002 2.995977
3.102246 2.960743
3.002276 2.963774
2.956148 2.889970
2.808918 2.772552
2.578446 2.545766
2.500438 2.430175
2.394676 2.315338
2.227439 2.162573
2.093101 2.052515
2.058532 2.076041
2.106210 1.913898
2.079226 1.742729
2.000242 1.642024
1.762254 1.477486
1.578808 1.465971
1.403841 1.365746
1.264264 1.335679
1.141513 1.510410
1.034751 1.495612
0.799128 1.476101
0.904349 1.503874
0.992345 1.467321
1.089891 1.486548
1.119031 1.496760
1.202150 1.496877
1.407002 1.683732
1.648326 1.861640
1.852376 2.007917
2.051482 2.127467
2.114864 2.201665
2.183362 2.394572
2.337488 2.654083
2.403302 2.766413
2.495673 3.069327
2.763660 3.386371
3.089840 3.659050
3.550575 3.888104
3.814327 4.098000
4.002663 4.239528
3.805457 4.191931
3.153809 3.575088
2.478180 2.608879
1.944262 1.489534
1.531602 1.136645
1.400561 0.992974
1.515903 1.078421
1.736522 1.277064
1.927302 1.466806
2.190570 1.715284
2.316231 1.886566
2.315202 1.943521
2.534338 2.078849
3.190822 2.477075
2.985012 2.496241
2.270973 2.135814
1.643967 1.589408
1.156724 1.022827
0.916705 0.835153
0.949273 0.816524
0.946657 0.676269
1.028144 0.659653
1.074878 0.668141
1.115074 0.686688
1.106894 0.709164
1.088632 0.780364
1.098176 0.919471
1.063965 1.047099
1.055797 1.236692
1.023098 1.425263
0.935839 1.545947
0.990796 1.733362
1.056643 1.893912
0.980056 1.895798
1.054287 1.826105
1.035754 1.670508
1.104035 1.645715
1.135460 1.635764
1.139722 1.688472
1.128885 1.638014
1.155936 1.701785
1.053218 1.619422
0.996094 1.562228
1.049774 1.604309
1.169513 1.746091
1.393688 1.955558
1.604579 2.058006
1.852140 2.171928
2.084458 2.226110
2.247060 2.222147
2.373043 2.094883
2.221655 1.827806
1.787628 1.419161
1.342590 1.216257
1.227876 1.135221
0.861047 0.995780
0.696786 0.952763
0.618077 0.920177
0.657449 0.993571
0.691802 0.935030
0.700497 0.983099
0.592709 0.992866
0.565694 1.067248
0.541831 1.125284
0.593044 1.336944
0.663583 1.483760
0.785119 1.682799
0.964501 1.863389
1.267721 1.932356
1.507583 1.870021
1.604641 1.951317
1.672978 1.850877
1.678191 1.783071
1.836067 1.848799
2.129125 2.090203
2.126552 2.071094
1.651704 1.722165
1.335561 1.131947
1.173890 0.964685
1.215212 0.934643
1.365446 0.990441
1.519925 1.061456
1.561358 1.126300
1.508251 1.146622
1.496815 1.156146
1.454268 1.112831
1.273100 1.091452
1.171887 1.043545
1.158323 1.010661
1.152972 0.903918
1.139315 0.834460
1.042277 0.723967
1.005728 0.698576
1.072888 0.664590
1.157171 0.653790
1.230349 0.678104
1.308630 0.703480
1.432975 0.746634
1.534787 0.824028
1.722198 0.931908
1.857585 1.022818
1.922395 1.117524
1.980457 1.225818
2.029643 1.348456
1.912569 1.482822
1.773580 1.551529
1.642533 1.625896
1.465500 1.654885
1.325347 1.705432
1.228732 1.651049
1.143427 1.528022
1.038407 1.179585
0.823275 1.037490
0.636521 0.867041
0.656491 0.900821
0.777091 1.058619
0.959939 1.275597
1.163344 1.483126
1.308647 1.691635
1.395803 1.751137
1.373623 1.768304
1.186367 1.543028
0.912231 1.309481
0.612979 1.097155
0.507021 0.863131
0.507072 0.808921
0.501651 0.799038
0.539705 0.833697
0.553462 0.859472
0.523412 0.918173
0.524641 0.975028
0.531110 1.136559
0.552984 1.368226
0.597330 1.700765
0.726650 2.082784
0.861208 2.400491
1.304974 3.095485
1.797550 3.813391
