20
2460
2510
2550
2590
2630
2680
2720
2780
2820
1930
2470
2520
2570
2610
2660
2700
2750
2800
2820
1930
2470
2510
2560
2590
2640
2700
2750
2800
2860
1940
2480
2530
2580
2620
2680
2720
2770
2840
2890
1930
2460
2510
2560
2620
2650
2680
2730
2800
2840
1940
2450
2530
2550
2580
2650
2710
2730
2780
2840
1930
2450
2520
2560
2590
2650
2700
2730
2810
2810
1920
2450
2510
2560
2580
2660
2670
2740
2800
2850
1930
2450
2520
2540
2610
2630
2700
2720
2780
2840
1900
2450
2500
2550
2600
2630
2680
2730
2770
2820
1910
2450
2510
2530
2620
2630
2710
2730
2800
2820
1950
2450
2490
2570
2580
2650
2670
2750
2780
2840
1900
2440
2510
2530
2610
2620
2660
2730
2760
2840
1910
2460
2510
2530
2600
2620
2680
2720
2760
2860
1900
2440
2500
2520
2580
2640
2660
2740
2770
2820
1910
2430
2500
2540
2590
2630
2660
2700
2800
2800
1910
2470
2470
2530
2600
2610
2660
2740
2750
2810
1910
2450
2490
2580
2590
2630
2690
2730
2750
2850
1890
2420
2520
2510
2570
2640
2660
2700
2780
2790
1890
2450
2480
2530
2570
2640
2660
2710
2790
2800
1900
2450
2470
2510
2560
2640
2650
2700
2800
2810
1900
2450
2490
2520
2570
2650
2660
2720
2790
2810
1900
2420
2520
2520
2570
2620
2670
2710
2740
2840
1890
2410
2460
2560
2560
2610
2660
2720
2750
2810
1950
2420
2460
2530
2570
2650
2710
2740
2800
2860
1940
2470
2530
2580
2630
2680
2720
2760
2780
2840
1920
2480
2520
2550
2600
2670
2710
2740
2770
2860
1930
2450
2520
2580
2550
1900
1870
1900
1940
1970
1250
1680
1720
1740
1780
1820
1840
1890
1910
1950
1270
1700
1730
1760
1790
1830
1860
1890
1930
1960
1260
1690
1710
1750
1780
1820
1840
1890
1920
1950
1270
1700
1730
1770
1790
1830
1860
1890
1930
1960
1260
1690
1720
1750
1780
1810
1860
1890
1910
1960
1260
1700
1720
1740
1780
1810
1850
1880
1920
1960
1280
1690
1730
1760
1800
1830
1860
1890
1930
1960
1270
1680
1720
1770
1780
1820
1850
1880
1920
1950
1260
1680
1730
1750
1790
1820
1850
1880
1910
1950
1280
1700
1730
1760
1800
1840
1860
1900
1940
1970
1280
1700
1730
1760
1800
1830
1860
1900
1930
1960
1280
1700
1730
1760
1800
1830
1860
1900
1940
1970
1260
1680
1740
1750
1780
1830
1840
1890
1910
1960
1280
1700
1730
1760
1810
1830
1860
1900
1940
1960
1280
1700
1740
1760
1800
1820
1870
1900
1930
1980
1260
1690
1720
1750
1780
1820
1850
1900
1920
1960
1280
1700
1730
1760
1790
1840
1880
1890
1940
1960
1280
1710
1740
1770
1790
1850
1860
1890
1930
1970
1270
1700
1720
1750
1790
1820
1850
1890
1920
1960
1260
1700
1720
1750
1790
1820
1860
1890
1920
1990
1270
1700
1740
1760
1800
1830
1860
1900
1930
1980
1270
1700
1740
1760
1790
1830
1860
1900
1930
1970
1280
1720
1740
1770
1800
1840
1870
1900
1940
1980
1280
1700
1730
1760
1790
1840
1860
1900
1930
1970
1280
1700
1740
1770
1790
1830
1870
1890
1940
1970
1270
1720
1720
1770
1800
1840
1870
1890
1930
1970
1270
1700
1730
1770
1790
1830
1870
1890
1940
1960
1280
1710
1740
1770
1800
1840
1870
1910
1940
1970
1250
