2.016779 2.080623
2.028897 2.129959
2.027635 2.244091
2.078931 2.372564
2.151039 2.595514
2.273532 2.909839
2.488431 3.175301
2.749086 3.411919
3.012804 3.657015
2.953136 3.847923
2.933471 4.055388
2.966318 4.360299
2.991021 4.591135
2.849440 4.756020
2.736350 4.884197
2.733348 5.068112
2.575207 5.277466
2.743695 5.490799
2.953080 5.601294
2.986444 5.655384
2.984821 5.686837
2.699060 5.405048
2.384214 5.059116
2.234538 4.814791
2.188843 4.574037
2.130560 4.105745
2.157397 3.898031
2.187315 3.795291
2.213883 3.785568
2.223023 3.753325
2.354742 3.715688
2.377612 3.708902
2.448601 3.912442
2.694024 4.181858
2.965255 4.495066
3.390799 4.928478
3.901511 5.313474
4.569667 5.667740
5.264902 5.995704
5.960547 6.177585
6.428157 6.192483
6.726505 6.168598
6.784702 6.069246
6.621521 5.762070
6.436405 5.410657
6.252954 5.118984
6.194700 5.134619
6.231915 5.276180
6.054020 5.384167
5.714286 5.433935
5.198294 5.336480
4.836152 5.117161
4.105970 4.920983
3.386038 4.753284
2.987346 4.689209
2.252821 4.680577
2.109783 4.487452
2.146098 4.312784
2.137292 4.273671
2.304919 4.308170
2.409152 4.201836
2.398709 3.901144
2.247670 3.815347
2.058181 3.478043
1.887719 3.202489
1.777330 3.075071
1.792315 3.011406
1.809662 3.049602
1.892709 3.036238
1.963889 3.127172
2.115813 3.249648
2.196151 3.380992
2.286264 3.496683
2.422543 3.680999
2.646079 3.932047
3.016589 4.298415
3.545612 4.623755
4.096265 5.040816
4.623855 5.324691
5.115809 5.534785
5.487709 5.702918
5.971320 5.838281
6.446599 6.006922
6.954479 6.188655
7.463083 6.411280
7.965707 6.595751
8.379903 6.918769
8.884996 7.095103
9.279427 7.316167
9.746646 7.506087
10.244914 7.808748
10.705747 8.069261
11.183671 8.326207
11.702206 8.531506
12.184045 8.745399
12.742731 9.000441
13.194725 9.220760
13.594259 9.427360
13.891782 9.731790
14.326455 9.966280
14.704069 10.217443
14.898844 10.437308
15.065850 10.458540
15.062977 10.421649
14.966947 10.306822
14.827553 10.187629
14.804131 10.076058
14.757267 9.956678
14.769978 9.891454
14.790163 9.938344
14.832469 9.951670
14.894844 9.897514
14.968201 9.907398
15.061638 9.881042
15.004963 9.888120
14.975591 9.948428
15.027504 9.932765
15.140455 10.071188
15.209734 10.044920
15.224085 10.167663
15.246903 9.997700
15.339379 10.023461
15.399186 10.073482
15.445498 10.212250
15.616055 10.339419
15.666180 10.246962
15.684402 10.117805
15.663808 10.015890
15.546252 9.824525
15.464338 9.599363
15.457293 9.509560
15.145546 9.281830
14.952142 9.067302
14.929312 9.000325
14.818703 8.941514
14.614104 8.531614
14.546327 8.657492
14.343818 8.489334
14.172917 8.483662
14.147786 8.376582
13.954646 8.384003
13.834031 8.279648
13.533198 8.245402
13.298533 7.952647
12.977209 7.978195
12.748428 7.861862
12.508053 7.962919
12.283955 7.870221
12.081065 7.923799
11.768903 7.920721
11.106057 7.973943
10.696805 7.955355
9.920778 7.895211
9.537383 7.925394
9.279765 7.846983
9.203978 7.913333
8.912902 8.060851
8.952607 8.176459
8.943666 8.330641
8.976121 8.530409
9.333685 8.843443
9.881244 9.339133
10.201154 9.828048
10.832876 10.199269
11.213062 10.850113
11.577986 11.464857
11.669270 11.657014
11.552337 11.671618
11.157929 11.632222
10.525936 11.640742
10.398170 11.477266
10.373030 11.347873
10.033608 11.042804
9.881107 10.939598
9.550417 10.681654
8.535362 10.277192
8.080184 10.039253
7.554232 9.770028
7.535271 9.775593
7.348227 10.029253
7.485695 10.200832
7.733370 10.509320
8.215334 10.991490
8.431229 11.457641
8.486102 11.522405
7.927272 11.409902
7.499540 11.351315
7.513602 11.318438
7.579255 11.291857
7.426241 11.324586
7.554863 11.295939
7.701451 11.407635
7.930594 11.537500
8.124871 11.632523
8.359522 11.568164
8.455346 11.616306
8.465829 11.441802
8.345447 11.026858
7.959286 10.923672
7.865099 10.749955
7.617778 10.418624
7.169787 9.980210
6.391081 9.583958
6.051243 9.359957
5.934264 9.240776
5.900823 9.141218
5.864453 8.943147
5.779485 8.926923
5.880803 9.034819
5.876247 8.999676
5.782846 8.913335
5.817501 8.883929
5.813454 8.996898
5.906133 9.171967
5.808482 9.411407
5.976180 9.683088
6.053303 10.053357
6.198250 10.302484
6.184571 10.554097
6.310250 10.852272
6.391005 10.988879
6.427017 10.873386
6.346991 10.808867
6.324005 10.603778
6.525650 10.689725
6.693532 10.823404
6.787388 10.938124
6.854206 11.027207
6.795509 10.944861
6.668207 10.713572
6.530287 10.502677
6.310232 10.356274
6.287948 10.208850
6.323618 10.276387
6.403235 10.401654
6.115727 10.393902
6.033847 10.521181
6.189505 10.577156
6.230580 10.569047
6.137777 10.537369
6.268336 10.415376
6.244651 10.221840
6.281619 9.963278
6.495130 9.919297
6.576049 9.906767
6.787677 10.063863
7.144752 10.367710
7.501164 10.588159
7.738252 10.748996
7.845983 10.915931
7.779249 10.921339
7.652780 10.804692
7.466803 10.502567
7.360905 10.317397
7.292336 10.178020
7.184225 10.230270
7.237486 10.496293
7.303117 10.430502
7.282686 10.335938
7.070465 10.318445
6.889562 9.891467
6.831782 9.722614
6.686528 9.743445
6.579632 9.659724
6.546350 9.786878
6.470177 9.987209
6.471999 10.216463
6.377387 10.373899
6.376179 10.597118
6.409699 10.900554
6.436809 10.912974
6.351127 10.894280
6.317843 10.926731
6.535963 11.059726
6.848373 11.415141
7.289296 11.829380
7.683341 12.250454
8.042835 13.075095
8.316977 13.440584
8.465635 13.722780
8.397190 13.790096
8.298701 13.726920
8.125007 13.453322
7.956605 13.206741
7.610344 13.071220
7.415653 13.179812
7.300926 13.157468
7.110349 13.010840
6.898076 12.829504
6.820961 12.560470
6.701189 12.405862
6.495286 12.256040
6.439592 12.064232
6.454576 11.808136
6.576815 11.722673
6.605280 11.581158
6.652090 11.617003
6.836315 11.744073
7.239719 12.406617
7.599369 12.691310
7.874376 12.807598
7.831887 12.810708
8.006721 12.858868
8.017499 12.835984
7.938036 12.759322
7.587352 12.473384
7.448075 12.178952
7.319221 12.097566
7.276223 12.096101
7.337024 12.167596
7.426742 12.209576
7.458843 12.273292
7.453533 12.185353
7.448580 11.888294
7.196299 11.606324
6.984697 11.222524
6.702060 10.742366
6.587439 10.333173
6.537670 10.445861
6.383265 10.359925
6.327178 10.404793
6.310905 10.286885
6.122172 10.345002
6.059492 10.384703
5.948341 10.195285
5.921703 9.939141
5.899714 9.876559
5.879697 9.794852
5.899720 9.630989
5.956947 9.637642
5.844451 9.484372
5.778372 9.235913
5.797383 9.018777
5.759199 8.767469
5.823367 8.397874
5.943809 8.431643
