30
30
50
40
50
40
50
50
40
70
60
70
60
90
80
90
90
100
120
150
140
170
180
180
180
180
210
200
200
210
200
200
200
210
220
220
220
230
220
240
250
250
240
250
250
240
250
250
260
260
270
260
260
270
260
260
260
270
260
270
260
260
260
290
280
280
290
280
280
280
290
310
300
310
310
310
310
300
300
320
320
320
320
330
320
330
320
320
320
330
330
320
320
320
330
320
330
320
320
330
320
320
330
320
330
320
320
350
340
350
340
370
370
360
390
390
380
390
390
380
400
380
390
390
380
390
390
380
390
410
410
430
430
420
440
430
430
430
430
430
460
450
460
480
480
480
480
480
480
480
490
480
480
480
480
480
490
470
480
490
480
480
480
480
480
480
510
490
500
510
500
500
500
500
500
500
530
530
520
530
530
520
530
530
550
550
550
550
550
550
550
550
550
550
540
560
540
550
550
550
580
570
580
570
570
580
570
580
570
600
600
600
600
600
610
620
620
620
620
620
620
620
650
670
670
670
670
670
670
670
670
670
670
670
670
670
670
670
700
720
730
730
720
720
730
750
750
750
750
750
750
750
750
750
750
760
750
750
750
750
750
750
760
750
750
750
750
780
780
780
770
780
780
780
780
770
780
780
770
780
780
780
800
830
840
830
830
840
860
860
860
860
870
860
860
860
860
870
860
860
860
860
860
860
860
860
860
860
860
860
870
860
860
860
870
860
860
860
860
890
890
900
880
900
890
890
920
920
920
920
930
910
950
950
950
950
