0.372285
0.441016
0.447873
0.390752
0.292609
0.138203
0.086321
0.326855
0.575702
0.887352
1.126746
1.393340
1.757298
2.128736
2.478460
2.865552
3.453904
3.976678
4.743588
5.173851
5.238005
5.278179
5.016079
4.624539
4.245112
3.763499
3.241384
2.798863
2.394752
1.948152
1.404669
0.681347
0.323071
1.164769
1.973565
2.399438
2.824355
3.207371
3.664741
4.021083
4.127542
4.070867
3.772276
3.362729
2.870885
2.412644
1.982423
1.533684
0.976108
0.536903
0.166461
0.311188
0.755308
1.301312
1.913739
2.598273
3.207475
3.577272
3.767490
3.833107
3.998691
4.084739
4.383738
4.502760
4.372245
4.166883
3.843717
3.470124
3.061421
2.723261
2.609948
2.413756
2.186665
1.894387
1.529726
1.688465
2.209438
2.809563
3.241009
3.532581
3.810281
4.111819
4.437971
4.697427
5.177356
5.665144
6.345970
7.000985
7.679673
8.321231
8.943926
9.564814
10.146484
10.938728
11.501258
12.103476
12.637308
13.186391
13.593116
14.184267
14.680774
15.011179
15.194455
15.107096
14.765235
14.289874
13.738346
13.226331
12.648960
12.076175
11.444847
10.849380
10.196692
9.630919
9.060862
8.512774
7.906555
7.251583
6.769679
6.231339
5.663633
5.076267
4.462021
3.958529
3.459481
3.119197
2.769867
2.719025
2.964299
3.389306
3.594609
3.659147
3.906334
4.123020
4.261623
4.501014
4.819983
4.953693
5.104680
5.250747
5.535318
5.516135
5.803743
5.897163
6.294252
6.653341
6.941438
7.357307
7.769714
8.241767
8.694054
8.851538
8.831797
8.812796
8.915880
8.886975
9.169318
9.313592
9.533297
9.809512
9.995739
10.508714
10.726142
10.948020
11.023171
11.009681
10.825802
10.771663
10.626919
10.552966
10.543404
10.508308
10.091151
9.623160
8.987676
7.897132
7.405330
6.437606
5.858441
5.163258
4.536124
4.045649
3.689861
3.326851
3.116086
2.836931
2.756146
2.803240
2.972675
3.292232
3.686933
3.911259
4.271013
4.539811
4.532277
4.738194
5.058936
5.563690
6.037575
6.359107
6.329844
6.434460
6.125072
6.028601
5.655404
5.345925
4.865566
4.612562
4.217181
4.109874
3.635125
3.253620
3.018991
2.760740
2.890432
2.677750
2.589284
2.513878
2.411541
2.288106
2.143045
2.354367
2.625373
2.748165
3.084514
3.498184
3.869262
4.070701
4.202853
4.114320
3.879702
3.821706
3.662116
3.582159
3.558410
3.623849
3.823104
4.053557
4.366985
4.741094
5.031966
5.354244
5.825583
6.276284
6.796414
7.335910
7.827428
8.244495
8.724003
9.234433
9.734589
9.945040
10.057187
9.870922
9.468171
9.160650
8.830606
8.520518
8.194106
7.696199
7.309509
6.842417
6.587085
6.308199
5.986792
5.559743
5.156884
4.819995
4.483776
4.119354
3.979389
3.840585
3.907017
4.102033
4.497216
4.714063
4.951920
5.396327
5.745032
5.792684
5.737815
5.697390
5.694568
5.717473
5.809622
5.678963
5.852479
6.052420
6.302673
6.611316
7.198040
7.559987
8.115895
8.535024
8.739096
8.990329
9.268952
9.649380
10.006415
10.431132
10.765654
11.102755
11.483113
11.741168
11.919129
12.176141
11.984485
11.583354
11.164690
10.770540
10.346336
9.926760
9.498189
9.049608
8.716518
8.430426
8.026303
7.831087
7.707691
7.478352
7.305090
7.006641
6.780890
6.627070
6.449849
6.423998
6.405354
6.198505
5.742969
5.353244
4.938008
4.418448
3.904194
3.312319
2.841433
2.397695
