2420
2410
2430
2420
2430
2430
2440
2440
2430
2540
2360
2350
2360
2350
2350
2350
2340
2360
2360
2430
2350
2360
2350
2360
2370
2360
2360
2360
2350
2450
2360
2370
2360
2370
2340
2360
2360
2320
2340
2440
2360
2330
2350
2350
2350
2360
2350
2350
2370
2450
2350
2350
2370
2340
2380
2360
2360
2340
2350
2450
2390
2360
2360
2350
2360
2370
2360
2350
2350
2450
2340
2350
2350
2350
2340
2350
2370
2360
2350
2440
2350
2350
2600
2390
2360
2340
2360
2370
2350
2460
2360
2360
2360
2360
2350
2360
2370
2370
2360
2470
2380
2380
2400
2370
2380
2380
2390
2380
2380
2470
2380
2380
2390
2370
2380
2370
2390
2400
2410
2490
2400
2410
2410
2410
2420
2380
2420
2420
2420
2520
2410
2400
2440
2430
2430
2440
2420
2430
2430
2530
2420
2430
2440
2410
2420
2440
2430
2440
2430
2550
2420
2420
2410
2420
2430
2430
2430
2420
2440
2520
2440
2430
2410
2410
2430
2420
2440
2460
2460
2570
2490
2500
2470
2470
2440
2460
2500
2450
2450
2540
2430
2420
2420
2430
2440
2460
2470
2470
2470
2570
2480
2450
2450
2470
2460
2470
2480
2460
2430
2520
2420
2410
2440
2460
2460
2460
2460
2450
2430
2520
2440
2430
2450
2440
2420
2440
2440
2430
2410
2520
2470
2450
2450
2490
2450
2450
2470
2500
2460
2560
2450
2430
2440
2450
2450
2450
2440
2450
2440
2520
2460
2440
2450
2430
2450
2450
2430
2460
2420
2530
2430
2450
2440
2440
2430
2430
2440
2450
2450
2560
2470
2480
2470
2470
2440
2440
2420
2420
2460
2560
2460
2460
2470
2460
2460
2470
2460
2410
2400
2450
2380
2360
2370
2350
2380
2370
2380
2390
2410
2480
2370
2370
2390
2380
2360
2360
2350
2310
2350
2440
2320
2330
2360
2380
2380
2370
2370
2360
2370
2450
2360
2370
2370
2380
2350
2340
2320
2320
2280
2420
2330
2330
2320
2330
2320
2340
2330
2340
2340
2430
2330
2330
2330
2330
2350
2340
