0.373724
0.449216
0.418509
0.296253
0.217624
0.296235
0.310264
0.374977
0.373576
0.585813
0.613145
0.616421
0.547094
0.528809
0.512642
0.381287
0.638344
0.922566
1.288096
1.590092
1.944831
1.987013
1.654385
1.292515
1.075347
0.870186
1.046236
1.303555
1.658472
2.134130
2.699995
3.132421
3.611158
4.095460
4.588825
5.105870
5.535410
5.752605
5.856768
5.985042
5.983141
5.853140
5.370998
4.645413
3.875628
3.210998
2.808960
2.466453
2.171201
2.016907
1.883135
1.969999
1.978596
2.028721
1.989114
1.868443
1.889058
1.774560
1.662757
1.555287
1.754049
1.851265
2.227922
2.498719
2.587533
2.594588
2.625580
2.680362
2.862241
3.054542
3.229786
3.570207
3.982986
4.335782
4.704125
5.089269
5.483033
5.896959
6.082959
6.297652
6.398612
6.471374
6.754516
7.040975
7.389080
7.550045
7.964377
8.345009
8.842333
9.384718
9.824513
10.438233
11.069230
11.625881
12.048713
12.704314
13.231799
13.683794
14.119666
14.612054
15.233978
15.737730
16.146120
16.261972
16.029618
15.606053
15.330151
15.245156
14.995909
14.735510
14.538390
14.309971
14.040773
13.857688
13.645793
13.568135
13.401413
13.226634
13.220642
13.185158
13.283973
13.303667
13.308815
13.408392
13.301881
13.454395
13.946145
14.529177
15.021924
15.424485
15.660628
16.370773
16.829260
17.193839
17.540655
18.296110
18.685840
19.389424
19.917977
20.397679
21.108122
21.628805
22.246957
22.835556
23.694266
24.480018
25.080308
25.667688
26.128213
26.626899
27.249633
27.821293
28.558293
28.908229
29.447651
30.001889
30.523246
31.148546
31.894398
32.583393
33.224273
33.746637
34.467796
34.935485
35.625560
36.119680
36.568823
37.108840
37.834142
38.377448
39.000912
39.208491
38.947666
38.464641
37.896715
37.881007
37.591080
37.295681
37.002425
36.833635
36.602085
36.498718
36.173826
36.295588
36.199628
35.997993
35.776916
35.533953
35.084379
34.738312
34.059802
33.540374
33.190344
32.726661
32.161199
31.758990
31.273163
30.683456
30.465149
30.318898
30.185062
30.122224
30.317269
30.680225
30.876283
31.201448
31.590800
31.867935
32.228433
32.590541
33.045654
33.665585
34.349765
34.945161
35.803964
36.664543
37.577531
38.380993
39.221234
39.942937
40.542084
41.069667
41.385927
41.805716
42.322496
42.559502
42.478106
42.037987
41.564261
40.867052
40.207630
39.866961
39.503594
39.140743
38.835303
38.780728
38.682643
38.388889
38.060589
37.613113
37.121566
36.710120
36.059599
35.560385
34.779590
34.143899
33.752884
33.166021
32.731158
32.048177
31.453645
30.863491
30.581972
30.712666
31.155341
31.522950
31.736652
32.114422
32.441861
32.755817
33.050774
33.533821
34.062902
34.743404
35.666150
36.653766
37.601851
38.610037
39.409860
39.998660
40.638266
41.176995
41.642071
42.134332
42.669311
43.513234
44.171806
44.477952
44.477429
44.159834
43.690633
43.133985
42.533745
42.116705
41.814574
41.415839
41.123357
40.752355
40.625958
40.261473
39.738750
39.065145
38.651363
38.100434
37.420907
36.833174
35.948178
35.369553
34.929911
34.426961
33.847319
32.908402
32.309405
31.651290
30.985381
30.626235
30.782132
31.176821
31.544148
31.982703
32.495160
32.984623
33.280140
33.660659
34.034867
34.483580
34.882446
35.511137
36.414176
37.131560
37.993653
39.002015
39.665550
40.374432
41.005464
41.564890
41.810589
42.123103
42.287799
42.398976
42.508414
42.433072
42.610576
42.595985
42.784538
42.913265
