2.016779 2.080623
2.028897 2.129959
1.935272 2.223554
1.974362 2.347566
2.037821 2.543912
2.204567 2.851919
2.416840 3.257153
2.641201 3.573549
2.943849 3.987652
2.698750 4.133680
2.427888 4.205508
2.188195 4.338461
2.209557 4.476326
2.108141 4.352716
1.781624 4.388431
1.769540 4.501961
1.810197 4.519900
1.893915 4.665567
2.019018 4.569784
2.074976 4.505933
2.128402 4.354843
1.984659 4.094847
1.777461 3.689613
1.614707 3.357324
1.562452 3.048416
1.570860 2.967671
1.652088 2.922251
1.784395 2.895371
1.856523 3.007986
1.891705 3.055485
1.974315 3.232153
2.049820 3.475905
2.167233 3.648000
2.393028 3.888895
2.782778 4.206811
3.253133 4.496152
3.819359 4.736039
4.422253 4.834291
4.884472 4.822097
5.210205 4.764182
5.401589 4.577256
5.213805 4.432485
4.942288 4.210834
4.554272 3.961002
4.125776 3.689697
3.821671 3.547686
3.549728 3.483840
3.475895 3.457001
3.036922 3.442753
2.819494 3.482685
2.479168 3.501267
1.936795 3.530892
1.523523 3.417103
1.339251 3.328090
1.201547 3.247047
1.300987 3.137528
1.207952 3.109932
1.266606 3.227576
1.373188 3.262382
1.479521 3.221915
1.642680 3.300218
1.765192 3.317082
1.837926 3.254731
1.741431 2.930079
1.560181 2.648484
1.404017 2.338812
1.304956 2.105449
1.372394 2.046842
1.434253 2.081204
1.502370 2.217945
1.562435 2.380353
1.626182 2.606358
1.777000 2.760382
2.017311 3.039831
2.374974 3.348285
2.876478 3.665745
3.512634 3.983450
4.176558 4.235736
4.588484 4.106909
4.649001 4.026637
4.568642 3.972986
4.608133 3.925217
4.725607 3.920901
4.854452 4.105377
4.885505 4.215774
5.039905 4.389278
5.245605 4.523674
5.444965 4.746903
5.836676 4.921538
6.469747 5.147205
6.841474 5.428936
7.144969 5.622816
7.581386 5.861792
8.051715 6.086288
8.474535 6.417474
8.951615 6.679469
9.260998 6.949300
9.522908 7.237967
9.794120 7.514708
10.174552 7.869657
10.463544 8.151936
10.661951 8.390340
10.781141 8.452804
10.739343 8.447102
10.622752 8.336095
10.527389 8.203260
10.450829 8.103099
10.189735 7.971468
9.850809 7.705941
9.633705 7.554724
9.582312 7.351563
9.109586 7.169067
8.446976 6.969147
8.189273 6.638384
7.607061 6.515160
7.048081 6.308132
6.844110 6.403270
6.398471 6.305565
6.348388 6.169806
6.265055 6.202511
5.990932 6.223592
5.823166 6.151127
5.525038 6.117356
5.040537 5.842922
4.953873 5.600070
4.987517 5.538232
4.800880 5.300771
4.434409 5.133148
4.238366 4.867884
3.823767 4.502618
3.773581 4.399496
3.325381 4.058916
3.322737 3.877990
3.245476 3.744764
3.074354 3.750090
3.129118 3.769219
3.207764 3.666699
3.310788 3.767242
3.375485 3.843967
3.440583 3.924200
3.479365 4.041200
3.498356 4.118176
3.598153 4.278226
3.720545 4.348673
3.766130 4.441702
3.824538 4.555871
3.858468 4.552664
3.970960 4.750938
4.056020 4.830560
4.082054 4.879145
4.070199 4.937059
3.951471 4.853852
3.826760 4.727939
3.699760 4.685502
3.472630 4.544232
3.201649 4.439416
3.023453 4.446627
2.970814 4.592192
2.996315 4.872511
3.110943 5.238236
3.362741 5.888155
3.584541 6.554301
3.785690 7.138691
3.910101 7.518830
4.065931 7.950500
4.117598 8.283986
4.084226 8.339262
4.080543 8.519130
4.125564 8.566282
4.212076 8.550459
4.359461 8.491387
4.509470 8.548381
4.554601 8.557552
4.364259 8.420684
4.114161 8.146204
3.741041 7.557585
3.426598 7.169274
3.082598 6.789231
2.966241 6.659750
3.010591 6.696776
3.028073 6.771073
3.069829 7.034437
3.146471 7.272694
3.285524 7.537284
3.099809 7.380333
3.105467 7.165015
3.192229 7.063777
3.388433 6.897205
3.546232 6.751771
3.690815 6.673736
3.913152 6.533033
4.178405 6.619327
4.448686 6.713269
4.688161 6.766004
4.903877 6.385663
4.744656 5.974253
4.437566 5.813553
4.126661 5.419645
3.914442 5.287740
3.669421 5.277616
3.375990 5.025644
3.039219 4.696149
2.698935 4.459342
2.653255 4.100160
2.709634 4.021519
2.885896 3.943237
3.129633 3.979236
3.315033 3.763728
3.395138 3.833007
3.460651 3.973741
3.452231 4.084170
3.298485 4.318356
3.174599 4.548189
2.998641 4.807012
2.802473 5.043517
2.732915 5.140553
2.553355 5.378208
2.434906 5.403933
2.450652 5.570609
2.548714 5.680775
2.532275 5.698072
2.617887 5.696802
2.761220 5.705689
2.984068 5.803971
3.415137 6.116213
3.872736 6.537099
4.229442 6.893236
4.589744 7.070877
4.802927 6.909581
4.742509 6.708025
4.439796 6.168491
3.979322 5.828573
3.412533 5.609986
3.047896 5.503907
2.968720 5.579768
2.960887 5.761222
2.887359 5.912809
2.922878 6.061557
2.654762 5.965212
2.751556 5.856988
2.846043 5.446926
2.950487 5.227345
3.139470 5.192577
3.416621 5.278806
3.777577 5.489317
4.130705 5.740566
4.639494 5.999125
5.182700 6.200623
5.536440 6.221179
5.646186 6.198162
5.374569 5.824479
4.654017 5.498987
4.160245 5.194938
3.828870 4.724932
3.716555 4.472104
3.652547 4.179891
3.393233 4.109457
3.307285 3.883901
3.193738 3.753858
3.186593 3.766050
3.260927 4.009339
3.246151 4.145702
3.206225 4.392618
3.063641 4.642293
2.805932 4.856204
2.692608 4.980138
2.670230 5.151436
2.560820 5.278301
2.526977 5.291976
2.577728 5.149504
2.420849 4.970178
2.450901 4.751742
2.738614 4.686580
3.084323 4.789245
3.561994 5.200187
4.176521 5.755057
4.830751 6.187926
5.417526 6.482950
5.844923 6.673232
6.294937 6.755132
6.663922 6.770630
6.798217 6.701665
6.407629 6.472997
5.574313 6.263533
4.831814 6.071746
4.173962 5.958984
3.719044 6.027155
3.389072 6.093884
3.225856 6.222695
3.018143 6.148797
2.738238 5.816249
2.562004 5.357326
2.400289 4.958322
2.580108 4.578373
2.788068 4.393385
3.161657 4.420690
3.561082 4.584758
3.993597 4.839949
4.452710 5.114039
4.888422 5.403264
5.101508 5.501755
5.169748 5.521744
5.144148 5.566381
4.581723 5.217634
4.328063 5.033558
3.877501 4.657438
3.457950 4.299953
3.216475 3.971205
3.020446 3.898085
2.937191 3.799843
2.908291 3.750479
2.993895 3.827453
3.050697 3.919959
3.104134 4.021320
3.141678 4.048716
3.312910 4.114434
3.292885 4.225356
3.246599 4.299300
3.124538 4.375833
2.925196 4.574372
2.723164 4.773571
2.608156 4.933280
2.524336 5.094250
2.498158 5.187703
2.464968 5.183711
2.559685 5.195320
2.691061 5.062943
2.845111 4.783590
3.063925 4.695452
3.205679 4.680888
3.378247 4.638146
3.603651 4.546439
3.766230 4.393746
3.910335 4.361580
4.053129 4.337068
4.120616 4.350736
