1.989693 2.071698
2.036507 2.150732
2.102808 2.284381
2.174284 2.479939
2.269516 2.712938
2.440472 2.969733
2.588523 3.258055
2.769486 3.518566
2.975852 3.814426
3.214144 4.130824
3.258512 4.401919
3.266746 4.651883
3.383516 4.944382
3.550809 5.238802
3.478937 5.414305
3.619681 5.637444
3.543120 5.789556
3.741719 5.970520
3.811461 6.101008
3.790688 6.199326
3.716024 6.044105
3.577515 5.847332
3.339668 5.473808
3.048030 5.246740
2.777118 4.964659
2.746205 4.854109
2.742862 4.791618
2.641154 4.711805
2.692917 4.729273
2.713781 4.604426
2.769365 4.517127
2.816175 4.555076
2.963960 4.498907
3.217420 4.609502
3.470683 4.820642
3.786024 5.134147
4.189641 5.412903
4.797117 5.750611
5.366266 6.073702
5.908984 6.282275
6.317440 6.381253
6.589183 6.445811
6.621980 6.312425
6.571481 6.229607
6.544586 6.125166
6.539195 6.011168
6.351980 5.961962
6.183127 5.951517
5.831525 5.953688
5.650884 5.864348
5.321080 5.832358
4.971501 5.772299
4.582440 5.501639
4.140027 5.409605
3.484477 5.069029
3.036141 4.698955
2.525398 4.506877
2.287562 4.353293
2.235053 4.221356
2.313579 4.107301
2.498493 4.041516
2.555044 3.898961
2.543220 3.779726
2.494697 3.661901
2.330584 3.465899
2.210007 3.169479
2.116778 3.049990
2.099058 2.999638
1.961790 2.909034
1.987183 2.950992
2.156351 3.039337
2.287591 3.211757
2.504787 3.422218
2.774610 3.635092
3.087300 3.943411
3.422333 4.254766
3.763720 4.642697
4.219551 5.150697
4.604693 5.388701
4.871643 5.615296
5.215852 5.682332
5.706841 5.768402
6.071262 6.007876
6.517750 6.221522
6.944459 6.453453
7.509910 6.707218
8.119405 6.847879
8.571869 7.016560
9.016610 7.177259
9.418479 7.387410
9.759701 7.575013
10.128577 7.763459
10.609309 7.979747
11.082711 8.122511
11.457973 8.269888
11.812986 8.472082
12.217740 8.678630
12.493266 8.980376
12.937591 9.201897
13.159049 9.516531
13.476517 9.711726
13.720935 9.859264
13.828099 9.892916
13.804605 9.789021
13.667650 9.644390
13.522856 9.450222
13.502655 9.218649
13.443113 9.119349
13.411082 9.053156
13.463127 8.950314
13.529550 8.916505
13.577609 8.899207
13.619952 8.912555
13.671282 8.912708
13.797069 8.980869
13.926043 9.091270
14.113814 9.187045
14.316617 9.303322
14.525619 9.413410
14.725229 9.576797
14.866265 9.758775
15.035365 9.938739
15.266668 10.180462
15.415272 10.483410
15.567453 10.714485
15.719537 10.837699
15.805860 10.901160
15.793625 10.875960
15.694050 10.789554
15.627977 10.660750
15.581202 10.568984
15.474682 10.501691
15.361423 10.464562
15.338398 10.352888
15.191888 10.315615
15.181481 10.273059
15.138152 10.277243
15.199970 10.335535
15.106229 10.390533
15.185940 10.460675
15.244339 10.530422
15.284317 10.583500
15.217376 10.611048
15.290329 10.719214
15.329974 10.830384
15.392052 11.015598
15.348798 11.112660
15.373683 11.255304
15.337262 11.422804
15.179592 11.592641
15.146601 11.603687
15.105231 11.632185
15.234178 11.654030
15.299227 11.696454
15.288082 11.621149
15.371681 11.477795
15.521371 11.622361
15.971056 11.773488
16.203632 11.963331
16.717387 12.185548
16.900099 12.403647
17.092722 12.664075
17.237673 12.839422
17.624106 12.961960
17.808298 13.168719
17.963084 13.332305
17.951762 13.426808
18.012565 13.477397
17.928861 13.562086
17.961229 13.698282
17.869518 13.636381
17.873276 13.653363
17.668950 13.622546
17.355294 13.332775
17.263192 13.260552
17.169030 13.092229
17.043430 12.881392
16.691300 12.754929
16.690379 12.755785
16.685477 12.611732
16.458219 12.574901
16.371911 12.524328
16.423614 12.570369
16.469257 12.599622
16.297262 12.357722
16.122048 12.218913
16.089824 12.130198
15.823705 11.921227
15.602555 11.869156
15.534286 11.944769
15.433114 11.978455
15.274668 12.121185
14.986689 12.044969
15.090037 12.121919
15.056159 12.171221
14.940607 12.288768
14.259434 12.163909
14.112498 12.290424
13.769573 12.360526
13.507627 12.058523
13.334707 11.791469
12.961852 11.443960
12.558112 11.258292
12.401262 11.102884
12.003107 10.931165
11.768128 10.825916
11.776473 10.851793
11.718084 10.895547
11.595595 10.753009
10.925054 10.563256
10.886846 10.455517
10.381065 10.222224
10.369626 10.291812
9.856588 9.711864
9.765448 9.667093
9.653895 9.669121
9.693652 9.524982
9.377513 9.557794
9.389219 9.452156
9.437990 9.497162
9.459146 9.288593
9.058435 9.240453
8.349025 9.046366
8.386618 8.972053
8.523846 9.169078
8.397116 9.174892
8.496002 9.140164
8.495833 9.076707
8.412863 8.987976
8.259993 8.695804
8.133881 8.523747
7.971087 8.228312
7.177711 7.858946
6.654123 7.691469
6.577318 7.432480
6.510321 7.318015
6.014230 7.327366
5.717127 7.365227
5.812343 7.175970
5.171971 7.039118
4.815095 6.857487
4.898135 6.649066
5.088234 6.684818
5.180982 6.642287
5.424682 6.827043
5.592869 7.029687
5.795057 7.187065
6.077136 7.415953
6.366577 7.682541
6.485372 7.772954
6.460685 7.876774
6.271881 7.805820
6.128725 7.661008
5.974940 7.389582
5.917128 7.164493
5.884753 7.056343
5.915803 7.031480
5.904905 6.996029
5.873647 6.962183
5.889119 6.857668
5.689594 6.731342
5.512350 6.714969
5.255586 6.571358
5.013329 6.470821
4.823008 6.463877
4.728920 6.634994
4.698315 6.716276
4.647598 6.630991
4.697213 6.563230
4.541117 6.430863
4.395156 6.395443
4.364386 6.301520
4.403679 6.167724
4.547561 6.287119
4.782782 6.510317
5.171569 6.858662
5.482428 7.081542
5.766413 7.172814
6.001585 7.186178
6.063961 7.059743
5.987424 6.952623
5.838377 6.828928
5.604713 6.700036
5.332330 6.594712
5.029232 6.340032
4.846959 6.281510
4.554145 6.196143
4.415553 6.194947
4.365476 6.126733
4.442327 6.139544
4.450025 5.968233
4.281691 5.772329
4.264633 5.874959
4.401708 5.683039
4.520057 5.748306
4.479901 5.846423
4.701364 6.001687
4.942146 6.266539
5.198299 6.509389
5.479960 6.757428
5.723034 6.978296
5.858796 7.110743
5.955186 7.213634
5.920707 7.195769
5.585482 6.872079
5.466651 6.758655
5.191796 6.537918
5.028516 6.282998
4.948965 6.150085
5.005982 6.158009
4.986512 6.107288
4.966158 6.121965
5.108967 6.082115
5.163522 6.113201
5.122495 6.196067
5.162953 6.133247
5.054915 6.065035
4.725233 5.879934
4.349830 5.644892
4.205375 5.670581
4.128607 5.545122
4.115276 5.614878
4.031121 5.673257
3.892534 5.537567
3.873795 5.344535
3.969029 5.296676
3.954345 5.404628
3.957213 5.320552
4.017534 5.215686
4.134451 5.263223
4.133402 5.068073
4.191230 4.943442
4.231244 4.916998
4.334684 4.906583
4.313599 4.990708
4.394243 4.822334
