0.338753
0.408994
0.440105
0.311920
0.214723
0.291227
0.305783
0.312740
0.187398
0.143316
0.394476
0.633481
0.795468
1.068462
1.348081
1.659948
2.013671
2.581786
2.834439
3.164917
3.293445
3.164640
2.885314
2.487328
2.014085
1.602474
1.160283
0.764149
0.501967
0.671281
0.980764
1.466413
2.004346
2.355272
2.708703
2.955385
3.442185
3.934097
4.308307
4.730486
5.098336
5.228825
5.190395
4.897656
4.387776
3.878004
3.436392
2.931797
2.471727
1.961937
1.491120
1.252089
1.069569
1.109554
1.236434
1.532117
1.912550
2.412403
2.823356
3.090335
3.498467
3.922882
4.144620
3.965009
3.509761
3.016774
2.527975
2.071684
1.704874
1.464037
1.335436
1.415056
1.786464
2.063688
2.443605
2.669153
2.880440
3.058670
3.318860
3.639776
3.666032
3.755985
3.930223
4.252277
4.593836
4.953567
5.449598
5.794399
6.180716
6.486585
6.882866
7.251962
7.670933
8.081130
8.553762
9.117596
9.720880
10.406009
10.944607
11.483533
11.872595
12.247365
12.597697
12.591175
12.371957
11.851822
11.295036
10.644965
10.093371
9.492242
9.069182
8.494867
7.958346
7.254684
6.919533
6.490498
6.053614
5.339935
4.936770
4.740428
4.197680
4.134063
3.580806
3.428706
3.473973
3.826655
4.149907
4.491700
4.592953
4.497880
4.540358
4.606125
4.863032
5.101361
5.231664
5.553273
5.670850
5.840478
6.021314
6.311128
6.724809
7.157483
7.785515
8.355044
8.742170
9.098765
9.682690
10.238757
10.691862
11.383357
12.092515
12.405034
12.278065
12.610069
13.085185
13.783967
14.377440
14.925806
15.278385
15.689555
16.060423
16.464796
17.023167
17.402827
17.820668
18.020098
18.201153
18.493423
18.932259
19.137141
19.413936
19.499709
19.402883
18.939348
18.425936
17.583154
17.054732
16.617533
16.101518
15.612872
15.110622
14.784155
14.400733
14.319570
14.095142
13.805801
13.663990
13.431232
13.237877
13.194992
13.107832
13.062370
12.768514
12.524422
12.217236
12.045186
11.921807
11.721150
11.557700
11.451285
11.366250
11.308334
11.364697
11.467723
11.716718
11.861974
11.803538
11.738243
12.111150
12.615784
13.014192
13.300546
13.773666
14.159175
14.677719
15.165190
15.735597
16.025863
16.313585
16.951402
17.134682
17.571238
17.972642
18.225709
18.510960
18.709983
18.749956
18.444199
17.931597
17.549328
17.008726
16.526450
16.087343
15.703811
15.334717
14.923798
14.662641
14.343409
14.057885
13.585864
13.268756
13.161640
12.799081
12.559272
12.240910
12.040818
11.799072
11.594659
11.358082
11.112863
10.686384
10.305231
10.048754
10.022538
10.026835
10.307755
10.423815
10.555950
11.073374
11.641068
11.819861
12.330278
12.944970
13.248406
13.841416
14.302805
14.766486
15.116508
15.555159
15.845857
16.347313
16.722505
17.030619
17.250737
17.590555
18.061708
18.312648
18.156726
17.892886
17.581343
16.962751
16.355805
15.803958
15.245305
14.862433
14.234397
13.802414
13.487635
12.991279
12.767239
12.561374
12.307668
12.184964
11.881381
11.432565
11.314895
11.020569
10.637360
10.195055
9.867830
9.382167
8.994110
8.664192
8.414529
8.205613
7.946773
7.852697
8.119420
8.733428
9.116554
9.544769
9.998309
10.515096
11.125428
11.408232
11.617811
11.854433
12.420137
12.786359
12.876514
13.473960
13.858848
14.326039
14.957629
15.402428
15.707571
16.012437
16.180104
16.319649
16.382115
16.627301
17.035246
17.176198
17.399811
17.718590
18.003766
