2.020193 2.104343
2.048126 2.181525
2.097118 2.289652
2.201243 2.432692
2.336574 2.643928
2.499123 2.882975
2.675949 3.173455
2.879716 3.477037
3.128378 3.777781
3.373815 4.064277
3.565866 4.335257
3.754105 4.559771
3.957049 4.822165
4.027302 5.027053
3.812363 5.178551
3.814936 5.249632
3.817197 5.366294
3.671205 5.339952
3.798129 5.327957
3.609785 5.272889
3.473354 5.027663
3.097672 4.752788
2.820326 4.443335
2.529928 4.050962
2.400355 3.612198
2.235065 3.472591
2.318120 3.519686
2.477247 3.720348
2.669524 3.979602
2.885446 4.238674
3.103531 4.440577
3.105594 4.547488
3.218561 4.525531
3.395609 4.526673
3.491979 4.616682
3.685319 4.750490
3.914743 4.844044
4.350256 5.203594
4.922710 5.563312
5.540625 5.940684
6.039778 6.408655
6.468957 6.702139
6.711357 6.838197
6.854935 6.753834
6.793097 6.624528
6.749716 6.503178
6.629758 6.344214
6.381057 6.241534
6.141900 5.946324
5.723796 5.582377
5.283694 5.246141
4.923010 5.190450
4.647733 4.985675
4.407022 5.092853
4.332348 5.218730
4.137848 5.382621
3.989306 5.302315
3.634843 5.212632
3.038597 4.979138
2.780988 4.736497
2.765448 4.395553
2.791615 4.120455
2.765499 3.895777
2.627005 3.540178
2.447429 3.218611
2.339245 3.059760
2.351308 3.019150
2.241823 3.137472
2.294940 3.341315
2.443320 3.685442
2.550221 4.035855
2.634565 4.447242
2.817090 4.777981
3.074991 4.998915
3.304711 5.155310
3.560304 5.247132
3.840713 5.433027
4.209219 5.698952
4.536742 5.921108
4.722753 6.069614
4.964886 6.123355
5.237304 6.284716
5.648264 6.632047
6.065370 7.012164
6.580260 7.351147
7.068818 7.778835
7.549181 8.126035
8.042750 8.517446
8.479402 8.814163
8.887426 9.093200
9.320251 9.371674
9.700071 9.650790
10.062082 9.916907
10.325960 10.080794
10.634964 10.297283
11.058267 10.587482
11.438486 10.785624
11.837977 11.047847
12.266243 11.193247
12.676143 11.419709
13.062251 11.607283
13.300712 11.952258
13.404347 12.022704
13.367861 12.038344
13.311827 11.957653
13.195648 11.867019
13.181430 11.798999
13.091178 11.766764
13.101122 11.714056
13.136561 11.694011
13.309968 11.780559
13.430105 11.852190
13.601849 12.065425
13.632443 12.143494
13.775791 12.309447
13.969766 12.517829
14.138434 12.713059
14.295450 12.800438
14.510394 12.959388
14.682206 13.046012
14.849312 13.267468
15.099304 13.601166
15.369984 13.779384
15.529190 13.961812
15.757477 14.347937
15.882390 14.616343
15.959145 14.673849
15.960035 14.676935
15.932941 14.702821
15.897314 14.610632
15.870538 14.553603
15.973501 14.542193
16.019215 14.555280
16.164693 14.677802
16.181181 14.722983
16.203722 14.797513
16.240607 14.859639
16.270655 14.948404
16.332010 15.210831
16.402320 15.339904
16.454173 15.473715
16.506704 15.587198
16.639440 15.843399
16.691464 15.986206
16.834160 16.139812
16.939693 16.216737
17.021019 16.329066
17.117729 16.438995
17.164148 16.570527
17.218818 16.686733
17.192462 16.718681
17.193099 16.734120
17.213886 16.741497
17.233366 16.782570
17.291328 16.824783
17.363960 16.845662
17.538658 17.026447
17.752690 17.117279
18.010234 17.309741
18.286825 17.612031
18.562355 17.818635
18.805470 17.960827
19.028406 18.071669
19.171389 18.164517
19.301294 18.257061
19.469961 18.356415
19.665922 18.559315
19.777141 18.647335
19.918438 18.706166
20.045440 18.763543
20.172900 18.824322
20.273049 18.886396
20.307858 18.917802
20.293842 18.944490
20.218474 18.889105
20.190592 18.905272
20.189712 18.888235
20.174952 18.884464
20.220782 19.018358
20.261005 19.062456
20.290392 19.092919
20.436761 19.138828
20.517910 19.221237
20.603908 19.337149
20.645095 19.433281
20.841702 19.524167
20.883168 19.611481
20.957842 19.734258
21.015233 19.802062
21.085066 19.856793
21.104662 19.923902
21.088957 19.767779
21.147464 19.833448
21.209104 19.925824
21.135182 19.855032
21.356054 19.982338
21.440080 20.076146
21.571506 20.220153
21.703023 20.322718
21.822641 20.516009
21.819951 20.361067
21.774862 20.286262
21.733543 20.145515
21.730081 20.091772
21.710460 20.040984
21.722490 20.028966
21.745506 20.030945
21.650418 20.020465
21.727164 20.041907
21.786872 20.056669
21.869797 20.138939
21.940097 20.225295
22.101097 20.402293
22.249938 20.547893
22.327579 20.695428
22.556033 20.860474
22.709466 20.963306
22.839656 21.121588
23.065422 21.205932
23.172897 21.313112
23.312219 21.437495
23.378919 21.518521
23.454198 21.599900
23.489776 21.671469
23.424691 21.683762
23.457722 21.739043
23.471520 21.760749
23.475959 21.736504
23.483420 21.670384
23.493723 21.644827
23.514013 21.620115
23.595620 21.669920
23.694691 21.775489
23.768985 21.831717
23.832679 21.903759
23.984064 21.962705
24.019724 21.989148
24.073526 22.039268
24.154187 22.070860
24.209877 21.883263
24.274675 21.904747
24.271732 21.889053
24.254226 21.915287
24.244888 21.882639
24.308629 21.944803
24.352030 22.037394
24.433337 22.135453
24.506408 22.243527
24.588053 22.338137
24.675952 22.452877
24.595172 22.553929
24.421307 22.495938
24.448208 22.461683
24.437530 22.348414
24.312530 22.241814
24.291405 22.223956
24.270938 22.250892
24.280965 22.305124
24.220750 22.168904
24.213025 22.229009
24.210516 21.928757
24.036370 21.847043
24.101769 21.929594
24.081957 22.051137
23.860387 22.104072
23.942875 22.089791
24.050958 22.260374
24.128401 22.379196
24.219229 22.418154
24.257365 22.475408
23.969973 22.264628
23.839531 22.312655
23.647522 22.298597
23.723613 22.355422
23.793590 22.426887
23.844511 22.531647
23.973236 22.839087
23.967125 22.890875
24.046479 22.847780
24.028482 22.800145
24.026390 22.736432
23.814098 22.667955
23.828043 22.499637
23.849742 22.344706
23.556727 22.353777
23.384009 22.412759
23.265996 22.458974
23.222656 22.461678
23.103791 22.220856
23.147622 22.262021
22.899176 22.255822
22.650806 21.996793
22.344061 21.866039
22.376914 21.876961
22.144771 21.738960
22.048322 21.675642
22.078021 21.601892
22.121241 21.633670
22.050810 21.618314
22.002656 21.690684
21.966870 21.504865
21.799161 21.505832
21.635073 21.378827
21.427027 21.380961
21.113050 21.279287
20.835066 21.181280
20.579399 20.777278
20.443650 20.632800
20.070239 20.574347
19.850509 20.412793
19.728160 20.112029
19.274941 19.666551
19.125190 19.353367
19.044852 19.245575
18.266917 18.740269
17.705443 18.260616
17.636648 17.749932
16.795527 17.338584
16.341862 17.152487
16.028031 16.916874
15.928346 16.455889
15.397649 15.477391
15.084294 15.283875
14.841463 15.298967
14.078462 14.700930
13.635535 14.195695
13.481018 13.876437
13.005957 13.584300
12.935567 13.276157
12.689266 13.192100
11.659397 12.954351
11.076815 12.102501
10.551270 11.573389
9.860619 11.177224
9.545767 10.666829
9.557290 10.671815
