1.993820 2.079695
2.036152 2.130600
2.008183 2.225180
2.012142 2.373697
2.185471 2.601435
2.492914 2.892492
2.322184 3.088633
2.201681 3.328689
2.435232 3.624958
2.722160 3.942081
2.993607 4.292057
3.331638 4.600250
3.681094 4.886641
4.011361 5.103095
4.280588 5.388084
4.484396 5.628603
4.587008 6.060780
4.834399 6.432082
4.993957 6.666518
5.070878 6.765824
5.082400 6.762311
4.946656 6.628148
4.802712 6.439076
4.728644 6.311018
4.653493 6.257886
4.680939 6.246255
4.800725 6.394035
4.925074 6.468130
4.963312 6.462647
5.074337 6.484324
5.151447 6.617859
5.277560 6.709386
5.436917 6.792217
5.451298 6.914792
5.613814 7.072870
5.811138 7.164602
5.891927 7.222937
6.170551 7.413836
6.553253 7.629981
6.947599 7.873984
7.178378 7.998009
7.349053 8.058648
7.342504 8.059953
7.395303 7.982733
7.263047 7.935044
7.169788 7.899438
7.129173 7.887783
7.187252 8.021945
7.087968 8.059595
6.937947 7.933300
6.981587 8.073541
7.051691 8.217815
7.147648 8.392017
7.285326 8.541664
7.427611 8.688809
7.668576 8.876818
7.851711 9.073188
7.994243 9.265176
8.162891 9.406665
8.098977 9.476868
8.256584 9.655111
8.172698 9.613660
8.146581 9.567000
7.986616 9.408956
7.611278 9.228757
7.448028 9.180980
7.374977 9.095839
7.642723 9.167509
7.720501 9.195272
7.832526 9.262874
7.901778 9.232360
8.002993 9.281494
7.978115 9.328827
8.096847 9.399055
8.271236 9.548326
8.455622 9.717941
8.635870 9.898112
8.778147 9.916440
8.389641 9.928222
8.345875 10.016649
8.215218 10.101810
8.147357 10.124680
7.926723 9.952455
8.005929 10.033835
7.782331 9.902422
7.762447 9.676050
7.576419 9.657984
7.624438 9.603775
7.660917 9.722254
7.432087 9.393575
7.271643 9.395289
7.180743 9.305129
7.179966 9.268836
7.137775 9.140961
7.172512 9.070805
7.216183 9.084272
7.031287 9.177248
6.935769 9.288580
6.924093 9.287325
6.979572 9.300697
6.908097 9.370147
6.956032 9.415893
7.007125 9.462438
6.991110 9.433968
6.986356 9.341790
6.927551 9.250231
6.921604 9.188539
6.942482 9.123237
7.060728 9.092838
7.126853 9.083405
7.072399 9.065746
7.064259 9.079234
6.984235 8.947778
6.841080 8.848540
6.862040 8.740330
6.785524 8.682196
6.705795 8.458601
6.800504 8.503338
6.925746 8.521185
6.987207 8.408175
7.074863 8.456840
6.983238 8.398136
7.063713 8.413053
7.101506 8.320707
7.140274 8.244429
6.974957 8.216382
6.626074 8.094431
6.628970 8.077622
6.680622 8.211417
6.665186 8.210114
6.655602 8.219854
6.695868 8.229557
6.786534 8.259420
6.841552 8.317887
6.815469 8.413501
6.848515 8.367071
6.833873 8.214361
6.983619 8.302041
6.953073 8.158993
6.852702 8.101732
6.666899 8.123430
6.571880 8.181811
6.556285 8.295881
6.616476 8.427244
6.720556 8.601134
6.875422 8.657543
6.666067 8.526652
6.850260 8.415733
6.983413 8.515844
7.162024 8.491473
7.082513 8.544455
7.104849 8.594308
7.153795 8.692668
7.151077 8.640416
7.227623 8.739881
7.035430 8.692892
7.158153 8.786583
7.316000 8.855825
7.300139 8.436479
7.469594 8.583896
7.518058 8.681093
7.690112 8.836044
7.826754 8.988839
7.989196 9.135555
8.293187 9.584429
8.779591 9.866061
9.254838 10.183866
9.462054 10.343338
9.673083 10.514156
9.892306 10.691757
10.084169 10.826372
10.234033 10.963427
10.370867 11.048954
10.343249 11.058060
10.121140 10.887932
9.891834 10.520210
9.767046 10.419695
9.663585 10.266822
9.626983 10.213782
9.642905 10.210408
9.605980 10.076596
9.669686 10.145249
9.738548 10.243280
9.949876 10.412375
10.081832 10.509009
10.197632 10.588266
10.327794 10.673157
10.462971 10.785942
10.472312 10.892699
10.472504 10.934977
10.570936 11.069073
10.741776 11.177100
10.907169 11.315987
11.044189 11.459797
10.960771 11.524734
11.125892 11.675313
11.318080 11.830112
11.385279 11.944956
11.460718 11.985226
11.290469 11.647160
11.262440 11.605501
11.110419 11.508371
11.065068 11.430060
11.026214 11.402869
11.024277 11.387150
10.904052 11.205248
10.939713 11.226377
10.999349 11.250154
11.080141 11.287245
11.169076 11.330827
11.281381 11.418888
11.558709 11.662099
11.681195 11.747896
11.822815 11.862710
11.964311 11.961557
12.122411 12.026952
12.183542 12.047200
12.221707 12.038987
12.520366 12.196106
12.792617 12.463826
12.919572 12.616007
13.022741 12.778537
13.106948 12.906289
13.210707 13.049674
13.331126 13.239290
13.739423 13.493699
13.943083 14.013184
13.904016 13.992362
13.879371 13.925245
13.161552 13.646993
12.629941 13.292366
12.112511 12.732215
12.113981 12.587797
12.165229 12.577895
12.233785 12.593384
12.256384 12.628581
12.549436 12.800917
12.755907 12.997558
12.865016 13.068181
12.967309 13.160580
13.089805 13.260623
13.376028 13.311976
13.540181 13.419449
13.643194 13.505204
13.775390 13.547264
13.908473 13.666851
14.035953 13.767261
14.397443 14.110661
14.573017 14.226852
14.756640 14.354805
14.896244 14.417851
14.935119 14.469510
14.878787 14.378043
14.747807 14.279006
14.652610 14.204115
14.575721 14.129065
14.514205 14.075831
14.468321 14.074536
14.445544 14.084440
14.435490 14.103277
14.460603 14.142363
14.502634 14.232160
14.558119 14.307090
14.635823 14.391557
14.712171 14.512279
14.666095 14.664190
14.755327 14.756489
14.892236 14.865982
15.060917 15.113462
15.396539 15.757280
15.491419 15.900434
15.600433 16.051051
15.690289 16.194736
15.721931 16.321076
15.824901 16.271397
15.930956 16.424200
16.018385 16.535579
16.096790 16.639226
16.439234 16.846305
16.417909 16.796749
16.397669 16.729605
16.100406 16.567085
16.113062 16.512283
16.118785 16.484391
16.105812 16.375742
16.186315 16.311036
16.256710 16.350174
16.318636 16.404481
16.430118 16.501542
16.485883 16.556342
16.524782 16.721612
16.574979 16.780616
16.637452 16.936781
16.743519 17.162284
16.759133 17.269696
16.813959 17.367727
16.868948 17.479207
16.927852 17.551062
16.997782 17.637515
17.048974 17.715856
17.165947 17.776939
17.260295 17.845924
17.623373 17.875280
17.713938 17.892994
17.734326 17.873471
17.699271 17.822601
17.680692 17.791017
17.374549 17.475233
17.339460 17.441869
16.996684 17.012110
16.598240 16.828473
16.240866 16.613463
16.277305 16.702012
16.333284 16.796083
16.397193 16.892338
16.570081 16.985643
16.696259 17.091969
16.800311 17.184666
16.773807 17.171972
16.805016 17.262770
16.904531 17.351606
16.791367 16.876386
16.933383 16.955619
17.056005 17.041262
17.188411 17.147412
17.301950 17.292944
17.421550 17.415256
17.310276 17.409793
17.310081 17.476635
17.306517 17.493684
17.135500 17.340661
17.135844 17.365919
17.126764 17.353186
17.121583 17.414483
16.993289 17.333689
17.052128 17.457680
