3720
3740
3730
3740
3750
3740
3750
3760
3750
3900
3580
3600
3590
3590
3580
3570
3580
3570
3570
3750
3590
3580
3600
3590
3590
3590
3580
3570
3570
3730
3580
3600
3590
3590
3600
3580
3580
3580
3590
3750
3570
3580
3570
3580
3560
3580
3570
3580
3580
3720
3590
3580
3590
3610
3600
3590
3580
3580
3600
3710
3580
3610
3580
3580
3610
3580
3600
3600
3580
3710
3580
3570
3570
3580
3600
3590
3570
3570
3560
3710
3600
3580
3610
3600
3610
3600
3620
3610
3610
3760
3630
3660
3640
3660
3640
3670
3640
3680
3640
3780
3630
3630
3660
3630
3650
3630
3660
3690
3680
3840
3670
3710
3680
3710
3720
3700
3710
3700
3690
3850
3730
3710
3700
3710
3690
3730
3710
3700
3680
3820
3690
3690
3700
3690
3670
3670
3710
3710
3710
3860
3700
3740
3720
3710
3720
3700
3730
3710
3680
3740
3600
3600
3580
3580
3570
3580
3600
3590
3570
3710
3580
3620
3600
3590
3590
3600
3600
3610
3570
3720
3560
3550
3550
3570
3540
3570
3580
3580
3590
3740
3610
3620
3630
3610
3630
3630
3610
3630
3590
3740
3610
3580
3600
3600
3630
3590
3610
3600
3570
3720
3600
3610
3610
3630
3620
3640
3630
3610
3590
3730
3600
3570
3580
3600
3580
3570
3590
3600
3570
3800
3720
3710
3660
3680
3710
3680
3700
3700
3700
3810
3700
3710
3680
3690
3710
3690
3680
3670
3690
3850
3700
3700
3700
3680
3700
3700
3710
3700
3670
3820
3700
3710
3640
3640
3670
3660
3670
3700
3680
3800
3680
3650
3640
3670
3670
3670
3680
3670
3690
3820
3700
3720
3720
3710
3690
3710
3730
3690
3660
3790
3640
3670
3680
3650
3640
3670
3650
3670
3680
3780
3630
3650
3660
3630
3630
3640
3660
3630
3660
3800
3640
3640
3640
3630
3650
3660
3640
3640
3630
3760
3640
3620
3630
3630
3620
3630
3620
3640
3640
3780
3620
3620
3620
3640
3630
3640
3640
3620
3620
3750
3650
3610
3610
3620
3630
3620
