1.988051 2.105092
2.037960 2.153079
2.090918 2.279015
2.167412 2.458907
2.278626 2.676877
2.462950 2.911382
2.690816 3.180435
2.953175 3.468220
3.196174 3.754578
3.468506 4.073030
3.577484 4.260708
3.746746 4.461547
3.978440 4.771399
4.228000 5.036501
4.305876 5.174071
4.328006 5.144289
4.232075 4.804560
3.577560 4.229486
3.237264 3.847570
2.808225 3.333236
2.521885 2.925154
2.358895 2.650897
2.013588 2.263550
1.690959 1.980262
1.666277 1.899389
1.840845 1.995767
2.092563 2.243017
2.436958 2.570563
2.859383 2.907089
3.257186 3.249157
3.512267 3.548544
3.615314 3.682017
3.583918 3.678225
3.480990 3.465676
3.318844 3.236434
3.242628 3.158413
3.135707 3.023413
3.276685 3.124394
3.523853 3.377600
3.963014 3.817537
4.421947 4.329872
4.765879 4.722547
4.908422 4.907350
4.889143 4.917569
4.708546 4.802788
4.456230 4.565234
4.034795 4.184649
3.624912 3.811055
3.206311 3.289241
2.676599 2.882472
2.492147 2.679470
2.518630 2.696214
2.744657 2.946373
3.111193 3.337738
3.565095 3.800776
4.131167 4.291378
4.464004 4.543012
4.596059 4.742999
4.619884 4.680464
4.339640 4.416286
3.842263 4.127486
3.481726 3.608853
3.169379 3.284713
2.920679 2.886903
2.512696 2.487440
2.299096 2.175579
2.230509 2.156213
2.403792 2.355854
2.775131 2.700517
3.214478 3.242270
3.722968 3.804806
4.204315 4.314388
4.505847 4.644514
4.655400 4.825739
4.712147 4.977355
4.659055 5.014892
4.414234 5.005167
4.305581 4.774453
4.220717 4.666379
4.200788 4.651818
4.256218 4.718982
4.433805 5.009947
4.861311 5.484341
5.350220 6.067939
5.935264 6.657668
6.488188 7.207243
7.029882 7.673437
7.568378 8.124197
8.015770 8.463986
8.431709 8.811319
8.755917 9.189829
9.071262 9.449102
9.466224 9.741321
9.824252 9.990590
10.203989 10.348749
10.557591 10.563578
10.906295 10.789273
11.136061 11.032954
11.459105 11.271251
11.650591 11.503128
11.932186 11.708949
12.090923 11.875606
12.132751 11.945515
12.101650 11.928898
12.055463 11.854744
12.019795 11.742955
12.005527 11.689144
11.956756 11.642699
12.011339 11.672105
12.072370 11.693759
12.118068 11.810078
12.186458 11.912205
12.277955 12.076870
12.387399 12.266805
12.480881 12.427674
12.559929 12.587646
12.697131 12.791422
12.873229 12.985752
13.033686 13.155140
13.206711 13.341054
13.346903 13.525218
13.516284 13.709469
13.667519 13.946607
13.827904 14.132970
13.992905 14.318313
14.098150 14.441453
14.174014 14.572621
14.131562 14.596600
14.079656 14.616231
14.013841 14.644796
13.842189 14.674083
13.839270 14.779809
13.807385 14.845265
13.769150 14.975595
13.647690 15.025271
13.616456 15.064057
13.502711 15.196747
13.406103 15.153237
13.321033 15.168670
13.168619 14.967387
12.934210 14.878640
12.756764 14.774189
12.508327 14.755854
12.510926 14.621656
12.371325 14.520148
12.479895 14.607525
12.418528 14.649826
12.544842 14.718270
12.687455 14.815942
12.875222 14.975020
13.008915 15.137981
13.349030 15.206497
13.573988 15.363335
13.738708 15.444188
13.903202 15.402324
13.924892 15.389024
13.880911 15.243894
13.746351 15.198167
13.583737 14.832946
13.412997 14.423825
13.427491 13.975594
13.434591 13.768531
13.327852 13.606980
13.394102 13.658460
13.628582 13.875552
14.014564 14.295939
14.427292 15.114235
14.621330 15.477547
14.778762 15.697865
14.886014 15.948409
14.893614 16.141121
14.812162 16.295511
14.798220 16.221390
14.775998 16.183687
14.503174 15.942798
14.353252 15.169215
13.755022 14.975223
13.548387 14.639256
13.239360 14.503030
13.025623 14.344629
12.789195 14.078987
12.681047 13.877140
12.428442 13.800682
12.194625 13.571412
12.217306 13.624346
12.093891 13.642458
12.215917 13.711055
12.324451 13.800940
12.441665 13.938733
12.568728 14.044304
12.635401 14.090946
12.689665 14.040220
12.765300 14.046966
12.861341 14.139908
12.852184 14.081769
12.975218 14.250868
13.118707 14.415305
13.152800 14.511590
13.155616 14.528507
12.900260 14.023711
12.660253 13.896309
12.227855 13.500449
11.968871 12.873323
11.360399 12.402336
10.938846 12.209021
10.731740 11.924380
10.711102 11.844469
10.371591 11.492217
9.910749 11.072510
9.423512 10.666411
9.213371 10.503245
9.023943 10.332107
8.651898 10.125818
8.374195 9.683484
7.870884 9.102291
7.628069 8.631839
7.231815 8.490814
7.202168 8.405721
7.234918 8.207608
7.266013 8.135022
7.346360 7.894888
7.205061 7.011080
6.977548 6.346556
6.810825 6.346376
6.887059 6.287243
6.936124 6.235667
6.697395 6.207012
6.626989 5.806750
6.412396 5.356660
6.132818 4.968388
5.974499 4.805414
5.596946 4.488132
5.581334 4.477671
5.621569 4.525873
5.587732 4.626708
5.556806 4.674008
5.624515 4.737940
5.587103 4.764654
5.548841 4.668939
5.572586 4.658470
5.280659 4.502576
5.224784 4.228777
5.163657 4.189033
5.103439 4.233831
4.968004 4.333614
4.960553 4.399294
5.020877 4.447281
5.026981 4.336960
5.021052 4.235536
5.145837 4.148178
5.141169 3.882929
5.025814 3.786164
4.850495 3.531140
4.699210 3.175904
4.513783 2.894790
4.370743 2.819611
4.151991 2.754193
4.021582 2.818445
4.038829 2.881508
4.011207 3.007202
4.008048 3.212687
4.024666 3.302093
4.072914 3.355132
4.056233 3.457275
4.120349 3.619040
4.232682 3.775699
4.224058 3.965868
4.373650 4.224591
4.567630 4.476940
4.646958 4.765044
4.727408 4.878328
4.789026 4.841773
4.672451 4.759659
4.743350 4.632874
4.872395 4.562934
5.059497 4.820201
5.373628 5.121701
5.503130 5.391674
5.614537 5.476823
5.486513 5.321872
5.160459 4.931707
4.772136 4.457567
4.280477 4.003940
4.098737 3.728145
4.098900 3.562834
4.071940 3.444010
4.128038 3.536058
4.075602 3.659530
4.094492 3.753125
4.051736 3.642483
3.938574 3.504994
3.811917 3.434603
3.736599 3.322592
3.772240 3.317636
3.816736 3.465098
4.014826 3.548285
4.051402 3.634340
4.082950 3.680873
4.161557 3.661656
4.261054 3.661558
4.310149 3.622973
4.165292 3.624398
4.141090 3.609746
4.152957 3.645835
4.023177 3.509146
3.787278 3.414093
3.563486 3.125806
3.346288 2.858964
3.199445 2.730407
3.066768 2.679274
3.091205 2.682411
3.153769 2.778118
3.189628 2.896825
3.251229 2.968894
3.320266 3.063374
3.377571 3.188076
3.432079 3.238141
3.490747 3.318812
3.602048 3.346765
3.671786 3.416950
3.694544 3.624780
3.827143 3.747308
3.979814 3.854207
4.054312 4.002589
4.169821 4.055905
4.192480 4.110571
4.198365 3.951832
3.948180 3.830100
3.755689 3.534264
3.608614 3.392371
3.468376 3.298278
3.297124 3.096885
3.129599 3.115345
3.075600 3.063829
3.125172 3.031875
3.151691 2.988747
