0.402870
0.364871
0.266958
0.129131
0.085361
0.097014
0.095418
0.289305
0.618237
0.896372
0.966227
0.963118
0.815686
0.685670
0.479448
0.252047
0.285802
0.754014
1.299077
1.801934
1.900646
1.797289
1.571544
1.161877
0.903274
0.984856
1.235633
1.578563
2.017962
2.357910
2.726350
3.028115
3.370135
3.737186
4.126453
4.511899
4.660326
4.760805
5.057364
5.243833
5.381331
5.253502
4.911420
4.538315
3.943165
3.486382
3.019876
2.702572
2.445099
2.175764
2.010034
1.853349
1.813426
1.849393
1.868427
1.880926
2.062283
2.113709
2.210566
2.473278
2.799119
3.029657
3.358728
3.445247
3.371097
3.213089
3.052501
2.933743
2.960056
3.087988
3.247711
3.464875
3.697291
3.891648
4.189828
4.510204
4.779122
5.188412
5.358004
5.481107
5.536883
5.767816
5.835555
6.061606
6.311363
6.676064
6.995966
7.297950
7.628024
7.972869
8.301830
8.634282
8.975671
9.316890
9.634956
10.170277
10.558067
10.802456
11.130364
11.668902
12.149266
12.522037
12.535034
12.558900
12.254861
11.729148
11.108372
10.570942
10.037268
9.480124
8.975630
8.613306
7.981501
7.401847
6.905086
6.283570
5.756660
5.295524
4.759124
4.124653
3.630991
3.065723
2.684670
2.175874
1.750496
1.456501
1.666378
1.979267
2.198655
2.442545
2.744376
3.099614
3.591628
4.099273
4.509795
4.958533
5.283155
5.781520
6.231048
6.683965
7.141012
7.663673
8.115778
8.570166
8.916563
9.308745
9.795431
10.309724
10.637189
11.083446
11.402976
11.650905
11.635528
11.672248
11.760565
11.935937
12.157651
12.432143
12.691090
12.928235
13.258541
13.439047
13.716438
13.921974
14.363412
14.780064
15.182515
15.498006
15.958700
16.345107
16.546906
16.792724
16.631329
16.359847
16.035816
15.650662
15.443530
15.026012
14.712855
14.408754
14.261004
13.938910
13.772919
13.390183
13.109740
12.914964
12.778121
12.654832
12.375557
12.167199
11.848386
11.681500
11.560566
11.455240
11.344002
11.231409
11.217971
11.148671
10.896443
10.476544
10.104706
9.839485
9.944500
9.912318
9.968764
9.968383
9.949747
10.009953
10.103178
10.292926
10.345581
10.348298
10.505472
10.714969
10.998817
11.348320
11.763454
12.288595
12.915669
13.537452
14.066135
14.675547
15.099195
15.490171
15.801351
16.014922
15.838987
15.422441
14.998867
14.788444
14.489014
14.209794
14.003072
13.654995
13.364400
12.853782
12.429848
12.053395
11.730482
11.441419
11.276355
10.961721
10.679146
10.460554
10.155961
9.936054
9.723373
9.542150
9.445514
9.408254
9.209712
8.923848
8.538090
8.337916
8.247452
8.316921
8.239040
8.244208
8.377527
8.470172
8.542266
8.746125
8.954409
9.191155
9.555614
9.983635
10.454911
11.055840
11.811310
12.340314
12.737234
13.323960
13.858098
14.388813
14.909272
15.698602
16.251072
16.377062
16.260758
15.979215
15.498838
15.056320
14.662210
14.058005
13.525945
12.960655
12.560004
12.216901
11.892053
11.719965
11.430076
11.194910
11.012118
10.826268
10.594362
10.402497
10.307241
10.320558
10.281541
10.206687
10.160237
10.245862
10.203761
10.081308
9.708203
9.478935
9.255973
9.103819
9.039640
8.966840
9.032055
9.126524
9.209776
9.310960
9.413227
9.520140
9.692203
9.807264
10.126507
10.429708
10.748469
11.518933
12.542919
13.187080
13.860147
14.261142
14.724445
15.170649
15.572301
15.992806
16.526818
17.061424
17.794492
18.419564
19.083574
19.595916
