2.016626 2.098669
1.951432 2.098760
1.991485 2.239083
1.944936 2.414388
1.850568 2.614714
1.741508 2.686272
1.763058 2.633709
1.709831 2.732643
1.640102 2.732387
1.730043 2.874259
1.945497 3.105822
2.177871 3.365148
2.468298 3.655082
2.680346 3.867724
2.791638 4.055217
2.925390 4.169756
2.959136 4.289429
3.085658 4.279704
3.217966 4.210863
3.213031 4.113945
3.347922 3.521548
3.263358 2.934800
3.072489 2.564625
2.874502 2.304779
2.765814 2.218031
2.696128 2.260802
2.747617 2.395715
2.925454 2.684840
3.178118 2.980892
3.346927 3.226400
3.502008 3.413663
3.519437 3.382062
3.517697 3.340987
3.481939 3.215625
3.598814 3.260513
3.759845 3.250638
3.874645 3.266130
4.070558 3.472385
4.320909 3.705502
4.677307 4.113462
5.045315 4.493325
5.351295 4.698642
5.388062 4.761315
5.285348 4.681618
5.071057 4.493605
4.789739 4.176658
4.501949 3.907329
4.136046 3.483358
3.671842 2.907341
3.275166 2.552260
2.909092 2.394405
2.740433 2.353594
2.785138 2.572184
3.080810 2.920975
3.536469 3.426763
3.911123 3.951173
4.096217 4.282331
4.154611 4.371605
3.931152 4.358736
3.791136 4.207355
3.724283 3.954617
3.817300 3.638284
3.805327 3.217311
3.637930 2.923892
3.404438 2.607355
3.172625 2.432712
2.995375 2.382789
2.901561 2.529546
2.977083 2.913567
3.282818 3.445098
3.652024 4.067179
3.907273 4.514230
4.114748 4.698497
4.299902 4.764852
4.307693 4.707091
4.159862 4.649164
3.940157 4.473246
3.881513 4.310318
3.873004 4.090185
3.815416 3.949644
3.734810 3.956435
3.840900 4.165676
3.996040 4.543007
4.311864 5.097132
4.666854 5.681479
5.013023 6.248277
5.474168 6.741125
5.958776 7.066863
6.419092 7.485774
6.694666 7.811268
7.053916 8.174322
7.322913 8.316473
7.465351 8.415371
7.598259 8.427228
7.848812 8.452706
7.981483 8.498492
8.112179 8.421851
8.189269 8.391276
8.115603 8.159066
8.003902 8.190282
8.190545 8.535543
8.367727 8.665494
8.425421 8.565012
8.448165 8.472115
8.320827 8.211559
8.093870 7.901433
8.043425 7.698091
8.009095 7.566948
7.988076 7.354857
7.843146 7.112242
7.938205 7.272903
7.954814 7.243848
7.917615 7.228622
7.848491 7.168198
7.833067 6.986674
7.846382 6.848213
7.902528 6.824966
7.925833 6.594499
7.911642 6.697717
8.038182 6.718310
8.393171 7.082947
8.433234 7.217190
8.557259 7.391795
8.743453 7.562135
8.899327 7.710001
8.953256 7.821420
9.007393 7.857395
8.847228 7.681056
8.652960 7.409538
8.521673 7.341622
8.581642 7.450452
8.539979 7.372352
8.522866 7.303497
8.302580 6.955057
8.254572 6.954823
7.921111 6.681095
7.870663 6.562442
7.841257 6.603784
7.699584 6.630236
7.725995 6.368360
7.943302 6.539781
7.948867 6.538679
8.073107 6.636418
8.138942 6.699506
8.155848 6.769046
8.312653 6.781196
8.327216 6.826668
8.524383 6.993540
8.679640 7.196864
8.857637 7.387558
8.986060 7.530804
8.948196 7.552167
8.797286 7.685045
8.483775 7.717253
8.052576 7.926898
7.501946 8.220292
6.906387 8.307250
6.544807 8.341448
5.871726 8.198678
5.075110 7.661163
4.658389 7.352417
4.621755 6.488980
4.375692 6.001829
4.316073 5.997161
4.610362 6.330555
4.994908 7.050166
5.326084 7.601512
5.753986 8.408963
6.088078 8.904820
6.419047 9.282404
6.646174 9.646397
6.791867 9.718620
6.719317 9.729089
6.689821 9.526380
6.475153 9.238404
6.289243 8.981393
6.214950 8.610840
6.103570 8.379107
5.616138 7.856435
5.506174 7.703838
5.768040 7.771687
5.639391 7.511410
5.535307 7.490514
5.600689 7.609012
5.373398 7.478428
5.475152 7.405625
5.531883 7.283022
5.548639 7.442590
5.527557 7.322017
5.576869 7.254819
5.408268 6.917550
5.180567 6.515193
5.146752 5.840140
5.118724 5.544002
5.048274 5.556358
5.416345 5.972376
6.012754 6.595968
6.519461 7.259959
6.916760 7.881438
7.264567 8.272022
7.326193 8.360037
7.213295 8.254505
6.968375 8.121587
6.750696 8.150898
6.669042 8.193056
6.668600 8.230753
6.578433 8.194376
6.569628 8.283447
6.604559 8.210706
6.647689 8.213781
6.690794 8.335130
6.777215 8.459412
6.816555 8.715861
6.923764 8.863101
6.984014 9.043303
7.009079 9.283128
7.104852 9.433868
7.187394 9.685466
7.273287 9.802554
7.267142 9.988189
7.445877 10.332970
7.376718 10.496745
7.497723 10.608647
7.576175 10.690001
7.555929 10.624072
7.590431 10.657301
7.530383 10.520108
7.419360 10.459674
6.940958 10.134241
6.505703 9.898338
6.315900 10.113905
5.923027 10.011182
5.671847 9.710062
5.249501 9.170937
5.040430 8.966929
4.890371 8.796936
4.738765 8.570968
4.590953 8.326981
4.690066 8.316535
4.558683 8.246466
4.781283 8.427025
4.766323 8.527615
4.910349 8.471428
5.071490 8.568822
5.248301 8.577780
5.428912 8.653982
5.468260 8.778029
5.527464 8.788030
5.715511 8.965471
5.866182 9.101758
5.939742 9.499772
5.863829 9.771184
5.693049 9.778161
5.470096 9.712641
5.288456 9.661188
5.229223 9.500011
5.113643 9.441511
5.065866 9.360649
4.955148 9.257967
5.001716 9.241043
5.045141 9.269232
5.108742 9.209587
5.111861 9.196474
5.056142 9.297670
4.936974 9.232141
4.904769 9.026896
4.821798 8.692067
4.809708 8.577823
4.780344 8.469063
4.725855 8.106919
4.801841 8.090801
4.748743 7.572683
4.831312 7.155735
4.963766 6.925802
5.202217 6.839367
5.508201 7.078975
5.776320 7.384062
5.917997 7.519226
6.009449 7.787645
6.000887 7.873994
5.904099 7.662649
5.689145 7.271868
5.459860 6.838537
5.023980 6.311039
4.696560 5.416508
4.345062 4.683438
4.031086 4.482635
3.919972 3.704421
3.699441 3.541859
3.504392 3.331436
3.486448 3.362026
3.394420 3.276587
3.457752 3.168903
3.447124 3.216993
3.604674 3.314276
3.741548 3.508454
3.944415 3.635807
4.156003 3.798586
4.170529 3.953747
4.254912 4.060843
4.320048 4.150427
4.330957 4.001753
4.315827 3.983444
4.309107 3.762954
4.117137 3.625222
3.888246 3.302837
3.599915 2.972163
3.399528 2.765882
3.276701 2.751820
3.183383 2.773876
3.194259 2.813455
3.184735 2.904722
3.168720 2.928389
3.264801 3.091361
3.338434 3.251107
3.417749 3.374336
3.425907 3.405155
3.444062 3.358277
3.584601 3.357966
3.691399 3.372856
3.819778 3.357413
3.922768 3.383707
4.044496 3.323967
4.151075 3.445649
4.139076 3.584861
4.192879 3.678877
4.246972 3.615488
4.167210 3.465242
4.020264 3.219929
3.913867 3.089620
3.815021 2.930419
3.716552 2.835389
3.623797 2.847587
3.477270 2.946801
3.290701 2.938432
3.230334 3.086919
