0.338753
0.303403
0.309406
0.454759
0.618998
0.665088
0.673916
0.562425
0.403876
0.189553
0.080449
0.354668
0.644215
0.890750
1.115341
1.427004
1.921020
2.393801
2.931028
3.191966
3.504358
3.544022
3.384592
3.216176
2.947096
2.514306
2.059179
1.693544
1.367545
1.145411
0.778727
0.487759
0.678859
1.309537
2.015419
2.705675
3.303936
3.648635
3.997727
4.467664
4.718830
4.860541
4.668893
4.343334
3.804541
3.219243
2.614888
2.200301
1.595480
1.278043
0.893789
0.540972
0.515886
0.680733
1.029112
1.573827
2.043428
2.481848
2.600514
2.695396
2.784939
2.912153
2.905046
2.783209
2.567974
2.421428
2.283955
2.204514
2.041759
1.912199
2.007535
2.129648
2.363058
2.590173
2.659854
2.935454
3.063923
3.235880
3.548849
3.804835
4.302083
4.747567
5.279937
5.701417
6.358381
6.934893
7.610598
8.461696
9.268664
10.046962
10.800633
11.822705
12.792167
13.873846
14.842357
15.787021
16.762354
17.659841
18.827487
19.591042
20.189258
20.726185
21.149489
21.108720
20.859425
20.501553
20.105236
19.659688
19.185972
18.843796
18.300839
17.900424
17.445495
17.084445
16.752582
16.257782
15.795606
15.592105
15.146626
14.669695
14.210760
13.848661
13.373391
12.905725
12.428672
12.057764
11.893275
12.117152
12.691708
13.233386
13.743956
14.385576
15.048072
15.761093
16.337973
17.142647
17.977361
18.633324
19.280535
20.005808
20.601692
21.333676
21.928507
22.472967
23.023216
23.535395
24.314539
24.862366
25.412423
25.966793
26.256112
26.437051
26.202457
25.587180
24.879500
23.838227
22.717263
21.634664
20.795584
20.027691
19.469345
18.940835
18.812280
18.918578
19.170217
19.744301
20.216343
20.852915
21.427118
22.053654
22.550052
22.767565
22.484862
22.193712
21.795134
21.530766
21.334307
21.229369
21.162399
20.898681
20.985881
20.633715
20.415545
20.272990
20.047761
19.731782
19.240886
18.917706
18.574289
17.860617
17.251748
16.458044
15.796244
15.273841
15.009196
15.158221
15.556180
16.415711
17.292657
17.849986
18.084058
18.092907
17.845758
17.685571
17.564345
17.496565
17.300906
17.163221
16.856689
16.807881
16.711345
16.769609
16.947266
17.121649
17.185048
17.294940
17.379184
17.439892
17.556325
17.507764
17.429342
17.603848
17.578653
17.603746
17.613760
17.468822
17.062565
16.678126
16.220469
15.900922
15.318290
15.028599
14.530480
14.121476
13.922859
13.857187
13.690958
13.772150
13.686299
13.530970
13.407288
13.319821
13.334116
13.425986
13.488579
13.475999
13.693204
13.878479
14.161130
14.284642
14.142817
13.631626
12.961886
12.187210
11.740146
11.129332
10.687480
10.320374
9.833107
9.468540
8.660616
7.969054
7.190904
6.608958
5.805713
5.036516
4.241060
3.791956
3.461606
3.158186
2.586899
2.059075
2.081687
2.351661
2.714818
3.186685
3.563510
3.730651
3.664557
3.465034
2.981349
2.281724
1.776433
1.442940
1.814952
2.052547
2.255274
2.722977
3.010346
3.263150
3.666071
4.220479
4.622085
5.125152
5.542255
6.171049
6.548626
7.067108
7.512601
8.018423
8.540249
9.248220
9.857815
10.317642
10.657482
10.708632
10.507479
10.124056
9.569382
9.157104
8.849652
8.378992
7.997016
7.575130
6.998876
6.612481
6.283334
5.876151
5.476008
5.114881
4.774488
4.418729
4.093517
3.743262
3.665769
3.878146
3.906737
3.827794
3.397390
3.155453
2.833661
2.467129
2.059539
1.630420
1.198358
0.988244
