2.018765 2.096697
1.983727 2.141808
1.991104 2.253115
1.982024 2.392590
2.024598 2.603964
1.929200 2.772085
1.852341 2.928186
1.811947 3.025081
1.767552 3.130342
1.904235 3.361988
2.129487 3.611269
2.325472 3.821214
2.559301 4.093444
2.762870 4.318043
2.965276 4.466535
3.143882 4.624612
3.319755 4.650424
3.546361 4.864671
3.658866 5.040554
3.756774 4.923248
3.795213 4.704449
3.582284 4.249926
3.332968 3.888194
3.170359 3.515291
2.970587 3.253005
2.980017 3.175779
3.085902 3.274983
3.295591 3.503679
3.549525 3.773848
3.826121 4.065654
3.979119 4.209612
4.015115 4.281847
4.042079 4.210621
4.137003 4.203573
4.085972 4.078110
4.025904 4.159488
4.120224 4.148865
4.416339 4.403006
4.818954 4.792260
5.277232 5.246789
5.655555 5.639541
5.884965 5.919350
5.953499 6.128419
5.945196 6.245088
5.890984 6.210550
5.819513 6.140370
5.498731 5.867784
5.299914 5.755079
4.962031 5.416588
4.705502 5.194201
4.571048 4.922977
4.565624 4.725222
4.608415 4.816804
4.907682 5.128043
5.424923 5.494109
5.842032 5.853407
6.082917 6.118639
6.203671 6.258184
6.068532 6.045885
5.852057 5.791184
5.595030 5.467098
5.157848 4.927365
4.641311 4.574786
4.261967 4.279008
3.713003 3.845965
3.443726 3.656289
3.212711 3.443935
3.247031 3.528464
3.525746 3.792025
3.950965 4.213938
4.344457 4.754501
4.571039 5.145633
4.674486 5.388404
4.754669 5.587403
4.797803 5.629157
4.836991 5.632183
4.843609 5.486616
4.799077 5.672400
4.794396 5.740772
4.699032 5.773147
4.687786 5.847300
4.639757 6.090036
4.698712 6.410413
4.803118 6.770658
5.033568 7.228642
5.292272 7.712555
5.555267 8.198871
5.892348 8.690851
6.071237 9.287029
6.259713 9.707173
6.566061 10.173686
6.790080 10.593740
6.987551 11.072637
7.208965 11.399374
7.409167 11.721378
7.525153 12.071282
7.757183 12.420094
7.914813 12.773426
8.054251 12.991871
8.013172 13.306980
8.235374 13.615944
8.238597 13.865308
8.308979 13.951736
8.264474 13.911839
8.201522 13.807431
8.195359 13.842013
8.165031 13.861531
8.114506 13.813409
8.113135 13.828932
8.175309 13.893283
8.352941 14.064624
8.433643 14.122423
8.538631 14.262461
8.687958 14.366040
8.862144 14.475828
9.018645 14.590426
9.160616 14.734204
9.263506 14.967127
9.450595 15.170567
9.583691 15.404392
9.788025 15.612541
9.988524 15.833539
10.173301 16.003869
10.365185 16.178024
10.542476 16.357349
10.681176 16.462935
10.706841 16.540256
10.685318 16.508512
10.581919 16.552350
10.331162 16.634277
10.303153 16.663900
10.314520 16.671439
10.313721 16.681011
10.355238 16.722282
10.398290 16.813565
10.452424 16.880908
10.420266 17.017070
10.503150 17.067469
10.581095 17.209181
10.589692 17.316278
10.727908 17.466349
10.763419 17.593147
10.909596 17.726186
11.033920 17.816190
11.174082 17.929841
11.120821 18.081714
10.937732 18.165047
11.051488 18.170489
11.094188 18.242307
11.195648 18.276014
11.262870 18.245399
11.256208 18.212985
11.367097 18.248535
11.310379 18.226105
11.135505 18.172938
10.907810 18.007584
10.661641 17.661988
10.572623 17.412649
10.199746 17.010671
10.097546 16.841526
10.065714 16.686933
9.648750 16.211255
9.723126 15.995046
9.853490 16.122198
10.310555 16.794914
10.824385 17.719532
11.234379 18.289354
11.487173 18.604569
11.781302 18.777697
12.075797 19.087760
12.360652 19.317606
12.460530 19.503743
12.481772 19.487822
12.417810 19.457976
12.361747 19.431390
12.311989 19.401759
12.277829 19.458432
12.291645 19.602621
12.293552 19.661846
12.311336 19.716390
12.378866 19.919102
12.413624 19.984056
12.345280 20.032004
12.254446 20.020395
12.114981 20.019872
12.194574 20.117118
12.207640 19.982698
12.160569 19.976354
12.065689 19.741735
12.042990 19.612221
12.023872 19.380869
12.078464 19.327564
12.413701 19.624018
12.526390 19.659070
12.644862 19.697016
12.921191 20.332459
13.134825 20.744145
13.519937 21.167250
13.703025 21.354801
13.913850 21.529045
13.857753 21.556400
13.771907 21.587267
13.760540 21.588346
13.704936 21.592065
13.649512 21.644760
13.648858 21.683295
13.730800 21.757961
13.774666 21.781829
13.859397 21.849746
13.941227 21.894377
14.059311 21.958129
14.128375 21.929319
14.178360 21.968113
14.301311 21.973202
14.467671 22.035306
14.628113 22.095277
14.790843 22.152323
14.992302 22.281524
15.312064 22.400103
15.711846 22.505362
15.974509 22.667104
16.135541 22.759233
16.255087 22.849189
16.393157 22.921003
16.530902 22.997643
16.595350 23.052249
16.622455 23.054492
16.603846 23.027930
16.556853 23.000301
16.483035 23.043300
16.432733 23.071199
16.415834 23.128236
16.418376 23.204882
16.464658 23.236932
16.411990 23.323327
16.279359 23.256978
16.322732 23.326430
16.243250 23.396817
16.283146 23.458517
16.293747 23.507727
16.363731 23.552478
16.455325 23.593590
16.539607 23.612014
16.585459 23.476011
16.701694 23.496504
16.833032 23.583336
17.142239 23.690390
17.240656 23.730364
17.365626 23.872728
17.469265 23.994351
17.497081 24.075336
17.401579 24.035872
17.267098 23.886818
17.260458 23.745502
17.217370 23.509939
17.115519 23.456695
16.987419 23.410674
16.914982 23.161841
16.911833 23.111140
16.900469 23.005728
16.713245 22.661869
16.584783 22.633362
16.528258 22.529212
16.338236 22.423431
16.418111 22.245155
16.279843 22.220790
16.306222 22.176781
16.337157 22.194656
16.408142 22.242567
16.573815 22.494712
16.652257 22.549816
16.553436 22.327914
16.439446 22.227871
16.379793 22.189811
16.319665 21.967118
16.381501 22.042455
16.518740 22.207785
16.642727 22.382528
16.680809 22.459151
16.615911 22.447855
16.516078 22.330496
16.342357 21.989804
16.107530 21.445374
15.966349 21.124442
15.837366 21.151589
15.750219 21.046775
15.514792 20.931752
15.416227 20.597119
15.331740 20.189068
15.337465 20.107311
14.933607 19.755831
14.780708 19.337182
14.334376 19.075451
14.183247 18.802972
13.885048 18.701781
13.762349 18.180268
13.642405 17.726569
13.508180 17.205457
13.160804 17.111996
13.111036 16.539123
13.015307 15.963971
13.016870 15.624635
12.811869 14.535389
12.287309 14.102608
11.971110 13.729902
11.545073 13.461928
10.949843 12.781698
9.727401 12.194802
9.460015 11.504645
8.508047 11.406377
8.313656 10.737465
7.499730 10.475857
7.495587 10.187924
7.424361 9.619649
7.215691 9.186714
7.289344 9.045454
7.293592 8.993611
7.064790 8.881696
7.069148 8.511409
7.137253 8.558394
7.042476 8.327462
6.952258 6.948929
6.925659 6.973864
6.866331 6.707888
6.790824 6.451320
6.763293 6.400102
6.433628 6.149707
6.212813 6.067784
6.048415 5.913427
5.941532 5.827018
5.630061 5.708234
5.285573 4.429623
5.240792 4.153769
5.098211 4.110081
4.834637 3.994325
4.668745 3.840360
