0.373724
0.449216
0.398010
0.299017
0.267498
0.181280
0.177738
0.173896
0.210502
0.280764
0.362110
0.313219
0.378773
0.485748
0.701363
0.862951
1.220769
1.579764
1.905571
2.133534
2.317777
2.234877
1.958096
1.538920
1.180910
0.944713
0.900565
1.237063
1.651107
2.084909
2.458278
2.743620
3.187217
3.628106
4.135397
4.512665
4.847862
4.990098
5.023702
5.018168
5.059756
4.986635
4.663029
4.256180
3.517428
2.746683
2.136877
1.659820
1.271356
1.283764
1.358779
1.305826
1.323085
1.328971
1.316885
1.304617
1.370980
1.579493
1.926636
2.183122
2.580026
2.944441
3.163394
3.480107
3.466255
3.369121
3.335738
3.417617
3.442741
3.635489
3.781899
3.973867
4.229931
4.452836
4.581413
4.688814
4.723066
4.613241
4.491368
4.318462
4.303692
4.299548
4.534706
4.750565
5.298634
5.756158
6.457719
7.012855
7.664314
8.178086
8.765495
9.355204
9.681145
10.172162
10.742962
11.247970
11.659370
12.071896
12.627533
13.162602
13.808232
14.242152
14.502586
14.472733
14.215687
13.652647
13.305160
12.799159
12.239272
11.681458
11.278786
10.596293
9.997518
9.429185
8.699478
8.070700
7.423652
6.805209
6.280268
5.754683
5.250145
4.781748
4.314447
3.798636
3.299176
2.730775
2.643089
2.868101
3.199964
3.685450
4.317401
4.835823
5.239298
6.010740
6.624538
7.278294
7.926383
8.573152
9.224094
9.933203
10.676388
11.372244
11.851794
12.493675
12.910932
13.584171
14.121813
14.598880
15.104765
15.484122
15.687744
15.461311
14.955543
14.562741
14.352438
14.172307
14.052206
14.083774
14.202256
14.168560
14.107748
14.253296
14.478805
14.542543
14.495732
14.580763
14.730538
14.683460
14.751198
14.625904
14.967349
15.076190
14.508939
14.168380
13.881795
13.808012
13.691832
13.663664
13.756052
13.850999
14.053432
14.302618
14.533402
14.901395
15.069185
15.668351
16.020144
16.455504
16.809568
17.116599
17.419236
17.656210
18.068454
18.345904
18.703480
19.041475
19.253645
19.519456
19.628517
19.384843
19.100900
18.637897
18.064623
17.767813
17.309931
16.811793
16.539444
16.135958
15.813201
15.534610
15.482793
15.406607
15.308570
15.202556
15.256585
15.436967
15.597312
15.603532
15.722725
15.784251
15.633709
15.507674
15.155337
15.106745
14.856585
14.342279
13.863019
13.457667
13.172226
13.215658
13.124609
13.279045
13.544430
13.955412
14.502913
15.101254
15.750693
16.239296
16.624505
16.987688
17.109971
17.292234
17.445160
17.682810
17.778029
18.025052
18.236837
18.395223
18.629681
18.899660
18.921652
18.610875
18.088297
17.449465
16.803145
16.389798
15.797505
15.464121
15.127577
14.678120
14.281940
14.209144
14.048680
13.970783
13.902766
13.878891
14.065086
14.116251
14.097616
13.998951
13.866688
13.641063
13.488514
13.203796
12.975357
12.805101
12.689158
12.306876
11.999175
11.989853
12.079805
12.160181
12.496615
12.672119
13.051555
13.197757
13.561113
14.047738
14.508797
15.036073
15.490324
15.806763
16.060870
16.332102
16.507978
16.675126
16.832018
16.790800
16.896488
16.986608
17.029401
16.999583
16.865447
16.767066
16.527887
16.192945
15.775994
15.185768
14.761018
14.411198
13.955759
13.493737
13.128249
12.563080
12.153108
11.948438
11.853592
11.849666
11.742036
11.888304
11.893981
12.100347
11.987393
12.208621
12.297976
12.192932
11.934227
12.188211
12.497715
12.862631
13.177164
13.451067
13.729070
14.021148
14.276880
14.626465
