0.373724
0.449216
0.416793
0.381780
0.386492
0.441113
0.455785
0.264565
0.134689
0.214174
0.477280
0.847019
1.289399
1.652354
1.996252
2.487650
2.949078
3.184933
3.295555
3.352874
3.188717
2.810703
2.584730
2.250850
1.967134
1.675393
1.290687
1.008768
0.824059
0.818281
0.740536
0.556801
0.943404
1.694129
2.349630
3.132363
3.728526
4.050222
4.304314
4.524779
4.687243
4.709304
4.591005
4.212289
3.717826
3.101024
2.615839
2.211005
1.866794
1.667459
1.601591
1.536984
1.592079
1.938971
2.402434
3.081220
3.864129
4.386467
4.662070
4.657715
4.588606
4.432423
4.267363
4.238717
4.058323
3.838571
3.732261
3.660812
3.634821
3.628085
3.617535
3.682171
3.896880
3.927726
3.921219
3.864930
4.078969
3.957425
4.143565
4.406024
5.005375
5.622460
6.263533
6.906375
7.629236
8.221131
8.983073
9.437797
9.989244
10.459070
10.995020
11.463974
12.031331
12.499825
13.031873
13.494976
13.895522
14.496801
15.028926
15.521192
15.955995
16.332451
16.422703
16.246473
15.881248
15.405431
14.908898
14.506598
14.168336
13.718572
13.453096
13.281522
12.971775
12.826512
12.559977
12.385793
12.374349
12.599859
12.615789
12.388697
12.257951
12.213613
12.092468
11.995429
11.969305
11.697895
11.360640
11.420891
11.717967
12.302600
12.589711
13.007296
13.415871
13.825323
14.246225
14.723252
15.009280
15.439715
15.700370
16.286438
16.513722
16.851445
17.209549
17.514344
17.810696
18.137642
18.590562
18.917521
19.243099
19.497448
19.467651
19.233696
18.731660
17.996846
17.167211
16.229454
15.543974
15.259381
15.184898
15.381739
15.739954
16.039369
16.234904
16.303477
16.432290
16.311691
16.265147
16.139357
16.018928
15.777163
15.931188
15.669598
15.339717
14.954435
14.759930
14.640114
14.647962
14.428011
14.279845
14.428257
14.472399
14.609940
14.744926
14.967943
15.144929
15.345396
15.509395
15.728379
15.820829
15.858313
15.809732
15.761019
15.862141
15.954282
16.138763
16.776745
17.591304
18.854390
19.659618
19.873560
19.371272
18.921108
18.442417
18.006858
17.540699
17.087359
16.616902
16.222566
15.879218
15.463311
15.134283
14.884570
14.491797
14.311802
14.080446
14.033721
14.068871
13.838924
13.829937
13.911454
13.731388
13.558785
13.348792
13.264750
13.118148
12.887271
12.539324
12.225843
12.018480
12.101529
12.313832
12.497078
12.797993
13.129577
13.460133
13.853640
14.119608
14.363570
14.644137
15.013923
15.247852
15.548840
15.834340
16.161696
16.461182
16.796615
17.090039
17.466423
17.649542
18.047430
18.136830
18.003379
17.775554
17.348843
16.968639
16.582473
16.100118
15.695696
15.176402
14.825031
14.442358
14.119676
13.792924
13.536704
13.357489
13.183652
13.030018
12.916208
12.698070
12.559263
12.366361
12.079909
11.882587
11.469846
11.122474
10.774325
10.479264
10.087988
9.780877
9.784209
10.076079
10.420731
10.680310
11.000101
11.315485
11.687094
12.086120
12.614546
13.002035
13.545008
13.814369
14.169761
14.414532
14.842048
15.098827
15.392172
15.784141
16.054109
16.480686
16.711658
16.893752
17.317949
17.682796
17.858333
17.756296
17.469421
17.128106
16.644455
16.258740
15.782794
15.481014
15.113041
14.746545
14.248518
14.006786
13.519609
13.254935
12.844727
12.664029
12.353119
12.195211
12.150595
11.984337
11.758795
11.413732
11.201060
11.131099
11.172971
11.517094
11.856258
12.283774
12.657679
12.993927
13.374033
13.671388
14.066158
