50
50
90
90
80
90
90
90
90
120
120
120
130
160
150
160
160
190
220
260
260
300
330
330
340
320
360
370
360
370
370
370
370
360
410
400
400
400
400
440
440
440
440
440
440
440
440
440
480
470
480
480
470
480
470
470
480
470
470
470
480
480
470
510
510
510
520
510
510
510
520
540
550
540
550
550
550
550
550
590
580
580
590
580
580
590
580
590
590
580
600
580
590
580
590
580
590
590
580
590
590
580
590
590
580
590
580
630
620
620
630
660
660
670
700
700
700
700
700
700
700
700
710
700
700
700
700
700
700
740
740
780
780
780
780
770
770
780
780
780
820
820
820
860
860
860
850
860
860
860
860
860
860
860
860
860
860
850
860
860
860
860
870
850
850
860
900
900
900
900
900
900
900
900
890
890
940
930
940
940
940
950
940
940
990
980
980
980
980
990
990
980
980
980
990
980
990
980
980
990
1020
1030
1020
1030
1020
1030
1020
1030
1020
1070
1060
1070
1060
1060
1110
1110
1110
1110
1100
1110
1110
1110
1150
1200
1190
1190
1190
1200
1190
1190
1200
1190
1190
1200
1190
1190
1200
1190
1240
1280
1290
1280
1290
1280
1290
1320
1330
1330
1330
1330
1330
1330
1330
1320
1330
1330
1330
1330
1320
1330
1330
1330
1330
1330
1330
1320
1330
1370
1380
1370
1380
1370
1380
1370
1370
1380
1370
1380
1370
1370
1380
1380
1420
1470
1470
1470
1470
1470
1510
1520
1520
1510
1510
1510
1520
1520
1520
1510
1520
1510
1520
1520
1510
1520
1510
1520
1510
1520
1510
1520
1520
1510
1520
1510
1520
1510
1520
1510
1520
1560
1570
1560
1560
1560
1560
1570
1600
1610
1610
1610
1610
1610
1660
1660
1660
1660
