180
260
150
190
220
270
300
350
380
430
470
460
470
460
470
460
470
470
460
470
470
460
470
470
460
470
470
460
470
460
470
460
470
470
460
470
460
460
460
470
470
470
460
470
470
470
470
470
470
470
470
470
470
470
480
460
470
470
470
470
470
470
470
470
460
470
470
470
470
460
470
470
470
460
470
470
460
470
460
470
460
470
470
460
470
470
460
470
470
470
470
470
470
460
480
460
470
470
470
470
470
470
470
470
460
480
460
470
470
470
470
460
470
470
470
470
460
470
470
460
470
470
460
470
470
470
470
460
470
470
460
470
460
470
460
460
470
460
460
460
470
460
460
460
470
460
460
460
460
470
460
470
460
470
470
470
460
460
470
470
460
480
460
480
460
480
470
470
470
470
470
470
470
470
470
470
470
470
470
470
470
470
470
460
470
470
470
470
470
470
470
470
460
480
460
480
460
480
460
470
470
470
470
470
470
470
470
470
470
470
470
470
470
470
470
470
470
470
470
470
470
470
480
460
480
460
480
460
470
470
470
470
470
470
470
470
470
470
460
480
460
470
470
470
470
470
470
460
470
460
470
470
470
470
470
470
470
470
460
470
460
480
460
470
470
470
470
470
470
470
470
470
470
470
470
470
480
460
480
460
480
460
470
460
470
470
470
470
470
470
470
470
460
470
470
460
460
470
460
470
460
460
470
460
470
460
460
460
470
470
460
460
470
460
460
460
470
470
460
470
470
460
470
470
460
470
470
460
470
470
460
470
470
470
470
470
