0.373724
0.449216
0.399965
0.261339
0.146988
0.149959
0.209484
0.241529
0.227746
0.373502
0.517787
0.600887
0.403512
0.348443
0.351291
0.374796
0.636340
1.017022
1.342274
1.702471
1.990993
2.100443
1.886014
1.548361
1.268124
1.127544
1.160452
1.406274
1.687594
2.046034
2.372947
2.767438
3.247012
3.629307
3.843407
3.943641
3.906028
3.684100
3.408712
3.207299
3.047111
2.750698
2.508822
2.227607
1.952123
1.925184
2.020559
2.141270
2.317608
2.310176
2.241309
2.344783
2.360022
2.388010
2.561743
2.615094
2.646852
2.690148
2.689644
2.690357
2.597073
2.671634
2.821142
3.138661
3.225757
3.245615
3.320832
3.453546
3.614020
3.755168
4.097847
4.413884
4.810292
5.193504
5.546716
5.781782
5.880021
5.624453
5.242422
4.937955
4.642005
4.505205
4.543418
4.887469
5.260903
5.683811
6.189251
6.616917
7.129419
7.792232
8.376898
8.917478
9.430811
10.029920
10.526407
10.980432
11.515043
12.111574
12.534286
13.157378
13.742318
14.211313
14.399457
14.233344
13.889869
13.403268
12.918764
12.351250
11.696312
11.189773
10.726810
10.335658
10.106401
9.749855
9.336136
9.129868
8.742040
8.475983
8.069251
7.618959
7.133548
6.905578
6.582403
6.302950
6.001528
5.616442
5.299389
4.958648
4.918219
5.263291
5.479893
5.913256
6.205601
6.547293
6.886546
7.360742
7.834364
8.233427
8.685226
9.053245
9.525755
10.047859
10.472379
10.984603
11.330374
11.939326
12.454138
12.862541
13.327656
13.615632
13.844810
13.942177
13.851259
13.757899
13.696608
13.560373
13.573486
13.376654
13.325339
13.151503
13.116112
13.060500
12.987236
12.980774
13.088689
13.226959
13.351368
13.162756
12.920896
12.684925
12.498428
12.365350
11.966744
11.712761
11.474420
11.579090
11.491344
11.393692
11.324063
11.287010
11.278914
11.449907
11.596131
11.725584
11.925534
12.211268
12.503060
12.824923
13.228052
13.462477
13.528401
13.727732
13.924055
13.949413
13.926108
13.943861
14.037007
14.353541
14.485849
14.497754
14.128559
13.780894
13.363606
13.059513
12.767716
12.405897
12.053904
11.724124
11.607969
11.529266
11.551852
11.346242
11.215370
11.309985
11.211742
11.166393
11.278991
11.162532
10.998180
10.840823
10.670530
10.611848
10.541341
10.382074
10.193358
9.916574
9.628051
9.294666
9.192967
9.356048
9.409540
9.433984
9.642816
9.896057
10.157083
10.411686
10.831833
11.225450
11.450237
11.748286
11.932094
12.072815
12.173076
12.277897
12.260174
12.408748
12.580906
12.700694
12.697095
12.461796
12.341997
12.049935
11.529723
11.186319
10.816083
10.436982
10.037498
9.861577
9.755589
9.653516
9.621811
9.485834
9.502726
9.678255
9.828458
9.960413
9.914017
9.817707
9.642473
9.430389
9.172090
8.744154
8.414171
8.086406
8.043200
8.053970
8.167598
8.101578
8.022212
8.142339
8.270231
8.267431
8.355116
8.518019
8.577838
8.779718
8.934594
9.119444
9.397704
9.831680
9.969696
10.327704
10.571097
10.785677
10.939115
10.988183
11.043836
11.120351
11.267843
11.236150
11.050259
10.930087
10.850673
10.754764
10.556798
10.240571
9.855199
9.514437
9.032855
8.627830
8.320130
8.082495
7.987613
7.930169
7.708512
7.533019
7.460711
7.334441
7.512275
7.637342
7.796254
7.856799
7.772460
7.518272
7.292478
7.127529
7.095007
7.140931
7.358225
7.717285
7.999035
8.300875
8.612786
8.918477
9.354968
9.764763
