20
40
40
50
50
50
50
40
50
70
60
70
70
90
90
80
90
100
130
150
160
170
190
190
190
200
210
210
220
210
210
220
210
220
230
240
230
230
240
260
260
260
250
260
260
250
260
260
280
280
280
280
280
280
280
280
280
280
280
280
280
280
280
300
300
300
300
300
300
300
300
320
330
320
330
320
320
320
320
340
350
340
350
340
350
340
350
340
350
340
350
350
340
350
340
350
350
340
350
350
340
350
350
340
350
350
340
370
370
380
370
400
390
400
430
420
430
420
430
430
430
430
430
430
440
430
440
430
440
460
470
490
490
490
480
490
490
480
490
480
510
510
510
540
540
530
540
530
530
540
530
530
530
530
540
530
540
520
540
530
530
530
530
520
540
530
560
560
560
560
560
570
560
560
560
570
590
600
600
590
600
600
590
600
630
620
630
620
630
620
620
620
620
620
620
620
630
620
620
620
650
660
640
660
640
650
650
650
650
680
690
670
680
670
700
700
700
700
700
700
710
710
730
770
760
770
770
770
770
770
770
770
770
770
770
780
770
770
810
830
840
840
840
830
830
870
860
870
860
860
870
870
870
860
860
870
870
860
870
860
870
860
860
860
860
860
860
900
890
900
900
900
890
890
900
900
900
900
900
890
900
900
940
960
970
960
970
970
990
1000
1000
990
1000
990
1000
990
990
1000
990
990
1000
990
990
990
990
990
990
1000
990
990
1000
1000
990
990
1000
990
990
1000
980
1030
1020
1030
1010
1020
1020
1020
1050
1050
1040
1050
1050
1050
1090
1070
1080
1080
