1180
1190
1190
1190
1190
1190
1190
1180
1200
1230
1150
1150
1160
1160
1150
1160
1150
1160
1160
1200
1150
1150
1160
1150
1160
1150
1160
1160
1150
1200
1150
1160
1150
1160
1150
1160
1150
1150
1160
1200
1150
1160
1150
1160
1160
1150
1150
1150
1150
1200
1150
1160
1150
1160
1150
1150
1160
1150
1150
1200
1160
1150
1160
1150
1160
1150
1160
1150
1150
1200
1150
1160
1150
1160
1150
1160
1160
1150
1150
1200
1160
1150
1150
1160
1150
1150
1150
1160
1160
1190
1160
1160
1150
1160
1150
1160
1150
1150
1160
1200
1150
1160
1160
1160
1150
1160
1150
1150
1160
1200
1160
1160
1150
1150
1160
1150
1150
1160
1150
1200
1150
1160
1150
1160
1150
1160
1150
1160
1150
1210
1150
1160
1150
1150
1160
1150
1150
1160
1150
1200
1150
1160
1150
1150
1160
1150
1160
1150
1160
1200
1160
1150
1160
1150
1150
1160
1150
1150
1160
1200
1160
1150
1150
1160
1150
1150
1160
1150
1150
1210
1150
1160
1150
1160
1150
1160
1150
1160
1160
1190
1150
1160
1150
1160
1150
1160
1150
1160
1150
1200
1150
1150
1160
1150
1150
1160
1160
1150
1150
1200
1160
1150
1160
1150
1160
1150
1160
1160
1150
1200
1160
1150
1150
1160
1150
1150
1160
1150
1150
1200
1160
1160
1160
1150
1160
1150
1150
1160
1150
1200
1150
1160
1150
1150
1160
1150
1160
1150
1160
1200
1150
1150
1160
1160
1150
1160
1150
1160
1160
1190
1150
1160
1150
1160
1160
1150
1160
1160
1170
1200
1150
1160
1150
1150
1160
1160
1160
1150
1160
1200
1150
1160
1150
1160
1150
1160
1160
1150
1160
1200
1170
1150
1160
1160
1150
1160
1160
1160
1160
1200
1150
1160
1150
1150
1160
1160
1150
1160
1150
1200
1160
1150
1170
1160
1170
1170
1150
1160
1150
1200
1160
1150
1160
1160
1160
1150
1160
1150
1160
1200
1150
1170
1160
1150
1160
1150
1160
1150
1160
1200
1160
1150
1160
1160
1160
1150
