0.373724
0.449216
0.397536
0.303856
0.316084
0.353540
0.268223
0.230063
0.201939
0.295753
0.225454
0.225084
0.211431
0.282572
0.295546
0.599704
0.793069
0.896752
1.116153
1.315616
1.553559
1.611219
1.409207
1.012730
0.977839
1.100305
1.343520
1.731126
2.097204
2.526309
2.911591
3.359854
3.675955
4.217357
4.737061
5.285106
5.688546
5.945544
6.094558
6.455726
6.749100
6.888168
6.594424
6.213979
5.452628
4.598901
4.070578
3.875134
3.620394
3.414753
3.138357
2.971449
2.864368
2.697555
2.654303
2.518324
2.517921
2.503091
2.474867
2.408530
2.410942
2.393494
2.798139
2.963569
2.935257
2.854911
2.929196
2.966067
3.088975
3.195594
3.327379
3.495369
3.709342
3.998360
4.310459
4.525799
4.740142
5.009031
5.069768
5.014951
5.035743
5.145894
5.327585
5.586288
5.905080
6.153942
6.365156
6.787400
7.200397
7.730525
8.167156
8.872797
9.551096
10.020083
10.379284
10.904501
11.331905
11.756680
12.112580
12.596460
13.110978
13.604828
13.910427
14.002135
13.775364
13.368075
13.063316
12.858522
12.469307
12.137930
12.038081
11.781986
11.499213
11.234269
11.207772
11.114451
11.061932
11.005946
10.992358
11.247873
11.296208
11.393920
11.561140
11.785040
12.034121
12.386273
12.953989
13.333555
13.734760
13.799094
13.978511
14.159211
14.750307
14.881624
14.942410
15.360938
15.548964
15.731564
15.891545
16.415132
16.717133
16.932019
17.325776
17.636628
18.052098
18.515112
18.665986
19.135676
19.276233
19.427229
19.693482
20.079056
20.491176
20.861323
21.254077
21.751596
22.464733
23.118945
23.591231
24.372504
25.253083
26.026158
26.697187
27.359259
27.805377
28.554454
29.185780
29.759560
30.464715
30.927688
31.523406
31.888906
31.940215
31.806737
31.251238
30.848405
30.808892
30.522175
30.173831
29.930612
29.813971
29.389510
28.986477
28.736434
28.578764
28.483053
28.005441
27.523912
27.021574
26.527191
26.032739
25.547712
25.093202
24.631397
24.159267
23.664063
23.198363
22.828483
22.631369
22.529721
22.423493
22.435111
23.013795
23.460548
24.089083
24.374896
24.907782
25.296133
26.046001
26.534166
27.212820
27.842273
28.434439
29.205705
29.906469
30.495139
31.248797
32.042093
32.713674
33.458065
34.034498
34.638792
35.267596
35.836014
36.326272
36.715876
36.887764
36.670816
36.282556
35.497315
34.967516
34.389953
34.061630
33.615589
33.462436
33.151057
32.955419
32.578332
32.158455
31.541874
31.469224
30.645878
30.094303
29.646078
29.023753
28.278252
27.811311
26.902481
26.429238
25.751003
25.278051
24.907177
24.988825
25.052086
25.577662
26.006601
26.448214
26.889643
27.417560
27.805743
28.278795
28.804011
29.378677
30.001747
30.665425
31.435384
32.101592
32.816182
33.527146
34.199583
34.888215
35.350843
35.994144
36.436270
36.980345
37.608358
38.129150
38.540973
38.534553
38.156440
37.553727
36.751096
36.188886
35.729053
35.379189
35.168061
34.846517
34.419879
33.903263
33.491067
32.864224
32.310676
31.593698
30.886466
30.185518
29.579719
28.996801
28.368057
27.722766
27.162265
26.492041
25.826240
25.113193
24.592566
24.458466
24.408234
24.757605
25.190673
25.296022
25.766613
26.204696
26.561464
26.853519
27.184794
27.802967
28.264164
28.905096
29.661634
30.563189
31.453307
32.176516
33.004032
33.800301
34.494025
35.171052
35.703220
36.136826
36.233909
36.294153
36.286059
36.245154
36.232894
36.295841
36.323040
36.486689
36.474961
