0.338753
0.300647
0.269143
0.189790
0.128615
0.156203
0.208544
0.230162
0.223496
0.218461
0.235226
0.397496
0.693546
0.721237
0.873339
0.990635
1.051072
1.403151
1.740268
2.036211
2.186167
2.022361
1.792405
1.410470
0.935886
0.551954
0.255348
0.456975
0.953677
1.358376
1.876887
2.355833
2.839959
3.317004
3.725122
3.981026
4.069722
4.046965
3.811025
3.623683
3.314585
2.899580
2.634939
2.144306
1.912172
1.920397
2.148917
2.305515
2.403304
2.287191
2.042575
1.755444
1.448154
1.278171
1.125130
1.028917
0.940932
0.779369
0.803729
0.880418
1.070006
1.266357
1.552711
1.610299
1.588264
1.584644
1.606751
1.713112
1.740841
1.906424
2.093244
2.363793
2.576175
2.773858
3.063054
3.213201
3.282929
3.234668
3.066226
3.063439
3.297255
3.612433
4.056606
4.394530
4.833977
5.284272
5.737136
6.224730
6.712609
7.259227
7.711539
8.176051
8.672843
9.153288
9.626177
9.982504
10.525943
10.980059
11.384338
11.898637
11.991557
12.146351
12.080159
11.735393
11.231261
10.695259
10.177881
9.742419
9.233228
8.763612
8.153762
7.603638
6.990798
6.523651
6.045023
5.553556
5.253604
4.893653
4.382381
4.102655
3.723300
3.425787
3.321926
3.256571
3.398894
3.395083
3.142009
2.654762
2.192710
1.987894
1.850216
1.778603
1.901252
2.194524
2.701833
3.092780
3.567414
3.980120
4.532405
5.025650
5.361855
5.794108
6.184736
6.588049
6.965196
7.431491
7.912884
8.394151
8.919018
9.600563
9.859204
10.138925
10.259608
10.350934
10.184786
9.630280
9.148031
8.406108
7.936550
7.513365
7.236107
7.260250
7.459889
7.799493
8.401884
8.740327
9.090128
9.094056
9.064236
8.982157
9.125260
9.275171
9.433094
9.398453
9.023807
8.741110
8.385483
7.822188
7.234144
6.897418
6.482711
6.591718
6.770703
7.007282
6.929408
6.832213
6.534031
6.280199
6.068052
5.890363
5.997018
6.407537
6.649726
6.939751
7.537679
7.835831
7.927396
7.879742
7.638141
7.303422
6.671785
6.266940
5.872334
5.528386
5.402665
5.469764
5.797024
6.022295
6.013270
5.894318
5.489798
4.990197
4.525635
4.143093
3.981451
4.219732
4.651103
5.321815
6.006804
6.295705
6.133035
6.217636
6.288260
6.504513
6.872850
7.365310
7.879975
8.201596
8.344681
8.156553
7.275212
6.300771
5.276558
4.754323
4.715590
5.077246
5.782100
6.312738
6.571814
6.607612
6.335365
6.062852
5.929095
5.931266
6.020175
6.195562
6.550269
6.811897
7.045913
7.362845
7.310289
6.970545
6.698100
6.517396
6.640974
6.908723
7.144721
7.357077
7.424845
7.338362
6.760954
6.220247
5.469050
5.058601
5.021562
5.144437
5.568892
5.886783
6.120409
6.303971
6.111396
6.035424
5.918199
5.981494
6.441368
7.182343
8.074581
8.931232
9.571891
10.044245
10.085264
9.641702
8.813721
7.489730
6.207704
5.415285
5.395988
5.585928
5.872730
6.045229
5.862762
5.959873
5.976613
5.828107
5.700986
5.521108
5.482079
5.525396
5.683129
5.706476
5.689469
5.727053
5.740031
5.795690
5.781434
5.313576
4.809447
4.236124
3.660450
3.222148
2.889738
2.798264
2.806386
2.657459
2.409636
1.905935
1.382187
1.017860
1.217565
1.770665
2.268227
3.253470
4.174208
4.760244
4.993216
4.989092
5.020638
5.025858
5.099006
5.170336
5.286278
5.430409
5.508773
5.611547
5.787086
6.003612
