1.993820 2.079695
1.945684 2.060595
1.872564 2.129264
1.822719 2.308665
1.868478 2.573118
1.893177 2.759949
1.841952 2.924395
1.725026 3.047143
1.672693 3.136326
1.588948 3.297163
1.601848 3.460057
1.647583 3.552931
1.592814 3.645065
1.626691 3.771399
1.672918 3.737801
1.741504 3.695509
1.927777 3.723780
2.170575 3.903143
2.489697 4.124159
2.698398 4.324804
2.772052 4.482658
2.656482 4.219325
2.430559 3.937620
2.166644 3.677105
1.933935 3.348239
1.890359 3.126682
1.912066 3.058202
2.085492 3.042382
2.142995 3.119879
2.323631 3.025144
2.400390 2.962716
2.445999 2.971484
2.611575 3.081743
2.859046 3.383443
3.202207 3.726182
3.603767 4.041183
4.045873 4.344963
4.589871 4.713464
5.131082 5.014148
5.574747 5.341659
5.925641 5.551179
6.050217 5.641130
6.003939 5.562041
5.754364 5.382590
5.354752 5.145160
5.142723 4.922906
4.994787 4.782603
4.931329 4.787944
4.806737 4.749749
4.745125 4.805777
4.694127 4.845625
4.482835 4.791678
4.309773 4.763512
4.203946 4.801952
4.088483 4.847822
4.086960 4.823670
3.759734 4.881169
3.603450 4.763007
3.454212 4.612490
3.506164 4.613615
3.518474 4.707970
3.444771 4.523815
3.263794 4.345555
2.999424 4.176951
2.631408 3.887228
2.523852 3.696532
2.416277 3.678004
2.472634 3.712243
2.513242 3.811317
2.566600 3.907812
2.562389 4.004854
2.645107 4.050316
2.762479 4.070131
2.890970 4.227304
3.099831 4.449481
3.493494 4.805878
3.979389 5.211264
4.483267 5.624195
4.823661 5.871103
5.105747 6.067048
5.299276 6.190026
5.520056 6.225078
5.733909 6.312967
5.990504 6.434889
6.197572 6.582265
6.392883 6.757797
6.563498 6.913282
6.773843 7.073778
6.956993 7.273778
7.120185 7.424289
7.305052 7.599308
7.280974 7.632526
7.263307 7.533549
7.181748 7.581717
7.317603 7.628284
7.343394 7.603422
7.247659 7.566094
7.027497 7.227289
6.915360 7.182919
6.644749 7.071046
6.566585 6.978317
6.479059 6.920846
6.289656 6.820727
6.178759 6.595269
5.768031 6.428596
5.576585 6.355988
5.332277 6.113222
5.007173 5.902094
4.815270 5.844374
4.764030 5.727093
4.834663 5.722649
4.595631 5.584482
4.484392 5.356023
4.465899 5.363166
4.432032 5.296394
4.423454 5.419347
4.509512 5.329098
4.422209 5.226141
4.529096 5.132911
4.620164 5.237585
4.623620 5.310972
4.655426 5.264737
4.652119 5.289680
4.824473 5.422446
4.818286 5.448921
4.741718 5.458679
4.600130 5.470257
4.369471 5.325852
4.220577 5.032276
3.922585 4.663658
3.857153 4.524749
3.609558 4.360526
3.523696 4.216131
3.479618 4.188175
3.468390 4.126751
3.419404 4.042418
3.368766 3.908701
3.476687 3.878994
3.557007 3.822417
3.492352 3.905880
3.525395 3.908872
3.423612 3.939492
3.572959 4.055643
3.733764 4.075529
3.832798 4.307187
4.024943 4.459438
4.227019 4.662869
4.524114 4.889037
4.856831 5.134386
5.185843 5.433212
5.425549 5.716855
5.518010 5.801266
5.576089 5.851191
5.630407 5.948145
5.584153 5.996583
5.607828 6.017869
5.719288 6.187907
5.837520 6.384539
5.909147 6.606965
6.119354 6.779922
6.336260 6.980049
6.493171 7.110463
6.704826 7.246363
6.760997 7.280333
6.648097 7.209860
6.748126 7.244452
6.630338 7.229557
6.764903 7.393245
6.907641 7.503763
7.099685 7.696683
7.302277 7.917713
7.436117 8.093870
7.416369 8.246700
7.405442 8.236926
7.303977 8.031685
7.077713 7.859613
6.840866 7.550854
6.751058 7.388689
6.659206 7.342140
6.642018 7.352407
6.686465 7.418031
6.521760 7.397819
6.217002 7.252472
6.008663 7.095440
5.762929 6.946777
5.559598 6.805633
5.339154 6.755692
5.431015 6.864009
5.648368 7.053808
5.924009 7.371617
6.190065 7.559373
6.438263 7.720441
6.613628 7.896125
6.793537 8.038924
6.844615 8.103682
6.954401 8.065473
6.984851 8.069752
7.065753 8.227006
7.206864 8.358465
7.283877 8.462267
7.156376 8.453075
7.010493 8.225528
6.814217 7.916683
6.584466 7.853316
6.553206 7.843861
6.343480 7.815274
6.399436 7.846935
6.453365 7.967657
6.467997 7.907083
6.549125 7.817268
6.655571 7.828038
6.586017 7.844135
6.679261 7.888270
6.839974 8.044010
7.035563 8.218426
7.184398 8.392655
7.380140 8.528099
7.281387 8.647857
7.247887 8.758276
7.235528 8.748933
7.145682 8.606842
7.058805 8.320972
7.087483 8.151942
7.104228 8.246330
7.408737 8.573478
7.641524 8.980592
7.819040 9.245170
7.927617 9.343987
7.843583 9.267874
7.681109 9.103307
7.460691 8.818903
7.214879 8.616372
7.002116 8.520743
6.837517 8.403917
6.743240 8.446866
6.469515 8.331946
6.432279 8.178737
6.300048 8.053362
6.118231 7.846496
5.857468 7.852938
5.656181 7.809378
5.577346 7.703071
5.624791 7.753945
5.647377 7.840622
5.834289 7.969029
6.117593 8.187285
6.320015 8.317804
6.541961 8.418674
6.712384 8.539353
6.913411 8.712207
6.797947 8.653699
6.761803 8.582256
6.527840 8.141598
6.216612 7.736518
6.076267 7.528945
5.816266 7.190120
5.594908 7.114238
5.493597 6.668292
5.518423 6.506078
5.548270 6.461592
5.541895 6.491260
5.576762 6.578040
5.695527 6.687177
5.723180 6.710150
5.790955 6.636928
5.786397 6.616050
5.905350 6.739518
5.963169 6.877943
5.824085 6.833260
5.831537 6.777174
5.661916 6.598984
5.610411 6.514119
5.558247 6.608507
5.578628 6.857384
5.898495 7.269395
6.377211 7.648733
6.892989 8.062330
7.230750 8.338905
7.396060 8.568213
7.456659 8.693845
7.304419 8.587564
7.067330 8.419910
6.889165 8.291479
6.844577 8.295087
6.813468 8.321622
6.799484 8.351578
6.638149 8.353191
6.574347 8.338721
6.380516 8.227378
6.048000 7.821340
5.675775 7.477815
5.217090 6.772036
5.000237 6.747726
5.017978 6.690924
5.028432 6.668232
5.244173 6.874008
5.497307 7.114550
5.797315 7.390648
6.078441 7.691722
6.304347 7.950572
6.476495 8.057746
6.659314 8.010198
6.718998 7.939505
6.665670 7.789037
6.492218 7.664916
6.434449 7.182922
6.140957 6.805343
5.828204 6.497488
5.533572 6.129863
5.473908 5.937064
5.440038 5.865145
5.389942 5.743100
5.465866 5.452924
5.461182 5.433437
5.357078 5.508412
5.413949 5.559220
5.568929 5.716331
5.679272 5.884762
5.688591 6.055450
5.759957 6.210526
5.863941 6.362376
5.250620 6.195397
4.829010 6.149571
4.345591 5.881260
3.993973 5.698937
3.718088 5.713547
3.711208 5.603445
3.656574 5.555612
3.779132 5.591259
3.828413 5.650563
3.844994 5.645421
3.896655 5.631261
3.881197 5.487668
3.811796 5.249049
3.776077 5.063847
3.604919 4.928747
