1820
1830
1830
1830
1820
1820
1840
1830
1840
1890
1750
1760
1760
1760
1760
1770
1750
1760
1760
1830
1760
1760
1760
1770
1760
1760
1760
1760
1760
1820
1780
1750
1760
1770
1760
1770
1760
1760
1760
1820
1760
1760
1760
1760
1760
1760
1760
1760
1760
1820
1770
1760
1750
1770
1760
1760
1760
1770
1760
1820
1770
1760
1760
1760
1760
1760
1760
1760
1770
1830
1760
1760
1760
1760
1770
1760
1760
1760
1760
1820
1760
1760
1760
1760
1760
1760
1760
1770
1760
1820
1760
1760
1760
1770
1760
1760
1760
1760
1760
1820
1760
1760
1760
1760
1760
1760
1760
1750
1760
1820
1770
1760
1770
1760
1760
1770
1760
1760
1760
1820
1760
1760
1760
1760
1770
1760
1760
1760
1760
1820
1760
1770
1760
1770
1770
1760
1760
1760
1760
1820
1760
1760
1760
1760
1760
1760
1760
1750
1760
1830
1760
1760
1770
1760
1760
1760
1770
1760
1760
1820
1760
1770
1770
1760
1760
1760
1760
1760
1760
1820
1770
1750
1770
1760
1760
1760
1760
1760
1760
1840
1760
1760
1760
1760
1760
1760
1760
1760
1760
1830
1770
1770
1770
1760
1760
1770
1760
1760
1760
1830
1760
1760
1770
1760
1760
1760
1770
1760
1750
1820
1760
1760
1770
1760
1770
1760
1760
1770
1760
1820
1770
1770
1770
1760
1770
1760
1770
1770
1760
1830
1760
1760
1760
1770
1760
1760
1770
1760
1760
1810
1750
1760
1750
1750
1750
1760
1750
1750
1760
1820
1750
1760
1750
1760
1750
1760
1750
1750
1750
1820
1760
1770
1760
1760
1760
1760
1760
1760
1760
1820
1760
1760
1760
1770
1760
1760
1760
1770
1760
1820
1760
1760
1760
1760
1760
1760
1760
1760
1770
1820
1760
1760
1760
1760
1760
1770
1750
1780
1760
1820
1760
1760
1760
1760
1760
1760
1750
1760
1750
1830
1760
1760
1750
1760
1760
1760
1760
1760
1760
1820
1760
1760
1750
1770
1750
1770
1750
1770
1750
1830
1750
1770
1750
1750
1750
1760
