2.016626 2.098669
1.893093 2.098651
1.873106 2.174341
1.850151 2.282137
1.810502 2.488548
1.937797 2.765588
2.077693 2.998958
2.174572 3.226834
2.205857 3.444819
2.205639 3.679805
2.143443 3.867610
1.997554 3.700243
1.813540 3.655303
1.757089 3.675770
1.789310 3.756398
1.792434 3.875012
1.866805 4.071312
2.041597 4.269133
2.162580 4.392393
2.265228 4.479236
2.238835 4.415973
2.072375 4.180509
1.915667 3.917749
1.746188 3.612447
1.683067 3.377866
1.630717 3.267014
1.683091 3.188003
1.759916 3.103688
1.823861 3.144611
1.934475 3.239936
2.039005 3.356940
2.175952 3.594922
2.319803 3.722172
2.604741 3.967793
2.899934 4.303501
3.388812 4.661246
4.021678 4.957104
4.603224 5.153842
5.063849 5.201367
5.421794 5.125047
5.593311 4.932106
5.504759 4.587650
5.201182 4.238403
4.644809 3.729981
4.214657 3.460938
3.664383 3.335177
3.288149 3.356481
2.966425 3.402654
2.845390 3.438753
2.804475 3.503397
2.668812 3.556301
2.365475 3.596265
1.860515 3.429333
1.669066 3.263106
1.412058 3.204357
1.448020 3.206387
1.364823 3.162416
1.460802 3.123181
1.559153 3.238513
1.722400 3.345222
1.875200 3.454680
1.906208 3.505017
1.921358 3.422758
1.851186 3.218010
1.737423 2.951770
1.579464 2.730815
1.507449 2.588041
1.532489 2.530936
1.630023 2.529741
1.795628 2.640960
1.976133 2.787855
2.119306 2.925288
2.292413 3.095864
2.523694 3.323877
2.778550 3.581694
3.156278 3.845171
3.617084 4.130765
4.157380 4.180891
4.403768 4.096047
4.215944 3.888524
4.064401 3.638090
3.840650 3.397090
3.633415 3.269023
3.682238 3.290255
3.482535 3.392251
3.300304 3.498327
3.113330 3.539869
3.077735 3.687983
3.098542 3.876122
3.235497 4.062622
3.361401 4.311809
3.311680 4.359759
3.236435 4.271510
3.362953 4.450071
3.438678 4.618757
3.353565 4.726611
3.264568 4.890130
3.164827 4.991032
2.850930 5.104875
2.896846 5.229478
3.107713 5.290111
3.132394 5.319317
2.926407 5.185781
2.740599 4.864989
2.570309 4.541606
2.440862 4.165309
2.435073 4.037533
2.558678 3.957215
2.642372 3.960374
2.721351 3.793203
2.943548 3.776914
3.054060 3.819644
3.096049 3.834522
3.118627 3.918958
3.154191 3.984125
3.245163 3.974805
3.332653 4.082024
3.455659 4.183973
3.543747 4.209885
3.664651 4.318960
3.831614 4.433629
3.902407 4.484879
3.903282 4.581784
3.950677 4.798322
4.130467 4.989402
4.028825 5.108870
3.820701 5.151555
3.565055 4.957452
3.308203 4.746900
3.105579 4.456858
3.022500 4.285348
2.762637 4.220683
2.637569 4.157380
2.663368 4.177473
2.657101 4.178368
2.706741 4.261209
2.781464 4.348726
2.894704 4.458456
3.004064 4.674911
3.089990 4.822123
3.162278 4.978688
3.258205 5.072935
3.511324 5.147746
3.636205 5.186347
3.719215 5.333838
3.836534 5.553020
3.927787 5.789238
4.055608 5.952129
4.166882 6.144006
4.098761 6.373342
4.124002 6.483425
4.140644 6.465953
4.066472 6.423787
3.885626 6.298424
3.774870 6.193620
3.741572 5.970090
3.689320 5.767283
3.618716 5.634884
3.625464 5.663512
3.596051 5.506468
3.673859 5.566650
3.472638 5.725961
3.362150 5.785394
3.235799 5.713998
3.107088 5.743582
3.010177 5.776311
2.991405 5.615912
3.079907 5.475199
3.134318 5.251591
3.354663 5.136340
3.507423 4.986680
3.787884 4.983399
3.892756 4.884187
3.890141 4.682606
3.748526 4.230158
3.509521 4.063356
3.331209 3.925836
3.154647 3.909046
3.030819 3.872369
2.901179 4.140355
2.925964 4.425069
2.871319 4.560993
2.786910 4.550691
2.478756 4.503062
2.460613 4.543948
2.422690 4.626372
2.564342 4.679460
2.800983 4.713030
3.056665 4.850645
3.416841 4.804030
3.751452 4.815841
3.979335 4.919281
4.173086 5.125321
4.350742 5.338162
4.436128 5.363028
4.496621 5.445891
4.570066 5.596905
4.481216 5.816504
4.399329 5.740343
4.329506 5.668432
4.069249 5.302955
3.889108 5.083257
3.655933 4.947515
3.644970 4.857668
3.694097 4.885597
3.776133 4.906068
3.815222 4.852391
3.798609 4.877633
3.750387 4.872258
3.750795 4.820367
3.686135 4.756746
3.642433 4.759284
3.566094 4.711794
3.463120 4.591696
3.312730 4.664326
3.207307 4.825902
3.185222 5.195547
3.078663 5.363130
3.067733 5.336449
2.977367 5.418039
3.131518 5.498183
3.126927 5.418304
3.297036 5.301522
3.568614 5.343448
3.985186 5.465035
4.285171 5.567066
4.627646 5.517461
4.771673 5.389690
4.619356 5.169673
4.286095 4.837399
4.119485 4.498893
3.797032 4.269206
3.543006 4.077971
3.317704 4.138748
3.092123 4.209305
2.783072 4.322963
2.394819 4.204545
2.241444 3.903695
2.108279 3.839837
2.224188 3.822123
2.511533 3.977109
2.703809 3.978173
2.986847 4.164362
3.288656 4.396179
3.656018 4.590881
4.043866 4.787221
4.401088 4.978708
4.620418 4.997697
4.704573 5.090099
4.828579 5.262562
4.792810 5.467988
4.575093 5.556638
4.278801 5.448229
3.882743 5.245859
3.547594 4.788588
3.297356 4.438434
3.142679 4.245235
3.086585 4.074652
2.991869 4.039914
3.073476 4.092657
3.186863 4.185844
3.052584 4.395105
2.876197 4.495642
2.604278 4.454840
2.223415 4.436740
1.946593 4.188263
1.841848 4.081111
1.719704 3.927299
1.787259 3.902640
1.763540 3.913126
1.986707 3.983207
2.166951 3.885882
2.544553 4.032401
3.016726 4.215238
3.659641 4.527677
4.311037 4.859713
4.918414 5.083777
5.329305 5.012348
5.489110 4.735032
5.387373 4.251992
5.012969 3.861044
4.592015 3.685564
4.329942 3.667804
4.121995 3.745422
3.860243 3.789774
3.352650 3.861294
2.768445 3.830578
2.375181 3.680431
1.861948 3.499455
1.722215 3.315957
1.829867 3.348882
1.836076 3.257501
1.903070 3.401337
2.201923 3.606149
2.598250 3.756883
3.108039 3.992099
3.660599 4.192775
4.274592 4.317247
4.825711 4.406009
5.340936 4.496894
5.729785 4.525512
5.997994 4.600220
6.045486 4.601345
5.991882 4.605251
5.861793 4.540672
5.687062 4.274216
5.464172 4.129376
5.303000 4.090048
5.160749 4.004922
5.077098 4.000871
4.912676 4.054058
4.791773 4.104064
4.780862 4.169453
4.561622 4.291480
4.357327 4.397284
4.084144 4.438984
3.814648 4.406584
3.420180 4.324946
3.001660 4.272209
2.754594 4.299678
2.645715 4.416152
2.293682 4.111068
1.937816 3.816647
1.722711 3.550991
1.777582 3.608520
2.096119 3.760366
2.440338 3.832177
2.697199 3.831816
2.911089 3.744040
3.200043 3.788072
3.379198 3.754589
3.527370 3.684820
3.672373 3.645428
3.846611 3.682433
3.968486 3.709368
4.117851 3.731151
