0.402870
0.448818
0.487542
0.499304
0.777231
1.039589
0.982655
0.858663
0.742321
0.587676
0.418304
0.356393
0.289888
0.391162
0.417641
0.665329
1.259307
2.000115
2.473900
2.748349
2.583330
2.124289
1.609663
1.022674
0.482973
0.080265
0.344528
0.676204
0.938879
1.394076
1.841900
2.312107
2.801997
3.151880
3.518909
3.868425
4.345561
4.853312
5.328546
5.754427
6.123353
6.290973
6.215228
5.863440
5.281291
4.790960
4.292494
3.762627
3.226714
2.612089
2.081181
1.604350
1.117892
0.646909
0.373240
0.556830
1.013416
1.517828
2.078437
2.447167
2.949521
3.226261
3.482724
3.547134
3.322250
3.065717
2.741432
2.449284
2.179913
1.978319
1.881895
1.949887
2.064128
2.281954
2.408735
2.764832
2.954425
3.351874
3.765536
4.147641
4.485543
4.914146
5.267069
5.691452
6.069857
6.471272
6.809464
7.274075
7.732269
8.173658
8.588317
8.990128
9.472048
10.097789
10.600580
11.017516
11.364391
11.953534
12.526328
12.968076
13.460009
14.063073
14.358767
14.342642
14.149905
13.732751
13.303426
12.708510
12.357145
11.905369
11.376568
10.819393
10.469633
10.119506
9.702546
9.382042
9.007846
8.912943
8.460246
8.050241
7.731215
7.519066
7.080999
6.754518
6.668152
6.610077
6.665577
7.048811
7.504109
7.745044
8.170476
8.524531
8.910714
9.332176
9.788010
10.341894
10.888115
11.284746
11.434992
11.857190
12.312883
12.858387
13.395603
14.064750
14.512232
15.015567
15.283902
15.684847
16.099078
16.522688
16.893898
17.084603
17.213166
17.431254
17.676631
17.948383
18.367032
18.602268
18.866503
19.182534
19.253453
19.617213
19.961500
20.289518
20.651313
21.026293
21.450292
21.838896
22.193730
22.565274
22.931640
23.095214
22.936189
22.637014
22.444164
22.073057
21.749736
21.249528
20.786660
20.228958
19.907795
19.602626
19.249238
18.771895
18.464184
18.126611
17.833629
17.534593
17.261017
16.970056
16.828824
16.591795
16.347449
16.097350
15.842692
15.640233
15.457186
15.277468
14.964362
14.428389
14.114704
14.111594
14.294998
14.502401
14.719813
14.959158
15.223258
15.446172
15.683069
15.931889
16.208711
16.534359
16.761548
17.096093
17.406052
17.760183
18.143644
18.528677
18.838599
19.377522
19.797618
20.026591
20.424121
20.828125
21.385020
21.654711
21.673486
21.320476
20.867938
20.292247
19.576735
19.078429
18.610819
18.364078
17.975393
17.650321
17.368515
17.121202
16.767057
16.437380
16.109536
15.723438
15.384982
14.873433
14.683153
14.429723
14.193137
13.965414
13.752967
13.567182
13.321452
12.963721
12.780308
12.878312
13.103097
13.291033
13.545841
13.798941
14.092260
14.378739
14.690146
14.968645
15.245902
15.558445
15.858343
16.365900
16.809175
17.354762
17.719453
17.997898
18.435020
18.831834
19.325325
19.739774
20.151885
20.693377
20.943841
20.928614
20.590709
20.120445
19.634626
19.224987
18.833986
18.314305
17.872027
17.491232
16.953276
16.537851
16.011367
15.565259
15.140251
14.670631
14.143004
13.530376
13.131421
12.782148
12.420430
12.074851
11.736366
11.390955
11.063099
10.815917
10.531088
10.175316
9.809828
9.604078
9.663997
10.114051
10.382131
10.759948
11.021626
11.260713
11.611476
11.955570
12.300527
12.595824
12.953648
13.191866
13.864035
14.245517
14.663888
15.023450
15.572765
15.987475
16.472693
16.885602
17.207716
17.522246
18.037503
18.463165
18.807188
19.198047
19.898433
20.433840
20.811357
21.209881
