1.988051 2.105092
2.037960 2.153079
2.090918 2.279015
2.167412 2.458907
2.278626 2.676877
2.462950 2.911382
2.690816 3.180435
2.953175 3.468220
3.196174 3.754578
3.468506 4.073030
3.720839 4.398699
3.973617 4.743483
4.299092 5.063346
4.625453 5.362489
4.996122 5.647195
5.285947 5.913943
5.416030 6.076712
5.307413 6.308952
5.377070 6.525737
5.585320 6.686873
5.696555 6.774235
5.660060 6.774775
5.377549 6.523598
4.918285 6.288612
4.739473 6.168367
4.775676 6.166281
4.899039 6.147841
5.070277 6.183962
5.240494 6.244075
5.391068 6.324174
5.582198 6.437588
5.752098 6.570342
5.785858 6.620635
5.747439 6.640562
5.556229 6.639001
5.425371 6.573767
5.475938 6.636709
5.752694 6.842347
6.187515 7.175214
6.717783 7.435528
6.910866 7.610797
6.951418 7.663671
6.916259 7.667527
7.040223 7.700643
7.060317 7.698209
7.171704 7.756124
7.017516 7.716718
6.631268 7.464854
6.222638 7.258896
5.761457 7.127878
5.548024 7.121556
5.389156 7.101571
5.392035 7.156734
5.386454 7.193614
5.547378 7.324391
5.708432 7.492663
5.895016 7.638584
6.105691 7.818855
6.064130 7.854718
5.781655 7.610098
5.573010 7.635031
5.599402 7.645041
5.564313 7.551892
5.471757 7.278310
5.100375 6.803773
4.696789 6.462432
4.418056 6.308938
4.517416 6.333564
4.672746 6.393149
4.845665 6.494116
5.017927 6.557236
5.111761 6.573029
5.248807 6.601471
5.250047 6.607668
5.394234 6.426686
5.242701 6.150864
5.028656 6.061083
4.891876 5.957086
4.819223 5.970323
4.673936 6.005656
4.600292 5.830305
4.517619 5.742611
4.372692 5.563134
4.286515 5.451918
4.382661 5.452098
4.344760 5.424875
4.424103 5.419843
4.412414 5.395020
4.370325 5.333240
4.402942 5.224533
4.316627 5.353667
4.348588 5.513399
4.436090 5.625661
4.545867 5.681395
4.622959 5.632574
4.604427 5.739649
4.743081 5.897216
4.803398 6.056074
4.755981 6.210640
4.942365 6.240457
5.016622 6.322002
5.055532 6.367366
5.158101 6.453824
5.193777 6.529332
5.260593 6.560228
5.230837 6.536939
5.323008 6.488951
5.497219 6.598104
5.797498 6.694912
6.092839 6.895691
6.450431 7.159874
6.801354 7.403471
7.250483 7.716558
7.756384 8.074925
8.173890 8.479888
8.596708 8.894861
9.168285 9.226257
9.633595 9.553945
10.125376 9.912065
10.571525 10.213366
10.907810 10.510701
11.255416 10.956017
11.657300 11.235984
11.970415 11.562136
12.239047 11.750393
12.487848 11.921786
12.593175 12.019841
12.514352 11.974967
12.430010 11.829342
12.335303 11.721696
12.292936 11.619659
12.251403 11.481023
12.239725 11.355903
12.093871 11.394736
12.050132 11.441032
12.003645 11.378102
11.982430 11.415856
12.021622 11.447573
11.905109 11.417886
11.952730 11.466529
11.961577 11.483925
11.899043 11.446596
11.803041 11.510348
11.780271 11.384140
11.607744 11.366191
11.546357 11.312456
11.385332 11.328238
11.382399 11.329563
11.237683 11.171063
10.991248 11.192917
10.837743 10.838702
10.834210 10.922422
11.091617 11.299054
11.085308 11.357668
10.605638 11.069984
10.171932 10.710569
9.699581 10.459183
9.361233 9.983222
8.871875 9.429172
8.887108 9.317085
8.711072 9.152224
8.155328 8.837419
7.807479 8.625137
7.906964 8.605444
8.736325 9.290817
9.873384 10.218681
10.281124 10.863931
10.498110 11.281409
10.779839 11.478131
11.240929 12.066590
11.575982 12.373143
11.653203 12.405001
11.647242 12.373683
11.632877 12.325849
11.686745 12.382687
11.812362 12.586258
11.934866 12.692926
11.969887 12.684878
12.180607 12.807130
12.724481 13.129453
12.925492 13.211496
13.008795 13.196508
12.998836 12.936578
12.849049 12.792014
12.509875 12.722124
12.578460 12.686247
12.380048 12.291395
12.144734 11.933254
11.752201 11.746954
11.155123 11.551880
10.746431 11.160618
10.831828 11.092722
11.499093 11.664719
11.773870 11.810306
11.798238 11.739634
11.785976 11.676027
11.986372 11.793817
12.106990 11.877164
11.973980 11.680731
11.594416 11.506320
11.514457 11.318308
11.380493 11.147246
11.349922 11.106734
11.308099 10.915552
10.974957 10.436986
10.970561 10.413622
11.653353 10.996603
11.661518 10.979232
11.126673 10.618151
10.623900 10.349143
10.110967 9.571028
9.617740 9.022103
9.125759 8.548371
8.889614 8.343826
8.630592 7.925764
8.396435 7.593520
7.935843 7.430036
8.023853 7.515976
8.937499 7.919740
10.021165 8.516339
10.809553 8.980701
11.220174 9.119079
11.621364 9.513085
12.239241 9.794901
12.742432 9.960713
12.818559 10.067091
12.611661 10.034613
12.413777 9.773562
12.495067 9.862629
12.753805 9.937538
12.786449 9.936268
13.054451 9.945166
13.258061 9.970382
13.671596 10.096943
14.035085 10.200810
14.026064 10.247947
13.790367 10.264274
13.710783 10.248960
13.421159 10.302094
13.492010 10.463259
13.249498 10.378717
12.892498 10.275471
12.578184 10.075944
12.078811 9.913363
11.671678 9.707644
11.562928 9.766209
12.265718 10.372616
12.307238 10.569267
12.018490 10.580633
11.991133 10.591522
12.098505 10.693223
12.319572 10.804110
12.452985 10.864504
12.429570 10.802261
11.894591 10.422293
11.821898 10.387392
12.360553 10.826943
12.339420 10.853381
12.026666 10.544180
11.472026 10.235853
10.780491 10.081727
10.521420 9.896201
9.881860 9.670718
9.973820 9.751003
9.597241 9.417451
9.192012 9.218197
8.743035 8.750962
8.694693 8.605169
9.592678 8.995652
11.212893 10.274532
11.998200 10.796033
12.368340 11.206179
12.736646 11.456130
13.265846 11.710364
13.475762 11.997836
13.512713 12.028885
13.537938 11.948858
13.277942 11.816125
13.047502 11.692834
12.875452 11.441748
12.916188 11.742080
13.147530 11.891900
13.208983 12.179873
13.400710 12.234193
13.778832 12.630819
14.284791 12.977715
14.406189 13.078112
14.221565 13.146177
14.086504 13.217081
14.086627 13.171485
14.030627 13.080997
14.100800 13.135625
13.728234 12.997941
13.637974 12.833398
13.052030 12.562787
12.851416 12.210227
12.299334 11.917229
12.090799 11.910468
12.805922 12.500781
12.842158 12.605864
12.661257 12.413698
12.810945 12.528277
13.079323 12.868198
13.186371 12.926854
13.116504 12.886987
13.197070 12.905370
13.223388 13.013203
13.237424 13.060677
13.063223 12.547780
12.889117 12.566830
13.291149 12.926708
13.294044 12.846768
13.027037 12.684837
12.595779 12.541748
12.235600 12.255453
11.999044 11.792735
11.418944 11.458794
11.429703 11.482414
11.289858 11.389750
10.784234 11.189784
10.280029 10.663505
10.236603 10.344956
10.802918 10.867925
12.179521 11.927131
12.890125 12.873707
13.265051 13.333606
13.589855 13.510786
13.790641 14.024526
13.806966 14.096054
13.893715 14.305368
13.974717 14.483320
14.066743 14.578327
14.168215 14.615942
14.390271 14.770047
14.496394 14.873726
14.619390 14.987658
