2.013324 1.987730
1.859815 1.934683
1.768264 1.910180
1.722356 1.942348
1.587142 1.965833
1.557361 2.023541
1.523396 2.117340
1.422092 2.127500
1.443997 2.130705
1.442327 2.110610
1.502621 2.174657
1.559438 2.263697
1.638641 2.296835
1.754547 2.387254
1.874677 2.492913
2.312586 2.900538
2.865827 3.285341
3.440244 3.754030
3.603665 3.824298
3.783248 3.885002
3.721274 3.831458
3.648228 3.737531
3.488507 3.616236
3.222896 3.553668
3.024183 3.469105
3.071093 3.432737
3.051855 3.465783
3.319203 3.718916
3.570070 3.912237
3.761162 4.113265
3.965768 4.336696
3.987894 4.443616
4.050657 4.512760
4.006774 4.403769
4.107517 4.494072
4.043615 4.564819
4.128558 4.556811
4.282155 4.546568
4.209240 4.592958
4.249342 4.645781
4.353987 4.724399
4.484681 4.703267
4.591246 4.798955
4.656653 4.793284
4.666606 4.758349
4.547688 4.677846
4.479063 4.652402
4.518953 4.727511
4.542399 4.751797
4.786671 4.947608
4.984561 5.239376
4.992757 5.236124
4.989238 5.247222
4.944737 5.269052
4.859576 5.068578
4.889754 5.046521
4.943253 5.112381
5.004497 5.175942
5.194848 5.373728
5.453574 5.657327
5.681090 5.916321
5.806831 6.063616
5.944012 6.133596
6.102063 6.317975
6.229219 6.445679
6.229780 6.382912
6.190650 6.474777
6.182158 6.534663
6.048797 6.385978
5.913154 6.165594
5.965036 6.045664
5.755458 5.791771
5.519552 5.451498
5.510152 5.147422
5.296435 4.853214
5.288404 4.797527
5.226497 4.695427
5.162101 4.776492
5.244367 4.881427
5.361545 4.952825
5.499435 4.976598
5.570252 5.100756
5.639079 5.057801
5.473669 4.999763
5.159423 4.944833
4.993456 4.762704
4.685213 4.512247
4.590937 4.419684
4.325398 4.358512
4.190159 4.362803
4.174800 4.392809
3.926129 4.222226
3.766534 4.064452
3.598625 3.773647
3.496446 3.663824
3.228127 3.586962
3.240968 3.632421
3.411396 3.782843
3.593678 3.978755
3.794314 4.170038
4.031613 4.391564
4.095463 4.452454
4.226836 4.598038
4.283507 4.604343
4.395645 4.586241
4.434851 4.564223
4.673179 4.819897
4.949616 5.074438
5.265109 5.378457
5.517899 5.590076
5.491098 5.619768
5.393420 5.448955
5.343603 5.363306
5.271673 5.191059
5.225255 5.185994
5.096825 5.119495
5.084565 5.126927
5.083848 5.168970
5.053294 5.177009
5.061236 5.221641
5.128462 5.191626
5.081841 4.962113
4.848988 4.880947
4.705293 4.673613
4.560386 4.568709
4.472434 4.350747
4.358849 4.324495
4.448137 4.301008
4.454875 4.258160
4.708871 4.392132
4.834902 4.537245
5.002630 4.698336
4.957382 4.718258
4.993959 4.713328
4.980814 4.755952
4.951283 4.740251
5.115439 4.819189
5.310620 5.007487
5.747745 5.336310
6.300304 5.708085
6.855193 6.086636
7.085857 6.330693
7.171963 6.440434
7.172896 6.591070
7.149202 6.719684
7.048900 6.623723
6.838048 6.368363
6.788694 6.391112
6.677999 6.233458
6.416330 6.032659
6.325933 5.915973
6.176767 5.790785
5.832935 5.426405
5.411254 4.875980
5.171390 4.609766
4.997498 4.452984
4.733600 4.395791
4.676863 4.357689
4.485668 4.384242
4.566685 4.462858
4.654960 4.598850
4.646161 4.667398
4.568628 4.628552
4.651781 4.567138
4.604997 4.446191
4.547138 4.255449
4.549542 4.248690
4.453051 4.149166
4.477693 4.147939
4.511763 3.986902
4.524277 4.090377
4.283948 4.045299
4.243401 4.036174
3.974371 3.761486
3.674332 3.622886
3.461835 3.470716
3.392298 3.362504
3.397939 3.401368
3.243406 3.471826
3.200006 3.485026
3.055778 3.433927
3.097507 3.400196
3.126990 3.516191
3.086421 3.630384
3.018713 3.526836
3.251829 3.698180
3.477549 3.905165
3.697474 3.902825
3.907166 3.896912
3.969589 3.802534
4.032745 3.778534
4.025880 3.721581
4.104188 3.768074
4.530884 4.111972
5.177747 4.628630
5.949645 5.231706
6.782585 5.867149
7.623144 6.309558
8.263316 6.631553
8.769885 6.888655
8.985410 6.888307
9.119256 6.488503
8.855149 5.901068
8.377693 5.397514
7.797208 5.212864
8.470245 5.592378
9.052249 6.013714
9.653133 6.457497
10.173762 6.849354
10.670143 7.128427
10.869565 7.354396
10.917678 7.414144
10.870103 7.314622
10.693704 7.124195
10.493886 6.878930
10.271859 6.676275
9.941174 6.417598
9.611611 6.393055
9.312525 6.335420
9.274856 6.296189
9.143713 6.346965
8.617051 6.124585
8.028173 5.738535
7.350815 5.348121
6.808382 5.105454
6.017797 4.639683
5.379372 4.237854
5.032234 3.908637
4.682750 3.866602
4.110913 3.730390
4.266292 3.940736
3.587208 3.619646
2.932516 3.206655
2.654315 3.004692
2.373791 2.787007
2.349562 2.727098
2.369913 2.770990
2.643071 3.039365
2.940201 3.336413
3.336958 3.793165
3.827707 4.195281
4.266405 4.632378
4.795556 5.006307
5.044251 5.106498
5.211223 5.267642
5.370466 5.380841
5.476141 5.504635
5.636882 5.582977
5.702117 5.620122
5.721997 5.683003
5.717833 5.649810
5.664225 5.570234
5.533804 5.428301
5.544162 5.423577
5.588936 5.457003
5.651260 5.512097
5.575126 5.513636
5.504206 5.509515
5.477124 5.514663
5.447689 5.465389
5.551197 5.475738
5.281206 5.285952
5.191679 5.192337
5.127370 5.205501
4.991333 5.075952
4.902807 5.095015
4.993529 5.095106
5.047249 5.207755
5.053428 5.214148
4.874490 5.210731
4.957455 5.387747
4.860820 5.212377
4.557190 5.023451
4.278830 4.695314
3.814335 4.141748
3.756332 3.859639
3.646205 3.643050
3.549287 3.507552
3.424281 3.400702
3.278894 3.294741
3.262116 3.297409
3.225289 3.345698
3.299492 3.418140
3.403054 3.614126
3.752007 3.998959
3.955481 4.226828
4.400008 4.728138
4.905164 5.157844
5.497069 5.663754
5.993570 6.053285
6.414640 6.283641
6.641815 6.316241
6.790448 6.364140
6.952596 6.438325
6.903843 6.386068
6.881239 6.371393
6.935728 6.448079
7.166743 6.704736
7.620225 7.098938
8.036752 7.409681
8.262493 7.464378
8.369350 7.543083
8.485817 7.553425
8.566099 7.506777
8.438750 7.414032
8.283029 7.282569
8.130167 7.097982
8.006016 6.710540
7.703677 6.407416
7.528496 6.067764
7.423909 5.986494
7.059693 5.492561
6.282267 5.157670
5.481231 4.645652
4.522383 4.116117
3.798710 3.730920
3.342014 3.181921
3.165151 3.085328
2.813978 3.009989
2.659390 2.898196
2.813693 3.017239
2.678643 2.808544
2.459999 2.578443
2.367341 2.518073
2.153377 2.474173
2.045998 2.385861
2.049914 2.414413
1.998330 2.451512
2.130898 2.483216
2.337715 2.621907
2.539319 2.842771
2.806374 3.154113
3.238330 3.588178
3.700376 4.126761
4.190276 4.564841
4.668480 5.001146
5.173808 5.241465
5.507608 5.488799
5.861742 5.784105
6.263595 6.029122
6.652656 6.264406
7.048788 6.493038
6.937486 6.398919
6.882023 6.308737
6.755512 6.211790
6.619724 6.025554
6.414057 5.793591
6.215772 5.787232
6.341530 5.855923
6.297938 5.880280
6.309655 5.810868
6.178364 5.537130
6.066082 5.421191
6.054512 5.481958
5.954702 5.515823
5.988434 5.558480
5.833010 5.450956
5.499409 5.262870
5.321363 5.022958
5.183018 4.908731
5.079649 4.773026
4.969412 4.732494
4.837097 4.563076
4.649426 4.512160
4.512854 4.306859
4.448381 4.199715
4.478652 4.243636
4.341008 4.007979
4.006153 4.022920
3.911518 3.954500
3.950913 3.836366
3.776838 3.769214
3.772741 3.833348
3.911094 3.989053
4.169493 4.392969
4.658829 4.892104
5.139444 5.303334
5.491462 5.652867
5.808781 5.798307
5.989468 5.826727
6.089455 5.840982
6.005709 5.801854
5.712736 5.324110
5.464485 4.876409
5.086432 4.523362
4.690660 4.078795
4.529847 3.959806
4.256393 3.819078
4.023497 3.783977
3.768963 3.622736
3.572249 3.560546
3.335864 3.393911
3.064474 3.332034
2.965528 3.203185
2.956985 3.199540
3.042891 3.301202
3.198840 3.528393
3.412007 3.773196
3.687097 4.104215
3.923012 4.368608
4.121148 4.585196
4.201562 4.670071
4.154874 4.630105
3.897358 4.378939
3.728723 4.400257
3.655535 4.180114
3.642772 4.112216
3.478210 3.973817
3.402922 3.773572
3.296290 3.665717
3.376553 3.698179
3.317383 3.574568
3.242274 3.561608
3.255933 3.576786
3.405711 3.763420
3.512990 3.868757
3.804456 4.121088
4.228772 4.510256
4.738029 4.912887
4.982236 5.145139
5.092321 5.173063
5.261643 5.239295
4.986980 5.066368
4.775464 4.797250
4.515163 4.593618
4.349759 4.387180
4.439412 4.630962
4.389550 4.620711
4.367599 4.607579
4.365361 4.620064
4.329922 4.520327
4.300684 4.367711
4.337721 4.292646
4.281105 4.126857
4.096947 3.995858
3.863683 3.895350
3.860448 3.860349
3.751199 3.829232
3.593406 3.810557
3.557706 3.741324
3.677545 3.792700
3.797740 3.878764
3.852990 3.888758
4.049056 4.060387
4.184481 4.207951
4.227925 4.361028
4.247923 4.411094
4.354601 4.555341
4.545826 4.756968
4.677837 4.879575
4.732591 5.057278
4.934219 5.245980
5.341818 5.571290
5.711375 5.924870
6.240386 6.432449
6.632344 6.827329
6.961087 7.073023
7.197215 7.255345
7.353016 7.409303
7.504230 7.646578
7.481620 7.722040
7.299101 7.594882
7.119046 7.263259
6.741097 6.911841
6.299527 6.572858
6.065547 6.042663
5.705589 5.546112
5.431283 5.198574
5.153580 4.926981
4.981142 4.576008
4.797481 4.484781
4.491755 4.231621
4.233827 3.940361
3.998900 3.646504
3.911590 3.571130
3.875733 3.622702
3.799631 3.672619
3.596783 3.394640
3.623112 3.437270
3.648185 3.474172
3.628183 3.475254
3.492205 3.269277
3.282781 3.252337
3.259505 3.255731
3.327244 3.299535
3.248317 3.368436
3.175169 3.465011
3.142803 3.495553
3.166913 3.626275
3.160684 3.697697
3.256563 3.769834
3.344585 3.755128
3.382213 3.776580
3.558010 3.874863
3.532467 3.960636
3.401744 3.632450
3.273555 3.574467
3.267443 3.591515
3.249436 3.489333
3.127677 3.338818
3.136290 3.402685
3.086928 3.379054
2.987125 3.294898
2.963958 3.207696
2.910281 3.145621
2.853882 2.931336
2.824843 2.944201
2.829482 2.945864
2.870333 3.052413
2.892650 3.011479
2.758709 2.997557
2.825008 3.118374
2.794226 3.174002
2.791562 3.291426
2.727643 3.279282
2.750720 3.285927
2.789903 3.314085
2.908785 3.423807
3.084650 3.635872
3.378322 3.970762
3.624936 4.269672
3.822263 4.477745
3.971082 4.630001
4.120747 4.710482
4.285136 4.776486
4.490044 4.869523
4.617532 5.004730
4.911059 5.242436
5.177703 5.480329
5.449510 5.757995
5.733355 5.994922
5.858880 6.119000
5.977667 6.095421
5.747531 5.824803
5.509797 5.550199
5.355108 5.322721
5.161126 5.136131
4.908375 4.949493
4.718643 4.726021
4.583524 4.526530
4.493657 4.461381
4.291724 4.323558
4.127368 4.159151
4.041104 3.934611
3.781785 3.867117
3.657676 3.811066
3.568084 3.822292
3.524872 3.916590
3.628494 4.097085
3.656397 4.267149
3.734332 4.396300
3.716782 4.504769
3.842976 4.716030
3.964458 4.829682
3.911958 4.927965
4.101213 5.134758
4.301335 5.353702
4.514229 5.519436
4.584841 5.652201
5.262056 6.259201
5.849398 6.753702
