0.179827
0.250710
0.372908
0.406238
0.476074
0.661657
0.798481
0.946394
1.302136
1.507400
1.916585
2.223179
2.608622
3.173705
3.274261
3.068630
2.465333
2.164900
2.104729
1.302687
0.855026
0.173228
0.546731
1.039571
1.543762
2.246209
2.812850
3.273523
3.557639
3.825265
4.147604
4.233677
4.392731
4.726892
4.775427
5.132217
5.069560
5.419326
5.635126
5.799933
6.127519
6.335993
6.927593
7.353844
7.802550
7.870036
8.101949
8.399508
8.593368
8.625942
8.870892
9.113189
8.877693
7.874595
7.305101
6.746327
6.169930
5.889960
5.521348
5.237899
4.779205
4.337580
4.041966
3.348773
2.760186
2.088592
1.212666
0.718769
0.627123
0.846325
1.088135
1.666335
2.069654
2.435317
2.902939
3.106288
3.428114
3.996019
4.286595
4.265605
4.018168
3.813318
4.449763
5.334469
5.794756
5.564615
5.422857
5.089571
4.695488
4.349378
4.026870
3.707722
3.706564
3.761894
3.811133
3.767791
3.687467
3.677305
3.714736
3.895637
4.263010
4.479893
4.765131
5.073611
5.621213
5.964154
6.213038
6.678543
6.978454
7.313617
7.699039
7.781607
7.853632
7.929991
8.074884
7.725633
7.211834
6.792598
6.631418
6.801889
6.999631
6.583034
6.258942
6.027434
5.804736
5.508863
5.397608
5.272368
5.148300
5.000760
4.632197
4.213344
3.806940
3.317526
3.249241
3.235333
3.678717
4.320744
5.393457
6.754067
7.969133
8.900285
9.627008
10.282033
10.999479
11.652268
12.021957
12.468901
12.454639
12.383129
12.457136
13.587762
14.723061
14.582440
14.332469
13.927443
13.490445
13.196883
12.660877
12.312634
11.812461
11.276678
10.735371
9.948207
9.317189
8.715791
8.363742
8.066005
8.008852
8.056826
8.228408
8.296629
8.542373
8.633837
8.681076
8.680918
8.681632
8.892989
9.035606
8.202882
7.781644
7.297302
6.481523
5.828485
6.310718
7.268138
8.358969
9.622079
10.109583
10.909270
11.409028
12.086795
12.380479
12.952071
13.380137
13.819985
14.981997
16.312604
17.832375
19.123515
20.023521
20.773360
21.014346
21.429158
21.737296
21.649597
22.090580
21.915481
21.747466
21.629280
21.508289
21.032836
20.353226
19.740929
19.164134
18.455700
17.608884
16.788255
15.956487
14.753397
13.786437
13.242588
12.625604
11.530233
10.557967
9.675622
8.698214
7.877764
7.123813
7.701261
9.240456
10.126067
10.905402
11.671150
12.065626
12.407365
12.712627
12.982718
13.445876
13.781741
14.217213
15.018979
15.954255
16.460820
16.874112
17.574339
18.235902
18.719611
18.849310
18.886175
18.707878
18.382975
17.432442
16.980341
16.860980
16.571272
16.320981
15.762982
14.915200
13.861228
12.743759
12.183868
11.806000
11.738092
11.421972
10.939276
10.174095
9.682361
9.225034
8.597289
8.320140
7.524809
6.913660
6.501437
7.352328
8.342297
9.133465
10.026753
10.692269
11.328067
12.148717
12.669769
13.077335
13.467385
14.133974
14.766649
15.091382
15.664749
16.446154
16.581566
16.413557
15.624591
13.955942
12.686011
12.310063
12.431748
12.775763
13.078715
13.892525
14.854147
15.227979
15.242957
15.124317
14.772161
14.641982
14.392140
13.576072
12.845354
12.342456
11.975931
11.613895
11.198999
10.890144
10.424048
10.228871
9.704308
9.258962
8.729363
8.104652
7.664411
7.040646
6.686104
7.401448
7.992712
8.248337
8.607147
9.070681
9.637099
10.415480
11.181834
11.882664
12.498009
13.143173
13.466915
13.878299
14.355681
14.331180
14.100733
13.494573
13.043640
12.404941
11.884562
12.048870
12.105542
12.266662
12.322516
12.400754
12.403451
12.284247
12.077959
11.353649
10.757277
9.887209
9.502467
9.486378
10.114480
10.462520
10.785736
11.168298
11.799158
12.642876
13.184042
13.946418
14.187267
14.737102
15.339113
16.203688
16.242808
16.237510
16.739598
17.290918
17.568733
17.758893
17.665848
17.725884
17.456328
17.378196
17.755226
18.597146
19.677886
21.051617
22.528802
23.834643
24.237730
24.536202
24.345108
24.374665
24.471904
24.725421
24.986770
24.743785
24.563726
24.410690
25.078265
25.146812
25.133563
25.026362
24.898388
24.526314
24.164138
23.633024
23.095278
23.009058
22.868598
22.569138
22.381085
21.904324
21.435205
20.811135
20.280727
19.427536
18.444669
17.301957
16.247310
15.748538
15.333819
15.367544
15.741927
16.044839
16.388509
16.757683
16.643449
16.999970
17.129494
17.560879
17.991207
17.842068
17.798787
17.344745
17.031212
17.047610
17.104919
17.223612
17.188573
17.396814
17.708133
18.403905
19.344097
19.874825
20.384994
21.001406
21.747954
21.835481
22.437636
22.554830
22.258103
21.695300
21.711126
21.026932
20.602971
20.456598
20.341024
20.354473
20.709783
21.699628
22.994840
24.055916
25.276009
26.904642
28.231663
29.454613
30.701492
31.348213
32.484933
34.122557
35.386684
35.985715
35.979078
35.971075
35.939895
35.605416
35.455701
34.956905
34.659995
34.142116
33.963240
33.807650
33.188099
32.783103
32.264263
31.789404
31.345289
30.932699
30.409739
29.883801
29.626154
29.333336
29.062124
29.148657
29.170784
29.058461
29.147416
29.349113
29.283785
29.248869
29.539866
29.990692
30.408370
30.785064
30.491236
29.535525
28.516789
28.190673
27.447979
26.785196
26.087523
25.215237
24.269050
24.104852
24.036280
23.613475
23.626663
23.649898
23.483911
23.594429
23.788406
24.173630
24.954543
26.570042
28.433448
30.130463
31.443013
32.364476
33.124753
33.957171
34.841572
35.613213
36.619772
37.388872
38.436553
39.313607
40.320110
41.244077
41.616931
41.291490
41.404391
40.918061
40.625393
39.892850
39.418022
38.554063
37.990576
37.742111
37.021197
36.514876
36.047407
35.557091
35.035513
34.344167
33.701292
32.868495
32.225547
31.517265
30.779583
29.992572
29.095307
28.203578
27.081780
26.038427
23.925477
21.818497
