0.188109
0.245421
0.340141
0.370772
0.424479
0.502730
0.552570
0.605901
0.894123
1.045315
1.377444
1.561711
1.858402
2.329789
2.415552
2.333369
2.188213
2.154465
2.179951
1.583593
1.203495
0.638250
0.211121
0.193662
0.589465
1.180332
1.607513
2.170286
2.560926
2.987159
3.539054
4.000324
4.421544
5.044413
5.402822
5.961613
6.327296
6.884780
7.246432
7.633079
8.161399
8.504711
9.085144
9.477079
9.905658
10.001620
10.130626
10.314120
10.395890
10.257888
10.121534
10.003192
9.917935
9.244291
8.829015
8.154120
7.511040
7.076459
6.619514
6.202750
5.588521
5.167723
4.765056
4.120765
3.657911
3.201684
2.573774
2.134681
1.536251
1.200814
0.887654
0.803703
0.980845
1.319071
1.799431
2.126384
2.477322
3.083895
3.395712
3.428646
3.124805
2.875162
3.171805
3.225800
3.060268
2.377074
2.015408
1.628217
1.274175
0.937666
0.744412
1.025288
1.376288
1.733668
2.158383
2.770193
3.207322
3.703049
4.364528
4.793077
5.523755
5.975782
6.427375
6.818516
7.389005
7.765715
8.100854
8.653010
9.094805
9.499357
9.988518
10.054656
10.215358
10.344497
10.581986
10.335652
10.186894
10.045451
9.991973
9.973116
9.972347
9.165643
8.705767
8.254056
7.799634
7.154088
6.671922
6.230860
5.581876
5.145607
4.713513
4.038035
3.573318
3.121070
2.659935
2.018508
1.615253
1.194521
0.654992
0.481664
0.611027
1.185201
1.600364
2.013332
2.585148
2.976595
3.295250
3.586725
3.569029
3.497958
3.012860
3.195971
3.184174
2.408701
1.786219
1.129571
0.490904
0.093642
0.380432
0.788935
1.403763
1.823295
2.219640
2.831641
3.296572
3.743335
4.158714
4.745430
5.172772
5.811339
6.250824
6.285430
6.225368
6.620467
6.991818
7.512352
7.911496
8.472823
8.856295
9.310692
9.334925
9.463406
9.758728
9.977818
9.643489
9.467537
9.247315
9.079506
9.061201
9.095610
9.171854
9.334698
9.483148
9.775874
10.015581
10.276285
10.695642
11.001023
11.444419
11.813817
12.082987
12.716432
13.401244
13.857023
13.843036
14.296675
14.154527
13.793181
13.222191
12.871366
12.534899
11.785645
11.428634
11.212885
11.018403
10.837388
10.588632
10.461543
10.353471
10.214645
10.131161
10.097318
10.118855
9.664873
8.767628
8.654873
8.876942
9.062329
9.265820
8.817132
8.786933
8.872771
8.947255
8.964946
9.063067
9.291203
9.485891
9.605984
9.884406
10.107652
10.295576
10.630980
10.878795
10.844354
10.867356
11.134694
11.378436
11.958648
12.541075
12.881146
13.409270
13.951393
13.885489
13.374466
13.090471
12.601782
12.289339
11.962740
11.102030
10.580912
9.857005
9.649582
9.440121
9.252028
9.084936
8.922163
8.786444
8.736011
8.718259
8.740753
8.796207
9.083055
9.373093
9.737405
9.157560
9.009271
8.978020
8.957476
8.980658
8.993126
8.832397
8.586885
8.530348
8.608505
8.760459
9.048233
9.256434
9.540848
10.045007
10.637274
11.215314
11.437182
11.924984
11.931079
12.520546
12.955328
13.262468
13.564727
13.464428
13.428532
12.720331
12.335478
11.913976
11.178516
11.223151
11.246583
10.649127
10.358462
9.984133
9.764690
9.458371
9.181116
9.029626
8.839782
8.747549
8.660066
8.459962
8.486139
8.642424
8.797236
9.059128
9.201956
8.645275
8.537594
8.522083
8.507024
8.528555
8.408122
8.356477
8.444906
8.529381
8.702920
8.946512
9.145768
9.386563
9.935111
10.684362
11.176536
11.734805
12.075186
12.614299
13.309892
12.763601
12.400494
11.820553
11.340899
10.906759
10.385566
10.227262
10.268383
10.460383
10.938723
11.275698
11.645816
11.974617
12.440332
12.419675
12.430811
12.466829
12.755954
13.259458
13.604493
14.222273
14.241913
14.586362
14.974903
15.545264
15.504954
15.560698
15.982374
16.607034
17.025270
17.650531
18.074226
18.721901
19.149160
19.561609
20.003220
20.349668
20.527622
20.538865
20.415043
20.721194
20.472435
20.250646
19.709142
19.268589
19.302858
19.247950
19.322566
18.657468
18.223109
17.778657
17.355020
16.735208
16.356798
15.946752
15.537396
15.157412
14.753678
14.198888
13.834328
13.739546
13.693602
13.716826
13.803590
13.936538
13.490185
13.081625
12.681327
12.125572
11.709364
11.293906
10.950875
10.700506
10.467332
10.318668
10.123541
10.069017
10.296757
10.772608
10.671499
11.058440
11.452243
12.037459
12.442317
11.884851
11.336200
10.733889
10.294136
10.006506
9.944752
9.888537
9.711061
9.668072
9.656704
9.834199
10.400656
10.793555
11.211910
11.618028
12.238869
12.457204
13.065954
13.494568
13.905566
14.339875
15.013805
15.466670
16.131296
16.771303
17.439272
18.120101
18.812582
19.523978
20.186880
20.595831
20.799357
20.867265
20.774632
20.720680
21.136353
20.957870
20.276286
20.249462
20.236929
19.749003
19.042493
18.364472
17.909581
17.264928
16.823834
16.144392
15.718830
15.289109
15.311041
15.276499
14.619543
14.164719
13.739457
13.288771
12.868706
12.268165
11.855657
11.418814
11.028404
10.690919
10.135399
9.782805
9.444359
9.194533
9.233045
9.527376
9.478578
9.482076
9.826400
10.194581
10.601126
10.919349
10.767158
10.242893
9.850439
9.699334
9.612076
9.611450
9.628052
9.748707
9.845919
10.095126
10.623650
10.987603
11.349951
11.730553
12.120429
12.122284
12.051577
12.453119
12.842059
13.199872
13.578028
13.983860
14.580979
14.970093
15.371900
16.010709
16.403108
16.853749
17.480861
17.910109
18.560273
19.001372
19.424015
19.866540
19.876738
19.405688
19.410026
19.004452
18.799614
18.157826
17.755887
16.922110
16.337134
15.935009
15.290838
14.850295
14.426812
13.965926
13.545610
13.151790
12.750333
12.114303
11.696606
11.323364
10.772136
10.370098
9.988999
9.612818
9.098041
8.775275
8.082785
7.653528
