0.194283
0.226469
0.416128
0.460833
0.516805
0.619281
0.565313
0.569172
0.774996
0.926959
1.231448
1.367343
1.533404
1.894977
1.747789
1.522145
1.311905
1.116443
1.359533
1.445030
1.415563
1.531236
1.841902
2.143020
2.450720
3.045487
3.484372
3.982506
4.348516
4.774983
5.282813
5.770797
6.227237
6.829058
7.226503
7.769165
8.099234
8.630179
8.999119
9.449890
10.033366
10.428526
10.973705
11.294636
11.577955
11.645673
11.571669
11.513697
11.536945
11.407466
11.464784
11.526375
11.632471
11.428685
11.212368
10.676941
10.083044
9.700040
9.317555
8.892219
8.402190
8.106256
7.808886
7.448066
7.109067
6.783102
6.311725
5.947202
5.548704
5.233955
4.918153
4.787921
4.531600
4.335659
4.302750
4.125734
4.076772
4.038493
3.268791
2.872061
2.403391
2.203339
2.380395
3.046986
3.639535
4.391988
4.405083
4.516276
4.620536
4.772244
4.961535
5.378823
5.646463
5.988250
6.339993
6.785654
7.054721
7.424718
7.987151
8.298308
8.889634
9.232868
9.543412
9.735876
10.137782
10.422888
10.712899
11.191903
11.555030
11.822231
12.072741
12.039651
11.973530
11.707657
11.675189
11.519176
11.550722
11.670089
11.753714
11.713065
11.954692
11.371600
10.879781
10.661921
10.069017
9.496517
9.126835
8.787145
8.339476
7.952927
7.654871
7.193792
6.826282
6.557742
6.436587
6.006567
5.862456
5.701496
5.468881
5.464892
5.484707
5.364799
5.513860
5.613160
5.798433
6.002478
5.928585
5.554210
4.721859
4.101957
3.936936
4.757867
5.555172
5.144284
5.039885
4.846724
4.838635
4.727361
4.734524
4.834055
4.922133
4.978719
5.202106
5.403981
5.611439
5.853892
6.200397
6.577940
6.781916
7.253618
7.646039
7.746394
7.638809
7.849972
8.078641
8.412067
8.576883
9.136180
9.708351
9.786580
9.483428
9.369191
9.414011
9.494392
9.349984
9.437290
9.527441
9.805122
9.944981
10.174356
10.544790
10.853245
11.158924
11.661412
11.971071
12.385204
12.956528
13.492378
14.134027
14.751658
15.180455
15.920001
16.649707
17.084175
17.059723
17.315773
17.010472
16.641804
15.997065
15.762294
15.495901
14.794192
14.364158
14.152781
13.902240
13.773785
13.457696
13.227187
13.018257
12.723719
12.580782
12.671124
12.754118
12.383904
11.360930
11.277534
11.376011
11.489387
11.418768
11.337625
11.686117
12.008900
12.766359
13.159091
13.544882
14.023326
14.543201
14.805390
15.226556
15.423173
15.750501
16.244192
16.709450
16.763094
16.831268
17.163395
17.490713
18.197636
18.713355
19.057903
19.660785
20.173486
19.973464
19.498851
19.237575
18.917796
18.751981
18.747760
17.944463
17.434752
16.663406
16.360508
16.013117
15.758916
15.554059
15.260798
14.852740
14.675860
14.359308
14.055196
13.777349
13.420954
13.480657
13.472656
13.544753
13.817317
14.115263
14.440148
14.929994
15.163844
15.604875
15.731512
16.014046
16.359521
16.863448
17.446448
17.683578
18.031078
18.511660
18.972246
19.473825
19.715309
20.115326
20.097216
20.464230
20.702231
20.728242
20.951312
20.851146
20.845134
20.307451
20.089811
19.813044
19.189425
18.907453
18.950523
18.567758
18.139302
17.515933
17.261551
16.843019
16.380851
16.113403
15.673258
15.236685
15.130658
14.660061
14.273320
14.061330
14.106639
13.956379
13.877372
13.814252
14.087301
14.185333
14.268007
14.711927
15.047044
15.328298
15.718490
16.036700
16.318172
16.614676
16.766226
17.059778
17.651404
18.320586
18.738481
19.213444
19.549175
20.058581
20.450557
19.893432
19.632064
18.977355
18.536443
18.378203
18.140012
18.256086
18.554964
18.940732
19.497033
19.986597
20.452531
20.894546
21.485184
21.441982
21.390231
21.321066
21.739229
22.468266
22.770641
23.346920
23.385325
23.740242
24.100975
24.753961
24.584450
24.741531
25.167577
25.847538
26.279104
26.969316
27.381639
27.966668
28.307992
28.782637
29.033262
29.149596
29.191063
28.911861
28.960414
29.380919
29.346211
29.348247
28.773661
28.457220
28.556220
28.547519
28.454322
27.717643
27.338982
26.852626
26.491894
25.856244
25.404457
24.887038
24.432266
24.014060
23.663031
23.014209
22.488552
22.560012
22.496066
22.525128
22.428705
22.459345
21.921300
21.403328
20.953344
20.289692
19.827461
19.312500
18.814245
18.144354
17.566237
17.230765
16.790848
16.305038
16.106611
16.161743
16.134894
16.296445
16.391779
16.747500
16.998644
16.658687
16.558379
16.441245
16.552567
16.768552
17.098057
17.493805
17.620372
17.762055
18.017329
18.429577
19.125260
19.576088
19.994748
20.449076
21.043215
21.484596
22.173924
22.675173
23.084150
23.494565
24.120614
24.594524
25.151107
25.696673
26.293110
26.809256
27.384736
27.902408
28.513363
28.623509
28.741000
28.625832
28.588667
28.501233
28.918503
28.958880
28.230163
28.228500
28.207376
27.787704
27.069451
26.408060
25.862911
25.141893
24.562575
23.877677
23.370074
22.902841
22.908613
22.829703
22.062482
21.588960
21.179104
20.755057
20.263597
19.611095
19.118090
18.630037
18.173161
17.682034
17.084339
16.587033
16.187688
15.712229
15.339340
15.278261
15.240360
15.488373
15.395992
15.426804
15.504095
15.679327
15.446438
15.212637
15.203983
15.309270
15.480439
15.647860
15.899790
16.368116
16.540508
16.847307
17.558347
17.979316
18.356875
18.674524
19.062001
19.043083
19.079245
19.495424
19.924579
20.310064
20.775239
21.238313
21.859323
22.170180
22.761516
23.632231
24.158244
24.649803
25.135729
25.386054
25.901985
26.289595
26.472120
26.773640
26.821500
26.369076
26.274107
25.885970
25.680893
25.168208
24.732523
23.964348
23.406393
23.011850
22.354807
21.941976
21.533626
21.155556
20.749513
20.382389
19.961530
19.228049
18.788371
18.316323
17.743105
17.342601
16.869088
16.262573
15.683591
15.253754
14.098925
12.942732
