230
420
550
680
540
620
710
810
900
1000
1090
1080
1090
1110
1080
1070
1110
1110
1560
1700
1520
1090
1090
1080
1110
1110
1090
1080
1120
1150
1240
1100
1100
1110
1090
1080
1090
1120
1090
1080
1090
1090
1090
1090
1090
1090
1080
1120
1090
1090
1090
1120
1080
1110
1090
1080
1090
1100
1080
1090
1160
1550
1080
1100
1090
1090
1090
1090
1090
1100
1080
1100
1100
1090
1090
1100
1090
1100
1090
1090
1100
1100
1090
1100
1100
1090
1100
1100
1090
1090
1100
1090
1100
1100
1090
1100
1100
1100
1100
1100
1100
1100
1100
1110
1110
1090
1120
1100
1110
1100
1100
1110
1100
1110
1120
1110
1110
1110
1110
1110
1630
1510
1270
1320
1100
1100
1100
1090
1100
1090
1100
1520
1710
1710
1720
1710
1720
1150
1090
1100
1100
1100
1100
1100
1100
1120
1060
870
1090
1090
1100
1100
1240
1540
1430
1110
1110
1110
1550
1730
1730
1730
1730
1730
1730
1670
1720
1730
1720
1730
1730
1720
1730
1720
1630
1110
1080
1080
1090
1080
1090
1100
1100
1090
1100
1080
1120
1090
1080
1090
1090
1080
1080
1090
1080
1090
1080
1080
1330
1700
1570
1090
1080
1090
1080
1090
1090
1090
1100
1080
1110
1090
1100
1090
1100
1090
1100
1090
1100
1100
1100
1090
1100
1090
1100
1100
1090
1100
1100
1090
1100
1090
1110
1100
1100
1100
1100
1100
1090
1100
1100
1090
1110
1100
1100
1090
1140
1310
1360
1310
1460
1710
1710
1700
1710
1710
1490
1090
1100
1100
1100
1140
1160
1090
1130
1110
1100
1100
1110
1290
1280
1300
1340
1270
1290
1100
1100
1090
1110
1100
1100
1090
1110
1100
1170
1510
1080
1100
1120
1100
1090
1080
1110
1160
1290
1330
1270
1380
1300
1290
1330
1220
1080
1080
1110
1100
1090
1100
1110
1090
1100
1100
1110
1090
1090
1120
1090
1100
1110
1090
1580
1700
1180
1100
1090
1090
1100
1090
1100
1090
1100
1090
1090
1090
1090
1100
1100
1100
1090
1090
1100
1080
1170
1370
1190
1530
1710
1710
1710
1710
1710
1710
1720
1710
1710
1390
1090
1080
1090
1080
1090
1080
1100
1080
1120
1090
1080
1090
1090
1080
1090
1080
1080
1080
1090
1090
1080
1090
1090
1080
1090
1090
1110
1090
1090
1080
1090
1160
1340
1300
1330
1170
1100
1090
1090
1090
1090
1110
1090
1080
1100
1120
1090
1100
1090
1090
1120
1090
1090
1090
1450
1550
1130
1130
1080
870
960
920
1090
1120
1080
1120
1090
1100
1090
1090
1100
1090
1090
1080
1120
1080
1100
1090
1170
1660
1230
1080
1090
1430
1720
1720
1710
1710
1710
1710
1710
1710
1710
1470
1090
1330
1300
1080
1120
1110
1130
1110
1140
1100
1130
1120
1110
1090
1080
1110
1080
1120
1090
1080
1140
1130
1410
1710
1250
1090
1090
1110
1090
1080
1090
1090
1080
1090
1080
1090
1080
1090
1120
1120
1120
1510
1660
1420
1220
1640
1650
1350
1080
1090
1100
1080
1460
1640
1640
1650
1660
1640
1650
1650
1650
1080
1080
1090
1100
1080
1520
1670
1620
1120
1090
1090
1080
1090
1110
1130
1120
1090
1080
1090
1090
1080
1090
1090
1110
1090
1110
1080
1100
1090
1100
1090
1090
1100
1670
1180
1090
1080
1090
1080
1130
1110
1110
1130
1120
1120
1130
1130
1120
1130
1110
