2.013324 1.987730
1.917613 1.954164
1.832411 1.918532
1.820700 1.986880
1.721537 2.064331
1.695423 2.167968
1.684120 2.279900
1.618191 2.300179
1.589460 2.442976
1.594327 2.421131
1.567026 2.519102
1.568423 2.548882
1.610833 2.705068
1.702649 2.900013
1.727336 2.994205
2.076529 3.390189
2.499757 3.898430
3.029066 4.484125
3.237295 4.721829
3.404461 5.021712
3.533236 5.095401
3.643296 5.168119
3.624584 5.218782
3.619240 5.272646
3.617018 5.325106
3.677071 5.363751
3.804499 5.497886
4.041489 5.793967
4.267432 5.992713
4.482257 6.203478
4.755000 6.408992
4.960984 6.573926
5.086433 6.680144
5.134969 6.802544
5.275311 6.791360
5.399664 6.745853
5.476200 6.768121
5.545935 6.827706
5.681682 6.905367
5.744304 6.855398
5.810751 6.954207
5.927002 6.903887
5.988509 6.986661
6.094076 7.095900
6.045978 7.023097
6.017312 6.972570
5.971699 6.862213
6.030832 6.844056
5.997614 6.764459
6.129130 6.842630
6.252543 6.947966
6.249810 6.923222
6.106178 6.901831
5.973849 6.822031
5.950105 6.826086
5.897506 6.845098
5.939502 6.929187
5.984204 6.988748
6.065583 7.092663
6.207354 7.196148
6.441230 7.324498
6.574474 7.462279
6.685187 7.583887
6.830026 7.757785
6.950732 7.906707
7.018149 7.966447
7.072338 8.021767
7.075891 7.982266
7.010656 8.024036
7.084677 8.145275
7.019749 8.185155
7.099079 8.092515
6.947850 7.845116
6.949547 7.717976
6.831360 7.713739
6.872226 7.769194
6.910771 7.769152
6.944962 7.728358
7.086820 7.882858
7.265250 8.037079
7.316354 8.021569
7.401769 8.168900
7.637159 8.384195
7.632203 8.423076
7.624942 8.476148
7.479145 8.424346
7.328167 8.220575
7.329997 8.268008
7.353313 8.309356
7.373518 8.351262
7.331492 8.305161
7.176242 8.250174
7.102415 8.249363
7.030291 8.165856
6.985116 8.137585
6.955890 7.985099
6.970021 7.803775
7.048298 7.881349
7.157438 8.014542
7.292191 8.159332
7.437957 8.312301
7.461166 8.334800
7.483157 8.352330
7.435524 8.312172
7.393963 8.313874
7.309893 8.283049
7.469601 8.442534
7.640594 8.592588
7.800845 8.742294
7.952259 8.904020
7.907156 8.895846
7.860621 8.820712
7.842742 8.686879
7.506488 8.547972
7.433085 8.253112
7.377011 8.119704
7.438670 8.113438
7.528675 8.144101
7.545790 8.168337
7.505852 8.135058
7.512470 7.914263
7.400722 7.833133
7.311069 7.725884
7.286006 7.641824
7.090952 7.474947
7.029224 7.384709
6.841443 7.237911
6.813230 7.263049
6.723765 7.234109
6.837872 7.377355
6.946519 7.490871
6.899143 7.614154
6.918134 7.726813
7.047426 7.836081
7.019459 7.916253
6.992081 7.787050
7.116805 7.912587
7.264271 8.067984
7.515076 8.343045
7.872935 8.643714
8.125955 8.895864
8.294741 9.007249
8.406243 9.173051
8.458711 9.285092
8.430078 9.231734
8.162795 9.059356
8.089579 9.055879
7.961567 8.985674
7.799988 8.652640
7.732343 8.625010
7.637738 8.422867
7.436485 8.289529
7.277277 8.194130
6.913946 8.033555
6.460250 7.775562
6.251000 7.541412
6.142992 7.367199
6.060218 7.237047
6.146964 7.273832
6.098358 7.181535
6.217674 7.210968
6.176853 7.200935
6.170742 7.169396
6.152307 7.018283
6.059493 6.939110
5.836417 6.771683
5.903754 6.636642
5.889918 6.503456
5.815110 6.367628
5.789040 6.303310
5.798986 6.128005
5.785730 5.916376
5.683304 5.839238
5.169224 5.382101
4.928763 5.268723
4.685257 4.922081
4.542258 4.688219
4.488640 4.503756
4.324240 4.440677
4.377562 4.361657
4.310838 4.244866
4.172455 4.145016
4.157278 4.118633
4.187911 4.074294
4.090266 3.943885
4.147343 4.074576
4.192362 4.205904
4.203469 4.283298
4.005452 4.129475
3.967686 4.072820
3.861618 3.972407
3.759468 3.844538
3.841675 3.924892
4.125574 4.196443
4.568650 4.704555
5.189034 5.362018
5.902175 6.044904
6.703770 6.776229
7.271476 7.350944
7.802057 7.826257
8.073723 8.021354
8.249655 8.055432
8.326591 8.015349
8.411561 8.028353
8.384361 7.950123
8.563907 8.132509
8.722735 8.306726
9.038328 8.664669
9.293987 9.034533
9.420009 9.253250
9.560971 9.495543
9.747605 9.501318
9.728650 9.478866
9.757470 9.474320
9.698316 9.394991
9.681255 9.329224
9.585988 9.255928
9.507193 9.240291
9.510440 9.271976
9.524728 9.240697
9.550755 9.270425
9.436595 9.122781
9.293300 9.009688
9.205523 8.946428
9.115499 8.818387
9.069336 8.598862
8.965100 8.347029
8.990541 8.406093
9.001706 8.394898
8.874950 8.268193
8.879851 8.291938
8.605888 7.650053
8.259331 7.425707
7.877144 7.170907
7.640836 6.939175
7.422563 6.945940
7.341406 6.785555
7.345419 6.846293
7.265375 6.809954
7.328987 6.932734
7.391305 7.132691
7.488915 7.264072
7.718091 7.605804
7.687776 7.637419
7.739316 7.640697
7.748403 7.693849
7.791144 7.744883
7.818425 7.604751
7.855019 7.629959
7.893730 7.687671
7.940242 7.715665
7.947013 7.733766
7.621257 7.638380
7.621409 7.602280
7.624293 7.595871
7.581821 7.569758
7.211721 7.439668
7.067422 7.090533
7.010608 7.060668
6.998136 7.059380
6.983803 7.124652
6.911988 7.046848
6.840731 7.030657
6.625805 6.965555
6.546857 6.868193
6.412321 6.932269
6.251113 6.855001
6.157073 6.792356
6.159442 6.817308
6.274374 6.955470
6.418298 7.130536
6.361357 7.118857
5.937904 6.800322
5.629086 6.406923
5.362637 6.084906
5.232868 5.838640
5.139708 5.762737
4.697994 5.424465
4.317760 5.110763
4.274758 4.674451
4.282403 4.541928
4.083297 4.501133
4.027725 4.463545
4.188629 4.585251
4.582845 4.882620
4.766228 5.060679
5.159457 5.446716
5.678039 5.948251
6.230946 6.500215
6.613421 7.051440
6.825208 7.427829
6.879606 7.531436
6.963258 7.644170
7.152097 7.684418
7.130370 7.511594
7.235453 7.342611
7.350186 7.489490
7.543663 7.614812
7.911227 7.966714
8.263913 8.104041
8.378320 8.209596
8.373104 8.145838
8.282225 8.138262
8.290585 8.120889
8.251754 7.948787
8.224921 7.869948
7.866441 7.643054
7.606589 7.469715
7.396780 7.340590
7.342985 7.288538
7.304585 7.145093
6.914881 6.901145
6.541161 6.647657
6.125208 6.354023
5.696258 5.845629
5.374174 5.525566
5.150005 5.243822
5.042566 4.961424
4.821198 4.845056
4.511007 4.693495
4.252107 4.695992
3.816379 4.287494
3.525296 3.985945
3.287668 3.629918
3.044995 3.269671
2.821652 3.146169
2.767615 3.069885
2.781718 3.080430
2.826995 3.093187
2.868811 3.223173
2.973653 3.400956
3.144654 3.529931
3.488288 3.877480
3.847266 4.283420
4.213527 4.698554
4.628486 5.144268
5.195433 5.476383
5.538693 5.731193
5.956408 5.991728
6.464012 6.249713
6.891429 6.391959
7.342741 6.581107
7.309106 6.588799
7.299045 6.493114
7.193420 6.530103
7.110834 6.569560
7.092214 6.663077
7.107084 6.783473
7.208467 6.960695
7.269838 7.163358
7.349651 7.164537
7.333685 7.224488
7.423326 7.335099
7.514299 7.458579
7.647464 7.631808
7.759054 7.807905
7.593051 7.735669
7.584354 7.704254
7.631837 7.700326
7.645597 7.719743
7.708978 7.844438
7.744463 7.885328
7.724911 7.927735
7.654495 7.977449
7.582392 7.990083
7.493792 7.878275
7.577107 7.929004
7.513354 7.893074
7.273093 7.662294
7.099958 7.563280
7.066668 7.552158
6.921352 7.466061
6.942127 7.514960
6.997360 7.599923
7.067166 7.697703
7.142732 7.782604
7.263216 7.894044
7.394525 8.041890
7.505658 7.949211
7.353159 7.637343
6.984482 7.472444
6.535097 6.584780
5.925102 5.958144
5.447976 5.358179
5.186523 4.996223
4.858259 4.691974
4.693122 4.619139
4.720266 4.364765
4.604325 4.288931
4.422442 4.030624
4.292992 3.946616
4.055652 3.880352
3.896482 3.813054
3.724945 3.676687
3.610896 3.574830
3.697416 3.608822
3.727222 3.741659
3.961077 3.992793
4.142941 4.197908
4.349171 4.413883
4.526696 4.652262
4.636349 4.789610
4.605835 4.632616
4.574526 4.424954
4.533537 4.293834
4.340848 4.191170
4.157961 4.218451
4.008057 4.008111
3.914761 3.852198
3.798199 3.739880
3.787343 3.744396
3.740303 3.674652
3.730198 3.673288
3.685580 3.697723
3.820909 3.872397
3.920146 4.005898
4.098125 4.187557
4.445646 4.477735
4.836254 4.793621
5.031707 4.988291
5.231161 5.145742
5.307708 5.273372
5.137615 5.155337
5.072600 5.100797
5.049688 5.144042
4.865809 5.015967
5.011333 5.047421
5.092387 5.050985
5.057803 5.025401
4.962437 4.999228
4.976003 4.956400
4.943583 4.829015
4.917571 4.749988
5.010015 4.795558
5.039692 4.718147
5.026879 4.629302
5.042999 4.629123
4.722956 4.495526
4.699107 4.536778
4.738214 4.579572
4.773545 4.539546
4.829088 4.607537
4.734773 4.537526
4.886331 4.696289
5.053378 4.715292
5.045577 4.723970
5.023887 4.792928
5.064168 4.868432
5.201284 5.011648
5.316383 5.169005
5.340312 5.209571
5.443799 5.397064
5.733778 5.735440
6.000672 6.023833
6.404092 6.390467
6.896034 6.779952
7.038359 7.122010
7.170272 7.201726
7.387704 7.348479
7.508723 7.575864
7.586110 7.655553
7.358733 7.525072
7.041613 7.292794
6.660265 7.022350
6.460714 6.488000
6.101236 6.164096
5.591887 5.730001
5.248734 5.305132
5.009656 5.093953
4.879968 4.868619
4.790547 4.859700
4.545500 4.569464
4.415102 4.335849
4.188330 4.236017
4.221184 4.303290
4.190700 4.195542
4.153227 4.114024
4.087691 4.030738
4.064918 4.068920
4.063294 4.088659
4.047867 4.121433
4.010112 4.060783
3.961116 3.820940
3.854479 3.598712
3.720716 3.632369
3.644769 3.679254
3.655995 3.680111
3.702775 3.712162
3.702872 3.656814
3.808659 3.749860
3.854028 3.831778
3.767859 3.945549
3.790256 3.958093
4.102775 4.058349
4.115751 4.129250
3.883108 3.999304
3.891679 3.966068
3.879815 3.991863
4.033048 4.130747
3.978153 4.104767
4.109301 4.179307
4.068635 4.148001
4.090600 4.180156
4.136312 4.228725
4.117497 4.195764
4.256666 4.178758
4.399889 4.281170
4.428840 4.351707
4.451329 4.317098
4.524498 4.402739
4.497630 4.444380
4.489487 4.354195
4.518433 4.357708
4.505781 4.431064
4.468737 4.413988
4.384520 4.278884
4.341086 4.152653
4.264162 4.148660
4.347248 4.216588
4.668074 4.459355
4.831221 4.611331
4.982232 4.754320
5.028594 4.741795
5.054239 4.802808
4.927805 4.726659
5.040012 4.906717
5.092769 4.974880
5.332063 5.174431
5.497075 5.358931
5.704296 5.648862
5.910226 5.831253
6.041100 5.892985
5.982670 5.860392
5.772799 5.719748
5.486692 5.553724
5.307087 5.417072
5.105288 5.245210
4.685454 4.962916
4.459633 4.782504
4.334389 4.513492
4.147908 4.373783
3.966299 4.161895
3.701111 3.991197
3.505205 3.762929
3.365300 3.657023
3.352185 3.573752
3.501429 3.625936
3.684369 3.729492
3.957240 3.932569
4.187685 4.153884
4.377882 4.305802
4.465838 4.469769
4.615856 4.652078
4.812227 4.785755
4.937390 4.798125
5.209682 4.962872
5.411755 5.176248
5.644538 5.390462
5.760551 5.559886
6.336757 6.111424
6.792244 6.519742
