1.989872 1.979660
2.018144 1.976908
2.047115 2.007343
2.059488 2.072098
2.086462 2.151382
2.109598 2.277116
2.142161 2.434349
2.191829 2.597669
2.262277 2.774151
2.340420 2.978802
2.473784 3.210155
2.600595 3.432576
2.747215 3.672714
2.920415 3.886263
2.987422 3.923706
3.010456 3.877790
3.048364 3.848157
3.259787 4.011892
3.383115 4.131679
3.467588 4.256925
3.495549 4.292823
3.536014 4.355575
3.597200 4.427600
3.695000 4.512300
3.812641 4.649226
3.966772 4.788131
4.144394 4.935785
4.308159 5.097912
4.485065 5.270577
4.684054 5.462222
4.914620 5.675962
5.117405 5.875487
5.289997 6.082606
5.490511 6.304409
5.717466 6.553988
5.880021 6.714279
6.123000 6.943037
6.307074 7.130669
6.509364 7.330643
6.730211 7.521407
6.943802 7.727776
7.162078 7.928040
7.370401 8.129862
7.586551 8.356195
7.686601 8.404259
7.733552 8.437838
7.810754 8.486943
7.907959 8.551891
7.974803 8.599229
7.944374 8.528591
7.912219 8.493812
7.914974 8.491614
7.935615 8.511675
7.947437 8.605408
7.961475 8.604381
7.990672 8.630355
8.033102 8.675533
8.066343 8.708357
8.114350 8.767832
8.190451 8.804437
8.265063 8.872683
8.350219 8.944295
8.447327 9.013041
8.593966 9.096680
8.711647 9.178478
8.843172 9.272234
9.007192 9.398050
9.180644 9.528776
9.381209 9.671427
9.555397 9.819671
9.707562 9.948239
9.861307 10.079211
10.026232 10.216182
10.202125 10.353304
10.368662 10.473644
10.506344 10.605496
10.666940 10.754656
10.806604 10.888109
10.975875 11.046180
10.997196 11.086686
10.930770 11.037641
10.892931 10.986501
10.975589 11.104270
10.996572 11.130969
10.990221 11.122941
10.944107 11.098570
10.948415 11.131243
10.930776 11.146467
10.926479 11.161272
10.925511 11.174132
10.947166 11.182714
10.985379 11.245054
11.034418 11.291282
11.103310 11.335090
11.161576 11.382853
11.231100 11.427928
11.312599 11.507127
11.381943 11.567587
11.453552 11.630034
11.532148 11.716483
11.602788 11.817158
11.667434 11.923939
11.755879 12.029052
11.848154 12.147462
11.959335 12.259739
12.039004 12.368389
12.147784 12.495307
12.234970 12.611024
12.338456 12.728660
12.434856 12.850007
12.579121 12.909144
12.604337 12.890311
12.691321 12.918159
12.777575 12.913940
12.862945 12.937603
12.876240 13.041136
12.877895 13.087335
12.906439 13.117950
12.930096 13.145061
12.961074 13.163158
12.995536 13.188603
13.024433 13.202416
13.032164 13.202651
13.028351 13.206267
13.066046 13.235938
13.087004 13.252292
13.096800 13.266860
13.124406 13.308215
13.167935 13.362469
13.224638 13.443320
13.271396 13.490526
13.320983 13.572450
13.383142 13.635737
13.434462 13.696424
13.517145 13.745652
13.631498 13.825772
13.734783 13.889060
13.830716 13.970230
13.950199 14.048573
14.070996 14.122102
14.166899 14.217142
14.265501 14.313352
14.350413 14.405415
14.427716 14.505913
14.511667 14.622704
14.599706 14.734097
14.640620 14.724750
14.694255 14.729055
14.704950 14.670379
14.728220 14.641642
14.674231 14.627208
14.678881 14.588045
14.694361 14.572425
14.711764 14.569459
14.729502 14.562224
14.800416 14.566583
14.874041 14.594703
14.930176 14.627866
14.977485 14.677570
15.039798 14.728000
15.098623 14.775671
15.195335 14.841531
15.267752 14.889479
15.374995 14.959393
15.481310 15.014441
15.551302 15.072089
15.661153 15.138313
15.789538 15.207810
15.886564 15.267585
15.998771 15.329388
16.111962 15.384880
16.196647 15.451111
16.203808 15.529407
16.176920 15.555471
16.165202 15.613372
16.157582 15.658277
16.167544 15.712330
16.181836 15.786783
16.207267 15.834987
16.261680 15.929189
16.296287 15.974174
16.321727 16.045200
16.365127 16.110787
16.404845 16.207280
16.385017 16.370601
16.396080 16.365734
16.397867 16.369475
16.406981 16.386881
16.445432 16.424793
16.460864 16.452401
16.488811 16.475713
16.536943 16.517843
16.584700 16.570243
16.632930 16.607161
16.683841 16.653985
16.756900 16.707326
16.828478 16.772119
16.904720 16.844603
16.955071 16.903967
17.023558 16.966997
17.047661 17.002171
17.053293 16.998771
17.056796 16.922692
17.082884 16.899659
17.094253 16.836985
17.102839 16.886531
17.153931 16.946645
17.168158 16.962362
17.186405 16.976048
17.198269 16.982268
17.223030 16.999751
17.223365 17.006332
17.216750 17.010936
17.202808 17.030621
17.209132 17.056963
17.207621 17.115382
17.219017 17.164146
17.215423 17.241720
17.241600 17.313774
17.291653 17.381773
17.337204 17.460789
17.330744 17.454806
17.367097 17.404550
17.374875 17.469497
17.416729 17.466103
17.461189 17.479475
17.505535 17.499680
17.549691 17.542995
17.617052 17.581879
17.590417 17.488084
17.547254 17.485971
17.547508 17.521079
17.572305 17.537546
17.582157 17.539854
17.610706 17.558881
17.668882 17.602000
17.681742 17.640720
17.695551 17.678418
17.721186 17.728921
17.749017 17.786336
17.789701 17.840487
17.824757 17.894502
17.871552 17.970950
17.931848 17.998243
17.959353 18.001078
17.979080 18.031399
18.002088 18.080559
18.022372 18.106339
18.028245 18.122687
18.033609 18.142816
18.048591 18.161161
18.034139 18.200256
18.042868 18.190493
18.071865 18.179449
18.089781 18.171163
18.109771 18.171255
18.144788 18.163134
18.182086 18.164956
18.266901 18.153543
18.297541 18.173919
18.341484 18.196872
18.346222 18.223681
18.362429 18.269532
18.389684 18.301463
18.428953 18.353311
18.472206 18.398445
18.500452 18.439163
18.539327 18.487648
18.601336 18.516564
18.687599 18.555509
18.766526 18.607941
18.855658 18.680045
18.951481 18.780788
19.033208 18.838561
19.114863 18.843210
19.146387 18.815509
19.180382 18.832246
19.235177 18.843472
19.277736 18.861141
19.326384 18.874535
19.431721 18.876784
19.520418 18.885874
19.571643 18.909984
19.635281 18.940679
19.754173 19.001951
19.839311 19.047444
19.929321 19.076500
19.979371 19.108265
20.043926 19.146562
20.072446 19.164933
20.100877 19.191834
20.113455 19.196880
20.121260 19.253372
20.266556 19.261666
20.227177 19.276384
20.210681 19.302281
20.235865 19.320158
20.258650 19.309856
20.330681 19.382615
20.400693 19.439684
20.426174 19.475380
20.438067 19.494879
20.466872 19.526265
20.512717 19.573995
20.532460 19.537284
20.513819 19.520590
20.566606 19.542295
20.599275 19.555847
20.624940 19.557766
20.640753 19.589813
20.678567 19.629246
20.731131 19.642158
20.748993 19.667669
20.763443 19.704043
20.765728 19.722484
20.780364 19.759743
20.805923 19.819752
20.854006 19.888189
20.916946 19.950360
20.974729 20.012641
21.030494 20.074621
21.071783 20.132401
21.077093 19.994288
21.031856 19.939536
21.018499 19.895344
20.978458 19.835707
20.948285 19.782318
20.950753 19.734663
20.990644 19.711046
21.036822 19.693218
21.059626 19.676678
21.080246 19.683742
21.107299 19.705484
21.135908 19.721502
21.166614 19.748566
21.248826 19.814088
21.314372 19.871327
21.385634 19.900560
21.440492 19.920769
21.489016 19.940577
21.536395 19.947478
21.592033 19.969653
21.664945 20.030303
21.689036 20.022298
21.722263 20.006831
21.749987 19.989828
21.812853 20.002798
21.899871 19.968487
21.903676 19.981951
21.920406 20.001169
21.921053 20.029236
21.914794 20.034627
21.895179 20.072795
21.893003 20.078533
21.928648 20.096169
21.981927 20.122617
22.018146 20.187898
22.020585 20.167693
21.994156 20.161087
22.051423 20.181015
22.134821 20.208357
22.193545 20.229741
22.228348 20.251889
22.304526 20.247940
22.354299 20.260323
22.401276 20.284105
22.429210 20.311215
22.441299 20.378766
22.456930 20.429133
22.465790 20.451242
22.485531 20.490136
22.493409 20.517372
22.524424 20.557206
22.540464 20.595183
22.613413 20.664580
22.676428 20.716526
22.755347 20.759451
22.847680 20.777353
22.918924 20.803570
22.963325 20.826898
23.077824 20.837129
23.138105 20.974473
23.197085 21.007055
23.198622 21.044378
23.184965 21.062051
23.201431 21.066721
23.202638 21.089352
23.199543 21.132511
23.215761 21.203486
23.241562 21.205798
23.281537 21.229363
23.326371 21.241003
23.370959 21.256859
23.419184 21.259387
23.481962 21.290282
23.557975 21.319968
23.614940 21.343157
23.674979 21.373061
23.719789 21.405514
23.782437 21.442061
23.847595 21.489123
23.895208 21.527507
23.960374 21.626655
24.031477 21.635443
24.090722 21.724572
24.122776 21.832771
24.125177 21.846180
24.133907 21.864771
24.154186 21.878564
24.176860 21.900061
24.199927 21.928302
24.210467 21.983394
24.236776 22.018975
24.249568 22.080113
24.288671 22.117992
24.336355 22.176698
24.396806 22.208198
24.461845 22.302456
24.515712 22.379840
24.543177 22.422211
24.554544 22.463062
24.672084 22.552066
24.708044 22.574118
24.743270 22.599554
24.778855 22.628432
24.806576 22.648557
24.770040 22.662830
24.739733 22.685298
24.733688 22.724427
24.729828 22.762494
24.730300 22.788190
24.709731 22.825947
24.710373 22.863953
24.741057 22.939475
24.770619 22.997245
24.807226 23.046674
24.869233 23.102948
24.879651 23.138471
24.880037 23.180251
24.904641 23.196542
24.955726 23.229178
25.007471 23.267325
25.060242 23.292841
25.112552 23.346660
25.163292 23.393861
25.227432 23.433724
25.290540 23.482470
25.343009 23.515103
25.403720 23.577271
25.490589 23.635847
25.552605 23.710505
25.615825 23.763702
25.677229 23.810102
25.731899 23.866838
25.813250 23.885284
25.884678 23.899279
25.929539 23.861371
25.955816 23.856628
25.907217 23.905644
25.904303 23.957548
25.932132 23.835167
25.919164 23.871897
25.921039 23.913580
25.946961 23.920711
26.005360 23.947910
25.977453 23.965684
26.026575 23.976487
26.057455 24.034628
26.104601 24.080458
26.142777 24.108119
26.174678 24.153396
26.225808 24.182309
26.266435 24.223189
26.313942 24.264374
26.354124 24.306653
26.428817 24.341303
26.450976 24.343620
26.442664 24.368526
26.427181 24.418433
26.432287 24.455538
26.427607 24.471044
26.435595 24.510200
26.463445 24.548647
26.499766 24.568261
26.532565 24.609758
26.563106 24.658338
26.600997 24.708869
26.638193 24.758928
26.672727 24.812106
26.676808 24.858224
26.695937 24.908294
26.771504 24.975322
26.808451 25.016950
26.763429 25.065268
26.779058 25.032700
26.761235 25.057571
26.760779 25.087083
26.775131 25.133355
26.778498 25.152277
26.785204 25.202856
26.811414 25.198991
26.820915 25.200413
26.829552 25.211276
26.845145 25.213914
26.848156 25.213565
26.868079 25.214478
26.908894 25.213817
26.944993 25.218990
26.981006 25.207162
27.023765 25.223190
27.063768 25.246179
27.092734 25.270283
27.126015 25.288767
27.173263 25.298570
27.189977 25.331281
27.157249 25.376427
27.207989 25.372307
27.256554 25.359048
27.299266 25.343002
27.356936 25.335937
27.422007 25.344946
27.475382 25.354964
27.538991 25.356755
27.596955 25.381937
27.638767 25.397532
27.703397 25.430978
27.769283 25.464303
27.839743 25.502162
27.896697 25.525901
27.953170 25.579998
27.983073 25.630938
28.053640 25.662480
28.092060 25.685871
28.131831 25.686816
28.096831 25.702477
28.083672 25.696053
28.083984 25.725313
28.069738 25.759999
28.042633 25.776703
28.013116 25.803141
27.977581 25.830258
27.969295 25.890411
27.942051 25.955418
27.909585 26.012425
27.917160 26.043204
27.910838 26.065753
27.911000 26.089780
27.900817 26.123299
27.915386 26.164936
27.928294 26.236158
27.961187 26.288758
27.989969 26.353436
28.018825 26.400200
28.045076 26.462867
28.104861 26.512587
28.143590 26.572333
28.206719 26.626585
28.277566 26.706001
28.333803 26.796542
28.499289 26.980518
28.708743 27.095508
