2.013324 1.987730
1.890147 1.910397
1.782739 1.930467
1.746667 1.957272
1.716202 2.047051
1.710185 2.118957
1.691113 2.232661
1.679463 2.284572
1.689503 2.402383
1.673643 2.336144
1.709377 2.449870
1.712171 2.516984
1.793776 2.698466
1.874374 2.863736
1.879306 2.838969
1.990596 2.941401
2.379927 3.396331
2.925519 3.931360
3.194968 4.178569
3.502097 4.432215
3.594002 4.530827
3.717967 4.560316
3.813662 4.576694
3.939575 4.646153
4.103789 4.707772
4.210945 4.729157
4.380858 4.782734
4.637871 4.954702
4.976765 5.147824
5.342365 5.431701
5.602756 5.639772
5.835811 5.765989
6.046332 5.867243
6.264174 6.041071
6.390001 6.041886
6.496874 6.074212
6.604584 6.096486
6.635976 6.126775
6.705572 6.220193
6.781284 6.227874
6.935406 6.353222
6.967360 6.290312
7.103444 6.366380
7.130577 6.328613
7.092747 6.353206
6.859291 6.151908
6.847801 6.097674
6.696796 6.047674
6.711307 5.879536
6.675715 5.826430
6.748600 6.118415
6.778484 6.172222
6.821601 6.214508
6.828737 6.195039
6.682527 6.208196
6.650268 6.219710
6.637619 6.244677
6.638317 6.124218
6.638583 6.103581
6.691422 6.199562
6.755169 6.325324
6.844489 6.430885
6.915919 6.516981
7.046413 6.643318
7.156737 6.677544
7.143968 6.587093
7.282672 6.712412
7.429740 6.859628
7.549508 6.823968
7.655805 6.906856
7.721329 6.965721
7.557505 6.882882
7.623402 6.941288
7.605425 6.989700
7.652838 7.073360
7.674923 6.833294
7.749832 6.836410
7.797157 6.934348
7.828403 7.056645
7.838246 7.076113
7.775644 7.055544
7.857377 7.150341
8.059139 7.242165
8.080852 7.348155
8.119851 7.387106
8.197587 7.337081
8.140708 7.221264
8.183157 7.217987
8.244403 7.226121
8.280218 7.251130
8.346580 7.292772
8.303338 7.180078
8.299585 7.131697
8.346643 7.170089
8.293124 7.175718
8.311106 7.284915
8.408168 7.268315
8.514717 7.374836
8.625309 7.496778
8.730521 7.624077
8.853223 7.776258
8.963004 7.914427
9.020461 8.065425
9.146039 8.219887
9.104274 8.328209
9.150551 8.415489
9.068247 8.594588
9.196889 8.754182
9.348510 8.894180
9.488748 9.032746
9.495254 9.091535
9.484798 9.035226
9.554057 9.056408
9.568102 9.005067
9.574054 8.895540
9.352497 9.076211
9.297320 9.111204
9.278091 9.148544
9.294547 9.183226
9.293239 9.225694
9.314411 9.286816
9.106546 9.130491
8.860296 9.101497
8.777996 9.068570
8.736433 9.077900
8.718223 9.144755
8.328644 9.149823
8.043946 8.990479
7.837857 8.853743
7.817661 8.847021
7.872508 8.921377
7.932888 9.024947
7.991042 9.133895
8.082617 9.255512
8.147163 9.383354
8.238797 9.507673
8.340642 9.622540
8.463872 9.748028
8.690257 9.901600
8.869220 10.050870
9.009991 10.200352
9.409752 10.417521
9.523018 10.544591
9.616141 10.569473
9.619343 10.629808
9.414010 10.563464
9.290228 10.435957
9.180095 10.443168
9.069848 10.145374
9.054589 10.055700
8.951302 9.911357
8.481845 9.611829
8.141491 9.167439
7.799559 8.817312
7.537829 8.346253
7.282801 8.044193
7.087211 7.936719
6.944615 7.849948
6.804838 7.581217
6.764110 7.504645
6.693525 7.516910
6.660840 7.449751
6.482964 7.429046
6.556422 7.389019
6.596517 7.405341
6.203138 7.363977
6.212840 7.145389
6.257716 7.057946
6.206955 6.994186
6.137947 6.923829
6.067293 6.965631
5.984327 6.805501
5.996174 6.833843
5.855997 6.697486
5.729244 6.473660
5.608161 6.200196
5.535571 5.901332
5.298375 5.786357
5.146277 5.729479
4.690626 5.689107
4.712824 5.625289
4.632357 5.538139
4.598223 5.571568
4.657371 5.646652
4.680513 5.673430
4.441826 5.587163
4.358794 5.412123
4.448231 5.463307
4.422732 5.319486
4.396152 5.247814
4.253295 5.061990
4.198535 5.083973
4.291450 4.957431
4.469489 5.116244
4.787266 5.437794
5.210120 5.951498
5.719931 6.595301
6.395219 7.365325
6.879025 7.973417
7.304078 8.680406
7.471828 8.924539
7.548562 8.956167
7.517096 8.982289
7.546131 9.087083
7.511271 8.898349
7.513820 8.938034
7.651421 8.985428
7.790538 9.140839
7.951043 9.411421
8.101214 9.655271
8.248695 9.932671
8.372826 9.975536
8.425182 9.960968
8.461639 9.958997
8.451601 9.909173
8.521149 9.942964
8.595034 9.983107
8.680588 9.892355
8.748467 9.923055
8.835395 9.954854
8.932244 10.030108
9.054193 10.065561
9.141435 10.129906
9.060091 10.127474
9.100048 10.197829
9.093977 10.189993
8.995792 9.986195
9.002894 9.981947
8.999715 10.048305
9.077897 10.002741
9.060889 10.033174
9.051705 9.987017
8.892017 9.674840
8.712107 9.434744
8.281497 9.033785
7.770079 8.753959
7.672813 8.500899
7.616867 8.438606
7.544816 8.347671
7.657479 8.435600
7.801402 8.549738
7.930052 8.634446
8.343319 8.837781
8.462400 8.920929
8.630725 9.005419
8.674170 9.045779
8.732312 9.089015
8.819371 9.135672
8.867458 9.162275
8.920672 9.206806
8.932154 9.049805
8.814670 8.922837
8.529384 8.644417
8.283046 8.489340
8.260067 8.476219
8.197881 8.430146
8.039554 8.426074
7.925706 8.165957
7.651050 7.992688
7.709506 8.026153
7.803890 8.086400
7.576957 7.973266
7.551417 7.786430
7.570454 7.848233
7.638081 7.923727
7.525371 7.917771
7.626010 8.005110
7.729307 8.094571
7.595847 7.853132
7.725842 7.959291
7.890578 8.157684
7.677206 7.944350
7.537421 7.937303
7.499893 7.877649
7.230902 7.528171
6.982884 7.387453
6.861310 7.252315
6.669434 7.082527
6.040622 6.760595
5.263209 6.034538
4.911046 5.761293
4.723839 5.477967
4.721958 5.245488
4.855795 5.332448
5.114752 5.518226
5.279630 5.643310
5.614667 5.838723
6.066302 6.232040
6.557234 6.693101
7.084872 7.105357
7.430448 7.322374
7.583937 7.462803
7.630221 7.552537
7.823624 7.678697
7.718976 7.575651
7.834784 7.666596
7.862820 7.697853
7.986785 7.750482
8.324097 8.049366
8.572301 8.099726
8.641683 8.302476
8.623529 8.328035
8.594166 8.280576
8.623789 8.316887
8.572016 8.245143
8.583895 8.243167
8.521459 8.194745
8.363673 8.124508
8.220187 7.927836
8.235018 7.818027
8.131421 7.813429
7.941314 7.708244
7.683241 7.424940
7.448071 7.270047
7.123635 6.942800
6.761526 6.512947
6.493513 6.178018
6.325970 5.941266
6.071863 5.660991
5.701886 5.285503
5.485197 5.077907
4.887687 4.470428
4.195926 4.095260
3.663216 3.600275
3.310369 3.250792
2.932365 2.848185
2.718114 2.754587
2.580687 2.745840
2.569089 2.812937
2.650365 2.842346
2.844713 3.019053
2.883841 3.136418
3.126600 3.370469
3.444633 3.726122
3.772618 4.193670
4.145760 4.680839
4.588139 5.113208
4.945854 5.510337
5.332622 5.874722
5.642612 6.223841
5.992287 6.621302
6.348420 6.970498
6.293132 6.861591
6.170653 6.806965
6.087562 6.762491
6.020957 6.730902
6.047160 6.826017
6.128576 6.936759
6.192738 6.930575
6.338982 7.006734
6.427147 7.062237
6.530451 7.165024
6.619282 7.256448
6.722464 7.341408
6.869361 7.460573
7.020463 7.602603
6.976418 7.617302
6.800401 7.493322
6.778411 7.492583
6.783250 7.546077
6.950689 7.603305
6.976933 7.690829
7.032946 7.691828
6.962137 7.718498
6.960326 7.627662
6.989536 7.567733
7.028023 7.513830
7.069687 7.470871
6.901544 7.372641
6.708013 7.337201
6.584906 7.142757
6.443432 7.007946
6.226675 6.899096
6.258615 6.928878
6.357717 7.018314
6.619367 7.247640
6.898904 7.515456
7.104750 7.763188
7.230123 7.849320
7.040539 7.718589
7.104587 7.453010
6.452479 6.575603
5.502116 5.939089
4.883769 5.316295
4.308140 4.949543
3.842403 4.387433
3.690951 3.982193
3.527202 3.852112
3.371946 3.739674
3.252971 3.629165
3.186089 3.485503
3.028507 3.072022
2.814648 2.969268
2.784040 2.846701
2.898464 2.977980
3.033746 3.047772
3.209110 3.195900
3.393015 3.371700
3.624473 3.605074
3.849282 3.819857
4.062634 4.055258
4.188063 4.176151
4.135688 4.164336
4.129123 4.098457
4.080442 4.171240
3.816740 4.115751
3.790643 4.029245
3.687900 3.898466
3.533090 3.805482
3.483680 3.640430
3.444410 3.625073
3.403163 3.601209
3.446259 3.635334
3.546339 3.708387
3.685135 3.851938
3.839311 3.986154
4.110678 4.235871
4.390901 4.560569
4.747244 4.949133
5.033525 5.242905
5.253320 5.442750
5.510587 5.731638
5.535208 5.726327
5.572841 5.760910
5.638539 5.828509
5.489442 5.715302
5.555394 5.810838
5.528931 5.795379
5.530339 5.756624
5.505561 5.712641
5.492825 5.713479
5.582389 5.702375
5.650374 5.763784
5.660643 5.832556
5.630665 5.739051
5.639063 5.756562
5.660375 5.577039
5.685856 5.588755
5.699573 5.617478
5.826224 5.739857
5.850192 5.587519
5.766125 5.612019
5.713608 5.590536
5.794247 5.662421
5.719267 5.698420
5.777343 5.719578
5.885642 5.695819
5.892357 5.674634
5.916901 5.807095
5.991149 5.846832
6.048902 5.893902
6.030184 5.974838
6.220388 6.170281
6.441691 6.485673
6.784710 6.929317
7.017658 7.257710
7.223142 7.449174
7.438074 7.607920
7.708828 7.783899
7.749964 7.916528
7.684896 7.817840
7.491377 7.696787
7.267489 7.667878
7.133452 7.400381
6.893115 7.056498
6.415793 6.638838
6.163693 6.301414
6.017955 6.040017
5.879556 5.934738
5.742370 5.798622
5.609055 5.752148
5.578832 5.476215
5.467416 5.354252
5.294108 5.193108
5.304009 5.126760
5.327741 5.156687
5.164771 5.032758
5.080971 5.000481
5.009263 5.011584
4.979907 4.911122
4.894488 4.852148
4.812442 4.655841
4.756460 4.529762
4.593128 4.435056
4.487931 4.403808
4.274787 4.386967
4.144840 4.275501
4.206883 4.309975
4.307520 4.320911
4.406006 4.374504
4.592284 4.491639
4.706614 4.521561
4.735811 4.616417
4.836668 4.724176
4.799063 4.816996
4.620057 4.661223
4.521317 4.553000
4.613363 4.627331
4.801584 4.779301
4.702307 4.811484
4.578482 4.820169
4.564464 4.857884
4.568375 4.917632
4.590397 4.981811
4.660744 5.066921
4.814639 5.283540
4.948530 5.392723
5.058110 5.495935
5.156983 5.591411
5.256068 5.697009
5.368083 5.820016
5.359394 5.697746
5.390228 5.703638
5.392091 5.740106
5.167128 5.525876
4.888503 5.528592
4.928320 5.535584
5.051642 5.584770
5.167622 5.644523
5.293760 5.675259
5.476429 5.803772
5.560020 5.914053
5.706762 5.895912
5.754365 5.861800
5.775200 5.777698
5.864083 5.834065
5.999801 5.906297
6.104267 6.062931
6.362415 6.236534
6.653101 6.413563
6.867135 6.650776
6.948662 6.488488
6.968547 6.445393
6.753375 6.159773
6.609574 5.935718
6.426472 5.847990
6.180396 5.702086
5.925384 5.487198
5.663192 5.119378
5.400683 5.092913
5.335708 4.978451
5.233633 4.912771
5.008687 4.879796
4.865108 4.746948
4.760748 4.597483
4.596816 4.503686
4.526474 4.542198
4.466181 4.553653
4.534142 4.639408
4.537658 4.653382
4.641399 4.740670
4.743309 4.880752
4.842004 5.075373
4.903883 5.217716
5.065263 5.323781
5.231255 5.515909
5.369102 5.717458
5.588524 5.980999
5.792382 6.221044
6.293075 6.852923
6.746984 7.245801
