2.005022 1.999362
2.030578 2.034479
2.088651 2.097996
2.097323 2.189450
2.048302 2.173339
2.003959 2.238969
1.980751 2.311674
1.960328 2.399018
1.990845 2.527623
2.010174 2.689509
1.976876 2.863006
2.057457 3.007527
2.107837 3.151325
2.302619 3.360512
2.391390 3.388034
2.378802 3.255094
2.497109 3.281010
2.801938 3.490850
2.916478 3.620565
3.112665 3.779811
3.166291 3.915840
3.297268 4.030081
3.413062 4.159952
3.540285 4.304003
3.695762 4.469443
3.892462 4.686082
4.100429 4.879545
4.291830 4.986295
4.446356 5.113144
4.507901 5.214867
4.605062 5.329675
4.666701 5.365348
4.563986 5.259233
4.620944 5.282540
4.658481 5.151573
4.687173 5.020459
4.553810 5.016950
4.459736 4.966277
4.444451 4.948745
4.482716 4.828848
4.391096 4.826876
4.363621 4.758339
4.459468 4.763566
4.531796 4.837971
4.435272 4.767258
4.189188 4.559260
4.059753 4.576623
3.992265 4.576212
3.959796 4.551951
3.856947 4.541563
4.142116 4.827249
4.624846 5.240191
4.871829 5.407631
5.161819 5.680846
5.210339 5.788265
5.270511 5.844428
5.348147 5.925832
5.356148 5.932370
5.277833 5.795567
5.307699 5.739329
5.353345 5.787199
5.358310 5.726619
5.213816 5.476634
5.165052 5.353664
5.057260 5.375996
5.036702 5.133222
4.834809 5.005348
4.704744 4.839938
4.574655 4.649210
4.486531 4.598807
4.385991 4.444517
4.178922 4.238012
4.017835 4.189212
4.073574 4.071689
3.987238 4.086145
4.102648 4.069140
4.133350 4.213638
4.178403 4.301495
4.359824 4.425459
4.511375 4.522658
4.564401 4.469797
5.081776 4.777239
5.647281 5.219370
6.379438 5.680688
6.952601 6.120748
7.472918 6.418627
7.804033 6.572403
7.909670 6.651549
7.863365 6.626636
7.837166 6.664757
7.892543 6.722330
7.911649 6.794125
8.012699 6.936894
8.147944 7.056369
8.273354 7.167150
8.262252 7.237194
8.250284 7.238027
8.321915 7.327819
8.181253 7.306578
8.165558 7.339325
8.076566 7.157596
7.985453 7.162269
7.848206 7.081034
7.757855 7.140831
7.785369 7.240135
7.540170 7.280425
7.400603 7.335741
7.533640 7.499852
7.653329 7.657866
7.763762 7.834674
7.680843 7.742917
7.528397 7.688613
7.225136 7.684455
7.142458 7.765861
7.147919 7.543126
7.113068 7.341075
7.487015 7.881175
8.208604 8.492862
8.724289 9.054366
8.939018 9.398021
9.330506 9.837767
9.314862 9.766882
9.163652 9.570993
9.191880 9.518894
9.287826 9.562158
9.606836 9.758533
9.962657 9.966561
10.308160 10.090658
10.531690 10.158969
10.566966 10.132108
10.294955 10.049257
10.286560 9.981342
10.103854 9.957681
9.958868 9.859800
9.890996 9.634828
9.942200 9.536547
10.070246 9.615428
10.251787 9.769751
10.733256 10.312544
11.527906 10.751122
12.096532 11.151697
12.544149 11.672914
13.154703 12.002893
13.524295 12.574687
13.850654 12.941539
14.187326 13.210482
14.378339 13.348459
14.746708 13.612227
15.053830 13.983769
15.384391 14.237339
15.675924 14.408176
15.895431 14.733929
16.145108 14.796297
16.376398 14.872251
16.486991 14.907121
16.677103 15.083237
16.663257 15.142346
16.845329 15.245167
16.842330 15.295561
16.925754 15.386821
16.938293 15.445108
16.962683 15.518534
16.990142 15.581056
17.031820 15.652602
17.056400 15.727526
17.081045 15.771954
17.144574 15.860358
17.447212 16.040857
17.516105 16.134038
17.709537 16.278926
17.918775 16.470072
17.978326 16.797387
18.032779 16.803226
18.099110 16.817839
18.096435 16.810238
18.107144 16.805305
18.221496 16.811796
18.283436 16.855379
18.407413 16.863816
18.467078 16.919559
18.510335 16.949904
18.558551 17.015909
18.619548 17.091660
18.686437 17.190937
18.781584 17.231062
18.817440 17.201228
18.926962 17.261083
19.211716 17.238021
19.360157 17.265305
19.418457 17.279667
19.438206 17.063255
19.507212 17.097582
19.559308 17.125457
19.588790 17.144820
19.629314 17.152294
19.738678 17.400834
19.784948 17.453509
20.096468 17.536227
20.329702 18.185626
20.699699 18.677101
21.221637 19.141957
21.518832 19.504334
21.932821 20.129757
22.112429 20.217783
22.357660 20.323289
22.528970 20.337717
22.540280 20.453841
22.549978 20.493610
22.540246 20.618272
22.557720 20.669434
22.568621 20.737883
22.523805 20.735967
22.506784 20.725191
22.495748 20.696653
22.478179 20.690883
22.486392 20.701132
22.512692 20.703894
22.528338 20.708646
22.413373 20.706528
22.438770 20.733185
22.474187 20.748667
22.395530 20.701760
22.213288 20.373401
22.209719 20.394943
22.337629 20.207906
22.328870 20.184494
22.228150 20.072298
22.252823 20.114243
22.299845 20.197791
22.307189 20.129112
22.478007 20.175005
22.593061 20.262561
22.766138 20.476507
22.807650 20.478591
22.958609 20.549856
22.894757 20.468393
22.914561 20.488773
22.881822 20.409342
22.662225 20.212447
22.547186 19.955384
22.590759 20.019546
22.622447 20.052018
22.694554 20.191844
22.759751 20.392987
22.918244 20.469712
22.941021 20.620441
23.064521 20.802016
23.101383 20.854543
23.250202 20.992541
23.377880 21.262539
23.424395 21.319838
23.511896 21.476576
23.638957 21.609631
23.600572 21.616656
23.582792 21.622318
23.597775 21.699059
23.578088 21.703111
23.754856 21.899412
23.738207 21.942525
23.764151 21.928397
23.870907 21.875017
23.639562 21.697547
23.630865 21.690144
23.414289 21.339655
23.373374 21.293526
23.390794 21.319249
23.394215 21.336333
23.363853 21.384636
23.449875 21.235679
23.437984 21.286757
23.561969 21.363343
23.633586 21.341618
23.709753 21.263465
23.701410 21.150357
23.619148 21.021478
23.696258 21.038169
24.206030 21.193947
24.583744 21.386919
24.725098 21.500077
24.844753 21.540952
24.694576 21.497410
24.512029 21.436402
24.227506 21.516385
24.320327 21.489614
24.420709 21.461263
24.500676 21.419281
24.578918 21.233443
24.464144 21.169481
24.563715 21.326714
24.642862 21.435833
24.779242 21.604037
24.867946 21.728768
24.822963 21.943313
24.916792 22.175180
25.096421 22.721060
25.598933 23.060440
25.641633 23.115550
25.634570 23.135668
25.604845 23.081321
25.583046 23.082877
25.594146 23.234481
25.637397 23.296512
25.690685 23.337284
25.728680 23.121133
25.761767 22.954061
25.806367 22.820460
25.670259 22.480950
25.428003 22.465920
25.183891 22.467670
24.869592 22.439895
24.664483 22.478613
24.714703 22.558447
24.593339 22.537628
24.576001 22.402553
24.542162 22.361858
24.457264 22.082663
24.296255 21.543286
24.214368 21.469763
23.774189 21.167464
23.594914 20.921695
23.422392 20.892335
23.292249 20.619393
23.260779 20.404524
23.418440 20.397544
23.464385 20.524084
23.735850 20.554836
24.051750 20.564548
24.168713 20.598664
24.279807 20.520049
24.247056 20.485211
24.247770 20.332045
24.043372 19.988398
24.086431 19.615235
24.166250 19.575027
24.107981 19.482245
24.021308 19.576270
24.075131 19.649731
24.250639 19.877363
24.514311 20.001919
25.026486 20.307462
25.279787 20.409519
25.543159 20.754624
25.893234 21.167280
25.917852 21.620966
26.095323 21.831686
26.124968 21.902373
26.133709 21.971253
26.189173 22.078503
26.239491 22.255009
26.271463 22.277744
26.331169 22.299752
26.399051 22.308043
26.447125 22.401169
26.703631 22.654869
27.046125 22.921312
27.275534 23.437296
27.514545 23.651193
27.821925 23.874994
27.910950 24.150885
28.008313 24.527775
28.242094 24.724111
28.318705 24.972147
28.335753 25.105818
28.328801 25.121875
28.321791 25.251929
28.332981 25.262292
28.396017 25.281863
28.394246 25.330094
28.352578 25.325788
28.386238 25.341092
28.402055 25.356307
28.396464 25.536376
28.623974 25.812056
28.795529 25.897770
29.460006 26.404768
29.927998 26.861850
30.721137 27.200575
31.516588 27.461874
32.006946 28.054077
32.520304 28.338443
32.888700 28.811933
33.366123 29.384045
33.778408 30.007441
34.212661 30.257703
34.639423 30.675130
34.767468 30.945110
34.928617 31.164037
35.048603 31.282537
35.503484 31.768164
35.639431 32.065565
35.715809 32.209368
35.803634 32.300422
36.163861 32.906060
36.366665 33.047447
36.453687 33.153936
36.547795 33.317013
36.569365 33.363398
36.695844 33.308655
36.723233 33.334237
36.745503 33.348473
36.773614 33.382620
36.807027 33.416395
36.776462 33.463496
37.060775 33.292540
37.118578 33.284856
37.211519 33.271033
37.273537 33.231764
37.345005 33.202018
37.369514 33.242700
37.356343 33.252002
37.352893 33.155129
37.357765 33.180819
37.367985 33.203608
37.354744 33.235336
37.362391 33.296522
37.386742 33.345035
37.335608 33.367722
37.348102 33.444094
37.378649 33.505374
37.403379 33.542461
37.427489 33.573572
37.481639 33.439700
37.465257 33.510197
37.582403 33.560781
37.553638 34.036414
37.560186 34.086606
37.606484 34.066541
37.570306 34.053334
37.622405 34.304811
37.624267 34.307988
37.503929 34.310177
37.475804 34.303548
37.438857 34.229415
37.400802 34.218879
37.333532 34.367308
37.320550 34.385050
37.332105 34.352800
37.169863 34.161685
37.211684 34.019845
37.212722 33.994034
37.153977 34.024320
37.170394 34.072852
37.172486 34.102158
37.209420 34.149430
37.241593 34.200277
37.252648 34.244406
37.270527 34.275527
37.294176 34.325163
37.323283 34.353819
37.359664 34.415411
37.383887 34.432019
37.378781 34.469908
37.395915 34.521425
37.479858 34.571663
37.528606 34.797181
37.954638 35.460471
38.019443 35.761005
38.129144 36.134838
38.203627 36.405716
38.593553 37.106482
38.994296 37.556855
39.120030 37.771303
39.219039 38.171326
39.428233 38.536030
39.692394 38.737853
39.774079 38.832653
39.833024 38.962145
39.960302 39.168603
39.947686 39.123981
40.229655 39.334898
40.208629 39.298900
40.430565 39.846479
40.413887 39.841670
40.554537 39.852799
40.685850 40.145733
40.772198 40.184043
40.764305 40.364478
40.793368 40.430625
40.798474 40.444042
40.812496 40.435694
40.837489 40.452681
40.851431 40.478114
40.867174 40.507314
41.006039 40.577009
41.187751 40.683643
41.203099 40.706664
41.169531 40.793574
41.200295 40.818497
41.146332 40.800722
41.172297 40.810912
41.185949 40.819151
41.087960 40.856472
41.031640 40.832431
40.975501 41.179384
41.082826 41.244317
41.085261 41.285603
41.106900 41.308595
41.124556 41.365627
41.143619 41.416541
41.126040 41.415754
41.145388 41.395164
41.153735 41.377525
41.164663 41.399447
41.352026 41.478895
41.388699 41.489554
41.407505 41.488019
41.441593 41.477145
41.470459 41.470272
41.482223 41.468790
41.532353 41.481022
41.561993 41.495626
41.583972 41.521460
41.606415 41.544179
41.662548 42.101080
41.668399 42.053713
41.629899 42.084357
41.636549 42.077241
41.654823 42.065293
41.697734 42.054677
41.747188 42.065913
41.782423 42.055293
41.822135 42.065853
41.851348 42.062349
41.892043 42.056014
41.916401 42.068427
42.036655 42.096247
42.335531 42.148974
42.388952 42.177834
42.426719 42.203304
42.491915 42.229281
42.550707 42.244389
42.606661 42.261556
42.979793 42.692590
42.983597 42.656889
42.968305 42.639728
42.968526 42.678872
42.965017 42.655725
42.958052 42.635483
42.940724 42.633869
43.066008 42.676479
43.035839 42.690180
43.049385 42.679360
43.177173 42.625888
43.270074 42.227868
43.292649 42.254143
43.295748 42.288582
43.319485 42.114123
43.344808 42.138298
43.370425 42.162152
43.400768 42.142079
43.514091 41.953647
43.565702 41.953639
43.705073 41.632664
43.736782 41.669641
43.765917 41.664602
43.842288 41.659253
43.885724 41.661289
43.958266 41.681095
44.013566 41.700605
44.039491 41.650414
44.079515 41.686648
