2.013324 1.987730
1.934603 1.900501
1.859296 1.845500
1.806575 1.856753
1.759455 1.881428
1.690615 1.945252
1.768939 2.202053
1.829947 2.359067
1.894445 2.561737
1.921490 2.691528
1.996265 2.995055
2.055109 3.172844
2.068615 3.364207
2.113786 3.513794
2.000529 3.431671
2.075811 3.425502
2.239870 3.705751
2.593602 3.824064
2.770401 4.023866
2.812721 3.987278
2.767481 3.951004
2.788498 3.851534
2.734869 3.790556
2.845987 3.881593
3.074521 4.111743
3.280979 4.316373
3.511316 4.520221
3.808694 4.829071
4.095947 5.131187
4.445552 5.356013
4.713923 5.591630
4.924453 5.808076
5.137644 6.003928
5.364178 6.237865
5.604254 6.473474
5.785097 6.667231
5.917219 6.755425
6.142360 6.956439
6.414054 7.209723
6.641921 7.422384
6.841117 7.533955
7.086216 7.671033
7.307580 7.858516
7.553069 7.977796
7.655234 8.050269
7.701560 8.114727
7.775221 8.178278
7.834144 8.231684
7.811749 8.194851
7.732877 8.272714
7.681694 8.293719
7.630939 8.250661
7.645818 8.296205
7.613132 8.232896
7.596758 8.237119
7.641814 8.117304
7.661242 8.157914
7.713202 8.119184
7.746579 8.162478
7.682765 8.087862
7.724113 8.144877
7.710969 8.134999
7.783791 8.206050
7.869587 8.323141
7.947995 8.397201
8.111694 8.589458
8.216760 8.693136
8.332066 8.790155
8.457668 8.912624
8.584720 9.007929
8.713088 9.139552
8.797729 9.247988
8.933490 9.366158
9.084298 9.489766
9.233564 9.619221
9.374890 9.742076
9.572973 9.980778
9.610695 10.079044
9.716911 10.243459
9.734074 10.264369
9.691453 10.214885
9.716808 10.361946
9.801117 10.597054
9.839534 10.621972
9.840649 10.650979
9.536352 10.328214
9.346484 10.131747
9.354602 10.115162
9.413983 10.127124
9.417347 10.127787
9.433068 10.150661
9.560369 10.200388
9.617077 10.233336
9.768804 10.331024
9.827150 10.382745
9.920494 10.435726
10.039300 10.561965
10.133052 10.649193
10.259465 10.739301
10.368699 10.839038
10.517941 10.958597
10.587026 11.074735
10.650168 11.081828
10.783655 11.196412
10.908029 11.317083
10.995646 11.424357
11.140030 11.562684
11.258532 11.668690
11.351375 11.798046
11.459751 11.926811
11.423856 11.970770
11.412087 12.008425
11.409984 12.081162
11.426769 12.161507
11.336412 12.002150
11.392562 12.052955
11.398602 12.026461
11.240928 11.939021
11.263420 11.928846
11.260877 11.911076
11.193239 11.874212
10.885669 11.662740
10.818374 11.658658
10.714263 11.685845
10.747527 11.638076
10.771380 11.683985
10.755302 11.600029
10.789203 11.568835
10.567703 11.494138
10.346624 11.372618
10.405495 11.440243
10.463362 11.511078
10.526622 11.595967
10.629829 11.690492
10.708205 11.778183
10.807085 11.903292
10.881373 12.013920
10.968066 12.110979
10.991684 11.998026
11.068874 12.090165
11.180339 12.199950
11.202598 12.237219
11.307329 12.349897
11.433953 12.492570
11.570249 12.636673
11.674110 12.761359
11.721155 12.791316
11.815651 12.775695
11.832875 12.748292
11.810927 12.733156
11.793906 12.756133
11.545028 12.611542
11.588053 12.586939
11.758121 12.696729
11.739134 12.688672
11.761453 12.697480
11.807413 12.716633
11.859918 12.743063
11.910815 12.781209
11.975795 12.815195
12.062041 12.855416
12.137125 12.916782
12.209090 12.978609
12.292312 13.024876
12.389808 13.094952
12.483161 13.155102
12.455211 13.173005
12.572765 13.262398
12.667896 13.324823
12.779093 13.351120
12.894117 13.427721
12.975131 13.504924
13.044739 13.625277
12.990121 13.630230
13.008043 13.618539
13.065792 13.603978
12.668280 13.476234
12.677826 13.487959
12.643386 13.397682
12.673447 13.446740
12.686373 13.447913
12.665592 13.429680
12.277323 13.107928
12.317254 13.164877
12.255303 12.961269
12.150256 12.964258
12.080213 12.980818
11.897012 12.914443
11.960747 12.948278
11.581611 12.758203
11.539753 12.610553
11.618076 12.639800
11.712701 12.675102
11.804141 12.692700
11.892234 12.725228
11.999933 12.754286
12.106604 12.810388
12.246431 12.873786
12.268700 12.865857
12.168380 12.769770
12.231915 12.801227
12.259415 12.851685
12.285063 12.853285
12.330979 12.857779
12.084527 12.577640
11.498650 11.953434
10.448422 11.221381
9.609291 9.773559
8.540102 9.294040
8.271481 8.785451
8.126068 8.717383
8.072695 8.673621
8.184144 8.763352
8.196400 8.831591
8.218287 8.904012
8.268788 8.997461
8.131727 9.042482
8.069903 9.006404
8.105564 9.031849
8.131400 9.038629
8.244960 9.128791
8.265175 9.174565
8.266778 9.219738
7.990328 9.203072
8.060352 9.267774
8.142716 9.306508
8.202875 9.371967
8.262028 9.442492
8.322013 9.482078
8.446730 9.539736
8.376401 9.550115
8.165782 9.446172
8.068966 9.389892
8.113085 9.437574
8.082869 9.447659
7.752349 9.301305
7.740326 9.332078
7.808966 9.385715
7.878744 9.470729
7.984841 9.541669
8.084969 9.656622
8.187189 9.772319
8.318234 9.870480
8.308848 9.808242
8.358801 9.802607
8.420586 9.813312
8.413639 9.834651
8.461396 9.873555
8.499472 9.906843
8.550029 9.964170
8.401932 9.716202
7.661599 9.176473
6.956078 8.271617
6.232669 7.192379
5.389178 6.185030
4.451793 4.695075
4.241598 4.637677
4.247784 4.273119
4.275307 4.526903
4.460284 4.804504
4.643590 4.977084
4.701830 5.003659
4.744903 5.028630
4.801618 5.057907
4.835528 5.069191
4.877299 5.118218
4.991532 5.228151
5.142564 5.330425
5.128543 5.384362
5.315695 5.544975
5.523986 5.745351
5.530562 5.763780
5.697421 5.939570
5.800280 6.093304
5.658351 5.969351
5.511829 5.881570
5.342222 5.740226
5.184974 5.577712
5.085540 5.519469
4.886980 5.307553
4.712446 5.153267
4.735951 5.186081
4.885422 5.321157
5.095654 5.473649
5.316610 5.699450
5.481045 5.844198
5.657756 6.014041
5.810244 6.148967
5.941720 6.280214
6.027447 6.360157
6.120797 6.446841
6.078115 6.349188
6.133386 6.432146
6.265599 6.544477
6.308701 6.476723
6.422011 6.580110
6.139944 6.362471
5.742944 6.040854
5.375624 6.004617
4.998105 5.471023
4.399108 4.778935
3.607087 4.118275
3.139754 3.676660
3.144172 3.714820
3.221087 3.823745
3.387237 4.049957
3.504958 4.363900
3.616333 4.515528
3.764020 4.721736
3.974364 4.957328
4.208661 5.118439
4.442432 5.254732
4.636961 5.395854
4.833061 5.580386
5.052251 5.769632
5.259925 5.932006
5.583483 6.221198
5.865307 6.440162
6.150634 6.679252
6.212886 6.649688
6.438270 6.792217
6.287430 6.729551
6.262617 6.696790
6.065070 6.611619
5.908521 6.569441
5.787408 6.444492
5.770429 6.449441
5.859801 6.531324
5.945891 6.617715
6.028496 6.711906
6.106637 6.815972
6.173449 6.841547
6.293896 6.951822
6.385968 7.055460
6.515887 7.089184
6.554576 7.126535
6.412974 7.106725
6.417744 7.072281
6.489576 7.153988
6.683749 7.265985
6.715722 7.248204
6.478129 6.809916
5.789461 5.922489
4.784346 4.791176
4.182963 4.249116
4.122634 4.158842
4.304073 4.304385
4.594203 4.519037
5.003162 4.793362
5.241043 5.067407
5.416784 5.211790
5.482622 5.341893
5.679312 5.658973
5.802305 5.792879
6.052460 5.990747
6.241537 6.227242
6.261187 6.258557
6.244346 6.251548
6.248963 6.227682
6.084655 6.302592
6.196793 6.378040
6.269855 6.256933
6.380725 6.317795
6.404252 6.368495
6.291315 6.322317
6.289243 6.333018
6.310296 6.367636
6.303748 6.322243
6.276785 6.213912
6.241098 6.218438
6.141248 6.195693
6.104573 6.132547
6.095602 6.113513
6.042792 5.894114
6.053981 5.677957
6.132069 5.755278
6.266498 5.866194
6.440282 6.233606
6.536097 6.475376
6.598703 6.550624
6.632351 6.647498
6.735302 6.583843
6.619151 6.274060
6.536085 6.169445
6.454822 5.866821
6.483491 5.869048
6.437904 5.764518
6.505636 5.822786
6.596794 5.910096
6.560115 5.859164
6.556138 5.901852
6.559241 5.953671
6.534765 6.010769
6.559021 6.086470
6.649319 6.203469
6.773311 6.369421
6.884725 6.499227
6.981951 6.630477
7.100143 6.777376
7.093682 6.852536
7.249894 7.004116
7.204545 7.081233
7.198400 7.107427
7.265115 7.047855
7.342094 6.870891
7.276728 6.820210
6.744256 6.572514
6.612368 6.530654
6.558867 6.446336
6.521056 6.449920
6.547565 6.505608
6.218738 6.493920
6.119808 6.369510
6.031187 6.304299
6.007577 6.358422
5.878751 6.378532
5.945897 6.397948
5.986459 6.403922
6.169135 6.518564
6.306325 6.593830
6.485377 6.789364
6.649557 7.020128
6.595127 6.898238
6.528224 6.922256
6.312950 6.544522
5.906327 5.841522
5.347729 5.229499
4.855629 4.568254
4.145874 4.097806
3.906012 3.904506
4.019956 3.991990
4.269046 4.189369
4.488925 4.381716
4.803216 4.646350
5.146318 5.121201
5.288413 5.293929
5.478689 5.521464
5.703703 5.703448
5.885230 5.896530
6.090354 6.128208
6.339302 6.429904
6.527488 6.619639
6.478727 6.671363
6.507664 6.791426
6.621511 6.777935
6.714513 6.741488
6.758471 6.799263
6.770642 6.961974
6.913778 7.131362
7.001473 7.229836
7.068169 7.183079
7.145665 7.316036
7.317759 7.512819
7.482648 7.720780
7.629744 7.942499
7.774538 8.153537
8.025667 8.392995
8.100044 8.483250
8.231277 8.659550
8.344181 8.788293
8.520001 8.685397
8.255134 8.699649
8.101385 8.440846
7.973643 8.432207
7.669434 8.291088
7.350694 7.858980
7.251718 7.652438
7.051010 7.338573
7.114791 7.373557
7.180699 7.428865
7.249604 7.497504
7.344824 7.596002
7.452705 7.667611
7.563578 7.747031
7.694739 7.830310
7.812945 7.946269
7.883524 8.068370
7.895355 8.090431
7.894887 8.122392
7.850421 8.094178
7.713149 8.054125
7.604992 7.895765
7.589022 7.951900
7.435735 7.672726
7.399093 7.550703
7.375136 7.509371
7.371799 7.500388
7.453459 7.629091
7.391117 7.638424
7.496014 7.746684
7.639658 7.900259
7.768187 8.036643
7.856640 8.142997
7.924730 8.446930
8.071434 8.487463
8.083310 8.464050
8.099255 8.494929
8.152166 8.611068
8.264773 8.900278
8.012409 8.665950
7.619544 8.037227
7.375998 7.950158
7.403021 7.984421
7.454942 8.046373
7.600122 8.330359
7.747739 8.554426
8.011983 8.721807
8.114363 8.826679
8.177997 8.922407
8.285877 9.108687
8.398470 9.181235
8.480232 9.258882
8.558864 9.326809
8.461153 9.309332
8.242377 9.211546
8.176324 9.185255
8.067718 8.969917
8.000006 8.932618
7.928178 8.762254
7.864735 8.756394
7.876538 8.833785
7.815089 8.789486
7.754597 8.761703
7.761357 8.847995
7.615167 8.885691
7.718551 8.990681
7.755837 9.054880
7.706916 9.011966
7.807160 9.073336
7.921173 9.180707
8.031241 9.292296
8.151090 9.386548
8.249523 9.468151
8.123165 9.422401
8.076848 9.352784
8.078055 9.368881
7.921903 9.093481
7.791606 8.897541
7.787745 8.797805
7.702639 8.644070
7.765710 8.643162
7.812612 8.676865
7.848038 8.703907
7.897060 8.734311
7.944436 8.771525
7.993928 8.805010
8.043334 8.972080
8.146387 9.026079
8.146836 8.986361
8.253088 9.075882
8.322215 9.050523
8.308132 9.018149
8.277987 8.947647
8.349540 9.077640
8.360264 9.054757
8.520354 9.191123
8.675943 9.327890
8.864701 9.482409
9.057087 9.627263
9.579716 9.936113
9.911996 10.298440
