0.185500
0.252314
0.348663
0.377260
0.427025
0.527627
0.582452
0.628137
0.917480
1.073026
1.417018
1.573427
1.818057
2.242080
2.302360
2.295454
2.066839
2.177887
2.641306
2.293887
1.942934
1.637086
1.637450
1.782118
2.057798
2.533052
3.001247
3.360881
3.619050
3.739781
4.006129
4.177824
4.295867
4.720554
4.984028
5.393661
5.705071
6.230795
6.570189
6.731005
7.220436
7.665505
8.257371
8.729379
9.154897
9.266700
9.468710
9.809529
9.992819
9.980481
9.910310
9.942341
9.990161
9.503570
9.111888
8.626705
8.093335
7.678966
7.373871
7.125479
6.515570
6.016685
5.561339
4.679061
4.178042
3.592341
2.876272
2.249404
1.778382
1.583069
1.688886
1.930236
2.204512
2.640621
3.223596
3.598398
3.927459
4.551857
4.601511
4.384508
4.013317
3.650461
3.779068
3.831254
3.516263
2.808213
2.460678
2.128230
1.874743
1.694281
1.620155
1.960481
2.186911
2.637145
3.056128
3.845488
4.478647
4.890099
5.462370
5.811977
6.346325
6.606171
6.968205
7.228607
7.690060
8.056987
8.548671
9.108741
9.622864
9.997567
10.374862
10.320959
10.410629
10.563875
10.709764
10.584114
10.935245
10.927733
11.112328
11.251348
11.474083
10.766801
10.472929
10.061195
9.724711
9.120798
8.995712
8.572511
7.895239
7.613682
7.178058
6.484772
5.927031
5.370859
5.140211
4.507878
4.385378
4.253442
3.889466
3.882039
3.726936
3.357900
3.263804
2.977354
2.696831
2.593155
2.259518
1.433273
1.045754
1.425900
1.843189
1.790345
2.333992
3.129893
3.640660
4.212530
4.774723
5.083214
5.495532
6.027977
6.707989
6.986826
7.375059
7.782599
8.143011
8.466903
8.768834
9.253119
9.637940
10.342398
10.950324
11.103557
11.325859
11.981884
12.516389
13.371955
13.979189
14.805961
15.368570
15.657474
15.631105
15.685003
15.806179
16.015709
15.958262
16.466670
16.877999
17.269094
17.592432
17.857374
18.021557
18.252691
18.292397
18.356558
18.516615
18.650491
19.294212
20.390899
21.878521
23.208162
24.231262
25.335265
26.389288
27.159803
27.154570
27.563619
27.239919
26.769754
26.154874
25.720728
25.313894
24.405776
24.003003
23.620627
23.399113
22.902334
22.268220
21.813829
21.358317
20.738919
20.305034
20.034278
19.843898
19.250095
18.085044
17.473913
17.368711
17.391087
17.566728
17.257367
18.463702
19.307668
19.861149
20.051264
20.225345
20.394276
20.596198
20.463287
20.442038
20.510202
20.521487
20.656254
20.843910
20.772768
20.745487
20.857803
20.924408
21.343258
21.897177
22.158268
22.528557
22.777725
22.540193
21.866868
21.322766
20.522791
19.993589
19.388979
18.203150
17.384101
16.259127
15.726636
15.504188
15.498288
15.455045
15.517925
15.449705
15.625503
15.840103
16.008289
16.187204
16.711863
17.263026
17.890601
17.688344
18.304328
18.749108
19.148905
19.451700
19.673537
19.758199
19.570046
19.327984
19.263673
19.319043
19.436892
19.493778
19.639401
20.146957
20.689420
21.195383
21.370684
21.816211
21.850606
22.489351
23.095388
23.011277
23.369787
23.700925
23.934505
23.168234
22.870663
22.243059
21.223017
20.953230
20.508297
19.876692
19.514511
19.596765
19.876568
19.829365
19.828630
20.046058
19.943071
19.987999
20.046994
19.965379
20.031160
20.277404
20.503065
20.850342
21.115566
21.071120
21.868133
22.475581
22.935005
23.194338
23.171685
23.084616
23.018208
22.800523
22.703142
22.636006
22.715858
22.862884
23.258172
24.303955
25.144669
26.416769
27.629765
29.472503
30.691306
30.420310
29.797905
29.188188
28.857848
28.649215
28.216471
27.805521
27.448688
27.393571
27.762266
27.990369
28.717168
29.117384
29.870928
29.982176
29.948962
30.060042
30.209436
30.419598
30.433957
30.535643
30.196122
30.065199
29.697123
29.399381
28.606898
27.756635
27.181022
26.726789
27.128233
28.399729
30.439028
33.762290
36.994814
38.955976
40.216417
41.162173
41.693337
42.234630
42.466760
42.728692
42.580575
42.427393
41.677114
41.337585
41.440066
41.582028
41.687007
41.175842
40.847148
40.501184
40.209927
39.743619
39.621676
39.303368
38.993917
38.696698
38.414886
38.019895
37.749837
37.792895
37.744919
37.755202
37.767806
37.781630
37.541396
37.315498
37.285607
37.132242
36.907998
36.705581
36.549591
36.603928
36.412289
36.399642
36.430185
36.636248
37.001143
37.409215
37.241613
37.617928
37.787081
38.384020
38.720698
37.842293
36.804173
35.883845
35.091153
34.234216
33.655042
32.489803
31.266767
30.057792
28.715443
27.180592
26.303565
25.291970
24.407902
23.789505
23.313132
22.702206
22.910636
22.858482
22.315451
21.943276
22.106642
21.673222
21.606434
21.674600
22.066419
23.070158
24.827266
28.527063
32.801876
36.928994
39.770900
41.947018
42.862439
43.468635
43.798206
43.882342
43.296656
43.489871
43.790918
43.564921
43.110923
42.753361
42.562198
42.272538
41.992127
41.506251
41.240300
40.928717
40.892353
40.959277
40.498907
40.175578
39.880513
39.594638
39.409498
39.151020
38.903801
38.596832
38.401314
38.178391
37.858256
37.608596
37.452759
37.625254
37.798334
38.129699
38.201144
38.108839
38.506166
38.873734
39.598354
39.844702
39.738206
39.209378
38.822717
38.651154
38.508352
38.324989
38.250845
38.056463
38.072137
38.195649
38.577066
38.837571
39.089598
39.380226
39.714793
39.784398
39.900070
40.288492
40.684419
41.102094
41.478127
41.910677
42.378571
42.819324
43.214263
43.853605
44.218198
44.599132
45.147015
45.609625
46.198202
46.701327
47.244017
47.737311
47.858077
47.567677
47.562574
47.074520
46.813853
46.048008
45.530655
44.650158
44.116042
43.732077
43.167097
42.896700
42.573895
42.274538
42.069178
41.780998
41.476929
41.033425
40.736254
40.528699
40.173342
39.900788
39.630024
39.362046
39.073617
38.874984
38.385964
37.976055
