0.322013
0.364582
0.579686
0.579299
0.571718
0.537656
0.517618
0.517409
0.816478
1.089491
1.530944
1.778567
2.066388
2.523281
2.414846
1.970132
0.977853
0.943931
2.158837
3.036714
3.153030
3.494195
3.494231
3.579474
3.676595
4.082318
4.514957
5.311176
5.846887
6.287403
6.731333
7.218517
7.653386
8.252865
8.561210
9.132760
9.548754
10.137788
10.653137
11.067183
11.724921
12.109463
12.661299
13.176765
13.543704
13.564340
13.642557
13.527258
13.522213
13.183514
13.028815
13.145643
13.395778
13.292067
13.067653
12.451062
11.850105
11.377753
11.058039
10.579663
10.062571
9.666062
9.384462
8.860815
8.503492
8.124498
7.458206
6.981237
6.504148
6.150777
5.722142
5.315834
4.946100
4.682443
4.429573
4.224043
4.033471
3.994936
3.156680
2.673021
2.104990
1.615545
1.828344
2.419083
2.898036
3.263565
3.348365
3.273380
3.315498
3.393866
3.577752
3.877894
4.108221
4.248269
4.613467
4.960941
5.380652
5.781731
6.376300
6.758995
7.355479
7.724086
8.160092
8.595148
9.106115
9.545899
9.881817
10.420473
10.877866
11.266193
11.710361
11.737096
11.806380
11.795407
11.895549
11.733483
11.693508
11.696570
11.812671
11.983917
12.111258
11.641281
11.466391
11.190243
10.896988
10.410175
10.114754
9.671001
9.046753
8.618991
8.227103
7.625705
7.236242
6.842979
6.454894
5.959770
5.496868
5.076632
4.468104
4.122660
3.610757
3.177004
2.835115
2.758289
2.634731
2.829357
2.709738
2.300104
2.020399
1.663228
1.145979
1.796873
2.334963
1.805791
1.310463
0.660358
0.507850
0.713035
1.058892
1.502012
2.141011
2.663334
3.090872
3.914920
4.387394
4.992962
5.481090
6.017781
6.510197
7.204489
7.655189
7.761428
7.831742
8.122511
8.545888
9.155647
9.499013
10.079304
10.494364
10.945822
10.880786
10.934942
11.196024
11.261040
11.065057
10.923119
10.888963
10.913844
10.959860
11.199141
11.304698
11.457874
11.643530
11.909509
12.229228
12.727754
13.310278
13.832284
14.581525
15.282064
15.775394
16.863757
18.230966
19.080430
19.119983
19.169443
18.606901
18.025616
17.399646
17.096981
16.588134
16.042024
15.940969
15.978488
16.096930
16.372073
16.669194
16.747778
17.100370
17.282916
17.589363
18.111112
18.749221
19.057406
19.054232
19.537805
20.321290
20.849206
21.235186
20.783368
20.637164
20.904936
20.952917
20.964242
20.980366
21.103456
21.195213
21.120374
21.055659
21.126309
21.161904
21.270407
21.395447
21.508171
21.659767
21.774392
21.903167
22.493945
23.237606
23.746370
24.410771
25.060007
25.493996
24.908252
24.732607
24.140233
23.838012
23.647966
22.786627
22.567486
22.309056
22.527067
22.891391
23.110080
23.289407
23.584028
23.928617
24.085086
24.187428
24.458636
24.648285
25.147019
25.251487
25.404939
24.473761
23.900575
23.637908
23.297564
23.195008
23.222780
22.752467
22.335309
21.959625
21.786866
21.332680
21.025726
20.626124
20.186212
19.862920
19.943110
20.367979
20.427008
20.800583
20.655523
21.202838
21.587370
22.029563
22.326928
22.269477
22.044788
21.300569
20.700391
19.912267
19.047189
18.966029
18.771428
18.453365
18.239539
18.070100
17.773470
17.498831
17.380156
17.252085
17.377996
17.399094
17.379697
17.436698
17.542483
17.894248
18.112753
18.456414
18.655029
18.198563
18.108876
18.093261
17.976300
17.883982
17.633955
17.418780
17.312263
17.208790
17.089751
17.104428
17.183769
17.255451
17.635848
18.358038
18.757002
19.536465
20.000751
20.746822
21.214297
20.414224
20.047832
19.147068
18.504546
17.886005
17.029258
16.592243
16.317890
16.184247
16.283940
16.494861
16.635342
16.741012
16.648700
16.640592
16.617688
16.607275
16.603337
16.768094
16.816471
17.046200
17.121190
17.356355
17.644783
18.089946
18.160470
18.143032
18.460145
18.985679
19.314578
19.761813
20.107291
20.644858
20.954157
21.410327
22.042974
22.511362
22.928196
22.942065
23.049018
22.951076
22.609368
22.317008
21.641809
21.177720
21.252073
21.240532
21.223026
20.732352
20.328254
20.011087
19.800745
19.418617
19.174746
19.048253
18.825132
18.502750
18.331809
18.050872
17.857468
17.731708
17.710084
17.677524
17.708533
17.709212
17.358143
17.131084
16.975359
16.740940
16.608237
16.459216
16.318513
16.547685
16.697586
16.770262
16.945887
17.252420
17.760447
18.310441
18.370323
18.840248
19.274701
19.809559
20.263225
19.599266
19.027306
18.331378
17.773158
17.365861
17.126626
16.592352
16.019637
15.581809
15.231411
14.898542
15.030888
14.988599
15.065073
15.193167
15.362626
15.421660
15.603668
15.746627
15.852849
16.187071
16.592284
16.908288
17.484164
18.071749
18.704210
19.339877
20.090215
20.945494
22.008891
22.900588
23.536762
23.652705
23.905497
24.332880
24.775005
24.733498
24.242633
24.414432
24.554808
24.249213
23.700257
23.124339
22.808938
22.277341
21.949985
21.382412
21.034864
20.681177
20.678995
20.591190
20.175844
19.860460
19.564588
19.189586
18.910205
18.554432
18.371939
18.034794
17.814494
17.766746
17.515740
17.385107
17.298260
17.338246
17.725825
18.317179
18.344875
18.251199
18.774143
19.422168
20.033616
20.415534
20.305525
19.628466
19.085896
18.833388
18.634950
18.418596
18.225050
18.034219
17.991528
18.029897
18.371503
18.673490
18.901963
19.198779
19.479396
19.491343
19.438864
19.673937
19.953686
20.264752
20.635310
20.900557
21.349270
21.630723
21.917731
22.423561
22.758216
23.249054
23.844885
24.339924
25.065263
25.538382
26.091875
26.890790
27.035541
26.593783
26.618705
26.169695
25.934174
25.301096
24.771091
23.917420
23.330036
22.986660
22.373432
21.999386
21.619521
21.261390
20.896104
20.597732
20.273304
19.769455
19.372584
19.132246
18.703568
18.437171
18.157744
17.853237
17.586137
17.381538
17.013081
16.584862
