0.167414
0.216457
0.347451
0.406130
0.489435
0.597204
0.648074
0.703474
1.038135
1.262738
1.641111
1.791368
2.176883
2.665925
2.884494
2.747929
2.494049
2.359349
2.327026
1.613728
1.143674
0.493511
0.714512
1.204574
1.722269
2.574149
3.124400
3.601237
3.945844
4.232720
4.522319
4.733413
4.846125
5.237458
5.326842
5.714741
5.846010
6.129821
6.249359
6.482548
6.825662
7.092066
7.743797
8.091952
8.493865
8.631541
8.722692
9.025978
9.165887
9.295139
9.578609
9.899398
10.200110
10.014290
9.782047
9.320592
8.776433
8.436309
7.954615
7.443656
6.753530
6.131580
5.560366
4.664360
4.063690
3.399209
2.355276
1.684605
0.954769
0.642807
0.711584
1.317916
1.730940
2.216803
2.875683
3.283884
3.733937
4.346906
4.792564
4.746092
4.387777
4.172622
4.768443
4.908515
4.886418
3.978754
3.473840
2.852591
2.248310
1.703340
1.128595
0.231179
0.257573
0.801251
1.484340
2.248578
2.811987
3.524511
4.322236
4.840920
5.357255
5.581176
5.749392
6.159597
6.593831
6.965850
7.294934
7.905353
8.423557
8.850747
9.367949
9.391134
9.421240
9.622871
9.966560
9.708413
9.440009
9.211895
9.206650
9.186630
9.136786
8.394616
7.926570
7.583306
7.185768
6.557475
6.103552
5.751849
5.227393
4.937321
4.743884
4.223104
3.844794
3.218728
2.779724
2.266330
1.823314
1.489975
1.149744
1.048030
1.234595
1.588322
1.855254
2.159828
2.690059
3.006859
3.183369
3.015518
2.552030
1.941050
1.520705
1.733491
1.781032
1.911376
2.288066
2.884071
3.431307
3.827498
4.212936
4.402096
4.702210
5.059729
5.566247
5.981396
6.342585
6.867705
7.179998
7.725271
8.357131
9.023345
9.448771
9.506823
9.685388
10.169583
10.659988
11.276468
11.713821
12.581906
13.015263
13.468029
13.266210
13.292319
13.427815
13.485677
13.305193
13.502581
13.802212
14.086407
14.320553
14.475009
14.374380
14.307854
14.395010
14.482706
14.542496
14.609152
15.081370
15.653348
16.965232
18.825150
19.913921
21.577449
23.248973
24.234530
24.488949
24.698120
24.187503
23.499756
22.632536
22.015223
21.584851
20.665404
20.274968
20.072912
19.967706
19.607501
19.221008
18.892364
18.676223
18.412415
18.202676
18.131780
18.258917
17.736351
16.762422
16.588993
16.688131
16.794622
17.063004
16.784959
17.463652
18.844744
19.680045
20.062872
20.349671
20.569850
20.876943
20.875778
20.932958
20.724676
20.587395
20.690777
20.854322
20.967386
20.928495
21.004108
21.027728
21.358494
21.614598
21.402681
21.004289
20.692037
20.102035
19.261746
18.875058
18.189875
17.476912
16.714329
15.416119
14.650605
13.806336
13.745121
13.835353
14.063785
14.436444
14.805894
15.166051
15.603281
15.989801
16.418706
16.806488
17.721285
18.754749
19.600266
19.167447
19.402273
19.683090
19.751253
19.786917
19.646986
19.186041
18.689693
18.303883
17.966714
17.588788
17.320353
17.094494
17.060781
16.931052
17.055629
17.203753
17.066388
17.239069
16.517055
16.605227
16.330134
16.559534
17.147716
17.884287
18.386548
18.113752
18.025882
17.734860
17.241540
17.382064
17.420402
17.110770
17.125022
17.232736
17.505894
17.730856
17.997393
18.451194
18.726839
19.078078
19.494924
19.714661
20.077125
20.557027
20.897193
21.213297
21.727979
21.426941
21.630417
21.505099
21.234221
20.840790
20.160640
19.516658
18.992270
18.406476
18.095428
17.833255
17.730463
17.657988
17.806926
18.612159
19.349952
20.466631
21.450630
23.376308
24.323642
23.530278
22.163213
20.773309
19.561172
18.394200
16.858943
15.376719
14.040704
12.962243
12.632389
12.511784
12.505559
12.662066
12.975257
12.889964
12.887678
12.871644
13.241528
13.873232
14.293848
15.050281
15.148338
15.628446
16.120192
16.790327
16.757696
16.772816
17.183912
17.837282
18.175559
18.753358
19.220638
19.776435
20.158612
20.560314
21.055347
21.458303
21.747010
20.830981
19.742088
19.907192
20.648990
21.585253
22.300635
22.911572
23.836086
24.779540
25.559290
24.677160
25.544695
26.387100
26.849493
26.378650
25.860784
24.954170
23.727831
22.388261
21.113512
19.481656
18.333191
17.794890
17.246431
16.970414
16.592669
16.393673
15.858186
15.286093
14.737103
14.004510
13.448240
13.013851
12.681313
12.613531
12.584340
12.883065
13.267464
13.978884
14.819995
15.770052
15.936796
16.428478
16.968145
17.631526
18.224035
17.880188
17.967723
17.883553
17.747639
17.698605
17.697293
17.804317
17.843460
17.938838
17.984501
17.922128
18.291002
18.462294
18.653646
18.828854
19.058973
18.961412
18.952130
18.742632
18.563441
18.402944
18.534139
18.497029
18.892261
19.140319
19.321681
19.603246
20.122073
20.790471
21.484509
22.069171
22.411829
22.235919
22.336515
22.462197
22.769483
22.731084
22.161990
22.303323
22.427754
22.255675
21.893470
21.420651
21.180478
20.564437
20.425711
19.564830
18.999256
18.164639
17.613854
17.469496
16.710015
16.295807
15.806193
15.438011
15.032097
14.292846
13.866341
13.382131
12.913926
12.606066
12.078905
11.680799
11.279784
10.931677
10.828787
10.996305
11.098540
11.044058
11.299140
11.553961
11.973030
12.304877
12.132467
11.754309
11.559805
11.499430
11.734662
11.965917
12.361826
12.691724
12.900469
13.155508
13.557910
14.036083
14.440144
14.811338
15.085323
14.816317
14.727578
14.920970
15.011742
15.109315
15.298949
15.508069
16.026124
16.636680
17.159282
18.011642
18.611425
19.133377
19.898227
20.387109
21.128854
21.602874
22.173678
22.807325
22.874886
22.436620
22.462926
22.035346
21.771911
21.189899
20.790524
19.872631
19.165669
18.611860
17.921718
17.422099
16.897562
16.367417
15.904909
15.422952
14.951721
14.339491
13.962775
13.608191
13.074664
12.761224
12.533797
12.272269
11.903887
11.841174
11.600781
11.659797
