200
190
190
190
280
280
270
310
330
360
370
340
370
350
360
430
410
420
270
280
280
270
280
280
270
270
280
270
280
370
370
380
370
370
370
380
370
370
460
450
460
450
460
450
520
450
450
450
450
450
450
470
540
550
550
540
550
640
640
630
640
640
630
640
650
980
970
1120
950
890
850
920
820
900
950
1090
1240
1240
1130
1260
1260
1250
1170
1230
1390
1040
900
900
900
1170
1100
910
1020
1000
990
1000
1090
1130
1130
1180
1190
1180
1180
1300
1300
1300
1350
1310
1310
1300
1310
1320
1250
1340
1490
1720
1500
1300
1300
1590
1300
1290
1290
1290
1290
1330
1290
1290
1320
1300
1330
1290
1300
1300
1330
1300
1290
1290
1390
1410
1430
1500
1500
1490
1500
1510
1510
1530
1490
1500
1530
1500
1520
1500
1510
1500
1510
1510
1500
1520
1500
1500
1530
1500
1500
1510
1610
1610
1620
1620
1600
1610
1610
1590
1630
1610
1960
1590
1600
1610
1600
1610
1600
1620
1640
1600
1620
1720
1720
1720
1720
1720
1710
1730
1720
1710
1710
1720
1710
1720
1720
1730
1720
1740
2000
2140
1740
1740
1820
1750
1750
1740
1790
1870
1880
1860
1890
1990
2770
2760
2940
2930
2660
1970
1980
1970
2000
1970
1960
1960
1980
1980
1960
1960
1990
1980
1970
2520
2290
2380
2350
2360
2360
2370
2390
2360
2400
2420
2400
2420
2470
2500
2450
2340
2470
2450
2480
2530
2490
2320
2150
2120
2230
2590
2740
2640
2650
2380
2370
2370
2660
2670
2680
2640
2610
2630
2750
2610
2580
2660
2610
2560
2730
2610
2770
2750
2730
2750
2740
2710
2670
2850
2810
2430
2770
2850
2780
2800
2760
2800
2860
2840
2830
2770
2730
2820
2740
2700
2390
2340
2310
2330
2340
2300
2320
2420
2450
2420
2470
2410
2410
2440
2420
2430
2430
2450
2460
3370
3850
3840
3290
2490
2440
2440
2490
2460
2470
2510
2480
2530
2570
2600
2640
2710
2660
2700
2800
2730
2740
2710
2750
2760
2780
2800
2830
2890
2920
2950
3000
3010
3020
3040
3070
3060
3100
3100
3120
3090
3130
3370
3370
3370
3380
3690
3710
4430
4000
4790
3940
4120
4810
4630
3920
4080
4090
4100
4130
4100
4130
5700
5870
4590
4550
5010
6240
4520
4580
4510
4610
5300
5210
4460
4460
6010
6300
6290
6290
6280
6290
6280
6000
4420
4420
4440
4590
5070
5020
5040
5410
5510
5380
5470
5910
5620
5490
4500
4500
4750
4690
6120
4690
4560
4500
4430
6100
4800
4730
4700
4610
4640
4520
4510
4530
4550
4620
4900
4940
4950
5010
5050
5120
5150
5240
6100
7980
8050
8100
8150
8160
7660
5840
5830
5850
6220
6190
6540
6820
6820
7420
6960
6460
7940
8230
6440
6220
6040
6110
6400
6350
6400
7180
6420
6410
7420
7750
6980
6720
6710
6740
6740
6770
6810
6720
6760
6780
6800
6460
8360
6950
6850
7120
7450
8530
7830
7500
8130
7760
7430
7420
7590
9210
7320
7190
7320
7310
7360
7360
7400
7330
7650
7380
7410
8100
7500
7440
7480
7460
7410
7430
7380
7490
7840
7360
7720
7640
10450
8850
10010
10300
7710
7520
8090
7770
7730
7730
7710
8030
7720
7660
7650
7690
7650
7650
7930
7930
8310
8050
8220
7950
8680
8610
