1.977236 1.989765
1.985255 2.003477
1.996932 2.040174
2.001661 2.102251
2.031285 2.186241
2.059858 2.300233
2.102388 2.439214
2.159780 2.582912
2.228908 2.769479
2.316084 2.940650
2.352777 3.100789
2.358775 3.097337
2.365762 3.291572
2.490830 3.484274
2.553020 3.523903
2.616982 3.569881
2.951844 3.850077
3.564886 4.307194
3.827576 4.517566
4.103778 4.877520
4.223997 4.922702
4.408112 4.974742
4.506053 5.043411
4.674703 5.126533
4.882446 5.265208
5.078986 5.405567
5.274406 5.548554
5.486043 5.608325
5.606968 5.628116
5.710994 5.749681
5.817281 5.779429
5.809352 5.828947
5.710569 5.694613
5.694579 5.626366
5.699946 5.617842
5.557115 5.458677
5.605966 5.504466
5.501756 5.321721
5.348405 5.259898
5.373461 5.181284
5.397584 5.017985
5.352253 5.138192
5.504117 5.245987
5.519583 5.176697
5.518086 5.196334
5.470348 5.145037
5.317726 5.221059
5.412294 5.279743
5.490367 5.372088
5.788419 5.590834
6.445340 6.004047
6.949166 6.385507
7.447077 6.704969
7.826624 6.985323
7.936376 6.931074
7.912631 6.846375
7.963875 6.827093
7.749977 6.781752
7.723341 6.749594
7.530873 6.712943
7.394443 6.511223
7.354107 6.413244
7.162749 6.315270
7.012824 6.196447
6.696338 5.739419
6.388108 5.548773
6.064967 5.511918
5.798652 5.117830
5.254375 5.044595
5.142748 4.945547
4.813695 4.663059
4.579959 4.294008
4.525715 4.206625
4.082051 4.063434
4.060575 3.883864
3.925200 3.769452
4.026913 3.833130
4.055108 3.919658
4.312893 4.209599
4.492158 4.326380
4.549092 4.426814
5.023209 4.832990
5.512244 5.373932
5.854095 5.848880
6.070136 6.198849
6.136679 6.327080
6.191560 6.382046
6.003781 6.359961
5.964290 6.284808
5.856909 6.138416
5.827743 6.063485
5.890215 6.048943
5.945549 6.111165
5.996420 6.161821
5.954003 6.200709
5.893911 6.252510
5.922533 6.333937
5.957617 6.300897
5.964914 6.162165
5.798483 6.096492
5.800462 5.986764
5.713359 5.896863
5.652681 5.691278
5.486061 5.426912
5.522085 5.426644
5.437838 5.428343
5.530352 5.584522
5.635842 5.746303
5.846426 5.936925
5.939884 6.123322
5.797764 5.918496
5.757611 5.652141
5.581384 5.491495
5.495192 5.271422
5.433304 5.191479
5.335428 5.337105
5.835336 5.779980
6.229398 6.188682
6.324796 6.383606
6.377144 6.486768
6.403444 6.566322
6.339003 6.527982
6.175899 6.443633
6.079858 6.450046
6.138360 6.480850
6.188290 6.511831
6.198225 6.504848
6.313166 6.525078
6.272065 6.219293
6.289546 6.274195
6.138666 6.172723
6.154672 6.113870
6.031760 6.012157
6.011806 5.869960
5.960511 5.624708
6.060230 5.607004
6.215790 5.809140
6.326314 5.957258
6.445344 6.112996
6.662447 6.405363
6.870652 6.745155
7.019005 6.905299
7.104239 7.075318
7.278087 7.228323
7.344759 7.430919
7.425691 7.582968
7.393217 7.766027
7.540491 8.203338
7.577000 8.466367
7.586664 8.658476
7.480432 8.720177
7.478047 8.896690
7.532900 8.965828
7.489738 8.880124
7.444347 8.863522
7.415456 8.778543
7.451825 8.723385
7.480047 8.578849
7.468817 8.376834
7.431602 8.255876
7.082647 8.041106
7.137284 7.982190
7.108761 7.930843
7.054767 7.734182
6.907546 7.506854
6.767547 7.131231
6.785789 6.859697
6.726060 6.811349
6.813076 6.824181
6.943862 6.853221
7.016907 6.921859
7.025212 6.948486
7.147160 7.150757
7.127795 7.069048
7.049828 7.042982
7.008992 6.981695
6.993306 6.954656
6.979976 7.011929
7.023151 7.075924
6.967300 6.984693
6.758051 6.767007
6.598838 6.596161
6.559026 6.394368
6.566086 6.367986
6.452536 6.325817
6.596527 6.796482
6.753624 6.925292
6.756401 6.952180
6.713883 6.912153
6.550585 6.757979
6.397389 6.612859
6.392803 6.566342
6.345959 6.477624
6.374964 6.541706
6.488124 6.604211
6.639175 6.779322
6.905489 7.388551
7.290207 8.010957
7.649165 8.768299
8.037847 9.696305
8.277384 10.313561
8.470258 10.933651
8.463592 11.100074
8.515015 11.178130
8.624403 11.210564
8.530344 11.078487
8.501244 10.755970
8.570887 10.713923
8.538546 10.671526
8.608835 10.697260
8.676321 10.683774
8.682453 10.649593
8.619712 10.596073
8.510058 10.511534
8.474879 10.212059
8.462073 9.896072
8.387260 9.844053
8.261401 9.814029
8.153714 9.415697
7.960320 9.122192
7.871906 8.913868
7.728178 8.698609
7.558961 8.482841
7.519982 8.283108
7.393717 8.092612
7.243418 7.912214
7.042749 7.448956
6.809141 7.389775
6.912642 7.146494
6.874051 7.179563
7.047503 7.968946
7.222402 8.012153
7.126311 7.911950
7.057223 7.731618
7.031095 7.633325
6.958525 7.430003
6.812863 7.133256
6.851379 7.056399
6.840240 6.797364
6.839684 6.659616
6.777049 6.829523
6.897062 6.812587
7.131756 7.042325
7.232310 7.214560
7.280350 7.261153
7.321855 7.462849
7.339293 7.652610
7.419124 7.866836
7.462185 8.103841
7.578311 8.250982
7.704668 8.421757
7.756122 8.543045
7.761974 8.509188
7.518378 8.461055
7.349710 8.216450
7.161068 7.796345
7.072608 7.717184
6.919479 7.421205
6.925012 7.442293
6.808775 7.366121
6.624940 7.088836
6.334984 6.762007
6.202691 6.505362
5.972214 6.112185
5.996962 5.965378
5.981047 5.949095
5.942579 5.719635
6.046398 5.573744
6.125221 5.601472
6.261757 5.595255
6.369293 5.596888
6.577324 5.658454
6.730322 5.631211
6.766434 5.569751
6.647753 5.570381
6.639779 5.803203
6.681940 5.882070
6.608058 5.861763
6.608688 5.798253
6.509419 5.527425
6.467566 5.587631
6.179508 5.344131
6.009326 5.321512
5.917461 5.290435
5.845523 5.269881
5.857064 5.031421
5.855989 5.176150
5.959522 5.361331
6.082323 5.731837
6.226833 5.870360
6.351068 5.998929
6.397200 6.150652
6.474662 6.221619
6.755203 6.366031
6.792223 6.567409
6.870030 6.707887
6.745068 6.228217
6.619169 5.860094
6.782746 5.808030
6.789284 5.720474
6.563359 5.584850
6.447609 5.405524
6.350213 5.293144
6.295374 4.966426
6.181624 4.752657
5.976109 4.264520
5.855983 4.108304
5.734049 3.833964
5.759218 3.886512
5.873145 3.867027
5.938870 3.794599
6.126421 3.825840
6.103310 3.631685
6.203453 3.653737
6.108823 3.717378
6.091558 3.576189
6.169808 3.689719
6.313411 3.811307
6.272982 3.786089
6.237014 3.832323
6.266477 3.912697
6.304427 3.896659
6.022955 3.941677
5.749370 3.793995
5.534974 3.739708
5.432395 3.616608
5.182253 3.614235
5.116990 3.696564
5.051210 3.796869
5.024276 3.973066
5.018478 4.063124
5.012265 4.137724
5.081268 4.133433
5.208527 4.207722
5.378065 4.428019
5.523415 4.668724
5.775243 4.942748
5.985820 5.165788
6.272988 5.632232
6.655465 6.129611
7.021257 6.577632
7.344543 6.963662
7.318118 7.171544
7.291918 7.153015
7.300972 7.158093
7.353782 7.197016
7.412990 7.390232
7.500070 7.573430
7.666151 7.754150
7.829269 7.933585
7.876606 8.056735
7.906039 8.194833
7.998509 8.384074
8.032221 8.658020
8.110506 8.993646
8.276083 9.385808
8.178545 9.586788
8.092514 9.817395
8.046993 10.059665
7.998653 10.343958
7.918531 10.538911
7.778267 10.682571
7.725648 10.469516
7.510898 10.210078
7.415727 9.931829
7.218779 9.677723
6.832319 9.300125
6.649556 8.962240
6.167418 8.599068
5.857471 8.120433
5.540456 7.469369
5.511332 7.324278
5.618921 7.338761
5.828355 7.642053
6.528508 8.577024
8.223833 10.786927
9.653892 12.119104
10.406400 12.142926
10.428439 10.598600
10.316457 9.618410
10.516314 9.373884
10.469672 9.193619
10.577924 8.997475
10.631637 8.854538
10.697831 8.869644
10.802438 8.792792
10.865231 8.715648
10.878974 8.563920
10.936590 8.631874
10.973055 8.687427
11.046984 8.721771
11.111891 8.707216
11.124943 8.750177
11.164190 8.788323
11.205389 8.863701
11.252736 8.948654
11.304614 9.040689
11.354748 9.142593
11.416470 9.244257
11.504080 9.380899
11.619874 9.499821
11.695388 9.632360
11.723421 9.656978
11.778203 9.664380
11.788597 9.639481
11.819805 9.751904
11.991878 9.760200
12.023575 9.760157
12.059092 9.767132
12.121897 9.782038
12.166985 9.831527
12.260330 9.873124
12.329952 9.874658
12.370121 9.918662
12.414219 9.990299
12.497006 10.057924
12.550850 10.121905
12.644615 10.207246
12.763224 10.275807
12.825263 10.361127
12.858263 10.412338
12.900944 10.527024
12.928851 10.509036
12.963795 10.515491
13.033751 10.523291
13.078001 10.539134
13.046058 10.635600
13.113463 10.681884
13.136264 10.743463
13.141271 10.925864
13.167236 11.006172
13.204211 11.057657
13.088650 11.044618
13.101507 11.187300
13.055574 11.481483
12.954653 11.666250
12.794309 11.883999
12.737488 11.816922
12.450460 11.912651
12.167032 12.038480
12.030764 12.083978
11.917974 11.950784
11.750790 12.030142
11.762252 12.264584
11.852002 12.498643
11.863974 12.454592
11.902391 12.455635
11.858814 12.457656
11.746258 12.430901
11.736957 12.474219
11.809150 12.632103
11.951962 12.901553
12.589889 13.573767
13.225856 14.018065
14.115434 14.180408
14.571339 14.110934
14.877679 14.003725
14.908037 13.957035
15.109002 13.542402
15.205733 13.217035
15.173162 13.134582
15.514808 12.997243
15.744684 12.806765
15.960287 12.924777
15.887555 12.811391
16.088090 12.777506
16.067343 12.949524
16.096645 13.153631
16.125477 13.177780
16.148071 13.225970
16.346093 13.250845
16.418731 13.396431
16.407169 13.446146
16.452652 13.507870
16.480226 13.609059
16.521313 13.508172
16.537361 13.491662
16.530370 13.512169
16.557513 13.523269
16.739749 13.485765
16.740539 13.554825
16.940451 13.661737
16.995921 13.710820
17.037728 13.767984
17.120469 13.814243
17.189377 13.883591
17.248473 13.954638
17.329179 14.014886
17.555394 14.093678
17.634807 14.162481
17.715557 14.199643
17.849626 14.278676
17.938039 14.322624
17.973867 14.388706
18.087640 14.476078
18.101743 14.466516
18.095040 14.483335
18.157027 14.500471
18.212980 14.536576
18.214967 14.572311
18.216493 14.556745
18.191594 14.537484
18.189790 14.536897
18.216421 14.523897
18.246333 14.525140
18.274054 14.532243
18.302215 14.542101
18.334282 14.567939
18.374670 14.597295
18.428288 14.643725
18.458042 14.673406
18.514719 14.714091
18.572603 14.615755
18.616686 14.646541
18.631463 14.638969
18.596513 14.700943
18.636376 14.734938
18.685349 14.756146
18.639425 14.777543
18.685130 14.808817
18.723440 14.846060
18.774294 14.831857
18.974173 15.008373
19.058915 15.025313
19.158667 15.094639
19.349835 15.240682
19.396303 15.301398
19.461812 15.359011
19.495821 15.400704
19.581080 15.374002
19.580656 15.747919
19.638162 15.785586
19.676615 15.836841
19.739232 15.795308
19.643302 15.854648
19.655886 15.827893
19.652413 15.923654
19.802089 16.114761
19.780684 16.158074
19.780661 16.195653
19.771936 16.268095
19.766765 16.315793
19.785448 16.380076
19.830373 16.396664
19.863344 16.419642
19.921277 16.468502
19.977407 16.543673
20.034878 16.597733
20.239323 16.722827
20.297327 16.775806
20.351477 16.827846
20.418349 16.878241
20.470892 16.936714
20.535268 17.032885
20.598696 17.101227
20.679320 17.204386
20.738423 17.322734
20.797339 17.417764
20.867465 17.524629
21.029858 17.706196
21.153172 17.869288
