2.008168 1.984513
1.952387 1.977552
1.915324 2.027399
1.904176 2.027625
1.865594 2.049068
1.836596 2.110761
1.793454 2.109458
1.812082 2.202604
1.816395 2.221325
1.825592 2.293892
1.889317 2.400602
1.954692 2.494487
2.032606 2.656260
2.185120 2.732237
2.233425 2.716829
2.412310 2.807153
2.988636 3.191935
3.851347 3.717035
4.291312 3.939020
4.540776 4.107717
4.629839 4.138006
4.700731 4.229825
4.712725 4.236998
4.692612 4.282871
4.706493 4.335053
4.704642 4.340728
4.753561 4.383009
4.727752 4.464602
4.696443 4.346256
4.634103 4.263021
4.439732 4.184496
4.192872 3.989777
3.943457 3.960616
3.792602 3.840134
3.698953 3.596722
3.488800 3.421579
3.343143 3.446958
3.145039 3.398629
3.016518 3.356360
3.000117 3.369243
3.016350 3.449961
3.032956 3.478239
3.244504 3.581729
3.384068 3.648549
3.509652 3.738768
3.508858 3.653049
3.608300 3.680652
3.728880 3.778941
3.900643 3.877915
4.322223 4.124496
4.930044 4.447027
5.507774 4.712608
5.929880 4.870992
6.220780 5.037954
6.216684 5.077186
6.121248 5.013440
6.012676 4.935021
5.847102 4.859350
5.595111 4.599150
5.358413 4.472547
4.966466 4.374001
4.624909 4.234741
4.244828 4.030438
4.028838 3.978612
3.725413 3.696187
3.270858 3.405236
2.927161 3.153195
2.649960 2.983179
2.457191 2.883087
2.373122 2.732911
2.251507 2.717270
2.262375 2.709626
2.152851 2.661184
2.235178 2.558802
2.408470 2.671001
2.587851 2.878476
2.710302 3.088867
2.849722 3.218208
3.242648 3.362727
3.477603 3.405788
3.728273 3.497689
4.112869 3.803154
4.610516 4.279797
4.988365 4.678124
5.273315 5.004166
5.517208 5.188636
5.619143 5.286613
5.641853 5.165995
5.634100 5.051280
5.660534 4.925879
5.579220 4.901424
5.734343 4.951797
5.911239 5.005224
6.026898 5.098515
6.031708 5.114945
5.985414 5.120655
5.964018 5.092494
5.745719 4.967558
5.551808 4.773287
5.198812 4.667533
4.971307 4.518822
4.668236 4.222500
4.244317 4.177175
3.936791 3.911085
3.850752 3.758596
3.771714 3.742292
3.844741 3.844052
4.151877 4.074438
4.344735 4.293429
4.557909 4.430190
4.623072 4.469752
4.569297 4.326023
4.546155 4.242146
4.480661 4.165789
4.529146 4.173354
4.653353 4.294903
5.305801 4.725691
5.912848 5.157745
6.262063 5.443242
6.416636 5.692030
6.558513 5.841083
6.474724 5.809231
6.370437 5.747396
6.324881 5.751202
6.256618 5.740782
6.333623 5.870431
6.471298 5.967409
6.446469 5.918998
6.390235 5.876752
6.244185 5.724867
6.063202 5.590125
5.776629 5.401170
5.489165 5.141007
4.995331 4.731141
4.772373 4.564283
4.565147 4.414726
4.711897 4.541811
4.968094 4.761668
5.370542 5.037371
5.942288 5.632318
6.456951 6.215248
6.778629 6.537282
7.011831 6.738416
7.262085 6.864732
7.329229 7.005307
7.432576 7.136919
7.571717 7.290516
7.813640 7.767455
7.915428 8.051948
7.922294 8.252247
8.003251 8.432316
7.933826 8.635805
7.715839 8.993366
7.415018 9.095499
7.220813 9.071767
6.980826 9.048041
6.926282 9.045196
6.888901 8.989463
6.799082 8.909244
6.709778 8.813406
6.735460 8.679031
6.679510 8.668852
6.649937 8.586751
6.632518 8.460963
6.651648 8.110822
6.534847 7.875499
6.482406 7.755816
6.547743 7.678724
6.510024 7.629994
6.602868 7.642383
6.720302 7.687635
6.822003 7.769047
7.087824 8.067848
7.035520 7.989894
6.869244 7.909360
6.810694 7.738988
6.748192 7.746409
6.784644 7.961772
6.887579 8.138766
6.842774 8.088538
6.812893 7.951690
6.816253 7.746241
6.878441 7.494304
6.958957 7.460217
6.857152 7.373607
7.061169 8.010810
7.091158 8.532944
6.984440 8.843106
6.853410 9.102002
6.791957 9.104961
6.941502 9.231472
6.933747 9.331019
6.901525 9.248733
6.920599 9.179208
6.961819 9.165205
7.083887 9.107916
7.265133 9.383915
7.873484 10.120609
8.513975 10.844364
9.009021 11.803468
9.215424 12.430595
8.670013 12.698511
7.762131 12.802242
7.485505 12.707993
7.193277 12.705714
7.568960 12.678319
7.896077 12.567094
8.189844 12.479142
8.356154 12.415561
8.402274 12.266092
8.483946 11.991227
8.590958 11.938844
8.524094 11.681384
8.422991 11.340312
8.216078 11.094667
8.046388 10.854594
7.951531 10.661634
7.746430 10.348768
7.674753 10.080603
7.468381 9.733429
7.256985 9.538294
7.128040 9.211405
6.712301 8.831193
6.496678 8.624455
6.446213 8.364871
6.256625 8.156140
6.080161 8.040245
5.924738 7.792463
5.939293 7.824257
5.793935 7.767874
6.298638 8.442920
5.337991 8.544997
4.675944 8.369810
4.325210 7.883582
3.681472 7.515690
3.465036 7.194864
3.313658 6.895954
3.385314 6.804866
3.455547 6.682753
3.648074 6.531448
3.814449 6.485083
3.978093 6.435266
4.244757 6.428219
4.384341 6.389709
4.569945 6.387656
4.762411 6.340945
4.970857 6.275207
5.215029 6.240304
5.513293 6.020206
5.879623 5.822758
6.190931 5.588928
6.312769 5.247352
6.154250 5.038727
5.710612 4.812593
5.420035 4.731962
5.054378 4.648819
4.652022 4.489692
4.441256 4.446648
4.345051 4.271696
4.245813 4.134514
4.126294 4.179241
4.038253 4.191062
4.056798 4.190175
4.023092 4.266116
3.991085 4.349959
3.889009 4.487360
3.884251 4.637201
3.727065 4.818829
3.708269 4.995286
3.621826 5.223291
3.638753 5.505590
3.663549 5.816674
3.484656 5.865031
3.323092 5.838320
3.137504 5.606163
2.765956 5.272660
2.524124 4.786533
2.360027 4.434073
2.265955 4.018386
2.257489 3.877850
2.490950 4.001439
2.612078 3.992584
2.790424 3.843330
2.906727 3.570785
3.168036 3.706650
3.338707 3.621193
3.617728 3.766101
4.027414 3.944585
4.514742 4.102350
4.881012 4.178324
5.047663 4.059355
5.081802 3.958453
5.094792 3.839075
5.269756 3.875351
5.169983 3.647025
4.984469 3.497399
4.676996 3.501257
4.570986 3.705377
4.786364 4.350381
4.782563 4.544903
4.699079 4.667873
4.423761 4.741373
4.211651 4.749967
4.020384 4.778405
3.689714 4.680062
3.433052 4.564125
3.128706 4.499029
3.075208 4.446111
3.101531 4.454435
2.865405 4.494573
2.968622 4.661050
3.065495 4.592913
3.005609 4.463485
2.851901 4.374762
2.842264 4.278261
2.719935 3.978538
2.643315 3.743399
2.667824 3.690466
2.729603 3.663718
2.707046 3.424863
2.912349 3.601423
2.714357 3.268451
2.427723 2.935609
2.052482 2.426352
1.928968 2.257799
1.901532 2.189464
2.054283 2.187497
2.159365 2.307910
2.336176 2.383955
2.465148 2.395217
2.485654 2.509845
2.548670 2.684748
2.738123 2.902596
2.975580 3.159814
3.233063 3.404749
3.584659 3.672487
3.972941 4.012540
4.431023 4.191599
4.838935 4.504344
5.310196 4.802002
5.442019 4.963899
5.770834 5.128241
5.938687 5.089512
6.417110 5.033848
6.681382 4.995174
6.985222 4.868350
7.213413 4.822083
7.454254 4.823793
7.610729 4.840164
7.373044 4.681995
7.106767 4.606238
6.948854 4.465817
6.808559 4.288365
6.875190 4.278586
6.924331 4.212708
6.656774 3.983858
6.122287 3.543475
5.656968 3.215101
5.104705 2.910495
4.457078 2.784594
3.922197 2.649216
3.095193 2.600476
3.145433 2.653940
3.107082 2.638325
2.772252 2.525392
2.516524 2.519428
2.451745 2.637467
2.525852 2.684778
2.596855 2.712423
2.645577 2.691247
2.643514 2.643006
2.592215 2.544537
2.420488 2.421027
2.299778 2.332677
2.147868 2.231175
2.057893 2.233855
2.079420 2.308927
2.138269 2.481042
2.375958 2.806611
2.659554 3.592435
3.107117 5.496796
3.263200 6.950596
3.167973 7.653428
3.333252 7.801015
3.524429 7.972746
3.766967 8.176776
3.867174 8.144635
4.011533 8.116671
4.023462 7.870173
4.043692 7.553754
4.094403 7.644091
3.843089 7.076661
3.416545 6.331313
3.076022 5.591515
2.795399 5.158008
2.717734 5.005421
2.724291 5.024044
2.763444 5.236354
2.812202 5.437197
2.776174 5.490462
2.839149 5.432644
2.826027 5.290080
2.827650 5.000818
2.814380 4.723888
2.661875 4.458631
2.644465 4.048144
2.674571 3.877314
2.467905 3.771006
2.357370 3.479721
2.260165 3.168825
2.304865 3.057431
2.361793 2.960725
2.470591 2.988236
2.635503 2.981442
2.914910 3.196583
3.139599 3.425659
3.290236 3.597265
3.478236 3.910150
3.624850 4.111569
3.576409 4.254164
3.373846 4.351397
3.509122 4.396194
3.171809 4.269294
2.999390 4.213740
2.820076 4.222115
2.536143 4.191218
2.660401 4.330420
2.504077 4.361186
2.381170 4.389713
2.344833 4.358503
2.332496 4.204723
2.398159 4.204366
2.407930 4.128617
2.499524 4.105607
2.562270 4.034353
2.469025 4.021479
2.611063 4.100312
2.646154 3.973603
2.713549 4.032324
2.838712 4.051137
2.954126 4.148312
3.118573 4.304646
3.289673 4.391470
3.605276 4.346063
3.887848 4.400834
3.919265 4.337705
3.890206 4.226447
3.898311 4.142778
3.832493 3.992055
3.756825 3.917096
3.736800 3.808387
3.706475 3.669431
3.653883 3.466962
3.521668 3.245851
3.476578 3.025940
3.459813 2.919107
3.543656 2.774822
3.588698 2.644863
3.946056 2.828613
3.969151 3.024209
4.086465 3.193031
4.074412 3.236655
4.467809 3.325938
5.033020 3.558809
5.595522 3.763464
6.450296 4.245236
7.419253 4.753039
7.974997 5.074815
8.442234 5.425347
8.951606 5.776372
9.442402 6.072315
10.162267 6.601103
9.899770 6.427775
9.608305 6.214705
8.538065 5.589286
7.333730 4.816950
6.126104 4.112986
5.066200 3.525884
4.182730 3.242896
3.676200 2.991857
2.923277 2.834738
2.913668 2.595685
2.689580 2.483291
2.141920 2.442130
2.269875 2.482150
2.339736 2.559209
2.465532 2.716089
2.608427 2.822554
2.704452 2.898365
2.756444 3.001007
2.771204 3.090047
2.852349 3.089644
2.907529 3.184430
2.990801 3.335191
2.931691 3.502444
2.678032 3.294646
2.636016 3.173936
2.662067 3.155817
2.670540 3.184077
2.638487 3.064851
2.619691 3.170360
2.815061 3.367117
2.914147 3.504355
3.055751 3.709177
3.204575 3.947147
3.358246 4.162177
3.480204 4.338604
3.477058 4.334548
3.485678 4.320686
3.529681 4.237110
3.402229 4.308801
3.404799 4.278744
3.458626 4.291215
3.450785 4.339738
3.335170 4.223065
3.183146 4.155762
3.132034 4.098173
3.049282 3.997896
2.946390 3.878675
2.829132 3.572929
2.656400 3.347950
2.467115 3.069727
2.264110 2.843749
2.171908 2.674611
2.067558 2.670885
2.016367 2.599471
2.021655 2.534995
2.111114 2.478125
2.089208 2.402308
2.136389 2.436460
2.156678 2.445421
2.160500 2.440950
2.116426 2.419251
2.028476 2.368409
1.861703 2.179050
1.840467 2.096014
1.720203 1.948665
1.719396 1.867375
1.775492 1.942375
1.894264 2.058748
2.070104 2.202358
2.150119 2.238827
2.210281 2.323743
2.297395 2.403767
2.358030 2.405285
2.430490 2.485775
2.530600 2.475154
2.625076 2.552738
2.709848 2.655163
2.754094 2.835592
2.762527 2.959058
2.858017 3.131138
2.932968 3.256929
3.016091 3.420700
3.102066 3.504625
3.149927 3.653015
3.185136 3.847242
3.236225 4.085042
3.271206 4.239227
3.690529 4.604666
4.043804 5.003957
