310
330
320
340
560
570
580
570
580
570
580
480
410
420
420
420
420
420
410
440
430
420
410
420
420
410
420
420
410
570
560
570
560
560
580
590
560
560
680
670
690
700
680
680
680
680
670
710
710
670
710
680
850
810
820
820
1050
1240
1270
1320
930
950
950
940
950
950
940
1230
1290
1260
1260
1080
1110
1100
1220
1220
1230
1210
1220
1220
1220
1320
1300
1350
1500
1390
1390
1360
1360
1360
1370
1360
1490
1490
1520
1490
1640
1650
1630
1800
1780
1790
1770
1940
1940
1950
1950
1940
1950
1950
1960
1750
1950
1950
1950
1940
1950
1940
1940
1940
1950
1950
1960
1940
1950
1960
1950
1940
2150
1980
1940
1980
1940
1960
1950
1930
1950
1960
2120
2120
2110
2290
2430
2230
2240
2270
2270
2260
2410
2270
2270
2260
2260
2300
2260
2290
2310
2260
2280
2280
2250
2260
2300
2250
2270
2310
2420
2430
2420
2520
2450
2420
2410
2430
2430
2420
2440
2440
2430
2400
2450
2430
2440
2450
2420
2420
2420
2590
2590
2570
2590
2560
2630
2570
2600
2590
3510
3020
2590
2610
2920
2620
2650
2620
3260
3100
2760
2660
2640
2710
2770
3870
4070
3890
3570
4030
3380
3490
3460
3370
3680
3540
3640
3540
3790
3640
3310
3010
3640
3130
2980
3400
3020
3490
4630
3410
3040
3850
3900
3850
3310
3250
3180
3170
3200
3210
3700
3190
3240
3280
3230
3230
3240
3210
3230
3240
4550
4780
3230
3210
3220
3210
3210
3380
3400
3400
3340
4220
3930
4000
3690
3330
4020
4090
3360
3340
3340
4980
3330
3330
3310
3330
3300
3660
4130
3480
3490
3500
3500
3510
4370
4920
3510
3540
3540
3550
3550
3550
3530
3540
3540
3590
3490
3530
3520
3520
3500
3520
3490
3490
3490
3480
3480
3480
3480
3660
3700
3630
3640
3660
3650
3640
3660
3640
4020
3690
3660
4020
4180
3880
5700
5090
4520
4480
5680
4730
3640
3670
3680
4810
5110
5150
5800
5800
5810
5820
5810
5880
5880
5890
5890
5900
5890
5900
3840
3880
3910
4390
3940
3980
4010
4020
4040
5350
4180
4060
4050
4010
3980
4200
4180
4150
4430
4620
5330
5520
5810
6000
5840
6000
6240
6130
6060
6110
6300
5800
5260
5520
6850
5930
6100
5690
5560
6680
7080
7210
7210
6130
7680
8340
7920
6300
8490
8270
6010
6010
8070
6830
7120
7080
7430
6850
6260
6310
6760
7200
7240
7150
7590
7690
7590
7440
6600
6810
6270
6360
6290
7940
7840
6870
6830
7260
7590
6480
6830
7180
7530
8650
7840
7020
8350
6960
6940
6980
7210
8540
8490
8550
8560
8570
8550
8590
7290
7410
7720
8290
7680
7800
8170
7890
9630
9500
9700
8750
8620
8410
11660
11610
11590
11560
8010
8190
7920
7980
8130
8060
7930
8380
8800
9480
8280
8300
8480
8830
8380
9660
10640
8670
8950
8720
10310
8620
8680
8640
8720
9310
9900
9000
8760
9850
10410
8830
9570
9140
9170
10320
9470
10540
9490
10270
9670
10670
9520
9420
9770
11720
9650
9450
9410
9570
9410
9640
13220
10020
12870
12290
9970
9340
9430
9150
9240
10390
11070
9170
9520
9510
9480
11200
9490
10520
12700
11350
14080
11370
9810
10220
9780
9930
10960
11330
12020
9880
10780
11380
10910
10210
10060
10590
13570
10850
10130
