120
150
220
270
300
480
550
620
690
770
840
840
840
840
840
840
820
540
530
550
540
540
530
540
540
530
530
560
530
540
530
560
530
540
720
850
840
840
840
570
540
540
530
540
530
530
540
540
530
570
530
540
540
630
530
560
540
590
670
540
530
550
530
540
540
540
560
530
540
530
540
530
530
560
540
530
530
540
530
530
540
530
540
530
570
530
540
530
530
530
540
530
570
530
530
530
540
530
530
530
540
560
540
530
530
530
560
530
540
530
540
530
540
530
560
530
540
530
530
530
560
700
850
850
850
730
530
530
530
530
550
570
530
530
530
530
530
540
530
530
540
530
530
530
540
530
530
530
540
530
540
530
530
530
560
540
590
530
530
530
530
530
530
530
540
530
530
530
560
530
540
530
540
530
550
530
530
530
540
530
540
530
530
530
530
530
530
530
530
540
530
540
530
530
530
540
540
530
540
530
540
530
530
560
540
530
530
530
530
530
530
540
530
530
530
530
540
530
530
540
540
530
530
530
540
530
540
530
530
530
530
530
540
530
530
540
530
530
530
530
790
600
540
570
530
530
540
530
530
540
540
530
720
850
700
650
660
720
670
640
670
630
620
610
640
650
650
700
680
670
670
620
650
660
680
680
680
680
690
660
640
660
640
650
670
670
630
640
640
600
640
640
620
640
640
680
600
670
670
670
650
660
650
670
470
460
560
640
650
660
650
640
690
650
620
680
640
680
680
540
760
810
610
640
620
660
640
630
630
650
650
660
660
670
680
670
550
550
540
530
540
530
550
540
550
570
530
530
610
680
680
680
640
630
600
680
620
670
620
650
690
650
640
680
650
650
630
630
690
550
560
530
530
530
530
530
530
540
530
590
620
680
530
570
640
660
660
650
660
630
660
630
630
600
610
640
620
660
620
640
640
620
660
640
660
620
660
640
670
650
670
630
640
670
650
580
540
580
850
730
530
540
530
530
530
580
650
640
680
670
640
600
690
650
650
640
620
670
640
680
640
680
670
690
630
600
670
620
640
630
650
640
660
640
660
660
620
640
670
650
680
690
670
640
660
620
620
650
660
650
660
650
660
640
640
640
670
670
660
640
630
670
650
650
690
690
650
670
690
660
610
660
660
660
660
640
670
650
630
640
620
650
670
640
630
650
670
650
680
690
690
650
650
650
650
700
710
680
680
670
670
660
610
640
670
690
650
660
640
630
680
680
650
610
610
660
660
610
600
540
530
560
550
560
540
810
660
530
530
540
530
530
540
540
610
620
680
660
620
640
640
