3790
3800
3800
3820
3820
3860
3840
3850
3880
4030
3690
3730
3690
3690
3680
3630
3660
3650
3690
3800
3680
3690
3740
3720
3750
3730
3720
3720
3710
3850
3680
3710
3690
3700
3700
3680
3670
3660
3660
3780
3640
3610
3600
3530
3510
3530
3530
3580
3540
3700
3600
3590
3650
3580
3580
3580
3590
3580
3610
3710
3570
3580
3570
3610
3610
3590
3630
3610
3610
3740
3610
3570
3590
3580
3590
3590
3590
3590
3580
3710
3530
3550
3510
3520
3450
3390
3440
3390
3380
3500
3370
3390
3360
3400
3400
3370
3400
3390
3410
3550
3450
3440
3470
3450
3450
3460
3430
3440
3430
3560
3430
3430
3420
3420
3430
3450
3480
3480
3460
3610
3460
3480
3470
3460
3470
3480
3480
3460
3450
3600
3440
3450
3470
3460
3470
3450
3480
3450
3490
3620
3460
3480
3450
3460
3440
3440
3460
3460
3440
3590
3470
3480
3480
3480
3470
3460
3470
3480
3470
3600
3450
3450
3490
3500
3480
3460
3460
3460
3450
3590
3470
3460
3470
3460
3470
3440
3460
3460
3480
3620
3430
3450
3460
3460
3440
3480
3460
3440
3430
3580
3420
3420
3430
3410
3420
3410
3420
3410
3430
3580
3430
3460
3470
3440
3450
3450
3460
3470
3450
3590
3450
3440
3440
3410
3440
3450
3450
3460
3440
3580
3440
3460
3440
3430
3440
3450
3440
3450
3460
3580
3470
3460
3450
3480
3480
3470
3490
3460
3450
3580
3480
3450
3450
3450
3450
3450
3440
3470
3440
3570
3430
3440
3440
3440
3420
3420
3430
3440
3410
3560
3420
3420
3440
3420
3450
3420
3430
3410
3420
3560
3400
3410
3440
3450
3430
3430
3420
3440
3430
3570
3410
3420
3430
3410
3420
3450
3450
3420
3410
3550
3410
3420
3440
3410
3440
3440
3450
3430
3420
3580
3440
3430
3430
3410
3410
3430
3430
3430
3420
3570
3430
3420
3410
3430
3450
3410
3410
3420
3450
3560
3420
3420
3420
3420
3400
3400
3410
3410
3430
3550
3430
3410
3430
3420
3420
3420
