1.972306 1.954074
1.993102 2.058256
2.045861 2.241616
2.122101 2.453176
2.250089 2.715406
2.410818 3.010507
2.358837 3.083928
2.162534 3.123627
2.232668 3.361845
2.390615 3.658309
2.609443 3.990017
2.943453 4.460573
3.281241 4.818173
3.610450 5.246972
3.795177 5.447385
3.878084 5.526282
3.874556 5.660762
3.850572 5.668678
3.848953 5.641966
3.745995 5.600409
3.643285 5.463462
3.425772 5.112150
3.176938 4.703243
2.723637 4.133277
2.547054 4.059140
2.552818 4.012284
2.665654 4.049836
2.879925 4.209456
3.021705 4.380270
3.241738 4.539383
3.401318 4.605638
3.445062 4.682413
3.482761 4.626779
3.431829 4.586445
3.403920 4.596683
3.262823 4.369440
3.427582 4.364290
3.801503 4.618817
4.309480 5.249747
4.922826 5.662739
5.294239 6.062754
5.693446 6.338753
5.988529 6.365927
6.084248 6.317450
6.038579 6.280495
5.965951 6.199322
5.707383 6.148428
5.285623 5.923897
4.805308 5.494278
4.306581 5.027160
3.867573 4.937548
3.701843 5.006784
3.693172 4.918236
3.893642 5.112720
3.920254 5.328988
4.072159 5.526779
4.087150 5.649600
4.049540 5.600080
3.919449 5.633841
3.805449 5.528743
3.761560 5.149996
3.675417 4.830991
3.292548 4.443339
2.986772 4.205788
2.680512 3.802005
2.453654 3.647819
2.385293 3.536878
2.419798 3.492709
2.461805 3.620191
2.471551 3.861496
2.580983 4.154468
2.703650 4.283951
2.864652 4.478372
3.048641 4.623332
3.122098 4.730508
3.371675 4.872578
3.640322 5.129948
3.959942 5.336988
4.262187 5.569064
4.462029 5.699914
4.732970 5.952199
5.128333 6.191111
5.532598 6.444396
6.014061 6.825314
6.463529 7.247557
6.904491 7.575737
7.302931 7.952790
7.684009 8.371252
8.107491 8.697418
8.407364 8.991607
8.846696 9.281847
9.246180 9.508194
9.622613 9.852760
10.214093 10.193258
10.665868 10.440218
11.026759 10.655246
11.339902 10.942493
11.656181 11.196818
12.040634 11.561545
12.417659 11.832819
12.718264 12.111086
12.970204 12.346866
13.088948 12.418037
13.114074 12.401151
13.066708 12.280253
12.976263 12.131426
12.893725 12.037455
12.831806 11.960029
12.824512 11.912385
12.989493 11.879802
13.023184 11.788303
13.061701 11.785633
12.994472 11.776005
13.080871 11.832146
13.048318 11.894938
12.986872 11.902716
13.077602 12.021437
13.132620 12.178714
13.175008 12.311698
13.235322 12.442396
13.309533 12.547432
13.427609 12.617529
13.392772 12.728469
13.498818 12.888277
13.559002 13.036083
13.566598 13.153057
13.566162 13.223489
13.382356 12.960729
13.232967 12.885996
13.170965 12.597027
13.014517 12.507924
12.968310 12.425722
12.956623 12.304618
12.885606 12.330671
12.797172 12.296128
12.805433 12.215069
12.642262 12.110451
12.551836 12.101970
12.359458 11.958630
12.133455 11.808455
11.894581 11.823849
11.856886 11.317729
11.764395 11.107941
11.399820 11.055945
11.334870 10.929039
11.400653 10.884002
11.198915 10.875318
11.104422 10.832891
11.076914 10.861566
11.179974 10.986587
11.240905 11.066588
11.277195 11.160573
11.289370 11.215466
11.463919 11.446267
11.642882 11.626525
11.928528 11.909429
12.250385 12.231424
12.383354 12.591479
12.673188 12.994874
12.761183 13.252534
12.944064 13.601731
13.024549 13.989020
13.015116 14.245348
13.052402 14.444095
13.046026 14.449838
12.864263 14.529916
12.717207 14.474663
12.142968 14.584559
11.970826 14.498803
11.811183 14.259148
11.756365 14.168509
11.255722 14.063368
10.996796 13.919620
10.787978 13.731994
10.338449 13.410641
10.035099 13.029670
9.177596 12.378354
9.133097 12.184948
8.815948 11.945811
8.837509 11.896007
8.606593 11.696064
8.700791 11.724852
8.816516 11.794970
8.951003 11.857459
9.104787 11.825309
9.111636 11.591590
9.146981 11.627532
8.940108 11.652163
9.035639 11.720860
9.138777 11.620038
9.321549 11.745996
9.546774 11.908028
9.775834 12.063943
9.890196 11.901310
9.994315 12.001302
9.824909 12.047430
9.513898 11.991480
9.353489 11.843307
9.159069 11.807825
8.992728 11.781418
8.831632 11.584759
8.242277 11.116038
7.670452 10.762883
7.448439 10.433082
7.174087 10.193730
7.147643 10.196060
7.163113 10.266914
7.279256 10.293814
7.086231 10.003295
7.221502 9.804470
7.169608 9.799047
7.032670 9.741898
7.151123 9.797902
7.309094 9.976772
7.496471 10.138823
7.635115 10.449661
7.699675 10.677344
7.753808 10.906159
7.907930 11.083894
7.901733 11.342245
7.918950 11.478409
7.780332 11.365826
7.203655 11.364547
7.280461 11.150411
7.361875 11.156995
7.474020 11.267375
7.570016 11.428948
7.540663 11.412631
7.130614 10.987881
6.824585 10.466273
6.471514 10.110912
6.332331 9.903579
6.288403 9.666116
6.316761 9.636567
6.321103 9.751658
6.499175 10.058038
6.531263 10.173534
6.668566 10.275799
6.710889 10.312948
6.736039 10.242040
6.644152 10.003103
6.594179 9.936091
6.675782 9.458008
6.731831 9.351124
6.923289 9.411188
6.928144 9.311292
7.152674 9.365232
7.349787 9.312293
7.589361 9.357296
7.684470 9.291634
7.601425 9.164769
7.465908 9.092757
6.834768 8.778079
6.426215 8.669093
6.187624 8.508757
6.082855 8.413262
6.039405 8.389011
6.026294 8.361806
5.970119 8.337369
5.881873 8.168727
5.731085 7.898573
5.699238 7.802528
5.676748 7.729010
5.656958 7.649595
5.742020 7.831003
6.006655 8.143153
6.196217 8.428527
6.459526 8.670679
6.731397 8.925007
6.930199 9.191415
7.117615 9.420204
7.241163 9.588614
7.270213 9.435400
7.439487 9.523562
7.690225 9.699293
8.181012 10.188998
8.643109 10.444850
8.977605 10.947363
9.273163 11.354905
9.374979 11.338620
9.127791 11.070343
8.856942 10.877842
8.370707 10.624397
7.965668 10.427813
7.640044 10.482834
7.579064 10.851701
7.462101 11.025444
7.572557 11.100454
7.630925 11.423967
7.665232 11.876138
7.727386 11.822742
7.754044 11.670485
7.631223 11.435095
7.416602 11.174099
7.401334 11.016449
7.363949 10.881668
7.392742 10.921939
7.391042 10.812898
7.432420 10.671537
7.506203 10.480255
7.563290 10.578214
7.555214 10.482437
7.360168 10.421602
7.253664 10.244638
7.019680 10.112576
6.624022 9.898296
6.386651 9.773613
6.048505 9.484047
5.836639 9.266019
5.845808 9.061056
5.856389 9.065749
5.604094 8.893402
5.668444 8.760938
5.522986 8.488417
5.476309 8.312743
5.575774 8.198164
5.671514 8.233432
5.771740 8.339097
5.995301 8.583368
6.233739 8.902870
6.729560 9.239107
7.069502 9.724888
7.174138 10.278934
7.361581 10.654106
7.397865 10.681382
7.231726 10.572544
7.102485 10.171357
6.853242 9.878949
6.589373 9.570439
6.292087 9.253728
6.149557 8.784557
5.923835 8.224657
5.857861 8.097693
5.746377 7.833564
5.687257 7.616672
5.741212 7.348983
