0.186102
0.246044
0.291514
0.287949
0.245993
0.244670
0.351240
0.575225
0.847786
1.156335
1.524065
1.891131
2.258675
2.665886
3.067750
3.476316
3.879771
4.285307
4.726806
5.052941
5.179154
5.064888
4.743584
4.283834
3.873098
3.420394
2.943142
2.465195
2.008350
1.553878
1.129389
0.759655
0.500996
0.636220
1.000273
1.415620
1.792605
2.255968
2.718881
3.154553
3.522201
3.761276
3.771288
3.530570
3.076982
2.668839
2.277408
1.971408
1.819715
1.788271
1.877559
2.090241
2.364850
2.727942
3.110403
3.507531
3.943482
4.395418
4.852906
5.335691
5.817311
6.213428
6.503830
6.552094
6.340967
5.952941
5.573712
5.191481
4.814031
4.491327
4.194461
3.943678
3.724129
3.563888
3.454410
3.411759
3.423774
3.500358
3.730894
4.123662
4.598184
5.095832
5.558309
6.058838
6.541741
7.025580
7.533121
8.049296
8.563351
9.100628
9.626521
10.141212
10.632349
11.132106
11.610120
12.086004
12.577566
13.066196
13.512031
13.989330
14.460705
14.813746
14.993005
14.870713
14.536819
14.015135
13.502947
12.996539
12.504755
12.008087
11.488029
10.983307
10.480796
9.944037
9.445563
8.920436
8.410984
7.889004
7.381818
6.874371
6.375999
5.901364
5.443337
4.972422
4.539905
4.285824
4.321809
4.607021
4.993556
5.394403
5.819490
6.259299
6.677976
7.132384
7.574070
8.017590
8.476969
8.917500
9.380012
9.845468
10.323765
10.790457
11.272721
11.766876
12.241687
12.725744
13.209989
13.699395
14.209428
14.715650
15.119551
15.316527
15.403578
15.529503
15.644968
15.765982
15.936238
16.084602
16.281275
16.484070
16.690168
16.910842
17.145698
17.369978
17.621787
17.894375
18.177587
18.459475
18.742220
19.059422
19.391878
19.536949
19.374147
19.001853
18.653439
18.291067
17.952106
17.624310
17.301816
16.957254
16.627159
16.300684
16.001320
15.723058
15.465928
15.225271
15.039004
14.832275
14.660406
14.507146
14.352099
14.215871
14.120806
14.044446
13.955187
13.895520
13.839181
13.834136
13.685210
13.305246
12.898915
12.686495
12.648930
12.642626
12.670829
12.701008
12.741183
12.815024
12.894829
13.033157
13.175059
13.316366
13.505248
13.729827
13.973063
14.214087
14.488056
14.757902
15.048957
15.393020
15.733287
16.088699
16.439596
16.802866
17.187394
17.351444
17.230675
16.864207
16.496157
16.131749
15.774222
15.429364
15.091838
14.738745
14.421843
14.081691
13.788342
13.511468
13.283089
13.071785
12.844245
12.619102
12.429261
12.258047
12.117989
11.981732
11.868274
11.761616
11.678120
11.603346
11.424386
11.026463
10.667842
10.549975
10.654891
10.800095
10.924238
11.083407
11.256120
11.450784
11.686383
11.912733
12.171698
12.422079
12.690693
12.971441
13.258579
13.551622
13.872503
14.195652
14.517816
14.832950
15.177625
15.518087
15.884995
16.283596
16.506196
16.452388
16.131888
15.721803
15.267743
14.857660
14.416721
14.028261
13.648252
13.264112
12.891275
12.528112
12.175220
11.836502
11.524885
11.185883
10.884530
10.618888
10.339798
10.069650
9.819873
9.612764
9.423317
9.254365
9.124622
9.027250
8.961574
8.775554
8.372678
7.987124
7.858285
7.920185
8.017335
8.167452
8.341146
8.570530
8.827374
9.100484
9.392490
9.676475
10.006772
10.353686
10.707451
11.088027
11.454414
11.851997
12.231132
12.622637
13.011661
13.355331
13.705203
14.052006
14.381656
14.716565
15.038849
15.348198
15.717114
16.048849
16.425946
16.785963
