0.202751
0.199145
0.132994
0.164016
0.256661
0.213827
0.242965
0.407495
0.676394
0.983130
1.009947
1.099524
1.123043
0.956461
1.027853
0.965583
1.114193
1.358981
1.717846
2.027096
2.023013
1.789621
1.385994
0.818717
0.330200
0.285301
0.710263
1.155969
1.602495
1.913322
2.195579
2.565498
2.957514
3.319469
3.749105
4.123302
4.318184
4.609522
4.776626
4.968669
5.152530
4.811020
4.373572
3.874379
3.085538
2.455069
1.867624
1.473474
1.293453
1.075408
0.888064
0.795808
0.766032
0.904489
1.088975
1.102055
1.284479
1.430204
1.609029
1.905315
2.304404
2.510257
2.691635
2.748788
2.612225
2.475645
2.376144
2.232168
2.109999
2.112403
2.261719
2.488627
2.849437
3.224435
3.531535
3.866282
4.176011
4.550504
4.717639
4.867657
5.107027
5.171870
5.232937
5.353873
5.506375
5.635213
5.769569
5.962183
6.237504
6.627913
6.829626
7.257374
7.575220
7.792647
7.992759
8.403910
8.754701
9.337568
9.936075
10.404355
10.714013
11.151889
11.544759
11.782727
11.591803
11.142286
10.709965
10.339014
10.021078
9.678991
9.217556
8.822811
8.408206
7.960385
7.741417
7.384656
6.963662
6.574734
6.352973
6.186329
5.874149
5.736979
5.492386
5.386111
5.261425
5.433998
5.908027
6.231319
6.417703
6.501081
6.586816
6.691576
6.854431
6.978466
7.112805
7.206154
7.416144
7.469207
7.810666
8.146517
8.500981
8.784805
9.174736
9.440708
10.058913
10.551351
11.093250
11.639224
12.260746
12.685352
13.000699
13.344610
13.761237
13.986597
14.296070
14.651659
14.969756
15.258762
15.561906
15.897967
16.153401
16.591068
17.004913
17.180713
17.478861
17.733138
17.926673
18.265329
18.673265
19.108023
19.440702
19.549811
19.487464
19.138312
18.856767
18.368120
17.844786
17.469122
17.009765
16.646114
16.156278
15.511868
15.020412
14.482597
13.946345
13.394005
12.829707
12.382012
11.937200
11.532174
11.164841
10.761595
10.375555
10.016646
9.582593
9.285708
9.021481
8.745065
8.499542
8.176356
7.930090
7.914963
8.116617
8.350876
8.644436
9.042788
9.381831
9.792164
10.182313
10.569502
10.794904
11.191471
11.569260
11.993436
12.236963
12.792013
13.283501
13.751572
14.280356
14.647601
15.110051
15.452084
15.826066
16.268660
16.660654
16.954612
16.821883
16.568105
16.113141
15.631084
15.263357
14.785125
14.397389
13.974580
13.525364
12.998346
12.475617
11.976872
11.624909
11.253272
10.836441
10.455822
10.047437
9.679680
9.277702
8.892993
8.567663
8.151246
7.823272
7.576331
7.071559
6.579654
6.551113
6.784515
7.318148
7.904033
8.351887
8.823738
9.287855
9.757153
10.269181
10.749038
11.315776
11.847014
12.275793
12.603124
12.907302
13.350391
13.501345
13.939924
14.441589
14.881944
15.115061
15.509278
15.916506
16.338519
16.561409
16.472221
16.140382
15.687280
15.154313
14.607244
14.172429
13.836419
13.536507
13.093146
12.501421
11.896246
11.353211
10.700950
10.379920
10.088146
9.789530
9.501951
9.147088
8.888079
8.618220
8.355470
8.183870
8.013484
7.829005
7.519899
7.499732
7.341263
7.138999
7.242823
7.603238
8.191804
8.879111
9.399867
10.005754
10.682367
11.291929
11.768298
12.297735
12.657157
12.945753
13.203365
13.425630
13.578405
13.617863
13.283830
12.622401
12.394923
12.376470
12.547426
12.754007
12.898837
12.898871
12.925094
12.776099
12.695168
12.660299
12.492604
12.602759
12.749960
