30
3390
3460
3580
3730
3800
3960
4100
4200
4260
2630
3460
3570
3560
3650
3760
3810
3870
3920
4060
2580
3430
3540
3640
3700
3830
3850
3930
4030
4060
2600
3420
3500
3590
3680
3760
3820
3880
3960
3990
2570
3390
3450
3530
3600
3670
3790
3870
4000
4170
2600
3520
3580
3680
3720
3760
3830
3890
3950
4120
2560
3400
3500
3610
3660
3780
3880
3990
4010
4150
2590
3460
3530
3590
3670
3760
3840
3890
4010
4070
2590
3430
3520
3600
3710
3720
3850
3930
3920
4030
2520
3360
3480
3550
3590
3660
3730
3820
3880
3980
2520
3380
3450
3520
3590
3640
3750
3820
3880
4000
2520
3410
3460
3550
3620
3750
3740
3840
3910
3970
2530
3360
3400
3550
3600
3650
3760
3830
3900
3980
2530
3390
3380
3440
3580
3640
3710
3850
3890
3960
2580
3350
3420
3510
3580
3660
3730
3860
3910
4010
2600
3400
3460
3510
3600
3710
3770
3850
3980
4030
2610
3400
3450
3520
3570
3650
3700
3840
3930
3990
2570
3380
3460
3550
3600
3700
3730
3840
3910
3960
2570
3330
3460
3500
3550
3650
3720
3820
3870
4010
2550
3310
3380
3500
3570
3650
3730
3820
3880
3960
2570
3300
3380
3450
3530
3590
3680
3770
3900
3960
2560
3320
3400
3490
3520
3620
3710
3810
3930
4000
2570
3350
3390
3420
3560
3600
3680
3790
3880
3960
2580
3320
3370
3460
3530
3610
3720
3750
3840
3980
2570
3330
3430
3500
3570
3620
3660
3720
3750
3820
2480
3230
3280
3380
3450
3520
3620
3720
3780
3840
2490
3270
3330
3430
3490
3560
3670
3740
3810
3920
2530
3270
3330
3350
3450
3520
3650
3680
3770
3780
2450
3200
3310
3400
3480
3520
3630
3710
3830
3930
2510
3330
3330
3400
3500
3560
3610
3710
3760
3840
2460
3240
3300
3380
3420
3550
3620
3690
3770
3840
2470
3270
3350
3450
3540
3670
3710
3760
3820
3920
2480
3300
3400
3440
3550
3550
3690
3730
3790
3860
2450
3290
3400
3440
3520
3570
