2560
2560
2570
2570
2570
2590
2630
2590
2610
2720
2560
2560
2570
2560
2550
2540
2550
2540
2560
2650
2580
2580
2580
2600
2610
2580
2590
2580
2570
2660
2550
2540
2530
2560
2570
2570
2580
2580
2550
2620
2550
2540
2540
2510
2530
2510
2540
2520
2520
2640
2560
2530
2540
2520
2540
2530
2520
2530
2530
2640
2530
2530
2540
2550
2570
2560
2600
2560
2580
2650
2560
2530
2510
2530
2540
2550
2530
2550
2530
2630
2520
2570
2530
2520
2510
2500
2510
2500
2480
2590
2480
2490
2480
2490
2480
2490
2520
2480
2500
2590
2510
2500
2520
2490
2510
2500
2490
2490
2490
2590
2490
2500
2500
2500
2520
2540
2530
2520
2510
2620
2530
2520
2540
2560
2520
2540
2530
2530
2540
2620
2540
2510
2550
2520
2530
2530
2530
2550
2530
2640
2540
2540
2550
2550
2550
2530
2550
2510
2510
2620
2520
2520
2510
2550
2560
2530
2550
2540
2540
2660
2540
2550
2560
2560
2500
2520
2510
2510
2530
2650
2560
2550
2560
2540
2570
2550
2550
2560
2570
2660
2540
2540
2520
2520
2530
2540
2530
2520
2510
2620
2550
2560
2580
2560
2580
2550
2560
2580
2560
2660
2610
2570
2590
2560
2540
2520
2530
2510
2550
2630
2540
2540
2580
2570
2560
2550
2550
2530
2550
2640
2500
2430
2450
2490
2470
2460
2450
2440
2440
2550
2460
2460
2460
2470
2490
2470
2420
2450
2440
2490
2410
2420
2440
2400
2410
2430
2430
2420
2430
2520
2430
2410
2430
2410
2410
2420
2440
2420
2440
2520
2430
2420
2420
2440
2450
2410
2420
2430
2410
2520
2420
2440
2440
2460
2440
2440
2430
2440
2440
2520
2480
2460
2440
2430
2410
2420
2410
2440
2420
2510
2430
2430
2430
2430
2440
2460
2430
2460
2420
2530
2450
2450
2430
2430
2430
2420
2340
2350
2360
2450
2350
2360
2350
2350
2350
2360
2350
2360
2370
2460
2340
2370
2350
2360
2370
2360
2350
2370
2360
2470
2370
2370
2370
2380
2380
2360
