120
170
150
200
230
280
320
360
390
440
480
480
480
480
480
470
480
480
480
480
490
480
480
480
470
480
480
480
480
480
480
480
480
480
480
480
470
480
470
480
480
480
480
480
470
480
480
480
480
480
480
480
480
480
480
480
480
480
470
480
480
480
480
480
480
480
480
480
480
470
490
480
480
480
480
470
480
480
480
480
480
470
480
480
480
480
480
480
470
480
480
480
480
470
480
480
480
480
480
480
480
480
480
470
480
480
480
480
480
480
480
470
470
480
480
480
480
480
470
480
480
480
480
480
480
480
480
480
480
480
480
480
480
480
480
480
480
480
480
480
480
480
480
480
480
470
480
480
480
480
480
480
480
480
470
480
480
480
480
480
480
480
480
480
480
480
480
480
480
480
480
480
470
480
480
480
480
480
480
480
480
480
470
480
480
480
480
480
480
480
480
470
480
480
470
470
480
480
480
480
480
480
480
470
480
480
480
480
480
470
480
470
480
480
480
480
480
480
470
480
480
480
480
480
480
470
470
480
480
470
480
480
480
480
480
480
470
480
480
480
480
480
470
480
480
480
480
480
470
480
490
470
480
480
480
480
480
470
480
480
480
480
470
480
480
480
480
480
480
480
480
480
470
480
480
480
480
470
480
480
480
480
480
480
470
470
480
480
480
470
480
470
480
480
480
480
480
470
470
480
480
480
470
480
480
480
470
480
480
470
480
480
480
480
470
480
480
480
480
470
480
480
480
480
480
480
480
480
480
470
480
480
480
480
480
470
