40
30
30
20
40
20
50
50
50
50
50
50
40
50
70
60
70
70
60
70
70
70
70
60
70
70
60
70
70
60
80
60
90
90
90
90
90
90
80
100
100
120
100
130
130
130
130
130
130
130
130
130
130
130
130
130
130
130
150
140
160
150
150
150
150
140
150
140
180
160
180
170
170
170
170
170
170
160
180
180
200
180
200
180
200
180
200
180
200
190
190
190
190
190
190
190
190
190
190
190
190
200
180
200
180
200
180
200
190
190
210
210
210
210
220
210
210
210
210
220
210
210
210
210
210
210
220
230
230
230
230
240
230
230
230
240
250
250
260
250
250
260
250
270
280
270
280
270
280
270
280
270
280
270
280
270
280
270
270
280
300
290
320
320
320
320
320
320
320
340
370
380
380
380
410
430
430
430
420
460
450
450
450
450
450
450
450
450
450
450
460
440
460
470
470
480
500
500
510
490
510
530
520
520
520
530
520
530
520
520
520
530
520
520
520
550
570
570
580
570
580
600
590
600
630
620
630
640
650
650
650
640
650
650
650
640
650
650
640
650
650
650
670
680
670
670
670
670
680
670
680
670
670
670
680
670
670
680
670
670
680
670
670
680
670
670
670
680
670
670
680
670
700
700
690
700
730
720
730
730
750
760
750
760
750
750
760
750
760
750
790
780
780
790
780
780
780
810
810
820
810
810
810
810
810
810
820
830
840
840
840
870
870
870
870
860
870
870
860
870
870
870
870
860
910
910
910
920
930
950
1000
980
1000
990
990
990
