1.972306 1.954074
1.993102 2.058256
2.045861 2.241616
2.122101 2.453176
2.250089 2.715406
2.410818 3.010507
2.534085 3.244112
2.603575 3.480845
2.771997 3.816820
2.948792 4.139987
3.166816 4.455415
3.387350 4.836677
3.667498 5.259086
3.935958 5.617750
3.770915 5.712290
3.657570 5.709556
3.491659 5.754032
3.438818 5.760011
3.385162 5.754919
3.188589 5.603167
3.193922 5.412373
2.922800 5.186676
2.683380 4.989291
2.446708 4.740082
2.252979 4.640297
2.238062 4.520709
2.244453 4.479530
2.384056 4.440980
2.450393 4.539314
2.582086 4.547253
2.738788 4.643215
2.831604 4.816699
2.901682 4.775808
2.942370 4.736598
3.088495 4.874476
3.222864 4.907924
3.448895 5.135049
3.872058 5.497906
4.430261 5.887418
4.984959 6.360988
5.443078 6.549697
5.829566 6.654471
5.961935 6.690673
5.847693 6.516461
5.676777 6.364609
5.439686 6.056250
5.103399 5.825366
4.769749 5.598542
4.368735 5.406884
4.141846 5.066550
3.520019 4.741777
2.822295 4.561684
2.554823 4.367882
2.434309 4.127387
2.200838 4.011542
2.022733 3.966564
1.880724 3.991207
1.809733 3.835832
1.811318 3.776520
1.862682 3.664822
1.962621 3.709019
1.961570 3.638227
2.002374 3.535632
1.879408 3.373902
1.672057 3.090077
1.502798 3.009351
1.485499 2.901726
1.598846 2.865103
1.718004 2.765197
1.793738 2.678724
1.813466 2.848444
1.891432 2.905776
2.025240 3.038284
2.172996 3.300150
2.402426 3.583368
2.771893 3.840565
3.236755 4.140795
3.696879 4.399186
4.201375 4.541836
4.557123 4.648839
4.869709 4.670052
5.292660 4.737638
5.683407 4.937169
6.200377 5.148621
6.662644 5.321004
7.135532 5.572307
7.592671 5.838892
8.133509 6.077723
8.676600 6.371781
9.137849 6.635215
9.622006 6.872613
10.059416 7.149922
10.538776 7.461895
10.921640 7.760078
11.343115 8.080819
11.731155 8.307054
12.198618 8.539324
12.490097 8.838886
12.760585 9.073357
13.024540 9.261664
13.313886 9.510687
13.489872 9.728295
13.575603 9.836418
13.492820 9.833018
13.306806 9.722875
13.130126 9.549274
12.996595 9.414063
12.855411 9.322781
12.666879 9.284814
12.676980 9.238619
12.606803 9.148113
12.397128 9.081929
12.411340 9.119967
12.418528 9.173422
12.428054 9.216339
12.417769 9.203970
12.516569 9.288972
12.412498 9.367237
12.319098 9.259509
12.324972 9.353781
12.266287 9.237816
12.316854 9.376251
12.255330 9.400409
12.178771 9.490557
11.953034 9.628855
11.879261 9.638533
11.740834 9.683786
11.306768 9.505694
10.925264 9.206464
10.746959 8.977632
10.265465 8.705940
10.038041 8.567631
9.514761 8.354313
9.272960 8.196007
9.232991 8.065548
9.189917 7.984673
9.074986 7.765225
8.908271 7.897223
8.226677 7.808985
8.136808 7.798605
7.996337 7.804380
7.234539 7.778966
7.254665 7.742268
7.006251 7.433280
6.510595 7.535396
6.567511 7.445707
6.548629 7.456730
6.176656 7.298850
5.951909 7.246715
6.048487 7.229692
5.902072 7.130490
5.674152 7.097717
5.616392 6.930602
5.582304 6.896659
5.472828 6.860745
5.494010 6.868008
5.469005 6.835555
5.343938 7.009413
5.402833 7.354094
5.466874 7.811127
5.486370 8.088048
5.376146 8.401449
5.124481 8.286268
4.946728 8.289788
4.207066 8.219695
4.278120 8.215590
4.272479 7.926053
4.077277 7.645503
4.098337 7.379380
4.207065 7.285898
4.382163 7.317924
4.450225 7.198851
4.447523 7.138117
4.267322 7.022340
3.990737 6.704708
3.641116 6.180113
3.426629 5.998088
3.150179 5.924932
3.091078 5.888205
3.060627 5.886377
3.148060 5.980475
3.270133 6.153864
3.408555 6.388186
3.531593 6.517069
3.594896 6.610083
3.583794 6.653551
3.553602 6.679416
3.620634 6.727090
3.673297 6.526139
3.854239 6.473494
4.051934 6.197057
4.333339 6.370599
4.636656 6.534795
4.890903 6.685856
5.117351 6.781079
5.274141 6.753867
5.196642 6.465528
5.054436 6.462168
4.713961 6.416224
4.332253 6.276411
3.935957 6.104885
3.690578 5.736090
3.430608 5.374936
3.368460 5.232385
3.500994 5.221449
3.737833 5.339278
3.987455 5.481234
4.155241 5.530145
4.250219 5.440505
4.161660 5.317129
3.876737 5.378838
3.805989 5.385212
3.690399 5.559437
3.679408 5.810860
3.752071 6.190011
3.858102 6.560504
4.045340 6.858792
4.189074 7.148957
4.385788 7.310565
4.531067 7.282337
4.433431 7.266577
4.231275 7.243523
4.181208 6.936013
4.141117 6.731292
4.348365 6.891621
4.667447 7.154635
5.024528 7.530162
5.136047 7.630707
5.029226 7.544316
4.622603 7.076131
4.148813 6.643930
3.714727 6.234624
3.559805 5.999452
3.383025 5.925089
3.438146 6.007076
3.683594 6.135975
3.967966 6.339768
4.185527 6.469586
4.241964 6.342545
4.263352 5.983510
4.229604 5.737807
3.988802 5.333910
3.808254 5.081445
3.782259 4.877184
4.021269 5.084969
4.295513 5.353808
4.680244 5.672823
5.066435 6.045392
5.335079 6.207132
5.293785 6.405339
5.246583 6.455331
4.977001 6.396260
4.717342 6.001580
4.519958 5.808270
4.432438 5.677436
4.445392 5.716803
4.538100 5.750952
4.576679 5.813899
4.462022 5.884173
4.237953 5.802176
3.834529 5.725299
3.552788 5.378988
3.269735 5.187250
3.165688 4.921640
3.282036 5.065483
3.518290 5.380678
3.944404 5.684749
4.399785 6.137262
4.672789 6.410534
4.813104 6.575150
4.835510 6.397881
4.686067 6.066956
4.598467 5.714364
4.640779 5.714062
4.924389 5.998122
5.799915 6.555540
6.819341 7.206601
7.733850 7.519381
8.220167 7.639300
8.211934 7.396898
7.873345 7.130461
7.251422 6.764574
6.513743 6.361045
5.756442 5.942750
5.161764 5.606772
4.989521 5.638162
5.041862 5.848732
5.138765 6.299988
5.276468 6.779051
5.446299 7.088913
5.439594 7.080907
5.287154 6.767691
4.892229 6.463239
4.448267 5.851902
3.953745 5.562072
3.714163 5.531516
3.808183 5.614289
4.059435 5.829073
4.284315 6.032669
4.536780 6.168667
4.727540 6.258377
4.760832 6.383806
4.743230 6.397095
4.580069 6.191588
4.393097 6.011169
4.157762 5.793406
3.911946 5.604624
3.757728 5.527893
3.718689 5.475168
3.790511 5.495299
3.894058 5.658582
3.960520 5.806829
4.009700 5.867577
3.918156 5.888153
3.760772 5.678019
3.652340 5.506779
3.626911 5.467967
3.814800 5.425400
4.275418 5.641034
4.848915 5.909539
5.531454 6.205276
6.177994 6.625381
6.581812 6.970351
6.784088 7.197914
6.861071 7.164085
6.752781 6.852127
6.350557 6.414081
5.789604 5.987521
4.879138 5.533067
4.406574 5.136452
3.910683 4.688165
3.443821 4.570758
3.243753 4.535127
3.085879 4.595429
3.070292 4.550087
3.100900 4.475645
