0.216303
0.289493
0.278516
0.230119
0.152442
0.091423
0.246031
0.479831
0.726886
1.033221
1.396629
1.782029
2.168145
2.604465
2.822857
2.992711
3.423533
3.853528
4.397733
4.474864
4.548652
4.307381
3.981894
3.574949
3.042739
2.453404
1.889959
1.295273
0.732930
0.084359
0.488207
0.915367
1.395242
1.663289
1.739425
1.723838
1.969493
2.530577
2.976303
3.827478
4.414947
4.664784
4.591632
4.276138
3.777067
3.314592
2.690132
1.809431
1.269761
1.019600
1.120741
1.402221
1.504315
1.763698
2.019429
2.026496
1.988968
2.156130
2.361200
2.589106
2.927727
3.197215
3.446136
3.455950
3.304686
3.086997
2.799973
2.435644
2.111715
2.048204
2.139314
2.327180
2.615518
2.942442
3.204069
3.320855
3.336607
3.521080
3.703198
4.000422
4.367814
4.775817
5.299788
5.782813
6.455549
7.057904
7.572708
8.191108
8.778216
9.412966
9.922130
10.434385
11.020550
11.678703
12.373147
12.916605
13.431100
13.907414
14.403762
14.770472
15.273344
15.920721
16.257147
16.307975
16.126897
15.723948
15.339299
15.125071
14.779984
14.529175
14.254897
13.881975
13.513629
13.315477
13.108717
12.908470
12.544834
12.264558
12.033732
11.817130
11.717027
11.498826
11.222804
10.974016
10.621329
10.603024
10.906911
11.515111
12.072357
12.306139
12.595120
12.881464
13.229051
13.667822
13.990429
14.371812
14.844015
15.252277
15.663682
16.222130
16.622599
17.078340
17.545580
18.072631
18.599573
19.058239
19.644064
20.063482
20.590104
21.000109
21.520046
22.093068
22.502039
23.084751
23.540042
23.986957
24.469848
24.986426
25.506523
25.956547
26.541141
26.924079
27.616328
28.667379
29.522008
30.282670
30.621410
31.366235
32.072228
32.771292
33.224452
33.517909
33.493480
33.237309
32.767428
32.550188
32.344705
32.191782
31.877085
31.546276
31.448917
31.135628
30.912571
30.550157
30.265644
30.136334
29.816059
29.696338
29.400689
28.903894
28.463880
28.076282
27.652237
27.269352
26.784110
26.402595
26.330443
25.901687
25.450908
25.321438
25.287438
25.645959
25.872853
26.448273
26.915119
27.418487
27.898271
28.366990
28.865947
29.324253
29.674201
30.214211
30.734782
31.278973
31.884677
32.813042
33.591240
34.202696
34.989234
35.608824
36.143314
36.410408
37.007322
37.502673
37.805958
37.965143
38.010570
37.578563
37.177371
36.795867
36.273571
35.953017
35.446767
35.199031
34.974006
34.549913
34.499913
34.337186
33.925038
33.540208
33.051956
32.386991
31.770438
31.185610
30.646351
30.044207
29.558050
28.963362
28.507203
27.921127
27.388860
27.136992
26.936724
27.004346
27.495335
27.944916
28.310323
28.834258
29.213101
29.738244
30.237784
30.832107
31.373708
32.022698
32.718930
33.838621
34.770643
35.658274
36.548397
37.337879
37.782442
38.003727
38.373629
38.889089
39.366373
39.919225
40.535235
40.760281
40.656873
40.242144
39.758178
39.267172
38.620666
38.042896
37.616578
37.550412
37.355377
37.119707
36.864586
36.667433
36.439449
35.843513
35.212448
34.550708
33.874419
33.185137
32.644426
31.819819
31.164715
30.357945
29.840063
29.066232
28.122872
27.461135
27.112573
26.659495
26.930545
27.267618
27.771095
28.138297
28.587453
29.088943
29.449412
29.884731
30.226266
30.747591
31.133732
31.749774
32.588876
33.664311
34.725758
35.817657
37.024684
37.976064
38.664000
39.071069
39.342410
39.327917
39.177587
39.071113
38.907721
38.843032
38.883829
38.668211
38.514655
38.590547
