0.186309
0.252418
0.258886
0.191936
0.148842
0.138900
0.264731
0.463073
0.728730
0.997015
1.212943
1.507945
1.814415
2.170756
2.572524
2.982066
3.386847
3.822874
4.325198
4.722278
4.834997
4.499321
4.176343
3.688572
3.195001
2.674058
2.153184
1.695171
1.266052
0.818548
0.419737
0.435217
0.873409
1.713875
2.112280
2.584286
3.212919
3.760499
4.340769
4.811526
5.198788
5.365111
5.241500
4.983462
4.367511
3.778993
3.110461
2.549698
2.082669
1.645196
1.032749
0.569075
0.444737
0.834556
1.379898
1.959925
2.564478
3.113825
3.528562
3.786593
4.276383
4.609807
4.896532
4.783017
4.586690
4.268011
3.864139
3.458605
3.090429
2.657038
2.476820
2.260883
2.040545
1.821106
1.643659
1.597259
1.802638
2.278325
2.603095
2.979157
3.328484
3.649448
4.004239
4.423542
4.910823
5.523662
5.986522
6.617036
7.273168
7.957157
8.737982
9.288415
9.928821
10.531277
11.154312
11.943948
12.690837
13.267017
13.773266
14.334391
14.892029
15.313853
15.474612
15.426882
15.123243
14.637949
14.131129
13.601120
13.185618
12.740943
12.256944
11.801857
11.449115
11.112494
10.715201
10.260468
9.789760
9.256805
8.822740
8.488810
8.046530
7.594946
7.136718
6.740403
6.373781
6.010832
6.015971
6.289189
6.642765
7.007614
7.444457
7.917507
8.230205
8.725946
9.179366
9.642001
10.073571
10.601737
11.011591
11.453669
11.746208
12.028941
12.576743
13.081130
13.532033
14.008698
14.429033
14.942448
15.538011
16.032528
16.514132
16.730450
16.984948
17.193354
17.231134
17.600895
17.508450
17.666065
17.735269
18.158798
18.443489
18.666365
18.689638
18.919213
19.376050
19.806972
20.388365
20.702866
20.963841
21.081348
21.228427
21.308367
21.033013
20.642303
20.291863
20.086906
19.764276
19.318220
18.903996
18.548914
18.314274
17.984648
17.742485
17.521738
17.129676
16.928882
16.737604
16.719512
16.631637
16.586481
16.467322
16.319111
16.267488
16.191382
16.134277
16.300026
16.249913
16.333713
16.260063
15.900175
15.538966
15.163550
15.110564
15.095130
14.839153
14.805679
14.799851
14.893446
15.021656
15.166484
15.355743
15.538194
15.747374
15.880241
16.112444
16.370206
16.513312
17.029717
17.273902
17.262075
17.525873
17.822550
18.084342
18.354215
18.685355
18.822171
18.282572
17.789081
17.369180
16.899775
16.519345
16.208880
15.838251
15.601519
15.128039
14.846340
14.621960
14.397114
13.864368
13.566147
13.126656
12.954530
12.847114
12.588713
12.367370
12.164151
12.111694
11.892658
11.723992
11.696200
11.300580
10.770082
10.361495
10.082520
9.634813
9.457221
9.553628
9.473047
9.130062
9.186611
9.310143
9.303575
9.296706
9.127361
9.142207
9.140105
9.275623
9.485666
9.905886
10.286728
10.528962
10.764425
10.965426
11.030741
11.260370
11.646937
12.116563
12.058667
11.795840
11.422623
11.007961
10.535550
9.889096
9.197756
8.622954
8.171736
7.606956
7.158118
6.506166
5.617276
4.725621
4.213851
3.759065
3.494385
2.977073
2.551951
2.352265
2.166677
2.115785
2.451563
3.309922
4.087016
4.853931
5.414699
5.724706
6.289516
6.694055
6.718569
6.739222
6.871440
6.638661
6.768527
6.656049
6.402766
6.311263
6.176321
6.295485
6.498601
6.539734
6.598377
6.702364
6.844796
6.928588
6.955632
7.080966
6.944146
7.110246
6.777548
6.465556
6.143887
5.587227
5.354877
4.771250
4.350190
3.961811
3.359985
