40
4360
4530
4640
4750
5550
5560
5130
5220
5340
320
4430
4530
5360
4800
4870
4980
5130
5220
5350
320
4400
6130
6290
4670
4810
5040
6000
5170
6070
440
5380
4510
4570
4280
4900
5020
5110
5240
5370
310
4420
4550
4610
4770
5230
4910
6350
6340
5250
310
4370
5640
4710
6090
5740
5020
6890
5190
5330
330
4440
4530
4700
4770
4880
5560
5130
5950
5370
320
4450
4980
5100
6450
4900
5070
4990
4790
5780
310
4370
4470
4670
5650
4780
5760
6480
5220
5670
310
4370
4490
4610
4950
4830
5430
6990
6340
6520
320
4390
4580
4600
5500
6230
6400
5090
5840
5260
350
5730
6210
5000
6220
4890
5120
5240
5270
5260
320
4530
4480
4900
4660
4770
4970
6790
6510
6120
310
4500
4640
4630
4820
4860
4990
5090
5240
5320
320
4430
4530
4630
4760
4870
5040
5140
5280
5330
320
4420
4530
4670
4750
4900
5040
5090
5210
5330
320
4450
4740
4660
4770
4860
4960
5050
5240
5350
320
4320
4430
4570
4680
5140
5710
6940
6790
5310
310
4360
5510
5960
6110
5460
5190
5030
5240
5780
320
4460
4480
4590
4940
6140
5170
5040
5130
5380
320
4470
6120
4870
4730
5580
4960
5080
5200
5330
310
4430
4530
4630
5330
6440
5000
5060
5170
6700
430
5550
5840
5960
5140
6650
4980
5060
5120
5290
320
4560
5220
5790
4710
4820
6430
6680
6030
5240
310
4320
4480
4650
4740
4850
5330
5010
5210
5340
310
4410
4520
4620
5040
4880
4960
5040
5180
7010
450
4370
5950
5110
4790
5670
6060
6980
5360
4540
320
4440
4560
4670
4790
4890
5010
5130
5250
5350
320
4440
4540
4690
4760
4890
5000
5110
5230
5340
320
4440
4550
4670
4770
4890
5000
5140
5300
6830
320
4430
4620
4680
4770
4880
5000
5210
5230
5350
320
4430
4540
4660
4800
4870
4990
5110
5230
5340
320
4440
4530
4620
5140
4830
4880
5050
5170
5360
310
3870
4000
4600
4720
4770
4930
5050
5520
6890
440
6080
6210
6060
4760
4890
4980
5120
5120
5240
320
5620
6210
5900
4730
4830
4940
5060
5120
5550
320
5130
5100
4620
5360
4920
5060
5120
5290
5400
320
4440
4550
5540
4730
4830
5410
5190
5270
5430
320
4490
4720
4690
4830
4960
5110
5190
5370
6130
320
4570
4940
4870
4840
4960
5070
5170
5310
5460
310
4500
4600
4760
4850
5260
5190
5140
5360
5850
330
5560
4760
5090
5460
5050
5120
5360
6110
5660
340
