2.014688 2.078262
1.911653 1.826155
1.852488 1.688816
1.876087 1.519480
1.889585 1.405829
1.923938 1.337985
2.050020 1.233217
2.121854 1.260848
2.149557 1.271989
2.277143 1.376358
2.447702 1.594249
2.633996 1.784130
2.934349 1.975174
3.175506 2.057518
3.430396 2.270615
3.668934 2.424117
3.853105 2.446222
3.888522 2.450760
3.930048 2.489156
3.875367 2.487354
3.712094 2.314446
3.355722 1.922136
2.935561 1.618313
2.648966 1.428805
2.444779 1.348865
2.352911 1.392535
2.242271 1.303806
2.141132 1.216309
2.145803 1.227703
2.063249 1.178724
2.127174 1.174836
2.229081 1.165600
2.276217 1.196218
2.312470 1.272919
2.419287 1.424250
2.546481 1.562212
2.791497 1.832493
2.958916 2.023153
3.042915 2.088829
2.990543 2.076803
2.758833 1.835494
2.414661 1.554591
2.049409 1.341412
1.846198 1.305045
1.807810 1.339202
1.878788 1.396944
1.960035 1.529891
2.148510 1.643210
2.366657 1.835563
2.623816 2.090166
2.887363 2.349498
3.248111 2.682727
3.626261 3.061922
4.052275 3.434581
4.492564 3.823643
4.923065 4.181695
5.228305 4.431671
5.407587 4.617230
5.427699 4.599766
5.286201 4.516821
5.070438 4.227578
4.799577 3.874487
4.440703 3.576096
4.075486 3.237429
3.732284 2.918425
3.418170 2.685863
3.156386 2.330356
2.835320 1.947739
2.515725 1.865967
2.459765 1.809860
2.319827 1.811075
2.239884 1.809218
2.230005 1.858040
2.291219 1.952479
2.408138 2.044669
2.409513 2.041135
2.526197 2.087808
2.727239 2.230773
2.993450 2.488750
3.329623 2.838005
3.638043 3.101206
3.993664 3.285534
4.367234 3.549625
4.671065 3.795360
5.133512 4.012949
5.410033 4.193088
5.710045 4.398103
6.019094 4.747826
6.428166 5.103426
6.738373 5.528498
7.025331 6.087898
7.384966 6.550363
7.682039 6.909185
8.036906 7.319864
8.397897 7.684212
8.748182 8.015687
9.081452 8.410525
9.403504 8.680276
9.652217 9.006894
9.796255 9.158663
9.816061 9.248372
9.406304 8.936740
9.063309 8.553259
8.666444 8.003144
8.042078 7.484219
7.650197 6.938613
7.124851 6.376036
6.871842 6.145677
6.814262 6.024369
6.745540 6.051037
6.817667 6.131221
6.535361 5.820104
6.072041 5.230252
5.771528 4.604938
5.429422 4.243629
5.109887 3.890189
4.965583 3.804769
4.766673 3.661849
4.722429 3.579265
4.655130 3.480143
4.459409 3.452839
4.257149 3.277681
4.052598 3.263542
3.883328 2.868141
3.757461 2.949071
3.808745 2.935365
3.858958 3.053840
3.737534 2.967676
3.642020 2.805638
3.379772 2.623639
3.144113 2.349110
2.868641 2.121989
2.736559 1.948599
2.648440 1.828876
2.572881 1.910582
2.601808 1.974946
2.740517 2.116192
2.799375 2.148090
2.920541 2.352274
3.116499 2.441033
3.372100 2.628320
3.571156 2.895243
3.922352 3.198566
4.319341 3.606817
4.665175 3.956787
4.886684 4.219618
4.868895 4.221203
4.746640 4.002492
4.458483 3.688480
4.214308 3.369097
3.916540 2.988398
3.708866 2.752228
3.484234 2.424664
3.369423 2.326580
3.164129 2.259835
3.093028 2.210583
2.974895 2.281864
2.976002 2.167067
2.998780 2.236730
3.064240 2.396627
3.171778 2.603626
3.233611 2.692798
3.227423 2.628191
3.020309 2.479743
2.744145 2.269267
2.467969 2.114531
2.272222 1.996212
2.238669 2.017655
2.314916 1.977699
2.438478 2.050734
2.557013 2.167917
2.720978 2.252135
2.894994 2.292323
3.055521 2.437728
3.311952 2.655632
3.672657 3.053118
4.121420 3.547382
4.453361 3.998406
4.646408 4.259991
4.696778 4.242521
4.535909 4.098646
4.271627 3.851647
4.020007 3.541532
3.915440 3.375642
3.848588 3.202168
3.732907 3.117883
3.731661 2.882207
3.708918 2.811758
3.544282 2.825640
3.387731 2.781367
3.225665 2.679248
3.014133 2.583808
3.006037 2.572135
3.075570 2.404112
3.187551 2.451728
3.362269 2.539197
3.414146 2.687797
3.624932 2.848608
3.808382 2.986873
3.891396 3.047078
3.989030 3.113913
4.014620 3.078072
3.996052 3.220207
3.989722 3.277550
3.965384 3.335730
4.124760 3.479663
4.261987 3.637526
4.466276 3.742754
4.668562 3.845130
4.802419 4.160650
5.027881 4.313188
5.179515 4.448731
5.281903 4.639312
5.368512 4.794859
5.329670 4.861347
5.410963 4.935447
5.488688 4.935025
5.605319 5.062535
5.479203 5.209227
5.496173 5.261253
5.487463 5.223461
5.526123 5.092118
5.477970 5.095513
5.514667 4.997755
5.550110 4.990378
5.547115 4.928866
5.451977 4.802213
5.490190 4.787473
5.574818 4.686963
5.658393 4.437952
5.785329 4.413826
5.800246 4.326662
5.704414 4.172940
5.774486 4.155599
5.629999 4.144244
5.598246 4.158337
5.584669 4.045929
5.571600 4.127776
5.536109 4.178763
5.552223 4.207858
5.655002 4.358792
5.705891 4.401823
5.671646 4.373149
5.637122 4.333328
5.498633 4.291526
5.248337 4.104827
4.926418 3.855539
4.599144 3.584448
4.320116 3.406872
4.016755 3.275591
3.886369 3.217066
3.673732 3.013182
3.509185 2.930487
3.376599 2.868022
3.297803 2.796767
3.220085 2.755788
3.174221 2.732984
3.144490 2.873020
3.153700 2.904013
3.313070 3.066971
3.454569 3.245203
3.578638 3.334894
3.718982 3.458455
3.885965 3.560443
3.909499 3.650165
4.017733 3.817381
4.048212 3.916534
4.188733 4.063870
4.243038 4.161872
4.274475 4.227504
4.434390 4.351701
4.455879 4.422948
4.454693 4.335160
4.508739 4.333019
4.545261 4.455454
4.524470 4.534752
4.602237 4.573903
4.567414 4.649706
4.493996 4.715291
4.515943 4.763536
4.525898 4.625517
4.416344 4.609903
4.452405 4.564448
4.498650 4.674114
4.576889 4.760238
4.737459 4.769667
4.841436 4.921025
5.019652 4.972385
5.221906 5.055360
5.338022 5.187056
5.464163 5.235273
5.661400 5.301163
5.709870 5.351970
5.889465 5.319460
6.132523 5.508061
6.183103 5.475486
6.175719 5.463835
5.953340 5.239950
5.662946 5.007584
5.298584 4.845360
5.096488 4.635599
4.977797 4.365878
4.824479 4.250258
4.718264 4.063694
4.471093 3.902387
4.282731 3.791273
4.266144 3.716299
4.165915 3.764305
4.106308 3.823309
4.043600 3.827745
4.073708 3.858991
3.964799 3.714301
3.752259 3.535125
3.605430 3.473743
3.536608 3.473329
3.502527 3.581880
3.495381 3.592147
3.488368 3.681065
3.507939 3.722473
3.601337 3.766898
3.568978 3.883414
3.662256 3.863893
3.766082 3.854699
3.848306 3.783822
3.978122 3.837718
4.077925 3.862110
4.215764 3.938580
4.141082 4.029656
4.186717 4.025329
4.300252 4.117274
4.432919 4.209612
4.431606 4.126513
4.373734 4.013363
4.457738 3.948429
4.467373 3.987844
4.423094 4.039675
4.432748 4.090244
4.484474 4.112998
4.398509 4.035159
4.382719 4.072052
4.463336 4.076389
4.461316 3.888425
4.305472 3.813146
4.290027 3.797880
4.256042 3.718997
4.131516 3.844978
4.224850 3.890711
4.231390 4.001869
4.317817 3.921556
4.351938 4.003518
4.426588 4.089791
4.287582 4.116870
4.136186 3.860478
3.813663 3.469477
3.489297 3.174040
3.262982 2.795506
3.090224 2.623637
3.042698 2.548519
2.903332 2.533891
2.885346 2.490324
2.901920 2.530032
2.836723 2.453788
2.792450 2.555077
2.772517 2.474298
2.708330 2.460784
2.721631 2.498459
2.799385 2.603699
2.936115 2.804419
3.123145 2.992212
3.263515 3.087036
3.397653 3.300203
3.484654 3.518671
3.569727 3.680479
3.570724 3.844101
3.539133 3.943205
3.534457 4.054636
3.528761 4.184356
3.581614 4.289234
3.490605 4.191795
3.270298 4.024618
3.151464 3.902931
2.949314 3.637259
2.846569 3.446937
2.782391 3.255199
2.744017 3.190302
2.729500 3.002023
2.677491 2.989272
2.738929 2.881308
2.774497 2.911921
2.762185 2.912292
2.741373 2.972059
2.830826 3.060001
2.809477 3.164885
2.913188 3.243911
3.028090 3.405425
3.200774 3.537728
3.404526 3.655780
3.545999 3.831650
3.747885 3.992192
3.919145 4.203480
4.089294 4.423010
4.274764 4.568357
4.415953 4.736154
4.455754 4.898596
4.546697 4.982908
4.675297 5.192609
4.903463 5.271306
5.038569 5.407940
5.293072 5.607003
5.477136 5.666663
5.638249 5.773671
5.518589 5.817774
5.365436 5.794942
5.024956 5.635533
4.731578 5.310151
4.325395 5.151397
4.055246 4.912518
3.882208 4.742156
3.857409 4.579667
3.727310 4.332119
3.624335 4.054590
