2.016933 2.088878
1.916339 1.973364
1.855620 1.855219
1.842663 1.689482
1.980116 1.606650
2.158769 1.641496
2.251260 1.686114
2.418747 1.749374
2.662747 1.845592
2.871779 1.929625
3.088887 2.103992
3.285746 2.082605
3.422644 2.101311
3.612351 2.075129
3.767234 2.092020
3.958662 2.177360
4.237730 2.308620
4.444449 2.437144
4.451312 2.483247
4.390152 2.331417
4.198385 2.099730
3.883788 1.885724
3.606267 1.670796
3.349352 1.636520
3.051712 1.658535
2.787106 1.626476
2.700014 1.660105
2.571626 1.710673
2.399688 1.647691
2.342012 1.512711
2.485884 1.608963
2.408991 1.590707
2.383267 1.488005
2.396024 1.498038
2.513996 1.508300
2.526353 1.425682
2.600935 1.414989
2.603213 1.457889
2.623159 1.463583
2.501038 1.451086
2.336697 1.431187
2.021543 1.277866
1.867948 1.259274
1.773027 1.263044
1.801518 1.339681
1.892431 1.455399
1.990592 1.558285
2.156140 1.670742
2.260806 1.797376
2.378928 1.910062
2.594562 1.968066
2.632295 1.814981
2.658973 1.735724
2.831109 1.479257
3.048108 1.450583
3.232165 1.467743
3.406385 1.512996
3.420454 1.533444
3.208670 1.474995
3.025361 1.453118
2.895670 1.478762
2.592299 1.451651
2.447907 1.507246
2.406972 1.463339
2.479555 1.577999
2.618580 1.697221
2.798150 1.956216
2.948671 2.064696
3.078334 2.056719
2.918228 1.959312
3.049806 2.119213
2.716526 1.711449
2.618061 1.469584
2.586305 1.461093
2.483789 1.304411
2.458674 1.256686
2.483202 1.262085
2.622413 1.376341
2.796942 1.622151
3.005262 1.771606
3.173259 1.960117
3.275127 1.831445
3.369837 1.737285
3.383168 1.616349
3.444134 1.592241
3.473494 1.545718
3.531922 1.626166
3.665802 1.752611
3.825024 1.826571
4.052579 1.975777
4.231334 2.177858
4.284585 2.198935
4.324581 2.191403
4.237712 2.203554
4.359814 2.257066
4.561272 2.315401
4.706396 2.453942
4.895013 2.595108
5.093791 2.674757
5.128630 2.716557
5.113767 2.621762
4.824013 2.459931
4.478519 2.188894
4.168132 2.072206
4.087706 2.151237
3.940297 2.211290
3.813659 2.378998
3.699829 2.622947
3.633265 2.865069
3.577270 3.097296
3.613769 3.162063
3.356872 3.068906
3.018494 2.808532
2.769443 2.543435
2.766651 2.412345
2.732711 2.221032
2.758321 2.131569
2.821987 2.129932
3.032247 2.154229
3.261049 2.280131
3.560180 2.502442
3.746083 2.621156
3.786145 2.770966
3.913468 2.977606
4.115862 3.131965
4.359903 3.402442
4.541338 3.605591
4.487936 3.630276
4.431816 3.495694
4.144201 3.228885
3.908060 2.968338
3.674541 2.761214
3.560225 2.673202
3.321196 2.556556
3.215035 2.530558
3.200580 2.597896
3.279131 2.675223
3.347502 2.762249
3.519587 2.937857
3.744329 3.170023
4.046110 3.400934
4.153962 3.518133
4.066601 3.639379
3.952115 3.810452
3.876455 3.868099
3.844892 3.851646
3.430254 3.606499
3.058969 3.321618
2.766867 3.088332
2.532130 2.837112
2.586389 2.808240
2.557472 2.636200
2.594465 2.604679
2.809703 2.498437
2.987723 2.543478
3.191860 2.683771
3.441343 2.862354
3.759351 3.070647
4.102453 3.281650
4.507505 3.455563
4.788442 3.707082
4.845115 3.841426
4.611841 3.792935
4.447963 3.618813
4.182688 3.396934
3.788971 3.143587
3.486577 3.011780
3.377338 2.927544
3.301382 2.880120
3.405692 2.881340
3.431812 3.038016
3.445747 3.179416
3.451056 3.253485
3.593959 3.346996
3.596038 3.359936
3.852007 3.575465
4.071592 3.733491
4.143846 3.848479
4.011685 3.854585
3.773629 3.723130
3.692655 3.477528
3.420976 3.094823
3.201053 2.905907
3.084572 2.794955
3.015353 2.648964
3.049347 2.639268
3.171603 2.738199
3.335533 2.888071
3.648846 3.029372
3.902180 3.204094
4.272450 3.493697
4.304822 3.559986
4.374701 3.664589
4.560279 3.803997
4.720346 3.984065
4.899491 4.184986
5.066160 4.360704
5.219207 4.573372
5.453600 4.752246
5.485303 4.875935
5.725349 4.880908
5.819896 4.959102
5.919644 4.948201
5.819188 4.849881
5.954362 4.784493
5.979378 4.764247
6.065126 4.665742
6.178300 4.672507
6.257654 4.719901
6.452506 4.884954
6.695793 5.116006
6.719660 4.906765
6.613916 4.875667
6.761436 5.016042
6.917884 5.058910
6.936669 5.148129
6.984464 5.091127
7.108338 5.261415
7.210811 5.328241
7.437658 5.388587
7.600146 5.424775
7.583798 5.477279
7.568456 5.416644
7.400234 5.281941
7.357510 5.237567
7.218927 5.280874
7.298772 5.312298
7.308383 5.346255
7.095069 5.399198
7.215076 5.514554
7.303333 5.511552
7.199129 5.542221
7.338190 5.682672
7.431189 5.741452
7.487150 5.801975
7.464131 5.897104
7.497474 5.926974
7.533154 6.009880
7.612423 6.186776
7.703156 6.376652
7.835230 6.578542
7.869130 6.764608
7.978027 6.688427
7.877839 6.729355
7.901118 6.582092
7.824808 6.264507
7.610905 6.084528
7.455247 5.892727
7.197268 5.716901
6.999167 5.581828
6.965509 5.556233
6.705658 5.418431
6.635128 5.308886
6.398197 5.139005
6.328643 4.985606
6.153482 4.971497
6.018349 4.960912
6.044307 4.782588
6.180894 4.754965
6.230046 4.776527
6.360823 5.009072
6.446510 5.185171
6.466573 5.372780
6.432917 5.415021
6.443017 5.614611
6.499937 5.824764
6.657814 5.956689
6.620151 6.070095
6.730568 6.285142
6.926611 6.465614
7.156409 6.669834
7.222885 6.790914
7.333228 6.948907
7.327733 7.029987
7.292586 7.258519
7.402499 7.395128
7.554990 7.449372
7.772177 7.633069
8.007457 7.852737
8.252895 8.074485
8.495279 8.141473
8.774853 8.325126
9.071356 8.456509
9.281562 8.571100
9.504446 8.758039
9.577673 8.820461
9.692935 8.927876
9.870547 9.054649
9.951932 9.148883
10.089477 9.196695
10.322315 9.366420
10.533842 9.517956
10.659007 9.684210
10.765830 9.864588
10.958104 10.023321
10.819447 9.975017
10.820106 9.847220
10.592853 9.596506
10.424589 9.348572
10.180538 8.969940
9.963942 8.700435
9.723176 8.496465
9.475006 8.204176
9.397181 7.960933
9.088920 7.786956
8.935684 7.657882
8.802332 7.674628
8.724843 7.428033
8.484485 7.444871
8.177639 7.387830
8.158442 7.299416
7.927577 7.263808
7.659942 7.308450
7.611867 7.331503
7.628137 7.355004
7.551852 7.248620
7.426704 6.997456
7.458884 6.970630
7.530399 7.024278
7.600909 7.212199
7.671542 7.283538
7.326316 7.168072
6.893695 7.018695
6.845292 6.927172
6.799522 6.804009
6.931882 6.626544
6.913959 6.380916
7.072904 6.449118
7.104161 6.355468
7.004844 6.287560
7.215430 6.460198
6.824650 6.309281
6.603728 6.121717
6.493940 6.203173
6.349752 6.176622
6.371273 6.213063
6.364397 6.243946
6.517765 6.225364
6.679264 6.390122
6.897643 6.630935
7.125016 6.880068
7.250503 6.999251
7.341564 7.072307
7.484870 7.177882
7.559958 7.165921
7.492122 7.159140
7.575227 7.280876
7.635181 7.432729
7.648063 7.539009
7.740445 7.663706
7.908795 7.772746
7.867649 7.775331
7.814018 7.539555
7.633752 7.398584
7.484859 7.140376
7.242247 6.917081
6.988619 6.574808
6.927887 6.379829
6.856069 6.160625
6.657295 5.936772
6.637303 5.809274
6.485822 5.570131
6.439513 5.470427
6.462187 5.480250
6.473921 5.303331
6.572461 5.347808
6.780084 5.477226
7.010819 5.682943
7.124564 5.932688
7.356439 6.168110
7.591020 6.368475
7.581738 6.217789
7.163376 6.079514
6.907964 5.851844
6.742449 5.763591
6.570050 5.647023
6.530282 5.587562
6.432003 5.745936
6.312876 5.546124
6.126317 5.326034
5.994508 5.284670
5.539432 5.041584
5.209913 4.738168
4.995753 4.522044
4.872463 4.461939
4.853796 4.428363
4.897451 4.400347
5.019589 4.277102
5.131435 4.385226
5.165585 4.482285
5.376916 4.677596
5.468322 4.730813
5.523429 4.887391
5.603989 4.984371
5.694726 5.056258
5.903539 5.100778
6.083081 5.255213
6.262285 5.464434
6.340877 5.654168
6.509953 5.718015
6.745665 5.975585
6.939491 6.197391
7.098626 6.327312
7.158296 6.506898
7.277482 6.718452
7.351429 6.944548
7.465718 7.204156
7.514190 7.427382
7.645777 7.507363
7.771075 7.476031
7.983173 7.639461
8.086676 7.829334
7.914381 7.819850
7.779869 7.730334
7.582311 7.515623
7.352841 7.257256
7.097320 7.117785
6.597501 6.988232
6.480674 6.860878
6.525145 6.861328
6.545818 6.895248
