2.061200 2.112428
2.148135 2.149176
2.286196 2.196380
2.481701 2.233825
2.721661 2.294025
2.959902 2.375220
3.231702 2.509015
3.514831 2.682305
3.810934 2.884320
4.097830 3.106566
4.157984 3.043308
4.241624 3.083140
4.476617 3.040475
4.614227 3.007275
4.767800 3.030860
4.816544 3.041867
4.952645 3.212773
4.929085 3.386468
4.885129 3.351019
4.617680 3.148175
3.957180 2.667778
3.559233 2.200185
3.163957 1.970418
2.899241 1.928060
2.794529 1.868543
2.676478 1.877646
2.567042 1.979478
2.533125 2.064139
2.564313 2.225506
2.627429 2.353669
2.735495 2.487134
2.879204 2.549616
3.011710 2.587057
2.912762 2.615249
2.880975 2.554682
2.784517 2.576442
2.832374 2.509475
2.834839 2.431136
2.710849 2.141808
2.361608 1.892406
1.986592 1.470877
1.808128 1.420628
1.748347 1.452233
1.858900 1.582447
1.953064 1.675626
2.081275 1.820871
2.314594 1.896799
2.374327 1.947870
2.422360 1.855715
2.477029 1.886981
2.440055 1.738884
2.337222 1.505609
2.353400 1.464049
2.319145 1.376894
2.386029 1.399992
2.444920 1.432570
2.271233 1.364897
2.144407 1.450543
1.971684 1.442290
1.848920 1.381805
1.677132 1.291047
1.589480 1.315520
1.588190 1.366137
1.608746 1.397153
1.670815 1.505721
1.794705 1.648907
1.911665 1.877902
2.077662 2.061268
2.195159 2.232712
2.339648 2.475343
2.412299 2.638192
2.350774 2.483430
2.255857 2.142927
2.109178 1.973926
2.061684 1.856529
1.911822 1.494658
1.818824 1.264882
1.739294 1.357273
1.767554 1.573276
1.753816 1.827356
1.774256 1.949356
1.881779 2.118111
2.056785 2.315396
2.273096 2.508710
2.502816 2.592027
2.633059 2.353471
2.655303 2.199550
2.636011 2.034913
2.572189 1.774770
2.407519 1.706501
2.311585 1.583827
2.210160 1.433316
2.133036 1.421376
2.141419 1.441332
2.127514 1.424847
2.278114 1.492389
2.502509 1.618251
2.755573 1.807624
2.962012 1.996830
3.051639 2.119779
3.046583 2.102560
2.798638 1.993381
2.459157 1.812166
2.139596 1.640972
1.863210 1.490626
1.813373 1.367526
1.846462 1.393067
1.865241 1.479797
1.972165 1.500102
2.052332 1.488618
1.995398 1.406377
1.798903 1.181834
1.544715 0.996438
1.327191 0.979995
1.279177 1.041846
1.352416 1.144245
1.581629 1.329030
1.772076 1.518064
2.059572 1.635905
2.350332 1.755699
2.545433 1.900283
2.775697 1.972528
2.906642 2.041794
3.085898 2.054963
3.128119 2.159023
3.085820 2.222567
2.756078 2.144770
2.424649 1.893635
2.029445 1.686202
1.755949 1.393377
1.529053 1.265394
1.622606 1.306853
1.807805 1.396228
1.997251 1.456461
2.255716 1.652870
2.470762 1.847393
2.620156 1.977528
2.787716 2.033867
2.915165 2.060155
3.024207 2.036306
3.091706 2.003078
3.099345 1.991325
3.018257 1.985805
2.716448 1.886269
2.449048 1.735327
2.063679 1.543976
1.760184 1.226580
1.542954 1.019272
1.387740 0.991488
1.426692 1.167825
1.579482 1.374636
1.708495 1.538956
1.868028 1.733459
2.025724 1.928736
2.218309 1.995512
2.361323 2.106233
2.520958 2.165620
2.542447 2.198936
2.729761 2.215188
2.808601 2.102137
2.891487 2.115856
2.943120 2.072600
2.799839 2.053456
2.463079 1.939984
2.040546 1.729905
1.731170 1.581374
1.602733 1.536937
1.557166 1.649340
1.670010 1.754465
1.758006 1.822572
1.885543 1.894743
2.146769 1.983775
2.348856 1.932365
2.430721 1.935828
2.485887 1.901665
2.394395 1.867061
2.322857 1.862184
2.284722 1.837330
2.143235 1.656006
1.876146 1.432631
1.697873 1.253673
1.561139 1.203057
1.536256 1.239842
1.511552 1.363332
1.619172 1.441672
1.772912 1.602799
2.029348 1.653464
2.229286 1.660930
2.308008 1.706047
2.515196 1.831250
2.561112 1.945645
2.641973 1.935518
2.710456 2.025711
2.915403 2.150282
2.927182 2.278375
2.896267 2.204871
2.676272 2.024245
2.422960 1.892594
2.367478 2.016982
2.424416 2.193283
2.502470 2.487879
2.692257 2.816889
2.772008 3.174350
2.866729 3.453288
2.952654 3.648120
2.929815 3.718182
2.940762 3.802904
2.881943 3.709991
2.691361 3.623378
2.670834 3.743833
2.796209 3.972475
2.887550 4.315171
3.112321 4.765071
3.355126 5.109026
3.666774 5.639646
4.066147 5.985902
4.307267 6.475067
4.544092 6.901728
4.817954 7.406019
4.993212 7.854529
5.238207 8.116839
5.548849 8.415582
5.830657 8.698943
6.115566 8.899744
6.390186 9.051027
6.607219 9.213323
6.907121 9.421442
7.043194 9.666454
7.290243 9.899411
7.527111 10.110101
7.769213 10.355603
8.014658 10.523030
8.252581 10.669910
8.505535 10.834491
8.752157 11.011045
8.975458 11.198852
9.153299 11.328915
9.374756 11.387742
9.502267 11.486166
9.587677 11.396289
9.713313 11.010447
9.530919 10.425228
9.041462 9.610263
7.824319 8.438570
6.232933 6.451453
4.426907 4.828062
3.294182 2.904301
2.016480 2.244282
1.766498 1.557966
1.724085 1.664527
1.616384 1.721722
1.798764 1.855581
1.982603 1.915811
2.210843 2.038791
2.520082 2.170435
2.820890 2.190687
3.109507 2.340964
3.358223 2.394918
3.633672 2.478196
3.761105 2.613705
3.935549 2.814194
4.110657 3.024865
4.416996 3.148913
4.745230 3.309411
5.021401 3.393703
5.248341 3.517389
5.615995 3.638906
5.778228 3.768161
6.047307 3.960299
6.290466 4.130400
6.558948 4.196555
6.805983 4.401125
7.069944 4.640086
7.342204 4.760496
7.576017 4.997385
7.847303 5.161020
8.103118 5.404502
8.345136 5.661835
8.588974 5.913395
8.796010 6.197997
8.981256 6.479827
9.153059 6.755541
9.240586 7.001563
9.230397 7.400081
9.071873 7.753915
8.265384 7.737616
7.304193 7.027056
5.859491 5.569527
4.539962 4.077407
3.423842 2.814608
2.822841 2.701153
2.449488 1.519013
2.335936 1.462643
2.240469 1.490632
2.165741 1.415362
2.037427 1.378884
1.835819 1.229668
1.705285 1.178530
1.445318 1.183883
1.349821 1.263365
1.398808 1.391209
1.462735 1.546084
1.596429 1.743918
1.751431 1.889390
1.900361 1.968178
2.090538 1.972588
2.222224 2.033001
2.348392 2.065500
2.383351 2.054293
2.410255 1.897881
2.479651 1.712080
2.439781 1.580198
2.391615 1.502907
2.414884 1.512719
2.544286 1.572686
2.652700 1.658978
2.772273 1.783257
2.944599 1.974879
3.121736 2.091452
3.377025 2.219482
3.669199 2.238606
3.907763 2.414509
4.147249 2.435457
4.433166 2.474229
4.740806 2.570016
5.017482 2.614462
5.333049 2.759460
5.685204 2.916195
6.009783 3.089597
6.361230 3.279037
6.667061 3.432597
6.908254 3.535373
7.160117 3.550502
7.391155 3.698332
7.643329 3.888500
7.892918 4.092739
8.148178 4.291771
8.381577 4.502931
8.621123 4.762501
8.876703 5.025821
8.970222 5.318977
9.025199 5.605891
9.147551 5.924555
9.111901 6.257390
8.837603 6.582335
8.479947 6.786412
7.811284 6.760340
7.026282 6.197916
5.613564 5.415739
4.359957 4.485285
3.703897 3.867891
3.286410 3.153457
2.369624 2.405967
1.965345 1.922420
1.709827 1.757382
1.571422 1.618776
1.546257 1.303594
1.612945 1.325644
1.796907 1.428009
1.980268 1.530451
2.172443 1.668174
2.391665 1.815084
2.671254 1.874381
2.872311 1.772155
3.074346 1.804174
3.291556 1.874150
3.507547 1.941514
3.829801 2.075773
4.197151 2.276703
4.523623 2.534024
4.853260 2.773155
5.138798 2.907951
5.425031 3.043318
5.683314 3.199795
5.939288 3.536815
6.163926 3.813364
6.384450 3.985099
6.650264 4.363843
6.860331 4.538677
6.881121 4.636419
6.946007 4.720077
6.996814 4.872472
7.127369 5.016490
7.153128 5.138264
7.388045 5.269278
7.666782 5.423927
7.847163 5.595690
8.056151 5.727022
8.226419 5.925599
8.315104 6.093193
8.450215 6.172314
8.653323 6.338052
8.832804 6.472278
8.950907 6.633293
9.139098 6.744757
9.173381 6.855450
9.150848 7.106920
8.950045 7.193507
8.466783 6.949182
7.368405 6.455015
5.962129 5.562826
4.425566 4.324987
3.400648 3.476121
2.859675 2.876612
2.232461 2.300242
2.296216 2.314652
2.223342 1.920425
2.297261 1.988138
2.336026 2.017492
2.300549 1.288537
2.213219 1.251359
2.055130 1.221855
1.838517 1.182690
1.674540 1.177403
1.439933 1.159003
1.274368 1.118350
1.297124 1.108227
1.434148 1.239342
1.673472 1.423279
1.936557 1.658606
2.168933 1.872046
