3010
3000
2990
2980
3020
2990
2990
2980
2990
3090
3010
3030
3030
3030
3020
3020
3020
3020
3020
3130
3030
3010
3020
3020
3020
3040
3040
3020
3020
3130
3020
3010
3020
3030
3030
3020
3010
2830
2820
3130
3060
3010
3030
3020
3020
3040
3030
3020
3040
3160
3040
3020
3030
3040
3030
3040
3020
3030
3020
3140
3020
3060
3020
3030
3020
3040
3040
3020
3040
3140
3030
3030
3040
3050
3030
3040
3060
3030
3020
3170
3040
3030
3040
3040
3030
3050
3030
3020
3030
3140
3030
3020
3020
3050
3040
3040
3040
3040
3020
3140
3040
3070
3030
3040
3020
3030
3050
3030
3030
3160
3030
3030
3020
3030
3040
3040
3060
3030
3020
3150
3040
3030
3060
3040
3030
3050
3030
3060
3050
3300
3150
3430
2990
3030
3030
3020
2980
2950
2980
4360
3920
3880
4260
3080
2970
3020
3300
2950
3400
3060
2940
2950
2950
3090
2950
3000
2930
2950
2940
3050
2940
2940
2960
2960
2970
2940
2960
2940
3070
3070
3280
3870
2980
3040
3020
3670
3920
2990
3560
3810
4240
3300
3700
3310
2980
2950
3020
3010
3000
3180
3240
2990
3050
3020
3010
3020
3020
3020
3020
3130
3010
3030
2950
2980
2980
3490
3230
3520
3230
3860
3030
3260
3240
4300
3550
3460
4290
3660
3030
3260
4270
3500
3720
3350
3300
4300
3380
3020
3000
3660
4250
4260
3270
2960
3010
3880
3150
3020
3010
3130
3050
3030
3070
3020
3030
2960
2940
2980
2960
3060
3620
3020
3020
3000
3600
4290
3450
2950
2960
3070
2940
2970
2960
2990
2980
3070
3880
2980
2970
3150
3030
3030
3040
3030
2990
3020
2990
3420
3010
3600
2970
2990
3020
3030
2980
2980
3010
2980
2940
3600
3790
3760
4250
3830
3560
4160
3010
3680
4060
3050
2940
3650
3890
2940
2980
4040
2940
2960
3100
3670
3360
2940
2980
2990
2960
3110
3020
3000
3020
3130
3020
3010
3010
3020
3010
3040
3020
3010
3020
3140
3010
3110
3690
3010
3040
3020
3020
3010
3020
3140
3020
3020
2620
2840
3010
3040
3020
3020
3010
3120
3670
3230
3000
3020
3000
2970
3890
3130
3010
3070
3030
3020
2960
2970
3000
2970
2940
2970
3210
3980
3000
3050
3030
3020
3030
3530
3180
2950
2900
4090
3130
2990
3050
3050
3070
3060
3040
3040
2960
3070
2940
3810
3210
3010
3030
2950
2940
2940
2940
3090
2940
4020
3770
3030
3030
3040
3060
3020
2980
3130
3880
3000
3490
3230
3040
3050
3450
3020
3090
3420
3000
