60
130
150
160
190
220
210
240
280
390
520
520
540
520
530
530
540
520
530
530
530
530
530
530
530
540
520
530
530
530
540
530
530
540
530
540
520
530
530
530
540
530
520
530
530
530
530
520
540
530
530
530
530
530
520
530
530
530
520
530
540
530
530
530
530
540
530
530
530
530
530
540
530
530
540
530
530
540
530
530
530
530
530
520
530
530
520
530
530
530
540
530
530
540
520
530
530
530
530
530
540
530
530
530
530
530
540
530
520
540
530
530
530
520
540
530
520
530
520
530
530
530
530
530
530
530
520
550
530
530
540
530
520
530
530
530
520
530
540
540
530
530
540
530
520
540
530
540
530
530
540
530
530
540
520
540
530
530
530
540
530
530
530
530
540
530
530
540
530
540
530
530
540
530
530
540
530
530
540
530
540
530
530
530
540
530
520
530
540
530
540
530
540
530
530
530
520
540
530
530
540
530
540
530
540
530
530
530
540
520
540
540
530
530
520
530
530
530
530
530
550
530
520
540
530
530
530
540
540
530
530
540
520
540
530
530
530
530
530
530
540
540
530
530
540
530
530
530
530
530
530
540
530
540
530
530
540
530
530
520
540
540
530
530
530
530
520
530
530
540
530
540
530
530
530
530
530
520
530
530
530
540
540
530
530
530
530
540
530
540
540
530
530
530
540
540
530
530
530
540
540
530
530
530
530
540
530
540
530
540
540
530
530
530
530
540
530
530
530
530
540
530
540
520
530
530
540
530
540
530
540
520
530
530
540
530
530
530
530
520
530
530
530
520
540
530
520
540
530
530
530
540
530
530
540
530
540
520
540
530
530
520
530
540
530
530
530
370
340
340
430
340
400
490
520
540
540
520
530
540
530
540
530
530
540
530
540
540
530
540
550
530
540
530
530
540
540
530
540
530
550
530
530
530
530
530
530
530
540
530
530
540
530
540
530
530
540
530
540
530
530
