2.037050 2.067232
2.066797 1.964352
2.040839 1.794934
2.158107 1.703415
2.332694 1.652795
2.532950 1.609119
2.738529 1.646883
3.077397 1.775777
3.456505 1.957071
3.814212 2.035305
4.223264 2.306225
4.414990 2.209357
4.496767 2.229598
4.434006 1.931512
4.499077 1.869664
4.631731 1.927042
4.820783 2.045455
4.939662 2.164812
4.904860 2.304208
4.690035 2.288473
4.511257 2.197611
4.039676 1.873386
3.742616 1.664524
3.585082 1.527648
3.411157 1.451473
3.216543 1.362008
3.079428 1.501426
3.097624 1.703370
3.239945 1.955579
3.335165 2.283460
3.654394 2.681020
3.746474 2.984643
3.842181 3.136663
3.734224 3.220357
3.574425 3.273439
3.448205 3.043502
3.427189 2.878993
3.383308 2.749031
3.119816 2.065573
2.945674 1.882385
2.729654 1.740969
2.510200 1.594892
2.384736 1.437431
2.330239 1.429616
2.438351 1.464016
2.544894 1.652109
2.719230 1.753858
2.968491 1.960403
3.088830 2.123297
3.151757 2.107505
3.366276 2.364411
3.304623 2.041933
3.260874 1.555599
3.211279 1.323238
3.206438 1.257993
3.300102 1.366827
3.331711 1.442343
3.266416 1.606087
3.092178 1.627575
2.751673 1.467431
2.568766 1.438504
2.385421 1.377933
2.285108 1.428492
2.288968 1.531929
2.386347 1.659553
2.486062 1.835815
2.700532 2.062737
2.898445 2.369548
2.985911 2.460430
2.931055 2.453753
3.114306 2.533690
3.057759 2.191190
3.058445 2.025168
3.097891 1.602329
3.145535 1.533126
3.147906 1.269823
3.022965 1.235238
2.959873 1.375560
2.900735 1.503400
2.998297 1.545256
3.125661 1.885859
3.097500 1.885632
3.015773 1.801509
3.107114 1.800434
3.071736 1.757527
3.024458 1.603893
3.124810 1.614324
3.343833 1.716636
3.508578 1.851558
3.855996 1.943743
4.112797 2.262918
4.389055 2.315835
4.632025 2.214874
4.834437 2.204601
5.027157 2.135377
5.097374 2.189804
5.262258 2.132569
5.347536 2.191243
5.505253 2.122518
5.401779 2.083499
5.247107 2.109729
5.014973 1.860079
4.578271 1.729288
4.112144 1.579715
3.830228 1.538040
3.564265 1.516562
3.521075 1.583907
3.604355 1.598336
3.791789 1.707375
3.769812 1.678785
3.698950 1.807154
3.482642 1.607476
3.251525 1.403716
3.023546 1.294155
2.877129 1.309059
2.754328 1.350043
2.699103 1.451318
2.697993 1.490253
2.790935 1.559530
2.844778 1.656709
3.090352 1.915107
3.149514 1.899656
3.334396 1.904452
3.459558 1.910565
3.379807 1.877041
3.292758 1.887657
3.227906 1.652351
3.027359 1.547888
2.720138 1.437064
2.431164 1.386884
2.298964 1.398152
2.268923 1.389937
2.344621 1.423917
2.422600 1.400066
2.525498 1.351504
2.611765 1.347860
2.650575 1.414780
2.740192 1.326788
2.920231 1.286587
3.188633 1.291029
3.429698 1.487907
3.753015 1.510364
3.932322 1.618578
4.180092 1.690531
4.259126 1.651911
4.315040 1.631124
4.121480 1.509680
3.881366 1.323263
3.570289 1.224868
3.375023 1.264978
3.284711 1.490789
3.183776 1.565360
3.058261 1.627257
3.014206 1.648829
3.051195 1.686015
3.204444 1.711570
3.233412 1.675513
3.348435 1.761252
3.456797 1.834140
3.517551 1.780613
3.709695 1.920798
3.567825 1.731501
3.314143 1.583305
3.008634 1.449686
2.688930 1.331316
2.529612 1.308849
2.469211 1.375228
2.498267 1.395218
2.559580 1.447510
2.629420 1.303795
2.845785 1.441852
2.897495 1.341326
2.951018 1.354093
3.069090 1.356655
3.330147 1.325250
3.482198 1.289303
3.683953 1.367259
3.758453 1.482210
3.693431 1.548970
3.558966 1.497392
3.495019 1.581045
3.348020 1.522780
3.378338 1.480074
3.325025 1.497343
3.258090 1.476994
3.198503 1.525230
3.141515 1.611033
3.170637 1.635364
3.290307 1.697347
3.392254 1.693716
3.700749 1.912374
3.812513 1.858291
4.027481 1.870499
4.188235 1.940322
4.265026 2.013118
4.256278 1.964683
4.015510 1.868924
3.905441 1.855687
3.922151 1.881826
3.934898 1.948264
4.067645 2.089560
4.026939 2.172614
4.077926 2.264010
4.119173 2.295359
4.135545 2.341201
4.156379 2.427352
4.232506 2.513381
4.304719 2.530172
4.267496 2.604264
4.190945 2.620231
4.408200 2.935799
4.482645 2.796620
4.635955 2.701143
4.704499 2.444680
4.673885 2.321360
4.721836 2.299163
4.766885 2.299997
4.749502 2.294718
4.762345 2.287752
4.837140 2.421880
5.027289 2.674944
5.070783 2.540086
4.991107 2.408869
5.072211 2.349561
5.029989 2.295478
5.078963 2.218793
5.096544 2.185736
5.128345 2.310016
5.265944 2.411294
5.214907 2.490177
5.318533 2.823865
5.369783 2.741556
5.260357 2.737972
5.110023 2.667990
5.069796 2.657615
4.977655 2.706309
4.851744 2.690824
4.681885 2.633129
4.593918 2.547292
4.403567 2.329229
4.579267 2.487086
4.344647 2.205258
4.181153 2.053738
4.008652 1.703113
3.833352 1.545018
4.037379 1.583545
4.203774 1.640079
4.212065 1.526867
4.219884 1.352825
4.192650 1.485123
4.294694 1.801653
4.197837 1.864277
4.088332 1.842559
3.940117 1.938471
3.899563 1.974539
3.823238 2.067554
3.821348 2.197830
3.726286 2.241086
3.587188 2.301489
3.582660 2.346731
3.830728 2.715988
3.967956 2.511354
4.037007 2.189277
4.066879 1.990914
4.151011 1.957869
4.299069 1.936778
4.326762 1.974305
4.320238 2.004568
4.322958 2.052346
4.368992 2.128890
4.505031 2.432106
4.564662 2.375464
4.746364 2.345717
4.939421 2.093593
5.179955 2.025349
5.594750 2.018125
5.866188 2.067954
6.095285 2.095373
6.353847 2.142745
6.643623 2.254282
6.948767 2.481138
7.062952 2.484842
7.195404 2.470733
7.094289 2.459860
6.797494 2.411022
6.347528 2.260391
5.891749 2.301085
5.652093 2.303702
5.408722 2.339643
4.962131 2.352856
4.965451 2.543170
4.540981 2.412635
4.176401 2.298896
3.993820 2.262059
3.909887 2.286361
3.771159 2.098287
3.535392 2.096122
3.238846 2.149436
3.056566 2.047041
2.934682 1.891625
3.024343 1.880070
2.945429 1.874926
2.934063 1.778386
2.815646 1.863057
2.808900 1.984711
2.907439 2.111763
3.046698 2.228991
3.236818 2.343556
3.416809 2.424716
3.616800 2.362536
3.842690 2.611301
4.005593 2.423536
4.183643 2.342543
4.239096 2.239622
4.396944 2.156126
4.492689 2.089487
4.458111 1.905083
4.563119 1.879590
4.710532 1.918488
4.860894 2.005950
5.198219 2.181356
5.249521 2.098743
5.263879 2.129521
5.260933 2.256530
5.155157 2.328718
5.174655 2.424734
5.186923 2.566777
5.235603 2.676725
5.360627 2.738990
5.355753 2.845408
5.524544 3.091805
5.518397 3.048926
5.535185 2.959060
5.456702 2.850768
5.418779 2.838824
5.370366 2.751208
5.241512 2.627655
5.092638 2.341099
4.923137 2.532637
5.587255 3.115090
6.261779 3.769099
6.528347 5.233088
6.498346 5.711380
6.075903 6.021125
5.710225 6.092262
5.269904 5.994630
4.691327 5.695876
4.255689 5.182428
3.925861 4.475979
3.830813 3.837142
3.982369 3.676193
3.770383 3.041327
3.451148 2.614034
3.292319 2.302892
3.236686 2.243777
3.236566 2.165510
3.283617 2.135201
3.349974 2.022740
3.370926 2.067460
3.423150 2.157063
3.534241 2.327589
3.588552 2.407772
3.636926 2.442394
3.732310 2.486097
4.030788 2.607505
4.317484 2.774909
4.464356 3.141678
4.584635 3.595445
4.567941 3.809009
4.457881 3.759762
4.557383 3.945892
4.376524 3.254496
4.122586 2.464680
3.922407 1.970832
3.567593 1.599134
3.236716 1.701788
3.079741 1.836006
3.085305 1.911545
3.096469 1.952130
3.014932 1.832003
3.030745 1.932726
2.960107 1.860916
2.929904 1.736148
3.099368 1.946211
3.288779 2.328656
3.409804 2.793814
3.273109 3.058249
3.179286 3.013686
2.901866 2.818608
2.855984 2.615994
2.988337 2.462042
2.931842 2.183923
2.956618 1.891769
2.728295 1.812324
2.779282 1.458536
2.779603 1.486642
2.837957 1.548180
2.721615 1.632161
2.647779 1.704331
2.681281 1.866347
2.799679 2.161964
2.715311 2.119695
2.747365 2.121807
2.829695 2.144201
3.004221 2.207153
3.181124 2.142502
3.270045 2.129338
3.383284 2.129530
3.403150 2.031330
3.373581 2.066277
3.624037 2.272900
3.597808 2.070606
3.448390 1.785789
3.165781 1.710726
2.855697 1.569363
2.632086 1.479556
2.413573 1.425370
2.398490 1.491885
2.333604 1.599373
2.407954 1.703929
2.672309 2.014733
