0.326492
0.423635
0.310359
0.215457
0.148348
0.173833
0.295447
0.372356
0.441321
0.464111
0.542731
0.442856
0.447482
0.475588
0.548740
0.707799
0.887842
1.005835
1.138094
1.219221
1.235181
1.134080
1.076766
1.163831
1.224100
1.342327
1.364920
1.294964
1.190910
0.988690
0.942061
0.856737
0.730803
0.715489
0.669496
0.733833
0.795700
0.804156
0.963633
1.101337
1.211054
1.242957
1.344376
1.437803
1.459984
1.503098
1.593703
1.558443
1.445396
1.353683
1.461100
1.341511
1.187218
1.107079
1.091592
0.932407
0.858886
0.952581
1.108920
1.344489
1.532442
1.809933
2.133754
2.372716
2.595513
2.708163
2.689546
2.569868
2.331690
2.086225
2.107731
2.024985
2.108254
2.081465
2.092451
2.360064
2.696106
3.062214
3.492499
3.978361
4.507904
5.244894
5.880400
6.542978
7.155625
7.555693
7.939095
8.454312
9.037184
9.604872
10.225563
10.876708
11.520734
12.184370
12.841529
13.454532
13.909264
14.556352
15.302857
15.903823
16.188277
15.947356
15.654024
15.239865
14.909007
14.648559
14.418902
14.061773
13.791313
13.621557
13.795558
14.136492
14.628058
14.957744
15.340222
15.686955
16.165131
16.574668
17.022018
17.401387
17.830008
18.293496
18.650283
19.068874
19.513230
20.039595
20.392103
20.265967
19.953892
19.491068
18.986355
18.497198
18.004115
17.536249
17.059176
16.596715
16.165600
15.750950
15.441959
15.092848
14.843930
14.535651
14.245128
13.909754
13.626607
13.217720
13.022381
13.229098
13.574675
13.813820
14.236854
14.542524
14.837277
15.214703
15.626645
16.161390
16.698916
17.191902
17.751820
18.283452
18.805039
19.020722
18.996494
18.623787
18.175257
17.636659
17.121676
16.602713
15.944420
15.507509
15.091263
14.601082
14.103936
13.599858
13.017569
12.604479
12.059413
11.905395
12.125467
12.648508
13.240184
13.902504
14.490262
15.150522
15.767433
16.377192
16.973427
17.495123
18.029901
18.532898
19.135966
19.738048
20.272147
20.690560
21.280230
21.892662
22.435932
23.018910
23.642066
24.041359
24.487770
24.762768
25.165641
25.523617
25.974168
26.411233
26.906009
27.280544
27.586800
27.957429
28.327513
28.865121
29.139304
29.392534
29.693648
30.054216
30.477869
30.814171
31.303362
31.789271
32.212399
32.476319
32.930153
33.607556
34.002744
34.403818
34.928266
35.481868
35.797896
36.241773
36.707253
37.348672
37.908245
38.389946
39.046321
39.680294
40.268351
40.791041
41.186939
41.532557
41.936897
42.255338
42.865153
43.266611
43.842192
44.154508
44.129069
43.822698
43.629280
43.356331
43.041765
42.955727
42.750442
42.511201
42.449485
42.328844
42.123375
41.963227
41.795947
41.629240
41.354228
41.211127
41.018283
40.865649
40.590638
40.411039
40.253999
39.876708
39.622326
39.516373
39.468632
39.136002
38.957293
38.930899
38.834478
38.720702
38.765788
38.580148
38.424999
38.370624
38.362754
38.262783
38.254731
38.292384
38.198849
38.061032
38.065386
38.064462
38.122906
38.257264
38.170039
38.198023
38.300635
38.419030
38.413784
38.448353
38.269852
37.928284
37.946742
38.330416
38.360413
38.350835
38.431745
38.763705
39.028738
39.193790
39.311780
39.457566
39.588626
39.656681
39.863181
39.876833
39.800235
39.920512
39.932461
39.898542
39.995714
39.652322
39.418166
39.107817
38.593222
38.268103
38.123599
38.236164
38.086706
38.244723
38.398108
38.363228
38.505585
38.509423
38.678148
38.844012
39.138127
39.707734
40.216763
40.735333
41.223454
41.777219
42.302687
42.816168
43.316799
43.785635
44.468347
45.041514
45.382519
45.691672
45.884798
46.199383
46.525239
46.717377
47.028371
47.153864
47.012885
46.660993
46.392527
46.175462
45.891726
45.732450
45.589815
45.591534
45.338975
45.371918
45.314034
45.153236
44.703292
44.263239
43.807778
43.356596
42.926763
42.468289
42.080962
41.566984
41.232531
40.949982
40.926394
40.768128
40.433247
40.246639
40.254648
40.451456
40.865352
41.272283
41.681873
42.172145
42.420059
42.472364
42.276742
42.065622
41.865582
41.599035
41.414948
41.233148
41.027899
40.810988
40.677866
40.356235
40.140826
39.973725
39.813654
39.710586
39.594726
39.456702
39.113292
38.957924
38.912219
38.789286
38.633769
38.644510
38.519720
38.554295
38.539292
38.361724
37.868260
37.500207
37.392404
37.469789
37.867474
38.158443
38.477939
38.886226
39.214518
