90
120
140
150
190
200
220
240
280
390
510
540
540
540
540
540
530
540
540
530
540
540
530
540
530
540
540
530
530
530
540
530
540
540
530
540
540
540
540
530
550
530
540
530
540
530
540
540
540
540
540
540
540
540
540
550
530
540
540
530
540
540
530
530
540
540
540
540
540
530
540
540
530
540
540
530
540
530
540
530
540
540
530
550
540
540
530
540
530
540
540
540
540
530
540
540
530
540
540
540
550
540
540
530
540
530
530
540
530
540
550
530
540
540
540
530
540
540
540
540
540
550
540
540
540
540
540
540
530
540
530
540
540
530
540
540
530
540
530
540
540
540
530
540
530
540
530
540
540
540
550
540
550
540
540
540
540
550
540
540
550
540
540
540
540
550
540
540
540
530
540
530
540
540
530
530
540
530
540
540
540
530
540
540
530
540
530
530
530
530
540
530
530
540
540
540
550
540
540
540
540
540
530
530
540
530
530
540
530
540
540
540
540
540
550
540
540
540
540
550
550
540
540
540
530
540
540
530
540
530
540
540
530
540
530
540
540
530
540
530
540
530
540
540
540
540
540
540
540
530
540
540
540
540
540
540
530
540
540
530
530
540
540
540
530
540
540
530
540
530
540
540
530
530
530
540
530
540
540
540
540
530
530
540
530
540
540
540
530
540
540
530
520
550
530
540
530
540
540
530
550
540
530
540
540
540
540
540
530
540
540
530
530
540
540
540
530
530
540
530
540
540
530
540
540
530
540
540
530
540
530
540
540
530
540
530
540
530
540
530
550
540
540
540
540
530
540
530
540
540
540
540
540
530
530
530
540
540
540
540
540
540
540
540
540
540
540
530
530
540
540
540
530
540
540
530
540
540
530
540
530
530
540
530
540
530
530
540
540
530
530
530
540
540
530
540
530
540
530
530
540
530
540
530
540
530
540
530
540
530
540
540
530
540
530
530
540
530
540
530
540
