2.014688 2.078262
1.952979 2.038074
1.930536 1.897332
2.016471 1.782036
2.054811 1.652289
1.998967 1.593639
2.104496 1.601404
2.312046 1.608845
2.526801 1.711340
2.764816 1.791857
3.027757 1.933662
3.084996 1.890940
3.163947 1.904906
3.185374 1.766104
3.176672 1.720227
3.329849 1.773534
3.374786 1.756918
3.245232 1.744660
3.125540 1.680098
2.874048 1.564970
2.584261 1.377679
2.309506 1.267393
2.066705 1.292743
2.033738 1.393202
2.032135 1.453516
2.107827 1.590050
2.341067 1.785634
2.635465 2.087569
2.966345 2.425893
3.328708 2.789971
3.643911 3.158425
3.983644 3.475092
4.261208 3.817050
4.544364 4.179197
4.861478 4.515380
5.146084 4.810010
5.404563 5.157745
5.522923 5.345291
5.568125 5.359920
5.421280 5.217763
5.178956 4.920412
4.896931 4.572001
4.547986 4.288954
4.325100 4.021129
4.175600 3.801516
4.170424 3.661913
4.180055 3.641306
4.196637 3.579265
4.357568 3.527875
4.246300 3.561826
4.210772 3.586052
4.051568 3.239771
3.736381 3.020202
3.388688 2.644567
3.218780 2.262165
2.774781 2.153260
2.748252 2.005091
2.555434 1.870873
2.224372 1.763913
1.969523 1.640181
1.869765 1.597485
1.706941 1.465448
1.640270 1.518553
1.761304 1.579437
1.920438 1.774777
2.252746 2.065795
2.628405 2.410268
3.024279 2.746938
3.403622 3.121186
3.808084 3.488818
4.153174 3.869707
4.455833 4.187801
4.796178 4.412876
5.009407 4.585300
5.122744 4.615957
5.115311 4.469378
4.966278 4.252211
4.861351 4.089420
4.620893 3.844350
4.486355 3.648345
4.336516 3.572720
4.112552 3.429801
4.051814 3.410713
3.964743 3.412012
3.962909 3.436345
3.740445 3.395927
3.815706 3.461136
3.833075 3.601547
3.769313 3.783984
3.821421 3.909890
3.931155 4.081048
3.743314 3.740157
3.651720 3.331198
3.478609 2.943928
3.352681 2.759579
3.376428 2.593400
3.413458 2.619444
3.493549 2.481222
3.540011 2.563118
3.580178 2.472569
3.491619 2.442120
3.206047 2.311831
2.911097 2.103500
2.723831 1.910940
2.534834 1.883020
2.579605 1.883425
2.567392 1.969675
2.664386 2.071609
2.797596 2.202029
2.814155 2.275704
2.682220 2.261066
2.532321 2.002445
2.232342 1.756064
1.923625 1.577021
1.786344 1.466903
1.762754 1.513240
1.773773 1.688450
1.897616 1.835530
2.093385 2.019683
2.310943 2.245866
2.571527 2.475480
2.737433 2.543558
2.940337 2.594314
3.059746 2.708817
3.227421 2.800415
3.352102 2.812304
3.321539 2.785890
3.093328 2.696659
2.835429 2.432531
2.623381 2.261324
2.472433 2.038566
2.322283 1.927639
2.252798 1.841946
2.242002 1.897256
2.264917 2.022001
2.251511 2.072442
2.227150 2.183768
2.284676 2.216111
2.472380 2.361701
2.664876 2.557207
2.912572 2.671759
3.127908 2.799661
3.320095 2.931630
3.403322 2.979925
3.382817 3.002062
3.231462 2.914885
3.024764 2.680786
2.819557 2.385174
2.607034 2.194452
2.520291 2.124560
2.518993 2.059199
2.439591 2.074123
2.408313 2.043881
2.496162 2.080541
2.567911 2.095802
2.677209 2.181420
2.806704 2.283428
2.880567 2.457062
2.977524 2.572567
3.162551 2.696673
3.191431 2.859771
3.150734 2.892111
2.970077 2.801277
2.668315 2.679941
2.438391 2.404372
2.166499 2.153694
1.995525 1.997992
1.952743 1.935183
2.058768 2.024470
2.192346 2.083206
2.295753 2.233352
2.290444 2.358584
2.402608 2.361319
2.485641 2.440301
2.625964 2.641934
2.774502 2.774336
2.965243 2.986363
2.998087 3.050981
2.993722 2.980564
2.792610 2.800410
2.666786 2.603208
2.461402 2.448792
2.368067 2.415800
2.396877 2.314656
2.357173 2.385655
2.413530 2.452249
2.518478 2.459259
2.571086 2.514136
2.717517 2.602435
2.797994 2.731519
2.912911 2.827530
3.045515 2.837095
3.108764 2.767647
3.124220 2.786248
3.291315 2.801726
3.390370 2.942451
3.576478 3.078967
3.770600 3.131139
3.947587 3.318496
4.044639 3.430294
4.213458 3.600498
4.286824 3.735163
4.451095 3.823723
4.624216 4.015009
4.813011 4.278056
5.112507 4.555059
5.472866 4.882922
5.841428 5.193601
6.300281 5.575313
6.730276 6.011281
7.189984 6.512469
7.552321 6.908380
7.988539 7.294278
8.338147 7.704905
8.737837 8.068872
9.120389 8.389151
9.621440 8.512198
10.121956 8.564877
10.555635 8.623537
10.840470 8.724830
11.119246 8.493886
11.193705 7.663784
11.272977 6.637279
11.530315 5.676439
11.456407 4.459492
11.428679 4.250549
11.415043 4.115398
11.525477 4.148322
11.700726 4.329882
11.909483 4.634991
12.265812 4.816088
12.507158 5.144872
12.724225 5.226622
12.975716 5.513039
13.213467 5.833674
13.500092 6.166306
13.826942 6.439588
14.177538 6.730413
14.472420 7.033550
14.862715 7.223066
15.064228 7.499876
15.301994 7.709289
15.475293 7.892509
15.553303 7.996401
15.471165 8.061668
15.284539 7.888584
15.049322 7.736089
14.644630 7.345256
14.000967 7.184208
13.489205 6.958065
13.101321 6.649553
12.468820 6.403392
11.632046 6.242352
11.039565 6.051612
10.479514 6.010397
10.114953 6.014494
9.977706 6.048487
9.543597 6.158203
9.649494 6.297961
9.706179 6.419881
9.835662 6.489982
9.579409 6.580830
9.298193 6.532682
9.020927 6.522983
8.417872 6.258152
7.928442 6.160226
7.234569 6.018290
6.662625 5.816898
5.882711 5.503367
5.528590 5.175329
5.004406 5.126623
4.625566 4.646414
4.154832 4.168914
4.035234 3.858623
4.146306 3.902978
4.378763 4.132149
4.685376 4.345126
4.994100 4.709735
5.286254 5.056659
5.567051 5.409683
5.872714 5.764309
6.094927 5.941687
6.160191 5.889609
6.226956 6.085475
6.170841 6.035939
6.268448 6.139974
6.381937 6.296464
6.479499 6.391382
6.626889 6.642843
6.726955 6.879933
6.665094 6.929289
6.534935 6.992164
6.448509 6.782607
6.120417 6.654136
5.885552 6.528025
5.914627 6.313174
5.742340 5.973370
5.639067 5.778856
5.222570 5.444204
4.985906 4.938390
4.775664 4.437993
4.371157 4.156061
3.928998 3.611085
3.663208 3.084744
3.595819 3.096363
3.470276 3.033908
3.540218 2.963416
3.682797 3.056617
3.873619 3.286089
4.097988 3.508468
4.349839 3.807422
4.398840 3.973855
4.578051 4.138444
4.869786 4.407352
5.131262 4.720674
5.433434 5.109417
5.632840 5.460807
5.809168 5.801263
5.982510 6.048372
5.940465 6.070710
5.703806 5.792541
4.795947 4.161747
4.158567 3.150938
3.778599 2.172085
3.586017 1.757886
3.416269 1.743944
3.404838 1.774352
3.316427 1.817578
3.373362 1.766171
3.374878 1.804710
3.528338 1.845769
3.297327 1.846052
3.271475 1.825557
3.316055 1.925715
3.401100 2.110184
3.648204 2.421703
3.888725 2.751866
4.253820 3.230596
4.640943 3.738705
4.997536 4.251213
5.276176 4.771971
5.422963 5.179998
5.598421 5.469529
5.813321 5.816009
5.992513 6.048102
6.140632 6.200029
6.243721 6.298539
6.303302 6.399296
6.500643 6.519015
6.742263 6.498949
6.897897 6.416685
6.699385 6.248495
6.544997 5.940628
6.073515 5.274679
5.750519 4.910796
5.285404 4.505444
4.862582 3.833798
4.510409 3.342120
4.239673 2.817065
3.957857 2.612862
3.851930 2.724872
3.693532 2.578290
3.755774 2.838154
3.737275 2.970515
3.957074 3.214702
4.223329 3.635380
4.667707 4.216813
4.950819 4.672533
5.188687 5.103889
5.361234 5.386100
5.406291 5.507481
4.758201 4.872595
4.290405 4.067752
3.813475 3.300882
3.607292 2.585124
3.393330 2.316181
3.266600 1.920290
3.222794 1.837404
3.027150 1.802307
2.881637 1.634196
2.709995 1.568592
2.412234 1.481200
2.196416 1.656313
2.206635 1.855530
2.310993 2.020425
2.452110 2.160904
2.555214 2.369368
2.778428 2.697351
3.030432 3.087215
3.281369 3.478909
3.549128 3.931127
3.789642 4.324123
4.017583 4.716011
4.278467 5.075708
4.474195 5.410818
4.790689 5.732885
5.022441 6.049545
5.336536 6.362080
5.629940 6.722903
5.937117 7.010612
6.247670 7.281477
6.231731 7.455198
6.427059 7.692459
6.586547 7.903933
6.670371 8.110349
6.807062 8.327993
6.930281 8.586946
6.961095 8.824772
7.163615 8.965571
7.374042 9.080701
7.347135 9.113776
7.136019 9.058952
6.790616 8.738612
6.239995 8.255179
5.464087 7.805239
4.647365 7.395439
3.897104 7.009039
3.592982 6.757705
3.417885 6.490929
3.401928 6.423529
3.488639 6.415662
