0.334648
0.448511
0.488309
0.478263
0.437075
0.372219
0.082057
0.170309
0.492538
0.781412
1.126448
1.440796
1.786402
2.203742
2.703992
3.113764
3.593905
3.879730
4.067411
4.069050
3.846223
3.505430
3.144693
2.852454
2.670306
2.550993
2.241589
1.877353
1.620982
1.441066
1.191052
1.045716
1.121889
1.248409
1.470741
1.820758
2.164238
2.537006
2.816044
2.836660
2.691153
2.354147
1.997508
1.707620
1.614072
1.542466
1.715624
1.974353
2.241042
2.639310
3.150467
3.553366
4.030089
4.599171
5.229705
5.955550
6.585071
7.151781
7.421021
7.436970
7.043403
6.644338
6.140996
5.529296
4.967025
4.229173
3.727703
3.249961
2.777150
2.497525
2.441826
2.508226
2.770175
3.010354
3.355849
3.770138
4.088944
4.549186
5.040926
5.433342
5.814313
6.331178
6.832499
7.242066
7.806546
8.248591
8.528003
8.819912
9.134887
9.654255
10.250762
11.078136
11.730269
12.518434
13.857602
15.154716
16.665789
18.147729
19.405594
20.265475
21.100155
21.465184
21.645348
21.460254
21.378847
21.213351
21.065752
20.698239
20.391416
20.292271
20.559277
21.172644
21.544484
21.883279
22.125144
22.527592
22.807138
23.251299
23.795788
24.356784
24.827436
25.427785
25.847668
26.306296
26.538706
26.921285
26.888810
26.621198
26.184597
25.712192
25.373906
25.005141
24.639518
24.237564
23.885277
23.625917
23.528204
23.333404
23.063202
22.781569
22.468920
22.137993
21.783960
21.329777
20.856487
20.226855
19.819972
19.771217
20.108912
20.496728
21.023361
21.498494
21.906568
22.445164
22.920902
23.349116
23.858087
24.290082
24.640060
24.910763
25.280283
25.465041
25.166420
24.673127
24.191874
23.751761
23.341371
22.962173
22.599740
22.286563
21.981030
21.584843
21.297241
20.883393
20.514910
20.146038
19.675295
19.466463
19.761918
20.237094
20.857658
21.408128
21.986724
22.478723
23.025362
23.493099
23.939934
24.282968
24.756617
25.185849
25.621111
26.086022
26.496486
26.848802
27.162625
27.418191
27.729065
28.068246
28.282869
28.450190
28.736667
29.004788
29.258377
29.577171
29.942249
30.455564
30.859818
31.249761
31.579691
31.962947
32.312519
32.505651
32.663884
32.850326
32.897180
32.964742
33.042024
32.881952
32.924311
33.058170
33.046993
33.140050
33.246183
33.425568
33.606374
33.891624
34.295138
35.052184
35.885464
36.722099
37.689593
38.841666
39.941233
41.088628
41.948934
42.784755
43.736521
44.588515
45.458223
46.227790
46.919439
47.636439
48.171423
48.643749
48.978943
48.988934
48.615895
47.927724
47.262228
46.636982
46.029657
45.388881
44.739301
44.030389
43.299608
42.566130
41.751313
40.852881
39.925781
39.260949
38.422770
37.817400
37.115959
36.339412
35.641850
35.005140
34.228677
33.493775
32.837319
32.209098
31.736712
31.098308
30.650938
29.939270
29.239070
28.546335
27.990799
27.420029
26.918774
26.769119
26.520097
26.403053
26.539073
26.655580
26.856013
26.896509
26.941927
27.276585
27.604143
27.728739
27.850037
27.978114
28.129557
28.268222
28.250253
28.299895
28.292696
28.333979
28.483542
28.645549
28.787201
28.961026
29.115245
29.284884
29.472303
29.608521
29.806929
30.013063
30.075865
30.116616
30.090473
30.105475
30.103738
29.883540
29.817470
29.751532
29.533918
29.321703
29.038583
28.966732
28.986670
29.077035
29.287812
29.700445
30.149523
30.592488
31.050737
31.584703
32.126055
32.798725
33.233776
33.763781
34.425159
34.984802
35.448635
35.855668
36.131044
36.483649
37.054798
37.669111
38.416957
39.109800
39.964602
40.871110
41.600187
42.306864
43.024912
43.744814
44.507739
45.339193
46.315135
46.940987
46.982924
46.561390
46.052704
45.516237
45.024702
44.474004
43.911532
43.269731
42.666146
42.017757
41.260538
40.520396
39.527839
38.494305
37.558467
36.633144
35.697260
34.831590
33.946769
33.191340
32.434300
31.904274
31.289407
30.746437
30.277425
29.840049
29.575594
29.674884
29.946722
30.224952
30.581872
30.769225
30.742874
30.397698
29.825583
29.281490
28.708993
28.148380
27.703864
27.414110
26.937333
26.618801
26.347351
26.043805
25.890640
25.770426
25.986951
26.149375
26.260940
26.540164
26.880961
27.206800
27.508877
27.695955
27.842677
28.027798
28.187947
28.335815
28.368201
28.459812
28.477306
28.414230
28.366931
28.426075
28.629834
28.854780
29.148637
29.454522
29.789096
