3010
3010
3000
3000
3010
3000
3010
2990
3010
3120
3010
3000
3010
3010
3010
3020
3010
3010
3030
3130
3010
3010
3010
3030
3010
2990
3030
3020
3020
3120
3030
3010
3020
3000
3010
3000
3010
2940
2660
3120
3010
3010
3030
3000
3010
3010
3040
3010
3010
3120
3010
3020
3010
3020
3000
3040
3000
3020
3030
3120
3010
3010
3010
3010
3000
3040
3000
3020
3010
3140
3010
3010
3030
3020
3000
3010
3010
3020
3010
3120
3010
3020
3020
3030
3000
3020
3030
3000
3020
3120
3020
3020
3020
3020
3000
3040
3010
3010
3020
3120
3010
3030
3000
3000
3020
3000
3050
3000
3020
3120
3010
3000
3000
3010
3010
3000
3040
3010
3000
3100
3000
2990
3010
3010
3000
3020
2990
3000
3000
3100
3090
3990
4110
2980
3150
2990
2950
3600
3640
3040
3050
2960
2980
3680
2950
3530
3150
3010
2960
3020
2970
2930
2930
2930
2980
2960
3380
3600
3770
3490
4260
2920
3370
3450
4140
3020
3190
2930
2960
3030
3940
3250
4300
3710
3200
3340
3970
4170
2970
2510
3030
3010
3030
3000
2990
3010
3030
3020
2970
3080
2990
3000
3020
2990
3010
3020
3020
3010
3010
3110
3000
2280
1940
2940
2980
3890
4290
4290
4150
3060
3010
3170
3200
3210
4250
3080
3250
4270
3730
3680
2990
3290
3520
2930
2990
3020
2950
2950
3000
3110
3000
3000
3000
2990
3010
2990
3020
3000
3020
3120
2990
2970
2950
2970
3790
4320
4290
3390
2470
3050
2930
2960
2940
2950
2940
3220
2920
2920
2970
3030
2960
3000
4250
4260
3560
3010
2960
2970
3030
3120
2960
2960
3190
4290
3200
2980
3000
3010
3000
3140
3000
2990
3010
3310
3010
3020
3020
3020
3030
3130
3000
3020
3000
2970
3690
4070
2990
3900
4300
4400
4250
3360
2940
2950
3630
4290
3610
3020
4200
4450
4290
4290
4300
4110
2970
3680
2980
3440
4290
3500
2970
2950
2940
2970
2960
2130
3260
3040
3010
3130
3010
2980
2930
3490
3110
2950
2940
2950
2950
4240
3700
2940
3010
2940
3310
3260
3540
3020
3020
3060
2940
2940
3200
2930
3000
3850
2990
2980
2990
3870
3130
2920
3640
4300
4280
3140
2940
4140
3430
3060
2920
2930
2980
3020
3180
3270
3010
2960
3400
3040
2930
2930
3480
3450
2990
3020
2960
3000
3020
3110
3000
3000
3010
3010
3020
3020
3010
3010
3020
3120
3010
3010
3010
3000
3010
3010
2970
3100
3620
3120
4270
3570
4140
4250
4290
3210
3310
3310
3240
3170
3900
