2.014688 2.078262
1.930157 1.965465
1.925057 1.759132
1.909863 1.667476
2.036172 1.658211
2.195878 1.595261
2.314059 1.518499
2.550696 1.549127
2.724132 1.602958
2.863901 1.652573
3.045013 1.729960
3.213210 1.703679
3.340890 1.633219
3.417076 1.615983
3.512743 1.660448
3.725197 1.814429
3.929435 1.911698
4.112769 1.965769
4.132332 1.961656
3.978226 1.944214
3.654572 1.854403
3.246014 1.695057
2.786137 1.635544
2.547521 1.594999
2.405230 1.547741
2.452754 1.671164
2.520248 1.766528
2.547920 1.841584
2.663325 1.967956
2.796541 2.095720
2.829207 2.110173
2.817762 1.994510
2.808103 1.732690
2.894386 1.583570
2.945752 1.582338
3.068436 1.615805
3.238201 1.746557
3.372347 1.772125
3.364243 1.733225
3.310521 1.672436
3.141920 1.600715
2.824549 1.436721
2.488944 1.424707
2.329935 1.433623
2.235038 1.575742
2.242367 1.724485
2.275896 1.911052
2.514538 2.111709
2.790379 2.270727
3.030552 2.493454
3.312843 2.765048
3.385621 2.686021
3.579036 2.610850
3.707310 2.581461
3.755340 2.453736
3.906223 2.517887
4.029974 2.559497
4.048240 2.483596
3.914210 2.358670
3.703793 1.939839
3.444885 1.830809
3.252964 1.772348
2.911615 1.619616
2.877617 1.750857
2.879059 1.859934
3.014094 2.082504
3.191259 2.296002
3.382251 2.547205
3.640102 2.667376
3.735559 2.738653
3.782946 2.786324
3.704637 2.438158
3.379643 2.096307
3.186121 1.692190
3.097797 1.666548
2.925937 1.650218
2.651008 1.607042
2.646950 1.686592
2.734400 1.936437
2.911481 2.217845
3.081710 2.545701
3.199014 2.827038
3.252800 3.003562
3.342415 3.262736
3.489447 3.517042
3.578418 3.637469
3.588932 3.883287
3.733164 4.136806
3.972808 4.413030
4.180069 4.722125
4.454187 4.986969
4.491989 5.249649
4.468460 5.446865
4.572953 5.637050
4.745260 5.900732
5.010919 6.220525
5.304224 6.488794
5.558607 6.804612
5.747551 7.116592
5.900745 7.386882
5.906883 7.502852
5.668682 7.386230
5.490667 7.091501
5.338830 6.907257
5.099232 6.657603
5.021973 6.384475
4.915145 6.099776
4.936285 6.040273
4.847513 5.858584
4.629002 5.754813
4.458211 5.648977
3.797126 4.945071
3.395844 4.352244
2.886900 3.922943
2.624854 3.646024
2.601957 3.623489
2.675129 3.416736
2.858964 3.447768
3.037922 3.658850
3.351163 3.871832
3.665391 4.103802
3.910846 4.146004
4.127536 4.256852
4.422902 4.370355
4.748073 4.445901
5.006136 4.512755
5.218668 4.571374
5.356088 4.432330
5.145616 4.131780
4.882865 3.815336
4.623331 3.509202
4.088863 3.088050
3.784059 2.799475
3.565948 2.699523
3.431005 2.740301
3.509075 2.889276
3.606479 3.102966
3.722709 3.253583
3.907485 3.500551
4.037652 3.725825
4.162208 3.925611
3.935311 3.900841
3.670877 3.878336
3.558440 3.784685
3.477559 3.829309
3.318715 3.703297
2.947406 3.502865
2.627179 3.196757
2.455551 2.985871
2.327270 2.837217
2.268322 2.705707
2.287845 2.468100
2.329701 2.358999
2.460768 2.371074
2.695242 2.529468
2.959094 2.710935
3.248107 2.902902
3.564076 3.148855
3.859907 3.400668
4.122577 3.672654
4.292570 3.916732
4.273872 3.811364
3.999039 3.497773
3.672473 3.009626
3.233560 2.720141
2.858180 2.450438
2.582986 2.269894
2.425464 2.150796
2.452602 2.219978
2.633722 2.331583
2.863148 2.525105
2.966620 2.552339
2.975987 2.585200
3.083457 2.585979
3.272033 2.701286
3.335865 2.798789
3.407673 2.817965
3.529866 2.688004
3.543218 2.456353
3.458524 2.297055
3.338691 2.007960
3.077098 1.948145
2.829932 1.787002
2.681729 1.923616
2.636198 2.070509
2.684097 2.360082
2.757521 2.644699
2.943978 2.936719
3.078388 3.210268
3.251192 3.580383
3.523504 3.920307
3.415632 4.139303
3.506623 4.100188
3.629278 3.758808
3.613724 3.685221
3.615425 3.462041
3.557087 3.117675
3.594474 3.204626
3.722346 2.921138
3.693684 2.909337
3.833280 2.682486
3.733875 2.474591
3.679845 2.495913
3.614668 2.668455
3.629967 2.848314
3.849512 3.080481
4.024804 3.201175
4.238714 3.397337
4.456712 3.665409
4.455586 3.932886
4.616199 4.142014
4.664796 4.254237
4.500253 4.138658
4.446761 4.202396
4.507338 4.404104
4.546190 4.494794
4.502422 4.438324
4.673583 4.405937
4.680263 4.332461
4.825778 4.224965
4.902291 4.227123
4.740903 4.080633
4.522306 3.626330
4.380009 3.444169
4.320811 3.418629
4.322265 3.036250
4.461092 3.104760
4.488187 3.264709
4.690218 3.341209
4.925869 3.568343
5.080334 3.695622
5.256814 3.635964
5.327241 3.696213
5.355341 3.739943
5.257467 3.683854
5.307654 3.750053
5.371653 3.826699
5.415535 3.802294
5.420293 3.937814
5.403706 3.965594
5.395750 4.157944
5.313582 4.196549
5.371280 4.185535
5.243458 4.158176
5.162537 3.994257
4.882108 3.852311
4.669566 3.695386
4.400077 3.546545
4.111050 3.308339
3.663520 2.980347
3.478804 2.795766
3.042697 2.703350
2.881912 2.588324
2.811116 2.451841
2.784195 2.491331
2.883954 2.617221
3.018364 2.832720
3.219956 2.961464
3.436404 3.201184
3.778864 3.427096
4.114530 3.675570
4.386193 3.851041
4.657803 4.065054
4.894748 4.284813
5.052598 4.426036
5.203128 4.438315
5.426993 4.581454
5.655604 4.605755
5.836795 4.660909
6.011827 4.852998
6.138634 4.980585
6.007978 5.020819
6.076850 4.867931
6.171337 4.902699
6.263236 5.093081
6.379263 5.167698
6.601522 5.311420
6.724434 5.399494
6.784151 5.451990
7.062221 5.595995
7.179287 5.628883
7.262678 5.646592
7.245911 5.733650
7.232198 5.697739
7.275973 5.694002
7.332705 5.795559
7.397978 5.881801
7.594937 5.948259
7.763482 5.892465
7.785104 5.888618
7.897929 5.808860
7.990961 5.769173
7.800860 5.680286
7.726580 5.526904
7.454819 5.444287
7.324730 5.170326
6.915751 5.087691
6.447355 4.547640
6.138592 4.172272
5.871676 3.864854
5.697158 3.673040
5.065442 3.295410
4.309833 2.892415
3.997778 2.622022
3.815313 2.477825
3.762405 2.563888
3.803923 2.678242
3.941059 2.913960
4.110283 3.110173
4.395631 3.319180
4.684788 3.630516
4.857107 3.880017
5.039238 4.099417
5.021971 4.352280
5.166024 4.471624
5.378913 4.704015
5.438943 4.866428
5.649400 5.121900
5.881754 5.398231
6.154185 5.707354
6.409642 5.999794
6.414156 6.195211
6.202693 6.209206
6.111200 6.179476
5.911547 6.122448
5.581247 6.017651
5.397660 5.858120
5.371128 5.574658
5.286527 5.271255
5.254797 5.136920
5.253214 5.132388
5.149718 4.741345
5.197060 4.287628
5.110051 4.237808
5.111179 4.098864
5.166923 4.111829
5.317743 4.172326
5.533194 4.328156
5.799488 4.588963
6.099013 4.939093
6.381343 5.308229
6.669074 5.655075
6.898457 6.016231
7.132683 6.398940
7.349011 6.689954
7.625953 6.935771
7.711196 7.174458
7.862573 7.333973
7.826354 7.487862
7.976891 7.557229
7.969304 7.685814
7.866606 7.680738
7.701882 7.459262
7.350663 7.266940
7.099794 7.072449
6.886036 6.899742
6.687401 6.805254
6.555895 6.710424
6.348878 6.637827
6.279413 6.524772
6.058707 6.518234
5.924147 6.357100
5.711983 6.262523
5.476405 6.107165
5.400031 5.979206
5.470549 5.988834
5.634379 6.072753
5.666343 6.254312
5.873078 6.427902
6.078606 6.589609
6.258077 6.704999
6.173974 6.596577
5.831434 6.430440
5.699484 6.100313
5.577019 5.877715
5.553938 5.827002
5.390584 5.812650
5.279078 5.654364
5.069189 5.456330
4.578694 5.295176
4.368528 5.126425
3.964044 4.252566
3.643836 3.791431
3.433533 3.584371
3.421532 3.483477
3.364523 3.400910
3.459043 3.590006
3.519690 3.733348
3.653403 3.926255
3.796631 4.231738
4.040669 4.466695
4.238837 4.746014
4.426792 4.974528
4.484790 5.066095
4.569149 5.218034
4.788544 5.224488
4.938452 5.192791
5.120309 5.314838
5.216055 5.308970
5.454049 5.433940
5.656052 5.607003
5.813897 5.645300
5.855918 5.527097
5.932080 5.492318
6.002548 5.416134
6.093248 5.413490
6.049973 5.431653
6.035807 5.246245
5.998638 5.337857
6.028266 5.446145
6.107232 5.448220
5.870356 5.291037
5.418252 4.976717
4.782514 4.567616
4.046247 4.033385
3.656679 3.582457
3.177801 3.215880
2.987409 2.961902
2.800415 2.876460
2.851386 2.793013
3.056364 2.856601
