3050
3050
3060
3050
3080
3080
3070
3050
3050
3160
3050
3010
3030
3020
3030
3070
3060
3060
3030
3130
3030
3030
3040
3030
3040
3050
3040
3030
3020
3140
3040
3030
3030
3060
3050
3020
2870
2820
3040
3150
3060
3030
3030
3060
3040
3050
3040
3040
3040
3150
3040
3050
3040
3060
3040
3040
3040
3070
3030
3190
3040
3070
3030
3040
3040
3040
3060
3030
3060
3140
3040
3060
3040
3040
3040
3040
3050
3080
3060
3160
3040
3050
3040
3050
3060
3050
3040
3040
3060
3150
3050
3040
3040
3040
3060
3050
3050
3040
3040
3160
3050
3040
3040
3060
3040
3050
3060
3040
3040
3140
3050
3040
3070
3050
3050
3050
3040
3050
3060
3150
3050
3040
3060
3050
3050
3040
3050
3030
3150
3150
3050
3220
3000
3590
3640
3040
3060
3040
3050
3160
3010
3050
3340
3270
3130
3040
3080
3540
3530
4510
3080
3010
3050
3020
2960
2990
2950
3150
2980
3100
3300
3060
3380
3020
2990
3540
3030
3010
2950
3240
4080
2960
3540
3790
3010
3170
4130
3250
4140
3350
3960
3040
2960
3020
2970
2950
3570
3040
3050
3540
4280
3170
3060
3440
3040
2960
2850
4260
3070
3350
2950
2980
2970
2990
3040
3060
3570
4250
4320
3710
3050
3040
3320
4340
3030
2950
3840
4350
3280
3150
2980
3100
4340
4340
4350
4370
3680
3360
4370
4500
3230
2970
2980
3070
3040
3050
3040
3040
3360
3150
3050
3040
3060
3050
3030
3030
3070
3070
3100
3480
2980
3050
4080
3130
2950
2970
4260
4330
3650
3600
4340
3580
3940
3920
2960
3020
4220
3510
3230
4510
3140
2990
3560
2960
3270
2980
2950
2970
2950
4080
3100
3060
3000
2980
3080
4360
4320
3060
3010
3110
3180
3040
3040
2990
3390
4350
4350
4350
3590
3910
3060
3050
3040
3710
3030
3800
4130
3190
2980
3790
3290
2540
2510
3490
2960
3040
3070
3050
3060
3160
3060
3030
3040
3050
3050
3050
3050
3000
3050
3170
3050
3060
3060
3000
3060
3020
3020
3820
3750
3590
3050
3050
3040
3060
3060
3050
3060
3040
3040
3540
3110
3050
2970
3040
3280
3180
2950
3350
4340
4020
2980
3000
3040
3000
2950
2970
3010
3020
2960
3070
2990
2970
2960
2950
2950
3420
3410
2970
2980
3140
3030
3070
3210
4040
3020
3030
3030
3010
3020
3070
3760
3600
2970
2960
3000
2970
2990
3030
3050
3110
3030
2960
3070
3050
3040
3050
3030
3000
3030
3130
3510
3030
3060
2950
3800
3360
3040
3020
3030
3150
3030
