0.307372
0.318884
0.304406
0.243837
0.205008
0.139003
0.084977
0.208481
0.374228
0.654721
0.876837
1.086358
1.453585
1.734561
2.027729
2.344755
2.603857
2.717385
2.601098
2.350621
1.963737
1.521184
1.119976
0.895101
0.621672
0.572813
0.228435
0.125868
0.315878
0.461094
0.666102
0.961786
1.185173
1.351704
1.584726
1.739059
1.938019
2.053587
2.129257
2.061564
1.919322
1.439046
1.136361
0.959886
1.010757
1.113014
1.205249
1.234876
1.309844
1.547326
1.803801
1.906205
1.924409
2.009906
2.224886
2.397571
2.581907
2.573674
2.391429
2.053913
1.569755
1.248737
1.084184
1.047947
1.328572
1.556500
1.787804
1.913659
2.186348
2.328138
2.475547
2.558295
2.564869
2.594087
2.681116
2.826418
3.064310
3.255496
3.526418
3.842197
4.261783
4.371285
4.579308
4.781133
4.994064
5.046293
5.133655
5.354952
5.576664
5.925076
6.331616
6.646227
7.007126
7.376346
7.901874
8.491459
9.066182
9.658959
10.122077
10.614333
10.719610
10.449487
9.938660
9.643832
9.607771
9.568877
9.402315
9.355444
9.202777
9.337790
9.552975
10.175809
10.503167
10.756852
11.086439
11.377660
11.679424
11.890155
12.182646
12.402725
12.656245
12.750660
12.894334
12.997547
13.207114
13.269385
13.488195
13.534121
13.556348
13.488863
13.341105
13.208565
12.987348
12.649173
12.355178
12.032521
11.758146
11.474607
11.017433
10.725965
10.421708
10.200295
10.058652
9.738275
9.450303
9.139757
9.135862
9.373118
9.763271
10.059487
10.426604
10.819055
11.168937
11.395753
11.682375
11.863198
12.058331
12.146176
12.245306
12.363377
12.491300
12.672312
12.698680
12.468084
12.198055
11.952672
11.697368
11.409583
11.058339
10.699357
10.315584
9.899408
9.479447
9.140099
8.788068
8.459898
8.179731
7.842536
7.736614
7.895717
8.150674
8.479889
8.993919
9.321851
9.637745
9.914184
10.278098
10.657494
10.952597
11.277424
11.689095
12.169749
12.894290
13.872435
14.943337
15.993414
17.047741
17.877114
18.681381
19.207385
19.656341
20.121457
20.679860
21.239577
21.728894
22.242837
22.820539
23.423947
24.235607
25.203392
25.866128
26.843047
27.790446
28.779858
29.680526
30.504225
31.253706
32.008552
32.649494
33.338133
33.937868
34.457616
34.797476
35.138009
35.312536
35.233349
34.953740
34.562353
34.308073
34.163148
34.333643
34.263909
34.232193
34.289648
34.456450
34.655156
34.986702
35.235430
35.523153
35.861054
36.140148
36.569467
36.777369
37.072838
37.199044
37.316400
37.202382
36.897815
36.512601
36.325358
36.069789
35.980810
35.869294
35.723159
35.550412
35.368072
35.239206
35.044296
34.718180
34.468192
34.082572
33.784790
33.321608
32.955398
32.658976
32.447130
32.181262
32.000187
31.877716
31.700816
31.326248
31.082677
30.725275
30.442593
30.204302
29.884184
29.571495
29.213891
28.809950
28.098638
27.530988
26.424238
25.138194
23.917836
22.767795
21.824623
21.117356
20.703085
20.215937
19.868633
19.457399
19.278643
18.849356
18.428593
17.994723
17.503164
17.075645
16.861312
17.016791
17.502657
17.996684
18.654565
19.249932
19.814154
20.318629
20.796038
21.140547
21.591588
21.891164
22.252067
22.607311
23.012932
23.481653
24.098029
24.874244
25.761005
26.377314
26.950683
27.456083
27.988308
28.482068
29.120624
29.810748
30.593783
31.146980
31.634650
32.111545
32.712094
33.182284
33.628120
33.925898
33.769794
33.563209
33.457969
33.164873
33.025747
32.967283
33.075607
33.216907
33.352053
33.466027
33.677355
33.800855
34.038201
34.385794
34.901234
35.356385
36.022186
36.575997
37.222031
37.823602
38.580853
38.921281
38.837755
38.444289
37.769912
37.072252
36.399662
35.776564
35.191334
34.537481
34.014504
33.464544
33.300808
33.242226
33.255696
33.246517
33.190136
33.059984
33.081050
33.032639
33.051464
33.156359
33.027560
32.705106
32.380647
32.039806
31.667114
31.385722
31.086994
30.768901
30.667974
30.588473
30.365212
30.131273
29.799638
29.362939
29.010615
28.598013
28.247374
27.804176
27.255815
26.615861
25.961102
25.146036
24.350232
23.532246
22.813406
22.050399
21.331907
20.616002
19.858977
19.139859
18.612345
18.020667
17.479706
17.002199
16.645461
16.360139
15.918842
15.380119
14.933502
14.652485
14.590159
14.918821
15.373616
15.971900
16.695437
17.352715
18.152255
18.723544
