2.037050 2.067232
2.026107 2.029117
1.988895 1.934506
1.914509 1.847144
1.966514 1.759776
2.182079 1.751239
2.307316 1.806117
2.524231 1.884331
2.752336 1.864596
2.981927 1.955743
3.243038 2.040629
3.232782 2.082384
3.228593 1.990008
3.183733 1.937515
3.175236 1.664355
3.167370 1.740687
3.195395 1.686195
3.101069 1.654882
3.105909 1.661039
2.901483 1.573386
2.792249 1.518486
2.417547 1.349475
2.263691 1.344120
2.203535 1.378364
2.233242 1.479126
2.296697 1.613189
2.326596 1.742621
2.481834 1.891320
2.656756 2.117977
2.790322 2.372802
2.996947 2.697801
3.105331 2.775368
3.058615 2.759520
3.049261 2.631234
3.052976 2.468876
3.023572 2.345071
3.028658 2.281670
3.038645 2.240245
2.910144 2.017515
2.703033 1.897058
2.506082 1.707869
2.150940 1.539702
2.006362 1.553802
1.938209 1.549898
1.993503 1.581484
2.057965 1.586167
2.143540 1.618423
2.206565 1.606689
2.241332 1.575629
2.228303 1.376189
2.467509 1.438445
2.328797 1.272938
2.286557 1.200889
2.335446 1.208832
2.453195 1.241219
2.478791 1.230316
2.414972 1.224106
2.342138 1.215541
2.148367 1.197759
1.969704 1.171242
1.902132 1.265748
1.851316 1.260838
1.737439 1.305578
1.804811 1.361790
1.946808 1.494062
2.163769 1.684976
2.481266 1.843402
2.720749 2.080816
2.864189 2.144236
2.848910 2.268992
3.043772 2.525293
2.994123 2.296052
2.687026 2.150556
2.564402 1.864964
2.309270 1.689001
2.177496 1.418195
2.001335 1.458872
1.877570 1.511933
1.884147 1.575293
1.888752 1.743784
2.129820 2.006991
2.192679 2.082868
2.147736 2.112428
2.315650 2.148186
2.500487 2.138681
2.548536 1.996314
2.591636 1.743492
2.537933 1.538204
2.430529 1.399443
2.319044 1.213436
2.494637 1.346703
2.346258 1.355987
2.339337 1.389431
2.280236 1.433798
2.310795 1.494283
2.455236 1.660160
2.544113 1.778430
2.757583 1.945104
3.043252 2.168053
3.215979 2.276716
3.318088 2.327321
2.970055 2.088519
2.591225 1.854577
2.217472 1.657196
1.892310 1.508994
1.765996 1.435650
1.785465 1.402020
1.808378 1.459346
1.795421 1.559422
1.828788 1.547913
1.944639 1.723981
1.640579 1.463490
1.377157 1.252203
1.283160 1.096225
1.300776 1.141216
1.406313 1.273218
1.599404 1.489771
1.878130 1.705285
2.171070 1.920494
2.520793 2.095666
2.896795 2.442657
3.126566 2.485600
3.244388 2.502182
3.438405 2.495556
3.529598 2.477619
3.432733 2.528795
3.305580 2.485994
3.000489 2.384651
2.633934 2.044740
2.270560 1.807212
2.240912 1.680009
2.176106 1.481377
2.161602 1.498050
2.139055 1.663389
2.204650 1.805849
2.332396 1.938634
2.396017 2.137854
2.415992 2.201196
2.385443 2.120085
2.505293 2.014542
2.749783 2.243974
2.749358 2.084419
2.616005 1.988893
2.556012 1.997603
2.481393 1.938247
2.442251 1.771870
2.340650 1.419267
2.014665 1.191538
1.738403 1.096058
1.589717 1.251805
1.702121 1.572758
1.689434 1.651110
1.715737 1.707529
1.826799 1.872639
1.990998 2.069240
2.159431 2.308431
2.247356 2.544432
2.423374 2.594646
2.536951 2.622391
2.710965 2.520416
3.039693 2.732916
3.041625 2.417635
2.878508 2.146278
2.568071 1.780600
2.186223 1.560750
1.806313 1.483419
1.632459 1.495898
1.537521 1.579593
1.637717 1.694015
1.812817 1.815332
2.134809 2.129239
2.270546 2.015973
2.296978 1.950096
2.212730 1.825910
2.088431 1.737872
2.102151 1.694164
2.072633 1.698259
2.035319 1.636011
1.967068 1.520557
1.749433 1.304624
1.680672 1.314860
1.588078 1.324557
1.594812 1.398697
1.567202 1.479557
1.660291 1.598558
1.781152 1.751205
1.958381 1.910729
2.110683 2.030387
2.126990 2.056824
2.299599 2.153912
2.523789 2.477936
2.677370 2.356169
2.790070 2.232336
2.905657 2.251994
3.111737 2.281061
3.165908 2.329047
3.221072 2.427438
3.193524 2.546226
3.183999 2.687577
3.167674 2.890153
3.377681 3.221553
3.429069 3.515766
3.473672 3.821134
3.393331 4.002392
3.257214 3.916135
3.221220 3.620033
3.174002 3.581528
3.246976 3.470593
3.291037 3.378739
3.494832 3.479666
3.675127 3.621258
3.621495 3.101592
3.483405 2.832095
3.401686 2.751961
3.396175 2.594837
3.471877 2.098367
3.587403 1.687609
3.678081 1.641320
3.737961 1.554989
3.816996 1.640404
4.046195 1.832782
3.406025 1.574379
3.104478 1.500039
2.959652 1.501220
2.909499 1.540714
2.902022 1.628477
3.113395 1.905411
3.325892 2.223090
3.574793 2.513264
3.850118 2.931496
4.209055 3.281369
4.429858 3.533725
4.629106 3.757085
4.910419 4.070960
5.174015 4.384507
5.382330 4.872413
5.553185 5.444007
5.648407 6.117504
5.788613 6.763778
5.804217 7.444496
6.027658 7.762559
5.737850 7.875151
5.249162 7.574300
4.379119 6.634444
3.581749 5.372436
2.929022 4.069284
2.207534 2.646121
1.807130 2.240184
1.708722 2.019869
1.762883 1.800934
1.991368 1.989918
2.138482 2.004630
2.298223 1.898053
2.522640 1.952505
2.718305 1.836859
2.898223 1.964885
3.129740 2.076810
3.367840 2.236342
3.691564 2.334101
4.049284 2.496532
4.408485 2.693582
4.485701 2.667577
4.572360 2.632027
4.566759 2.605333
4.681343 2.639457
4.761410 2.572019
4.789060 2.574499
4.704700 2.594938
4.737971 2.453763
4.818606 2.573123
4.952513 2.739629
4.380090 2.514791
4.044397 2.260620
3.832886 2.119418
3.850055 2.172765
3.908966 2.461753
4.205837 2.779731
4.493386 3.050937
4.734263 3.398243
4.873945 3.720554
5.083678 4.077069
5.190534 4.310309
5.198507 4.549991
5.193702 5.055205
5.133226 5.622764
5.104036 6.474573
5.001510 7.634430
4.926996 8.862772
4.549041 9.669968
3.847909 9.443105
3.625254 8.769613
2.711332 6.622366
2.271563 4.158283
2.180162 2.673461
2.135147 1.994301
2.084954 1.215053
1.947392 1.183834
1.757532 1.180938
1.545208 1.193837
1.439325 1.219098
1.586309 1.413982
1.632924 1.511787
1.757261 1.649291
1.955007 1.741278
2.121976 1.896060
2.329302 1.934496
2.462233 1.969299
2.618817 1.890770
2.668542 1.817136
2.646110 1.822812
2.873417 1.980089
2.984655 1.921441
3.069396 1.925624
3.155988 1.924486
3.312399 1.897206
3.521843 1.951875
3.630696 1.940067
3.865070 2.117157
4.036952 2.049053
4.228569 1.970528
4.601208 2.253709
4.308936 1.948887
3.980916 1.863675
3.788573 1.750524
3.855159 1.802978
4.013345 1.821968
4.043307 1.710396
4.188853 1.715329
4.267134 1.719389
4.343796 1.839681
4.580223 2.108447
4.200741 1.742786
4.031481 1.569673
3.955352 1.588883
3.903410 1.662385
3.908836 1.905289
3.928328 2.252295
4.135396 2.712779
4.386020 3.257062
4.831333 3.908650
5.187431 4.404039
5.278654 4.935080
5.284226 5.564505
5.147081 6.174311
4.841990 6.547579
4.294783 6.591206
3.770163 6.224121
3.252594 5.495964
3.109937 4.645705
3.078320 3.836593
3.247915 3.982992
2.903855 3.325632
2.749289 2.442723
2.403381 2.024363
2.102180 1.863846
1.832400 1.512950
1.709702 1.157374
1.761846 1.241109
1.859464 1.367700
2.001616 1.452947
2.276754 1.711217
2.517246 1.712843
2.678059 1.706763
2.806282 1.736385
2.917738 1.817776
3.166715 1.956900
3.446246 2.036510
3.811551 2.149128
4.241252 2.351502
4.500251 2.534169
4.990294 2.723474
4.261903 2.457272
3.788715 2.132363
3.590617 1.893422
3.477372 1.842906
3.179802 1.809105
2.989590 1.795072
2.822862 1.826151
2.674802 1.779908
2.542958 1.801616
2.521674 2.021469
2.215575 1.765301
2.055161 1.736246
2.077886 1.750991
2.184025 1.870487
2.273036 2.021533
2.403233 2.253374
2.584388 2.536843
2.828634 2.864042
3.162179 3.250868
3.456499 3.657588
3.642314 3.979281
3.886234 4.301172
4.100130 4.643868
4.353925 5.078871
4.577471 5.514531
4.848741 5.910284
4.923598 5.940190
4.675373 5.545423
4.105768 4.796280
4.133169 4.560563
3.279695 3.449876
2.998478 2.629210
2.650605 1.733602
2.664973 1.311552
2.571082 1.338826
2.433188 1.254153
2.394531 1.329588
2.280469 1.284074
2.221204 1.215847
2.367872 1.378669
2.231014 1.244333
1.966547 1.150533
1.730291 1.129062
1.555442 1.137196
1.473665 1.115904
1.469001 1.170578
1.635112 1.311819
1.823713 1.516362
2.042877 1.622403
2.285126 1.896264
