0.307372
0.337747
0.262559
0.172743
0.078246
0.060433
0.113098
0.262217
0.415792
0.601139
0.560978
0.658934
0.604640
0.522825
0.375935
0.226320
0.408214
0.568024
0.680946
0.610191
0.423928
0.168688
0.365941
0.756550
1.219179
1.696754
2.109853
2.516625
2.943331
3.361720
3.754912
3.871641
3.812304
3.490131
3.107850
2.800604
2.403287
2.104449
1.835573
1.799558
1.597247
1.386550
1.612564
2.037547
2.359657
2.746712
2.995528
3.005773
2.735433
2.370535
2.349747
1.999028
1.786320
1.665382
1.619612
1.539296
1.542566
1.591350
1.763133
1.822483
1.821675
1.901836
1.964882
2.035136
2.032804
2.051968
2.150171
2.350995
2.716057
2.960693
2.853276
3.236341
3.600560
3.788053
3.796849
3.855692
4.244874
4.662902
5.152884
5.514105
5.820804
6.219381
6.610218
6.870405
7.145233
7.331782
7.532863
7.771376
8.001408
8.201713
8.494689
8.347720
8.291956
8.461048
8.706441
9.097433
9.577339
10.048590
10.705304
11.158658
11.274476
11.325289
11.197639
11.105617
10.966311
10.945992
11.093184
11.325038
11.315764
11.404078
11.467679
11.749417
11.989653
12.193605
12.377024
12.511753
12.730362
12.879783
12.996974
13.145664
13.286846
13.538537
13.569302
13.639532
13.664800
13.781692
13.886497
13.818672
13.563757
13.352186
13.174237
12.939966
12.815784
12.684549
12.600964
12.549295
12.460675
12.392042
12.314935
12.287220
12.236287
12.098199
12.060798
12.055495
11.877684
11.632141
11.636081
11.697944
11.821488
11.981343
12.134622
12.157627
12.113462
12.071557
12.175427
12.326474
12.381779
12.432931
12.573653
12.702931
12.870749
12.847557
12.710720
12.438322
12.235850
12.065499
11.924515
11.763539
11.574621
11.309590
11.290197
11.164514
10.926460
10.814687
10.677662
10.526341
10.469245
10.468650
10.499409
10.671630
10.792846
11.027843
11.301867
11.522667
11.987711
12.430139
13.035744
13.796779
14.381760
14.994206
15.511411
16.077142
16.599695
17.141814
17.598839
18.043403
18.484526
18.957119
19.396838
19.838184
20.377827
20.816914
21.197330
21.642440
22.079819
22.496739
22.805106
23.134835
23.404182
23.599623
24.059968
24.252443
24.396330
24.752069
25.142587
25.749143
26.338840
26.999208
27.597569
28.360145
28.954261
29.822788
30.649957
31.508405
32.315708
33.111121
33.879450
34.418273
35.038223
35.545279
36.271400
36.757636
37.317312
38.010368
38.716051
39.398930
39.946227
40.448186
41.029048
41.486837
41.760953
42.103685
42.384705
42.593969
42.580238
42.390391
41.900711
41.213618
40.596009
40.029962
39.432864
38.821727
38.238714
37.755020
37.168427
36.592589
36.148418
35.664402
35.269440
34.860473
34.557588
34.123817
33.697229
33.086580
32.590530
32.025270
31.470815
30.828399
30.144575
29.461818
28.963429
28.177094
27.490776
26.943060
26.469050
25.993709
25.405413
24.978356
24.524424
24.062182
23.540871
22.964869
22.344281
21.675971
20.950610
20.278861
19.659334
18.979999
18.406252
17.833903
17.239561
16.771207
16.439272
16.077799
15.724539
15.471457
15.500408
15.777429
16.270653
16.856860
17.386463
17.904314
18.490775
19.045172
19.514064
20.025222
20.526281
21.059887
21.594070
22.267160
22.881489
23.529409
24.055749
24.716276
25.268470
25.849746
26.222020
26.484303
26.804532
27.069863
27.333107
27.721108
27.839544
28.095557
28.356086
28.771084
29.072342
29.468163
29.968284
30.658614
31.156314
31.521744
31.900658
32.218362
32.622205
32.898916
33.165524
33.414105
33.464420
33.483032
33.653693
33.649138
33.492132
33.496160
33.602580
33.718633
34.035648
34.446786
34.885445
35.502356
36.224097
36.919791
37.448226
37.674026
37.569299
37.270203
36.776850
36.260955
35.643393
34.983897
34.347954
33.668060
32.981765
32.453077
31.927889
31.354483
30.892319
30.636460
30.448023
30.304727
30.132177
30.041932
30.134705
30.090974
30.027553
29.814005
29.638808
29.296376
28.928667
28.766183
28.474766
28.386621
28.292452
28.058798
27.783589
27.316261
26.668763
26.112256
25.621791
25.138924
24.621678
24.201475
23.745847
23.350292
22.967759
22.604955
22.318287
22.102027
21.737194
21.415273
21.030150
20.891848
20.638577
20.385211
20.126038
19.919261
19.791857
19.433741
19.077915
18.668465
18.305233
17.833690
17.341369
17.197958
17.300623
17.628987
17.943889
18.261908
18.630997
19.010590
19.298875
