80
80
80
70
80
70
120
120
120
120
120
120
120
120
120
120
120
120
120
120
120
120
120
120
120
120
110
130
160
170
180
170
160
220
210
250
260
250
300
300
300
300
300
340
350
350
350
340
350
340
350
340
350
390
390
390
390
400
400
400
400
380
400
390
440
440
430
450
440
440
440
440
440
440
490
490
490
480
490
480
490
490
480
480
490
480
480
490
480
490
490
470
480
480
530
590
590
630
630
640
640
640
630
640
640
630
630
640
630
640
620
690
680
680
680
680
690
690
690
740
740
750
720
750
740
750
730
750
740
740
740
730
740
750
740
740
740
750
730
740
740
740
740
740
740
740
740
750
740
800
800
790
840
850
840
850
890
900
900
900
900
900
890
890
900
890
900
890
900
890
890
890
880
890
890
900
890
900
960
1010
1010
1010
1000
1010
1000
1000
1000
1010
1000
1010
1000
1010
1060
1120
1110
1110
1180
1170
1190
1170
1180
1180
1170
1170
1180
1180
1220
1220
1230
1220
1220
1230
1220
1220
1230
1220
1220
1230
1220
1230
1210
1230
1230
1230
1210
1230
1230
1220
1230
1220
1230
1240
1230
1220
1290
1270
1280
1280
1280
1280
1290
1270
1270
1290
1270
1280
1330
1330
1340
1330
1350
1340
1340
1340
1340
1350
1340
1330
1340
1330
1390
1400
1410
1390
1400
1390
1400
1410
1390
1400
1400
1390
1380
1450
1470
1460
1470
1450
1220
1030
1450
1460
1460
1460
1450
1450
1450
1460
1460
1460
1460
1450
1460
1450
1470
1460
1450
1450
1460
1450
1470
1440
1460
1450
1460
1460
1450
1450
1520
1520
1530
1520
1510
1520
1510
1520
1510
1510
1520
1510
1500
1510
1510
1500
1510
1500
1540
1540
1530
1510
1500
1530
1540
1540
1580
1560
1580
1580
1580
1560
1610
1650
1640
1630
1610
1690
1680
1670
1770
1840
1810
1790
1810
1790
1830
1820
1810
1860
1880
1900
1890
1880
1910
1890
1880
1880
1880
1870
1880
1870
1880
1860
1890
1870
1880
1870
1880
1920
1930
1940
1940
1930
1930
1920
1940
1930
1920
1940
1930
1920
1940
1930
1940
1940
1990
1990
2000
1990
1990
2000
2080
2060
2060
2070
2130
2110
2130
2120
2130
2120
2130
2120
2180
2170
2180
2190
2180
2180
2190
2190
2180
