2.018851 2.068378
2.069958 2.080933
2.160290 2.105660
2.302259 2.136100
2.529336 2.201211
2.779763 2.293037
2.990475 2.291112
3.219342 2.239627
3.502175 2.380259
3.805623 2.589094
4.134054 2.842541
4.528008 3.138182
4.852794 3.488011
5.161260 3.781396
5.527154 4.201087
5.887061 4.486380
6.237518 4.754291
6.502410 4.828999
6.567821 4.824544
6.486324 4.723710
6.354304 4.544278
6.173090 4.409002
6.156832 4.385650
6.133452 4.393431
6.253425 4.509311
6.416334 4.608518
6.550854 4.764588
6.716738 4.824497
6.695673 4.858861
6.676269 4.849229
6.618421 4.843925
6.324019 4.529420
6.138771 4.321785
5.969624 4.148036
5.780824 4.182286
5.622354 4.122865
5.410615 4.057996
5.173299 3.981366
4.963962 3.755339
4.575630 3.595850
4.240044 3.223297
3.916757 2.893068
3.707543 2.579870
3.523434 2.318735
3.338363 2.314998
3.333798 2.270920
3.345481 2.278691
3.468599 2.491529
3.711783 2.771289
4.055775 3.181402
4.520380 3.541370
4.899212 3.908064
5.262507 4.294381
5.509284 4.597270
5.747298 4.742335
5.975378 4.818156
6.171230 4.843671
6.178799 4.769389
6.043879 4.495877
5.764648 4.189798
5.503302 3.939230
5.337738 3.727750
5.207755 3.597833
5.066320 3.569086
5.017944 3.335863
5.041141 3.218441
4.919317 3.128273
4.756101 3.057565
4.388737 3.014984
4.339918 3.031396
4.197101 3.073637
4.040270 2.881943
4.094088 2.742849
3.944781 2.779621
3.810075 2.488218
3.533884 2.049803
3.390201 1.977355
3.315786 1.980006
3.214326 2.021573
3.234880 2.135871
3.323515 2.240909
3.411200 2.352827
3.439330 2.437869
3.523106 2.390711
3.687801 2.445665
3.767148 2.426260
3.861190 2.396955
4.018365 2.417366
4.243281 2.534744
4.505654 2.680932
4.768016 2.874431
4.924321 3.031211
5.053431 3.037759
5.156890 3.107598
5.163194 3.133209
5.123742 3.199139
5.150391 3.371304
5.168862 3.407801
5.163559 3.409995
5.012082 3.357126
4.892620 3.206006
4.614350 2.841289
4.358764 2.558900
4.113518 2.378734
3.882355 2.296239
3.867814 2.288328
3.961349 2.344172
4.196397 2.509013
4.494645 2.717949
4.651897 2.807077
4.733465 2.745943
4.628618 2.615101
4.582166 2.440264
4.406870 2.260254
4.284196 2.149318
4.108448 2.127192
3.746702 2.271208
3.579866 2.267860
3.506574 2.370185
3.358833 2.414412
3.338202 2.456737
3.327048 2.545554
3.518237 2.685225
3.783147 2.820169
4.001991 2.940257
4.270145 3.103770
4.333240 3.180237
4.333826 3.089105
4.205663 2.853465
3.972970 2.591345
3.642103 2.367518
3.499385 2.281761
3.244041 2.184503
3.218536 2.187699
3.148201 2.229602
3.153697 2.195626
3.164606 2.121041
3.071521 2.125051
3.140220 2.186703
3.248300 2.311632
3.428842 2.322718
3.784479 2.436384
4.090704 2.506624
4.303260 2.640975
4.445120 2.576770
4.477933 2.527953
4.386002 2.253873
4.151816 2.053415
3.987112 1.924985
3.842877 1.855704
3.653976 1.874372
3.566540 1.963735
3.398496 1.939072
3.191860 1.987634
3.181859 2.075229
3.136011 2.168912
3.227615 2.222673
3.337539 2.374020
3.513763 2.591831
3.742807 2.814269
3.901160 3.031838
3.977810 3.181660
4.019955 2.975290
3.894143 2.732457
3.608405 2.491965
3.303619 2.128333
3.161304 2.030152
2.973360 1.992211
2.830308 1.943864
2.789728 1.852930
2.807346 1.786358
2.912934 1.779540
2.909672 1.880239
2.983201 1.926356
3.114970 1.929350
3.341203 1.926610
3.597695 1.905707
3.672999 1.889340
3.606204 1.847471
3.486284 1.798051
3.350701 1.790462
3.286084 1.857456
3.281740 2.003255
3.191414 2.163854
3.173695 2.272538
3.168947 2.285513
3.275790 2.268052
3.287244 2.231306
3.447019 2.347156
3.539397 2.449638
3.517893 2.477048
3.537256 2.515600
3.654455 2.588308
3.740155 2.682939
3.947737 2.799772
4.193247 2.853025
4.402274 2.817127
4.487848 2.816010
4.581163 2.686865
4.612081 2.556614
4.615972 2.481088
4.592390 2.559907
4.706844 2.735323
4.867888 2.835166
4.960278 2.932204
4.970678 3.072636
5.026141 3.169359
5.072235 3.044505
5.240964 3.063647
5.414997 3.081833
5.580829 3.098515
5.699345 3.036192
5.814742 2.959598
6.045846 2.879227
6.087983 2.911234
6.419560 3.006078
6.581178 3.013116
6.827636 3.053466
7.006743 3.035076
7.284894 3.049441
7.512515 3.060732
7.787854 3.241144
7.983801 3.365063
8.167924 3.344032
8.248475 3.452748
8.163566 3.413725
8.265232 3.386985
8.360546 3.385505
8.298364 3.468507
8.145330 3.557397
8.037977 3.637113
7.698421 3.611895
7.399823 3.718502
6.910085 3.650332
6.527108 3.437917
6.154461 3.439844
5.766983 3.341988
5.495193 2.968538
5.099702 2.704324
4.701919 2.544243
4.240034 2.385151
3.755202 2.275695
3.505189 2.148787
3.283414 1.971429
3.311457 1.875386
3.801665 1.976842
4.317056 2.204154
4.686451 2.454865
5.033685 2.729182
5.363066 2.967555
5.585408 3.214525
5.771186 3.429944
6.011213 3.583574
6.238591 3.610474
6.408958 3.625277
6.461365 3.671568
6.478858 3.591300
6.441539 3.487370
6.259700 3.285445
5.965420 3.072228
5.643308 2.941669
5.088262 2.871036
4.790676 2.745197
4.418532 2.629315
4.233651 2.618134
4.069997 2.587505
4.235550 2.592964
4.280867 2.630032
4.339527 2.687245
4.443514 2.607608
4.533291 2.727261
4.610305 2.701157
4.586324 2.713720
4.673352 2.700652
4.882501 2.728464
4.967295 2.697080
5.101783 2.720003
5.120414 2.765618
5.011043 2.792623
4.904210 2.785499
4.772547 2.826391
4.735324 2.792133
4.691686 2.862431
4.638441 2.856815
4.675219 2.983382
4.809932 3.055521
4.856245 3.099567
4.882595 3.196339
4.894538 3.288776
4.903515 3.307120
4.888061 3.356115
4.839027 3.323023
4.966922 3.288014
4.977454 3.224348
5.029018 3.102557
4.966064 2.871169
4.755965 2.780556
4.439677 2.575262
4.088664 2.289059
3.582643 2.116615
3.359294 1.995094
3.249730 2.010235
3.241842 1.977864
3.232693 2.000980
3.294153 2.054658
3.255268 2.223632
3.377654 2.385328
3.603090 2.550941
3.748041 2.644338
3.916243 2.763049
4.223980 2.867165
4.449954 2.865549
4.642287 2.940736
4.926919 3.026637
5.210541 3.034579
5.401219 3.086877
5.555537 2.971292
5.761521 2.918570
6.068766 2.847616
6.324821 2.888803
6.553285 3.010679
6.757367 2.967018
6.902704 2.998765
7.044375 3.153646
7.165150 3.290045
7.331294 3.513713
7.514503 3.701362
7.627418 3.873671
7.777846 3.993334
7.899231 4.184893
8.017609 4.296073
7.911768 4.366087
7.933890 4.360110
7.963852 4.408012
7.813228 4.403511
7.528785 4.332048
7.503401 4.366455
7.265230 4.328451
7.009641 4.417004
7.024795 4.738161
7.963520 5.537501
9.515247 6.488490
10.973579 7.207341
11.879242 7.683851
12.447190 8.055859
12.416346 8.154415
12.327278 8.289787
12.373255 8.369492
11.910075 8.542708
11.189032 8.686046
10.640477 8.722570
9.966165 8.663645
9.164968 8.465302
9.109342 8.376838
9.064586 8.357268
8.971821 8.332129
8.953567 8.318408
8.877065 8.321199
8.605484 8.362394
8.608059 8.381870
8.487045 8.419019
8.069814 8.482615
8.242308 8.639159
8.330913 8.789210
8.447042 9.005555
8.567377 9.235409
8.912319 9.318913
9.028669 9.397286
9.239168 9.492278
9.408565 9.599165
9.489781 9.634476
9.583691 9.601395
9.768559 9.543410
9.868496 9.496575
9.905125 9.413714
9.832609 9.136944
9.926266 8.888016
9.891859 8.572229
9.703605 8.282279
9.504295 8.080746
9.256471 8.040365
9.106778 7.917927
8.545214 7.488736
8.046037 7.000089
7.817228 6.907787
7.842263 6.935439
7.760825 6.774636
7.797760 6.704191
7.602907 6.451774
7.087903 5.733676
6.249247 5.007575
5.118122 3.904194
4.399033 2.751647
4.066544 2.391128
3.626700 2.056733
2.905839 2.023551
2.780860 2.106204
2.777070 2.199770
2.568190 2.337734
2.678265 2.537229
2.672339 2.701578
2.752397 2.871243
2.804361 3.037542
2.973666 3.222870
3.091682 3.458664
3.265882 3.578142
3.474028 3.730350
3.776697 3.892288
4.107190 3.885840
4.347404 3.956747
4.597691 3.826967
4.751002 3.611932
4.789454 3.293355
4.545597 2.875024
4.226868 2.709171
3.951364 2.354052
3.796343 2.134398
3.620985 2.176715
3.536696 2.083604
3.551193 2.139493
3.726984 2.284917
