2.112807 2.046668
2.117790 2.072179
2.132548 2.141546
2.135975 2.230634
2.150901 2.340803
2.176209 2.495169
2.218988 2.631145
2.274988 2.783918
2.357214 2.960759
2.463879 3.158226
2.449803 3.205864
2.445533 3.277327
2.507239 3.386344
2.625301 3.435295
2.717301 3.456310
3.170728 3.894520
3.856037 4.547256
4.571217 5.264680
4.803085 5.538030
4.940366 5.763197
5.018889 5.726569
5.149176 5.729194
5.230376 5.745148
5.279340 5.805271
5.386371 5.837645
5.513800 5.901859
5.587248 6.011766
5.531692 5.816945
5.347355 5.742933
5.172338 5.602615
4.912943 5.199472
4.591981 4.866660
4.396862 4.498625
4.153900 4.128380
3.875112 3.992318
3.800593 3.718118
3.774502 3.614796
3.583870 3.536540
3.526674 3.425890
3.526568 3.329157
3.520930 3.103318
3.689835 3.221523
3.951422 3.507853
4.304142 3.783738
4.519895 3.817044
4.614461 3.838553
4.800291 3.926875
5.247009 4.147189
5.530423 4.356418
5.952738 4.699363
6.476142 5.076115
6.943381 5.382721
7.343618 5.616238
7.652866 5.860559
7.600588 5.887046
7.612967 5.832680
7.587062 5.744665
7.413828 5.599977
7.224220 5.518905
7.000827 5.465847
6.574097 5.291381
6.144604 5.158682
5.639271 4.798147
5.042194 4.471770
4.337127 3.922685
3.795603 3.419524
3.194481 2.929513
2.752718 2.535460
2.370952 2.409206
2.230357 2.309508
2.099801 2.297171
2.019744 2.277526
2.173678 2.349674
2.313596 2.493958
2.483233 2.559722
2.704415 2.668749
2.970643 2.755851
3.137090 2.920675
3.468967 3.173369
3.553645 3.238581
3.758803 3.379850
4.321059 3.709745
4.872598 4.032127
5.243994 4.191907
5.526721 4.331152
5.702495 4.306961
5.837846 4.311522
5.747583 4.229363
5.587520 4.144731
5.518503 4.017993
5.376505 3.919972
5.439447 4.031254
5.609058 4.082809
5.530174 4.090032
5.402342 4.032092
5.190064 4.049785
5.050491 3.996623
4.753051 3.874912
4.320744 3.843691
4.025779 3.771984
3.677424 3.621700
3.349740 3.546188
3.156851 3.415292
2.926507 3.331343
2.969535 3.420243
3.100376 3.547115
3.346806 3.801238
3.700852 4.082866
4.069440 4.337667
4.377176 4.351311
4.510456 4.400765
4.489559 4.383621
4.573618 4.472977
4.634766 4.498853
4.749466 4.503216
4.963154 4.602931
5.534322 4.983819
5.933632 5.366215
6.118872 5.456733
6.288365 5.555815
6.319755 5.538722
6.353143 5.483478
6.388996 5.315060
6.356100 5.240822
6.355567 5.170670
6.310688 5.054989
6.317538 5.045026
6.113499 4.906276
5.894610 4.699689
5.690381 4.418033
5.379339 4.310258
5.048405 4.068336
4.640627 3.690699
4.223338 3.494249
4.051160 3.391729
3.848057 3.427724
4.090336 3.766027
4.297370 3.993339
4.606607 4.309137
5.159966 4.864471
5.604191 5.190460
5.759606 5.417271
5.860166 5.560961
6.040262 5.600527
6.141950 5.659733
6.244238 5.791934
6.387465 5.942504
6.676312 6.210990
6.774595 6.461386
6.742253 6.739499
6.612560 6.730760
6.422380 6.796389
6.276318 7.136119
6.114114 7.073371
5.698449 7.002062
5.426613 6.894303
5.346426 6.844283
5.068623 6.625584
4.986519 6.351625
4.877465 5.993617
4.813068 5.749892
4.656895 5.431387
4.470592 5.199982
4.392869 4.947367
4.336097 4.639486
4.357069 4.445588
4.284670 4.352711
4.255355 4.281028
4.340728 4.367820
4.592316 4.463249
4.796025 4.585627
4.799205 4.698330
5.091184 4.893735
5.006824 4.728344
4.720171 4.601258
4.584412 4.470144
4.484559 4.451798
4.333116 4.572367
4.044143 4.566499
3.813460 4.397161
3.609074 4.261250
3.438486 4.116266
3.403088 4.018174
3.464250 3.888983
3.371848 3.818215
3.388838 4.049826
3.222274 4.377931
3.339420 4.472275
3.342740 4.579390
3.360420 4.490747
3.198672 4.354893
3.260957 4.239774
3.440511 4.295811
3.686367 4.512753
4.075034 4.919292
4.492743 5.277347
5.121537 5.987298
5.813501 6.949408
6.143408 7.528059
6.141313 7.597882
6.055842 7.642186
6.029448 7.718813
5.964474 7.742859
5.874266 7.853117
5.987658 7.903909
5.983767 7.888714
6.132465 7.953488
6.157766 7.884097
6.230800 7.846658
6.344299 7.798187
6.467929 7.898622
6.589233 7.935205
6.861789 7.927455
6.958204 7.885068
7.063199 7.658231
6.948066 7.263050
6.683078 6.713184
6.152304 6.186944
5.663134 5.884354
5.210503 5.568752
4.772368 5.233935
4.400588 4.778530
3.980177 4.508753
3.720406 4.200140
3.532340 3.999954
3.306148 3.859122
3.122216 3.655754
2.972570 3.452797
2.950303 3.449288
2.707218 3.447941
2.878864 3.774301
3.033188 3.973597
3.000386 4.080924
2.929172 3.987527
2.846179 3.820097
2.799192 3.674352
2.742632 3.470517
2.807763 3.361705
2.825433 3.325869
2.941735 3.367161
3.310490 3.636872
3.738138 3.947875
4.426662 4.452301
4.859686 4.530702
5.121383 4.551324
5.275959 4.588335
5.190582 4.448044
4.886499 4.200677
4.592675 3.696071
4.087495 3.282893
3.562699 2.890839
3.331359 2.665172
3.022662 2.485215
2.882823 2.253647
2.609200 2.152019
2.708498 2.014586
2.673528 2.061699
2.589534 2.052691
2.751925 2.299292
2.707013 2.404692
2.996606 2.608298
3.117956 2.696462
3.339943 2.718186
3.608591 2.729274
3.766863 2.750925
3.882521 2.900456
4.047453 2.983708
4.137209 3.006611
3.836814 3.139972
3.694547 3.083272
3.646591 3.126307
3.605500 3.186757
3.270246 3.172945
2.994055 3.038072
2.657813 3.201489
2.429734 3.358719
2.454926 3.438536
2.407004 3.256343
2.339076 3.245505
2.387555 3.075228
2.483242 2.871465
2.474146 2.881875
2.605983 3.022724
2.735919 3.015015
2.961541 3.157163
3.115749 3.171134
3.299189 3.422650
3.550857 3.715078
3.754257 3.935237
3.753741 3.990507
3.760247 3.778386
3.415619 3.497217
3.059211 3.082903
3.157322 2.947753
2.819127 2.605412
2.628725 2.554041
2.518829 2.554453
2.728717 2.776939
3.625685 3.166915
3.960975 3.194283
4.122499 3.129831
4.091778 3.051686
3.818794 2.971489
3.652382 2.762403
3.458597 2.743006
3.299838 2.661103
3.105760 2.604676
3.064595 2.531835
2.738101 2.394217
2.309263 2.428962
2.339596 2.326750
2.371706 2.346887
2.412719 2.378697
2.339124 2.393562
2.385771 2.433912
2.436107 2.310538
2.452575 2.344578
2.600104 2.479830
2.763047 2.591121
2.900398 2.639146
2.951165 2.592118
2.903630 2.356765
2.731556 2.318839
2.549229 2.045112
2.437801 1.965400
2.422795 1.934415
2.474187 2.127179
2.577472 2.312528
2.754018 2.541420
2.767780 2.763784
2.775155 2.828877
2.919676 2.827261
3.202767 3.024694
3.713251 3.332540
4.157663 3.695606
4.571511 4.095081
5.138593 4.532116
5.538523 4.840657
6.018856 5.169731
6.452742 5.386018
6.895080 5.207083
7.244527 5.466675
7.251367 5.656726
7.156819 6.135948
7.115244 6.759859
7.065374 7.467671
7.014256 8.192582
6.856659 8.841088
6.410663 8.904115
5.880710 8.341218
5.134691 7.299907
4.696847 6.412137
3.980221 5.670970
3.831096 5.419690
3.673261 5.150080
3.430599 4.812443
2.922426 4.249453
2.577783 3.398170
2.515991 3.127746
2.186981 2.605249
2.151274 2.103733
2.185059 2.192754
2.235975 2.281697
2.225659 2.308105
2.009751 2.312115
2.007362 2.412097
2.188830 2.633915
2.198184 2.625886
2.194184 2.618508
2.153625 2.631430
2.253652 2.560332
2.221620 2.551172
2.138226 2.499903
2.022061 2.386919
2.005240 2.382250
2.046315 2.506276
2.219391 2.723108
2.510309 3.191089
2.613136 3.155541
1.966862 2.207192
2.193616 2.152876
2.575182 2.317137
2.836407 2.466481
2.973686 2.502861
3.121654 2.577253
3.351199 2.704805
3.561931 2.776839
3.676453 2.763824
3.754059 2.910678
3.896525 3.021132
3.704259 3.005679
3.715305 3.164983
3.791440 3.335140
3.887504 3.524272
4.098516 3.809226
4.289929 4.047655
4.436331 4.139796
4.511307 4.249198
4.460122 4.174171
4.323732 3.914606
4.059428 3.454066
3.887057 3.027876
3.680857 2.947631
3.413645 2.701081
3.354394 2.502383
3.080684 2.512030
3.029375 2.466226
2.839112 2.201717
2.677798 2.161380
2.497429 2.171500
2.501650 2.260196
2.487863 2.405990
2.508050 2.575526
2.592508 2.674884
2.804848 2.858000
2.977999 2.899381
3.282294 2.914291
3.783808 3.047416
4.272350 3.133368
4.382217 3.073434
4.432146 3.120409
4.361755 3.394735
4.198185 3.302941
4.026445 3.154937
3.888186 3.137316
3.780918 3.131981
4.477649 3.341683
4.900118 3.604134
4.991900 3.695362
4.954980 3.745077
4.978362 3.790854
4.941411 3.751888
4.955706 3.776437
4.838451 3.765861
4.847767 3.768870
4.882695 3.709668
4.884889 3.841667
4.786926 3.853456
4.840863 3.812442
4.775964 3.770192
4.804092 3.820142
4.896012 3.822003
4.792393 3.714350
4.439460 3.558820
4.077452 3.332032
3.519633 3.025059
2.909576 2.910470
2.585259 2.760036
2.406828 2.564801
2.401573 2.412229
2.313042 2.378855
2.246841 2.442909
2.161407 2.414203
2.059635 2.305122
2.173262 2.314560
2.455870 2.305229
2.722474 2.277016
2.995142 2.160748
3.413565 2.143311
3.407476 2.002985
3.271876 2.221115
2.841862 2.193453
2.503573 1.980781
2.366697 1.854924
2.243893 1.768733
2.121296 1.720756
1.984786 1.628073
1.980617 1.578209
1.965618 1.650238
2.000480 1.732149
1.917557 1.794390
2.027306 1.897715
2.215260 2.082345
2.387226 2.209636
2.655710 2.542791
2.718933 2.644198
2.782969 2.730147
2.776247 2.755762
2.898750 2.876317
2.989959 2.952798
3.079372 3.029608
3.029179 2.979071
3.069696 2.977117
3.256010 3.032764
3.314502 3.115974
3.429378 3.118411
3.492404 3.102401
3.621033 3.203975
3.767612 3.337281
3.766146 3.467757
3.802828 3.463342
3.763989 3.384593
3.673254 3.332116
3.629224 3.457757
3.730796 3.512476
3.486337 3.214510
3.302138 3.052890
3.367364 3.007731
3.370408 2.938263
3.231018 2.789899
3.145021 2.719479
3.068615 2.573003
2.972972 2.483643
2.981074 2.495910
3.098110 2.588680
3.031523 2.495047
3.257100 2.719852
3.329050 2.801257
3.365226 2.899770
3.357039 2.907980
3.329715 2.981651
3.269912 3.040620
3.178057 3.138989
3.108895 3.222569
2.942160 3.131499
2.746511 3.038855
2.576425 3.035684
2.460684 3.009424
2.379905 3.032489
2.405828 3.004937
2.370503 2.917007
2.320685 2.548625
2.383880 2.371771
2.254861 2.258344
2.223295 2.246835
2.174868 1.988501
2.185770 1.879384
2.198343 1.759557
2.106213 1.707602
2.065454 1.689121
2.030065 1.701835
2.005282 1.729082
1.972410 1.741987
1.967165 1.753043
1.817188 1.578222
1.765031 1.581683
1.703774 1.539026
1.721866 1.562293
1.712084 1.643544
1.817836 1.808724
2.018273 1.988530
2.205928 2.139488
2.330228 2.186696
2.444968 2.314020
2.570799 2.383144
2.732951 2.492501
2.798630 2.707219
2.943330 2.902801
3.174602 3.171361
3.411484 3.352005
3.580107 3.399116
3.727469 3.502711
3.828172 3.394827
3.937093 3.412575
3.907509 3.307388
3.975764 3.324837
3.974838 3.279670
3.940818 3.022778
3.989653 2.937156
4.428048 3.151224
4.821459 3.265893
