0.156272
0.231607
0.437777
0.497399
0.586022
0.719766
0.801704
0.873187
1.184600
1.360071
1.705469
1.900294
2.181460
2.664911
2.750193
2.677078
2.526400
2.564282
2.591998
1.913004
1.495250
0.880786
0.417303
0.158856
0.521105
1.158598
1.621905
2.216624
2.627024
3.053424
3.633602
4.104567
4.532147
5.168576
5.600800
6.204693
6.636318
7.241430
7.642187
8.047541
8.622283
9.002797
9.612596
10.018248
10.407627
10.467945
10.550043
10.680995
10.743119
10.617061
10.517722
10.453452
10.386870
9.840140
9.458097
8.811712
8.177917
7.776559
7.357660
6.976188
6.416899
6.038741
5.697981
5.101465
4.687183
4.286022
3.704698
3.339776
2.850792
2.555020
2.261927
1.930106
1.759180
1.682881
1.694193
1.783095
1.926265
2.307729
2.167503
2.055705
1.626511
1.300473
1.687068
1.967231
2.120036
2.044589
2.086810
2.025595
2.015695
2.104984
2.314263
2.873382
3.233146
3.590635
4.006606
4.596950
5.029602
5.495073
6.133603
6.555148
7.219682
7.641395
8.046040
8.409749
8.930536
9.263238
9.582693
10.103320
10.512278
10.865357
11.213933
11.142474
11.222297
11.281097
11.376968
11.186532
11.147875
11.159095
11.212778
11.299951
11.415267
10.721274
10.314658
9.915329
9.536340
8.943632
8.546308
8.144970
7.572184
7.184947
6.808867
6.259387
5.879688
5.505646
5.149046
4.628565
4.314785
4.014212
3.590158
3.329927
3.128109
2.881120
2.800382
2.803724
2.885576
3.010122
2.825235
2.323602
1.699591
1.190811
0.786528
1.565589
2.255567
2.154915
2.099507
2.229585
2.543793
2.814866
3.133186
3.468602
3.982044
4.326991
4.673427
5.233633
5.645656
6.063519
6.433598
6.978807
7.394309
7.996814
8.412108
8.377482
8.240892
8.620066
8.994708
9.493713
9.846700
10.390010
10.779486
11.099885
11.100359
11.192014
11.383745
11.514681
11.299097
11.192755
11.104846
11.083105
11.121309
11.247383
11.374747
11.604968
11.748320
12.043951
12.299239
12.564291
12.959317
13.243513
13.694064
14.049358
14.303361
14.947831
15.649327
16.122489
16.085347
16.544262
16.371027
16.018858
15.470129
15.127843
14.809214
13.994986
13.594254
13.362245
13.143775
12.915205
12.638100
12.461863
12.313758
12.146140
12.050425
12.094731
12.115245
11.653752
10.735131
10.535766
10.597885
10.665099
10.723501
10.212876
10.388445
10.594215
10.791295
10.963749
11.146900
11.452914
11.723624
11.928251
12.272127
12.530814
12.794141
13.192041
13.482984
13.517867
13.536769
13.773617
14.004002
14.617902
15.217817
15.616222
16.170413
16.767527
16.720450
16.115767
15.794989
15.255119
14.904816
14.530960
13.524286
12.958868
12.165979
11.929290
11.706017
11.487734
11.316664
11.161648
10.963096
10.837744
10.753835
10.660916
10.588679
10.694748
10.839581
11.060859
10.687697
10.702704
10.776546
10.890800
11.008587
11.129696
11.104799
10.965440
10.999387
11.185956
11.480147
11.829918
12.105625
12.432401
12.990752
13.543432
14.128951
14.364468
14.850663
14.957530
15.485349
15.847096
16.128923
16.412538
16.515752
16.524085
15.802316
15.415055
15.023223
14.282360
14.300820
14.293502
13.694897
13.385462
12.997494
12.742996
12.388416
12.028239
11.823041
11.569887
11.402984
11.252645
10.960439
10.768861
10.722907
10.754752
10.860945
10.888733
10.335256
10.315593
10.326584
10.389543
10.457029
10.442254
10.532433
10.724693
10.869516
11.075557
11.364422
11.590718
11.859202
12.412602
13.205787
13.705125
14.241690
14.591754
15.097356
15.755730
15.168138
14.838718
14.309863
13.853053
13.428961
12.918810
12.772702
12.872410
13.083347
13.573739
13.964892
14.364498
14.717648
15.219601
15.243521
15.287218
15.280595
15.626827
16.192785
16.589695
17.221792
17.270095
17.630424
18.021011
18.618220
18.637004
18.620736
19.049168
19.645905
20.051515
20.662561
21.074553
21.709848
22.132282
22.558468
23.045296
23.409226
23.571694
23.466676
23.554241
23.809821
23.526632
23.246094
22.675904
22.232654
22.221687
22.121067
22.142470
21.512027
21.090943
20.660802
20.249577
19.650303
19.254781
18.847099
18.453239
18.076875
17.674145
17.106015
16.723119
16.738451
16.761586
16.738413
16.672824
16.710108
16.323949
15.963656
15.607941
15.090811
14.702767
14.334849
14.024017
13.779034
13.553668
13.429031
13.285936
13.242152
13.451808
13.888618
13.896766
14.225363
14.566345
15.071919
15.411255
14.872518
14.419425
13.920126
13.567251
13.404822
13.390138
13.391170
13.241061
13.180868
13.169132
13.373691
13.968072
14.372051
14.784314
15.194015
15.793590
16.016059
16.624867
17.053854
17.448803
17.870088
18.544001
18.995396
19.669839
20.325673
20.996991
21.648381
22.322178
23.040365
23.725877
24.161266
24.386871
24.461221
24.430910
24.463134
24.797061
24.603449
23.917245
23.901837
23.883150
23.430920
22.782672
22.126004
21.689415
21.056669
20.631080
19.983366
19.573148
19.168630
19.087566
19.093565
18.538550
18.158971
17.788543
17.410668
17.050873
16.523483
16.171177
15.791526
15.442310
15.095237
14.574950
14.245661
13.898354
13.601397
13.520176
13.694259
13.587881
13.625620
13.953954
14.284761
14.661121
14.969943
14.721526
14.287768
13.984409
13.875804
13.851242
13.898010
13.964211
14.125551
14.241351
14.557256
15.116421
15.497846
15.883324
16.275717
16.680780
16.647519
16.607733
17.034355
17.447172
17.828688
18.252707
18.663259
19.292387
19.683818
20.112121
20.759896
21.185317
21.631728
22.222784
22.652863
23.311844
23.752732
24.189147
24.635333
24.615254
24.142877
24.153427
23.725074
23.485159
22.865875
22.410635
21.556362
20.955225
20.549323
19.918681
19.521828
19.124884
18.718171
18.360103
18.007222
17.624878
17.023092
16.625550
16.273296
15.730412
15.351061
14.973385
14.580270
14.036507
13.681077
12.877047
12.065919
