0.176257
0.238532
0.407512
0.439283
0.500543
0.608171
0.677939
0.712989
0.998246
1.162673
1.506671
1.688415
1.984412
2.426366
2.555408
2.518762
2.371650
2.428378
2.386770
1.675903
1.268898
0.676721
0.232559
0.198804
0.616834
1.224964
1.659294
2.240614
2.648919
3.075019
3.628437
4.073338
4.496296
5.116960
5.501531
6.073558
6.458367
7.014642
7.370353
7.735123
8.256083
8.587639
9.155152
9.522673
9.905293
9.978918
10.070839
10.222258
10.282748
10.049181
9.870642
9.756985
9.651270
8.982383
8.553889
7.885082
7.228762
6.813610
6.381238
5.977184
5.358098
4.924495
4.548247
3.917116
3.486644
3.037915
2.426652
2.015348
1.460324
1.158698
0.901661
0.798126
0.924971
1.199590
1.607225
1.886162
2.167991
2.721303
2.989662
2.998829
2.709670
2.505967
2.776110
2.871171
2.776522
2.186925
1.927215
1.636684
1.399262
1.229933
1.226796
1.588327
1.921612
2.259488
2.638161
3.199569
3.621212
4.064766
4.673448
5.079182
5.740032
6.144010
6.573924
6.937498
7.484007
7.827283
8.161301
8.672880
9.075772
9.461275
9.959813
9.983488
10.124662
10.224801
10.406053
10.168760
10.079071
10.038561
10.031267
10.056512
10.119949
9.448328
9.030185
8.607002
8.190472
7.602774
7.189798
6.798030
6.203377
5.817359
5.430223
4.812185
4.417300
4.001305
3.608180
3.031707
2.693012
2.339689
1.890408
1.682000
1.546108
1.538205
1.687527
1.910942
2.318742
2.632699
2.698421
2.677309
2.421247
2.227935
1.838437
2.164064
2.406774
1.747722
1.248040
0.955937
1.085366
1.345207
1.670510
2.023129
2.571424
2.962911
3.367032
3.993505
4.462790
4.910864
5.340688
5.955272
6.424540
7.079619
7.563431
7.593707
7.664269
8.074488
8.482613
9.054257
9.473705
10.085784
10.488920
10.873582
10.898469
11.018596
11.247700
11.394988
11.138932
11.031755
10.924233
10.857008
10.868582
10.935572
11.037171
11.254880
11.409026
11.692865
11.961254
12.225382
12.604538
12.883859
13.336829
13.735723
14.004018
14.684892
15.367996
15.878475
15.846624
16.322668
16.043372
15.652394
15.032222
14.642488
14.308201
13.537271
13.205874
13.026838
12.863989
12.699023
12.476953
12.344674
12.252521
12.153898
12.066745
12.112846
12.082878
11.762390
10.975969
10.883166
11.083347
11.246571
11.447741
10.905956
10.856410
10.908626
10.967923
10.972094
11.015333
11.149109
11.325621
11.398068
11.612609
11.759566
11.889242
12.138427
12.317307
12.357735
12.332887
12.526228
12.711323
13.378235
13.994713
14.403296
14.990033
15.571635
15.568014
14.980046
14.665949
14.139838
13.784806
13.404330
12.525962
12.013467
11.333518
11.153263
11.002042
10.871344
10.740426
10.622773
10.491661
10.450290
10.413279
10.417378
10.463428
10.684510
10.905419
11.186615
10.610692
10.498703
10.522591
10.567930
10.607535
10.659014
10.502775
10.270228
10.225790
10.320926
10.509402
10.781310
10.989768
11.296054
11.798595
12.364819
12.948823
13.168338
13.670050
13.738525
14.313998
14.723753
15.038183
15.345826
15.469700
15.477966
14.749658
14.390697
13.988756
13.274579
13.282439
13.265382
12.685494
12.381301
12.001383
11.767332
11.475321
11.219991
11.070222
10.862024
10.752661
10.650485
10.431908
10.352771
10.444362
10.569994
10.769146
10.866392
10.385961
10.353833
10.349105
10.389962
10.464290
10.398644
10.420191
10.587210
10.740986
10.957182
11.261424
11.494966
11.769824
12.342354
13.142755
13.672695
14.251687
14.625380
15.197545
15.885791
15.372302
15.031940
14.486700
14.047577
13.616474
13.122815
13.028151
13.121367
13.357090
13.832540
14.206429
14.591317
14.929096
15.411388
15.414372
15.430482
15.443353
15.801347
16.361367
16.764146
17.393104
17.368746
17.746259
18.148927
18.773569
18.810104
18.809930
19.256466
19.864617
20.270520
20.899115
21.326186
21.989950
22.441997
22.961799
23.546331
23.971007
24.163353
24.148083
24.076204
24.334241
24.031605
23.740640
23.113675
22.642115
22.648851
22.665554
22.605606
21.934426
21.498945
21.081676
20.677773
20.059880
19.653751
19.251511
18.858100
18.465834
18.041334
17.488658
17.096905
17.145696
17.208669
17.225673
17.166622
17.185504
16.809771
16.449671
16.097930
15.604087
15.227116
14.885286
14.594137
14.452501
14.319985
14.252366
14.198672
14.282255
14.592646
15.079582
14.963284
15.338510
15.717920
16.269946
16.666267
16.079275
15.583177
15.027222
14.621676
14.331249
14.202109
14.022719
13.725551
13.554943
13.419963
13.469647
13.913973
14.207203
14.525532
14.826416
15.335654
15.492149
16.010714
16.340046
16.651320
16.983380
17.530237
17.910453
18.523118
19.136389
19.765796
20.377459
21.020684
21.725258
22.380263
22.913372
23.180766
23.186209
23.179228
23.118970
23.369238
23.110559
22.342562
22.356136
22.380022
21.902270
21.214848
20.580129
20.155015
19.552729
19.149476
18.555250
18.186816
17.788652
17.891019
17.905864
17.343714
16.962847
16.591219
16.192958
15.829262
15.312829
14.954374
14.599832
14.281926
13.982106
13.537468
13.254425
12.993743
12.809035
12.907390
13.237246
13.256988
13.257001
13.728808
14.181355
14.666013
15.020802
14.923222
14.381105
13.965092
13.776671
13.649063
13.602746
13.579466
13.608627
13.646634
13.829008
14.287241
14.590121
14.918525
15.279685
15.634484
15.591054
15.582078
15.940958
16.301664
16.647234
17.022337
17.402835
17.968307
18.330721
18.730539
19.361319
19.789675
20.243516
20.882063
21.326520
22.008223
22.485418
22.939116
23.375371
23.413455
22.927214
22.929795
22.489761
22.224066
21.516276
21.023393
20.139790
19.505252
19.096763
18.440490
18.011783
17.574851
17.151393
16.761981
16.390200
16.022863
15.458119
15.094431
14.772675
14.296996
13.941042
13.615568
13.256365
12.771278
12.487018
11.816818
11.331208
