30
30
30
30
40
30
30
30
30
40
40
50
50
70
70
60
70
70
90
90
90
90
80
90
80
90
90
90
90
90
90
110
110
130
150
150
150
160
170
160
170
170
170
170
170
170
160
170
170
170
170
190
190
190
190
190
190
200
220
200
220
230
230
230
230
250
250
250
250
260
250
250
250
270
280
270
270
270
270
280
290
300
290
300
290
290
300
290
290
300
300
290
290
300
310
320
310
320
310
310
320
310
310
310
320
310
320
310
320
310
320
310
320
310
320
310
320
310
320
310
320
310
320
310
320
310
310
320
320
310
310
320
310
310
310
310
320
310
320
310
320
310
320
310
320
310
310
320
310
310
320
320
310
310
320
310
310
320
310
320
310
320
310
310
320
310
320
310
310
310
310
320
310
320
310
340
340
330
340
340
340
330
340
340
330
330
340
330
360
380
380
380
380
380
380
380
380
380
380
380
380
380
380
380
380
380
380
380
380
380
390
380
400
400
410
400
400
410
400
410
400
400
410
400
410
400
400
430
450
450
450
450
450
450
450
450
450
450
470
470
480
470
470
480
470
470
480
470
470
480
470
470
470
480
470
470
480
470
480
490
510
500
490
490
500
500
500
500
500
500
500
510
500
500
500
500
500
500
500
490
490
500
500
490
500
500
500
500
520
520
520
530
520
520
530
520
530
520
520
530
530
520
530
530
520
530
520
530
550
560
550
560
550
550
560
550
550
560
550
550
560
550
550
560
550
550
550
550
550
550
550
540
560
550
550
550
550
580
570
580
570
580
600
610
600
630
640
640
640
640
660
660
660
660
660
660
660
660
660
660
660
660
660
660
660
660
660
650
660
660
660
650
660
650
660
660
650
660
680
690
680
690
680
690
680
680
690
690
680
690
690
690
690
690
690
690
690
690
690
690
690
690
690
690
680
710
720
720
740
740
750
740
750
740
740
740
740
740
740
740
740
740
740
750
740
740
740
740
740
730
740
730
740
740
740
740
730
740
740
740
740
730
740
740
770
760
760
770
790
800
800
820
820
820
820
830
820
830
820
830
830
830
830
830
830
860
860
870
870
870
900
900
910
900
900
900
900
900
900
900
900
900
890
900
890
930
920
920
920
920
920
920
920
930
920
930
920
920
930
930
920
930
920
930
920
930
920
930
920
920
930
920
920
920
920
920
910
920
920
910
920
910
910
910
930
950
940
940
940
940
940
940
950
940
940
940
940
940
950
940
950
940
950
940
950
940
940
940
980
970
970
970
1010
1000
1000
1010
1000
1000
1000
1010
1000
