0.160273
0.222323
0.440619
0.478648
0.559122
0.679594
0.742571
0.792360
1.102642
1.278634
1.630186
1.846386
2.176823
2.796088
2.950351
2.883830
2.588959
2.555253
2.555389
1.866581
1.362546
0.777466
0.556835
0.624249
0.935609
1.562929
2.046887
2.624154
2.851044
3.229665
3.489299
3.783982
4.117460
4.508494
4.647122
5.073776
5.433446
5.808396
6.032385
6.281350
6.670588
6.947275
7.467882
7.751255
8.011825
8.132969
8.175276
8.415502
8.532268
8.393772
8.056728
7.682101
7.376496
6.540149
5.993897
5.384763
4.838151
4.477115
4.191765
3.910054
3.435709
3.212035
2.995008
2.561118
2.344262
2.090501
1.582861
1.383198
1.057387
0.674942
0.660310
0.988504
1.388361
1.816568
2.428792
2.784835
3.111769
3.723888
4.095493
4.083861
3.709285
3.334700
3.449540
3.212996
2.794134
2.124493
1.811625
1.623576
1.543158
1.581283
1.699617
2.178983
2.518253
2.963459
3.519722
4.171924
4.609974
4.976672
5.423372
5.643146
6.072118
6.293429
6.414523
6.556992
7.029032
7.191092
7.488304
8.026585
8.486522
8.800073
9.118791
8.989663
9.192752
9.312644
9.589115
9.264384
9.169054
9.036738
9.015766
9.038059
9.087554
8.376853
7.828522
7.425351
6.999834
6.480285
6.191703
5.891193
5.267404
4.943657
4.433479
3.758833
3.316495
2.676776
2.195456
1.560930
1.232661
1.036556
0.648253
0.594650
0.556977
0.665224
0.655412
0.678200
1.048359
1.110133
1.245398
1.139934
0.575500
0.838000
1.258774
0.641146
1.074961
2.069839
2.901157
3.592183
4.359684
4.936981
5.405912
5.842029
6.478372
6.945312
7.315581
8.006197
8.544967
9.077780
9.585559
10.195998
10.702098
11.448673
11.908146
12.034958
12.183328
12.490813
12.895207
13.444746
13.773299
14.386106
14.789712
15.203577
15.246922
15.362720
15.556389
15.789010
15.354394
15.301141
15.280059
15.465051
15.316797
15.359146
15.386158
15.490683
15.628107
15.779332
16.101526
16.386463
16.806937
17.212870
17.690816
18.777768
19.475325
20.358165
21.553217
22.443931
22.349546
22.616037
22.445011
22.072568
21.515225
21.045418
20.408956
19.576807
19.038260
18.704436
18.284330
17.716115
17.296694
16.930868
16.848529
17.147093
17.449603
17.940686
18.304569
18.009082
17.374361
17.409988
17.424105
17.493174
17.611637
17.254873
17.705973
18.495186
18.895405
18.954344
19.117083
19.359020
19.325010
19.205356
19.449602
19.628325
19.682825
19.903996
20.013657
19.924288
19.906367
20.074997
20.183802
20.592374
21.125765
21.324974
21.617367
22.076129
21.870351
20.995917
20.671379
20.158611
19.605698
19.014220
17.645782
16.888351
15.578378
15.231892
14.930647
14.657287
14.371305
14.055246
14.011213
14.057955
14.018207
14.112589
14.513065
15.037471
15.552642
15.863661
15.378968
15.544318
15.622826
15.692962
15.658703
15.544358
14.582017
13.956468
13.733295
13.628445
13.311683
13.315298
13.412414
13.525251
14.004119
14.728543
15.374895
15.699429
16.427125
16.310351
17.140745
17.471960
17.539115
17.923284
18.046581
17.925672
17.093265
16.618325
16.161544
15.409757
15.282439
14.983777
14.469736
14.274131
14.244785
14.139030
14.037271
13.763677
14.135415
14.596256
15.119089
15.683261
16.476601
17.440923
18.448758
19.162199
20.219856
20.895135
20.305164
19.961439
19.733669
19.249452
18.632142
17.893966
17.178118
16.445628
16.107305
15.789217
15.265928
14.954765
14.641188
14.414224
14.698954
15.114735
15.912182
16.517200
17.338674
18.243209
17.442835
16.798689
15.887714
14.923020
13.882716
12.638304
11.464456
10.247998
9.375770
8.739296
8.418080
8.316987
8.614072
9.112314
9.559907
10.000556
10.312108
11.111678
11.970343
12.688028
13.519338
13.879533
14.558226
15.207459
15.969992
16.042767
16.062070
16.545338
17.294896
17.724340
18.363521
18.919245
19.685917
20.176276
20.734595
21.355918
21.836136
22.207000
22.295405
22.395340
23.270773
23.474757
23.617502
23.359340
22.883155
22.920635
22.893690
22.820870
21.553345
20.744561
20.122011
19.448283
18.645263
18.203879
17.769858
17.181001
16.769454
16.319066
15.652372
15.257537
15.346871
15.380624
15.350300
15.357764
15.258750
14.733758
14.322576
13.849507
13.284022
12.882080
12.443275
12.119302
11.938066
11.814405
11.797833
11.958741
12.265991
12.885182
13.781253
13.911744
14.500177
15.066007
15.782631
16.430141
15.650444
15.354627
15.020100
14.838100
14.367155
14.233797
13.813383
13.114295
12.433490
11.883848
11.299167
11.078801
10.813275
10.704539
10.504391
10.807796
11.289934
11.991445
12.681508
13.221574
14.062407
14.751219
15.402733
16.119866
16.771157
17.514025
18.196300
18.852077
19.857620
20.614738
21.288791
21.802156
21.841833
22.001647
22.022927
22.421434
22.281728
21.600983
21.767678
21.875722
21.472087
20.885371
20.308264
19.887162
19.231313
18.830628
18.122914
17.615120
17.041048
16.857495
16.818559
16.213637
15.707027
15.281216
14.796044
14.354482
13.785726
13.405036
13.017987
12.614416
12.335761
11.864524
11.469109
11.231717
11.014849
11.079408
11.425114
11.400410
11.375191
11.669762
12.034975
12.420755
12.754751
12.587338
12.012504
11.719917
11.546405
11.524259
11.546688
11.569117
11.602777
11.623003
11.761324
12.220384
12.624588
13.020194
13.377536
13.748026
13.748566
13.759424
14.032487
14.400493
14.628590
14.872837
15.204964
15.647258
15.970399
16.283181
16.891866
17.359621
17.961426
18.880464
19.565140
20.411655
21.120444
21.792189
22.495349
22.594390
22.044971
22.046668
21.569596
21.289105
20.466938
19.915223
19.003687
18.263105
17.906582
17.326642
16.893629
16.492807
16.071744
15.688387
15.327438
14.982077
14.387173
13.981399
13.598161
13.003202
12.614970
12.316733
12.015123
11.593279
11.407870
10.901698
10.742206
