2.149924 1.953390
2.096555 1.863399
2.001373 1.843146
1.866690 1.758783
1.775277 1.737876
1.741660 1.776473
1.809916 1.963321
1.871901 2.128429
1.937545 2.352691
1.995017 2.540434
2.138850 2.845438
2.197460 3.014283
2.204392 3.171110
2.247607 3.381034
2.088081 3.264303
2.195024 3.303246
2.401884 3.457671
2.710941 3.728119
2.899021 3.837712
2.964427 3.843455
2.888045 3.827844
2.892270 3.843593
2.758538 3.807928
2.885807 3.914571
3.085569 4.152616
3.298020 4.322142
3.511472 4.533508
3.807635 4.818576
4.105151 5.049115
4.379433 5.342211
4.649223 5.525971
4.878436 5.709368
5.065270 5.869999
5.232689 6.007372
5.508007 6.219527
5.652221 6.363088
5.903131 6.494472
6.201412 6.706746
6.522992 7.012722
6.759288 7.237190
6.995956 7.452792
7.194376 7.662143
7.331644 7.766854
7.541412 7.940228
7.649739 8.077607
7.712635 7.972683
7.800599 7.983961
7.872055 8.094017
7.922833 8.018186
7.875766 8.066645
7.813901 7.990489
7.758376 7.934145
7.755489 7.917119
7.722985 7.982299
7.632665 7.683309
7.641735 7.742054
7.668083 7.809417
7.654832 7.848994
7.722128 7.923356
7.691487 7.890250
7.773573 7.983995
7.846825 8.087675
7.895198 8.138615
8.048247 8.262744
8.161571 8.378366
8.278449 8.495892
8.373297 8.631067
8.549179 8.810412
8.694440 8.987381
8.848467 9.118272
9.000145 9.251060
9.144168 9.380571
9.298841 9.501197
9.449669 9.640434
9.607291 9.779682
9.756990 9.894019
9.940703 10.040256
10.110068 10.164363
10.226736 10.288206
10.053810 10.109109
9.950886 10.080740
10.245823 10.385316
10.363131 10.504983
10.363432 10.464166
10.455577 10.548044
10.258695 10.382194
10.073442 10.217372
10.075566 10.223057
10.102820 10.218537
10.131335 10.220390
10.174682 10.231375
10.236621 10.273229
10.296816 10.320785
10.384319 10.369429
10.449360 10.442108
10.523203 10.516408
10.600480 10.564995
10.683616 10.638203
10.786380 10.720300
10.876636 10.812170
10.932280 10.931109
11.105615 11.109731
11.214912 11.190791
11.493322 11.354687
11.657928 11.533850
11.779299 11.614876
11.916488 11.712453
12.046430 11.813221
12.192510 11.897808
12.343731 11.978484
12.409914 12.050278
12.420366 12.068507
12.455724 12.146345
12.509829 12.213917
12.598104 12.266955
12.563273 12.003691
12.570601 11.962946
12.595449 11.929915
12.599594 11.855305
12.585402 11.842392
12.478694 11.776606
12.578809 11.803280
12.603073 11.824939
12.645266 11.843740
12.603670 11.763880
12.641413 11.796456
12.563015 11.715723
12.598761 11.731729
12.562421 11.665960
12.489240 11.663438
12.349687 11.645707
12.408500 11.727421
12.475791 11.795591
12.569006 11.885396
12.671017 11.960784
12.775908 12.051166
12.861649 12.140720
12.955195 12.218421
12.866547 12.279680
12.973592 12.368490
13.093848 12.433701
13.220421 12.532945
13.342811 12.639229
13.641410 12.709722
13.745833 12.798841
13.861194 12.887399
13.892583 12.981631
13.937116 13.129615
13.855671 13.165915
14.065498 13.359437
14.073053 13.341746
13.959054 13.359812
13.998400 13.358238
13.895291 13.286410
13.805060 13.283535
13.756706 13.308280
13.742334 13.329884
13.745376 13.340099
13.727103 13.344314
14.270382 13.595370
14.301540 13.628650
14.326717 13.693387
14.365811 13.760777
14.337870 13.810440
14.395422 13.901210
14.451541 13.965916
14.526668 14.047146
14.584404 14.128210
14.648655 14.202495
14.740714 14.302854
14.810274 14.381012
14.902169 14.366048
15.019472 14.444224
15.028338 14.478619
14.724496 14.317119
14.763493 14.332832
14.800838 14.343677
14.865761 14.392796
14.792226 14.453018
14.804686 14.267250
14.869467 14.310177
14.667206 13.682621
14.633069 13.720160
14.534330 13.577395
14.591230 13.564298
14.597915 13.599186
14.615064 13.540049
14.653429 13.605983
14.595017 13.421722
14.442389 13.269680
14.312509 13.259151
14.373116 13.307837
14.320520 13.244275
14.409167 13.317848
14.504732 13.387633
14.577690 13.458658
14.376228 13.605488
14.470685 13.595527
14.523553 13.672592
14.582001 13.759155
14.597669 13.809646
14.580314 13.853284
14.611432 13.859157
14.515950 13.958721
14.349446 13.537962
13.391525 12.981263
12.837888 12.277388
11.947465 10.816151
10.797961 9.683297
10.170117 9.416972
10.047648 9.315873
9.782004 9.044848
9.895613 9.056750
9.938809 9.078305
9.970226 9.100682
9.487662 9.074938
9.510329 9.107261
9.543887 9.147338
9.472461 9.151996
9.513695 9.188481
9.592854 9.282665
9.663142 9.317640
9.673485 9.367198
9.670742 9.314317
9.854728 9.379472
9.886152 9.438927
9.929559 9.482426
10.003013 9.571989
10.046004 9.634458
10.045778 9.724805
9.976457 9.744601
9.808973 9.679349
9.553162 9.479646
9.617688 9.533473
9.500063 9.469824
9.055446 9.450612
9.066887 9.487735
9.076325 9.424653
9.158208 9.499218
9.244487 9.589745
9.347650 9.691456
9.439643 9.801596
9.628928 10.017722
9.637643 10.085105
9.586118 9.964266
9.417367 9.842908
9.249046 9.851066
9.217480 9.863853
9.243922 9.918634
9.287488 10.015614
8.855565 10.018006
8.140344 9.232222
7.617269 8.040778
6.763498 7.253849
5.734004 6.457974
4.820392 5.223278
4.540617 4.501925
4.524611 4.296777
4.613758 4.295413
4.822735 4.484634
4.931779 4.621182
4.992505 4.651450
5.070958 4.696136
5.123120 4.740860
4.254133 4.573855
4.150409 4.613046
4.302092 4.714726
4.447202 4.855574
4.625947 5.056326
4.688452 5.243523
4.851201 5.428544
5.086782 5.518705
5.333234 5.666766
5.251444 5.696591
5.064109 5.620632
5.035177 5.391419
4.893596 4.798179
4.779848 4.661632
4.616932 4.505980
4.568980 4.224538
4.524608 4.284494
4.571686 4.193414
4.682499 4.331836
4.810754 4.564297
5.017234 4.843402
5.286663 5.102915
5.439082 5.315171
5.606637 5.501827
5.784913 5.658772
5.888957 5.758887
5.880388 5.772864
5.822558 5.695453
5.842867 5.670557
6.004733 5.847956
5.983508 5.856951
6.121095 6.057280
5.888380 5.827052
5.325095 5.650640
5.116941 5.202073
4.783558 4.817408
4.232961 4.336406
3.929648 3.960160
3.721874 3.824100
3.625869 3.718196
3.701795 3.804436
3.798658 3.897063
3.878984 4.008127
3.977221 4.133637
4.107490 4.359246
4.284652 4.570590
4.492985 4.742781
4.669799 4.925863
4.820333 5.068618
4.970352 5.234682
5.159573 5.442712
5.333241 5.630758
5.579057 5.853802
5.840292 6.115217
6.077881 6.404056
6.221020 6.526309
6.387233 6.753371
6.540566 6.886104
6.482690 6.822810
6.231208 6.723866
6.204425 6.592207
6.172547 6.461709
6.079846 6.416213
6.164072 6.505252
6.200795 6.487605
6.315306 6.585971
6.414157 6.675599
6.508655 6.756935
6.528780 6.741839
6.649380 6.863817
6.766998 6.981020
6.860235 7.052051
6.973463 7.145878
6.706315 7.083577
6.808220 7.123186
7.097204 7.270585
7.225584 7.317855
6.987417 7.039852
6.536354 6.264751
5.732754 5.730835
4.920173 5.457299
4.864451 5.375300
4.980801 5.441903
5.259263 5.618440
5.548934 5.817030
5.783841 5.953833
5.939817 6.006863
6.028388 6.089800
6.106018 6.154923
6.185851 6.224608
6.352243 6.335722
6.528723 6.486069
6.529299 6.355323
6.561427 6.333319
6.491664 6.245814
6.442048 6.200092
6.350800 6.268583
6.308409 6.212932
6.328469 6.201369
6.334564 6.142436
6.235458 6.179604
6.240110 6.181031
6.114995 6.183661
5.949054 6.175136
5.979182 6.048807
5.885423 5.839511
5.701880 5.840874
5.509592 5.719516
5.329685 5.693904
5.302994 5.744953
5.271646 5.727773
5.324689 5.771307
5.468729 5.881078
5.667456 6.082056
5.786595 6.184351
5.832892 6.290130
5.936864 6.460215
5.823624 6.310506
5.832537 6.358948
5.671600 6.148378
5.534647 6.020510
5.371764 5.921405
5.395951 5.896158
5.394688 5.947232
5.395536 6.087336
5.392094 6.056655
5.437631 6.060097
5.430359 6.058880
5.496450 6.102782
5.507216 6.095645
5.643018 6.177593
5.784247 6.270893
5.921503 6.355317
6.076852 6.468834
6.177764 6.578144
6.353201 6.709659
6.549879 6.856738
6.326871 6.937435
6.327416 6.917908
6.174727 6.938709
6.168281 6.879675
6.006668 6.670377
5.820229 6.354383
5.698527 6.256692
5.675103 6.018366
5.636762 5.943586
5.681346 5.815006
5.537416 5.660427
5.342291 5.457830
5.176181 5.389309
5.052577 5.271288
5.107246 5.281054
5.153201 5.308426
5.056988 5.341512
5.213566 5.507353
5.338258 5.657388
5.451127 5.813391
5.578956 6.068156
5.570885 6.049610
5.552559 5.926316
5.331121 5.526205
4.797322 5.037601
4.458977 4.780757
4.079305 4.265368
3.762671 3.896040
3.723427 3.657077
3.844180 3.783008
4.131547 4.009399
4.365027 4.273092
4.618637 4.551941
4.887443 4.858577
5.069569 5.032068
5.284479 5.277565
5.526663 5.492376
5.769357 5.723471
6.076829 5.913658
6.296480 6.106680
6.454837 6.277985
6.435506 6.255949
6.564170 6.316407
6.561621 6.439971
6.596032 6.524125
6.654543 6.617474
6.818001 6.669401
6.914790 6.763137
7.088283 6.938610
7.182196 7.003563
7.278970 7.117899
7.305693 7.125601
7.488792 7.303475
7.686706 7.503404
8.024393 7.724595
8.127180 7.822305
8.254841 7.911685
8.347718 8.085202
8.455495 8.108846
8.514297 8.255504
8.547870 8.297208
8.553044 8.276098
8.465980 8.120251
8.415782 8.014507
8.255693 7.905582
7.983989 7.704697
8.018621 7.737561
7.988733 7.728007
8.064954 7.777540
8.161909 7.877726
8.179732 7.984738
8.264040 8.074182
8.340584 8.157979
8.443654 8.271664
8.504150 8.261991
8.492145 8.321750
8.250924 8.285236
8.150332 8.350535
7.916360 8.382521
7.975424 8.454684
7.997634 8.452931
8.048008 8.525402
8.041607 8.542801
7.963801 8.291137
7.913792 8.298181
7.904034 8.362630
8.047094 8.520311
8.180124 8.662039
8.289945 8.816146
8.307909 8.857996
8.422566 9.025513
8.452498 9.138703
8.515898 9.228452
8.811834 9.348380
8.816490 9.341366
8.868954 9.404298
8.968876 9.488958
9.060470 9.576600
9.086505 9.684944
8.621160 9.142396
8.281050 9.047506
8.308057 9.037869
8.373455 9.057435
8.572946 9.098448
8.692954 9.211085
8.850444 9.329928
9.131620 9.583033
9.207271 9.634644
9.306943 9.708759
9.428438 9.770069
9.513694 9.842963
9.581966 9.920092
9.653940 10.020031
9.327890 9.759696
9.368717 9.780915
9.407367 9.836986
9.159928 9.757119
9.205166 9.843241
9.145540 9.741556
9.146502 9.587315
9.190750 9.621307
8.933838 9.644019
8.768789 9.448030
8.617594 9.414558
8.729933 9.550322
8.834915 9.676051
8.983267 9.829105
9.068812 9.960112
9.171458 10.100357
9.287093 10.227655
9.375625 10.389716
9.455509 10.487389
9.388789 10.426628
9.276068 10.300000
9.311651 10.289688
9.035702 10.182971
8.910328 10.071117
8.584692 9.809314
8.545928 9.605999
8.584472 9.592584
8.616615 9.585720
8.674525 9.610602
8.751698 9.661230
8.845412 9.717538
8.941816 9.787504
9.032036 9.858591
9.132685 9.919736
9.236192 9.981803
9.263581 9.978599
9.318232 10.019889
9.306706 9.994377
9.291708 9.898308
9.442491 9.957833
9.513745 9.913822
9.613705 9.935871
9.596943 9.815278
9.802866 9.960891
9.998058 10.100408
10.357269 10.381592
10.716049 10.674222
