1.993497 2.010865
1.991454 2.017750
1.994376 2.028480
1.994552 2.037729
1.996215 2.049822
1.996972 2.068782
1.999709 2.089169
2.003116 2.115956
1.997997 2.154055
1.994808 2.191564
1.993991 2.240047
1.997336 2.288433
1.999185 2.340805
2.013492 2.391386
2.025000 2.393239
2.037287 2.357769
2.053767 2.324268
2.042577 2.358898
2.047052 2.391703
2.064048 2.331437
2.069129 2.314098
2.072079 2.319968
2.083499 2.346748
2.092378 2.391609
2.110098 2.456734
2.129855 2.541876
2.145723 2.642953
2.165557 2.759917
2.195317 2.884629
2.228540 3.018517
2.267528 3.190641
2.305441 3.342964
2.339354 3.492876
2.380310 3.679261
2.429265 3.901197
2.467616 4.061441
2.525478 4.275363
2.581029 4.473904
2.634373 4.668898
2.695772 4.873160
2.762000 5.087936
2.830706 5.306857
2.902381 5.525413
2.983209 5.766522
2.990854 5.924576
2.988036 5.986427
3.004705 6.069423
3.046883 6.147296
3.080255 6.188688
3.054265 6.105499
3.039515 6.044202
3.051229 5.986674
3.085503 5.938594
3.100302 5.635702
3.047811 5.415623
2.982949 5.208590
2.930639 5.028755
2.890587 4.889510
2.860830 4.751322
2.835162 4.620345
2.826459 4.509646
2.819382 4.405076
2.820627 4.333498
2.836929 4.260414
2.855450 4.219467
2.887888 4.197006
2.925024 4.190211
2.972360 4.206421
3.034418 4.249951
3.103973 4.312263
3.174842 4.389922
3.249886 4.481738
3.332577 4.584458
3.429113 4.714633
3.526431 4.846829
3.623860 4.994772
3.744997 5.181321
3.853644 5.350582
3.902467 5.476337
3.912735 5.479334
3.828581 5.336080
3.770784 5.211837
3.892869 5.422567
3.909270 5.475404
3.884573 5.419323
3.792956 5.202434
3.728395 5.063610
3.670716 4.953682
3.604531 4.845995
3.563742 4.779020
3.522441 4.706835
3.486959 4.628138
3.474977 4.593669
3.477511 4.586222
3.494962 4.599016
3.527551 4.634937
3.581426 4.701497
3.632082 4.773517
3.699298 4.866295
3.782307 4.985554
3.888042 5.136385
3.986344 5.273942
4.104220 5.441475
4.231795 5.620384
4.384947 5.824963
4.519645 6.003860
4.684376 6.220320
4.840633 6.428652
5.003805 6.638202
5.196624 6.882210
5.204416 7.109629
5.165176 7.187591
5.161529 7.301123
5.190769 7.424824
5.232159 7.542283
5.145372 7.373419
5.132622 7.272993
5.138805 7.175353
5.182764 7.110800
5.229351 7.080880
5.300682 7.050409
5.093745 6.706281
4.950390 6.525749
4.813204 6.348523
4.692913 6.201684
4.575315 6.063056
4.461141 5.924872
4.353995 5.794780
4.268038 5.685201
4.196760 5.589302
4.148902 5.522400
4.111537 5.469141
4.094392 5.440144
4.088815 5.423917
4.103866 5.423859
4.139619 5.449395
4.183607 5.490792
4.240970 5.546117
4.314350 5.617193
4.407916 5.714624
4.514264 5.828403
4.636573 5.961344
4.763464 6.099252
4.913524 6.267133
5.065266 6.436514
5.214660 6.612132
5.288822 6.707008
5.368992 6.780970
5.338948 6.699192
5.273911 6.600641
5.163294 6.493735
5.287629 6.655985
5.313312 6.701176
5.022438 6.381147
4.839605 6.186291
4.697404 6.035779
4.579044 5.909470
4.500017 5.829425
4.433953 5.765996
4.388137 5.724176
4.359686 5.697362
4.346653 5.691440
4.352725 5.705184
4.377245 5.737153
4.420254 5.793458
4.478567 5.855969
4.564908 5.951479
4.664142 6.063047
4.769656 6.179619
4.919116 6.344893
5.053844 6.492885
5.054499 6.503498
5.091611 6.511721
5.240431 6.664051
5.402496 6.821629
5.578872 7.005402
5.739433 7.177695
5.963201 7.415291
6.152832 7.615746
6.304384 7.833961
6.345730 7.910360
6.448834 8.042403
6.563510 8.164894
6.699866 8.301656
6.521330 8.125904
6.389106 8.000158
6.311443 7.915283
6.278871 7.865120
6.273088 7.841044
6.308269 7.856662
6.375640 7.888123
6.471941 7.935707
6.581559 7.994508
6.701838 8.068499
6.858220 8.173364
7.037394 8.293372
7.228396 8.421237
7.449610 8.581120
7.657721 8.727414
7.909618 8.935376
8.123773 9.137758
8.337115 9.384786
8.548924 9.711462
8.756370 9.984282
8.756501 10.001166
8.987991 10.245350
8.928196 10.074646
8.743991 9.852945
8.577548 9.652376
8.448593 9.486083
8.329254 9.326530
7.966299 9.039325
7.786248 8.944119
7.626828 8.866727
7.486877 8.801553
7.342800 8.746504
7.226720 8.708034
7.110862 8.681881
7.025360 8.672317
6.960794 8.671965
6.913868 8.687239
6.917127 8.695244
6.910399 8.696045
6.751134 8.573623
6.615224 8.468579
6.619083 8.511071
6.699409 8.642102
6.776969 8.757026
6.890696 8.898246
6.738647 8.688464
6.658827 8.585951
6.652513 8.558085
6.660587 8.543294
6.682494 8.534047
6.722441 8.543241
6.820546 8.608754
6.881063 8.640514
6.958000 8.676254
7.068477 8.744627
7.194246 8.819972
7.336011 8.901378
7.470268 8.986422
7.628125 9.089055
7.632417 9.097945
7.631722 9.108822
7.799094 9.213021
7.958588 9.314573
8.188554 9.562065
8.334210 9.724623
8.484625 9.889171
8.638429 10.063129
8.800516 10.237977
8.734802 10.209607
8.532683 9.992146
8.448337 9.879163
8.344416 9.747471
8.265348 9.642037
8.169456 9.516997
7.931011 9.263420
7.748758 9.090217
7.574706 8.943529
7.452521 8.881576
7.352710 8.835039
7.279481 8.805794
7.206228 8.781500
7.142335 8.771462
7.104759 8.772492
7.089669 8.788276
7.094217 8.818186
7.120895 8.862219
7.167729 8.925157
7.281230 9.055899
7.433105 9.212699
7.588747 9.368636
7.384453 9.118767
7.301150 9.022047
7.248564 8.956643
7.216277 8.906373
7.199333 8.871502
7.197198 8.848954
7.198964 8.811822
7.224317 8.802920
7.274053 8.817994
7.341255 8.853344
7.470281 8.930049
7.572798 8.996357
7.696302 9.086055
7.827373 9.185148
7.965961 9.306363
8.076226 9.418477
8.172575 9.524464
8.215037 9.582028
8.277985 9.676426
8.275085 9.696676
8.357550 9.807311
8.457389 9.923208
8.550523 10.026733
8.642888 10.131389
8.662963 10.134166
8.618947 10.096838
8.470217 9.960522
8.372837 9.873818
8.295545 9.804960
8.168140 9.702073
8.166812 9.700025
8.168307 9.704218
8.036438 9.608072
7.935276 9.539594
7.858190 9.493623
7.797369 9.463395
7.752877 9.448042
7.728523 9.444866
7.724548 9.462730
7.735724 9.497387
7.768570 9.546661
7.810668 9.600273
7.873154 9.675083
7.983968 9.782685
8.148671 9.935326
8.279251 10.051382
8.440925 10.196440
8.570956 10.315614
8.289541 10.063653
8.161180 9.953110
8.054048 9.861132
7.955600 9.771598
7.850349 9.672318
7.791496 9.618119
7.764291 9.589745
7.773154 9.584644
7.794769 9.601324
7.825659 9.623687
7.876475 9.661829
7.936671 9.704510
8.017528 9.767696
8.127255 9.859591
8.219498 9.939518
8.293104 10.005280
8.368852 10.074216
8.458835 10.148293
8.558348 10.230272
8.762436 10.394657
8.622019 10.301123
8.544732 10.232720
8.482455 10.174126
8.467095 10.155474
8.480222 10.156103
8.542206 10.193823
8.689829 10.313153
8.898807 10.478503
9.063915 10.617493
9.246104 10.759716
9.419074 10.899679
9.580890 11.035375
9.802029 11.223923
10.052246 11.447496
10.057399 11.442263
10.061595 11.446761
10.058136 11.449530
10.287637 11.647766
10.588516 11.904928
10.823728 12.096895
11.031328 12.273256
11.027751 12.279016
11.250151 12.471797
11.445805 12.640998
11.680688 12.842890
11.684338 12.852319
11.674340 12.848224
11.909796 13.042693
12.151130 13.243324
12.390508 13.442691
12.654754 13.663063
12.892852 13.864072
13.134670 14.067234
13.326577 14.220035
13.495967 14.340748
13.620738 14.421358
13.666013 14.442030
13.690497 14.451466
13.701195 14.457020
13.681409 14.474530
13.872022 14.709237
13.820050 14.700610
13.773809 14.700012
13.596866 14.590943
13.381019 14.415361
13.382570 14.413193
13.385991 14.425586
13.388332 14.416028
13.158828 14.227740
12.996309 14.091764
12.825769 13.950178
12.666540 13.814979
12.480179 13.661416
12.322425 13.527773
12.184009 13.410739
12.046513 13.297104
11.920363 13.192608
11.797938 13.091214
11.673049 12.991355
11.564323 12.912656
11.562185 12.905680
11.559580 12.895000
11.578925 12.904094
11.582868 12.906912
11.572503 12.908477
11.486706 12.836599
11.420094 12.783975
11.361403 12.741655
11.309502 12.696478
11.266237 12.670337
11.240596 12.650713
11.236883 12.633701
11.245758 12.627151
11.266198 12.635994
11.292292 12.650356
11.348686 12.683989
11.429682 12.731117
11.515707 12.767745
11.600688 12.803775
11.579622 12.813567
11.654563 12.847036
11.742611 12.887052
11.855157 12.941824
11.949448 12.990798
11.833049 12.936889
11.708076 12.879474
11.625580 12.848492
11.544315 12.805785
11.476910 12.772224
11.432421 12.745694
11.395572 12.733919
11.377338 12.749229
11.372580 12.770335
11.375921 12.797810
11.412535 12.828235
11.453997 12.846662
11.501935 12.868286
11.561756 12.903367
11.632531 12.947347
11.725148 13.004327
11.804346 13.056833
11.899173 13.126832
12.002501 13.201861
12.105400 13.272968
12.228686 13.354554
12.362876 13.442508
12.487484 13.521924
12.662784 13.632339
12.833027 13.737005
13.027650 13.867718
13.215452 13.988496
13.407382 14.116818
13.631390 14.260195
13.840809 14.400040
13.930365 14.427311
13.985744 14.444327
14.005316 14.441322
13.979732 14.426955
13.985643 14.438938
14.097696 14.589901
14.034920 14.572648
13.893480 14.478879
13.895240 14.471084
13.904243 14.478502
13.783776 14.387134
13.659656 14.296144
13.516536 14.193614
13.413678 14.118174
13.323437 14.052548
13.238688 13.996809
13.156697 13.935867
13.094706 13.888499
13.026728 13.832622
13.026151 13.831202
13.020352 13.834775
12.980448 13.796502
12.945619 13.763849
12.918359 13.738125
12.901547 13.724004
12.889301 13.718022
12.888530 13.716851
12.895885 13.723537
12.911947 13.743640
12.935978 13.768511
12.973662 13.799169
13.026304 13.857197
13.082258 13.911181
13.146399 13.976690
13.211674 14.026558
13.279146 14.058935
13.340132 14.082352
13.350497 14.094573
13.335923 14.097767
13.371387 14.121445
13.419381 14.149291
13.482404 14.187546
13.556346 14.238192
13.553562 14.267483
13.488066 14.223508
13.436596 14.195699
13.376150 14.152996
13.320522 14.108791
13.273591 14.067124
13.235867 14.035675
13.203363 14.007579
13.184814 13.987596
13.168551 13.965162
13.160404 13.943382
13.161107 13.931899
13.167969 13.933036
13.185453 13.936420
13.210059 13.950191
13.208441 13.952001
13.206881 13.963025
13.241175 13.982612
13.286578 14.009156
13.339030 14.044523
13.404504 14.088730
13.478924 14.141128
13.557819 14.206217
13.655032 14.286515
13.761238 14.369045
13.878847 14.459148
14.000608 14.559081
14.122190 14.661044
14.253889 14.762916
14.358350 14.845124
14.463762 14.930536
14.565214 15.006509
14.672498 15.098977
14.730728 15.148490
14.683543 15.107626
14.579916 15.018780
14.579067 15.005922
14.501253 14.943718
14.433887 14.887024
14.363877 14.829601
14.265414 14.753861
14.130890 14.660013
14.004545 14.565074
13.918006 14.497516
13.829688 14.429256
13.759555 14.371903
13.686335 14.316213
13.633248 14.278389
13.585323 14.241124
13.545492 14.212948
13.513992 14.194944
13.493325 14.182069
13.477818 14.176899
13.474151 14.184589
13.488066 14.204921
13.508795 14.237752
13.543081 14.273549
13.582938 14.320826
13.642916 14.387300
13.706432 14.458325
13.898582 14.676021
14.194802 14.976834
