0.159789
0.246133
0.344632
0.341440
0.299235
0.244555
0.162212
0.137097
0.031048
0.050875
0.142783
0.222063
0.300980
0.237013
0.379294
0.308989
0.314661
0.481802
0.434906
0.226998
0.218634
0.060821
0.024067
0.068404
0.112021
0.272518
0.335365
0.510471
0.532160
0.587896
0.685178
0.752345
0.814968
0.985527
0.907360
1.118264
1.080268
1.234871
1.232640
1.226714
1.345130
1.302535
1.458964
1.425176
1.539266
1.534416
1.528579
1.498223
1.528209
1.436571
1.463322
1.471734
1.482768
1.554801
1.586217
1.394783
1.227531
1.171437
1.121751
1.095562
1.019098
1.012422
1.013116
1.018695
1.039806
1.074972
1.184781
1.218593
1.347503
1.348171
1.378732
1.540097
1.585516
1.638532
1.802988
1.779510
1.729586
1.955539
1.950643
1.885828
1.726615
1.564045
1.574464
1.806985
1.911594
1.777876
1.749042
1.628440
1.554372
1.398125
1.298583
1.136883
1.123971
1.122067
1.125150
1.186376
1.215510
1.301558
1.532488
1.608023
1.876195
1.994291
2.097481
2.154815
2.344388
2.407513
2.411398
2.631805
2.747947
2.816690
3.015895
2.935432
2.943372
2.927620
2.974541
2.871483
2.848145
2.855135
2.874665
2.930363
2.998464
2.726233
2.564122
2.426084
2.273819
1.956986
1.826890
1.724377
1.476461
1.401062
1.326326
1.195412
1.173007
1.179702
1.223996
1.364727
1.455591
1.566467
1.842089
1.946548
2.062630
2.393423
2.547686
2.678745
2.970396
3.109393
3.237122
3.255324
3.099546
2.940040
2.589613
2.858117
3.031890
2.728751
2.421530
2.063758
1.749521
1.553983
1.410741
1.262133
1.061414
0.993273
0.963854
1.064751
1.178624
1.341551
1.474351
1.781860
1.988326
2.356992
2.587379
2.577213
2.577693
2.784780
2.983872
3.325115
3.535980
3.896635
4.126051
4.354808
4.333799
4.374583
4.561678
4.681363
4.506733
4.454761
4.364941
4.334085
4.383092
4.503674
4.630897
4.877549
5.028606
5.338737
5.550975
5.767551
6.142438
6.366475
6.780228
7.037716
7.150387
7.576268
7.969868
8.216536
8.218876
8.505407
8.494361
8.282392
7.862498
7.643122
7.452568
6.892309
6.553738
6.371504
6.199831
6.033496
5.783849
5.665390
5.560551
5.424686
5.353590
5.354168
5.346001
5.049397
4.331768
4.220616
4.378572
4.524179
4.718862
4.343887
4.317698
4.409795
4.515030
4.600107
4.709719
4.891984
5.118987
5.269444
5.565812
5.762955
5.953062
6.305581
6.531642
6.522937
6.523538
6.739705
6.970138
7.462567
7.874416
8.117803
8.511332
8.944109
8.901690
8.490578
8.297976
7.930293
7.717498
7.503679
6.850731
6.472675
5.842224
5.607010
5.382912
5.151629
4.948040
4.764069
4.546923
4.442928
4.367228
4.309753
4.304143
4.507553
4.717745
5.010568
4.515107
4.371733
4.365175
4.386324
4.451503
4.534924
4.534931
4.443014
4.506165
4.683811
4.998376
5.399568
5.650257
5.963339
6.478736
6.895922
7.345481
7.490202
7.811070
7.791098
8.154760
8.427249
8.654573
8.882555
8.880415
8.963316
8.448606
8.186975
7.906330
7.332567
7.336190
7.333323
6.789781
6.491379
6.059980
5.806049
5.437796
5.098480
4.893715
4.636316
4.493638
4.368607
4.158608
4.118892
4.273717
4.441481
4.747484
4.919961
4.363619
4.168530
4.106508
4.066711
4.085294
4.057170
4.152328
4.408161
4.631223
4.903014
5.313366
5.603460
5.917108
6.500162
7.191513
7.577636
7.999252
8.245676
8.658267
9.221188
8.856048
8.616843
8.219370
7.935091
7.695502
7.424522
7.517557
7.834534
8.180610
8.744053
9.126496
9.537351
9.923208
10.515669
10.516853
10.517047
10.519275
10.927480
11.545800
11.900920
12.491653
12.494144
12.831010
13.190985
13.767188
13.776108
13.759393
14.118897
14.657457
14.995112
15.559408
15.928996
16.492833
16.829237
17.140678
17.497846
17.738831
17.836113
17.818978
17.840030
18.231629
18.062618
17.905003
17.468716
17.087128
17.083184
17.068790
17.083519
16.459390
16.051124
15.637219
15.228511
14.621435
14.235204
13.836662
13.426854
13.037592
12.621707
12.035421
11.647068
11.643737
11.639976
11.643111
11.633929
11.635901
11.232320
10.861016
10.492433
9.956624
9.573568
9.206439
8.879114
8.543170
8.308145
8.198381
8.020276
7.885278
8.034562
8.399547
8.399770
8.700856
9.005228
9.477220
9.800836
9.282888
8.853485
8.382963
8.059403
7.886783
7.867041
7.889893
7.790810
7.769126
7.786997
8.035378
8.612013
8.974369
9.354207
9.724511
10.324998
10.500832
11.097108
11.500113
11.873867
12.239491
12.845425
13.230576
13.818438
14.396183
14.977256
15.536946
16.113650
16.696785
17.270024
17.614058
17.775595
17.764553
17.777712
17.808146
18.126267
18.003363
17.441424
17.435615
17.438094
17.061908
16.494365
15.942378
15.570672
15.001605
14.649193
14.061201
13.684537
13.334843
13.337836
13.335424
12.759936
12.386824
12.029057
11.646931
11.287647
10.728760
10.365108
9.981884
9.631505
9.325751
8.787218
8.454170
8.117647
7.819100
7.696592
7.821246
7.826948
7.847032
8.107179
8.387558
8.724434
8.967790
8.833962
8.410179
8.144040
8.062529
8.052995
8.127575
8.227186
8.488553
8.594603
8.911590
9.482689
9.845643
10.211826
10.594400
10.985312
10.981296
10.986111
11.387180
11.774553
12.145104
12.542500
12.943033
13.547922
13.905851
14.315914
14.970101
15.375778
15.809667
16.389387
16.749135
17.322264
17.702382
18.063675
18.440702
18.394818
17.993410
17.999837
17.655975
17.488204
16.958852
16.606460
15.864651
15.320187
14.952892
14.343428
13.944684
13.544026
13.122965
12.722439
12.332141
11.929282
11.273298
10.861805
10.483589
9.885294
9.489950
9.087850
8.684001
8.087925
7.724777
6.691620
5.676551
