1.995091 2.008375
1.941422 1.917584
1.891212 1.844851
1.855069 1.778266
1.779215 1.744299
1.720113 1.715113
1.719815 1.745536
1.673377 1.760408
1.667467 1.776484
1.591798 1.789032
1.549094 1.791743
1.476044 1.734269
1.374402 1.703545
1.240752 1.640361
1.146249 1.489077
1.252720 1.533825
1.305850 1.571362
1.298531 1.580953
1.419573 1.729730
1.436553 1.598196
1.365021 1.521512
1.171821 1.401306
0.902480 1.274899
0.855086 1.310569
0.860632 1.403972
0.849335 1.478443
0.842708 1.556894
0.824396 1.624290
0.850452 1.673070
0.800084 1.666085
0.753342 1.571368
0.646923 1.364268
0.597568 1.245635
0.608108 1.375080
0.555774 1.326698
0.535529 1.408591
0.517412 1.439086
0.502056 1.487045
0.516000 1.568591
0.506950 1.547521
0.524953 1.592646
0.493776 1.502099
0.498191 1.527672
0.474946 1.485718
0.505561 1.628453
0.440379 1.428939
0.496065 1.282180
0.597207 1.211763
0.655191 1.139981
0.587137 1.056303
0.512991 0.920678
0.492593 0.774893
0.544866 0.696140
0.744382 0.697914
0.750379 0.706287
0.691461 0.746189
0.656453 0.800072
0.599516 0.803834
0.619377 0.928131
0.630895 1.068582
0.645720 1.087835
0.605610 1.009105
0.561842 0.951540
0.592535 1.119157
0.598418 1.223855
0.567476 1.240897
0.473539 1.163132
0.424954 1.119572
0.422041 1.154934
0.421969 1.236997
0.414806 1.254429
0.345642 1.142311
0.331201 1.140928
0.338778 1.283333
0.361487 1.375100
0.362681 1.368484
0.365315 1.346721
0.346029 1.282388
0.411114 1.226560
0.429981 1.145603
0.504984 1.117118
0.516883 1.049558
0.479614 0.923791
0.478151 0.856408
0.589628 0.877976
0.639346 0.686872
0.676496 0.575381
0.697018 0.578003
0.674180 0.607094
0.569208 0.639436
0.527427 0.660311
0.508539 0.711417
0.515238 0.762866
0.482356 0.741939
0.426767 0.731055
0.436184 0.856206
0.444483 0.938527
0.453813 1.125012
0.472305 1.199919
0.469467 1.308487
0.480166 1.432714
0.435521 1.349203
0.423834 1.308314
0.408456 1.229823
0.404640 1.247732
0.422305 1.264551
0.376244 1.148411
0.363040 1.177261
0.363344 1.208039
0.364871 1.226646
0.360367 1.289502
0.387039 1.131389
0.491463 0.980516
0.575969 0.889459
0.647847 0.810543
0.527289 0.796021
0.461461 0.749101
0.449856 0.645551
0.493743 0.620630
0.518160 0.609355
0.547275 0.609085
0.592083 0.635417
0.556641 0.647204
0.539546 0.677892
0.536055 0.675587
0.494654 0.643671
0.483705 0.674147
0.492834 0.807537
0.495017 0.909485
0.471633 0.991478
0.483784 1.101198
0.461807 1.109451
0.458558 1.167393
0.434418 1.155904
0.391492 1.060910
0.375106 1.015185
0.360402 0.991484
0.351395 0.897152
0.345222 0.849721
0.334000 0.787842
0.322112 0.708281
0.291985 0.614098
0.293710 0.619143
0.309775 0.685206
0.293810 0.674105
0.309957 0.712930
0.338196 0.709391
0.473484 0.717474
0.593622 0.637168
0.738672 0.566325
0.679587 0.518622
0.529825 0.481345
0.489877 0.534015
0.719506 0.516418
0.717467 0.540278
0.639342 0.622335
0.782571 0.839398
0.707561 0.813009
0.618431 0.764717
0.533328 0.753618
0.465966 0.646015
0.422486 0.601127
0.378226 0.581340
0.343254 0.561064
0.309647 0.579044
0.306228 0.606413
0.321824 0.652647
0.326957 0.710122
0.322364 0.703008
0.324640 0.682340
0.317269 0.677246
0.478588 0.612178
0.663360 0.615938
0.671786 0.717378
0.683401 0.776480
0.752737 0.902738
0.696635 0.949204
0.655411 1.041608
0.696464 1.208117
0.650700 1.273887
0.631551 1.080094
0.590008 0.935179
0.524321 0.812359
0.611919 0.711103
0.514574 0.655131
0.476505 0.615873
0.518243 0.577624
0.591542 0.581965
0.660448 0.588095
0.716992 0.598725
0.840185 0.618637
1.037522 0.648885
1.132378 0.655344
1.141580 0.627193
1.163544 0.622749
1.097671 0.563057
1.118808 0.568954
1.090557 0.562831
1.060181 0.539456
0.963986 0.536294
0.978125 0.568442
0.972887 0.664785
0.702816 0.759792
0.550074 0.874383
0.531074 0.751625
0.453253 0.755250
0.490049 0.598883
0.443478 0.538456
0.413543 0.558424
0.449759 0.585048
0.518008 0.725750
0.447950 0.908832
0.449114 0.970171
0.529230 0.989658
0.591170 0.948666
0.709058 0.961002
0.717273 0.897553
0.748074 0.908661
0.877520 0.964490
0.981439 1.043659
1.170255 1.135668
1.100867 1.095565
0.981865 1.036944
1.051115 1.194763
1.078241 1.318578
1.092996 1.274490
1.021429 1.080896
1.042374 1.041493
1.035486 0.952588
0.845345 0.925247
0.739049 0.797315
0.756899 0.753172
0.746892 0.681540
0.901160 0.720428
0.989247 0.682786
1.119363 0.683124
1.131687 0.659149
1.188272 0.586725
1.234071 0.589063
1.321279 0.583698
1.340795 0.566430
1.258504 0.511878
1.264771 0.490696
1.112817 0.437511
0.971304 0.393975
0.933621 0.362796
0.994275 0.369392
0.926599 0.404276
0.907647 0.549471
0.824185 0.742324
0.826261 0.915476
0.600655 0.922641
0.449214 0.849770
0.374390 0.635967
0.363027 0.561761
0.395929 0.518060
0.409679 0.479760
0.425139 0.499589
0.418942 0.666761
0.421474 0.821455
0.441798 0.979408
0.455035 0.896522
0.490166 0.853908
0.543426 0.792331
0.572839 0.737570
0.644544 0.701516
0.696649 0.673907
0.770587 0.655237
0.850254 0.641420
0.948453 0.677900
1.019938 0.723106
1.001131 0.653695
1.040887 0.659100
1.017954 0.614991
0.921416 0.675892
0.944468 0.734298
0.957750 0.725488
0.984201 0.702039
1.023595 0.693951
1.042235 0.712487
1.070411 0.729093
1.055949 0.741001
1.121356 0.716142
1.253883 0.670678
1.353735 0.696917
1.353028 0.712532
1.369242 0.725220
1.370704 0.754054
1.378133 0.781274
1.495257 0.871385
1.528492 0.934482
1.444637 0.871174
1.378572 0.913937
1.367234 0.907726
1.158758 0.959788
1.046855 1.101391
0.746536 1.082356
0.678315 1.073991
0.654013 0.981598
0.590308 0.882532
0.566252 0.812688
0.534350 0.793015
0.535798 0.824078
0.573775 0.946636
0.536094 0.867877
0.507547 0.742447
0.547342 0.725739
0.612316 0.686341
0.655933 0.679071
0.676780 0.644383
0.688115 0.654930
0.711648 0.676885
0.748565 0.674249
0.818105 0.660013
0.895761 0.660190
0.908597 0.594068
1.005590 0.617386
1.088047 0.631077
1.187113 0.612947
1.183104 0.585362
1.105691 0.541570
1.191008 0.580502
1.042409 0.671205
0.915690 0.612200
0.935901 0.613292
1.012998 0.594059
1.064372 0.607064
1.047685 0.568372
1.050317 0.540987
1.003546 0.514426
0.858280 0.492283
0.680531 0.470967
0.661889 0.463163
0.566547 0.399354
0.564158 0.382894
0.498283 0.372409
0.496826 0.367416
0.516946 0.370831
0.529260 0.465201
0.507409 0.579663
0.443424 0.658469
0.419345 0.734273
0.423854 0.544188
0.440514 0.478344
0.473684 0.502920
0.562899 0.690822
0.640775 0.979447
0.655235 1.233981
0.600637 1.349676
0.607545 1.394811
0.680589 1.447897
0.622196 1.343633
0.795464 1.647415
0.871214 1.676714
0.811241 1.651204
0.901161 1.684978
0.820823 1.481996
0.696939 1.245924
0.587848 1.072103
0.576091 0.956316
0.680050 1.041180
0.710575 0.856079
0.786038 0.853189
0.728358 0.755025
0.723376 0.707394
0.736327 0.645688
0.779206 0.646124
0.721944 0.577936
0.693495 0.541906
0.756299 0.553461
0.799574 0.553717
0.816186 0.536797
0.816635 0.525430
0.854692 0.530310
0.916023 0.504334
0.955690 0.472460
1.091060 0.489770
1.254483 0.561384
1.310906 0.655002
1.269965 0.704549
1.334318 0.717720
1.216619 0.619260
1.116561 0.579134
0.982122 0.653643
0.893242 0.719242
0.842315 0.798640
0.876306 0.791365
0.869005 0.757877
0.890194 0.701167
0.879414 0.655984
1.017825 0.657773
1.037614 0.640868
1.073690 0.637398
1.129926 0.633403
1.202300 0.666853
1.269602 0.645418
1.233212 0.581236
1.157803 0.527611
1.078819 0.480402
0.879278 0.411015
0.787738 0.405415
0.751727 0.400545
0.649990 0.401061
0.532512 0.388722
0.513226 0.387487
0.494380 0.406489
0.473748 0.412674
0.527260 0.413782
0.664625 0.457494
0.844879 0.525051
1.019021 0.604346
1.136811 0.629873
1.216686 0.603875
1.243329 0.600567
1.313851 0.639957
1.360103 0.666620
1.344497 0.704333
1.467280 0.818818
1.529941 0.868839
1.407119 0.900034
1.821357 1.339827
2.167414 1.601334
2.106076 1.717592
2.038053 1.815069
1.906297 1.822939
1.802676 1.828632
1.752905 1.590316
1.568914 1.351868
1.401316 1.178111
1.317052 1.075563
1.256675 1.102475
1.159688 1.195522
1.052201 1.367590
1.269697 1.763160
1.348261 2.041414
1.459978 2.197024
1.393260 2.416464
1.466982 2.661208
1.542979 3.036215
1.591437 3.448938
1.604904 3.855395
1.589910 4.236839
1.540872 4.605338
1.339986 4.373777
1.150956 4.009132
1.011520 3.855154
0.835114 4.022191
0.758260 4.423789
0.710410 5.220347
0.676838 6.690706
0.626083 6.959964
0.601906 6.351257
0.667114 5.829189
0.821801 5.813970
1.060100 5.705445
1.133390 4.593394
0.983651 2.970553
0.870459 1.918959
0.759826 1.084144
0.693479 0.846105
0.629605 0.479044
0.623864 0.561006
0.636517 0.666425
0.690053 0.724666
0.648366 0.596375
0.602142 0.545093
0.714264 0.578448
0.907315 0.649645
1.118220 0.721531
1.271432 0.754961
1.392839 0.793167
1.412916 0.747549
1.319399 0.705991
1.152641 0.584897
0.982096 0.484369
0.720836 0.384031
0.602735 0.359095
0.539177 0.358039
0.558780 0.393027
0.573856 0.427641
0.548736 0.455194
0.579141 0.478891
0.605449 0.494615
0.622392 0.488968
0.661833 0.471462
0.694760 0.481329
0.745251 0.495842
0.786714 0.505255
0.790307 0.509821
0.817075 0.535657
0.823550 0.559636
0.775370 0.566725
0.812498 0.732702
0.838865 0.637621
0.879141 0.616238
0.796460 0.615491
0.792889 0.747709
0.829666 0.909022
0.891598 1.011454
0.793597 1.114108
0.711044 0.880249
0.602470 0.787830
0.563267 0.758584
0.545640 0.760039
0.522726 0.693284
0.527021 0.683651
0.497133 0.721863
0.498915 0.750307
0.500113 0.741771
0.512707 0.742017
0.559118 0.771442
0.528634 0.741987
0.459129 0.742888
0.412980 0.723005
0.393418 0.676399
0.377502 0.639173
0.367588 0.632737
0.399667 0.658973
0.453820 0.713113
0.517852 0.774493
0.624252 0.842375
0.654817 0.767725
0.715196 0.719559
0.751973 0.648488
0.773815 0.538187
0.846823 0.526153
0.898250 0.513912
0.962799 0.459541
1.056113 0.461989
1.085728 0.450758
1.044462 0.433614
0.891918 0.395012
0.806082 0.389784
0.750942 0.398423
0.593773 0.316248
0.551679 0.280381
0.505198 0.258216
0.477676 0.279934
0.475155 0.300760
0.530601 0.382067
0.699255 0.419569
0.769898 0.373056
0.743404 0.313680
0.708735 0.254502
0.648949 0.239571
0.600650 0.246955
0.555470 0.262656
0.507432 0.286160
0.462792 0.295859
0.441781 0.308956
0.419655 0.303435
0.400039 0.281895
0.409625 0.295997
0.445169 0.295612
0.442102 0.307377
0.451125 0.308935
0.475277 0.312572
0.529371 0.328952
0.643338 0.368415
0.852908 0.535814
1.144902 0.733313
