1.992404 2.005240
1.997293 2.006209
1.995588 2.006946
1.994872 2.012479
1.993213 2.018726
1.990136 2.029901
1.995857 2.043728
1.998657 2.061296
2.003186 2.086415
2.004710 2.115630
1.931978 2.139402
1.859796 2.125538
1.833616 2.184384
1.814898 2.246067
1.760348 2.183246
1.757552 2.143689
1.806161 2.157542
1.863929 2.293501
1.917286 2.356335
1.900257 2.281165
1.803006 2.198214
1.787920 2.197986
1.750591 2.213078
1.757590 2.292973
1.745275 2.376186
1.720053 2.477983
1.687574 2.574356
1.691299 2.589836
1.684870 2.646041
1.648380 2.613196
1.541558 2.598621
1.493657 2.570252
1.411341 2.543899
1.437209 2.685751
1.461301 2.827063
1.485790 3.003568
1.524619 3.200012
1.573213 3.404070
1.662758 3.709078
1.786794 3.966161
1.827873 4.099330
1.870006 4.256391
1.910894 4.428725
1.953743 4.594684
1.968347 4.705598
1.988376 4.740040
2.041974 4.785765
2.114372 4.830126
2.147434 4.813526
2.063040 4.676463
1.837827 4.421659
1.749351 4.199516
1.746051 4.027301
1.707861 3.554523
1.610449 3.031494
1.531447 2.732765
1.462304 2.535384
1.450538 2.277301
1.441583 2.255436
1.443333 2.346095
1.450549 2.158829
1.492368 2.055117
1.525250 2.000025
1.548930 2.083285
1.605159 2.168573
1.541667 2.190130
1.232196 2.107454
1.112554 1.974304
1.005669 1.793271
0.956559 1.736027
0.978459 1.779225
1.003884 1.863642
0.974006 1.929218
1.002438 2.031005
1.016693 2.123375
1.007618 2.209378
1.044405 2.171199
1.003898 2.130135
1.056353 1.915181
1.044499 1.647931
1.201741 1.614053
1.411237 1.737005
1.769757 2.270667
2.116706 2.970408
2.088533 3.059787
1.615051 2.345517
1.363475 1.893361
1.303860 1.771317
1.284355 1.657211
1.228760 1.609714
1.020447 1.315711
0.896035 1.096101
0.779150 0.911780
0.697336 0.834399
0.663317 0.823310
0.660726 0.908392
0.686996 0.987537
0.755339 1.196025
0.802961 1.303557
0.859446 1.434176
0.914839 1.550375
0.937421 1.555978
0.957364 1.616566
0.922636 1.598354
0.914398 1.478326
0.926255 1.449701
0.884311 1.486058
0.884372 1.563279
0.858243 1.617924
0.877791 1.687238
0.849375 1.769591
0.848360 1.717847
0.877809 1.719906
0.909983 1.642405
0.910144 1.629296
0.824473 1.459176
0.774576 1.366981
0.802197 1.255159
0.851697 1.162158
0.904641 1.111640
0.983019 1.062371
0.964712 0.973550
0.922148 0.961929
0.890288 0.946997
0.865539 0.936311
0.823063 0.961917
0.784804 1.066361
0.813417 1.193870
0.854505 1.340136
0.889350 1.548930
0.921441 1.656401
0.967438 1.749532
0.978853 1.769775
0.968278 1.743829
0.870857 1.550766
0.653754 1.256975
0.600703 1.106684
0.483407 0.943009
0.490799 0.858197
0.408910 0.699313
0.388662 0.645048
0.387354 0.683603
0.399255 0.762616
0.405185 0.823067
0.407077 0.849230
0.402348 0.893390
0.398419 0.862103
0.468188 0.906394
0.569170 0.904804
0.689050 0.774867
0.635517 0.652168
0.593183 0.635133
0.596476 0.660909
0.644153 0.618867
0.678211 0.656768
0.735717 0.749227
0.777846 0.880274
0.768582 0.926448
0.687091 0.916212
0.631377 0.890422
0.580248 0.783238
0.566470 0.712652
0.550459 0.728460
0.521822 0.745835
0.495594 0.742199
0.503106 0.750327
0.399416 0.745661
0.357287 0.740414
0.372601 0.741169
0.360735 0.710599
0.343920 0.684467
0.486128 0.598128
0.596836 0.616822
0.615533 0.693517
0.642655 0.726723
0.644474 0.777972
0.666405 0.886166
0.694579 1.057884
0.769700 1.317396
0.744677 1.457420
0.703153 1.406876
0.644559 1.388504
0.636698 1.278137
0.654902 1.224595
0.568417 1.046234
0.557535 0.918180
0.595782 0.828517
0.732000 0.817397
0.838302 0.793914
0.945383 0.769629
1.022201 0.780561
1.127369 0.821185
1.230900 0.832411
1.334125 0.891689
1.474637 0.973780
1.579560 1.056161
1.737349 1.167669
1.911744 1.294915
2.056039 1.410370
2.226955 1.567937
2.469771 1.947503
2.744573 1.793341
3.239048 1.599345
3.832588 1.633536
4.228863 1.648000
4.714669 1.698579
4.814261 1.788002
4.825898 1.826296
4.825508 1.928317
4.819992 2.074257
3.970112 2.060853
3.455990 2.060017
3.475910 2.023992
3.442558 2.005934
3.468089 1.979954
3.478450 1.994608
3.516176 2.080860
3.661029 2.246088
3.953201 2.494740
4.348759 2.794439
4.311056 2.867987
3.969050 2.528302
3.329698 2.160044
2.918436 2.093922
3.253354 2.406290
3.235036 2.724847
2.815911 2.677410
2.210508 2.238056
1.431912 1.877343
1.218688 1.429822
1.248717 1.047804
1.541923 1.111010
1.654633 1.171614
2.112257 1.390161
1.973227 1.343415
1.859117 1.375812
1.834368 1.454665
1.967848 1.684164
2.363468 1.999368
2.817818 2.390152
3.274645 2.811430
3.617177 3.038511
3.780014 3.023456
3.257792 2.377639
2.605907 1.660059
2.088676 1.218625
1.722649 0.962078
1.211654 0.785127
1.546067 1.009553
2.599051 1.572678
4.091056 2.792206
2.486600 1.499591
0.746163 0.480856
0.228225 0.154822
0.233381 0.200589
0.237673 0.257852
0.246042 0.322440
0.258218 0.412701
0.316958 0.550586
0.409778 0.653065
0.546908 0.733982
0.672380 0.710376
0.760991 0.665580
0.829119 0.626885
0.905642 0.596964
1.001730 0.587171
1.069137 0.562286
1.022406 0.499806
1.034597 0.509004
0.947370 0.479316
0.914094 0.469618
0.912438 0.492400
0.796616 0.508049
0.672657 0.508386
0.625552 0.541587
0.604186 0.552778
0.651819 0.576033
0.710012 0.587368
0.812391 0.617691
0.910542 0.657600
1.048107 0.851999
1.137925 1.037327
1.277617 1.158764
1.440419 1.266577
1.733679 1.515876
1.986512 1.786189
2.223246 2.061247
2.451094 2.274116
2.704127 2.364557
2.895262 2.250990
3.027058 2.152016
3.053987 2.027501
3.166770 1.831658
3.305048 1.880628
3.474674 1.699266
3.025897 1.571918
1.874805 1.102937
1.070056 0.791921
0.955693 0.672506
0.820005 0.565251
0.733255 0.611790
0.725073 0.701231
0.754469 0.808588
0.867199 0.959346
0.855783 0.935936
0.851641 0.898861
0.976111 0.931627
1.097338 0.918400
1.278043 0.915033
1.470615 0.937571
1.675334 0.974659
1.934830 1.034350
2.089760 1.072270
2.071717 1.039379
1.986191 1.019119
1.598714 0.952538
1.237385 0.631670
1.070390 0.505877
1.000694 0.479365
0.914833 0.479345
0.831485 0.470275
0.772062 0.461029
0.711969 0.532934
0.684135 0.543457
0.717292 0.556922
0.875771 0.634799
1.059305 0.748498
1.222349 0.893117
1.408330 0.993018
1.530243 1.049392
1.681124 1.103396
1.769281 1.138805
1.919007 1.219154
2.077672 1.344043
2.272809 1.462997
2.532243 1.527560
3.050624 1.631137
3.350272 1.581095
3.469018 1.487480
3.266145 1.400723
2.176421 1.069345
1.401811 0.834004
1.065622 0.652556
0.770028 0.554472
0.703909 0.566836
0.649716 0.663465
0.650766 0.847050
0.674014 1.109767
0.729931 1.401163
0.843721 1.656129
0.956985 1.793538
1.117548 1.910709
1.306590 2.038278
1.496546 2.155530
1.721330 2.336515
1.967770 2.529034
1.988015 2.542871
2.011481 2.554994
2.022957 2.571220
2.233740 2.723778
2.408547 2.796963
2.573101 2.762723
2.756747 2.763391
2.730672 2.752126
2.911531 2.764296
3.061061 2.772411
3.245096 2.782859
3.245709 2.770058
3.216929 2.753465
3.339500 2.749081
3.451682 2.770503
3.510266 2.795064
3.695527 2.912296
3.873979 2.985624
4.054837 2.995368
4.226564 2.965606
4.434682 2.951362
4.681342 2.987475
4.823638 2.991170
4.920954 2.988036
4.929404 2.976084
4.895927 2.947433
4.940356 3.041971
4.852863 3.071040
4.748733 3.115873
4.555835 3.147111
4.420112 3.099597
4.411847 3.009861
4.427419 3.017758
4.429500 3.033212
4.292941 2.970536
4.188234 2.821336
4.096174 2.789970
4.065822 2.772288
4.037617 2.771908
3.994338 2.693037
3.863093 2.705632
3.749839 2.673764
3.693432 2.678282
3.510719 2.587411
3.225415 2.400213
3.069151 2.350057
2.745842 2.240290
2.492219 2.014622
2.222516 1.781752
2.058233 1.626136
1.940733 1.584655
1.911252 1.422048
1.787957 1.251272
1.768087 1.285404
1.877997 1.325482
1.545194 1.232089
1.605191 1.215033
1.642534 1.236403
1.688014 1.331682
1.761002 1.339314
1.804314 1.454364
2.010731 1.703673
2.206420 1.979081
2.260911 2.139576
2.168069 2.213901
1.800284 1.799659
1.309046 1.660433
0.919745 1.123186
0.744492 0.781694
0.642690 0.579207
0.646259 0.491624
0.625721 0.539236
0.576128 0.647010
0.551564 0.759820
0.551942 0.906815
0.594842 1.064662
0.690710 1.256908
0.813868 1.478139
0.890537 1.601355
0.937360 1.702290
1.154442 1.883698
1.069799 1.721511
1.039572 1.575906
0.936205 1.245715
0.789526 0.976256
0.688978 0.814825
0.603545 0.766273
0.613672 0.753821
0.615464 0.762828
0.622174 0.764792
0.655603 0.771602
0.720329 0.744790
0.747322 0.739910
0.842455 0.716991
0.876676 0.696967
0.955292 0.695159
1.021690 0.705935
1.093286 0.695078
1.199132 0.716037
1.304828 0.749906
1.357754 0.814719
1.366407 0.889337
1.435059 0.892303
1.486364 0.902540
1.538819 0.918507
1.577062 0.895113
1.522700 0.985089
1.496080 1.083372
1.491478 1.059608
1.477419 1.032142
1.495251 1.115865
1.577000 1.216658
1.726958 1.318190
1.842092 1.369690
1.923082 1.369398
2.089375 1.408159
2.100343 1.450514
1.948473 1.375235
1.702175 1.123038
1.230612 0.977434
0.974933 0.756049
0.891318 0.687900
0.826155 0.656880
0.687717 0.677138
0.703573 0.698792
0.600300 0.644225
0.536106 0.585927
0.494323 0.551628
0.483056 0.515021
0.465398 0.502400
0.452918 0.493964
0.466210 0.488104
0.476863 0.480520
0.496666 0.468790
0.532085 0.486169
0.565391 0.541098
0.617401 0.607916
0.720536 0.626485
0.818449 0.643235
0.842238 0.714727
0.879530 0.872752
0.907650 1.122021
0.902914 1.187823
0.921104 0.868051
0.746456 0.676773
0.667652 0.653139
0.601834 0.713500
0.589889 0.797110
0.631886 0.878998
0.729442 0.971160
0.772562 1.002505
0.774591 1.017499
0.741288 0.963780
0.682099 0.843708
0.579583 0.758221
0.566633 0.709900
0.539660 0.637099
0.452363 0.594316
0.415380 0.550508
0.394019 0.517399
0.408834 0.502518
0.431441 0.489432
0.458460 0.485404
0.495012 0.489663
0.510663 0.500109
0.485342 0.502997
0.478241 0.475658
0.463824 0.425563
0.468165 0.394455
0.480853 0.389960
0.541377 0.394305
0.643210 0.385447
0.735391 0.377034
0.807140 0.380733
0.789026 0.396085
0.783049 0.407279
0.768262 0.442508
0.718230 0.465199
0.604917 0.424058
0.589636 0.410257
0.533806 0.389457
0.495596 0.396715
0.512063 0.457210
0.646135 0.533826
0.846736 0.592985
1.003045 0.613958
1.016195 0.581459
0.898984 0.504768
0.720096 0.423950
0.626981 0.390223
0.561567 0.375109
0.501849 0.360888
0.491242 0.339213
0.452628 0.316636
0.422856 0.312008
0.409605 0.314883
0.418065 0.330550
0.486360 0.366948
0.501264 0.383251
0.510904 0.389891
0.457482 0.381482
0.472280 0.388299
0.540801 0.379551
0.753744 0.450161
1.063523 0.553884
