0.159275
0.244322
0.337243
0.329494
0.278508
0.215955
0.123426
0.100369
0.035151
0.107529
0.164201
0.214808
0.259173
0.097002
0.315820
0.233754
0.256599
0.392881
0.325727
0.105700
0.139471
0.330939
0.497451
0.532964
0.410524
0.579128
0.556788
0.597974
0.503339
0.442172
0.343120
0.259766
0.297759
0.411070
0.354563
0.502018
0.443943
0.568544
0.610615
0.601434
0.631494
0.577298
0.684603
0.615650
0.704845
0.689149
0.682989
0.629361
0.611667
0.603025
0.535846
0.524113
0.485887
0.333560
0.273847
0.100102
0.278317
0.382316
0.539418
0.679752
1.059505
1.182475
1.389414
1.526274
1.643968
1.559080
1.702727
1.627251
1.721532
1.649042
1.599300
1.734599
1.682730
1.675901
1.779857
1.695749
1.544408
1.684820
1.703347
1.606719
1.717220
2.082450
2.361255
2.946203
3.026063
2.470252
2.034021
1.791848
1.615386
1.555280
1.554568
1.398069
1.392017
1.476283
1.453763
1.246102
1.182708
0.915978
0.518215
0.417236
0.196947
0.280898
0.350398
0.580814
0.733322
0.843434
1.014881
0.968483
0.981203
1.074388
0.968815
1.127960
1.206206
1.238295
1.348224
1.340817
1.326250
1.061438
0.993465
0.854783
0.699013
0.390975
0.295184
0.130181
0.254313
0.567496
0.699861
0.838817
1.170168
1.328293
1.350049
1.571125
1.534983
1.435904
1.411505
1.511470
1.543170
1.608967
1.761440
1.714524
1.647378
1.814500
1.849495
1.764538
1.811194
1.765835
1.706489
1.526272
1.390671
1.563735
1.565157
1.958559
2.227792
1.932405
1.612421
1.392238
1.031055
0.877141
0.819907
0.637704
0.436588
0.545038
0.560150
0.372617
0.380595
0.359867
0.455165
0.399274
0.446314
0.396290
0.429848
0.456990
0.535409
0.679905
0.796324
0.868757
0.908567
0.962342
1.020369
1.147477
1.248008
1.317136
1.449658
1.537664
1.530834
1.636156
1.477527
1.214433
1.258182
1.002822
0.983248
0.859039
0.957393
1.010248
1.266858
1.500403
1.757664
1.999432
2.247126
2.495713
2.569935
2.786387
2.870351
2.814291
2.489336
2.537167
2.340278
2.212727
1.866079
1.682278
0.768233
0.314595
0.501978
0.588583
0.679735
0.797896
1.100947
1.245169
1.505046
2.177683
3.283764
4.323254
5.295656
5.747601
4.753029
3.832362
2.765094
2.430832
2.854282
2.591714
2.021098
1.508459
1.291746
0.975009
0.833805
0.795020
0.603137
0.322686
0.447597
1.020801
1.956865
3.581515
5.523852
6.925891
7.885467
9.095147
10.124141
11.055350
11.119179
10.579907
7.294638
3.754471
3.033357
3.047778
3.022747
2.832026
2.798515
2.837566
2.643954
2.619053
2.354635
2.216049
2.100818
2.033390
1.907270
1.893992
1.742784
1.486324
1.279940
1.125993
0.839326
0.919274
0.886727
1.133916
1.008405
0.920333
0.993092
0.852366
0.849356
0.907472
0.903271
0.938827
1.093489
1.370976
1.746214
2.213411
2.740721
3.326380
3.947762
4.241103
4.613835
4.669272
4.832037
4.789921
4.941605
3.740154
3.046890
3.064712
3.073893
3.132786
2.664773
2.499889
2.326498
2.004409
2.017251
2.002211
1.808424
1.716284
1.768787
1.749502
1.763160
1.872585
1.924799
2.030625
2.022835
1.963221
1.686363
1.576167
1.457679
1.410685
1.587764
1.637738
1.692267
1.574963
1.624757
1.491729
1.546797
1.509653
1.469102
1.396211
1.409612
1.416788
1.475565
1.650251
1.916356
2.300883
3.387240
3.989072
4.353927
3.988104
3.626086
3.643431
3.268846
2.995882
2.573610
2.369909
2.300327
2.136161
2.191322
2.192466
2.231243
2.305226
2.412977
2.545191
2.717509
2.823740
2.821518
2.856535
2.860062
2.977794
3.052351
3.068642
3.248522
3.246072
3.279298
3.405572
3.559822
3.538377
3.541019
3.626334
3.731408
3.858123
4.094550
4.195574
4.318609
4.393679
4.414172
4.563609
4.777412
4.813735
4.847921
4.821114
4.914650
4.758319
4.633333
4.283244
4.060697
4.004424
4.003473
3.990611
3.721826
3.547904
3.445566
3.412404
3.318462
3.306918
3.411441
3.401301
3.386200
3.418045
3.522503
3.615723
3.708819
3.777412
3.809597
3.811820
3.860716
3.854376
3.850120
3.909841
3.973177
4.068002
4.033066
4.000518
4.356217
4.431732
4.351170
4.375152
4.614143
4.815501
4.957694
4.649566
4.499671
4.267528
4.215729
4.106443
4.012315
3.777702
3.421955
3.240022
3.127499
3.175538
3.134578
3.140654
3.365265
3.359171
3.189205
3.180608
3.233640
3.295562
3.334906
3.195489
3.225070
3.038672
2.991392
2.961882
3.030028
3.025198
3.141749
3.275198
3.408930
3.554302
3.685357
3.815924
3.913308
4.040457
4.236468
4.315094
4.391665
4.506199
4.578698
4.656242
4.622077
4.322586
4.350599
4.364837
4.366652
4.327059
4.334705
4.380692
4.451895
4.411547
4.420818
4.327123
4.183265
4.243717
4.142425
4.301831
4.249577
4.118617
3.954217
3.702852
3.642002
3.544266
3.507323
3.463556
3.397394
3.487978
3.448813
3.469443
3.427986
3.561876
3.715809
3.783699
3.937421
4.240085
4.505308
4.589605
4.342378
4.477486
4.019187
3.627090
3.585100
3.598302
3.655229
3.746788
3.709421
3.926330
3.882723
3.865779
3.940754
4.022117
4.086667
4.136882
4.127108
4.113619
4.129901
4.174713
4.234134
4.328479
4.423143
4.471275
4.591979
4.677462
4.710518
4.782289
4.837366
4.844387
4.866307
4.932365
4.882870
4.921279
5.016364
5.247380
5.279616
5.344271
5.285558
5.426407
5.171307
5.092315
4.835915
4.658372
4.382482
4.036773
3.853003
3.671458
3.555484
3.452444
3.360626
3.242687
3.240770
3.138258
3.041592
3.140470
3.134718
3.149478
3.178906
3.228327
3.102895
3.004845
3.070713
