0.158656
0.246165
0.347058
0.347886
0.307921
0.257467
0.185220
0.165929
0.065543
0.043969
0.085439
0.154228
0.218732
0.183591
0.294364
0.283691
0.187519
0.290877
0.198716
0.130564
0.096786
0.328982
0.646997
0.722896
0.704406
0.991583
1.068552
1.177909
1.042908
0.974483
1.039066
1.103260
1.124302
1.310667
1.220547
1.448576
1.397676
1.557692
1.578320
1.589845
1.724232
1.679114
1.876891
1.858323
2.003140
1.987613
1.955434
1.979062
1.955188
1.989485
1.993010
1.751786
1.649466
1.599740
1.614162
1.406484
1.203853
1.120433
1.065043
1.032831
0.928299
0.930629
0.905943
0.985518
1.029470
1.096719
1.289950
1.378334
1.637654
1.692993
1.764739
2.060585
2.087249
2.219407
2.448049
2.437579
2.126836
2.158150
1.862321
1.544233
1.458632
1.643622
1.808219
2.339852
2.535217
2.141547
1.836881
1.776544
1.717240
1.702200
1.657189
1.530145
1.500211
1.603360
1.677206
1.635009
1.698956
1.734233
1.859751
1.927783
2.025350
2.029350
2.032005
2.087170
2.104976
2.068460
2.009501
2.033251
2.033256
2.028215
2.039423
1.731422
1.491382
1.161100
0.800838
0.584238
0.570178
0.820577
0.905368
1.109831
1.242464
1.404308
1.382792
1.472680
1.395020
1.494456
1.510631
1.501374
1.768813
1.884909
1.991425
2.286289
2.295836
2.168037
2.111452
2.180929
2.056418
2.001099
2.216350
2.154276
2.171629
2.422771
2.492459
2.391518
2.507993
2.511422
2.345825
2.015172
1.735676
1.768163
1.651962
1.705237
1.853465
1.837408
1.690300
1.589691
1.382279
1.355535
1.375492
1.410363
1.201120
1.202869
1.047863
0.684445
0.559429
0.515131
0.559301
0.511937
0.616037
0.636375
0.728859
0.883912
1.081980
1.190131
1.222481
1.147117
1.097123
0.937030
0.862321
0.701056
0.666690
0.612797
0.665434
0.689629
0.699005
0.739988
0.611273
0.501741
0.556381
0.565450
0.593835
0.505748
0.391720
0.569900
0.654264
0.800188
1.142544
1.278952
1.759738
1.994168
2.035786
2.058774
1.736478
1.366657
1.216941
1.266324
1.409698
1.567343
1.814226
2.024324
2.205910
2.343023
2.065576
1.960042
1.920784
1.762264
1.512052
1.424526
1.292373
1.236073
1.185683
1.188830
1.154121
1.231085
1.530493
1.361425
1.564750
1.759519
2.426846
2.646491
2.141508
1.780889
1.588755
1.233122
0.919018
0.669793
0.550599
0.451907
0.302790
0.233190
0.163096
0.315893
0.409754
0.517183
0.617111
0.865885
1.009002
1.267636
1.465979
1.862664
1.718811
1.606251
1.385573
1.098266
1.507266
1.917020
2.130414
2.279154
2.448135
2.249584
2.224207
1.965657
1.748967
1.591845
1.341501
1.102953
1.025039
0.859355
0.750636
1.072980
1.224241
1.675717
1.887483
2.089413
1.971467
1.720225
1.634212
1.345277
1.153530
1.004387
0.840445
0.805646
0.819483
0.817254
0.877370
0.801983
0.965770
1.034728
1.062314
0.935402
0.660204
0.618385
0.482261
0.711071
0.763538
0.995035
1.221854
1.304240
1.324891
1.359845
1.618503
1.604872
1.667560
1.874949
1.832955
1.801123
1.724500
1.569137
1.367153
1.200724
0.946134
0.736125
0.586798
0.664378
0.711901
1.035736
1.212680
1.506141
1.681831
1.758577
1.940193
2.094968
2.013464
1.801048
1.760569
1.516706
1.451895
1.273715
1.170538
1.037586
1.038269
0.980995
0.839843
0.876211
0.907971
0.857622
1.199430
1.390204
1.543950
1.196169
0.677323
0.236276
0.291274
0.670272
1.161652
1.286738
1.492260
1.874810
2.184049
2.652405
2.970375
3.259720
3.477431
3.655709
3.927946
4.327628
4.366034
4.383254
4.369679
4.668025
5.065921
5.340582
5.509182
5.504907
5.721280
5.899821
6.010922
6.009918
6.015152
6.172566
6.387826
6.578270
6.804689
7.002949
7.213258
7.284470
7.410487
7.364396
7.151588
7.071271
7.095153
7.093439
7.474627
7.585840
7.635569
7.914091
7.970653
7.984212
8.000620
8.008111
7.811200
7.658916
7.450029
7.210157
6.973413
6.709002
6.378002
6.213320
6.052527
5.832262
5.693108
5.478414
5.436270
5.528301
5.618258
5.798769
5.890224
5.827153
5.769270
5.745056
5.714796
5.711184
5.719965
5.792164
5.677632
5.813628
5.893697
5.946894
6.055464
6.032457
5.782052
5.183574
4.075671
2.116828
1.798288
1.967428
1.815768
1.624087
1.632474
1.773654
2.099801
2.447681
2.995103
3.648852
4.266300
4.761996
5.413402
5.671354
5.947601
6.309436
6.758311
7.160943
7.457228
7.746007
8.120500
8.452177
8.817606
9.199302
9.585757
10.019595
10.437942
10.882894
11.294665
11.720869
12.161036
12.466150
12.254281
12.185984
12.094127
11.958470
11.931379
12.564581
12.697738
12.622995
12.655747
12.699735
12.575167
12.502710
12.197885
11.877551
11.560382
11.298253
10.862171
10.381691
9.846674
9.722192
9.681435
9.240005
8.861703
8.514395
8.162443
7.753419
7.342351
6.966222
6.638975
6.270983
5.881585
5.542979
5.310517
5.146966
4.957894
4.586769
4.193493
4.303996
4.410588
4.110529
3.791798
3.280599
2.444380
2.486004
2.114645
2.161636
2.498313
2.907995
3.324466
3.784400
4.284290
4.728409
5.077054
5.297944
5.653627
6.049659
6.441416
6.841347
6.899943
6.916970
7.266459
7.671673
7.997845
8.394847
8.791233
9.219055
9.647724
10.058275
10.511943
10.989638
11.467975
11.997795
12.352308
12.646607
12.895378
13.183828
13.359925
12.940627
12.637132
12.682589
12.574807
12.348910
12.411539
12.230302
11.988216
11.547012
11.104830
10.643084
10.179616
9.680718
9.233970
8.729210
8.311692
7.894646
7.496934
7.094463
6.720112
6.317663
6.034588
5.722632
5.445885
5.237392
5.010219
4.794755
5.527986
