-16.425000 2.575000
-16.275000 -1.575000
-8.075000 -1.075000
-5.875000 -1.625000
-4.325000 -1.825000
-5.075000 -0.225000
-5.175000 2.475000
-0.875000 3.575000
-3.375000 5.725000
-2.475000 2.525000
-3.125000 3.925000
-0.225000 2.625000
-3.075000 1.125000
-0.725000 0.975000
0.025000 -1.925000
-2.475000 -1.975000
-2.425000 -2.775000
-4.675000 -4.175000
0.125000 -5.725000
-6.075000 -1.625000
-6.775000 -1.325000
-8.175000 -1.125000
-8.825000 -1.575000
-8.825000 -1.825000
-9.475000 -1.125000
-10.275000 -1.175000
-10.775000 -0.925000
-11.425000 -0.875000
-12.675000 -1.575000
-20.975000 2.075000
-19.875000 1.725000
-19.225000 2.275000
-18.775000 2.025000
-17.425000 1.925000
-16.775000 2.425000
-6.625000 1.775000
-7.225000 2.475000
-7.975000 2.175000
-8.475000 2.175000
-9.325000 2.175000
-10.275000 2.475000
-11.025000 1.775000
-11.425000 2.475000
-11.975000 2.175000
-12.475000 1.925000
-13.175000 2.225000
-13.925000 2.225000
-14.275000 2.225000
-14.725000 2.225000
-15.375000 2.425000
-15.675000 2.225000
-16.075000 1.125000
-4.925000 2.075000
-4.675000 1.625000
-4.675000 0.975000
-4.675000 -0.275000
-4.675000 -0.775000
1.125000 -1.375000
3.825000 -0.475000
4.675000 1.525000
4.675000 1.825000
5.925000 0.025000
7.075000 -1.275000
8.175000 -0.575000
7.075000 2.175000
8.125000 2.175000
9.225000 2.175000
1.375000 -1.725000
1.375000 -4.625000
1.775000 -5.325000
2.225000 -5.325000
3.925000 -3.175000
2.825000 -3.225000
4.825000 -5.275000
-0.375000 -1.775000
-0.975000 2.475000
-2.425000 3.825000
-1.325000 3.925000
-0.225000 3.825000
6.175000 -4.825000
6.775000 -1.825000
6.675000 -2.725000
5.475000 -4.075000
5.875000 -3.425000
6.925000 -4.325000
5.275000 -2.175000
7.575000 -2.225000
8.175000 -2.275000
8.825000 -2.825000
8.125000 -3.475000
7.375000 -3.825000
8.125000 -4.525000
8.975000 -4.675000
7.525000 -4.325000
8.525000 -3.925000
8.975000 -3.475000
8.675000 -4.975000
-16.375000 1.725000
-16.375000 2.125000
-16.375000 2.475000
-16.075000 1.725000
-16.075000 2.125000
-16.075000 2.475000
-15.675000 1.725000
-15.725000 2.125000
-15.725000 2.475000
-16.175000 1.875000
-16.175000 2.275000
-15.925000 2.275000
-15.925000 1.875000
-5.175000 1.625000
-4.675000 1.625000
-4.225000 1.625000
-3.625000 1.625000
-3.075000 1.625000
-2.425000 1.625000
-1.925000 1.625000
-1.425000 1.625000
-1.025000 1.625000
-0.725000 1.625000
-0.425000 1.625000
-0.225000 1.625000
-0.025000 1.625000
9.175000 1.825000
9.825000 1.775000
-1.475000 -3.075000
2.625000 2.525000
8.125000 1.675000
11.525000 1.775000
12.975000 1.775000
13.975000 1.775000
14.825000 1.725000
16.025000 1.725000
17.775000 1.775000
18.825000 1.775000
19.875000 1.775000
20.525000 1.775000
4.025000 2.425000
5.125000 2.075000
10.925000 2.075000
10.425000 2.475000
12.075000 1.775000
13.425000 2.475000
14.325000 2.125000
15.575000 2.125000
16.475000 2.425000
17.325000 2.075000
18.475000 2.075000
19.475000 2.075000
20.275000 2.525000
21.225000 2.525000
21.425000 2.875000
0.225000 0.825000
2.425000 -0.925000
2.525000 1.525000
3.625000 0.275000
3.625000 0.925000
3.675000 -0.925000
4.725000 0.425000
4.675000 1.425000
21.375000 1.725000
21.525000 -0.225000
20.775000 -1.575000
21.475000 -3.875000
21.475000 -2.325000
