0.327151
0.321145
0.238523
0.253152
0.267315
0.264277
0.395147
0.517767
0.737065
0.860526
0.876537
0.870196
0.736842
0.663601
0.573152
0.631278
0.831712
1.043749
1.106267
1.021070
0.760057
0.440433
0.242987
0.312487
0.637518
1.134835
1.585584
1.991440
2.502572
2.857938
3.120019
3.168692
3.018508
2.830847
2.590815
2.282882
2.280300
2.277463
2.172343
2.244070
2.222633
2.156270
2.414586
2.645559
2.887794
3.156021
3.270778
3.253132
3.001986
2.654955
2.421068
1.791459
1.466522
1.258066
1.160068
1.208533
1.306891
1.417817
1.420495
1.348171
1.209314
0.961600
0.783240
0.736898
0.778995
0.975789
1.309628
1.898938
2.570714
3.113332
3.341869
3.653454
3.774334
3.915330
4.000082
4.106495
4.383964
4.638753
4.930362
5.192537
5.437246
5.610119
5.865415
5.972675
6.098527
6.124930
6.227115
6.417477
6.557470
6.814818
7.092697
7.026811
7.184979
7.523274
7.960013
8.672361
9.549070
10.422666
11.134655
11.446364
11.589565
11.675886
11.634988
11.463796
11.415082
11.275642
11.257016
11.404201
11.461085
11.446473
11.476978
11.771474
12.016843
12.193118
12.415504
12.650067
12.944197
13.230397
13.433696
13.446017
13.453071
13.535732
13.565161
13.586781
13.516252
13.476247
13.347843
13.188554
12.930388
12.695892
12.643505
12.450606
12.314863
12.120126
12.018142
11.866469
11.671829
11.561439
11.429746
11.474879
11.537165
11.676305
11.581976
11.404299
11.055851
10.688547
10.497272
10.407781
10.590356
10.722463
10.865597
11.080229
11.351913
11.585662
11.899007
12.177949
12.389056
12.328233
12.200507
12.064972
12.133426
11.946762
11.714902
11.352321
11.161854
10.948059
10.853559
10.756691
10.631124
10.543150
10.386146
10.216396
9.998508
9.847222
9.655716
9.576385
9.429057
9.419037
9.423473
9.536675
9.741386
10.003605
10.365749
10.847511
11.375057
11.952076
12.456539
12.976151
13.406338
13.842400
14.233118
14.769315
15.290484
15.735081
16.286814
16.919660
17.349948
17.782592
18.189680
18.515507
18.896382
19.364767
19.733471
20.126232
20.518053
20.942784
21.378221
21.807624
22.181559
22.613844
23.054681
23.467335
24.011512
24.557407
25.274528
25.872575
26.449442
27.059524
27.581995
28.180995
28.754588
29.270327
29.861021
30.382272
30.786929
31.373813
31.966739
32.719369
33.190652
33.680016
34.149336
34.728139
35.386400
35.831465
36.287564
37.069322
37.828462
38.481689
39.329047
40.239690
41.111676
41.969581
42.802106
43.428858
43.709573
43.663095
43.268244
42.655565
41.986386
41.275343
40.518529
39.703313
38.924590
38.100376
37.250757
36.391245
35.483314
34.765311
33.841823
32.940913
32.103840
31.197906
30.391949
29.482212
28.666069
27.923700
27.210270
26.666009
26.205755
25.813551
25.297065
24.984183
24.788283
24.760199
24.567728
24.328608
24.243215
23.974833
23.756456
23.369349
23.048269
22.837089
22.599389
22.367793
22.068081
21.569574
21.145374
20.600935
19.955392
19.411925
18.815655
18.065943
17.393679
16.607696
16.027574
15.444666
15.008914
15.141865
15.550044
16.129191
16.693474
17.392512
18.032201
18.620902
19.288993
19.942561
20.429982
21.072992
21.548355
22.017142
22.602731
23.058356
23.512312
24.019633
24.399000
24.748234
24.985291
25.190030
25.400590
25.665997
25.947380
26.241692
26.466130
26.898457
27.290800
27.684818
28.119027
28.626457
29.064716
29.532992
29.959796
30.165041
30.356691
30.406211
30.558987
30.728429
30.882983
31.148438
31.395810
31.654806
31.888135
32.055234
32.322101
32.674561
33.083242
33.628061
34.187957
34.624251
34.917633
35.415482
35.836603
36.005963
36.245775
36.145286
36.037970
35.630101
35.272515
34.825130
34.320630
33.912302
33.392216
32.739825
32.178334
31.899999
31.556648
31.203978
30.796307
30.326156
30.087639
29.753494
29.310664
28.716574
28.456774
28.065627
27.665701
27.580161
27.440359
27.249723
27.047964
27.206590
27.071497
27.158964
27.045360
26.957947
26.828046
26.481796
25.865359
25.317308
24.830785
24.289223
23.899831
23.525622
23.311298
23.155992
23.053108
22.743758
22.544203
22.277102
21.898291
21.654528
21.192128
20.895634
20.532027
20.163875
19.720298
19.181854
18.677406
18.240901
17.757613
17.137390
16.671563
16.045128
15.895128
15.932564
16.214524
16.542754
16.931396
17.220255
17.480425
17.676758
17.969748
