0.341579
0.438372
0.447839
0.439053
0.363009
0.241450
0.107142
0.125341
0.337308
0.569743
1.018739
1.548287
2.019213
2.555551
2.949593
3.422674
3.982132
4.469705
4.781309
4.847243
4.475690
3.956244
3.351360
2.927507
2.393675
2.040912
1.702185
1.407799
1.157303
0.954896
0.795954
0.856536
0.990071
1.226167
1.647062
2.046058
2.498261
2.897123
3.130653
3.186987
2.905498
2.452266
2.180279
1.860714
1.748711
1.759980
1.901627
2.142671
2.398514
2.708827
3.062343
3.364056
3.664674
4.170357
4.659628
5.286848
5.865784
6.306796
6.649078
6.550319
6.091881
5.543534
4.804034
4.212684
3.742412
3.480245
3.326714
2.939261
2.501152
2.292197
2.310955
2.302782
2.588643
2.966091
3.311433
3.717783
4.080710
4.296583
4.630176
4.816183
5.031850
5.168476
5.338877
5.593655
5.716583
5.859190
5.811955
5.961333
6.234714
6.667493
6.862778
7.342358
7.947037
8.645679
9.576673
10.319816
11.238424
12.123388
13.087176
13.858062
13.947175
13.677871
13.300271
12.845175
12.491277
12.242342
11.928602
11.655021
11.532207
11.583110
11.854709
11.997172
11.987797
11.656021
11.244084
10.832531
10.394794
9.831576
9.295084
8.811247
8.166621
7.387316
6.514117
5.742556
5.429061
5.126926
4.860410
4.334421
3.595221
3.002358
2.281481
2.559633
3.573572
4.410991
5.359778
5.979924
6.712809
7.021357
7.386367
7.739045
8.513903
8.828500
9.153179
9.420701
9.648825
9.842707
9.558378
9.142873
8.495367
8.052621
7.854592
7.647397
7.549460
7.563308
7.573774
7.388197
7.348699
7.262946
7.161599
7.032487
6.961881
7.011908
7.294428
7.646050
7.868931
7.860565
7.926148
7.954342
8.014432
8.246483
8.593759
8.931498
9.238410
9.577830
9.828687
10.094987
10.196234
10.059586
9.540921
8.888182
8.233088
7.799049
7.544866
7.247460
7.170371
6.928224
6.692398
6.408847
6.109307
5.937094
5.528095
5.355400
5.070159
4.758684
4.496358
4.167701
3.799066
3.304332
2.762189
2.368831
2.028160
1.794310
1.869953
2.169450
2.581717
3.105280
3.655776
4.266069
4.977853
5.553487
5.935894
6.359225
6.634955
6.799657
7.057832
7.360457
7.606931
8.051778
8.289570
8.468456
8.637091
9.036502
9.386516
9.772105
10.125744
10.624084
11.078774
11.663870
12.275045
13.150402
13.793705
14.654511
15.402793
16.102718
16.793554
17.401139
17.981521
18.647771
19.302478
19.897580
20.524763
20.991016
21.657843
22.185720
22.531848
22.407674
22.017693
21.465240
20.922489
20.448935
19.928561
19.317411
18.687113
18.034537
17.342082
16.691305
15.947957
15.272479
14.558815
13.816188
13.045432
12.134676
11.337842
10.557408
9.787609
9.001509
8.135552
7.546306
6.857179
6.080348
5.207178
4.563735
3.784695
3.239526
2.607203
2.067766
1.789443
1.423251
1.316986
1.158798
1.145050
1.239351
1.249105
1.364687
1.344586
1.477031
1.465909
1.369431
1.426531
1.413188
1.570636
1.547464
1.667493
1.785268
1.921750
2.069514
2.117163
2.200633
2.178187
1.954188
1.834803
1.753474
1.678560
1.646485
1.697308
1.843403
2.038196
2.214040
2.384640
2.589793
2.745864
2.841944
2.815927
2.817199
2.671366
2.479438
2.316201
2.380780
2.520743
2.698398
2.966871
3.373830
3.748735
4.036224
4.278151
4.716519
5.191909
5.560692
6.213592
6.747224
7.437051
7.867131
8.189587
8.423188
8.724770
9.020575
9.363748
9.485670
9.764324
10.343125
10.718224
11.101856
11.813649
12.580995
13.210624
14.229825
15.205075
16.332881
17.361551
18.554771
19.468662
20.138449
20.547368
20.546517
20.189326
19.669784
19.076506
18.424509
17.841189
17.165879
16.529944
15.801531
15.032520
14.352801
13.626262
12.829712
12.050575
11.133628
10.372821
9.506142
8.834378
8.342254
7.875662
7.479691
6.851754
6.294057
5.765265
5.263722
4.894075
4.385292
3.870018
3.397474
2.863033
2.395769
1.937898
1.653664
1.583742
1.855710
2.361888
2.902308
3.534012
4.102293
4.436815
5.029293
5.332866
5.558043
5.534339
5.457863
5.272440
5.069044
4.779410
4.301001
3.887557
3.475732
3.006865
2.582172
2.273537
2.172574
2.151909
2.082847
2.070735
1.998436
2.032350
2.046438
2.040670
1.835134
1.555286
1.172150
0.770596
0.386348
0.338253
