0.334345
0.293707
0.201231
0.185479
0.144914
0.109115
0.076022
0.273746
0.594589
0.886680
1.268482
1.511144
1.789856
2.056833
2.353342
2.631996
2.854047
3.150200
3.382027
3.500401
3.467968
3.470317
3.667825
3.509373
3.229371
2.937591
2.702728
2.348803
2.073463
1.917568
1.728405
1.545762
1.349929
1.303228
1.404330
1.611004
1.906891
2.259143
2.526771
2.602650
2.482978
2.195031
1.991480
1.979785
2.052595
2.200571
2.468250
2.721904
3.008803
3.393890
3.719432
4.139235
4.693226
5.205813
5.749922
6.334895
6.880596
7.348188
7.555104
7.405517
7.118383
6.949592
6.782307
6.561262
6.194849
5.834220
5.408863
4.798042
4.279980
3.809315
3.500900
3.198400
3.044130
3.138671
3.387915
3.782718
4.253963
4.656965
5.077557
5.469610
5.966671
6.347980
6.782627
7.207281
7.653333
7.859405
7.926514
8.047475
8.079082
8.141912
8.446990
8.465194
8.404384
8.380716
8.307579
8.270641
8.179233
8.059735
7.988158
7.894450
7.882830
7.441793
7.259403
7.378319
7.619021
7.901430
8.209201
8.489941
8.807522
8.984222
9.117555
8.874739
8.494558
8.125419
7.723878
7.500652
7.293678
7.194586
7.127322
7.002427
6.644167
6.496520
6.028382
5.625965
5.299847
4.986242
4.711368
4.637968
4.810071
5.127943
5.515758
6.056658
6.516763
6.925563
7.318883
7.619132
7.875824
8.164609
8.532884
8.952171
9.395665
9.788718
10.210249
10.558037
10.843550
10.892978
10.638829
10.055863
9.471129
8.940858
8.446773
8.084956
7.669037
7.340825
6.941488
6.714443
6.426445
6.163043
5.760952
5.221163
4.670807
4.413107
4.276482
4.503709
4.901253
5.459881
6.020840
6.541683
6.973797
7.428487
7.845560
8.395448
8.905034
9.359332
9.798619
10.240597
10.735687
10.963096
11.103585
10.977189
10.703145
10.461633
10.141094
9.724863
9.407617
9.148067
8.929504
8.718765
8.430424
8.130343
8.007944
7.990015
7.775683
7.582368
7.529591
7.555817
7.505305
7.343066
7.428843
7.450555
7.734048
7.897470
7.955742
8.148061
8.347885
8.568294
8.762651
8.961723
9.114519
9.378144
9.641820
9.820548
9.997476
10.257321
10.649464
10.979305
11.393961
11.929272
12.385362
12.702242
13.085824
13.574469
13.939351
14.407422
14.978926
15.537381
15.999399
16.763641
17.323348
17.818387
18.619540
19.507805
20.099869
20.690150
21.333597
21.796855
22.417648
23.010946
23.641067
24.182460
24.538632
25.099711
25.756858
26.032055
26.264046
26.096294
25.722590
25.184548
24.747725
24.218276
23.653624
23.123371
22.630741
22.130224
21.512718
21.006915
20.623742
20.251941
19.774752
19.441076
18.950892
18.638791
18.234180
17.854593
17.385265
17.075126
16.691486
16.193546
15.823475
15.609954
15.205957
14.835885
14.575237
14.269133
14.004770
13.716333
13.601172
13.398647
13.098667
12.742018
12.448273
12.392138
12.152266
11.793520
11.582969
11.173607
10.830202
10.518678
10.153736
9.782798
9.391861
9.288660
9.102458
8.977392
8.699370
8.688147
8.837501
9.154126
9.648816
10.204840
10.810143
11.507143
11.983877
12.535916
12.926253
13.349362
13.677434
13.940025
14.306601
14.654339
14.941748
15.193342
15.418943
15.506247
15.758010
16.037536
16.182129
16.425190
16.553836
16.768919
17.047178
17.270853
17.603863
17.924857
18.223792
18.567339
18.951640
19.390650
19.833127
20.314900
20.758032
21.135006
21.485391
21.817952
22.080823
22.433982
22.650527
22.923512
23.360052
23.614137
23.870429
24.162183
24.317068
24.525786
24.720795
24.963572
25.245088
25.522225
25.783199
26.107340
26.410027
26.476860
26.416026
26.127091
25.698959
25.247048
24.808936
24.425728
23.977265
23.593640
23.183363
22.784097
22.441790
22.153775
21.870862
21.598021
21.411289
21.087423
20.745268
20.343222
19.967694
19.630442
19.145494
18.788922
18.458519
18.136352
17.843421
17.543856
17.344621
17.367337
17.579567
17.814771
17.905571
18.065031
18.080287
17.754262
17.296040
16.724800
16.205551
15.612364
15.178308
14.660372
14.172546
13.726475
13.225261
12.775984
12.328820
12.021267
11.584922
11.206263
10.736128
10.340483
9.849339
9.398646
8.971393
8.546401
8.115142
7.825868
7.366856
7.033200
6.676530
6.361954
6.228596
6.334031
6.697281
7.211696
7.787646
8.197319
8.542378
9.058881
9.695152
