1.979329 1.993455
1.889169 1.893548
1.864525 1.844188
1.908679 1.806182
1.911999 1.772339
2.005840 1.702812
2.144561 1.681500
2.170061 1.673000
2.350589 1.771593
2.585887 1.865330
2.878390 2.073424
3.023438 2.221628
3.233033 2.478739
3.372612 2.739113
3.686520 3.029029
3.978755 3.335102
4.356018 3.661014
4.691527 3.926675
4.851922 4.082346
4.766356 4.061116
4.568699 3.959510
4.263348 3.782586
4.016951 3.608887
3.728674 3.472531
3.400626 3.325958
3.116722 3.178471
2.711770 2.905917
2.424392 2.712495
2.132977 2.390991
2.100370 2.265590
2.351249 2.391763
2.472486 2.448596
2.481620 2.385352
2.405459 2.426014
2.521001 2.493554
2.668195 2.603364
2.756314 2.654582
2.858085 2.838709
2.855152 2.990010
2.688716 2.907126
2.482887 2.785132
2.191920 2.476159
2.005493 2.128450
1.721548 2.012876
1.656530 1.919194
1.648522 1.855275
1.711727 1.724716
1.869893 1.692609
1.993245 1.763866
2.084342 1.888319
2.359351 2.152563
2.451614 2.396662
2.574024 2.606290
2.762761 2.938441
2.991023 3.311721
3.211398 3.717311
3.312462 3.918659
3.313597 3.936789
3.140634 3.745001
2.754363 3.510493
2.543747 3.166282
2.304921 2.925377
2.183055 2.692744
1.986855 2.474969
1.946118 2.351315
1.810427 2.086386
1.791843 1.921738
1.790406 1.850643
1.919067 1.863878
2.011225 1.836140
2.312884 1.994140
2.310427 2.053949
2.313288 2.257700
2.437860 2.469060
2.514660 2.688618
2.458810 2.834819
2.332876 3.017561
2.394526 3.176346
2.402004 3.379204
2.452556 3.614856
2.735402 3.926159
2.747178 4.103019
2.863705 4.331780
3.045937 4.612609
3.340042 4.931455
3.518754 5.043612
3.665253 5.189820
3.860652 5.312785
4.095372 5.446381
4.286315 5.437978
4.557961 5.491726
4.479847 5.217806
4.218640 4.910063
4.083022 4.812272
3.914060 4.550814
3.790022 4.514862
3.429034 4.413658
3.479904 4.422273
3.192338 4.264393
3.232481 4.256610
3.285041 4.353788
2.768806 3.972231
2.757443 3.578997
2.388900 3.342848
2.433524 2.972271
2.243736 2.639214
2.297143 2.545778
2.322147 2.430008
2.264828 2.287017
2.273661 2.123306
2.365734 2.222202
1.816377 1.930721
1.394969 1.589176
1.255212 1.351341
1.272869 1.312714
1.400988 1.418321
1.648833 1.638285
1.871787 1.938722
2.205214 2.329293
2.530204 2.661783
2.889850 3.003472
3.026580 3.248876
3.295236 3.576559
3.737620 3.932002
4.323754 4.348484
5.125489 4.634182
5.921530 4.721867
6.432371 4.624670
6.408704 4.241843
5.908480 3.659577
5.561382 3.246795
5.036948 2.866417
4.695981 2.593116
4.398600 2.462549
4.088998 2.407396
3.906838 2.485081
3.410889 2.313828
2.975808 2.261572
2.342668 2.225770
1.918843 2.200112
1.858784 2.521801
1.412099 2.036258
1.280369 1.947754
1.344400 1.816640
1.399965 1.737267
1.451570 1.674875
1.405827 1.548864
1.248361 1.380760
1.196207 1.310305
1.236149 1.336418
1.491338 1.550015
1.608531 1.587216
1.810296 1.697165
2.087425 1.810400
2.420850 2.036556
2.765833 2.221397
3.157933 2.513877
3.612662 2.683531
3.940083 2.922245
4.061093 2.971260
4.291978 3.166037
3.723226 2.907097
2.957405 2.578253
2.329272 2.198098
1.456561 1.811291
1.368362 1.523619
1.452363 1.427157
1.594724 1.441869
1.760800 1.594445
1.959963 1.811897
2.071876 2.121634
1.976459 2.190338
1.994480 2.238488
1.871722 2.245836
1.888374 2.256123
1.766890 2.272281
1.711388 2.332998
1.621965 2.285501
1.507153 2.252150
1.422114 2.057152
1.452644 1.940195
1.437111 1.652426
1.428497 1.523648
1.406218 1.491122
1.305222 1.501825
1.455947 1.604717
1.676703 1.830195
1.979055 2.072050
2.334982 2.322513
2.796126 2.659906
3.216603 2.978433
3.589315 3.282843
3.923721 3.567208
4.004869 3.583077
3.635468 3.483202
2.985215 3.130079
2.576102 2.859044
2.039408 2.662842
1.596509 2.453611
1.648196 2.351459
1.866546 2.314912
1.894175 2.255389
2.075949 2.209122
2.145759 2.118263
2.306267 2.108351
2.412820 2.099043
2.483133 2.176525
2.527219 2.289957
2.750909 2.379593
2.930699 2.593480
3.229571 2.939649
3.312923 3.111544
3.453265 3.271525
3.458103 3.330330
3.456066 3.344148
3.371343 3.395007
3.299316 3.526908
3.218202 3.714475
3.243106 3.801262
3.236755 3.888952
3.399938 4.039632
3.294972 4.108336
3.153324 4.131661
3.063485 4.232807
3.045874 4.161417
3.027356 4.100358
2.989970 4.103348
3.063250 4.101761
3.106785 3.949031
2.959685 3.809837
3.204554 4.045315
2.915255 3.911814
2.794113 3.856641
2.597815 3.903172
2.500227 3.934439
2.551114 3.922809
2.385130 4.115383
2.358527 4.286835
2.403623 4.385479
2.522923 4.474185
2.788390 4.639252
2.808380 4.806112
2.894639 4.937640
2.906499 4.945476
2.669151 4.778225
2.546056 4.581455
2.217293 4.294876
1.948187 3.832802
1.831306 3.364019
1.826321 3.016128
1.979000 2.922890
2.060587 2.800228
2.131068 2.771770
2.181861 2.552149
2.281616 2.632645
2.303380 2.689556
2.376135 2.687657
2.341957 2.850725
2.280043 2.867532
2.311175 2.895459
2.505827 3.119715
2.375623 2.859162
2.238762 2.810542
2.200834 2.819007
2.245446 2.746494
2.356293 2.639491
2.438270 2.676386
2.476391 2.623579
2.589844 2.690728
2.749875 2.724832
2.991444 2.844181
3.000849 2.899405
2.953382 2.897124
2.818378 2.962024
2.643462 2.962816
2.617260 3.060774
2.684912 3.277991
2.670761 3.460079
2.707368 3.645020
2.740560 3.864291
3.079521 4.046303
3.084182 4.328467
3.006858 4.556291
2.887254 4.853768
2.910631 5.022002
2.910954 5.149619
2.990651 5.240981
3.008729 5.244729
3.126853 5.216944
3.153078 5.242004
3.440901 5.363252
3.435583 5.377329
3.430956 5.365072
3.269094 5.308587
3.048856 5.146792
2.692874 4.975173
2.287089 4.756049
1.936886 4.283915
1.750497 3.754453
1.672640 3.220457
1.851477 2.963551
1.790687 2.750950
1.855876 2.588339
1.970675 2.491440
2.097884 2.402530
2.119594 2.382566
2.284803 2.543514
2.320983 2.691150
2.307409 2.904674
2.266660 3.039937
2.487167 3.369660
2.480041 3.608716
2.535224 3.769239
2.582982 3.936498
2.545128 4.127880
2.618723 4.221400
2.663958 4.054510
2.800093 4.100335
2.934476 4.080079
3.057211 4.098496
3.306948 4.224695
3.299990 4.026140
3.204412 3.925702
3.165974 3.731376
3.158606 3.589296
3.106519 3.518383
3.027460 3.355349
3.046244 3.376655
3.089655 3.338018
3.150086 3.338484
3.358794 3.623201
3.096910 3.805225
2.802182 3.820340
2.600876 3.797239
2.458618 3.647212
2.332451 3.500445
2.268289 3.383212
2.226691 3.358422
2.228268 3.296722
2.169961 3.325351
2.445182 3.424249
2.465059 3.501279
2.527824 3.565477
2.488644 3.703938
2.621579 3.692064
2.714243 3.451060
2.776932 3.381090
2.750723 3.322102
2.873061 3.339482
2.849172 3.233105
3.075704 3.314577
2.943569 3.102151
2.664525 2.790773
2.240369 2.396042
1.932923 2.111322
1.735893 1.999943
1.659966 1.887949
1.770694 1.984404
1.869222 2.160818
1.992045 2.305684
2.332945 2.572232
2.356307 2.707871
2.398440 2.728330
2.314585 2.633445
2.260555 2.610397
2.202546 2.617927
2.003687 2.538187
1.920634 2.523063
2.017646 2.659489
2.023280 2.790882
2.224420 3.031420
2.259279 3.188043
2.316684 3.374035
2.387841 3.503175
2.499795 3.681544
2.612277 3.869720
2.781252 3.942208
2.928850 4.089908
2.982805 4.048726
2.922866 3.741588
2.974607 3.629201
2.789658 3.403664
2.701700 3.278736
2.503758 3.202620
2.434307 3.104384
2.335927 3.022952
2.367861 2.854007
2.376883 2.667734
2.446673 2.505551
2.430866 2.484784
2.722939 2.573636
2.726335 2.607025
2.707954 2.717475
2.640054 2.838665
2.654457 2.907086
2.751263 3.095756
2.864826 3.332480
2.941102 3.572518
2.981596 3.744948
2.908926 4.021833
3.124127 4.359495
3.131003 4.240442
3.060322 4.153304
2.956265 3.915001
2.809354 3.849792
2.793458 3.694552
2.759076 3.805896
2.748494 3.918748
2.713697 4.156651
2.608949 4.314375
2.767376 4.416260
2.578680 4.211465
2.215831 3.898860
1.895513 3.404043
1.569075 3.070959
1.476402 2.628626
1.503791 2.428575
1.570240 2.388737
1.654515 2.431796
1.849128 2.517115
2.071828 2.745294
