0.341579
0.438372
0.447839
0.439053
0.363009
0.241450
0.107142
0.125341
0.337308
0.569743
0.835394
1.132060
1.607550
1.981738
2.439705
2.880968
3.296635
3.698375
3.892113
3.837091
3.579848
3.126089
2.690091
2.543059
2.354491
2.092645
1.764080
1.338530
0.925731
0.384633
0.251055
0.881419
1.466816
1.992109
2.507477
2.990539
3.347192
3.673805
3.772004
3.546378
3.142038
2.509212
1.990846
1.592849
1.331784
1.269008
1.265095
1.201233
1.244562
1.321181
1.684688
2.097944
2.649364
3.249204
3.806580
4.365755
4.726654
4.997103
5.002473
4.709608
4.318886
4.023504
3.772064
3.532583
3.269767
2.887906
2.596649
2.244687
2.042226
2.040472
2.126416
2.368083
2.681303
3.093535
3.510885
3.885073
4.255515
4.557044
4.958410
5.491306
6.111276
6.704143
7.422785
8.210447
9.027371
9.585443
9.963349
10.321488
10.602687
10.888068
11.197703
11.479069
11.895998
12.263651
12.558682
12.927490
13.217518
13.587866
13.908660
14.202614
14.667376
14.905746
15.075259
15.380814
15.713792
15.982576
16.299217
16.587101
16.912081
17.184726
17.675326
18.015102
18.035739
17.687456
17.453215
17.221147
16.993810
16.810741
16.458943
16.167468
15.971860
15.591815
15.357254
14.932561
14.631182
14.504378
14.266234
13.653633
13.198542
13.284077
13.378395
13.477465
13.780220
14.134595
14.646014
15.169194
15.773836
16.428278
17.149558
17.901624
18.574056
18.978785
19.398606
19.927421
20.081724
19.758367
19.125197
18.571177
18.089904
17.540234
17.028825
16.598729
16.233944
15.773797
15.378099
15.005452
14.684293
14.278837
13.813407
13.389621
12.857047
12.318909
11.576328
10.824393
10.440237
10.428743
10.408687
10.569843
10.943191
11.555167
12.163398
12.807313
13.571634
14.482476
15.344962
16.173532
16.880863
17.530112
18.088844
18.320084
18.247421
18.230486
18.269906
18.306090
18.428992
18.467376
18.512159
18.555293
18.536224
18.408085
18.212230
18.121699
17.976186
18.030564
17.925789
17.936571
18.025232
18.057213
18.371457
18.810599
19.438982
20.044454
20.684316
21.378309
22.062254
22.762429
23.441778
24.181954
24.887568
25.522916
26.166522
26.757094
27.263883
27.811378
28.323128
28.743592
29.147086
29.680666
30.083386
30.398279
30.761630
31.199377
31.623907
31.976279
32.369738
32.661182
32.998819
33.373899
33.728963
34.187996
34.684529
35.165053
35.668545
36.151059
36.614984
37.059080
37.311096
37.670440
38.050956
38.327529
38.658151
38.951971
39.158263
39.433010
39.666588
39.684420
39.399755
38.891185
38.476616
37.931017
37.506362
36.961526
36.386128
35.880562
35.274134
34.745582
34.297588
33.845407
33.544679
33.331259
33.260165
33.297118
33.288702
33.145122
32.932594
32.755375
32.445602
32.121926
31.754757
31.405595
30.910770
30.389547
29.812650
29.314969
28.698921
28.120362
27.471947
26.833024
26.030454
25.263970
24.677492
24.023228
23.435515
23.017179
22.575993
22.155331
21.710248
21.303651
20.823707
20.372522
19.897170
19.510446
18.980345
18.508067
18.074868
17.662756
17.425970
17.457635
17.697060
18.158685
18.649787
19.131244
19.548457
19.954174
20.335130
20.718023
21.105907
21.530436
22.049678
22.634456
23.151604
23.664368
24.170535
24.657759
25.331676
25.934668
26.488247
26.969107
27.449323
27.874449
28.358857
28.685943
28.996128
29.409850
29.795302
30.138353
30.479364
30.842744
31.224880
31.528402
31.731259
31.957402
32.193045
32.504818
32.841591
33.181909
33.607103
33.953083
34.280704
34.560895
34.753593
35.013612
35.246000
35.407159
35.662825
36.029464
36.307917
36.773402
37.213496
37.811448
38.381541
38.851533
38.961425
38.877062
38.634227
38.299114
37.944315
37.557791
37.172089
36.778149
36.391627
35.921673
35.260042
34.633538
33.930033
33.488701
32.964474
32.616985
32.351706
32.229449
32.162588
32.032988
31.983039
31.970211
31.879140
31.696611
31.472848
31.237747
31.064652
30.962737
30.910727
30.918307
30.795907
30.659223
30.476421
30.034205
29.524762
29.013067
28.557213
27.994802
27.417106
26.845919
26.325195
25.755158
25.160578
24.536139
23.898969
23.240145
22.700522
22.101458
21.634758
21.223248
20.825600
20.473679
20.147927
19.777124
19.340071
18.889804
18.338582
17.718330
17.102272
16.511488
16.039072
15.986789
16.290639
16.643564
17.203878
17.968248
18.748222
19.524574
20.212430
