1.976755 1.996758
2.033958 2.014887
2.144680 2.079273
2.318979 2.149513
2.538259 2.250590
2.803112 2.367805
3.123418 2.517221
3.430216 2.689135
3.754383 2.874188
4.092216 3.077430
4.420969 3.285660
4.752761 3.507941
5.076481 3.749285
5.390456 4.013904
5.686065 4.290920
5.998529 4.589727
6.302924 4.866170
6.536680 5.098155
6.641871 5.245578
6.573374 5.247306
6.412996 5.136136
6.229894 5.034014
6.125743 4.986762
6.070144 4.978768
6.059028 5.024296
6.098036 5.118202
6.162719 5.249278
6.238010 5.413412
6.334846 5.583618
6.440921 5.769020
6.563994 5.966876
6.714349 6.191770
6.880860 6.427254
7.080129 6.683110
7.296934 6.922031
7.528285 7.185824
7.764825 7.434237
7.946666 7.623030
8.048971 7.695421
8.039870 7.660444
7.945807 7.522359
7.829192 7.391768
7.746931 7.299570
7.715142 7.248592
7.700938 7.253147
7.738240 7.277385
7.784554 7.356110
7.876369 7.433697
7.960716 7.547062
8.040379 7.669263
8.122224 7.840890
8.220575 7.985217
8.340495 8.148949
8.474552 8.340064
8.638842 8.524519
8.807648 8.716584
8.929310 8.872330
9.024617 8.949162
9.020892 8.909341
8.938416 8.832600
8.836363 8.757253
8.785910 8.677721
8.739748 8.653895
8.742560 8.651636
8.744436 8.670556
8.752315 8.711772
8.792601 8.792586
8.880494 8.898394
9.004104 8.990461
9.146266 9.123100
9.306147 9.252556
9.477905 9.399186
9.640391 9.553142
9.772730 9.702557
9.900450 9.826210
9.970167 9.877019
9.990848 9.927015
10.037190 10.024792
10.076920 10.151585
10.153471 10.278789
10.271618 10.388936
10.402951 10.508023
10.547665 10.654390
10.704378 10.822477
10.818769 10.982250
10.908380 11.077129
11.018154 11.141164
11.145403 11.255193
11.280178 11.382819
11.423524 11.500854
11.587732 11.616074
11.770303 11.711110
11.944606 11.796841
12.117543 11.911470
12.282064 12.044276
12.458616 12.191021
12.660382 12.306670
12.888321 12.424967
13.078502 12.539623
13.209203 12.692621
13.291083 12.787491
13.284961 12.781694
13.223562 12.745412
13.220284 12.740597
13.227811 12.783505
13.232523 12.824859
13.240056 12.874225
13.259165 12.923082
13.304938 12.986787
13.375210 13.040494
13.458815 13.133515
13.483913 13.183176
13.480928 13.194453
13.457585 13.184863
13.438744 13.221027
13.444131 13.250934
13.447556 13.311708
13.464675 13.392972
13.509301 13.515414
13.545157 13.636790
13.575921 13.750364
13.624240 13.872268
13.669392 13.990307
13.718230 14.103525
13.810244 14.209367
13.876415 14.331398
13.921421 14.379086
13.918605 14.387619
13.878437 14.358325
13.841291 14.314796
13.789637 14.273085
13.755150 14.248453
13.748523 14.245736
13.742354 14.285720
13.722042 14.304549
13.735989 14.333719
13.740238 14.400819
13.784720 14.445963
13.846689 14.527772
13.919616 14.613694
13.978793 14.724481
14.015354 14.825787
14.083744 14.964680
14.151653 15.086724
14.226293 15.175269
14.306370 15.276964
14.291795 15.289095
14.250207 15.256245
14.182217 15.210333
14.154571 15.164560
14.144210 15.158492
14.139905 15.163164
14.163792 15.158534
14.214434 15.175649
14.283935 15.184752
14.365420 15.252274
14.469626 15.325635
14.559322 15.418120
14.677743 15.529205
14.788575 15.629625
14.933284 15.710562
14.993017 15.793574
15.033622 15.848449
15.001098 15.872890
14.943428 15.843900
14.890646 15.796922
14.852625 15.762069
14.841822 15.751761
14.856131 15.754077
14.875634 15.782434
14.912725 15.831173
14.931659 15.922164
14.990727 16.018037
15.077264 16.114048
15.156675 16.215522
15.224375 16.361370
15.299329 16.513221
15.335759 16.630822
15.326539 16.665948
15.294978 16.644927
15.270375 16.570422
15.244632 16.553119
15.236292 16.551446
15.219839 16.561151
15.248280 16.577939
15.260467 16.604878
15.278300 16.637504
15.299229 16.714959
15.350657 16.764440
15.401020 16.823241
15.479801 16.893517
15.551999 16.955598
15.641355 17.014352
15.720990 17.086407
15.822581 17.183246
15.925674 17.279859
16.029095 17.397156
16.157000 17.527672
16.252357 17.685766
16.351546 17.775047
16.427741 17.885924
16.518568 17.990599
16.616100 18.118486
16.716960 18.233505
16.796903 18.376024
16.894584 18.507931
17.003125 18.623636
17.126185 18.748715
17.236087 18.877605
17.390047 18.970128
17.537714 19.094040
17.681039 19.232392
17.833398 19.330370
17.975262 19.428434
18.132097 19.532219
18.299551 19.635368
18.482509 19.731974
18.665505 19.812068
18.822617 19.906166
18.979874 19.989404
19.140850 20.090309
19.287270 20.172263
19.448075 20.270116
19.593717 20.386261
19.751376 20.494440
19.903802 20.593466
20.065599 20.689377
20.206409 20.808282
20.345033 20.933043
20.442698 21.104682
20.583022 21.255515
20.709708 21.414788
20.865405 21.564579
20.993328 21.685009
21.097664 21.849214
21.208228 21.970525
21.321952 22.092864
21.451975 22.207935
21.540675 22.317746
21.647744 22.435405
21.757250 22.536928
21.876501 22.631850
21.991759 22.728913
22.112833 22.816811
22.181428 22.868990
22.201257 22.852498
22.133384 22.784415
22.059850 22.688510
21.964650 22.624882
21.908326 22.586707
21.864645 22.565714
21.837615 22.533985
21.822235 22.542187
21.804071 22.544672
21.789418 22.576588
21.826896 22.596105
21.870841 22.641837
21.878346 22.642358
21.885490 22.697489
21.910537 22.765084
21.924985 22.820140
21.965549 22.863782
22.020462 22.895534
22.059491 22.937254
22.158000 22.991312
22.210214 23.058533
22.276825 23.105944
22.357777 23.149257
22.430140 23.201499
22.539925 23.231093
22.638153 23.279274
22.737784 23.350558
22.867718 23.399108
22.976185 23.446559
23.084047 23.506987
23.174869 23.556632
23.275427 23.614253
23.391035 23.664534
23.476196 23.715349
23.577307 23.787443
23.692174 23.849650
23.813120 23.884527
23.945425 23.942878
24.064755 24.011601
24.167239 24.063519
24.246904 24.111206
24.343141 24.180682
24.408290 24.270188
24.473726 24.356855
24.563237 24.414614
24.657091 24.496664
24.759938 24.550227
24.872195 24.621519
24.979545 24.695615
25.111279 24.788109
25.167038 24.875050
25.231164 24.928875
25.227480 24.947234
25.182169 24.918800
25.128126 24.858591
25.083924 24.806653
25.057060 24.770202
25.031351 24.737748
25.032383 24.701683
25.052355 24.689244
25.070830 24.695830
25.123111 24.673928
25.172634 24.650138
25.252869 24.664646
25.297403 24.663951
25.383451 24.700503
25.474808 24.730659
25.581409 24.788500
25.672484 24.846667
25.751671 24.923513
25.855903 25.005093
25.932135 25.075272
26.003374 25.173325
26.072088 25.270321
26.158027 25.321405
26.268934 25.398116
26.362292 25.460764
26.455219 25.519357
26.564004 25.611943
26.656851 25.714785
26.784569 25.852501
26.907274 25.978351
27.012731 26.090842
27.111483 26.224476
27.217824 26.364141
27.322658 26.487591
27.379769 26.560888
27.429270 26.651302
27.484424 26.702677
27.567462 26.767555
27.624123 26.841520
27.720559 26.954793
27.810219 27.046982
27.899635 27.153214
27.955290 27.243037
28.033426 27.335202
28.091882 27.424324
28.129852 27.538717
28.175504 27.636074
28.239514 27.713887
28.309444 27.780228
28.383854 27.835982
28.453940 27.900347
28.494853 27.951214
28.529296 28.023050
28.565379 28.084063
28.589714 28.129620
28.606253 28.164020
28.593096 28.170654
28.567398 28.175044
28.526012 28.147923
28.515423 28.138552
28.498806 28.097771
28.487263 28.095589
28.473357 28.092493
28.475285 28.115836
28.458665 28.126894
28.483788 28.146608
28.526149 28.179339
28.545552 28.201939
28.570381 28.191403
28.601136 28.192209
28.632065 28.204870
28.659308 28.252513
28.693810 28.287778
28.716126 28.319453
28.753215 28.349355
28.810087 28.396184
28.875982 28.427732
28.945459 28.455189
29.012530 28.496046
29.051200 28.541588
29.080550 28.608003
29.116246 28.674591
29.118757 28.709531
29.073579 28.716452
29.048285 28.714127
29.056379 28.714613
29.074457 28.725731
29.114952 28.740847
29.151962 28.767963
29.166627 28.794503
29.186549 28.827330
29.194507 28.874707
29.190014 28.890793
29.199965 28.915013
29.221470 28.963391
29.241912 29.013615
29.279994 29.064459
29.310022 29.083423
29.354495 29.106327
29.415683 29.140486
29.481463 29.165014
29.538298 29.192151
29.616481 29.246363
29.674817 29.281734
29.740862 29.305103
29.786683 29.340860
29.829929 29.391412
29.886953 29.452241
29.940370 29.523727
29.998487 29.605806
30.069731 29.663782
30.131666 29.732648
30.165859 29.783502
30.217893 29.881058
30.260537 29.953631
30.280056 29.960024
30.231018 29.951844
30.193429 29.919937
30.146997 29.893774
30.125992 29.882830
30.113255 29.871206
30.119650 29.857080
30.138702 29.882399
30.164426 29.910162
