0.340645
0.430337
0.411487
0.259159
0.096219
0.133797
0.346465
0.507211
0.665514
0.739914
0.780628
0.767675
0.851953
0.964759
0.975831
1.120159
1.173159
1.356323
1.583897
1.620652
1.379263
0.981636
0.795135
1.069624
1.329267
1.571762
1.873566
2.239738
2.597058
2.931615
3.062731
3.063400
2.690495
2.299811
1.883488
1.638427
1.594678
1.483491
1.607485
1.603012
1.717215
1.738327
1.784726
1.798086
1.911449
2.030893
2.176666
2.420208
2.558948
2.331419
2.082337
1.819266
1.658309
1.516120
1.542932
1.573287
1.592196
1.760122
1.906911
2.103467
2.215082
2.318692
2.463830
2.702286
2.873481
3.042750
3.329368
3.445693
3.388407
3.276289
3.230085
3.168903
3.232535
3.222104
3.280202
3.336702
3.687671
3.856914
4.111971
4.309640
4.595370
4.851363
5.140990
5.397092
5.658002
5.975687
6.162639
6.333632
6.527222
6.620764
6.818410
7.195189
7.499687
7.951461
8.521533
9.191330
9.774481
10.316212
10.808693
11.409537
11.877868
12.176835
12.261293
12.342948
12.378691
12.446558
12.410788
12.336552
12.298644
12.331724
12.578733
12.829158
12.940101
12.862254
12.909719
13.025633
13.282564
13.511891
13.694372
13.876139
14.163685
14.245963
14.454324
14.725161
15.028400
15.068978
15.067228
14.862347
14.575384
14.352093
14.303198
14.204977
14.152663
14.119659
14.075811
13.886299
13.656247
13.482826
13.330548
13.178359
12.981140
12.850016
12.516941
12.254561
11.950090
11.502587
11.290578
11.216870
11.227166
11.370675
11.528782
11.858717
12.205763
12.440549
12.633712
12.884702
13.116556
13.406818
13.692711
13.829023
13.962385
13.899792
13.745355
13.395718
13.240339
13.118381
13.050105
12.911575
12.755973
12.673962
12.463519
12.239933
11.962319
11.748654
11.400959
11.139583
10.790535
10.520420
10.401120
10.530518
10.814773
11.149609
11.482664
11.781458
12.134816
12.583936
13.165164
13.844509
14.586492
15.199663
15.869504
16.687228
17.436245
18.085356
18.627741
19.048252
19.643058
20.171086
20.624534
21.048450
21.408157
21.864616
22.238997
22.710515
23.025074
23.227847
23.645963
23.880191
24.266656
24.545775
24.854241
25.212603
25.443336
25.885569
26.384933
26.954695
27.216980
27.914370
28.360100
28.813887
29.295718
29.865763
30.467789
31.005900
31.555727
32.265444
32.942209
33.455857
34.200469
34.740370
35.406250
36.040594
36.673819
37.502238
38.255926
38.941100
39.470417
39.836247
40.125477
40.583832
41.056542
41.348620
41.744390
42.008375
41.789900
41.309133
40.351864
39.019643
37.677973
36.415073
35.265978
34.255961
33.308062
32.449360
31.736484
31.112168
30.587290
30.102189
29.836058
29.584192
29.494525
29.544745
29.442691
29.358636
29.232857
29.042965
29.011399
28.792744
28.464143
28.251518
28.015401
27.856982
27.519591
27.234208
26.981238
26.603521
26.208457
25.883446
25.413445
25.160342
24.707293
24.451341
24.121598
23.749551
23.316535
22.805539
22.441425
22.091284
21.557053
20.975930
20.466059
20.006780
19.487672
19.038924
18.452525
18.113182
17.935373
18.154851
18.386810
18.844439
19.214000
19.674637
20.051478
20.518669
20.905333
21.297678
21.727375
22.126945
22.620879
22.999647
23.383943
23.648022
24.020374
24.475933
24.931563
25.242248
25.446855
25.933878
26.378322
26.999968
27.515620
28.077753
28.614317
29.200956
29.752111
30.422441
30.762695
31.390400
31.800518
32.311512
32.736389
32.834208
33.190301
33.435562
33.665648
33.941613
34.153923
34.489980
35.004345
35.136562
34.818534
34.917705
35.840102
36.554418
36.810182
37.122005
37.484389
37.836678
38.287316
38.782128
39.349635
39.760612
39.993997
39.938009
39.609842
39.213616
38.850625
38.339795
37.974007
37.572767
37.121064
36.650036
36.242223
36.017985
35.779980
35.523180
35.179186
34.684952
34.319031
33.950816
33.549596
33.021924
32.532348
32.237445
31.990900
31.733156
31.362674
31.079658
30.851877
30.844198
31.063281
31.130451
31.088276
30.917638
31.121356
31.072925
30.732571
30.183788
29.227217
27.520147
25.343382
22.771208
20.520342
19.360841
19.214359
19.434574
19.738537
20.040193
20.239087
20.293851
20.227239
20.101850
19.755217
19.244738
18.858788
18.469906
18.068303
17.821142
17.647091
17.272590
16.929045
16.676807
16.800597
17.222120
17.524609
17.881377
18.106876
18.382575
18.587053
18.881429
19.091022
