30
4450
4630
4710
4830
4940
5070
5170
5300
5430
330
4500
4680
4770
4830
4960
5070
5180
5300
5400
330
4510
4620
4780
4850
4970
5180
5190
5300
5440
320
4520
4630
4740
4870
4980
5100
5220
5320
5430
330
4510
4610
4760
4860
4990
5120
5190
5350
5430
330
4550
4630
4780
4870
5010
5090
5240
5310
5440
320
4530
4650
4760
4870
4970
5150
5210
5330
5490
320
4550
4630
4740
4870
4990
5120
5250
5390
5450
320
4510
4660
4770
4840
4950
5090
5190
5300
5430
320
4570
4660
4750
4870
4980
5090
5200
5330
5460
330
4520
4630
4740
4850
4960
5100
5190
5300
5430
330
4560
4670
4740
4920
4990
5080
5200
5340
5450
320
4520
4660
4720
4850
4950
5080
5190
5340
5060
330
4510
4630
4740
4870
4960
5080
5210
5330
5440
320
4510
4620
4750
4910
4980
5090
5190
5340
5430
330
4570
4600
4730
4840
4970
5110
5210
4870
5480
330
4560
4630
4790
4850
4970
5140
5200
5330
5430
330
4540
4660
4780
4860
4980
5090
5210
5340
5440
330
4520
4630
4760
4870
5020
5110
5210
5320
5460
330
4540
4660
4750
4870
4990
5110
5230
5330
5450
340
4530
4630
4740
4890
4960
5100
5200
5310
5540
330
4550
4630
4740
4860
4990
5100
5220
5300
5430
330
4510
4650
4800
4870
4990
5120
5230
5390
5480
330
4540
4650
4760
4860
4970
5140
5240
5320
5440
330
4540
4640
4760
4880
4990
5110
5260
5330
5480
330
4530
4650
4750
4880
4970
5100
5210
5330
5450
330
4520
4660
4750
5500
5710
5290
6450
5280
5710
450
5970
5700
4640
4890
6380
5330
5740
5690
6610
450
6120
4700
5300
4890
5040
5100
5240
5350
5430
330
4470
4630
4650
4800
4980
5090
5170
5290
5450
450
4140
4620
4760
4860
4980
5330
6090
7150
7450
440
6280
6410
6560
6430
5820
5030
5250
5380
4730
300
4540
4600
5490
6810
6140
5060
5540
6060
5670
320
4580
4650
4680
5100
4990
5050
5160
5630
5840
320
4490
4530
4640
4770
4860
5800
5280
6650
6350
330
4480
4670
6640
5740
4870
6140
5140
5320
5420
320
4420
4550
4950
4890
4940
5100
5230
5310
5360
330
4550
5410
6540
5700
5520
5070
5160
6930
5340
320
4270
4560
4630
4740
4890
5000
5120
5200
5400
320
4510
4540
4750
4840
4930
5050
5140
5300
6710
450
5150
4590
4680
4850
6110
7150
7210
5560
6200
460
4790
4630
4740
4870
4980
5090
5170
5250
5320
250
