1.979329 1.993455
1.983238 1.822621
2.035072 1.764789
2.137727 1.696324
2.215908 1.643327
2.395456 1.688493
2.615809 1.779514
2.836654 1.879808
3.134150 2.082268
3.457028 2.222608
3.790825 2.459808
4.033424 2.360107
4.093898 2.270572
4.255807 2.235124
4.327206 2.062388
4.507703 1.988324
4.679066 2.166032
4.873570 2.384387
5.018519 2.533354
4.846191 2.613999
4.675027 2.469533
4.284744 2.100831
3.928193 1.915375
3.749767 1.770253
3.521200 1.736260
3.301322 1.676344
3.229690 1.771464
3.296453 1.954184
3.438715 2.169565
3.675353 2.452201
3.951330 2.873151
4.092100 3.240156
4.165292 3.517820
4.254788 3.707134
4.176890 3.584552
4.154048 3.477163
4.095393 3.233452
4.018234 3.036466
3.829447 2.756864
3.545612 2.505751
3.272321 2.315202
2.930594 1.878105
2.570562 1.784998
2.478912 1.578067
2.403908 1.396014
2.528948 1.589141
2.676705 1.801572
2.876149 2.055917
3.153590 2.427561
3.292224 2.859602
3.547521 3.271685
3.345950 3.320389
3.331065 2.951241
3.303536 2.531339
3.361128 2.273639
3.556925 2.086493
3.655879 1.980680
3.630366 1.992496
3.414936 1.987002
3.044306 1.810189
2.811135 1.766626
2.600444 1.630807
2.486075 1.687463
2.400106 1.740058
2.422896 1.886589
2.655546 2.045875
2.822543 2.311638
3.113690 2.809490
3.388867 3.378578
3.538839 3.902613
3.822495 4.247603
3.763906 4.246138
3.594010 4.134547
3.463998 3.903711
3.357878 3.400618
3.322870 2.765197
3.225956 2.112744
3.246170 1.852559
3.269658 1.869913
3.377315 1.971126
3.694986 2.263752
3.899516 2.221137
4.016028 2.199136
4.166020 2.262899
4.227093 2.179385
4.240973 2.171230
4.296852 2.169740
4.424655 2.332543
4.542641 2.419035
4.683715 2.552291
4.999274 2.867987
5.170858 2.775733
5.297845 2.596629
5.406310 2.400331
5.527460 2.307901
5.552515 2.182696
5.596741 2.222188
5.673702 2.249679
5.705733 2.165666
5.754442 2.151378
5.721881 2.366992
5.422497 1.975629
4.958981 1.755807
4.656400 1.404320
4.257995 1.334246
4.097262 1.399258
4.042474 1.591608
3.933658 1.758148
3.977435 1.905218
3.973062 2.012858
4.015269 2.139133
3.892772 1.987840
3.613286 1.727128
3.389121 1.578813
3.210769 1.492332
3.212771 1.448496
3.208158 1.378757
3.054817 1.397586
3.146319 1.487228
3.261160 1.426418
3.528122 1.693904
3.751778 1.725996
4.042803 1.870788
4.325475 2.041458
4.498863 2.312642
4.649236 2.536186
4.394857 2.504347
4.241557 2.448440
3.821087 2.176957
3.404319 1.964109
3.204097 1.828438
3.050589 1.800059
3.023666 1.984508
3.046640 2.157894
3.125182 2.180667
3.171683 2.069079
3.334981 1.804452
3.493457 1.748032
3.587817 1.564129
3.724085 1.597559
3.863412 1.798500
4.036478 1.737007
4.196105 1.687217
4.179364 1.618972
4.120177 1.628254
3.973788 1.566579
3.687313 1.462105
3.409854 1.368781
2.981465 1.319883
2.817326 1.401811
2.814909 1.687572
2.799392 1.704084
2.731164 1.613966
2.935304 1.604834
2.997627 1.535022
3.228176 1.568765
3.522638 1.643584
3.746046 1.693229
4.086131 1.720461
4.247642 1.994781
4.532075 2.267761
4.537524 2.369954
4.290700 2.320196
3.898872 2.072598
3.432510 1.869193
3.116400 1.783863
2.941911 1.890339
2.695104 1.944130
2.648822 1.979028
2.553705 1.894444
2.630779 2.105925
2.727925 1.878184
2.885290 1.835481
3.057112 1.611871
3.257587 1.535975
3.432413 1.616536
3.681920 1.752399
3.692724 1.722068
3.633492 1.604901
3.294955 1.426718
3.112063 1.416543
2.903603 1.364297
2.871928 1.398966
2.758358 1.527886
2.659825 1.607000
2.639328 1.730557
2.637051 1.688760
2.573949 1.693751
2.608440 1.586640
2.596611 1.541872
2.799890 1.811705
2.974248 1.685166
3.151595 1.687720
3.192647 1.851028
3.167714 1.988192
3.187068 2.153580
3.304998 2.290358
3.450280 2.465687
3.487093 2.563842
3.426128 2.666489
3.463478 2.941328
3.534691 3.048805
3.626760 3.175230
3.853983 3.248381
4.043056 3.339652
4.074326 3.476837
4.210816 3.581695
4.386644 3.725455
4.488317 3.753641
4.821407 3.804495
5.215969 3.969559
5.620883 3.865420
5.986634 3.819930
6.331277 3.854357
6.724047 3.860325
7.027261 3.929121
7.398125 4.014738
7.708533 4.041678
7.953030 4.068771
8.125800 4.104424
8.355718 4.302741
8.570855 4.146117
8.730711 3.920855
8.888787 3.695229
8.901955 3.489930
8.977480 3.489351
8.772068 3.418164
8.765241 3.399493
8.490285 3.312776
8.170655 3.447840
8.275968 3.702527
7.816568 3.624865
7.447920 3.474432
6.839566 3.449214
6.386497 3.464494
6.110984 3.557912
5.875057 3.684355
5.508523 3.924462
5.217312 4.238156
4.972425 4.411210
5.133860 4.650610
4.927982 4.432749
4.461897 3.864182
4.125907 3.320622
3.795259 2.914663
3.892645 2.901720
4.060635 3.023515
4.027673 2.934506
3.952104 2.589413
3.877136 2.451149
3.971900 2.497323
3.802914 2.061694
3.688852 1.762041
3.557075 1.663356
3.560133 1.730537
3.505675 1.892906
3.565410 2.037744
3.588020 2.161441
3.713951 2.246085
3.886164 2.418938
4.100037 2.617931
4.375166 2.606174
4.676813 2.496508
5.035960 2.467383
5.262046 2.369698
5.578588 2.288123
5.762697 2.171357
5.956080 2.249235
6.021831 2.275361
6.107854 2.307621
6.200291 2.492067
6.047501 2.399889
5.767166 2.272673
5.499530 2.310718
5.111078 2.182413
4.697199 2.156418
4.460351 2.024011
4.294253 1.848400
4.550916 1.793544
4.817740 1.853993
5.327082 2.105326
5.789427 2.138836
6.250810 2.080615
6.727982 2.027009
7.139661 2.008822
7.416060 2.061935
7.572219 2.102232
7.579794 2.115339
7.471068 2.107729
7.293872 2.134955
7.260876 2.370036
6.698910 2.532792
6.080868 2.702945
5.223716 2.772734
5.031344 2.960325
4.814439 2.999809
4.629422 2.897306
4.365671 2.709257
3.937043 2.465047
3.818098 2.386036
3.796434 2.455568
3.737378 2.470015
3.434083 2.598758
3.441076 2.587073
3.521099 2.693811
3.505402 2.765014
3.505829 2.902112
3.625687 2.969937
3.770148 3.111586
3.904045 3.135611
4.167907 3.347725
4.380428 3.441741
4.626450 3.565185
4.897444 3.567790
5.061410 3.532757
5.132829 3.512713
5.257926 3.305787
5.510791 3.243644
5.878287 3.368715
6.288080 3.452146
6.611895 3.602661
6.862995 3.381294
7.037991 3.143721
7.298953 2.954455
7.360639 2.895344
7.439499 2.871887
7.478141 2.939593
7.424162 3.063428
7.448989 3.039208
7.515425 3.153655
7.508139 3.306480
7.426985 3.139814
7.307335 3.136508
7.290839 3.178457
7.414506 3.242497
7.393585 3.212155
7.391608 3.112727
7.002439 2.991022
6.529351 3.189019
6.846570 3.971191
7.596721 4.512063
8.596922 4.717776
8.176965 4.589872
8.130516 4.132430
7.925802 3.838509
7.751004 3.591369
7.627734 3.352217
7.260906 3.167071
7.066644 3.022652
6.918422 2.544456
6.950203 2.724642
6.185547 1.752567
5.610080 1.423699
5.324154 1.397177
5.048723 1.291163
4.868698 1.261107
4.771932 1.366980
4.572717 1.586146
4.464071 1.817162
4.339584 2.005846
4.436920 2.356352
4.504229 2.390024
4.454789 2.500400
4.513893 2.520802
4.704958 2.692715
4.906277 3.134045
4.712953 3.725898
4.682710 3.964222
4.544033 3.905220
4.369850 3.475886
4.371295 3.517332
4.146110 2.654235
4.081957 2.252566
3.895530 1.960594
3.709635 1.751359
3.649656 1.892241
3.567937 1.759185
3.508831 1.674383
3.344494 1.712659
3.117081 1.679132
3.102384 1.741074
2.839330 1.599573
2.810728 1.559716
2.992642 1.894681
3.224152 2.405677
3.388345 2.897832
3.540957 3.405055
3.665019 4.102225
3.662991 5.072287
3.885305 5.878326
3.984848 6.474317
4.293158 6.722880
4.508018 6.563848
4.747874 5.898597
4.814030 5.272822
4.805965 4.453795
4.603167 3.472487
4.412018 2.563671
4.122054 2.138955
3.965280 1.984322
3.815920 1.862568
3.484395 1.756171
3.445128 1.807214
3.335173 1.836165
3.300957 1.927696
3.275332 2.019205
3.027640 2.167843
3.162210 2.230376
3.197467 2.344335
3.301410 2.431641
3.515987 2.670927
3.748026 2.592235
3.675210 2.515266
3.603810 2.307320
3.444495 2.107343
3.212070 2.019695
2.960585 1.982123
2.804158 2.014114
2.756165 2.058615
2.874405 2.249502
3.126895 2.486655
