30
4500
4590
4750
4830
4950
5050
5170
5270
5410
320
4270
4590
4720
4820
4980
5090
5210
5290
5410
320
4500
4630
4720
4850
4960
5090
5190
5310
5410
330
4500
4620
4730
4850
4970
5070
5190
5310
5420
330
4500
4630
4740
4840
4970
5070
5210
5330
5430
330
4520
4610
4810
4840
4960
5060
5200
5320
5420
330
4520
4610
4730
4840
4950
5120
5200
5360
5450
330
4520
4630
4740
4860
4970
5100
5190
5320
5430
320
4510
4620
4790
4830
4940
5070
5180
5300
5410
320
4510
4630
4750
4850
4970
5150
5200
5320
5440
320
4550
4620
4740
4890
4970
5120
5190
5320
5470
320
4520
4640
4740
4860
5010
5150
5210
5320
5440
330
4510
4290
4780
4860
4980
5120
5200
5340
5460
330
4540
4640
4750
4870
5000
5090
5220
5320
5460
330
4560
4670
4790
4910
4990
5100
5220
5320
5490
330
4030
4630
4740
4860
5040
5080
5220
5330
5450
330
4530
4650
4770
4860
4970
5100
5210
5330
5450
330
4580
4640
4800
4890
5020
5070
5230
5320
5480
330
4560
4620
4780
4840
4970
5080
5220
5360
5440
330
4540
4650
4760
4870
4970
5170
5210
5340
5490
320
4570
4610
4760
4850
4970
5090
5220
5300
5410
330
4520
4640
4740
4860
5000
5090
5220
5320
5430
330
4510
4620
4760
4870
4960
5100
5190
5320
5440
330
4530
4630
4750
4860
5020
5080
5210
5310
5440
330
4510
4620
4730
4860
5060
5070
5200
5320
5430
330
4520
4670
4750
4860
4980
5260
5110
5930
5370
330
4500
5000
4650
5430
4850
5510
5220
5280
6180
320
5480
4560
4700
4830
5680
6300
5130
5640
6220
330
5640
5140
4860
4980
5540
5920
5630
6820
4360
210
4130
6410
6560
6700
3660
5640
5880
7320
7390
320
4470
4640
4760
4860
4900
5030
5080
5200
5400
320
4450
5090
5570
4760
4960
6310
5090
5660
4920
210
2850
4190
4740
4790
4950
5280
5470
5570
5430
320
4490
5040
4690
4770
5910
5140
5120
5240
5350
320
4400
4670
4900
4840
5070
7060
7180
6450
6750
450
4690
4550
6110
4830
4940
5100
5180
5300
5460
320
5820
4800
6340
5350
4880
5050
5860
5290
5350
320
4410
4520
4670
4970
4870
4990
5930
5270
7410
450
6360
6280
4630
4750
5880
6630
5220
5520
6080
310
4420
4620
6020
4790
5590
5110
5550
5480
6650
450
6260
6400
6520
4780
4900
5080
5180
5300
5430
320
4500
4620
4770
4870
4950
5080
5250
5310
5450
260
