1.986618 1.972875
2.045986 2.004955
2.044047 1.980287
2.066918 1.864806
2.154052 1.823838
2.203369 1.799193
2.342838 1.821509
2.480238 1.929354
2.581852 2.090063
2.764768 2.262400
2.967734 2.435757
3.178620 2.688014
3.367176 2.854670
3.570856 3.008087
3.822211 3.250531
4.139441 3.568796
4.379736 3.800029
4.502796 3.837924
4.555373 3.897274
4.501165 3.832669
4.163250 3.571719
3.902525 3.388252
3.566347 3.226013
3.304036 3.132934
2.949404 2.977771
2.654755 2.840062
2.539923 2.751489
2.285256 2.607450
2.192790 2.529236
2.110189 2.512301
2.219669 2.541910
2.335243 2.523474
2.519769 2.527026
2.626146 2.581978
2.738869 2.654203
2.831647 2.686639
2.971787 2.952318
3.056446 3.092241
2.937490 3.167746
2.764557 3.050077
2.539871 2.754029
2.185543 2.424338
2.062778 2.242198
2.058088 2.111847
2.060737 2.056809
2.098145 2.099553
2.191392 2.215010
2.363059 2.325948
2.556675 2.528791
2.736582 2.669507
2.933040 2.795602
3.146694 2.958274
3.357852 3.091261
3.559490 3.278012
3.844560 3.537811
4.119104 3.863005
4.332238 4.115553
4.451154 4.128389
4.376017 4.035216
4.205594 3.775903
3.833090 3.434677
3.505978 3.225171
3.189601 2.954338
2.955643 2.706779
2.780807 2.488279
2.650337 2.391337
2.435356 2.256867
2.365239 2.185053
2.370172 2.200648
2.396811 2.108481
2.470945 2.175866
2.610577 2.332315
2.747268 2.442364
2.938777 2.626983
3.160853 2.773712
3.167715 2.897427
3.199813 2.957156
3.282378 3.105856
3.362642 3.202154
3.400070 3.387209
3.564055 3.618234
3.722362 3.885864
3.931270 4.190527
4.209599 4.564766
4.538533 4.991121
4.804805 5.338182
5.131543 5.768624
5.462828 6.282516
5.830958 6.763861
6.263041 7.332359
6.865717 7.880257
7.351227 8.398255
7.804771 8.879323
8.233638 9.277717
8.560522 9.691052
8.943868 10.095587
9.289719 10.503814
9.633207 10.853377
9.935726 11.159280
10.108154 11.389822
10.179639 11.515591
10.191533 11.485360
10.216896 11.405361
10.232800 11.405425
10.210230 11.414679
10.369637 11.521035
10.575802 11.684501
10.828296 11.915607
11.205868 12.137092
11.611124 12.519215
11.887441 12.751468
11.652195 12.855324
11.205786 12.866867
10.626275 12.778245
10.187068 12.616763
9.713295 12.494462
9.400273 12.286912
9.167796 12.247981
9.179325 12.302551
9.244365 12.347587
9.223524 12.404034
9.245917 12.448098
9.293810 12.463175
9.362776 12.491203
9.397279 12.409906
9.348941 12.436231
9.138057 12.299855
8.849217 12.096270
8.278571 11.782210
7.872127 11.432172
7.356330 11.094275
6.990568 10.761898
6.853231 10.613724
6.917310 10.787272
7.166921 11.130623
7.512228 11.522924
7.845510 11.849353
8.031030 11.983522
8.233480 11.877186
8.240847 11.740942
7.801865 11.420748
7.453664 11.381217
7.211858 11.105736
6.987069 10.663985
6.741902 10.402391
6.315270 10.063882
6.093792 9.629760
5.714329 9.169855
5.444037 8.381885
5.249076 7.631486
4.550169 6.275979
3.906013 4.875112
3.228018 3.910774
2.881065 3.096634
2.853265 2.775424
3.153604 3.138960
3.509445 3.571656
3.910153 4.133310
4.372055 4.779411
4.692769 5.424989
4.859830 6.087521
4.855772 6.448861
4.605730 6.529614
4.248989 6.268005
3.641146 5.898677
3.362109 5.406809
3.148906 4.672728
3.149706 4.381290
3.240105 4.100021
3.391523 3.892778
3.550972 3.584546
3.616997 3.300737
3.529525 2.675106
3.292105 2.191401
2.952230 1.935833
2.585166 1.696928
2.365855 1.481683
2.134976 1.297290
1.896169 1.238373
1.777653 1.214348
1.725320 1.274325
1.643043 1.306926
1.658937 1.404376
1.693039 1.498766
1.748704 1.539656
1.843789 1.618361
1.983424 1.689045
2.209608 1.964732
2.529493 2.331390
2.880224 2.797936
3.310974 3.320897
3.687934 3.947417
4.042551 4.492121
4.274770 5.046279
4.440584 5.562338
4.578872 5.829461
4.531983 6.098848
4.419478 6.170501
4.017821 5.875076
3.635349 5.015125
3.106763 3.855664
2.569726 2.772486
2.196946 1.412453
2.190474 1.516009
2.213481 1.660838
2.260826 1.658242
2.418007 1.759233
2.539436 1.758500
2.594218 1.872891
2.746054 2.031615
2.877230 2.157683
3.090673 2.306018
3.175690 2.451581
3.432476 2.613055
3.645982 2.636652
3.722481 2.727676
3.804555 2.940827
3.974106 2.997597
4.105306 3.158543
4.263694 3.333220
4.375067 3.363936
4.508342 3.306015
4.472971 3.300686
4.303217 3.186239
4.267964 3.039455
4.084190 3.024788
3.998708 3.063596
3.817848 3.017714
3.730498 2.984982
3.541748 2.950622
3.413777 3.054748
3.316986 3.106323
3.453343 3.193010
3.611836 3.407966
3.778955 3.723887
3.915421 4.074950
4.041757 4.372708
4.192540 4.671505
4.299533 4.935010
4.374690 5.162421
4.494310 5.366937
4.648756 5.616721
4.838869 5.749904
4.970941 5.873477
5.049328 5.919742
4.903546 5.900967
4.627928 5.697855
4.235335 5.502410
4.049674 5.272708
3.852944 5.101057
3.621663 5.060194
3.621886 4.952766
3.541569 4.827816
3.511092 4.779772
3.533000 4.596063
3.644793 4.337946
3.632712 4.038986
3.530550 3.809649
3.468332 3.384380
3.400507 3.172758
3.158495 2.828020
3.048434 2.492445
2.799824 2.283942
2.758859 2.238283
2.762171 2.193100
2.779681 2.181686
2.907672 2.271233
2.954008 2.381474
3.090016 2.364754
3.219574 2.409939
3.387246 2.473346
3.535394 2.515466
3.676084 2.510322
3.811434 2.550702
3.909233 2.462031
3.972087 2.506049
4.052261 2.472683
4.067047 2.657439
4.036675 2.677218
4.093949 2.794711
4.010072 2.836866
4.039440 2.990644
4.012432 3.075293
3.851451 3.091595
3.634887 3.001322
3.432300 2.874369
3.297772 2.786667
3.193474 2.777799
3.206811 2.756882
3.269967 2.720074
3.321017 2.702693
3.390147 2.684817
3.523264 2.697794
3.563387 2.810763
3.588414 2.949307
3.490809 3.011082
3.387659 3.006080
3.138171 2.852287
2.965012 2.586442
2.699025 2.337202
2.535178 2.167312
2.387713 2.020950
2.385208 2.075034
2.424249 2.179536
2.484363 2.172219
2.680861 2.380045
2.820208 2.525024
2.947342 2.687760
3.103325 2.880279
3.285671 3.079169
3.404888 3.119311
3.590151 3.128526
3.687431 3.171964
3.872545 3.205302
3.992530 3.231235
4.179804 3.301530
4.294467 3.255986
4.353839 3.136505
4.502436 2.998946
4.572619 2.994148
4.671735 2.953460
4.771312 2.935643
4.844426 2.839051
4.788357 2.813776
4.708964 2.826843
4.506674 2.703470
4.455950 2.729877
4.380423 2.876580
4.201146 2.917282
4.107472 2.924725
3.901915 3.002224
3.544485 2.945496
3.386101 2.895063
3.346080 2.939521
3.345696 2.893891
3.358850 2.986956
3.395484 3.041906
3.344987 3.233080
3.404333 3.415571
3.495418 3.533356
3.667149 3.756920
3.849876 4.011316
3.887876 4.268465
4.041571 4.576212
4.025529 4.777888
4.089389 4.811736
4.084428 4.892256
4.106620 4.814958
4.082754 4.765426
4.073175 4.382841
4.093242 4.156495
4.095278 3.882555
3.929068 3.377026
3.647340 3.142419
3.405774 2.687618
3.150452 2.153523
2.935778 2.091626
2.866380 2.100086
2.973392 2.088354
3.001183 1.909971
3.071345 1.815428
3.184601 1.883558
3.349923 1.991942
3.435495 1.985689
3.380340 2.043739
3.401917 1.997789
3.280336 1.882150
3.212045 1.809676
3.024627 1.766476
3.004876 1.751923
3.009568 1.806524
3.050783 1.776604
3.108209 1.853138
3.109904 1.926982
2.991443 1.915560
3.036353 2.026959
3.047084 2.003291
3.269529 2.024991
3.341261 2.111556
3.255227 2.109726
3.149425 2.061947
3.102453 2.106667
3.169476 2.088956
3.096504 2.166869
3.140899 2.212308
3.128551 2.209634
3.184897 2.326747
3.281474 2.396030
3.359370 2.474340
3.438297 2.493295
3.558409 2.615388
3.700652 2.775347
3.785537 2.875851
3.962131 3.015685
3.967657 3.146332
4.109448 3.255106
4.237080 3.365248
4.348295 3.329842
4.263931 3.390455
4.222167 3.318596
4.061845 3.243487
3.933996 3.169880
3.849874 3.171530
3.768466 3.006953
3.496755 3.049934
3.431285 3.084843
3.356732 3.067947
3.319438 3.066335
3.256174 3.135102
3.227036 3.266343
3.392957 3.328290
3.405062 3.356398
3.323221 3.400578
3.205907 3.265284
2.874369 3.077159
2.662602 2.767097
2.427634 2.421896
2.278178 2.282019
2.282914 2.254176
2.384491 2.303771
2.549518 2.384040
