1.983381 2.004432
2.052938 2.038718
2.202172 2.056788
2.400984 2.112515
2.623936 2.166022
2.873528 2.264924
3.146891 2.391500
3.437037 2.562102
3.727739 2.763726
4.040372 3.041841
3.867764 2.810067
3.856448 2.583676
3.861486 2.639156
3.980887 2.848578
4.251092 3.060786
4.556978 3.359226
4.972729 3.661375
5.227814 3.977086
5.366865 4.184457
5.441456 4.246628
5.389609 4.150152
5.240638 4.023773
5.036716 3.883989
4.823188 3.768044
4.513589 3.541937
4.163768 3.289467
3.742749 2.997226
3.256578 2.608158
2.812229 2.230371
2.588107 2.048562
2.336693 1.845329
2.182207 1.857672
2.209716 1.837824
2.229672 1.998291
2.298839 2.134333
2.454515 2.318044
2.724586 2.477187
2.895091 2.582200
2.908291 2.679605
2.779143 2.598422
2.522054 2.401400
2.261556 2.207931
2.058980 2.004173
1.949583 1.916006
1.868472 1.907533
1.881438 1.955896
2.026784 1.982509
2.251733 2.140033
2.472322 2.320831
2.748659 2.624559
3.052434 2.920591
3.491768 3.339285
3.941294 3.718527
4.392356 4.223742
4.824842 4.745797
5.204651 5.180614
5.484830 5.620279
5.705761 5.849000
5.695244 5.937136
5.686549 5.817420
5.539163 5.638228
5.408530 5.501546
5.235134 5.364582
5.066441 5.165530
4.752835 4.711159
4.375343 4.222048
3.933162 3.772599
3.361795 3.306947
3.010115 2.917840
2.729572 2.376783
2.604860 2.150966
2.471817 1.961261
2.488104 1.968605
2.622552 2.120241
2.765569 2.221450
2.917209 2.372395
3.116180 2.517806
3.431380 2.739834
3.788574 3.139655
4.190449 3.541330
4.610828 3.999973
5.051547 4.454631
5.440515 4.834675
5.818029 5.288309
6.143877 5.705568
6.415498 6.010392
6.734367 6.284619
7.087777 6.658941
7.526983 7.035279
8.048630 7.488362
8.476694 7.961016
8.846954 8.515029
9.165153 9.100259
9.443570 9.702234
9.677776 10.233719
9.865874 10.804592
10.081245 11.254242
10.149417 11.734236
10.296092 12.142366
10.366349 12.533047
10.577330 12.659159
10.623378 12.577099
10.645408 12.384199
10.705246 12.266928
10.858332 12.269204
10.942129 12.279718
11.055519 12.345714
11.274107 12.463284
11.406736 12.589709
11.556017 12.676240
11.731232 12.733848
11.779274 12.882700
11.821858 12.908375
11.822027 12.930342
11.944643 12.893724
12.012791 12.797749
12.168815 12.756387
12.300266 12.819103
12.490840 12.896564
12.711784 12.971507
12.889575 12.873502
12.926633 12.903883
12.810410 12.778447
12.564420 12.711775
12.433049 12.727699
12.277189 12.614155
12.035349 12.539220
11.728923 12.271527
11.274345 11.860596
10.852740 11.416883
10.115505 10.443592
9.337337 9.293276
8.179407 8.244658
7.570543 7.320770
6.839613 6.158889
6.117987 5.510351
5.558427 4.791896
5.220087 4.751879
4.825916 4.529470
4.854720 4.466969
3.852375 3.841240
4.009531 3.995340
4.246716 4.266787
4.551788 4.513982
4.915582 4.674760
5.184789 4.699954
5.193804 4.594185
4.995059 4.407414
4.641799 4.161793
4.408131 3.984921
3.948466 3.727144
3.664666 3.483517
3.400593 3.300380
3.218309 3.171864
3.069415 3.022996
2.713394 2.928737
2.458295 2.894605
2.495690 2.952750
2.516689 2.969819
2.648998 3.085359
2.727574 3.224815
2.837520 3.286514
2.855382 3.175103
2.739005 3.028911
2.516860 2.697908
2.419168 2.510739
2.358001 2.339317
2.291685 2.250706
2.332547 2.295578
2.443549 2.365059
2.557597 2.508077
2.710112 2.647999
2.905397 2.786363
3.220992 2.966201
3.568490 3.200388
4.014136 3.403144
4.500243 3.712005
4.946253 3.877459
5.207841 3.888957
5.272055 3.677316
5.067158 3.427808
4.784659 3.320462
4.421282 3.301912
3.891098 3.138182
3.482653 2.992210
3.009698 2.936224
2.721820 2.799991
2.427375 2.804544
2.397468 2.708839
2.376452 2.644118
2.304002 2.630706
2.332227 2.656431
2.412428 2.733497
2.476932 2.796265
2.496939 2.910234
2.619541 2.983685
2.720174 3.130056
2.913243 3.175149
3.007165 3.324786
2.992773 3.257352
3.066288 3.288024
3.057651 3.176540
3.060377 3.255747
3.027276 3.264365
2.991541 3.167534
2.971381 3.158442
3.023317 3.203451
3.112322 3.373819
3.145042 3.515141
3.291795 3.681605
3.476248 3.808406
3.731104 4.108928
3.946099 4.356804
4.085569 4.573111
4.269001 4.852681
4.442776 5.151308
4.590550 5.426929
4.704320 5.657327
4.771666 5.957014
4.804807 5.978508
4.906042 6.059727
4.958142 6.073095
5.024765 6.106460
4.989347 6.114717
4.953694 5.980954
4.965656 5.865207
4.801420 5.675155
4.755017 5.588983
4.749321 5.435589
4.558722 5.329448
4.400860 5.209551
4.206172 5.029250
4.070098 4.759610
4.091793 4.445634
3.994656 4.254486
3.977877 4.063642
3.886270 3.869967
3.831262 3.684117
3.681606 3.616731
3.501782 3.576097
3.395622 3.542822
3.430142 3.458902
3.407934 3.448034
3.406269 3.439200
3.153096 3.301642
3.006623 3.117803
2.732207 2.855416
2.588185 2.611097
2.506897 2.513600
2.454272 2.396865
2.523884 2.434798
2.575565 2.573880
2.728359 2.699844
2.857487 2.883162
3.034473 3.034402
3.233071 3.292449
3.382668 3.561340
3.536176 3.771111
3.647482 4.010594
3.807118 4.265261
3.986554 4.433386
4.105982 4.679427
4.294979 4.895771
4.445454 5.080284
4.595504 5.163394
4.794310 5.374347
4.877737 5.539600
5.053156 5.682263
5.166719 5.781654
5.305875 5.755215
5.411868 5.627542
5.429784 5.637497
5.417801 5.579006
5.482772 5.472629
5.586872 5.529940
5.655655 5.380073
5.609348 5.458670
5.595834 5.394982
5.437186 5.360465
5.385261 5.397747
5.230452 5.336589
5.077057 5.226805
4.927025 4.876681
4.744789 4.612873
4.539160 4.439582
4.306789 4.221615
3.907830 4.082853
3.530129 4.007080
3.430483 3.803284
3.222502 3.768247
3.125063 3.606843
3.195416 3.537359
3.259110 3.495510
3.399271 3.485586
3.380741 3.498772
3.437834 3.455426
3.311526 3.353191
3.039348 3.153646
2.870634 2.926311
2.689466 2.777767
2.647363 2.658348
2.661697 2.615477
2.655404 2.675900
2.775080 2.785538
2.991699 2.966633
3.033652 3.162107
3.228773 3.357612
3.350294 3.466348
3.512158 3.668862
3.701184 3.851943
3.934537 4.143401
4.095983 4.384913
4.231662 4.668222
4.399529 4.774953
4.458324 5.023370
4.456325 5.346354
4.403625 5.440853
4.445889 5.558061
4.513439 5.556846
4.576767 5.521058
4.691204 5.462555
4.785225 5.310532
4.721051 5.093583
4.749748 4.946906
4.745830 4.930293
4.861435 4.874426
4.782715 4.778456
4.667828 4.732041
4.721263 4.681173
4.731127 4.707884
4.825866 4.628026
4.758002 4.525622
4.642094 4.502213
4.657592 4.534739
4.672508 4.482076
4.634534 4.583278
4.562162 4.554460
4.551649 4.656330
4.585106 4.659219
4.510361 4.727924
4.580510 4.653928
4.588569 4.681214
4.600627 4.561857
4.531037 4.658630
4.478891 4.521934
4.362404 4.461361
4.378706 4.382105
4.333222 4.396753
4.351752 4.275509
4.113262 4.223430
3.958899 4.074870
3.836596 3.835191
3.497644 3.678169
3.241354 3.369357
2.939155 3.131882
2.754909 2.869502
2.650142 2.804286
2.658869 2.804747
2.807567 2.857359
2.955806 2.957468
3.126745 3.063831
3.320282 3.291380
3.518187 3.466671
3.635684 3.632918
3.822377 3.837223
3.987528 3.995699
4.117839 4.209561
4.242046 4.264017
4.309793 4.512063
4.322838 4.628250
4.295864 4.719109
4.432019 4.757238
4.429767 4.758304
4.549904 4.703961
4.578587 4.491738
4.586413 4.508655
4.713323 4.374333
4.726229 4.393311
4.742230 4.294443
4.636601 4.128040
4.487759 3.987801
4.363124 3.874221
4.205969 3.838374
4.179321 3.746743
4.060575 3.509365
3.907086 3.436914
3.713427 3.446620
3.685751 3.414612
3.680058 3.270104
3.527406 3.178519
3.662662 3.234433
3.825443 3.435960
3.862841 3.498031
3.903371 3.490789
4.102403 3.483119
4.301236 3.547879
4.413771 3.535764
4.563210 3.599130
4.611965 3.704674
4.640240 3.788155
4.658706 3.959197
4.538199 4.049940
4.465290 4.054165
4.361565 4.070040
3.922531 4.049919
3.655255 3.976530
3.179385 4.023094
3.237397 3.932589
3.283548 3.839771
3.141431 3.752392
3.175074 3.593356
3.132151 3.471626
2.951374 3.371018
2.801553 3.062953
2.744795 2.868357
2.587392 2.656695
2.481965 2.555790
2.493092 2.566024
2.544552 2.660530
2.642881 2.802569
2.829825 2.975163
