21860
21590
21900
21890
22140
21870
21900
21900
21860
22590
22350
22310
21610
22340
22570
22820
22880
22850
22930
23680
22900
22880
22800
22820
22910
22720
22920
22820
22860
23550
22900
22760
22820
22810
22860
22820
22800
22840
22880
23570
22840
22900
22740
22860
22780
22750
22840
22860
22790
23660
22920
22750
22770
22850
22860
22800
22850
22780
22880
23510
22840
22800
22950
22760
22880
22900
22400
22870
22880
23620
22940
22900
23000
22920
22990
22880
22890
22930
22980
23530
22920
23000
22960
23000
22930
22840
22920
22940
22910
23720
22840
22890
22920
22870
22940
22510
22850
22840
22880
23520
22810
22800
22830
22850
22430
22820
22910
22830
22790
23700
22780
22800
22780
22750
22840
22750
22840
22530
22840
23620
22750
22910
22870
22860
22940
22770
22850
22780
22880
23530
22850
22820
22760
22150
22960
22920
23050
23040
22940
23440
22600
22580
22580
22610
22610
22640
22580
22610
22620
23320
22570
22600
22570
22600
22600
22610
22600
22600
22570
23290
22670
22630
22570
22590
22570
22580
22560
22620
22580
23330
22620
22620
22640
22580
22590
22610
22630
22660
22610
23310
22640
22600
22600
22630
22590
22590
22590
22640
22670
23350
22620
22610
22650
22640
22610
22610
22610
22590
22610
23400
22630
22620
22620
22600
22610
22600
22590
22630
22630
23340
22620
22610
22680
22710
22650
22680
22660
22710
22690
23420
22700
22720
22730
22650
22730
22710
22690
22760
22820
23570
22830
22730
22730
22710
22720
22680
22680
22800
22880
23680
22870
22820
22850
22830
22840
22810
22860
22870
22840
23720
22900
22950
22890
22890
22860
22820
22740
22750
22780
23600
22780
22830
22800
22960
22960
22970
22970
22940
22950
23740
22920
22940
22890
22950
22880
22880
22880
22950
22810
23300
22860
23090
23030
24790
25480
25820
25120
25220
25140
26200
25360
25250
25370
25490
25500
25380
25420
25420
25320
26140
25410
25140
25280
25750
25590
25710
25470
25380
25410
26410
24590
24950
25090
25080
25050
25290
25110
25430
24780
26250
25130
25230
24940
24430
24810
25220
25290
24910
25280
26310
25540
25470
25300
25090
24990
25160
24960
25170
25360
26320
25370
25360
24590
25050
25000
25340
25620
25410
25420
26130
25740
25700
25460
25470
25810
25990
25270
25250
25020
26320
25780
25630
25250
25680
25580
25010
25330
25030
25500
25430
25120
22760
24400
24660
25280
24260
24760
24940
24960
26290
25770
25840
24970
25260
25120
24660
24810
24990
24570
26330
24880
25020
24870
24810
24930
25150
25010
25140
24790
25670
24450
24770
23680
24460
23440
23760
24280
23720
24000
24930
23500
24360
24560
23720
23740
23810
23910
25270
23890
24850
22880
