3140
3140
3130
3120
3150
3140
3110
3120
3130
3240
3110
3120
3090
3110
3120
3100
3140
3110
3130
3230
3100
3130
3130
3110
3140
3110
3110
3130
3110
3200
3120
3110
3120
3120
3120
3090
3110
3120
3110
3230
3100
3140
3110
3110
3120
3140
3100
2750
3110
3220
3100
3100
3100
3110
3120
3120
3100
3120
3100
3220
3100
3100
3100
3120
3100
3090
3110
3100
3100
3240
3110
3110
3100
3110
3110
3140
3130
3110
3110
3240
3100
3110
3090
3110
3100
3120
3110
3120
3090
3210
3100
3090
3100
3100
3140
3120
3110
3110
3100
3210
3100
3100
3110
3110
3100
3120
3130
3090
3110
3220
3130
3140
3110
3080
3120
3090
3090
3090
3100
3210
3110
3110
3090
3100
3130
3140
3090
3140
3120
3220
3090
3130
3140
3110
3100
3090
3110
3080
3090
3210
3090
3120
3090
3140
3090
3100
3080
3080
3120
3270
3110
3080
3090
3110
3110
3110
3100
3100
3100
3210
3100
3110
3100
3090
3110
3080
3120
3110
3100
3220
3110
3110
3110
3100
3100
3100
3110
3100
3100
3210
3100
3120
3100
3100
3100
3100
3100
3100
3120
3240
3100
3110
3100
3100
3110
3100
3100
3100
3110
3210
3130
3110
3100
3120
3100
3110
3120
3110
3120
3220
3120
3120
3100
3110
3120
3100
3100
3110
3100
3210
3120
3110
3120
3100
3120
3100
3100
3090
3110
3210
3100
3120
3110
3120
3100
3110
3110
3130
3110
3220
3100
3110
3120
3110
3120
3120
3140
3110
3110
3220
3120
3130
3130
3100
3110
3120
3120
3090
3120
3230
3110
3130
3120
3120
3110
3130
3130
3150
3120
3230
3130
3110
3110
3110
3110
3140
3130
3110
3090
3230
3150
3110
3130
3110
3130
3100
3140
3100
3110
3230
3110
3120
3100
3110
3130
3130
3130
3120
3130
3240
3120
3100
3110
3130
3150
3120
3130
3110
3120
3250
3120
3110
3130
3140
3120
3110
3120
3120
3110
3220
3110
3110
3080
3120
3130
3110
3100
3120
3100
3240
3120
3110
3110
3100
3110
3110
3110
3090
3100
3210
3120
3100
3130
3100
3120
3130
3120
3110
3110
3210
3110
3120
3100
3120
3110
3120
3100
3110
3120
3240
3120
3120
3100
3090
3140
3100
3120
3120
3110
3220
3100
3120
3120
3100
3120
3100
3110
3100
3110
3240
3110
3110
3110
3110
3120
3100
3100
3100
3140
3220
3140
3110
3100
3120
3110
3130
3150
3110
3110
3210
3120
3090
3120
3130
3090
3090
3120
3120
3100
3210
3110
3120
3120
3100
3110
3110
3110
3110
3140
3210
3100
