0.341579
0.438372
0.447839
0.439053
0.363009
0.241450
0.107142
0.125341
0.337308
0.569743
0.431430
0.492390
0.528335
0.542889
0.735801
0.992143
1.353063
1.686713
1.994304
1.854983
1.669370
1.428823
1.015592
0.579014
0.492504
0.933827
1.486431
2.050604
2.565859
2.953398
3.282561
3.413751
3.202311
2.970110
2.565157
2.339878
2.180537
2.268584
2.330816
2.422665
2.274753
2.150530
2.180738
2.363377
2.436720
2.591827
2.758177
2.918251
2.961088
2.852017
2.305246
1.761591
1.280066
0.878731
0.740984
0.849058
0.947297
1.052924
1.014881
0.915409
0.755153
0.706316
0.791037
1.128001
1.435138
1.828633
2.200763
2.579870
2.773451
2.824594
2.496053
2.117090
2.208750
2.668016
3.037700
3.576368
3.986934
4.467616
5.002587
5.385360
5.819607
6.093182
6.388771
6.774439
7.072826
7.288878
7.585427
7.980480
8.397984
8.760793
9.129225
9.411771
9.748606
9.994931
10.465674
10.794147
11.334131
11.806970
12.071632
12.532264
12.872712
13.049286
13.215017
13.316709
13.501571
13.686281
13.924711
14.278444
14.564722
14.952353
15.531668
15.920310
16.099770
16.037831
15.920629
15.711844
15.540028
15.255017
14.978222
14.755832
14.401916
14.222930
13.731889
13.338826
12.955098
12.597604
12.116596
11.491011
11.101165
10.917740
10.872100
10.933788
11.163320
11.446546
11.872553
12.349704
12.789092
13.261806
13.747160
14.286907
14.838760
15.404399
15.954046
16.489642
16.863351
16.560410
16.144569
15.733479
15.504829
15.299741
15.118607
14.788571
14.421083
13.870089
13.353107
12.871148
12.437832
12.102215
11.736605
11.359079
10.960707
10.380767
9.757251
9.249522
8.959276
8.945811
9.001216
9.178733
9.586398
10.116004
10.665316
11.223244
11.906445
12.464755
13.054741
13.606723
14.241819
14.705223
15.254819
15.601536
15.885874
16.205726
16.483806
16.614401
16.597325
16.306070
15.872950
15.466067
15.051119
14.785309
14.633346
14.409434
14.221841
14.073471
13.972688
13.871133
13.774498
13.688710
13.622601
13.731799
13.972668
14.154245
14.435591
14.694498
15.036362
15.345581
15.712393
16.115280
16.522595
17.075674
17.639954
18.225083
18.966381
19.718475
20.540103
21.502717
22.485469
23.460727
24.483041
25.457895
26.262472
26.998536
27.855322
28.704725
29.426735
30.069658
30.633012
31.107737
31.572852
32.038704
32.396589
32.684579
32.906974
33.128765
33.317912
33.328300
33.454504
33.864209
34.359741
35.214451
36.735283
38.539380
40.082451
41.409741
42.413251
42.745690
42.518576
42.011270
41.566257
41.014709
40.454451
39.966316
39.510125
39.084636
38.689647
38.388004
38.053834
37.888049
37.885609
38.092848
38.153316
38.123985
38.183312
38.201261
38.203633
38.148518
38.044032
38.122755
37.944849
37.749074
37.361056
36.958449
36.440006
35.952883
35.322570
34.656841
33.784595
32.611952
31.209394
29.542921
27.728465
25.919613
24.159019
22.558167
21.131449
19.904677
18.768474
17.582116
16.480294
15.471403
14.491775
13.505194
12.536274
11.626983
10.792417
10.112736
9.584778
9.505216
9.963801
10.762672
11.525374
12.285949
12.951324
13.612692
14.329865
15.068198
15.732556
16.417340
16.985191
17.409771
17.766042
17.976764
18.064373
18.366896
18.819640
19.235936
19.813528
20.421559
21.244623
22.058257
22.785038
23.560854
24.429465
25.525822
26.628149
27.669730
28.811962
29.763052
30.382566
30.973268
31.548180
31.727696
31.837448
32.152547
32.458222
32.760853
33.076237
33.185443
33.220812
33.669018
35.290139
36.627628
37.066332
37.257932
37.602710
37.929442
38.314270
38.599349
38.977915
39.409477
39.905273
40.252206
40.251255
40.166010
39.792161
39.329846
38.869180
38.513096
38.073476
37.635489
37.168856
36.770673
36.369893
36.083124
35.857511
35.742798
35.365684
34.630209
33.817603
33.057454
32.210156
31.629591
31.078863
30.886609
30.501936
30.225658
30.185568
30.132878
30.185570
30.376833
30.549529
30.674462
30.467210
30.199706
30.159950
29.934085
29.712021
29.398152
29.071714
28.884900
28.919401
29.176592
29.323011
29.241159
28.660379
27.806460
26.895718
25.827338
24.660423
23.375212
22.060725
20.906970
19.595922
18.300570
17.088155
15.970249
14.894971
13.783932
12.792599
11.690872
10.686803
9.888443
9.290303
9.211043
9.588550
10.200224
10.953367
11.688394
12.206551
12.567570
12.737415
