60
90
140
150
200
260
300
360
420
510
560
550
550
550
550
560
550
550
540
550
550
550
550
560
560
550
550
550
550
550
560
550
550
550
550
550
550
560
540
550
550
550
560
550
550
540
550
550
560
550
550
550
560
550
550
550
550
550
550
550
550
550
550
540
550
550
550
560
550
560
550
560
550
550
550
550
550
550
540
550
560
550
550
550
550
560
550
560
550
560
560
550
560
550
560
550
550
550
550
540
560
540
560
550
550
550
540
550
550
550
560
550
560
550
560
550
550
560
550
560
550
560
550
560
550
540
540
560
550
550
550
550
550
550
540
550
550
550
560
550
560
550
560
550
560
560
550
560
560
550
560
560
560
550
550
550
550
540
550
550
560
550
550
560
550
550
550
540
550
550
550
550
550
550
550
550
550
540
560
550
550
550
550
550
560
550
550
540
560
540
560
550
550
550
550
550
550
550
550
550
550
550
550
550
550
550
550
550
550
550
550
550
560
550
550
560
550
550
560
560
550
550
550
540
550
550
560
550
550
550
550
550
540
560
540
550
550
550
540
560
550
550
550
550
550
550
550
550
550
540
560
550
540
550
550
550
550
550
550
550
560
540
550
550
560
540
550
550
550
550
550
550
550
550
540
540
550
550
560
550
560
550
550
550
540
540
560
550
550
550
550
550
550
550
540
560
550
540
550
550
560
550
540
550
550
540
550
540
550
550
560
540
560
550
550
550
550
540
550
560
560
550
550
550
550
550
550
540
560
540
550
550
560
550
550
550
550
550
550
550
560
550
550
550
550
550
550
550
550
550
550
550
550
550
550
550
550
550
550
550
550
550
550
550
550
550
550
550
550
550
550
550
550
550
550
550
550
550
560
550
560
550
550
550
540
550
560
550
550
550
550
560
550
550
550
560
550
550
550
550
560
550
540
550
550
540
560
550
550
540
560
550
550
540
550
550
550
550
550
550
560
