1.974597 1.988813
1.888882 1.853873
1.789366 1.672986
1.681218 1.516521
1.647024 1.349263
1.665090 1.266072
1.724317 1.205147
1.740392 1.248166
1.893777 1.377018
2.023750 1.533899
2.226105 1.783474
2.399876 1.934584
2.690772 2.126692
2.944199 2.238418
3.204911 2.423896
3.448244 2.503133
3.667283 2.632672
3.810639 2.600195
3.827060 2.556365
3.588853 2.399293
3.300152 2.115499
2.975378 1.873752
2.658582 1.616273
2.502314 1.651957
2.404258 1.752323
2.355440 1.848261
2.520762 1.952261
2.696816 2.179111
2.840146 2.349059
2.946058 2.488011
3.081556 2.519788
2.854243 2.152857
2.595810 1.886653
2.539344 1.619626
2.546602 1.530329
2.714250 1.646807
2.983623 1.956851
3.147719 2.149585
3.292159 2.257031
3.267487 2.288824
3.023311 2.182572
2.689380 1.923151
2.412117 1.722740
2.203004 1.555026
2.077040 1.516655
1.957047 1.629756
1.954194 1.697188
1.973985 1.869711
2.118115 2.048600
2.326397 2.216888
2.585903 2.434668
2.835618 2.717443
3.177730 3.029280
3.526605 3.323374
3.814900 3.602868
4.028803 3.833502
4.121467 3.857577
4.158929 3.783086
3.968068 3.585246
3.577440 3.284860
3.254329 2.983330
2.899163 2.761055
2.802586 2.531974
2.719749 2.487126
2.633813 2.508792
2.784226 2.606691
2.972700 2.863015
3.204205 3.059452
3.369397 3.284189
3.536937 3.537799
3.746334 3.835382
3.733202 4.093164
3.728215 4.114886
3.601327 4.132560
3.477918 4.092401
3.300472 4.055211
3.237753 3.990919
3.387287 4.048319
3.593218 4.079193
3.849857 4.261102
4.136335 4.471847
4.250652 4.553321
4.472994 4.660990
4.655040 4.742842
4.779905 4.734971
4.641099 4.534933
4.610315 4.447237
4.641986 4.368091
4.693529 4.342775
4.821403 4.345871
4.940258 4.330356
5.080819 4.382137
5.217077 4.514005
5.407998 4.706648
5.522970 4.835190
5.820560 4.995715
6.199012 5.351622
6.514970 5.635313
6.986751 5.963074
7.236312 6.153468
7.395119 6.252566
7.303595 6.000142
7.136117 5.804776
7.060642 5.689048
7.020940 5.637489
7.056527 5.670699
7.098408 5.692743
7.188808 5.798064
7.287713 5.893465
7.417304 5.911989
7.539948 5.928261
7.504377 5.907702
7.413494 5.754271
7.221018 5.466568
7.065959 5.408476
6.926147 5.272093
6.896719 5.234863
7.006369 5.376951
7.195600 5.618954
7.421602 5.919480
7.619898 6.183182
7.752061 6.281584
7.690334 6.438967
7.770375 6.561714
7.671273 6.574123
7.692287 6.498016
7.296199 6.500928
7.177707 6.374830
6.944227 5.993173
6.607836 5.667578
6.035908 5.406994
5.753040 5.179636
5.458441 4.859943
5.240728 4.636697
5.195861 4.511470
5.062540 4.363087
5.009688 4.324939
5.083973 4.492019
5.238301 4.763597
5.427889 5.041396
5.636720 5.342780
5.877902 5.575335
6.080590 5.808001
6.215071 6.013625
6.304163 6.162471
6.256875 6.157492
6.013772 6.065947
5.770942 5.841490
5.494363 5.600606
5.266410 5.503187
5.071663 5.238200
4.942570 5.107092
4.874426 5.149248
4.856349 5.147928
4.964863 5.331869
5.144324 5.539592
5.334675 5.842709
5.544645 6.123203
5.794592 6.394465
5.943925 6.546183
5.990798 6.615732
6.005228 6.437604
5.675889 6.205744
5.372977 5.716012
4.829284 5.300064
4.294568 4.959333
3.930488 4.596244
3.737895 4.273721
3.537330 3.955175
3.292547 3.780697
3.380717 3.868286
3.608767 4.010244
3.849795 4.258794
4.120966 4.500149
4.467554 4.833443
4.778730 5.187670
5.063347 5.526606
5.256672 5.766076
5.375924 5.906202
5.266550 5.851391
5.192423 5.807297
5.039154 5.669052
4.959709 5.596183
4.936542 5.553947
4.865676 5.588545
4.918539 5.691129
4.933383 5.671068
5.096096 5.806430
5.339342 6.002646
5.734494 6.250216
6.133191 6.573865
6.038986 6.397437
6.151714 6.384775
6.215873 6.322888
6.111505 6.009657
5.606200 5.607263
5.005109 4.801761
4.334138 4.153547
4.005403 4.042998
3.808637 3.766039
3.771387 3.785962
3.521918 3.526534
3.494296 3.348229
3.435739 3.416647
3.534356 3.366867
3.655383 3.614563
3.918086 3.917817
4.201722 4.260486
4.517942 4.569153
4.864054 4.983639
5.211075 5.393675
5.492794 5.753098
5.818051 6.097768
6.091936 6.463588
6.519116 6.852303
6.795277 7.216497
7.093188 7.579977
7.321984 7.932839
7.545120 8.265117
7.763697 8.568578
8.031948 8.858949
8.105071 9.142534
8.200521 9.330209
8.318566 9.444666
8.471427 9.681400
8.554532 9.586962
8.587342 9.767352
8.662977 9.940231
8.557650 10.065832
8.528834 10.139406
8.494640 10.013582
8.347684 9.539578
7.875619 9.381883
7.604296 8.901550
7.521217 8.800662
7.204270 8.651771
7.192116 8.316447
7.124763 8.137070
7.097518 8.115323
7.241985 8.183700
7.287214 8.172206
7.191650 8.126597
7.039061 8.102679
6.793319 7.829909
6.609019 7.447508
6.160261 6.975566
5.797604 6.628160
5.502720 6.267716
5.164320 5.703886
4.823751 5.172375
4.639853 4.622912
4.159503 4.086243
3.836738 3.443116
3.541355 3.315894
3.154949 2.849022
2.977173 2.791619
2.874861 2.677244
2.896730 2.689509
2.927809 2.769975
2.934838 2.879620
3.040393 3.019937
3.189570 3.139231
3.228751 3.242606
3.355974 3.373921
3.532935 3.610201
3.687321 3.801127
3.841170 3.977448
4.020185 4.195694
4.201631 4.352424
4.407795 4.579116
4.610755 4.718901
4.653576 4.815431
4.644867 4.988698
4.802498 5.085645
5.049324 5.194708
5.304628 5.390473
5.621402 5.668319
6.007760 6.006270
6.308503 6.278009
6.629996 6.594820
6.949011 6.884915
7.177945 7.063902
7.193823 7.312580
7.408609 7.530721
7.659848 7.732297
7.904553 7.883277
7.882138 8.101233
8.129516 8.182629
8.242527 8.288387
8.456459 8.481614
8.685258 8.556328
8.080103 8.213093
7.150081 7.879184
6.473421 7.231063
5.769505 6.853141
4.881601 6.361349
4.420263 5.823393
3.156530 5.172684
2.560410 4.443134
2.475059 4.198775
2.422085 3.977721
1.855854 3.024490
1.633831 2.464146
1.619100 2.297925
1.803480 2.402504
2.053331 2.560835
2.333845 2.745059
2.645280 2.933602
2.977497 3.145818
3.345625 3.335010
3.736766 3.574154
4.054018 3.827470
4.428629 4.084125
4.794881 4.320160
5.134973 4.592923
5.477031 4.911295
5.682934 5.144741
6.108870 5.466664
6.439476 5.762814
6.691037 6.069701
6.958830 6.357650
6.951814 6.422401
6.777720 6.411471
6.702669 6.452125
6.449820 6.405455
6.227859 6.265258
5.797206 6.291383
5.000897 6.323070
4.989827 6.219907
4.468929 6.244312
4.023288 6.202479
3.757461 5.526618
3.263171 5.069247
3.157149 4.454336
2.880165 4.087581
2.872234 3.938028
2.514229 3.745303
2.515111 3.772346
2.442151 3.750560
2.542641 3.866285
2.688185 3.952328
2.852572 3.949132
2.922191 4.015443
3.074276 4.158688
3.139055 4.195134
3.122696 4.228392
3.127968 4.222180
3.027599 4.187672
2.924482 4.270922
2.950361 4.389056
3.003197 4.504667
2.863870 4.396470
2.720071 4.209825
2.417035 3.949404
2.183425 3.559893
1.892492 3.178439
1.785090 3.002722
1.838564 2.926188
1.924818 2.788449
1.986260 2.802715
2.163067 2.848463
2.289918 2.801661
2.420965 2.712799
2.435527 2.660530
2.432133 2.623126
2.374948 2.707737
2.438310 2.821810
2.517633 2.950934
2.671260 3.135521
2.860475 3.265639
3.040937 3.453914
3.153440 3.646134
3.324853 3.759827
3.373243 3.848506
3.477686 4.004019
3.650574 4.093233
3.850751 4.253462
4.048856 4.386350
4.085467 4.387901
4.033477 4.309185
3.934522 4.184084
3.865101 4.114811
3.767541 4.025774
3.797581 3.994473
3.828330 3.994767
3.808247 3.941862
3.923697 4.022372
4.120481 4.124468
4.326121 4.278448
4.568098 4.385868
4.856327 4.671577
5.160397 4.907447
5.445053 5.192007
5.734546 5.508238
6.076320 5.809832
6.436992 6.163721
6.795322 6.457673
7.152770 6.798561
7.496182 7.084063
7.832300 7.298421
8.125921 7.565918
8.362242 7.695818
8.604140 7.805582
8.813860 7.946843
9.158564 8.118363
9.484411 8.361518
9.739102 8.522451
9.929323 8.528973
10.178370 8.688393
10.363295 8.663238
10.456796 8.719415
10.658684 8.639808
10.648868 8.405065
10.555869 8.209108
10.642844 7.795998
10.601842 7.611809
10.583983 7.370645
10.729138 6.840850
10.750598 6.635870
10.683173 6.403507
10.649809 6.502693
