0.334345
0.353372
0.249011
0.125398
0.084237
0.289789
0.423026
0.471453
0.541541
0.435552
0.325154
0.297922
0.317826
0.334194
0.500368
0.729201
1.022978
1.324307
1.576313
1.654600
1.585005
1.407337
1.337769
1.433230
1.470067
1.695938
2.039343
2.419992
2.842627
3.361333
3.828578
4.247768
4.700023
5.182434
5.623226
6.051451
6.493572
6.888239
6.888207
6.838463
6.477839
5.779580
5.084117
4.479454
3.946437
3.357397
2.863928
2.474342
2.105406
1.779530
1.591199
1.283330
1.335921
1.433114
1.560067
1.897148
2.317206
2.743669
2.932123
2.852133
2.624560
2.507253
2.523732
2.671024
2.939244
3.276170
3.636876
4.002938
4.406910
4.859308
5.460717
6.104892
6.721492
7.432597
7.908777
8.221011
8.474320
8.858498
9.314428
9.714880
10.118105
10.707904
11.400929
12.073206
12.823934
13.063320
13.061890
13.196558
13.341920
13.406431
13.656194
13.819464
13.923467
14.135323
14.198020
14.386947
14.649008
14.888373
15.032427
15.386422
15.861660
16.280792
16.699370
17.010727
17.207574
17.460035
17.768274
18.079525
18.492661
18.790196
19.334831
19.737037
19.758334
19.398663
19.267948
19.051993
18.783689
18.432861
18.135107
17.964954
17.735375
17.443147
17.220264
16.983699
16.725069
16.552113
16.288532
15.776536
15.417416
15.387600
15.498103
15.434324
15.719594
15.864821
16.072407
16.354582
16.581047
16.841892
17.155324
17.397122
17.829223
18.192848
18.661473
19.126521
19.373332
19.304257
19.108189
18.869184
18.599363
18.351281
18.160633
18.015828
17.798192
17.553056
17.322996
17.100110
16.831366
16.686104
16.516040
16.362482
16.280281
15.968690
15.282313
14.681282
14.338598
14.369805
14.378083
14.461985
14.654482
14.855328
15.056147
15.127904
15.415265
15.711220
15.897554
16.337164
16.813145
17.278140
17.904726
18.211131
18.475052
18.721076
19.045298
19.159957
19.434764
19.770093
20.070961
20.347973
20.662859
21.019119
21.382440
21.796699
22.181497
22.595851
23.024604
23.486867
23.916550
24.390042
25.078614
25.572334
26.342016
27.259240
28.017196
28.746198
29.792296
30.690161
31.424025
32.312503
33.123664
33.787272
34.443087
35.067384
35.829089
36.629491
37.413003
38.178996
39.174808
39.874584
40.741031
41.518393
42.290971
43.187539
43.928300
44.764447
45.671873
46.221596
46.941151
47.538363
48.230237
48.949049
49.533632
50.183082
50.786251
51.268368
51.704114
52.242565
52.722438
53.190904
53.678131
54.121065
54.778444
55.339649
55.902930
56.270463
56.487979
56.411670
56.025366
55.428759
54.729284
53.936946
53.340269
52.717054
52.390238
51.797885
51.256453
50.864438
50.456726
49.815599
49.330202
48.750201
48.423065
47.934521
47.458863
46.984264
46.603597
46.269493
45.670533
45.377102
44.901013
44.477197
44.131260
43.606429
43.042019
42.624072
42.277397
41.655459
41.140361
40.621986
40.270255
39.877273
39.438319
39.100418
38.724548
38.121960
37.741452
37.203148
36.707614
36.228899
35.719677
35.251947
34.851552
34.399872
34.034142
33.458074
33.032022
32.629431
32.426762
32.492446
32.880144
33.150965
33.537801
33.840597
34.222876
34.735138
35.010405
35.404442
35.973471
36.330125
36.665610
37.153103
37.532354
37.904273
38.365609
38.878193
39.347953
39.666678
39.849745
40.172929
40.424072
40.728141
40.947348
41.261566
41.626391
42.135957
42.531200
42.847700
43.135698
43.589901
43.785393
44.344397
44.755332
45.024591
45.106225
45.442401
45.836682
46.170302
46.523085
46.784780
47.187645
47.624069
48.111703
48.397796
48.709785
49.070935
49.129457
49.427320
49.564062
49.435961
49.534290
49.354565
48.994572
48.533735
48.070358
47.786547
47.285259
46.593327
45.965058
45.395629
44.864240
44.302194
43.762283
43.133714
42.410268
42.034846
41.740637
41.343902
41.010005
40.562929
40.175277
39.693297
39.377840
38.839752
38.385121
38.024449
37.568334
36.997587
36.426279
35.969819
35.512370
35.144658
35.090535
34.931314
34.985487
34.898047
34.674664
34.229853
33.619734
33.038259
32.408231
31.789264
31.284384
30.676105
30.127629
29.645462
28.956056
28.455531
27.833807
27.358605
26.808492
26.332695
25.787881
25.271511
24.798118
24.379074
23.938740
23.435983
22.983890
22.449679
21.997990
21.455993
20.861244
20.503858
20.382455
20.574387
21.056198
21.415865
21.904644
22.336154
22.738295
23.149111
23.729766
