1.986618 1.972875
2.045986 2.004955
1.994395 1.727755
1.988136 1.618478
2.067357 1.453031
2.068842 1.417560
2.216309 1.454396
2.376547 1.587441
2.549459 1.622379
2.715145 1.845044
2.842360 1.978760
3.040355 2.075358
3.189962 2.245123
3.389915 2.403732
3.670615 2.588818
3.979546 2.782382
4.339493 3.090258
4.598457 3.244066
4.759904 3.326312
4.795126 3.211448
4.740613 3.067756
4.574251 2.932122
4.385268 2.753378
4.120186 2.599306
3.721926 2.419858
3.152333 2.079412
2.698256 1.871896
2.341967 1.708539
1.972357 1.686070
1.817526 1.754037
1.816121 1.803006
1.919029 1.872754
1.996426 1.808714
2.180516 1.844539
2.244552 1.918143
2.372682 1.950964
2.515800 2.024220
2.702006 2.147248
2.763088 2.186579
2.646058 2.080275
2.419751 1.889593
2.157472 1.637329
1.911716 1.573964
1.776676 1.526644
1.730554 1.598637
1.764879 1.692556
1.899315 1.775102
2.072229 2.003169
2.262542 2.241299
2.495605 2.443595
2.773333 2.737895
3.085922 3.044676
3.432807 3.388044
3.799046 3.809290
4.225474 4.216016
4.560716 4.593392
4.815691 4.879967
5.008851 5.112821
5.036206 5.074179
4.882459 4.911565
4.715529 4.614140
4.610508 4.303925
4.382621 3.995149
4.101073 3.686263
3.832728 3.292628
3.445519 2.825753
2.976346 2.524171
2.609959 2.277732
2.378636 2.068188
2.037156 1.935120
1.709273 1.826817
1.669837 1.808967
1.649223 1.867001
1.789344 1.966646
1.912524 2.144141
2.016690 2.270517
2.190860 2.437741
2.485111 2.718995
2.839356 3.027320
3.208409 3.280131
3.575153 3.588738
3.924369 3.938085
4.264022 4.206337
4.680067 4.465782
5.083637 4.812337
5.367329 5.037381
5.687710 5.285811
5.950462 5.569127
6.170655 5.936283
6.442056 6.387415
6.761015 6.930747
7.149791 7.475398
7.382207 8.065991
7.508879 8.637082
7.737736 9.107161
7.923829 9.646955
8.076085 10.087401
8.204492 10.681728
8.365953 11.041977
8.441078 11.363286
8.468796 11.695353
8.277681 11.810824
8.074219 11.750966
7.919642 11.914927
7.942282 11.945225
7.929593 12.101215
7.972780 12.194428
8.140593 12.386712
8.293076 12.488693
8.393202 12.638739
8.528133 12.759660
8.396760 12.553074
8.146550 12.274879
7.929056 12.143700
7.836648 12.164303
7.585948 11.883335
7.419416 11.714581
7.302549 11.344105
7.334813 11.110299
7.275127 11.029742
7.106500 10.564090
6.989315 10.039893
7.045907 9.644401
6.881999 9.027767
6.820598 8.569216
6.374255 8.166561
6.331284 7.273046
6.110330 6.692546
5.693809 5.979260
5.251627 5.560598
4.783964 4.912717
4.509104 4.520439
4.274770 4.209367
4.271295 3.776294
4.202284 3.792460
4.353539 3.842133
4.554549 3.525703
4.767954 3.563373
4.983478 3.655188
5.099986 3.489986
5.177404 3.257404
5.263665 3.470452
5.502611 3.680887
5.734190 3.975069
5.914658 4.285241
5.863519 4.456043
5.698434 4.504506
5.559659 4.306149
5.398805 3.976709
5.237070 3.735572
5.022161 3.367013
4.751234 3.096892
4.453676 2.800071
4.228129 2.402113
4.069867 2.280549
4.026514 2.322555
3.947213 2.283679
3.965716 2.248473
3.956840 2.428145
3.965891 2.621334
3.950422 2.654273
3.912179 2.630082
3.732172 2.595108
3.585732 2.482519
3.211368 2.211267
2.978068 2.053332
2.851788 1.998144
2.717734 1.971427
2.705022 2.001288
2.737449 2.084713
2.822809 2.187467
2.764756 2.352302
2.874895 2.336719
2.989807 2.490806
3.198492 2.714248
3.459946 3.077824
3.770222 3.576381
4.027938 4.002463
4.053843 4.215411
3.888191 4.085144
3.655895 3.838553
3.476319 3.507746
3.339932 3.054317
3.214789 2.683238
3.128630 2.363409
3.074554 2.050396
3.015846 1.793138
3.164704 1.727312
3.273156 1.721291
3.308549 1.752135
3.439163 1.895164
3.779999 2.045514
3.976341 2.239483
4.213449 2.297340
4.278684 2.377755
4.367828 2.555336
4.367326 2.646676
4.387368 2.680257
4.451057 2.619828
4.388366 2.557846
4.288538 2.492657
4.243440 2.362871
4.209270 2.281946
4.187406 2.184331
4.191336 2.203221
4.147458 2.295827
4.272656 2.388395
4.322205 2.521226
4.605919 2.650506
4.914702 2.750201
5.265773 2.966482
5.740963 3.134986
6.309450 3.312884
6.812570 3.499970
7.285363 3.600286
7.729748 3.646543
8.176879 3.740389
8.615949 3.905357
9.004427 3.925699
9.441009 3.984126
9.784728 4.072858
10.090221 4.098901
10.210973 4.093245
10.324418 4.129997
10.442257 4.151546
10.559176 4.180013
10.628263 4.164950
10.449715 4.106393
10.379548 4.121451
10.236510 4.152555
10.002530 4.097465
9.454245 4.021051
8.862205 3.838569
7.918929 3.546858
6.855463 3.234905
6.143096 2.971182
5.354880 2.769354
4.507923 2.717670
3.947081 2.576057
3.636718 2.517371
3.395750 2.602610
3.177583 2.732269
3.176736 2.867518
3.014425 2.951108
2.800496 2.881083
2.766114 2.685635
2.546554 2.398338
2.412880 2.199964
2.363209 2.082121
2.423556 2.056260
2.532190 2.074969
2.677049 2.192673
2.834476 2.319290
3.082255 2.512679
3.347250 2.547609
3.607588 2.673390
3.983402 2.859532
4.377975 3.017021
4.772996 3.213378
5.286576 3.358608
5.807228 3.540791
6.341153 3.668406
6.839883 3.712339
7.344159 3.828780
7.810427 3.973604
8.270540 4.054229
8.638099 4.150722
9.026745 4.225311
9.429055 4.244638
9.710850 4.181896
10.032160 4.160191
10.227689 4.033565
10.308359 3.939572
10.279507 4.066696
10.076181 4.067084
10.019237 3.980752
9.828589 3.950825
9.614443 3.954059
9.475667 3.933753
9.231299 4.034571
8.968094 4.060911
8.426156 4.063949
7.767632 4.006479
7.051934 3.819807
6.077277 3.733784
5.378809 3.447157
4.810173 3.114622
4.289646 2.933021
3.655252 2.809804
3.263250 2.751417
2.861847 2.711135
2.697790 2.767147
2.663300 2.790861
2.682189 2.832117
2.634878 2.905132
2.650142 2.832908
2.499191 2.674018
2.339226 2.487317
2.168882 2.192179
1.987829 2.042517
1.947463 1.910019
2.020303 1.867613
2.200709 1.998417
2.390601 2.202444
2.715501 2.404274
3.068147 2.588950
3.447156 2.781151
3.796507 3.022863
4.222004 3.123647
4.700681 3.288768
5.222708 3.366220
5.733432 3.523434
6.247705 3.511063
6.894528 3.690764
7.419814 3.809692
7.853400 3.980062
8.251754 3.948353
8.565721 3.889337
8.830285 3.907191
8.992433 3.770606
9.031296 3.755776
8.981486 3.735573
8.765499 3.640119
8.726038 3.497723
8.650972 3.468163
8.563257 3.461368
8.309441 3.518875
7.897397 3.602031
7.753188 3.565776
7.525888 3.689860
7.261358 3.754902
7.146044 3.738136
6.990884 3.760092
6.693230 3.862372
6.595279 3.934735
6.403569 3.952328
6.189294 3.956749
6.059041 3.977833
5.887743 3.881457
5.771202 3.845594
5.597583 3.716721
5.371187 3.681564
5.146812 3.549427
4.884790 3.367751
4.537647 3.267193
4.413384 3.204487
4.161209 3.094437
3.808212 3.070574
3.435682 2.946252
3.269439 2.853397
3.073955 2.707240
2.737729 2.648393
2.435682 2.510251
2.268164 2.306083
2.156821 2.154620
2.128684 2.036890
2.232954 2.024923
2.418637 2.162111
2.617218 2.382318
2.923318 2.587882
3.266379 2.695260
3.612176 2.854871
4.030753 3.054408
4.342457 3.113137
4.637188 3.262298
5.009878 3.269508
5.354704 3.343650
5.449561 3.478074
5.508990 3.566960
5.566164 3.571761
5.642873 3.589471
5.711251 3.515254
5.743325 3.509479
5.623742 3.550598
5.570085 3.536527
5.148175 3.463165
5.162051 3.451841
5.134488 3.463769
5.076955 3.288224
4.949726 3.028508
4.655037 2.849222
4.292498 2.674455
3.985512 2.675618
3.943356 2.814401
3.771039 2.794530
3.812764 2.938358
3.515987 3.022870
3.595867 3.195532
3.533353 3.425409
3.447619 3.605761
3.362954 3.706824
3.276480 3.772729
3.423845 3.790680
3.453780 3.745233
3.445825 3.794904
3.606841 3.771591
3.752329 3.652494
3.990412 3.560772
4.171404 3.571723
4.196906 3.545593
4.132510 3.388541
3.708248 3.229063
3.258535 3.118244
2.920042 3.018391
2.419463 2.878175
2.388259 2.843710
2.302486 2.798104
1.984443 2.743677
1.952962 2.764718
1.958832 2.811453
1.985543 2.850634
1.960101 2.930979
1.890038 2.746318
1.787870 2.518586
1.689199 2.280114
1.618918 2.132293
1.582030 1.989555
1.645632 1.992192
1.747764 2.015214
1.858685 2.100031
2.036000 2.278438
