2.010847 2.070785
2.011550 2.073813
2.011928 2.077830
2.012902 2.081802
2.013115 2.086843
2.013308 2.093744
2.013580 2.101228
2.012293 2.109373
2.010950 2.120723
2.010373 2.131902
1.935884 2.101623
1.890150 2.088153
1.869650 2.111000
1.840213 2.160833
1.829337 2.163632
1.821725 2.110462
1.842802 2.122474
1.899738 2.243317
1.936210 2.277400
1.911230 2.221760
1.741365 2.135851
1.687478 2.131729
1.629725 2.070717
1.625687 2.068448
1.624298 2.066182
1.622658 2.073069
1.592239 2.062235
1.508228 1.984498
1.424509 1.907298
1.393252 1.876367
1.380574 1.836644
1.376431 1.785719
1.395507 1.762190
1.407322 1.781950
1.411779 1.824713
1.413304 1.871292
1.419487 1.924567
1.440860 1.987544
1.515626 2.079811
1.510089 2.148690
1.436331 2.172389
1.423131 2.146204
1.401388 2.154458
1.382035 2.163590
1.386037 2.192651
1.395108 2.201626
1.402218 2.216469
1.399645 2.231525
1.419629 2.227489
1.370422 2.198885
1.297409 2.061940
1.221286 1.922010
1.170241 1.828005
1.184244 1.645541
1.143214 1.538283
1.138771 1.381390
1.080586 1.289655
1.029578 1.182356
1.049530 1.198103
1.085868 1.245940
1.049758 1.166850
0.981919 1.031014
0.977994 1.006355
0.975703 1.030507
0.998982 0.983778
0.994265 1.039766
0.989145 1.093513
0.944568 1.123781
0.878528 1.155243
0.816787 1.164267
0.787556 1.171794
0.758349 1.173688
0.739889 1.228150
0.727345 1.289595
0.719169 1.356221
0.704487 1.416822
0.670830 1.465217
0.633460 1.455023
0.617387 1.420050
0.613069 1.329016
0.679584 1.325346
0.748412 1.283542
0.806514 1.454627
0.840336 1.768054
0.829855 1.833281
0.716602 1.460821
0.651205 1.218374
0.655828 1.072231
0.654118 0.896162
0.626967 0.821613
0.584221 0.744369
0.575017 0.687271
0.586308 0.640574
0.557242 0.617619
0.556498 0.629977
0.570945 0.688466
0.588345 0.749772
0.588254 0.831916
0.603442 0.919341
0.609829 1.011290
0.612965 1.092584
0.571687 1.080534
0.562590 1.085618
0.524995 1.032516
0.503212 0.983065
0.487117 0.946749
0.474074 0.938504
0.459507 0.946127
0.462535 0.958956
0.429186 0.962070
0.420422 0.980136
0.419244 0.965533
0.427364 0.945906
0.440463 0.919142
0.452746 0.894136
0.418302 0.815666
0.394765 0.788536
0.395466 0.763301
0.403886 0.721403
0.404362 0.696428
0.437576 0.664818
0.473737 0.624710
0.485076 0.584894
0.477743 0.563528
0.461911 0.531018
0.431305 0.500646
0.392423 0.484683
0.385395 0.514642
0.401958 0.558651
0.409824 0.611029
0.423342 0.636315
0.421643 0.691078
0.434367 0.748283
0.448267 0.810788
0.468822 0.831000
0.437790 0.783078
0.412432 0.764444
0.410876 0.748387
0.416166 0.724369
0.389317 0.657577
0.356126 0.620835
0.357000 0.656399
0.362088 0.693651
0.363648 0.719566
0.358513 0.727013
0.366506 0.749912
0.366695 0.718074
0.375121 0.747742
0.405899 0.717669
0.436330 0.601431
0.397549 0.500022
0.365797 0.484389
0.368281 0.476679
0.382695 0.439168
0.410299 0.447836
0.414797 0.446327
0.524390 0.491494
0.512832 0.510726
0.526154 0.513428
0.543991 0.527256
0.532500 0.520478
0.490463 0.523220
0.468898 0.545320
0.471581 0.566915
0.495092 0.611290
0.513020 0.657850
0.534155 0.717967
0.578228 0.770205
0.563326 0.744128
0.512002 0.677779
0.469750 0.593739
0.442624 0.507016
0.466106 0.520111
0.482690 0.578138
0.464201 0.562677
0.473823 0.565692
0.465596 0.609102
0.472132 0.687464
0.533896 0.771499
0.491182 0.846983
0.480532 0.844095
0.442585 0.806257
0.400462 0.750376
0.415588 0.751587
0.365456 0.693620
0.337273 0.605649
0.356899 0.550647
0.426326 0.553024
0.492874 0.526984
0.539169 0.489968
0.536172 0.455320
0.579057 0.410836
0.606928 0.393310
0.619276 0.383466
0.665207 0.379964
0.711573 0.374882
0.773853 0.375306
0.849851 0.374524
0.907849 0.376952
0.980734 0.377246
1.008962 0.380954
1.059115 0.416270
1.083376 0.532455
1.064547 0.643012
1.006868 0.660649
0.982518 0.723552
0.967926 0.647143
0.905011 0.604296
0.844229 0.593290
0.808063 0.615720
0.697794 0.588387
0.572795 0.601852
0.556830 0.582403
0.552740 0.574861
0.567234 0.569226
0.601170 0.567137
0.642928 0.558122
0.698949 0.550681
0.729714 0.561723
0.718153 0.567273
0.767187 0.585638
0.766162 0.587822
0.767199 0.591662
0.808482 0.599692
0.840806 0.621540
0.784885 0.609970
0.742196 0.589424
0.687754 0.559892
0.662748 0.516221
0.637962 0.563339
0.499616 0.531244
0.430340 0.524503
0.413069 0.519722
0.438316 0.543802
0.475561 0.532441
0.522781 0.511138
0.549544 0.493639
0.544282 0.482357
0.569770 0.463687
0.589785 0.456007
0.558389 0.440292
0.562483 0.429850
0.561613 0.417916
0.515170 0.400547
0.475375 0.382226
0.473268 0.377175
0.477764 0.377178
0.469660 0.365894
0.463180 0.365829
0.423698 0.364901
0.309160 0.336979
0.280255 0.302264
0.257516 0.289683
0.234679 0.246301
0.219408 0.243701
0.208545 0.268321
0.191724 0.293446
0.185955 0.319434
0.218214 0.380821
0.274512 0.441201
0.359294 0.481497
0.450929 0.472996
0.524033 0.453281
0.568485 0.414738
0.613329 0.370503
0.763973 0.364777
0.835465 0.347082
0.878177 0.327736
0.912883 0.308552
0.833629 0.276598
0.776827 0.255509
0.786724 0.252551
0.674617 0.251925
0.613581 0.263890
0.650608 0.289322
0.558888 0.297721
0.504872 0.302615
0.468418 0.311698
0.500270 0.314803
0.517048 0.303883
0.465282 0.314818
0.435460 0.331318
0.467637 0.343731
0.535408 0.368329
0.676711 0.405221
0.814318 0.432377
0.924530 0.448235
0.965513 0.430574
0.957150 0.386128
0.897563 0.368315
0.763439 0.361128
0.603904 0.338860
0.528577 0.321360
0.512451 0.312704
0.440990 0.332403
0.355642 0.370105
0.327185 0.359741
0.251389 0.318580
0.237058 0.272002
0.248041 0.245089
0.244130 0.284288
0.261569 0.340832
0.289005 0.423380
0.355620 0.501819
0.355401 0.494066
0.361193 0.494272
0.474813 0.499311
0.581992 0.470722
0.666775 0.434898
0.755276 0.408736
0.829962 0.399361
0.932168 0.403124
0.998090 0.403266
1.073185 0.407282
1.132779 0.405535
1.126427 0.413669
1.119784 0.397141
1.059965 0.382533
0.858258 0.351719
0.649611 0.323705
0.519541 0.300669
0.465430 0.285059
0.491223 0.285492
0.411263 0.276001
0.361851 0.264591
0.463517 0.273908
0.454808 0.273245
0.473183 0.274585
0.471137 0.275406
0.488645 0.279200
0.526360 0.283980
0.549007 0.289038
0.544457 0.287115
0.493430 0.271938
0.457508 0.269933
0.428047 0.273662
0.377134 0.272983
0.370768 0.279266
0.363522 0.292135
0.329540 0.296632
0.280473 0.305107
0.271898 0.332995
0.270475 0.288100
0.271893 0.267165
0.273031 0.262297
0.268559 0.283729
0.271780 0.344999
0.274406 0.419878
0.290557 0.485903
0.335268 0.551107
0.380570 0.568310
0.437777 0.582040
0.496075 0.600066
0.552057 0.618072
0.625489 0.651517
0.699504 0.691190
0.700541 0.691761
0.693636 0.684737
0.695599 0.684688
0.770793 0.722472
0.753665 0.687617
0.760885 0.648919
0.777854 0.615841
0.748426 0.602119
0.783078 0.578369
0.820940 0.578594
0.851644 0.553664
0.836989 0.551161
0.824138 0.547707
0.874586 0.537008
0.857487 0.512379
0.906143 0.505545
0.932043 0.500206
0.970933 0.503183
1.015101 0.498398
1.063081 0.487399
1.124061 0.472811
1.165581 0.478663
1.187609 0.502707
1.214196 0.529274
1.161005 0.518695
1.126092 0.506101
1.052638 0.478072
1.003069 0.488511
0.923560 0.509929
0.905808 0.544290
0.902196 0.558811
0.894236 0.557718
0.893044 0.565883
0.889464 0.568258
0.826278 0.539397
0.810340 0.508343
0.826249 0.493204
0.869699 0.489962
0.929784 0.489286
0.921317 0.477432
0.850902 0.472472
0.739684 0.458838
0.659547 0.453542
0.596918 0.460265
0.519494 0.474128
0.453210 0.465213
0.407117 0.465761
0.368392 0.460101
0.326128 0.461460
0.287913 0.457744
0.268774 0.454528
0.279572 0.445455
0.332762 0.440768
0.391077 0.468637
0.435345 0.462721
0.475376 0.453557
0.515151 0.443716
0.578101 0.429847
0.622965 0.415566
0.674855 0.405704
0.708810 0.403682
0.752940 0.418664
0.715830 0.440025
0.638329 0.451649
0.646772 0.514560
0.724848 0.549688
0.609044 0.563258
0.506247 0.558017
0.414294 0.490347
0.327322 0.387704
0.238263 0.265151
0.182488 0.237967
0.147434 0.254941
0.119669 0.311935
0.127667 0.397696
0.154589 0.473557
0.215737 0.613166
0.249409 0.748709
0.283697 0.845540
0.309997 0.887327
0.369560 0.903042
0.414799 0.825204
0.441232 0.723074
0.406610 0.568224
0.365586 0.454852
0.352337 0.419859
0.316813 0.367346
0.297506 0.335494
0.298722 0.316891
0.284377 0.292118
0.281975 0.270301
0.283899 0.255513
0.288289 0.251844
0.313086 0.243547
0.331722 0.224566
0.365725 0.190708
0.448646 0.187935
0.499896 0.193765
0.510604 0.200737
0.545095 0.220618
0.603884 0.271497
0.650286 0.324127
0.722456 0.340284
0.763774 0.355081
0.791182 0.361779
0.809071 0.335203
0.752247 0.379530
0.649263 0.424275
0.610212 0.398485
0.572516 0.395064
0.527819 0.415711
0.512963 0.427330
0.539479 0.432650
0.551330 0.421501
0.565674 0.415551
0.580397 0.408404
0.570984 0.387665
0.524619 0.331054
0.460341 0.286629
0.386410 0.255470
0.341486 0.247557
0.340142 0.241086
0.298185 0.234182
0.305511 0.229384
0.324214 0.230498
0.321081 0.230242
0.341113 0.227885
0.336776 0.224147
0.332562 0.218588
0.318387 0.226438
0.301039 0.230463
0.313128 0.235688
0.321782 0.248358
0.343434 0.260665
0.360667 0.277655
0.349733 0.302611
0.369922 0.380545
0.343600 0.405892
0.303447 0.405029
0.305873 0.460777
0.317955 0.536463
0.317206 0.631273
0.310099 0.643231
0.336126 0.502007
0.349064 0.524742
0.318696 0.437573
0.301345 0.387018
0.295957 0.382775
0.303514 0.403456
0.314778 0.439542
0.330940 0.454100
0.351767 0.438366
0.410660 0.436235
0.446745 0.408401
0.470351 0.387834
0.456997 0.397755
0.427895 0.401547
0.372173 0.396964
0.313882 0.382937
0.265825 0.375438
0.261752 0.378290
0.247844 0.379731
0.252196 0.373999
0.269237 0.367451
0.267308 0.360990
0.271459 0.342394
0.280269 0.330193
0.278498 0.313830
0.299396 0.285801
0.320614 0.270415
0.350221 0.252009
0.375939 0.237701
0.394363 0.229127
0.441017 0.220952
0.459968 0.211565
0.459422 0.209809
0.452879 0.224792
0.416469 0.235047
0.371137 0.219256
0.340287 0.218064
0.287838 0.204498
0.267744 0.205448
0.278615 0.216152
0.303573 0.223637
0.339373 0.231076
0.390464 0.233088
0.422761 0.228372
0.416316 0.228951
0.345866 0.222582
0.334364 0.219156
0.286761 0.212453
0.271693 0.208242
0.265851 0.202064
0.263403 0.198936
0.274716 0.196130
0.282707 0.196538
0.295772 0.196092
0.299816 0.196084
0.296139 0.190015
0.278879 0.186677
0.295998 0.185795
0.319354 0.189597
0.349832 0.193778
0.429433 0.218406
0.546524 0.252504
