2.011254 2.070420
1.933491 2.000461
1.876411 1.885444
1.758458 1.753955
1.666829 1.678484
1.568621 1.631440
1.560810 1.705161
1.522122 1.716289
1.492871 1.723398
1.391212 1.673673
1.369141 1.653278
1.217939 1.575066
1.116465 1.505809
0.989230 1.358311
0.877435 1.207626
0.929788 1.229731
0.926573 1.168827
0.885674 1.118376
0.927557 1.069423
0.954770 1.059106
0.949844 1.057194
0.792576 0.943413
0.647947 0.857987
0.586707 0.799161
0.575190 0.781363
0.566260 0.782261
0.508369 0.729222
0.498804 0.763860
0.462692 0.788988
0.427925 0.811541
0.431452 0.873722
0.405798 0.904382
0.379443 0.870729
0.309477 0.920094
0.302453 0.888353
0.294935 0.924175
0.281121 0.927522
0.279335 0.929149
0.276229 0.950637
0.279667 0.937640
0.286839 0.979501
0.281174 0.983478
0.263618 0.987398
0.264951 0.978226
0.286347 1.135116
0.275695 0.979519
0.293017 0.901706
0.335528 0.847576
0.354110 0.808903
0.324139 0.776433
0.273982 0.696905
0.262223 0.585199
0.273795 0.527046
0.351793 0.447908
0.338477 0.399446
0.318374 0.391935
0.297281 0.405849
0.282088 0.403820
0.313147 0.524926
0.261542 0.550555
0.263187 0.562744
0.257085 0.549982
0.240575 0.546907
0.246559 0.632859
0.251091 0.692085
0.261082 0.788809
0.250003 0.778271
0.243645 0.752639
0.238503 0.765699
0.234835 0.808515
0.221762 0.790834
0.213951 0.787377
0.207579 0.752804
0.214142 0.851960
0.221872 0.850486
0.210249 0.838021
0.202026 0.790091
0.192364 0.738238
0.194980 0.745187
0.191569 0.670316
0.214321 0.698398
0.219786 0.692305
0.231577 0.626317
0.211164 0.583970
0.208164 0.467999
0.269383 0.546320
0.292186 0.457564
0.303234 0.426124
0.278215 0.357511
0.283303 0.388734
0.290163 0.395584
0.300118 0.413016
0.300394 0.443171
0.314049 0.468893
0.298425 0.464148
0.289265 0.474446
0.282997 0.476629
0.295530 0.539113
0.310217 0.588230
0.284130 0.592942
0.282853 0.624844
0.254320 0.602777
0.249923 0.605376
0.247194 0.619996
0.237308 0.611521
0.250346 0.657705
0.252302 0.647999
0.251825 0.673233
0.245157 0.707164
0.219061 0.649168
0.179486 0.659574
0.171501 0.591221
0.188288 0.578585
0.212479 0.547369
0.240756 0.526513
0.229627 0.523548
0.226989 0.539096
0.213197 0.502308
0.217364 0.458346
0.236246 0.432694
0.292246 0.437024
0.310447 0.400000
0.302204 0.369514
0.296594 0.360464
0.294478 0.366099
0.310777 0.412567
0.291167 0.437294
0.260681 0.497697
0.226542 0.531368
0.202127 0.546987
0.198633 0.580263
0.185422 0.593000
0.187076 0.640918
0.174582 0.656765
0.173689 0.660046
0.176818 0.626174
0.175596 0.652446
0.164783 0.614769
0.160947 0.564974
0.158382 0.559609
0.160646 0.540761
0.155970 0.558697
0.158061 0.546126
0.161671 0.528859
0.162451 0.480251
0.159928 0.472628
0.172931 0.453091
0.239458 0.606885
0.244576 0.581818
0.317958 0.486775
0.319543 0.426079
0.363078 0.469260
0.319315 0.484331
0.301509 0.424061
0.276586 0.404166
0.267160 0.399011
0.271023 0.382125
0.294609 0.435173
0.274123 0.443633
0.277064 0.449564
0.252127 0.460435
0.238747 0.480104
0.229370 0.501885
0.220492 0.511117
0.208044 0.533796
0.206772 0.549123
0.198530 0.574871
0.203273 0.543647
0.191732 0.496445
0.190000 0.462664
0.206738 0.545190
0.225331 0.445594
0.269524 0.481408
0.257589 0.514191
0.260593 0.496341
0.266976 0.513709
0.257785 0.513924
0.248676 0.596179
0.237164 0.836282
0.253709 0.849904
0.283842 0.804249
0.292795 0.760897
0.311462 0.722104
0.374614 0.741622
0.314406 0.674475
0.236973 0.585540
0.213953 0.548979
0.286706 0.557500
0.339546 0.510926
0.344474 0.459615
0.368617 0.423230
0.417061 0.382613
0.449181 0.343580
0.481687 0.336577
0.501660 0.318363
0.516593 0.301621
0.523956 0.294386
0.543438 0.292031
0.552359 0.277927
0.551941 0.278329
0.580963 0.291420
0.568906 0.337012
0.442461 0.376536
0.370911 0.426982
0.313664 0.361151
0.283444 0.361061
0.270533 0.299477
0.256542 0.280940
0.252860 0.299502
0.241325 0.311090
0.246058 0.345121
0.212733 0.404316
0.259770 0.420913
0.287056 0.378046
0.296307 0.357804
0.311950 0.337546
0.302513 0.321694
0.311466 0.304701
0.301725 0.278885
0.305505 0.267236
0.352246 0.264661
0.308911 0.278104
0.282622 0.275693
0.345266 0.265593
0.423992 0.284720
0.687482 0.378609
0.711586 0.351429
0.613572 0.289495
0.659229 0.301978
0.629128 0.386136
0.408772 0.303460
0.306219 0.278325
0.288964 0.295391
0.340360 0.258321
0.398642 0.268353
0.409296 0.260823
0.481794 0.268725
0.504584 0.253863
0.556771 0.252320
0.563208 0.243649
0.598035 0.242013
0.564966 0.232408
0.588671 0.232963
0.551611 0.222502
0.522614 0.210970
0.505146 0.205509
0.468677 0.206257
0.465972 0.189959
0.390555 0.215703
0.365951 0.252168
0.298983 0.268529
0.271161 0.275183
0.233939 0.279833
0.221862 0.228200
0.209103 0.209432
0.204298 0.203905
0.177871 0.209754
0.150029 0.245751
0.166529 0.319926
0.196213 0.379759
0.268543 0.407725
0.287511 0.358768
0.299144 0.328693
0.316947 0.316606
0.352101 0.307996
0.392481 0.293871
0.404451 0.276434
0.403806 0.257225
0.420207 0.239847
0.431891 0.227468
0.384072 0.217472
0.440645 0.222528
0.501293 0.240466
0.529909 0.240177
0.753021 0.312902
0.575268 0.290215
0.433475 0.255361
0.299427 0.235593
0.219347 0.213871
0.215667 0.210009
0.268782 0.235012
0.297091 0.257721
0.308116 0.270690
0.335737 0.267299
0.361410 0.269139
0.351429 0.260339
0.370783 0.258058
0.371154 0.242885
0.370289 0.227614
0.376256 0.212929
0.366903 0.215992
0.332847 0.219852
0.299971 0.219360
0.318400 0.221944
0.331692 0.264799
0.280073 0.291171
0.282424 0.326766
0.277796 0.361772
0.294753 0.338490
0.312830 0.296414
0.277245 0.288321
0.241697 0.323826
0.208501 0.353601
0.191480 0.393777
0.203786 0.415634
0.216532 0.400927
0.248220 0.370699
0.269419 0.330257
0.323680 0.307323
0.350918 0.287946
0.365566 0.279361
0.388109 0.277420
0.372247 0.272908
0.362947 0.263905
0.375496 0.243124
0.367664 0.228797
0.478800 0.250552
0.455889 0.229461
0.395476 0.196221
0.345705 0.191243
0.312825 0.193416
0.371897 0.202359
0.365123 0.257091
0.338170 0.254353
0.305779 0.242071
0.481227 0.197882
0.411646 0.210848
0.418883 0.233765
0.446959 0.241212
0.462048 0.240416
0.481591 0.237990
0.464027 0.221164
0.445155 0.219521
0.435619 0.211513
0.445522 0.203510
0.443910 0.186604
0.435413 0.175709
0.373398 0.162663
0.331032 0.181000
0.296113 0.197550
0.263965 0.212909
0.260522 0.259349
0.280503 0.211738
0.264562 0.215553
0.254940 0.231663
0.234069 0.269167
0.265633 0.306441
0.272731 0.342632
0.253217 0.381539
0.254545 0.395367
0.261998 0.439612
0.272118 0.412955
0.365326 0.505293
0.395363 0.484175
0.436483 0.495477
0.450892 0.478599
0.412005 0.423251
0.369242 0.383849
0.338022 0.351878
0.346401 0.347844
0.360528 0.366021
0.367904 0.354597
0.393750 0.351515
0.368356 0.331291
0.371268 0.303682
0.367556 0.292210
0.370529 0.284928
0.364339 0.278256
0.335046 0.268498
0.341355 0.261855
0.372033 0.261768
0.379975 0.253421
0.386165 0.248113
0.376267 0.239995
0.374012 0.229750
0.376260 0.215502
0.421766 0.220390
0.445878 0.244132
0.429681 0.275647
0.415207 0.287509
0.420834 0.284837
0.387775 0.268832
0.366613 0.241532
0.318308 0.269766
0.301888 0.322453
0.280561 0.368210
0.284627 0.365129
0.302134 0.343042
0.300129 0.307508
0.296271 0.277238
0.361365 0.272572
0.366606 0.252372
0.407514 0.250522
0.432256 0.252093
0.472007 0.249749
0.531209 0.249451
0.538389 0.243094
0.559340 0.247308
0.564259 0.248196
0.486615 0.231050
0.442959 0.225746
0.529761 0.238794
0.471502 0.237368
0.440839 0.231849
0.409225 0.227662
0.388119 0.221279
0.368845 0.216736
0.397054 0.208541
0.418717 0.208935
0.527725 0.226040
0.588227 0.228909
0.643599 0.227477
0.667907 0.225004
0.660334 0.234407
0.629363 0.252763
0.645688 0.279573
0.689178 0.306009
0.737479 0.350656
0.766644 0.427571
0.754128 0.491817
1.120259 0.827719
1.136644 0.839277
0.970704 0.799715
0.330998 0.417713
0.206100 0.436901
0.204119 0.463244
0.178974 0.351066
0.219223 0.283893
0.261684 0.255247
0.290592 0.301861
0.281590 0.375834
0.269670 0.484029
0.254427 0.553498
0.249458 0.635631
0.234915 0.685511
0.213437 0.647082
0.189071 0.697154
0.215189 0.765900
0.236687 0.710428
0.257220 0.612252
0.256857 0.501226
0.281912 0.491427
0.267476 0.429795
0.319511 0.524243
0.372691 0.578746
0.368181 0.557438
0.364537 0.518889
0.372555 0.502978
0.374401 0.470586
0.353645 0.430444
0.358119 0.404973
0.368205 0.364094
0.364783 0.336229
0.374772 0.294666
0.389175 0.252271
0.401793 0.219921
0.349634 0.202931
0.322233 0.192463
0.312472 0.184507
0.310838 0.172754
0.316535 0.167557
0.321322 0.237317
0.296093 0.315854
0.304023 0.352697
0.264987 0.341110
0.239779 0.328342
0.255409 0.350529
0.309495 0.375823
0.364023 0.363696
0.379177 0.335450
0.481346 0.354803
0.492821 0.326343
0.435879 0.273161
0.421506 0.249204
0.413798 0.229711
0.378375 0.217543
0.354686 0.210801
0.385467 0.203598
0.408091 0.200035
0.442142 0.204110
0.449362 0.209264
0.460130 0.215085
0.420193 0.211294
0.363607 0.201088
0.359251 0.190988
0.368994 0.193307
0.380951 0.198123
0.401846 0.199890
0.441268 0.204076
0.469984 0.212897
0.445334 0.227237
0.394474 0.253453
0.379131 0.283005
0.361428 0.268447
0.330748 0.250178
0.314049 0.275617
0.315014 0.355839
0.304107 0.464414
0.265185 0.486878
0.274901 0.345567
0.306671 0.265798
0.324638 0.247633
0.232762 0.246294
0.194589 0.259540
0.185104 0.275341
0.188071 0.287200
0.206403 0.304992
0.221990 0.325185
0.247780 0.336120
0.272251 0.321389
0.287066 0.322292
0.284856 0.319044
0.277767 0.295633
0.280936 0.288796
0.264309 0.271590
0.254488 0.261076
0.266634 0.250447
0.280000 0.249468
0.287022 0.245276
0.291886 0.245277
0.287740 0.243274
0.287952 0.239557
0.320091 0.241844
0.342396 0.236889
0.363168 0.232553
0.386460 0.226511
0.395398 0.217944
0.417645 0.205186
0.422101 0.199481
0.419802 0.184090
0.404524 0.178663
0.370538 0.181013
0.378699 0.191287
0.369758 0.205408
0.336103 0.203623
0.262194 0.183005
0.213729 0.157304
0.213284 0.182094
0.298872 0.188094
0.233642 0.179996
0.219202 0.179488
0.232271 0.160482
0.240406 0.146514
0.260173 0.140188
0.270958 0.132529
0.320813 0.129348
0.319943 0.125445
0.327115 0.126469
0.342295 0.128080
0.359714 0.134222
0.359389 0.145903
0.352844 0.153625
0.325847 0.154640
0.362900 0.165308
0.368212 0.167540
0.374075 0.168064
0.379908 0.166693
0.402212 0.174069
0.399143 0.165923
0.498998 0.227624
0.643346 0.301402
