0.194965
0.274497
0.482035
0.513558
0.518126
0.583929
0.368949
0.209823
0.237274
0.100946
0.179646
0.234281
0.341981
0.370098
0.601710
0.487136
0.348561
0.396517
0.665275
0.967606
0.986337
0.901870
0.873989
0.891689
0.955778
0.928464
0.934688
0.922533
0.946108
0.960151
0.950857
0.956332
0.917890
0.929161
0.948876
0.991170
1.022708
1.032242
1.062017
1.083381
0.911461
0.891697
0.831940
0.836115
0.825282
1.092929
1.133173
0.977627
0.982658
0.744058
0.807114
0.873867
1.064907
1.336222
1.284916
1.233520
1.236886
1.178321
1.133393
1.154043
1.162462
1.108357
1.079640
1.087338
1.076898
1.022109
1.104892
1.074819
1.115773
1.005493
0.924965
0.985399
0.962275
0.858327
1.035317
0.901442
0.867957
0.845082
0.705438
0.574583
0.560475
0.794890
0.867071
1.212683
1.296074
1.142898
1.103125
1.115542
1.149204
1.006670
0.973318
0.850710
0.869271
0.861035
0.788012
0.663400
0.619679
0.467500
0.394566
0.325731
0.249557
0.241373
0.081119
0.254062
0.237750
0.260182
0.459093
0.344500
0.379459
0.472908
0.446615
0.525475
0.593902
0.663871
0.747769
0.707392
0.582233
0.473410
0.449224
0.572397
0.628192
0.800552
0.800058
0.787142
0.796897
0.874944
0.849881
0.851537
0.985183
0.997050
0.922133
1.039294
1.031564
1.021601
1.048127
1.146232
1.113953
1.123872
1.209029
1.171479
1.181013
1.206712
1.180605
1.159296
1.133080
1.121487
1.029803
0.722550
0.613677
0.844923
0.919664
1.519221
1.700458
1.377797
1.207754
1.160818
1.289976
1.191426
1.155390
1.127094
0.921152
0.868257
0.815855
0.714522
0.669122
0.628422
0.624414
0.421955
0.350004
0.252918
0.193461
0.182642
0.225351
0.375943
0.426469
0.406857
0.430271
0.319366
0.360945
0.490141
0.479110
0.553049
0.734914
0.807256
0.784690
0.883139
0.741131
0.487641
0.450347
0.409788
0.413275
0.411419
0.353689
0.446810
0.395030
0.346424
0.427547
0.347331
0.512214
0.461559
0.435174
0.511075
0.526478
0.553294
0.599270
0.540550
0.600825
0.594745
0.616896
0.579321
0.486224
0.563558
0.385716
0.198653
0.129999
0.087856
0.128677
0.045368
0.013054
0.173696
0.158948
0.131771
0.143315
0.222245
0.495446
0.459466
0.455556
0.427665
0.393831
0.469565
0.358552
0.267534
0.253459
0.400353
0.385158
0.487807
0.316795
0.300220
0.197779
0.230147
0.330667
0.246711
0.295476
0.290308
0.280616
0.388902
0.526366
0.510985
0.554307
0.508528
0.757484
0.999608
1.032849
1.069814
0.893961
0.579302
0.462188
0.401215
0.129529
0.329078
0.446549
0.510018
0.530877
0.516986
0.586839
0.749687
0.760545
0.817404
0.862321
0.858276
0.875776
1.004130
0.832967
0.816287
0.710213
0.776750
0.962751
1.005194
1.068250
1.020676
0.809993
0.780317
0.704286
0.647818
0.590738
0.524693
0.523893
0.487809
0.417833
0.289971
0.094231
0.068471
0.246257
0.275318
0.448468
0.929352
1.061194
1.148583
1.096242
0.972281
0.741316
0.601663
0.418176
0.205431
0.282449
0.261093
0.240500
0.205397
0.404669
0.348135
0.473491
0.599540
0.597037
0.785856
0.745226
0.680161
0.657096
0.639506
0.683132
0.685164
0.770740
0.770105
0.974974
0.824366
0.851413
0.668235
0.672808
0.585556
0.569161
0.463852
0.497196
0.454169
0.333200
0.370884
0.456552
0.470724
0.909833
1.040936
1.214654
1.112985
1.275622
1.475693
1.249089
1.238075
1.064177
0.939096
0.813905
0.712837
0.877493
0.981507
1.086913
1.254593
1.322319
1.478771
1.687556
1.813921
1.796341
1.821091
1.861971
2.027890
2.250692
2.333572
2.568634
2.565029
2.681123
2.815026
3.017466
3.026681
3.024495
3.111165
3.336075
3.408423
3.624505
3.741367
3.922104
3.995510
3.943958
3.916814
4.035519
4.049944
4.148991
4.139449
4.287444
4.286542
4.154066
3.927080
3.856741
3.902711
3.939135
3.962949
3.740776
3.659187
3.548788
3.429407
3.375006
3.421294
3.402768
3.383174
3.398559
3.398689
3.372546
3.350737
3.389702
3.415609
3.440561
3.453596
3.455384
3.411271
3.366945
3.252881
3.226195
3.228306
3.251511
3.285770
3.470492
3.557805
3.524193
3.446955
3.263335
3.207845
2.716445
2.038265
1.961411
1.952258
2.079893
2.152050
1.983115
1.809163
1.505372
1.247980
1.030982
1.161850
1.120789
1.148085
1.301516
1.397127
1.525785
1.723222
1.891663
2.074674
2.246865
2.435946
2.546847
2.792065
2.966582
3.076711
3.163945
3.346577
3.443370
3.648060
3.908708
4.152698
4.366882
4.594664
4.755750
4.897802
4.954581
4.953602
4.969304
4.998746
5.057959
5.278243
5.274090
4.881776
4.851708
4.833380
4.726432
4.518372
4.336746
4.263299
4.210848
4.079865
3.923968
3.860351
3.798691
3.834059
3.843721
3.792144
3.707642
3.605681
3.494226
3.346526
3.219740
3.094697
2.996179
2.881626
2.730887
2.644995
2.489704
2.339471
2.035276
2.020007
2.074985
2.128644
2.183522
2.376353
2.463878
2.419886
2.228787
2.478597
2.272183
2.046563
2.154707
2.209857
2.290173
2.360994
2.302723
2.536538
2.607180
2.793062
3.034783
3.244567
3.426007
3.600668
3.590830
3.586098
3.763565
3.953116
4.140499
4.319703
4.480415
4.607921
4.757098
4.856277
5.027386
5.178916
5.356679
5.524342
5.699710
5.898848
5.875755
5.805774
5.825586
5.928177
5.829010
5.588079
5.350664
5.309018
5.001751
5.072225
4.838104
4.679480
4.574734
4.353207
4.219968
4.052314
3.910012
3.780500
3.606869
3.454439
3.245624
3.078151
2.948002
2.844641
2.712621
2.589258
2.424653
2.190925
1.990756
1.571898
1.197949
