0.353942
0.479046
0.592859
0.870502
1.216055
1.562988
1.813669
1.922400
2.092561
2.275403
2.465034
2.606298
2.703840
2.743276
2.715833
2.770474
2.911532
3.154643
3.353877
3.447772
3.469970
3.439171
3.387655
3.291938
3.156257
2.941608
2.759133
2.619656
2.507200
2.409135
2.326742
2.197686
2.042055
1.870538
1.678521
1.526172
1.370445
1.181846
1.032103
0.862140
0.727848
0.663321
0.653623
0.691822
0.794324
0.934189
1.085683
1.240175
1.386332
1.520881
1.660124
1.821064
2.002691
2.160335
2.284657
2.366393
2.448900
2.573663
2.715540
2.864952
3.024845
3.154388
3.181621
3.121725
3.034930
2.933021
2.832314
2.709228
2.607319
2.488752
2.369656
2.306090
2.208591
2.070013
1.923018
1.741331
1.594677
1.470564
1.356878
1.284176
1.227392
1.104866
0.964498
0.827170
0.646774
0.435558
0.324358
0.246316
0.322193
0.428425
0.569862
0.718721
0.858954
0.994171
1.135151
1.251501
1.328100
1.406285
1.512912
1.632694
1.760022
1.864592
1.921473
1.913262
1.840152
1.731602
1.616331
1.494188
1.381954
1.302217
1.220423
1.175835
1.155860
1.208449
1.273283
1.356587
1.427410
1.472043
1.496900
1.542176
1.524913
1.620407
1.737023
1.847721
1.926336
1.981684
2.021059
2.044746
2.000017
1.891046
1.831599
1.804165
1.822869
1.826262
1.837265
1.853183
1.860570
1.850490
1.841200
1.823350
1.826147
1.857807
1.870652
1.899806
1.967820
2.070515
2.204173
2.372087
2.595674
2.789527
2.963911
3.120271
3.292925
3.473442
3.674364
3.837957
3.995255
4.176539
4.291109
4.464914
4.607642
4.761275
4.990332
5.175572
5.461439
5.668327
5.853344
6.092806
6.294985
6.511984
6.680770
6.780201
6.867196
6.856091
6.829667
6.725783
6.544384
6.303942
6.104771
5.908432
5.717538
5.504842
5.301968
5.043012
4.823182
4.629728
4.458571
4.316002
4.170343
4.071538
3.953469
3.765103
3.531399
3.294726
2.967163
2.727841
2.549892
2.512286
2.509241
2.573474
2.801590
2.950847
2.993454
3.089098
3.200966
3.348400
3.457537
3.545377
3.625690
3.703944
3.772973
3.898043
4.037726
4.139600
4.282391
4.405672
4.512003
4.630380
4.687455
4.773335
4.796017
4.810924
4.924857
4.995832
5.146043
5.238219
5.323601
5.424197
5.499013
5.467185
5.358877
5.249064
5.128935
5.045101
4.960006
4.894968
4.784690
4.610695
4.366384
4.152054
3.967382
3.733327
3.579779
3.369201
3.105216
2.875251
2.638786
2.301655
1.998678
1.656708
1.402784
1.380563
1.483221
1.689251
1.912708
2.139887
2.289542
2.419581
2.494569
2.593157
2.753740
2.996746
3.228986
3.468099
3.681565
3.893392
4.120113
4.353037
4.479073
4.594489
4.720842
4.914561
5.158156
5.338470
5.529876
5.646789
5.715327
5.882024
6.037497
6.084848
5.974256
5.804251
5.601701
5.333348
5.137375
4.908244
4.682556
4.456794
4.267227
4.033199
3.819194
3.593443
3.357010
3.122406
2.858432
2.571474
2.349874
2.144635
1.957980
1.829166
1.776194
1.857738
2.039673
2.328637
2.609034
2.815669
2.757229
2.594034
2.458789
2.433082
2.422727
2.451348
2.509951
2.600716
2.749886
2.954415
3.213194
3.466036
3.767467
4.047117
4.326859
4.620043
4.883912
5.163327
5.482054
5.787296
5.899595
5.815667
5.690756
5.582408
5.508145
5.460006
5.405691
5.349218
5.290786
5.267135
