1.986050 1.924218
1.988617 1.926354
1.987402 1.929051
1.986364 1.942499
1.985854 1.969023
1.988052 2.008139
1.989555 2.053001
1.992445 2.110374
1.993027 2.182240
2.002802 2.276473
1.767529 2.278398
1.626132 2.310163
1.457102 2.403463
1.323049 2.407309
1.268790 2.549071
1.204507 2.673194
1.194888 2.837891
1.156309 3.011068
1.208924 3.226835
1.240676 3.421758
1.207655 3.380445
1.193927 3.127602
1.174955 2.869124
1.100568 2.512731
1.055903 2.239813
1.022387 2.046118
1.004227 1.914408
1.019482 1.829984
1.064637 1.806346
1.117210 1.847936
1.162840 1.964543
1.237810 2.145157
1.326068 2.333779
1.450362 2.569675
1.517275 2.862633
1.501283 3.128550
1.423713 3.312439
1.303400 3.411868
1.252233 3.527624
1.194940 3.583212
1.200031 3.551703
1.160811 3.484895
1.197424 3.329155
1.146810 3.066142
1.037742 2.772421
0.936239 2.447285
0.882360 2.230481
0.861398 2.107467
0.845862 2.017001
0.838296 1.957981
0.791868 1.942450
0.774404 1.969687
0.748543 1.968886
0.747231 1.999500
0.747992 2.009612
0.746666 1.974446
0.754290 2.042637
0.768684 2.072886
0.796160 2.176839
0.829236 2.239486
0.874326 2.368477
0.915022 2.504376
0.932174 2.547050
0.949477 2.434093
0.879278 2.241230
0.859079 2.005355
0.829311 1.796160
0.820974 1.677079
0.818419 1.558147
0.834408 1.534386
0.832692 1.547207
0.868301 1.655856
0.894329 1.765964
0.894238 1.924263
0.906406 2.066716
0.891416 2.173466
0.867459 2.204193
0.848180 2.354549
0.873789 2.429765
0.762539 2.328415
0.854096 2.228812
0.935557 2.171984
1.026851 2.154641
1.163752 2.144986
1.263468 2.168458
1.354314 2.156879
1.460993 2.114948
1.508864 2.082315
1.579413 2.079170
1.631784 2.088764
1.646014 1.985033
1.713548 1.970615
1.800901 1.958407
1.843201 1.884490
1.907479 1.867711
1.977948 1.809160
2.052012 1.767008
2.072055 1.719147
2.161268 1.739771
2.261436 1.736149
2.328859 1.741908
2.287773 1.722244
2.239635 1.789424
2.137703 1.828397
1.960771 1.811351
1.773788 1.737405
1.530545 1.688766
1.356665 1.624671
1.313595 1.608080
1.312748 1.592717
1.352881 1.571281
1.433246 1.576210
1.540908 1.576269
1.654903 1.581215
1.793201 1.588652
1.922736 1.606216
1.969079 1.616540
1.930221 1.627899
1.989935 1.653406
1.947413 1.676480
1.908814 1.678160
1.754396 1.583962
1.644806 1.554953
1.551634 1.529958
1.560293 1.521418
1.515910 1.550947
1.437749 1.555114
1.268147 1.562514
1.136573 1.567791
0.993365 1.550986
0.881005 1.494850
0.912729 1.483036
0.995586 1.476614
1.085216 1.464083
1.206051 1.423031
1.357015 1.422970
1.520336 1.423634
1.650022 1.436197
1.743783 1.454701
1.868616 1.450015
2.018457 1.457376
2.191221 1.461751
2.334454 1.443055
2.377806 1.416801
2.545138 1.407222
2.652029 1.428015
2.805896 1.440039
2.851575 1.422420
3.036462 1.441001
3.205010 1.461579
3.258478 1.471412
3.212135 1.476698
3.095562 1.506968
2.980965 1.550851
2.855522 1.642539
2.750940 1.751737
2.712897 1.880754
2.655904 2.010977
2.638830 2.123058
2.625532 2.335184
2.654944 2.595508
2.621882 2.825405
2.432131 3.012598
2.274769 3.150207
2.202263 3.320121
2.103392 3.478583
2.066431 3.686719
2.085372 3.856836
2.148328 4.076538
2.188667 4.297488
2.190170 4.536522
2.200770 4.682866
2.087548 4.685333
2.073454 4.606620
2.050389 4.423793
2.002258 4.170102
1.937646 3.886100
1.834939 3.609496
1.736642 3.277267
1.566747 2.892366
1.390836 2.542888
1.317432 2.376439
1.230820 2.275331
1.183347 2.174560
1.216512 2.186367
1.247512 2.182349
1.337654 2.290449
1.421837 2.410536
1.474156 2.530665
1.524323 2.752841
1.519564 2.897776
1.483257 2.995122
1.432459 3.167731
1.432647 3.314443
1.445013 3.503917
1.504106 3.737145
1.521509 3.902682
1.472429 3.976561
1.577643 3.972677
1.696135 3.890031
1.764215 3.713467
1.634906 3.482554
1.542417 3.228736
1.447035 3.044730
1.330455 2.855256
1.238985 2.725865
1.192771 2.638932
1.149384 2.575020
1.146860 2.542451
1.147405 2.528288
1.193573 2.550214
1.232075 2.568719
1.229171 2.589283
1.171673 2.538018
1.107518 2.489001
1.080939 2.503869
0.995327 2.472876
0.981641 2.450261
0.976938 2.448961
1.005567 2.560048
1.051534 2.661159
1.123440 2.711724
1.189580 2.845411
1.230445 3.002828
1.258617 3.139069
1.184489 3.180244
1.030396 3.188093
0.926635 3.034923
0.848844 2.797056
0.805203 2.525206
0.783311 2.303497
0.767957 2.150152
0.763864 1.985627
0.739910 1.868067
0.715486 1.779685
0.716131 1.747852
0.751977 1.748417
0.793726 1.794214
0.848460 1.911208
0.928768 2.075030
0.992356 2.244518
1.045735 2.415943
1.062611 2.569259
1.019212 2.683260
0.977237 2.789547
0.994761 2.804078
1.002289 2.919949
1.025929 2.931018
1.031309 3.031244
1.104558 3.170482
1.193114 3.238328
1.340381 3.226385
1.397887 3.016858
1.309607 2.728791
1.225364 2.520526
1.125890 2.338658
1.041131 2.205235
0.999907 2.138625
0.968799 2.074826
0.967956 2.078927
1.007106 2.116942
0.997993 2.195966
0.974493 2.153062
0.905258 2.118518
0.871901 2.106290
0.818822 2.125194
0.776352 2.105461
0.787673 2.077603
0.817498 2.141039
0.859258 2.249847
0.924457 2.362673
0.981808 2.523085
0.998182 2.650168
0.985434 2.704115
0.969897 2.721697
0.856348 2.777317
0.815303 2.866723
0.720482 2.838142
0.667627 2.710771
0.655710 2.534151
0.617348 2.219455
0.607505 2.035656
0.623837 1.918000
0.624460 1.865739
0.599285 1.848738
0.596620 1.831556
0.607134 1.824484
0.647617 1.802556
0.653371 1.779814
0.688493 1.861438
0.736264 1.953114
0.793615 2.114792
0.833913 2.272939
0.867741 2.389931
0.881159 2.460155
0.911557 2.587127
0.872512 2.642708
0.870452 2.725524
0.862346 2.812174
0.847548 2.898649
0.858613 3.016870
0.863569 3.168536
0.899269 3.282650
0.965790 3.375136
1.104473 3.351847
1.167630 3.127458
1.131324 2.840461
0.994933 2.508203
0.950399 2.334889
0.889283 2.155900
0.862083 2.057240
0.842613 1.987607
0.834657 1.996578
0.849800 2.064021
0.882898 2.124908
0.890973 2.200206
0.872042 2.236300
0.776068 2.236824
0.784244 2.228784
0.768216 2.181366
0.746080 2.155056
0.763438 2.187767
0.766010 2.125935
0.792720 2.258699
0.803452 2.354080
0.837595 2.445654
0.878259 2.503699
0.971043 2.425172
1.078325 2.326336
1.203789 2.224842
1.313233 2.161822
1.356696 2.009970
1.462523 1.912562
1.525126 1.884369
1.580092 1.866173
1.642059 1.827062
