4430
4690
5600
5180
4050
4770
4790
4240
4500
5570
5360
5050
4480
4360
4870
4210
4700
4730
5430
5170
5410
4680
5120
4920
5200
4200
4550
4520
4200
5590
4750
4780
5410
4420
5310
4160
4460
4550
5240
5460
4350
5170
5410
5310
4410
4290
4550
4760
5420
5610
5250
4320
4870
4680
5240
4260
4990
4240
4120
5480
4000
5050
3970
3960
5070
4060
4180
5410
5430
4510
3970
3890
5130
4960
4890
5420
5420
5440
4930
5270
5430
5430
5380
5450
5450
5470
5470
5450
5390
5610
5420
5430
5440
5430
5420
5420
5460
5430
5440
5650
5440
5440
5430
5460
5440
5460
5450
5430
5430
5650
5440
5460
5460
5450
5440
5450
5450
5420
5470
5640
5450
5450
5460
5440
5450
5450
5450
5450
5430
5650
5440
5440
5450
5450
5450
5470
5430
5460
5430
5620
5450
5430
5420
5450
5440
5430
5450
5430
5430
5650
5460
5420
5440
5440
5430
5440
5440
5430
5420
5630
5430
5460
5430
5430
5440
5430
5420
5450
5440
5630
5430
5430
5430
5420
5440
5430
5440
5440
5430
5620
5430
5420
5460
5450
5430
5430
5460
5440
5440
5630
5460
5430
5450
5440
5430
5430
5430
5460
5450
5640
5440
5430
5440
5440
5410
5450
5450
5430
5450
5630
5430
5440
5440
5430
5450
5430
5430
5430
5440
5630
5450
5440
5430
5460
5460
5430
5420
5430
5430
5630
5440
5440
5440
5440
5430
5430
5450
5440
5430
5630
5430
5420
5440
5440
5420
5430
5420
5420
5430
5620
5440
5430
5420
5430
5420
5430
5440
5410
5440
5650
5430
5430
5420
5420
5430
5430
5440
5440
5440
5640
5460
5440
5410
5440
5440
5440
5430
5430
5420
5610
5430
5420
5440
5420
5430
5420
5430
5420
5440
5630
5420
5430
5430
5420
5420
5430
5430
5440
5430
5620
5420
5440
5410
5420
5440
5420
5430
5430
5440
5630
5420
5470
5440
5450
5420
5420
5420
5430
5420
5630
5440
5420
5420
5430
5080
5440
5220
4260
3940
4880
5250
3830
4650
5190
5450
5130
