40
70
100
130
150
180
210
240
260
300
320
330
330
330
320
320
320
330
320
320
330
320
320
320
320
320
320
320
320
330
320
330
320
320
320
320
320
320
320
320
330
350
490
520
500
320
510
520
520
500
330
320
320
330
320
320
430
530
520
510
520
520
520
520
510
510
520
520
520
520
520
520
520
520
510
510
520
520
520
520
520
530
520
530
520
530
520
530
520
530
530
520
530
520
530
520
530
520
530
520
530
530
520
520
530
520
530
530
520
530
530
520
530
520
530
520
520
530
520
530
530
520
530
520
530
530
520
530
520
530
530
520
530
520
530
520
530
520
530
520
530
530
530
520
530
520
530
520
530
530
530
520
530
520
530
520
530
520
520
520
530
520
530
520
530
520
520
520
520
530
520
550
540
540
540
540
540
540
540
550
540
540
540
540
540
540
540
540
540
540
550
540
540
540
540
540
540
540
540
540
550
540
540
540
540
540
540
540
540
540
540
540
540
540
540
540
540
530
520
520
520
520
520
520
520
520
520
520
520
520
520
520
520
520
520
520
520
520
520
520
530
520
520
520
520
520
520
520
520
520
530
520
520
520
520
520
520
520
520
520
530
520
520
520
520
520
530
520
520
520
520
530
530
520
530
530
520
530
530
530
520
530
530
520
530
530
520
530
530
530
530
530
530
520
530
530
520
530
530
520
530
530
530
520
530
530
520
530
530
520
530
530
530
520
530
530
520
530
530
520
530
520
520
530
520
530
520
520
520
520
530
540
540
540
540
540
