0.347658
0.532401
0.717210
0.895888
1.079604
1.262855
1.436845
1.607958
1.774450
1.944047
2.125967
2.084104
2.031169
1.948342
1.871978
1.805069
1.785541
1.706393
1.702029
1.655448
1.611668
1.506636
1.380712
1.247300
1.128869
1.026081
0.990444
1.000997
1.030228
1.095762
1.201457
1.292803
1.412845
1.501798
1.455370
1.296192
1.019177
0.767719
0.541795
0.442184
0.435539
0.437825
0.339023
0.163644
0.100815
0.263539
0.474311
0.560711
0.684762
0.792905
0.991686
1.190871
1.411863
1.610831
1.814400
2.007984
2.199998
2.379969
2.546017
2.663028
2.821100
2.859563
2.818988
2.749653
2.628117
2.483198
2.335292
2.234812
2.153396
2.075905
2.068143
2.014714
1.983646
1.926348
1.823534
1.721997
1.673700
1.653243
1.589632
1.580791
1.613188
1.731513
1.841286
1.957273
2.123021
2.362515
2.493619
2.668221
2.786202
2.873293
2.706834
2.638539
2.572540
2.482912
2.430202
2.347918
2.309197
2.263922
2.232901
2.153280
2.214112
2.323326
2.448504
2.474345
2.390303
2.331255
2.194049
2.122806
2.116541
2.076813
2.073989
2.091327
2.097635
2.094842
2.129656
2.212791
2.320927
2.440299
2.566379
2.716417
2.890976
3.137944
3.307352
3.488821
3.614852
3.678910
3.673899
3.556929
3.376048
3.176203
2.987870
2.819793
2.639660
2.447282
2.243202
2.089292
1.921900
1.771378
1.645125
1.529525
1.430063
1.322737
1.263197
1.165989
1.036331
0.944252
0.821839
0.642517
0.478577
0.328032
0.266905
0.412740
0.524324
0.591181
0.615020
0.482321
0.322151
0.162931
0.079813
0.181527
0.306982
0.774018
1.283415
1.578514
1.705411
1.734619
1.666779
1.629855
1.595286
1.641761
1.830226
1.996869
2.205656
2.202619
2.098276
1.958291
1.668983
1.360837
1.081068
0.882949
0.833310
0.856403
0.921664
1.021053
1.097866
1.150018
1.174654
1.117625
0.949899
0.759546
0.518626
0.548877
0.841268
1.201007
1.520259
1.932523
2.365622
2.692036
2.870881
2.819364
2.629595
2.480093
2.336191
2.189591
1.959686
1.753742
1.594653
1.405288
1.211636
1.000348
0.858408
0.696945
0.742725
0.973719
1.317649
1.581894
1.811068
1.977152
2.211866
2.405559
2.553638
2.786775
3.050655
3.282853
3.494822
3.641894
3.706304
3.718552
3.640517
3.463798
3.283830
3.051336
2.803016
2.564706
2.369039
2.169906
2.012969
1.876495
1.770407
1.650827
1.545352
1.348068
1.143492
0.901051
0.640601
0.382538
0.208027
0.287213
0.476489
0.755696
1.004719
1.185054
1.189666
1.187485
0.994167
0.829179
0.648416
0.520424
0.481070
0.503088
0.643969
0.912643
1.273318
1.591622
1.890664
2.191536
2.419357
2.675148
2.881631
3.099531
3.331768
3.595326
3.855845
4.111880
4.423921
4.723246
4.875621
5.001855
5.057489
5.039434
4.984137
4.830352
4.638776
4.345098
4.072841
3.830178
3.596345
3.398566
3.238745
3.069260
2.902670
2.722781
2.552823
2.389203
2.180301
1.996996
1.950866
1.803326
1.679912
1.530097
1.401622
1.285864
1.095663
0.967212
0.841480
0.755585
0.883322
1.042960
1.206773
1.403282
1.599497
1.793442
1.937193
2.090191
2.300611
2.576404
2.930355
3.262310
3.587766
3.770756
3.989778
4.187217
4.314884
4.440040
4.616658
4.855958
5.083886
5.207078
5.246070
5.304379
5.361528
5.422744
5.471804
5.517996
5.488472
5.486403
