0.353942
0.440822
0.501054
0.499666
0.619400
0.857679
1.272818
1.683625
1.943235
2.171924
2.338634
2.377202
2.388283
2.336391
2.342097
2.354043
2.393667
2.464001
2.540332
2.615489
2.612316
2.534645
2.424146
2.318876
2.262825
2.246097
2.217189
2.213284
2.216683
2.229924
2.292003
2.342200
2.321866
2.178139
1.956637
1.699630
1.457060
1.255033
1.153739
1.170780
1.129296
1.135296
1.064904
0.988645
0.906977
0.973598
1.075672
1.195904
1.345519
1.508075
1.668951
1.810907
1.925908
2.040908
2.128680
2.198550
2.220595
2.235477
2.237096
2.266589
2.364929
2.388834
2.390616
2.273089
2.127896
2.027026
2.018025
2.046552
2.093100
2.133876
2.197647
2.309175
2.389451
2.336557
2.137815
1.808276
1.512076
1.242375
1.078760
0.946635
0.796643
0.654675
0.567631
0.501744
0.494894
0.481839
0.530604
0.600016
0.734334
0.884906
0.993936
1.194045
1.365935
1.539526
1.724318
1.884564
2.007754
2.105046
2.252047
2.399502
2.540854
2.629694
2.661835
2.646311
2.564182
2.425204
2.324487
2.224620
2.135967
2.128153
2.097981
2.148349
2.189611
2.266397
2.295099
2.333165
2.351926
2.336825
2.354557
2.274511
2.254713
2.265812
2.307935
2.378137
2.333229
2.370991
2.471858
2.467137
2.366543
2.285447
2.230146
2.221674
2.232228
2.264285
2.335236
2.406595
2.475639
2.520709
2.574741
2.573812
2.624339
2.699902
2.804802
2.891022
2.973288
3.024607
3.077324
3.180739
3.267404
3.342572
3.477273
3.529362
3.563681
3.611865
3.663697
3.749022
3.931431
4.166421
4.388476
4.582304
4.723353
4.840161
4.942883
5.020147
5.086359
5.172332
5.234265
5.370943
5.504838
5.668072
5.823013
5.950731
5.975218
5.995067
5.959975
5.878542
5.757664
5.592241
5.419261
5.265965
5.161236
5.094356
5.049594
5.013445
5.036365
4.986581
4.933863
4.801896
4.622598
4.447198
4.314984
4.190422
4.092205
4.080970
3.979970
3.969820
3.913806
3.802910
3.704617
3.573277
3.548034
3.664880
3.797418
3.858988
3.957569
4.021585
4.093103
4.032892
3.922055
3.899996
3.993629
4.204141
4.383611
4.531675
4.673565
4.743603
4.796686
4.829710
4.811044
4.786316
4.782621
4.889189
5.034810
5.229870
5.462595
5.593369
5.640356
5.683395
5.714164
5.606913
5.424768
5.292357
5.170682
5.069288
5.005676
4.981597
4.992863
5.041522
5.079681
5.067948
5.001839
4.851457
4.737793
4.632908
4.526296
4.399052
4.331194
4.241144
4.170236
4.067039
3.905786
3.743773
3.738954
3.846649
3.933207
4.043372
4.071527
4.068025
4.026189
4.050135
4.132235
4.342075
4.616595
4.827741
5.017815
5.144354
5.221165
5.316516
5.346595
5.374027
5.415378
5.480544
5.620484
5.780583
5.932631
6.105888
6.225216
6.219632
6.244670
6.263099
6.187827
6.010395
5.820450
5.642864
5.449747
5.329978
5.248966
5.217441
5.243769
5.268906
5.345260
5.364692
5.305640
5.198080
5.051519
4.911875
4.816300
4.713895
4.614387
4.502034
4.454536
4.372589
4.267245
4.211407
4.193921
4.247278
4.269383
4.360026
4.412919
4.437492
4.432877
4.344738
4.204675
4.043864
4.051465
4.294509
4.606057
4.810823
4.988063
5.155470
5.198147
5.197786
5.193736
5.159178
5.192710
5.310285
5.524632
5.651518
5.765380
5.891228
6.003724
6.150566
6.245184
6.350495
6.354178
6.402620
