1.980222 1.926513
1.929927 1.848494
1.873834 1.828828
1.781336 1.837557
1.659675 1.887957
1.533205 1.866622
1.388645 1.835078
1.304121 1.796023
1.252262 1.783428
1.213696 1.835664
1.143722 1.924212
1.081561 1.986704
1.014965 1.995925
0.972697 2.008362
0.936577 2.014711
0.946356 2.115702
0.955972 2.244208
0.929103 2.269274
0.861689 2.276435
0.826384 2.118530
0.801972 1.966915
0.745828 1.718810
0.683291 1.544696
0.632726 1.390945
0.590873 1.266849
0.549510 1.234569
0.526952 1.229280
0.517821 1.252162
0.501678 1.316713
0.519344 1.391197
0.563776 1.555658
0.595995 1.738833
0.620441 1.921134
0.609831 1.996542
0.581441 2.056685
0.576413 2.155851
0.571098 2.284950
0.586912 2.436071
0.557501 2.540106
0.568680 2.703601
0.571511 2.740007
0.581899 2.715531
0.603851 2.517638
0.590418 2.250769
0.546282 2.023807
0.504784 1.746475
0.478277 1.596912
0.449609 1.427020
0.444376 1.371374
0.445149 1.295672
0.440710 1.286025
0.432106 1.369206
0.431299 1.456268
0.426835 1.543061
0.428354 1.669278
0.463907 1.808100
0.496463 1.985017
0.560897 2.180753
0.599205 2.356279
0.625413 2.495517
0.626484 2.577439
0.602601 2.502802
0.591509 2.372032
0.609390 2.163775
0.589474 1.892759
0.515327 1.663347
0.464152 1.457149
0.447442 1.309331
0.437409 1.267505
0.432895 1.254321
0.460109 1.293760
0.488323 1.379511
0.529896 1.569033
0.554373 1.775345
0.546261 1.902042
0.519298 1.971641
0.492378 2.045446
0.495695 2.155960
0.519423 2.179123
0.594890 2.183378
0.687838 2.120376
0.810249 2.061291
0.905715 1.997245
0.993044 1.953616
1.063772 1.882524
1.207932 1.846098
1.249235 1.812141
1.390739 1.789914
1.549477 1.758964
1.678893 1.701529
1.840352 1.669552
1.882467 1.594613
1.827365 1.474168
1.793487 1.397817
1.756962 1.286209
1.765836 1.230016
1.742512 1.144618
1.791634 1.106455
1.817456 1.080246
1.831702 1.041896
1.850462 0.997585
1.745795 0.929882
1.692084 0.944201
1.552726 0.974399
1.377667 0.961756
1.180386 0.898425
1.098527 0.906702
1.092342 0.880916
1.128486 0.869944
1.211961 0.851463
1.253228 0.880245
1.321699 0.898975
1.330691 0.880737
1.358825 0.923021
1.399108 0.918720
1.423334 0.941032
1.487431 0.957380
1.556665 0.962962
1.556773 0.969731
1.640322 0.945158
1.729738 0.926451
1.731395 0.948756
1.750046 0.940732
1.751113 0.916357
1.774102 0.910866
1.738006 0.912521
1.621957 0.918033
1.425497 0.927981
1.206456 0.893726
1.047414 0.851931
0.953455 0.813651
0.904260 0.790584
0.891718 0.784704
0.928724 0.775942
0.983462 0.780200
1.082534 0.780296
1.164038 0.793256
1.274159 0.819629
1.346114 0.855163
1.431931 0.867621
1.528966 0.884842
1.541128 0.898006
1.506112 0.891878
1.573506 0.879427
1.643355 0.884545
1.716976 0.891792
1.782763 0.902565
1.830752 0.891587
1.797638 0.868226
1.886654 0.873377
1.907836 0.840408
1.866485 0.791332
1.741085 0.759508
1.639796 0.797687
1.537517 0.816709
1.474122 0.923552
1.455061 1.074220
1.453141 1.233750
1.298417 1.360713
1.250878 1.489916
1.159078 1.563272
1.020620 1.602913
0.957561 1.656368
0.879086 1.719619
0.839281 1.753373
0.820559 1.820836
0.824155 1.946426
0.815716 1.999022
0.823515 2.077080
0.818460 2.129330
0.780810 2.149516
0.713856 2.133304
0.651890 2.025319
0.595926 1.870649
0.563171 1.642455
0.543370 1.442815
0.522525 1.288555
0.517709 1.222055
0.524860 1.196969
0.548057 1.232720
0.577530 1.287913
0.562384 1.307594
0.581143 1.413970
0.601327 1.487543
0.618121 1.601792
0.641657 1.687242
0.692119 1.861126
0.722077 2.007214
0.701615 2.080097
0.660929 2.214548
0.685761 2.376377
0.726074 2.523440
0.778490 2.630265
0.806774 2.760420
0.866156 2.855064
0.925413 3.056710
0.987355 3.221590
0.991090 3.325105
1.040443 3.378499
1.052908 3.276619
1.093958 3.078342
0.965978 2.757956
0.868655 2.436139
0.765450 2.155082
0.704223 1.927936
0.642262 1.769707
0.601080 1.657956
0.615171 1.597061
0.658535 1.569461
0.714694 1.565602
0.781435 1.672075
0.771126 1.756378
0.707214 1.825803
0.654902 1.883294
0.589276 1.930097
0.588244 2.060762
0.588381 2.161032
0.602730 2.309818
0.590993 2.402747
0.631835 2.548979
0.657494 2.697130
0.654133 2.802605
0.633603 2.836413
0.640696 2.903231
0.660582 3.002792
0.655359 3.079561
0.637294 3.006401
0.610688 2.743325
0.567167 2.426125
0.534838 2.081158
0.514962 1.863730
0.510353 1.648827
0.477677 1.562045
0.481432 1.450674
0.496499 1.380853
0.527642 1.399511
0.580619 1.413387
0.666381 1.539803
0.738137 1.642252
0.791277 1.823418
0.837227 1.970200
0.841005 2.007250
0.821271 2.172541
0.829195 2.283196
0.820731 2.353454
0.852252 2.497703
0.875282 2.631974
0.888226 2.673981
0.944102 2.805381
0.996699 2.880323
1.107182 2.879365
1.183221 2.729164
1.219718 2.398594
1.186473 2.188527
1.062600 1.963872
0.957625 1.796528
0.876193 1.585082
0.829425 1.511585
0.810659 1.431574
0.806023 1.425997
0.790336 1.501921
0.738305 1.612104
0.711875 1.749015
0.671645 1.816762
0.652621 1.952685
0.631028 2.019391
0.626860 2.096058
0.660122 2.160268
0.702450 2.257874
0.706740 2.350862
0.747234 2.457885
0.731987 2.474794
0.764065 2.548667
0.707138 2.639093
0.668086 2.750872
0.595734 2.816285
0.566063 2.917075
0.530735 2.835353
0.509068 2.604556
0.492024 2.358316
0.464594 2.081813
0.465997 1.861583
0.448555 1.714411
0.408251 1.599374
0.429290 1.542057
0.427860 1.475723
0.457477 1.421513
0.502622 1.385038
0.586876 1.400916
0.659678 1.436410
0.755054 1.584568
0.806543 1.733490
0.834299 1.874105
0.882353 2.004437
0.853507 2.085972
0.797748 2.090923
0.845374 2.213398
0.861542 2.337610
0.903974 2.461047
0.979334 2.588819
1.041582 2.679424
1.114000 2.735468
1.191610 2.820671
1.267844 2.738358
1.340273 2.518798
1.313379 2.145383
1.175771 1.908033
1.033159 1.695954
0.912631 1.570353
0.857775 1.460436
0.808346 1.397275
0.763154 1.342314
0.758647 1.344897
0.797663 1.404859
0.854800 1.492790
0.854294 1.612721
0.854595 1.697264
0.870217 1.835390
0.707948 1.884965
0.720922 1.930168
0.740156 1.936714
0.737548 1.894673
0.793116 1.956497
0.853993 1.996303
0.904471 2.036425
0.979606 2.129347
1.023389 2.169223
1.085099 2.105855
1.164491 2.010622
1.235682 1.922225
1.294723 1.791538
1.331545 1.629102
1.305809 1.509975
1.318928 1.404530
1.328321 1.293268
1.295085 1.234260
