1.981005 1.929415
1.979821 1.933503
1.985274 1.943802
1.988095 1.962497
1.992367 1.994878
1.993055 2.034491
1.994509 2.084981
2.001814 2.145375
2.011107 2.221660
2.019137 2.314451
1.875059 2.377141
1.797623 2.497409
1.753545 2.638392
1.681725 2.795522
1.655442 2.909080
1.633308 3.019725
1.617012 3.130185
1.674254 3.248417
1.675581 3.414834
1.728158 3.580849
1.578380 3.231426
1.475207 2.914074
1.423324 2.460327
1.374426 2.209992
1.346889 2.015965
1.272794 1.867643
1.213222 1.802470
1.180751 1.863861
1.157062 1.972599
1.150570 2.129615
1.160069 2.218295
1.222606 2.366228
1.229899 2.376355
1.243768 2.393015
1.201237 2.371389
1.096060 2.316157
1.069293 2.372573
1.016604 2.427852
0.916307 2.402797
0.921527 2.546422
0.857395 2.543091
0.838785 2.536811
0.822389 2.380219
0.770309 2.231298
0.728172 2.003714
0.700778 1.844014
0.642280 1.676177
0.645897 1.610277
0.634762 1.507930
0.637722 1.475513
0.653890 1.504388
0.675538 1.621614
0.649915 1.731796
0.624242 1.844465
0.638155 2.030739
0.666019 2.239104
0.698110 2.382363
0.711779 2.441175
0.703617 2.492564
0.697079 2.435377
0.700562 2.372482
0.658127 2.225895
0.666758 2.092587
0.681501 1.892295
0.647499 1.707169
0.638786 1.581574
0.637241 1.469479
0.649297 1.426872
0.640912 1.427128
0.633824 1.477133
0.636478 1.527256
0.632892 1.641091
0.617346 1.754697
0.605269 1.900253
0.618996 1.994846
0.601214 2.058908
0.579702 2.096306
0.600669 2.157983
0.602619 2.216078
0.642594 2.195122
0.765496 2.134706
0.897661 2.126475
1.065484 2.146131
1.167930 2.144006
1.255701 2.167000
1.372777 2.205589
1.465307 2.255911
1.562396 2.342971
1.675840 2.399115
1.753541 2.401322
1.910228 2.426951
2.046052 2.400930
2.155874 2.358447
2.258185 2.290482
2.397221 2.311327
2.511454 2.262058
2.602835 2.173440
2.669675 2.110204
2.818774 2.145619
2.952310 2.118069
2.906513 1.943597
2.922155 1.917575
2.879743 1.943214
2.697439 1.974853
2.500458 1.970910
2.184112 1.776892
1.958021 1.691413
1.799146 1.632496
1.647315 1.544406
1.619156 1.502142
1.591729 1.477163
1.618537 1.448781
1.688921 1.444280
1.786197 1.413293
1.875564 1.443709
2.013439 1.479125
2.160259 1.496252
2.250134 1.518265
2.342740 1.570251
2.423807 1.593385
2.455664 1.615697
2.520312 1.654368
2.551403 1.684936
2.583138 1.720577
2.525637 1.736972
2.286960 1.644937
2.142076 1.664638
1.916980 1.625545
1.735930 1.624153
1.516186 1.587719
1.289875 1.528846
1.300806 1.528797
1.337951 1.532867
1.414753 1.511607
1.494127 1.494232
1.593805 1.473090
1.707732 1.441235
1.769712 1.398730
1.805968 1.374109
1.873797 1.368394
1.949528 1.384373
1.972754 1.388117
2.002055 1.371925
2.066618 1.382479
2.127970 1.365459
2.181401 1.368874
2.241016 1.367195
2.424379 1.370960
2.637118 1.380212
2.853025 1.390319
2.941681 1.360716
2.929212 1.354961
2.841024 1.384506
2.807863 1.486721
2.773913 1.593581
2.668847 1.728127
2.647667 1.885429
2.649955 2.060574
2.648096 2.265854
2.688338 2.508589
2.379297 2.625486
2.148306 2.714354
2.053468 2.843800
1.940287 3.052858
1.847152 3.236139
1.779839 3.445060
1.760183 3.702551
1.792822 4.008983
1.835654 4.287295
1.883716 4.557553
1.891953 4.759523
1.888540 4.852847
1.849058 4.798327
1.804426 4.520616
1.750750 4.309060
1.673326 4.023901
1.657049 3.801058
1.615213 3.585924
1.619238 3.407311
1.581839 3.261823
1.397785 2.923307
1.320133 2.738915
1.265967 2.560130
1.217164 2.482772
1.222174 2.447097
1.260302 2.526579
1.284690 2.560432
1.358606 2.641894
1.393727 2.705436
1.414717 2.705905
1.364908 2.643938
1.210832 2.581610
1.140953 2.516689
1.112143 2.431313
1.102047 2.455223
1.137734 2.602618
1.150079 2.694308
1.146996 2.549858
1.205993 2.417980
1.286620 2.169134
1.313620 1.858121
1.224191 1.521495
1.124992 1.324367
1.031349 1.116461
0.977898 1.060622
0.923824 1.043369
0.888487 1.080453
0.878538 1.170911
0.924868 1.287956
1.012730 1.452475
1.100839 1.631097
1.152787 1.804200
1.111288 1.979698
0.978788 2.069353
0.927717 2.196557
0.929182 2.300523
0.849791 2.404256
0.861291 2.554737
0.905629 2.763190
0.960618 2.956755
0.992497 3.044228
1.030190 3.184570
1.015547 3.183640
0.994035 3.161148
1.020412 3.248044
0.989471 3.289154
0.874120 3.324060
0.796211 3.241173
0.743218 2.983904
0.729962 2.645208
0.716732 2.385919
0.698246 2.189420
0.700870 2.077429
0.717628 1.988203
0.748056 1.995570
0.780332 2.006493
0.844290 2.105366
0.945176 2.232261
1.052647 2.349874
1.174319 2.500663
1.293207 2.591984
1.370452 2.662845
1.439026 2.751266
1.477819 2.799140
1.453847 2.795784
1.407081 2.578177
1.370425 2.360161
1.325387 2.213057
1.373252 2.277940
1.305703 2.285422
1.351038 2.168336
1.458377 1.999920
1.503769 1.819454
1.412766 1.630466
1.317198 1.497977
1.141509 1.433509
1.052860 1.402049
1.013756 1.423523
0.981284 1.451474
0.998136 1.525899
1.010210 1.591326
1.036822 1.630395
1.011622 1.660509
0.914340 1.687963
0.783733 1.605981
0.665892 1.637412
0.642903 1.677245
0.611920 1.710396
0.615533 1.805704
0.615750 1.933885
0.668973 2.021879
0.731657 2.077562
0.765805 2.088821
0.803759 2.116954
0.861183 2.215111
0.886730 2.346397
0.849154 2.392384
0.762789 2.464550
0.680033 2.468320
0.647983 2.347062
0.639059 2.167833
0.634025 2.007871
0.661013 1.778669
0.677392 1.664633
0.652943 1.544690
0.641938 1.415552
0.627683 1.306556
0.627808 1.243370
0.666809 1.236351
0.723758 1.253508
0.770481 1.319958
0.800381 1.410069
0.835268 1.496264
0.870502 1.557948
0.912218 1.589580
0.918122 1.585920
0.936682 1.568663
0.951312 1.537770
0.923523 1.445310
0.940757 1.428594
0.972664 1.500105
1.026304 1.597775
1.030944 1.619596
1.081385 1.616642
1.165110 1.569742
1.212877 1.458187
1.196200 1.321142
1.128553 1.165118
1.052024 1.039866
0.989847 1.026060
0.939077 1.056964
0.894867 1.134072
0.831664 1.233037
0.803398 1.360199
0.785684 1.485920
0.772417 1.587510
0.733146 1.631178
0.697346 1.589969
0.653711 1.659266
0.631515 1.608863
0.625191 1.634113
0.641372 1.668306
0.610306 1.734648
0.621633 1.753111
0.633787 1.810660
0.643729 1.835998
0.689456 1.867126
0.782155 1.783693
0.885302 1.655747
0.982350 1.591078
1.073842 1.529352
1.098274 1.464226
1.139911 1.394084
1.171374 1.363161
1.157681 1.293538
1.200868 1.211068
