1.991730 1.926498
1.997897 1.928850
1.995469 1.934183
2.002785 1.949890
2.004899 1.978613
2.004547 2.028935
1.999643 2.090697
1.865998 2.102184
1.779639 2.167177
1.761992 2.289820
1.619865 2.338825
1.488999 2.399700
1.406662 2.498241
1.296145 2.543278
1.207083 2.522960
1.147555 2.475554
1.083770 2.569891
1.064167 2.675975
1.041274 2.883727
1.034567 3.000497
1.024870 3.013881
1.019598 2.843257
0.992918 2.554901
0.923189 2.162353
0.868703 1.893188
0.833686 1.677158
0.828245 1.570695
0.827573 1.564250
0.850804 1.620723
0.905030 1.795236
1.018493 2.060922
1.106390 2.287152
1.219616 2.562433
1.325959 2.818012
1.415987 3.139519
1.445922 3.400470
1.333347 3.585753
1.245870 3.722533
1.168805 3.886457
1.240359 4.079042
1.249667 4.156458
1.092136 3.971107
1.078401 3.694463
1.018088 3.356840
0.927079 2.974572
0.870370 2.674688
0.822304 2.461735
0.765866 2.229070
0.744963 2.082648
0.697238 1.996469
0.691494 1.950617
0.640586 1.857309
0.629680 1.822586
0.628599 1.825715
0.603828 1.817498
0.612369 1.799615
0.640130 1.884016
0.692019 1.992096
0.712932 2.064629
0.753513 2.222231
0.801056 2.380455
0.802239 2.486039
0.817177 2.557280
0.882075 2.487246
0.912574 2.294068
0.878951 1.959983
0.854740 1.713390
0.824668 1.551378
0.821740 1.422486
0.827189 1.431192
0.837977 1.461070
0.869367 1.592631
0.874645 1.757007
0.849213 1.902030
0.878574 2.090421
0.849773 2.232048
0.802072 2.334493
0.730619 2.416270
0.709011 2.384799
0.720524 2.283282
0.779107 2.149287
0.879457 2.026892
0.980905 1.979499
1.010055 1.897996
1.065517 1.837446
1.144950 1.806604
1.186243 1.799305
1.204482 1.760986
1.240706 1.722813
1.315091 1.686854
1.410182 1.654383
1.450455 1.652848
1.507390 1.639817
1.512319 1.603177
1.575801 1.593337
1.581504 1.534501
1.613479 1.486802
1.602444 1.480345
1.581511 1.498067
1.615520 1.510867
1.640334 1.525972
1.643117 1.507824
1.544300 1.507810
1.436587 1.517003
1.282462 1.503415
1.137412 1.470376
1.048117 1.446772
1.019504 1.415971
1.061047 1.409829
1.113364 1.411813
1.217422 1.410950
1.355373 1.414615
1.421621 1.408628
1.486476 1.403802
1.511565 1.387299
1.519920 1.380575
1.462725 1.368124
1.372980 1.355027
1.325944 1.348415
1.255486 1.296699
1.195161 1.269483
1.094941 1.270161
1.027998 1.266917
1.003329 1.261365
0.966320 1.248474
0.956217 1.216217
0.916135 1.195312
0.811275 1.190850
0.688029 1.186997
0.613282 1.171999
0.607749 1.152315
0.690471 1.132971
0.850836 1.111660
0.989877 1.073224
1.160725 1.071712
1.308162 1.045835
1.414914 1.033182
1.479080 1.002169
1.567475 1.001423
1.665026 1.007614
1.680381 0.990663
1.735788 0.992654
1.819248 0.984978
1.900522 0.981585
1.920457 1.011003
1.947146 1.043330
1.954477 1.064621
1.960535 1.091691
1.970464 1.136905
1.941973 1.204637
1.858199 1.224254
1.790989 1.222099
1.776495 1.199641
1.787252 1.205818
1.746698 1.220857
1.745069 1.244502
1.710587 1.330546
1.655119 1.418296
1.587650 1.543346
1.616521 1.659594
1.674721 1.834407
1.724073 2.041534
1.764263 2.256316
1.842437 2.496793
1.939561 2.705951
2.045809 2.867109
2.177179 3.059683
2.344195 3.296724
2.544988 3.516002
2.797818 3.787677
2.994085 4.010867
3.108630 4.234727
2.912443 4.262702
2.660665 4.162261
2.394113 3.877294
2.166972 3.547088
2.013965 3.302647
1.948411 3.148811
1.846102 2.968883
1.747764 2.792075
1.665577 2.688731
1.614426 2.623770
1.632567 2.582160
1.733424 2.707715
1.806663 2.768371
1.699822 2.661940
1.694999 2.552939
1.718178 2.450940
1.723970 2.406486
1.693001 2.357823
1.742124 2.349295
1.737781 2.357600
1.729249 2.432318
1.608436 2.414529
1.621381 2.404027
1.678358 2.497747
1.921975 2.597587
2.452157 2.905487
3.133951 3.282118
3.237473 3.017575
2.819967 2.480371
2.244440 1.994864
1.837709 1.714820
1.677352 1.511413
1.742608 1.501130
1.922875 1.513085
2.057315 1.477735
2.015111 1.325363
1.932233 1.289440
1.854281 1.372724
1.900327 1.560354
1.948088 1.782024
1.939857 1.951054
1.861306 2.083651
1.843827 2.183835
1.912194 2.277213
1.861941 2.414313
1.766922 2.533251
1.816627 2.682321
1.894080 2.758462
1.986262 2.602782
1.961064 2.444146
2.086479 2.354919
2.292077 2.511029
2.637197 2.884511
2.788473 3.342024
2.489027 3.549643
2.053533 3.522699
1.654963 3.326873
1.426742 2.962095
1.347447 2.713356
1.296241 2.466248
1.166232 2.250352
1.035921 2.076371
0.907321 1.906481
0.850150 1.678475
0.881490 1.501433
0.925140 1.258549
0.997016 1.180544
1.123371 1.168476
1.263432 1.198037
1.345307 1.256269
1.472904 1.338160
1.527968 1.460826
1.604888 1.621755
1.667102 1.827265
1.750869 2.005984
1.732160 2.007795
1.751288 2.009691
1.791275 2.046703
1.782695 1.810843
1.852764 1.711524
1.758497 1.464969
1.556292 1.351854
1.363496 1.270914
1.278984 1.270946
1.208938 1.296853
1.189746 1.352876
1.201360 1.387036
1.220180 1.454155
1.246891 1.514143
1.298375 1.525045
1.291079 1.535067
1.235560 1.546178
1.183457 1.572512
1.074252 1.582717
1.032674 1.618028
1.043513 1.600417
1.125649 1.650308
1.220451 1.669433
1.228866 1.515654
1.229399 1.368970
1.324220 1.421929
1.425968 1.529996
1.535925 1.699570
1.437841 1.789208
1.290623 1.853158
1.154067 1.913710
1.001681 1.857715
0.902201 1.752992
0.827385 1.643139
0.826578 1.581238
0.815143 1.530796
0.771661 1.477294
0.751915 1.423655
0.703033 1.382236
0.712858 1.393488
0.714184 1.415975
0.720638 1.461235
0.762454 1.493440
0.848329 1.537744
0.954772 1.590402
1.014120 1.587474
1.048490 1.610386
1.041777 1.658005
1.102411 1.732779
1.127534 1.786135
1.176645 1.903416
1.223329 1.981208
1.222490 1.993296
1.258794 1.987306
1.335055 2.020746
1.484985 2.143855
1.647073 2.257924
1.836575 2.283056
1.840441 2.086406
1.647579 1.810917
1.452994 1.618891
1.305654 1.496668
1.212554 1.462987
1.178919 1.491570
1.154446 1.596062
1.155889 1.710834
1.134934 1.806836
1.160371 1.844614
1.163347 1.839516
1.080018 1.777405
0.987543 1.708260
0.906663 1.573253
0.874093 1.606879
0.840224 1.542524
0.875508 1.583759
0.912640 1.562775
0.940265 1.486311
0.961007 1.339304
1.008894 1.328582
1.053333 1.302980
1.095442 1.244111
1.200222 1.158080
1.304356 1.110207
1.363355 0.996796
1.467538 0.973869
1.552442 0.966539
1.619635 0.980683
1.673796 1.015234
1.676542 1.024549
