20
3880
4000
4050
4160
4240
4360
4460
4580
4670
3000
3890
3980
4070
4160
4300
4370
4470
4560
4670
3010
3880
3980
4080
4140
4260
4350
4440
4570
4650
3010
3890
3980
4080
4160
4250
4350
4460
4560
4670
3030
3960
3990
4100
4190
4310
4380
4450
4570
4680
2990
3880
3960
4080
4140
4230
4330
4440
4550
4660
2990
3880
3970
4070
4130
4250
4340
4440
4560
4650
2990
3890
3970
4070
4160
4270
4350
4470
4540
4650
3010
3880
3970
4090
4140
4250
4350
4450
4540
4650
3010
3870
3970
4080
4140
4260
4350
4440
4570
4660
3010
3890
4000
4090
4150
4290
4360
4450
4550
4660
3010
3880
3990
4080
4150
4290
4360
4440
4550
4660
3030
3900
4000
4100
4160
4290
4380
4450
4550
4680
3000
3890
3980
4090
4140
4260
4350
4450
4550
4670
3010
3880
3990
4080
4150
4260
4370
4450
4540
4680
3000
3910
3990
4080
4150
4250
4350
4440
4560
4650
3000
3880
3980
4100
4130
4280
4340
4470
4540
4640
3000
3880
3980
4100
4140
4270
4350
4440
4550
4650
3000
3900
3990
4120
4130
4260
4350
4450
4540
4650
3010
3890
3980
4090
4140
4260
4350
4470
4560
4640
3010
3880
3990
4070
4140
4260
4370
4440
4530
4640
3020
3910
4000
4100
4180
4310
4370
4460
4560
4670
3020
3910
4000
4070
4140
4260
4350
4440
4540
4640
3000
3880
4000
4070
4150
4270
4360
4460
4600
4670
3010
3890
4000
4080
4140
4260
4350
4450
4570
4660
3010
3910
3990
4080
4140
4250
4340
4440
4560
4640
3000
3900
3980
4100
4140
4260
4370
4480
4550
4660
3010
3880
4000
4080
4140
4260
4350
4460
4550
4640
3010
3880
3980
4100
4160
4250
4340
4440
4540
4660
2990
3890
3990
4080
4170
4270
4370
4450
4580
4670
3010
3880
4010
4100
4140
4280
4330
4430
4560
4670
2990
3860
3940
4040
4160
4250
3430
3290
4510
4620
2610
2720
3090
2860
2930
4160
3510
3160
3240
3310
2000
2750
2780
2860
2940
3020
