1.150880
1.303815
1.492609
1.673854
1.919391
2.152854
2.337818
2.528656
2.772223
2.971353
3.152526
3.357111
3.554378
3.784720
3.979683
4.243550
4.550296
4.874941
5.186747
5.396839
5.559500
5.569379
5.462682
5.148880
4.853403
4.614752
4.385689
4.132047
3.954353
3.823900
3.643264
3.482016
3.398342
3.276805
3.225147
3.110789
3.005922
2.993829
2.972062
2.906647
3.007508
3.186335
3.318567
3.375701
3.408618
3.501316
3.553872
3.692550
3.800499
3.922815
4.022164
4.126514
4.250882
4.380715
4.555663
4.666883
4.804502
4.963294
5.082593
5.213336
5.338456
5.460012
5.483979
5.450102
5.403829
5.332920
5.190769
5.072249
5.028394
4.913148
4.810004
4.710885
4.661796
4.600705
4.578536
4.471749
4.414750
4.343647
4.277951
4.308418
4.328075
4.272857
4.176622
4.125062
4.086548
4.048237
4.013049
4.002251
3.991637
3.957305
3.948958
3.937058
3.944253
3.991728
4.050449
4.133222
4.242629
4.283709
4.258026
4.251455
4.342800
4.417412
4.454222
4.490053
4.591903
4.599031
4.582228
4.604435
4.646646
4.745572
4.832747
4.871943
4.868070
4.891180
4.929666
4.869773
4.930889
5.022699
5.155282
5.286887
5.428011
5.595215
5.757235
5.936489
6.135642
6.273313
6.430222
6.474761
6.418111
6.242708
6.060496
5.955527
5.863214
5.818700
5.748489
5.690435
5.597591
5.552353
5.496768
5.440194
5.395976
5.453302
5.440129
5.532717
5.557256
5.580986
5.580701
5.656509
5.729545
5.776099
5.868753
6.002585
6.150198
6.324039
6.491040
6.683840
6.863126
7.028737
7.189153
7.332431
7.362219
7.495253
7.612509
7.730526
7.851056
8.006056
8.163976
8.332381
8.537752
8.719414
8.921632
9.028922
9.008321
8.897759
8.748597
8.634160
8.540324
8.479970
8.403547
8.365056
8.340110
8.326893
8.273090
8.203940
8.126030
8.076182
8.048678
8.003987
7.927002
7.839733
7.775768
7.735351
7.672888
7.650599
7.569437
7.560490
7.534380
7.424756
7.370461
7.350317
7.331832
7.371759
7.446661
7.543763
7.650357
7.704169
7.762386
7.871001
7.960988
8.050053
8.153075
8.214731
8.334449
8.437661
8.512466
8.583640
8.656969
8.730976
8.800629
8.866576
8.958095
9.045654
9.118388
9.214759
9.323247
9.385526
9.400568
9.394976
9.333743
9.209082
9.170757
9.147039
9.132351
9.046524
8.951570
8.906192
8.842546
8.717989
8.685593
8.601212
8.480116
8.355807
8.190535
8.022083
7.818087
7.632649
7.437701
7.298097
7.133064
6.961596
6.825747
6.715382
6.615924
6.667932
6.878305
7.098606
7.272827
7.452586
7.670005
7.918486
8.157829
8.448798
8.692129
8.923016
9.253425
9.512927
9.783973
10.085199
10.307342
10.494483
10.758441
10.961180
11.095206
11.293708
11.518134
11.755392
11.876531
11.845517
11.671398
11.491665
11.279700
11.051078
10.827126
10.614398
10.399733
10.188333
9.945354
9.775046
9.618621
9.430564
9.291905
9.172161
9.050527
8.929341
8.846932
8.766700
8.686685
8.668765
8.589507
8.540646
8.469095
8.402350
8.302901
8.175110
7.970113
7.844445
7.816854
7.833932
7.902512
7.992916
8.090053
8.315690
8.471247
8.635513
8.768688
8.847355
8.964985
9.072630
9.098283
9.167345
9.246304
9.366099
9.471645
9.550953
9.664876
9.754089
9.842124
9.905717
9.916000
9.965083
10.029970
10.054098
10.134842
10.243998
10.327345
10.396723
