2.138066 2.000517
2.084267 2.004539
1.996785 1.960012
1.938598 1.998238
1.884707 2.068949
1.820481 2.067021
1.782680 2.149084
1.718869 2.182329
1.747093 2.249374
1.754514 2.331265
1.806183 2.494525
1.825316 2.599319
1.900063 2.724306
1.991733 2.829219
2.078352 2.831245
2.344690 3.122195
2.780182 3.552341
3.392792 4.187705
3.457988 4.250200
3.551353 4.079185
3.547947 3.840294
3.613663 3.660615
3.576258 3.484625
3.540875 3.310294
3.509279 3.178965
3.625797 3.176839
3.634611 3.141875
3.686066 3.163515
3.729261 3.167210
3.637853 3.223408
3.558235 3.193971
3.507533 3.097045
3.384130 3.082340
3.461911 2.986978
3.436935 2.996430
3.404084 3.032236
3.316592 3.010162
3.378147 3.116466
3.350821 3.239126
3.444900 3.263686
3.473721 3.254784
3.587363 3.362999
3.819371 3.611191
4.051705 3.874214
4.140543 4.046264
4.194583 4.076328
4.236094 4.150163
4.530627 4.359379
4.747205 4.461145
5.060703 4.778245
5.519125 5.125263
5.787065 5.252500
6.002646 5.487055
6.155879 5.610233
6.033782 5.533864
5.831246 5.407966
5.746707 5.218019
5.534354 4.952063
5.434809 4.594656
5.216950 4.437057
4.880806 4.358471
4.576209 4.186771
4.342350 3.977013
3.875772 3.757318
3.509606 3.561281
3.278719 3.235408
2.990668 3.065954
2.839935 2.842575
2.725917 2.647054
2.422685 2.462325
2.441406 2.250371
2.387164 2.299553
2.408252 2.394671
2.492405 2.481933
2.554517 2.647403
2.710424 2.782076
2.964397 2.965680
3.074316 3.119158
3.356631 3.402584
3.446170 3.450742
3.563497 3.497898
4.082455 3.872925
4.694460 4.416446
4.960425 4.829948
5.125757 5.022141
5.081347 5.006534
5.081294 5.032884
4.950132 4.907544
4.818942 4.732124
4.705452 4.588674
4.591996 4.452668
4.641020 4.541197
4.689078 4.611134
4.698414 4.713898
4.646876 4.610714
4.420110 4.427300
4.224440 4.351877
4.142142 4.041522
3.922714 3.849045
3.779301 3.725733
3.516263 3.498646
3.387677 3.148025
3.222093 3.042711
3.168778 2.998491
3.163782 3.053230
3.202303 3.174033
3.454172 3.436479
3.763786 3.724102
3.977166 3.989149
4.159693 4.236812
4.141611 4.396156
4.088850 4.303942
4.086475 4.283720
4.040120 4.298086
4.074500 4.273456
4.215428 4.406958
4.649195 5.090007
5.037982 5.651270
5.076231 5.909818
5.090959 6.077850
5.132939 6.094276
5.033776 6.032526
4.980641 5.970750
4.990163 5.948882
4.988495 5.902680
4.958188 5.901192
4.884840 5.865299
4.808197 5.568603
4.714638 5.241325
4.607487 4.872132
4.417098 4.419043
4.209928 4.049709
3.958646 3.670938
3.762156 3.414990
3.628328 3.392486
3.618589 3.308351
3.831163 3.489577
3.936726 3.702519
4.163155 4.002099
4.472647 4.523452
4.780473 5.014687
4.826661 5.187054
4.908687 5.391654
4.923782 5.654296
4.987165 5.880802
5.146953 6.029081
5.198394 6.282034
5.366404 6.801656
5.397165 7.195472
5.350074 7.524032
5.167305 7.761887
5.101201 7.942451
5.001829 8.135089
4.774699 8.096008
4.624752 7.963214
4.521420 7.841338
4.469661 7.730621
4.197142 7.557321
4.232734 7.376719
4.226649 7.204128
4.076975 7.048895
4.092437 6.672952
3.992167 6.537774
3.931948 6.408757
3.988014 6.071974
4.043340 5.854927
4.125207 5.552607
4.188332 5.404525
4.381892 5.557291
4.633493 5.729886
4.838625 5.968268
5.091033 6.199358
5.242810 6.573620
5.144602 6.609678
5.033941 6.525464
4.915306 6.408506
4.938190 6.347628
5.001022 6.279778
4.943345 6.116640
4.917303 5.864279
4.834103 5.766676
4.864738 5.420339
4.772426 5.319420
4.663449 5.182310
4.448331 5.026336
4.470449 4.793121
4.414936 4.366075
4.235378 3.855652
4.078630 3.420173
4.004361 2.957081
3.886553 2.831614
3.762636 2.822502
3.862027 3.024257
4.070416 3.224942
4.357283 3.716969
4.656001 4.190773
5.064665 4.833399
5.603919 5.162166
5.789048 4.826601
5.666811 4.095424
5.977801 3.879914
5.550113 3.427894
5.039956 3.111029
4.714811 3.050102
4.751531 3.392233
5.523628 3.639498
5.893163 3.958143
5.880422 3.970579
5.556623 3.859431
5.241898 3.718918
5.099197 3.713791
5.087866 3.651126
4.898651 3.499819
4.481062 3.334989
3.961773 3.152370
3.638005 3.048610
3.500656 3.041656
3.412844 3.015674
3.388674 3.001995
3.224003 2.971476
3.241934 2.913694
3.010176 2.857752
2.816987 2.752162
2.744377 2.650491
2.763079 2.610594
2.573915 2.589923
2.553411 2.581751
2.594422 2.604567
2.740740 2.488792
2.775726 2.293752
3.029615 2.059796
2.811989 2.010815
2.362314 1.936731
2.163673 1.890305
2.058950 1.873221
2.238477 2.009510
2.338554 2.123190
2.564757 2.441077
2.721157 2.705796
2.925164 3.166057
3.096378 3.625165
3.308811 4.239252
3.467869 4.948527
3.549801 5.285918
3.572356 5.582645
3.514078 5.927312
3.560559 6.088878
3.501296 6.285007
3.431946 6.241876
3.331415 5.993630
3.134761 5.507450
3.118032 4.970678
2.980196 4.243453
2.837001 3.882215
2.855951 3.707991
2.888537 3.706529
2.875728 3.279929
2.922617 3.125390
3.071769 3.049369
3.170870 3.137226
3.384297 3.413497
3.471317 3.592300
3.540659 3.716489
3.564773 3.948673
3.602104 4.123322
3.602424 4.175384
3.557649 4.175764
3.549815 4.003523
3.467428 3.478241
3.422935 2.938726
3.369292 2.908192
3.374791 2.579536
3.263859 2.428736
3.134368 2.290779
3.098583 2.209505
2.769628 2.053519
2.320635 1.979911
2.132304 1.938115
1.987727 1.855777
2.049624 1.981513
2.255416 2.260873
2.423058 2.468383
2.622125 2.679581
2.818055 2.949290
3.184794 3.397594
3.328777 3.719861
3.522854 4.202889
3.805740 4.834039
3.969813 5.465700
4.112563 5.885994
4.223901 6.216190
4.301448 6.377411
4.284706 6.524518
4.460545 6.642934
4.585207 6.649557
4.563709 6.485871
4.204993 6.009548
3.998365 5.825612
4.034485 6.291813
3.984212 6.370128
3.860588 6.130840
3.859123 5.771988
3.727835 5.471401
3.555689 5.132707
3.473406 4.858523
3.351592 4.611778
3.216116 4.380208
3.174381 4.153922
3.237569 3.562649
3.233295 3.040219
3.285672 2.778038
3.242527 2.512212
3.183100 2.248176
3.147050 2.105799
2.955692 2.052049
2.833724 2.063777
2.799340 2.110967
2.838036 2.211597
2.963187 2.285661
2.933788 2.336910
3.085596 2.379011
2.860976 2.263201
2.555707 2.031000
1.840344 1.874856
1.712812 1.820185
1.756678 1.726515
1.931602 1.852521
2.149870 2.084266
2.562605 2.415036
2.890346 2.724403
2.881425 2.852531
2.896210 2.962236
3.091085 3.249570
3.360643 3.791893
3.573648 4.293300
3.759132 4.776740
4.122300 5.320431
4.381429 5.614876
4.683778 5.816846
4.959041 5.928603
5.107944 5.826043
5.281610 5.984883
5.302030 5.939298
5.508183 6.154164
5.678967 6.368922
5.896681 6.625811
6.182432 6.930115
6.503352 7.391321
6.642242 7.764656
6.470705 7.863689
6.097879 7.786496
5.572743 7.549154
4.636339 7.045686
4.428959 7.113656
4.401556 7.088058
4.290979 7.179337
3.890513 6.734843
3.604284 6.054804
3.422184 5.631143
3.243672 5.099363
3.088294 4.393109
2.853912 3.715331
2.753941 3.299284
2.693879 2.958737
2.693574 2.927102
2.561484 2.659048
2.611495 2.789674
2.592801 2.712612
2.511187 2.539310
2.501603 2.311172
2.513668 2.292737
2.447731 2.202290
2.383177 2.102558
2.399120 2.003318
2.536389 1.933749
2.783838 2.043486
3.443836 2.295756
3.832422 2.584248
2.785686 2.731310
2.572178 2.664627
2.102297 2.586008
1.939624 2.486773
1.918455 2.549183
1.848933 2.466304
1.845732 2.492270
1.907206 2.531225
2.020834 2.455068
2.118867 2.584498
2.161350 2.543869
2.301409 2.578384
2.303004 2.488417
2.406628 2.473233
2.549709 2.497252
2.662588 2.533438
2.938697 2.712997
3.139404 2.869436
3.305887 2.969262
3.308731 3.018566
3.208226 2.932503
2.930542 2.893550
2.737911 2.826245
2.589416 2.710616
2.342827 2.583483
2.202868 2.575832
2.229954 2.575971
2.212177 2.599290
2.317863 2.580546
2.216768 2.407661
2.213743 2.343683
2.275986 2.345582
2.393167 2.313608
2.441240 2.335604
2.594977 2.409898
2.726814 2.518513
2.810760 2.729893
2.941870 2.980284
3.060177 3.263708
3.238264 3.887196
3.386044 4.412251
3.560423 4.524928
3.725421 4.547348
3.830575 4.535996
3.757197 4.298861
3.612143 4.174058
3.541269 4.055663
3.520694 3.935114
3.752799 4.594742
3.849429 5.132048
3.993148 5.437400
4.045507 5.522142
4.090372 5.567935
4.134976 5.446802
4.158159 5.537134
4.238032 5.630157
4.230465 5.654270
4.248142 5.563573
4.303241 5.446395
4.181150 5.427231
4.249655 5.314823
4.330643 5.206367
4.374863 5.082195
4.353574 4.899464
4.207542 4.519372
4.053177 3.914323
3.806439 3.481155
3.623595 3.172363
3.339187 2.812309
2.994650 2.686339
2.891163 2.384597
2.813301 2.288042
2.714962 2.196365
2.632813 2.133212
2.814663 1.975081
3.154326 1.997282
3.764036 2.284261
3.684515 2.587722
2.748580 2.704116
1.669236 2.631437
1.606115 2.774721
1.853858 2.707890
2.003877 2.674774
2.014934 2.507242
1.859979 2.338533
1.740980 2.227594
1.684455 2.130176
1.623904 2.018626
1.565502 1.984728
1.590884 2.007962
1.675417 2.087462
1.758208 2.160607
1.743229 2.191606
1.878486 2.226665
2.008760 2.301793
2.141410 2.429312
2.416230 2.601879
2.466536 2.734809
2.428409 2.804648
2.398367 2.729228
2.529257 2.760280
2.672797 2.853042
2.745312 2.870065
2.711154 2.894490
2.513795 2.968432
2.616486 3.024882
2.621663 3.069175
2.588050 3.152389
2.496975 3.219973
2.567045 3.314370
2.724383 3.378415
2.803256 3.548050
2.882680 3.436192
2.920606 3.399098
2.906852 3.362572
3.120904 3.507447
3.149044 3.579424
2.965098 3.386414
2.844471 3.281907
2.696978 3.088737
2.686570 3.048762
2.612379 2.968573
2.356321 3.051958
2.287936 3.111181
2.289061 3.017401
2.283667 3.081605
2.307088 3.210087
2.313975 3.247279
2.364863 3.483399
2.457935 3.693566
2.454089 3.592266
2.502821 3.577341
2.612603 3.581898
2.733394 3.440839
2.863872 3.321392
3.021374 3.149636
3.059520 2.800333
3.020755 2.618349
3.009985 2.470613
3.221580 2.278034
3.482770 2.185576
3.649381 2.196738
3.611854 2.312107
3.208649 2.353079
2.613408 2.491457
2.021323 2.585785
1.890907 2.641183
1.716625 2.588323
1.436033 2.524541
1.259034 2.347543
1.233378 2.245335
1.266500 2.179854
1.285959 2.154345
1.333200 2.206971
1.413063 2.171644
1.488803 2.113304
1.391743 1.820265
1.376941 1.854160
1.365670 1.805222
1.391573 1.754757
1.481588 1.694078
1.572724 1.780960
1.750283 1.969054
1.877630 2.094676
1.896646 2.262306
2.002707 2.414182
2.013884 2.552673
2.169724 2.673250
2.318341 2.837790
2.472238 3.053391
2.732059 3.302678
2.958861 3.513686
3.149535 3.559607
3.170705 3.717668
3.114879 3.668562
2.950753 3.749158
2.739779 3.741026
2.580657 3.820744
2.360210 3.818235
2.370072 3.786560
2.461160 3.748936
2.232933 4.098836
2.530819 4.502950
