0.186209
0.273280
0.439241
0.498854
0.569730
0.681906
0.733926
0.769936
1.121235
1.392891
1.725767
1.971161
2.379643
2.958941
3.106662
3.143343
2.779480
2.519565
2.363083
1.299787
0.687350
0.383064
1.007488
1.467375
1.991111
2.670420
3.215123
3.749087
4.119249
4.244345
4.441817
4.438475
4.457973
4.576245
4.390878
4.634755
4.648252
4.933003
5.126097
5.341899
5.729780
5.979951
6.585394
6.950147
7.416102
7.693910
7.942228
8.240983
8.482645
8.418817
8.025938
7.650300
7.395793
6.749741
6.396321
5.943433
5.545214
5.296717
5.020883
4.712627
4.240444
3.837586
3.710999
3.250461
2.699516
2.333868
1.811698
1.380051
1.013528
0.860854
0.955113
1.374050
1.832863
2.276698
2.910235
3.278367
3.663761
4.296124
4.651407
4.531373
4.091751
3.634505
3.755338
3.377848
2.793218
1.762023
1.125458
0.629966
0.340372
0.399528
0.820008
1.722080
2.324836
2.781931
3.320084
3.978389
4.326125
4.607961
5.005162
5.033308
5.494384
5.606647
5.814285
5.929675
6.390778
6.600334
6.841771
7.256307
7.641413
7.856647
8.411758
8.510237
8.669768
8.857199
9.114747
8.778033
8.663012
8.529712
8.544597
8.538247
8.670627
8.074321
7.816916
7.510355
7.270385
6.871132
6.612067
6.437169
6.112553
5.910817
5.580310
4.979685
4.505617
3.892180
3.467237
2.626540
2.249804
1.966874
1.623125
1.532426
1.604449
1.449347
1.365895
1.331449
1.319048
1.294398
1.597545
2.447214
3.267166
3.847780
3.960713
3.494822
2.865250
2.842814
3.350974
3.944516
4.821116
5.294524
5.818741
6.357114
7.086519
7.638954
8.172085
8.869347
9.440293
9.802607
10.258821
10.940722
11.575372
12.217573
12.837880
13.100931
13.351314
13.891772
14.423453
15.111254
15.959081
16.957744
17.755192
18.629885
18.734249
19.191499
19.592550
19.633126
19.112842
19.381467
19.685599
19.835837
19.982029
20.066231
20.360114
20.405468
20.356656
20.158692
20.023536
20.029891
20.116762
20.635097
21.397289
22.420346
22.966066
23.839328
24.617735
25.270254
25.359588
25.728743
25.290254
24.726355
24.046339
23.494418
22.980436
22.254548
22.069253
21.986272
21.991860
22.043533
22.013106
21.908779
21.924095
21.850958
22.015575
21.979080
22.027016
21.795531
21.072545
21.105051
21.339744
21.405412
21.648637
20.928202
21.129752
21.389982
21.863883
22.111931
22.223096
22.289780
22.364800
22.512382
22.590359
22.598543
22.638504
22.671843
22.779642
22.936213
22.993873
23.256583
23.359863
24.127406
24.953838
25.625074
26.560737
27.428412
27.562815
26.623767
26.100896
25.226136
24.630880
23.648854
22.214873
21.278254
20.175831
19.470338
19.062842
18.767580
18.567225
18.322187
18.233115
18.285106
18.249220
18.599552
19.183240
20.363928
21.273974
21.971247
21.503883
21.748811
22.178332
22.009616
21.865674
21.719369
21.238515
20.599895
20.268531
20.089644
19.831136
19.741793
19.583438
19.558669
19.933143
20.664450
21.246395
21.355937
21.362420
20.433026
19.873572
18.989609
19.122711
19.840343
21.180778
21.868214
22.494819
22.375798
21.840236
20.939836
20.623994
20.514963
20.139289
19.966801
19.906439
19.956223
20.137260
20.258062
20.547740
20.819693
21.008905
21.194923
21.250262
21.403430
21.645878
21.827522
22.156515
22.292274
21.689717
21.688352
21.805421
21.901062
21.983452
21.579153
21.214394
20.701906
20.331961
20.148543
19.926241
19.781036
19.689227
19.997826
20.845199
21.528994
22.330595
22.760500
23.180960
23.393714
21.339156
19.562229
17.697547
15.931873
14.488123
13.035405
12.038452
11.584514
11.437081
11.787542
12.056237
12.369087
12.751066
13.506487
13.493436
13.386616
13.291370
13.754083
14.429569
14.894149
15.556502
15.599394
15.972037
16.382442
16.962342
16.984680
16.887484
17.353282
18.004117
18.385094
18.895239
19.289660
19.979437
20.272697
20.476140
20.636815
20.578765
20.353257
20.048710
20.025378
20.382871
20.374177
20.279635
20.009020
19.659481
19.696375
19.867724
19.859976
19.402801
19.024507
18.486647
18.116303
17.521845
17.089806
16.640710
16.237548
15.803996
15.367775
14.626972
14.168674
13.989825
13.921681
14.022772
13.886512
13.808187
13.144033
12.691961
12.107642
11.496514
10.937542
10.315296
9.765503
8.997077
8.505024
8.258484
7.819143
7.636945
7.725984
8.422160
9.223959
10.574241
11.943176
13.412032
14.909056
14.282801
15.092881
16.133012
17.072985
17.670413
17.939140
18.071737
18.133631
18.262093
18.137160
18.027786
18.173215
18.315350
18.245365
18.247328
18.223948
17.920173
17.662845
17.279246
16.763666
16.294057
16.379915
16.196643
16.522748
16.849172
17.388092
18.098912
18.852481
19.687047
20.558427
21.072993
21.259061
20.724807
20.061304
19.529590
19.572281
18.996329
18.389900
18.534341
18.752034
18.428220
17.798276
17.135984
16.544556
15.898043
15.343872
14.400528
13.803925
13.262323
13.395764
13.364572
12.767019
12.305599
11.891227
11.450356
11.057200
10.498369
10.150813
9.859850
9.501275
9.195211
8.709152
8.442029
8.165572
7.967609
7.979237
8.394039
8.683415
9.074370
9.590036
10.452212
11.427591
12.261467
12.444076
12.314454
12.404846
12.738380
12.937615
13.220326
13.491329
13.721833
13.919498
14.240950
14.680175
15.094763
15.532443
15.929845
15.943923
15.640189
15.413677
15.380054
15.269420
15.240186
15.148773
15.291950
15.518909
15.673391
15.850915
16.547208
16.888174
17.412216
18.011887
18.164871
18.229292
18.050493
17.982867
18.116471
17.921286
17.396104
17.308008
16.865042
16.590375
15.980411
15.546018
14.861739
14.322071
14.114495
13.755173
13.580754
13.311175
13.034671
12.643472
12.301001
11.979781
11.325772
10.915505
10.363414
9.537800
9.087454
8.792143
8.664677
8.707547
9.310671
9.625310
10.465855
