80
12690
12940
13260
13540
13800
14090
14370
14690
15000
9890
12680
12960
13270
13530
13830
14100
14390
14660
15000
9870
12670
12930
13220
13520
13790
14080
14410
14660
15030
9850
12640
12910
13180
13480
13760
14110
14390
14640
14940
9850
12690
12940
13280
13690
13800
14040
14380
14680
14980
9870
12650
12940
13220
13490
13790
14120
14360
14660
14990
9840
12630
12960
13230
13510
13760
14130
14380
14660
14960
9870
12640
12930
13230
13490
13780
14170
14410
14790
15070
9900
12640
13000
13260
13530
13770
14060
14350
14670
15000
9880
12650
12890
13220
13460
13790
14050
14370
14640
14940
9850
12610
12920
13230
13610
13810
14140
14340
14690
15000
9870
12670
12970
13210
13500
13820
14060
14350
14640
14920
9840
12620
12920
13220
13470
13840
14030
14340
14750
14990
9850
12610
12910
13230
13510
13800
14070
14400
14610
14900
9860
12680
12920
13200
13570
13800
14090
14380
14670
14950
9880
12670
12910
13240
13520
13750
14050
14340
14700
14950
9850
12720
12960
13200
13490
13880
14150
14400
14710
15030
9870
12680
12950
13220
13480
13820
14080
14360
14660
14960
9870
12670
12970
13260
13560
13860
14120
14510
14720
14950
9870
12590
12900
13160
13490
13780
14070
14320
14620
14910
9870
12620
12900
13230
13500
13790
14080
14350
14700
14940
9850
12660
12920
13210
13480
13870
14060
14390
14650
14980
9850
12620
12900
13210
13490
13760
14050
14340
14620
14920
9860
12640
12890
13200
13450
13740
14060
14290
14600
14930
9840
12650
12970
13220
13500
13780
14080
14330
14660
14950
9820
12680
12890
13190
13450
13740
14060
14350
14600
14940
9850
12620
12960
13310
13470
13820
14070
14350
14660
14930
9840
12620
12920
13230
13480
13760
14050
14350
14660
15040
9840
12620
12880
13160
13440
13760
14120
14410
14660
14950
9820
12610
12900
13170
13520
13760
14030
14300
14640
14890
9820
12600
12850
13170
13490
13720
14010
14300
14610
14930
9800
12570
12850
13160
13420
13710
14030
14300
14630
14910
9830
12650
12890
13170
13460
13730
14030
14340
14630
14910
9810
12570
12860
13150
13430
13730
14010
14290
14670
14930
9840
12580
12890
13160
13440
13740
14010
14330
14650
14930
9850
12600
12890
13170
13470
13780
14040
14290
14620
14920
9830
12590
12890
13160
13480
13730
14010
14340
14700
15000
9900
12720
12940
13280
13550
13860
14150
14500
14800
15190
9970
12860
13150
13450
13730
13990
14320
14640
14970
15290
10030
12770
13060
13310
13510
13800
14100
14430
14750
15040
9910
12660
12940
13280
13620
13990
14160
14440
14750
15040
9940
12650
12970
13270
13560
13890
14220
14530
14890
15270
9970
12690
13040
13370
13730
13970
14290
14620
14950
15240
10000
12680
13020
13320
13600
13930
14340
14610
14940
15270
9950
12730
12960
13320
13590
13920
14260
14640
14890
15250
9950
12690
13090
13350
13730
14150
14550
14890
15340
15750
10020
12940
13360
13800
14110
14450
14870
15190
15520
15870
10050
12840
13150
13540
13850
14090
14520
14810
15140
15520
10000
12800
13050
13390
13740
14080
14450
14880
15120
15480
9990
12750
13060
13400
13850
14170
14540
14890
15280
15650
10010
12730
13070
13490
13790
14160
14590
14880
15310
15740
10040
12760
13200
13570
13930
14380
14740
15100
15500
15830
10050
12840
13280
13670
14030
14510
14880
15240
15710
16270
10070
12840
13300
13730
14040
14430
14820
15270
15580
15990
10010
12780
13080
13480
13850
14210
14590
15000
15420
15770
10040
12770
13180
13550
14030
14470
14960
15430
16090
16790
10080
