2.133362 1.986129
2.167586 1.993160
2.195939 2.021996
2.192339 2.072411
2.213707 2.158207
2.260060 2.285902
2.210137 2.360254
2.107210 2.360371
2.067662 2.325217
2.021440 2.409537
2.051695 2.547479
2.035956 2.693793
2.084810 2.775485
2.159223 2.870482
2.206248 2.842896
2.501700 3.194202
3.044890 3.721716
3.714140 4.331769
3.984400 4.691362
4.251785 4.964000
4.380413 5.072361
4.354945 5.152559
4.284496 5.093300
4.195503 5.052165
4.226788 5.046613
4.120794 5.022641
4.039798 5.032607
3.997368 4.922363
4.028752 4.785405
3.893238 4.627306
3.845707 4.394197
3.772055 4.260749
3.588731 3.993320
3.562875 3.517123
3.462391 3.331420
3.170862 3.273415
3.115498 3.151160
3.035911 3.054395
2.876621 3.068913
2.969591 3.112118
3.036669 3.114362
3.143613 3.306680
3.425839 3.670360
3.712985 4.074282
3.861470 4.330132
3.820748 4.375273
3.888096 4.409479
4.028367 4.605047
3.895100 4.773899
3.933127 4.968111
3.850504 5.088980
3.773420 5.252272
3.819778 5.397461
3.908200 5.570736
3.797951 5.586339
3.611724 5.526249
3.637844 5.452342
3.623087 5.273244
3.692643 5.048812
3.588468 4.984943
3.618558 4.904278
3.778215 4.794599
3.749043 4.732306
3.796289 4.617980
3.664525 4.451751
3.309503 4.231406
3.151620 4.001357
2.687244 3.671647
2.277094 3.191949
2.083815 2.929817
2.024912 2.774088
1.856851 2.607214
1.833794 2.516103
1.902358 2.562568
2.008089 2.669191
1.915928 2.730241
2.072536 2.859783
2.235125 2.998931
2.649804 3.355349
2.849689 3.532281
3.331570 3.940663
4.079901 4.508157
4.942838 5.291513
5.442763 5.657491
5.965431 5.924911
5.894376 5.860381
5.736403 5.854957
5.403979 5.725927
5.130952 5.523065
4.832558 5.266409
4.565904 5.060346
4.531521 5.103324
4.503695 5.063871
4.461571 4.925121
4.283014 4.860922
4.126996 4.620654
3.991455 4.279378
3.827755 4.077457
3.506902 3.670176
3.342565 3.641399
3.195673 3.399720
2.789454 3.077261
2.692502 2.715821
2.428713 2.618008
2.545054 2.720649
2.542261 2.732241
2.783722 3.009695
3.221800 3.408139
3.552472 3.753615
3.743376 3.969743
3.754976 4.034647
3.639557 3.965380
3.465235 3.857810
3.343695 3.766756
3.361802 3.717120
3.577915 3.921779
4.635991 5.025154
5.306416 5.625253
5.532059 5.897929
5.778514 6.061916
5.882935 6.179263
6.021274 6.122410
5.981011 5.999001
5.873779 5.918691
5.812946 5.907142
5.784675 5.871072
5.770298 5.889739
5.533519 5.636155
5.339759 5.294038
5.084716 5.085113
4.742844 4.842500
4.267625 4.570620
3.803072 4.166371
3.456197 3.884313
3.099858 3.609107
2.754618 3.310220
2.961453 3.597613
3.184447 3.934051
3.538869 4.472287
4.295046 5.322990
4.919403 6.034459
5.100581 6.138761
5.117267 6.273241
5.191879 6.355459
5.206667 6.488407
5.276712 6.584329
5.564867 7.006036
6.032687 7.560731
6.454941 7.896071
6.763372 8.107658
6.937165 8.317916
7.194724 8.593691
7.600856 9.038260
7.454907 9.136386
7.352986 9.231209
7.079136 9.205979
6.816485 9.222075
6.457911 9.012089
6.120340 8.764443
5.723387 8.474391
5.369109 8.153499
5.091975 7.680056
4.761346 7.361933
4.469445 6.940513
4.120851 6.420298
3.798681 5.943885
3.674536 5.723745
3.577419 5.454200
3.605483 5.547478
3.779310 5.714086
4.070108 6.075364
4.507814 6.469230
4.578272 6.694797
4.427247 6.608650
4.388734 6.748034
4.399796 6.876988
4.197388 6.765083
4.378090 6.994813
4.391377 7.205068
4.159271 6.906590
3.971331 6.453165
3.711373 5.834953
3.474413 5.228868
3.305011 5.032344
3.157405 4.805740
3.480925 5.785807
3.596522 6.302124
3.548462 6.408787
3.619065 6.378559
3.507766 6.135390
3.388376 5.607809
3.356826 5.288420
3.325317 4.980314
3.488631 5.109422
3.737529 5.500082
4.040634 6.072857
4.380630 7.049575
4.666533 8.075237
4.984539 8.743841
5.213431 9.423094
5.426641 9.753600
5.579794 10.184678
5.656073 10.541848
5.894210 10.925791
6.332319 11.378819
6.262671 11.133276
6.269478 10.841499
6.209119 10.614301
6.195870 10.372168
6.156805 10.258043
6.139154 10.311234
6.163699 10.380478
6.090555 10.352613
5.909954 10.305285
5.684479 9.770359
5.427874 9.157695
5.264043 8.579471
4.990828 7.902465
4.767381 7.019437
4.414309 6.170205
4.194894 5.408192
3.741934 4.615082
3.410085 4.174616
2.994284 3.819081
2.788877 3.628327
2.529097 3.485211
2.483985 3.265664
2.402537 3.054311
2.431093 3.101818
2.434815 3.224394
2.593604 3.587981
2.790700 3.974125
2.912509 4.094442
2.972990 4.159046
2.938368 4.179158
2.997981 4.094448
3.043278 4.067786
3.076798 4.039207
3.174931 3.959612
3.397877 4.127448
3.771704 4.530752
4.175220 5.066997
4.564178 5.762388
4.744050 6.117443
4.933095 6.540178
5.146628 6.869438
5.424005 7.190285
5.638722 7.444137
5.733235 7.659864
5.954992 7.954028
6.219788 8.236830
6.572388 8.490034
6.806867 8.554484
6.812555 8.341350
6.854258 8.122117
6.745001 7.718153
6.467015 7.052343
6.227266 6.471998
5.837845 6.009795
5.434388 5.540445
5.042171 4.978156
4.448755 4.477753
3.809633 4.055817
3.549634 3.854780
3.111358 3.661009
2.627105 3.546330
2.376028 3.293927
2.153589 3.167114
1.975314 3.101935
1.844215 3.057890
1.823938 3.025505
1.789820 3.095479
1.786825 3.264392
1.827361 3.289040
1.985837 3.193738
2.149901 3.480180
2.346346 3.831725
2.189469 3.600890
2.112072 3.278362
2.172623 3.014406
2.378965 3.086373
2.596021 3.066882
2.884797 3.144992
3.320930 3.447788
3.931209 3.874277
4.398819 4.157002
5.067617 4.638470
5.684688 5.110982
6.146741 5.503670
6.492398 5.717579
6.912947 5.915955
7.321562 6.019034
7.837264 6.222705
8.454101 6.486894
8.866008 6.601716
9.196035 6.540594
8.777894 6.383100
8.460961 6.449695
7.267832 5.917627
6.075747 5.290578
5.193455 4.873770
4.244788 4.348213
3.794150 4.073336
3.539727 4.171086
3.371199 4.068156
3.305064 3.935809
3.169148 3.794517
3.052005 3.765287
2.836132 3.721152
2.492027 3.370939
2.259048 3.222572
2.021146 2.965772
1.809560 2.830268
1.721381 2.720756
1.733209 2.478243
1.681800 2.451507
1.786754 2.353967
1.852486 2.431204
1.936251 2.477191
1.963966 2.544598
2.051113 2.703360
1.988960 2.741646
1.924588 2.731690
1.731804 2.963906
1.565386 3.030779
1.687925 3.056516
1.922831 3.300171
2.015316 3.397018
2.144210 3.507213
2.181363 3.357212
2.214675 3.149287
2.481767 3.301903
3.032390 3.988253
3.218265 4.947045
3.180080 5.614094
3.205043 6.152371
2.963874 6.624836
2.834509 6.989723
2.829741 7.405648
2.844230 7.839837
3.139789 8.279039
3.422450 8.623419
3.447035 8.787469
3.506435 8.888648
3.588565 9.005763
3.662754 9.113926
3.707322 9.230442
3.891832 9.384937
4.038027 9.455171
4.213808 9.403390
4.215780 9.423529
4.303106 9.610752
4.422710 9.835248
4.499001 10.275528
4.618203 10.679666
4.658691 11.111090
4.653113 11.221712
4.690004 11.364782
4.795177 11.513732
4.901415 11.716349
5.079191 11.845655
5.226452 11.923721
5.305040 11.986610
5.333067 12.062845
5.461973 12.152308
5.577095 12.190274
5.760050 12.161220
5.761581 12.204324
5.776087 12.235340
5.815028 12.342179
5.889556 12.433667
5.930954 12.670771
6.013179 13.064068
6.137809 13.616929
6.265957 14.061462
6.428881 14.483159
6.535898 14.665322
6.730578 14.965102
6.877361 15.105125
6.791449 15.155724
6.875983 15.367889
6.858320 15.398150
6.996707 15.365544
7.000298 15.445267
7.063749 15.429724
7.150263 15.430359
7.183618 15.414308
7.184077 15.365852
6.986905 15.474357
7.072683 15.470764
7.094004 15.448680
7.095393 15.403704
6.813364 14.436827
6.475124 13.493056
6.103494 12.740023
6.032989 12.202497
5.959105 11.957631
5.676888 11.906986
5.780765 11.866267
5.821753 11.697697
5.836353 11.476540
5.894283 11.311515
5.858733 10.950516
5.845516 10.916187
5.786036 10.781821
5.866528 10.810603
5.745752 10.440436
5.572776 9.919047
5.148229 9.518303
5.125642 9.156599
5.105080 8.879631
5.060044 8.513103
5.013386 8.123232
4.961486 7.931325
5.190885 8.045657
5.403725 8.194215
5.665122 8.648334
6.216181 9.279284
6.667106 9.946295
6.780234 10.007565
6.827416 10.058932
6.856370 9.994794
6.798303 9.780946
6.843581 9.694096
6.864699 9.398491
6.856736 9.412082
6.931526 9.327231
6.530023 8.819106
6.026656 7.804569
5.236750 6.410189
4.641861 5.417355
4.240223 4.889414
3.475485 3.813398
3.088119 3.464532
2.984244 3.589821
2.882928 3.634296
2.608656 3.855829
2.621792 3.963445
2.650769 4.033018
2.545984 4.151154
2.647297 4.400681
2.677717 4.730678
2.705763 4.886519
2.739731 5.058918
2.723019 5.316200
2.735476 5.444185
2.799927 5.595239
2.909036 5.788287
2.964836 5.927280
3.113797 6.096043
3.200103 6.220359
3.298526 6.330649
3.469196 6.564678
3.629729 6.753017
3.711447 6.832937
3.978552 6.934531
3.980187 6.744853
3.733945 6.470265
3.561881 6.160000
3.601536 5.906400
3.658628 5.951314
3.603437 5.692741
3.459561 5.534593
3.369460 5.415211
3.213460 5.196373
3.055499 5.065339
2.783238 4.486272
2.624528 3.905321
2.445395 3.666381
2.402761 3.436674
2.401984 3.243321
2.333269 3.099149
2.425402 3.082445
2.489833 3.057596
2.829983 3.266856
3.010433 3.397845
3.080151 3.549740
3.125862 3.528807
3.422183 3.928005
3.719145 4.221690
3.956159 4.400034
3.984569 4.375432
4.037783 4.443706
4.403104 4.731908
4.747398 5.008644
5.087812 5.179646
5.453191 5.367006
5.540712 5.557041
5.434170 5.698497
5.261643 5.789784
5.346464 5.923354
5.545348 6.064052
5.671759 6.126495
5.665769 6.358611
5.883473 6.478213
5.835993 6.393486
5.764324 6.335111
5.819274 6.226617
5.830588 6.161691
5.874007 5.982894
6.448479 6.262301
6.726345 6.219793
6.664875 6.133602
6.487779 5.926950
5.840072 5.392283
5.022487 4.822272
4.076226 4.048853
3.503158 3.585553
3.260394 3.643792
2.691170 3.640499
2.119592 3.425743
2.152760 3.620274
1.981682 3.592313
2.030640 3.608552
1.922618 3.595283
1.833940 3.443983
1.553871 3.441227
1.547058 3.376127
1.503298 3.345827
1.427639 3.385087
1.373541 3.355750
1.412135 3.287660
1.376241 3.191245
1.295877 3.059675
1.305097 3.014232
1.208608 2.843417
1.231592 2.780136
1.189020 2.742742
1.228556 2.654338
1.239273 2.602643
1.280846 2.473933
1.303652 2.354854
1.371054 2.277414
1.405606 2.267156
1.324199 2.119630
1.318565 2.109413
1.325670 2.055568
1.387323 2.059261
1.510396 2.135657
1.679806 2.249867
1.921785 2.491703
2.144189 2.615023
2.272032 2.683894
2.387724 2.661392
2.429911 2.673163
2.549767 2.752210
2.794511 2.895146
3.053046 3.056153
3.488069 3.218229
3.817822 3.407463
4.125931 3.521362
4.187099 3.593741
4.210003 3.635898
4.133252 3.596004
3.916280 3.560951
3.458380 3.450318
3.222426 3.288821
2.778294 3.211165
2.435178 3.188370
1.868085 3.553024
1.720846 3.647866
