0.190329
0.298947
0.499196
0.494011
0.526960
0.598971
0.549969
0.520959
0.714835
0.761839
1.012481
1.109310
1.283331
1.607762
1.446544
1.004926
0.485667
1.261494
2.302039
3.005653
3.151491
3.478745
3.704250
3.855875
4.086344
4.681379
5.090392
5.590138
5.979438
6.368221
6.713795
7.160757
7.595370
8.278274
8.637019
9.190456
9.638462
10.049322
10.283831
10.649789
11.096096
11.441457
12.024042
12.462018
12.698723
12.653782
12.598609
12.594482
12.591771
12.495893
12.541430
12.571488
12.679389
12.426940
11.995866
11.361401
10.769655
10.390960
9.989387
9.614268
9.236049
8.881258
8.626269
8.011312
7.606045
7.256258
6.754346
6.325190
5.742693
5.504795
5.255063
4.921439
4.480799
4.280666
3.833095
3.620980
3.628926
3.482437
2.582567
2.256254
2.045650
1.988839
2.009638
2.436968
3.096214
3.892494
4.382592
4.627076
4.960584
5.240053
5.574048
6.108640
6.300165
6.459554
6.890342
7.394757
7.795680
8.154887
8.728503
9.294726
9.950020
10.330532
10.666419
11.050424
11.592268
11.882104
12.209777
12.682575
13.069926
13.437818
13.844588
13.721489
13.639335
13.549278
13.584524
13.489308
13.463208
13.626384
13.724324
13.857883
14.121312
13.473575
12.959409
12.740499
12.419139
11.885695
11.548795
11.256691
10.798602
10.426758
10.059786
9.516100
9.173419
8.889254
8.598145
8.112560
7.852974
7.577929
7.149569
7.025031
6.946866
6.532792
6.278706
6.224821
6.023780
5.928328
5.538758
4.761513
4.283120
4.133577
4.490016
4.878691
5.497015
6.199724
6.546592
7.097042
7.702459
7.985070
8.243342
8.534255
9.105858
9.393697
9.768094
10.339871
10.719171
11.005876
11.458409
12.052438
12.610636
13.286794
13.694395
13.624463
13.602778
13.952417
14.272847
14.678413
14.983027
15.496610
15.847876
16.060551
15.974213
15.931579
15.989019
16.050043
15.942598
15.802393
15.666232
15.820079
15.910303
16.037958
16.350103
16.774423
16.965773
17.286809
17.539696
17.924593
18.451530
18.747171
19.322712
19.859897
20.182464
20.916383
21.696990
22.124454
22.103571
22.420822
22.188999
21.750553
21.126884
20.929176
20.685077
20.020153
19.662911
19.412341
19.339412
19.106808
18.815327
18.590585
18.366645
17.994400
17.742705
17.714703
17.659593
17.128410
16.142957
15.757808
15.518637
15.427070
15.269847
15.097307
15.603865
15.802767
16.079747
16.472465
16.821464
17.074168
17.283791
17.612367
18.142112
18.467345
18.921299
19.389887
19.725096
19.676733
19.627338
19.994284
20.341168
20.874262
21.214079
21.338117
21.770423
22.209805
21.652463
21.069285
20.775364
20.377546
20.077985
19.733764
18.806647
18.280865
17.402133
17.064705
16.499525
15.991337
15.625360
15.286798
14.623715
14.140605
13.797162
13.278698
12.935719
12.354932
12.016498
11.939189
11.982652
12.398627
12.761130
13.378273
13.731505
14.051745
14.460975
14.756864
15.072345
15.427501
15.985955
16.511881
16.865400
17.169527
17.596515
17.875075
18.369917
18.434202
18.538231
18.428367
18.619144
18.826268
18.999320
19.130184
19.006396
19.229921
18.843022
18.469025
18.203476
17.596564
17.513110
17.460907
16.609565
16.195414
15.548819
15.238203
14.640468
14.172393
13.812364
13.342118
12.974505
12.583125
11.868093
11.277982
11.064275
10.882027
10.612708
10.484193
10.630890
11.084361
11.394845
11.884933
12.473604
12.927893
13.401882
13.871365
14.232761
14.683886
15.275519
15.805249
16.527076
17.409445
18.382016
18.990023
19.722700
20.187497
20.757343
21.700789
21.767564
21.572398
21.484692
21.459665
21.146930
20.726262
20.690450
20.940292
21.277120
22.007387
22.370492
22.784581
23.278523
23.875056
24.032758
24.079308
24.252647
24.795810
25.387766
25.905357
26.578078
26.788939
27.461154
27.977816
28.617186
28.731742
29.076816
29.600567
30.384337
30.853037
31.552274
31.962341
32.579011
33.078145
33.596691
34.324707
34.849441
35.346523
35.662083
36.038137
36.955058
36.813262
36.526060
35.885916
35.363371
35.380574
35.374708
35.295572
34.814912
34.402132
34.050555
33.637279
33.062509
32.679580
32.306035
31.923939
31.496219
31.212337
30.677906
30.363951
30.395738
30.534933
30.499322
30.664255
30.686857
30.322814
30.134079
29.785540
29.264329
28.873201
28.485562
28.190544
27.932623
27.684369
27.513637
27.320255
27.033351
27.066227
27.318660
27.245179
27.459316
27.768691
28.246271
28.664671
28.290148
28.059275
27.766073
27.483065
27.544043
27.583764
27.735898
27.611042
27.687940
27.785052
28.058030
28.687759
29.077041
29.407582
29.841020
30.464018
30.680541
31.319044
31.757035
32.146589
32.620264
33.284548
33.689997
34.397806
34.939543
35.572727
36.252394
37.011380
37.835249
38.689998
39.425025
39.777654
39.787955
39.814152
39.697211
39.844481
39.479458
38.727006
38.655083
38.592052
38.173540
37.452992
36.803399
36.371994
35.808311
35.339846
34.817626
34.462894
34.084124
34.149224
33.964247
33.368665
32.951449
32.611526
32.288255
31.982364
31.438843
30.957516
30.482245
29.976872
29.504336
29.045198
28.671850
28.248105
27.810390
27.608814
27.515720
27.537205
27.482285
27.581812
27.690358
27.911780
28.122172
27.857285
27.601809
27.486120
27.489364
27.532240
27.656579
27.761506
28.040367
28.185732
28.537209
29.132413
29.582187
29.961621
30.267792
30.585038
30.551929
30.596435
31.081267
31.557606
31.933683
32.311939
32.705973
33.284268
33.567043
33.768601
34.387192
34.700819
35.100371
35.696125
36.117696
36.755411
37.133984
37.553819
37.773871
37.555989
36.872203
36.810008
36.283818
35.840903
34.965547
34.387529
33.501408
32.845188
32.384226
31.678879
31.284156
30.789171
30.367053
29.835483
29.352201
28.931924
28.359231
27.990231
27.736405
27.264916
26.838126
26.426458
25.970666
25.353989
25.081535
24.075308
22.974484
