30
4240
4300
4400
4490
4590
4690
4790
4880
4980
3280
4210
4300
4400
4500
4590
4690
4790
4890
4990
3270
4210
4300
4390
4490
4600
4710
4810
4910
4980
3320
4220
4330
4410
4540
4610
4710
4800
4960
5000
3290
4220
4330
4400
4510
4600
4700
4790
4890
4990
3300
4230
4330
4410
4540
4630
4740
4810
4900
5010
3310
4230
4360
4420
4540
4620
4750
4850
4970
5050
3330
4270
4350
4510
4550
4640
4770
4870
4940
5040
3310
4250
4380
4430
4570
4630
4740
4830
4930
5030
3310
4280
4390
4460
4570
4650
4740
4850
4950
5080
3290
4240
4330
4430
4510
4620
4720
4810
4920
5020
3310
4250
4350
4450
4550
4640
4740
4840
4930
5030
3300
4240
4340
4450
4570
4630
4720
4820
4940
5020
3320
4260
4360
4450
4550
4650
4760
4850
4940
5040
3320
4260
4340
4480
4570
4640
4690
4830
4930
5040
3330
4270
4370
4470
4590
4660
4750
4840
4950
5070
3330
4280
4380
4470
4570
4640
4760
4840
4960
5040
3320
4260
4360
4450
4550
4650
4740
4840
4950
5030
3320
4260
4350
4460
4560
4660
4760
4850
4960
5050
3320
4270
4350
4480
4560
4660
4770
4870
4950
5040
3310
4240
4350
4450
4540
4640
4740
4830
4940
5020
3330
4260
4350
4450
4540
4650
4740
4850
4940
5040
3310
4260
4370
4470
4590
4660
4790
4850
4980
5050
3310
4240
4350
4440
4560
4660
4760
4880
4940
5060
3320
4280
4400
4460
4560
4680
4750
4840
4950
5020
3340
4260
4390
4480
4540
4650
4740
4840
5000
5070
3330
4270
4350
4480
4560
4680
4780
4860
4950
5100
3320
4260
4350
4470
4580
4650
4740
4840
4920
5020
3310
4260
4370
4450
4540
4640
4770
4850
4940
5040
3320
4270
4380
4470
4560
4680
4750
4840
4950
5040
3320
4300
4390
4510
4580
4670
4770
4860
4910
5060
3330
4280
4400
4460
4570
4620
4760
4850
4980
5050
3320
4270
4380
4460
4550
4640
4770
4840
4940
5040
3320
4260
4360
4450
4550
4670
4740
4860
4970
5040
3320
4270
4360
4470
4550
4680
4770
4870
4950
5060
3320
4250
4350
4460
4540
4630
4730
4850
4950
5050
3300
4200
4370
4420
4540
4610
4730
4810
4930
5010
3320
4240
4340
4440
4530
4630
4720
4820
4930
5030
3310
4250
4340
4440
4540
4640
4740
4840
4940
5040
3320
4250
4340
4440
4540
4630
4730
4840
4920
5170
3370
4380
4400
4460
4550
4670
4760
4830
4980
5130
3350
4250
4330
4490
4580
4660
4740
4810
4950
5030
3340
4230
4450
4500
4610
4660
4770
5000
5010
5060
3320
4280
4350
4470
4550
4640
4740
4840
4940
5040
3330
4370
4410
4550
4640
4750
4860
4960
4940
5040
3340
4280
4370
4470
4570
4700
4710
4850
4960
5050
3330
4250
4450
4440
4550
4650
4730
4820
4920
5020
3350
4280
4380
4460
4620
4720
4750
4900
4930
5040
3310
4280
4440
4540
4610
4710
4760
4840
4950
5050
3320
4240
4370
4450
4540
4680
4710
4810
4900
5080
3360
4310
4410
4480
4580
4710
4750
4840
4920
5040
3320
4260
4340
4440
4530
4640
4710
4830
4910
4990
3310
4270
4330
4440
4550
4650
4720
4840
4950
5010
3320
4250
4340
4430
4530
4620
4710
4810
4930
5020
3310
4240
4340
4430
4520
4600
4710
4790
4930
5020
3330
4250
4330
4440
4540
4640
4720
4860
4950
5050
3250
