2.015867 2.004882
1.961487 1.923045
1.805556 1.812020
1.820226 1.873529
1.771081 1.875419
1.621892 1.937044
1.621641 2.025927
1.548309 2.067333
1.488328 2.066183
1.466505 2.127452
1.504909 2.266374
1.615852 2.369039
1.649183 2.472211
1.745002 2.573978
1.874245 2.689098
2.404671 3.276933
3.148545 3.974051
3.659575 4.266685
3.696235 4.231336
3.837258 4.098980
3.689685 3.918108
3.538810 3.716095
3.348187 3.547507
3.161823 3.302049
3.117123 3.210719
3.241730 3.302289
3.394648 3.215515
3.901929 3.571528
4.181800 3.748674
4.388288 3.918496
4.645969 4.064649
4.697264 3.970022
4.658632 3.944036
4.696090 3.900540
4.845244 3.991049
4.822768 4.010850
4.949637 4.105282
4.969750 4.146736
5.028050 4.149315
4.981848 4.112195
5.116218 4.232887
5.265165 4.343661
5.386629 4.400212
5.545076 4.502756
5.559922 4.486215
5.446859 4.386860
5.481014 4.331871
5.659988 4.495463
5.728857 4.575789
6.040007 4.821446
6.323685 5.106515
6.245634 5.019510
6.103756 4.880888
5.878726 4.712122
5.712096 4.588274
5.695232 4.605663
5.739290 4.697880
5.814375 4.824907
5.904994 5.133836
6.248322 5.485621
6.504798 5.856392
6.627371 6.096132
6.597022 6.268499
6.798004 6.513026
6.879144 6.681293
6.858245 6.706607
6.867670 6.551082
6.768962 6.528217
6.676317 6.605593
6.580813 6.518203
6.468867 6.551430
6.243879 6.277965
6.079206 6.097107
5.831046 5.869091
5.671071 5.523750
5.536941 5.459960
5.347847 5.374836
5.203418 5.265808
5.459793 5.508952
5.529739 5.548442
5.708089 5.727718
5.766537 5.828244
5.783940 5.920219
5.484307 5.496761
5.171067 5.200645
4.881769 4.877760
4.520594 4.593990
4.488685 4.620441
4.471387 4.576638
4.268477 4.483974
4.148268 4.451493
3.927066 4.410758
3.502863 4.209529
3.342273 3.933161
3.216361 3.934427
3.107207 3.891006
3.133533 3.954371
3.296843 4.132215
3.415822 4.218784
3.569689 4.392881
3.801638 4.609490
3.881883 4.694582
3.935973 4.792828
3.938836 4.662582
4.051858 4.681651
4.051478 4.666552
4.283464 4.846440
4.593512 5.189304
5.073117 5.622228
5.395905 5.835183
5.496787 5.897555
5.396024 5.724145
5.301979 5.680836
5.157314 5.629477
5.013002 5.535366
4.954186 5.434996
4.921173 5.529622
4.881810 5.598698
4.792688 5.332045
4.775012 5.192969
4.707547 5.201955
4.498306 4.959347
4.327965 4.852738
4.173278 4.678242
4.044971 4.504535
3.978070 4.333455
3.850509 4.283732
3.890086 4.260343
3.928698 4.281650
4.075345 4.399600
4.265740 4.553071
4.239964 4.545478
4.299434 4.513554
4.258825 4.443192
4.085773 4.275449
4.082700 4.130591
4.268822 4.277142
4.501024 4.420331
4.874972 4.671321
5.520661 5.067106
5.965389 5.394529
6.060126 5.378102
6.132503 5.379496
6.086175 5.290927
6.110380 5.268813
6.059533 4.997377
5.879539 4.754526
5.858356 4.901689
5.672355 4.812012
5.504783 4.687540
5.509099 4.666176
5.301010 4.435040
4.963426 4.366530
4.690111 4.196967
4.602818 3.922852
4.620219 3.741184
4.567577 3.763505
4.709885 3.862724
4.853045 3.947891
4.940261 4.065374
4.845009 4.077956
4.843990 4.095133
4.682026 4.058686
4.564193 3.927071
4.425505 3.748680
4.324821 3.635271
4.202785 3.519720
4.088937 3.591202
3.867044 3.584656
3.839477 3.661208
3.951784 3.820812
3.926868 3.924844
3.761687 3.778095
3.493100 3.508756
3.207409 3.337570
3.162425 3.160928
3.091699 3.098701
3.067941 3.151916
2.977648 3.100956
2.944834 3.102694
2.897338 2.958918
2.897133 2.955766
2.923715 2.976387
2.820608 3.000299
2.736654 2.962285
3.090207 3.327999
3.358426 3.561514
3.552296 3.683780
3.503081 3.600542
3.321542 3.409197
3.170555 3.342737
3.190605 3.339410
3.414916 3.552727
3.910363 4.048187
4.592275 4.669984
5.321947 5.220331
6.035093 5.827043
6.741734 6.384270
7.261640 6.810787
7.694672 7.218465
7.971350 7.395113
8.099824 7.355946
8.019776 7.234926
7.920535 7.080428
7.640832 7.069619
8.329881 7.576339
9.085542 8.070193
9.509864 8.350143
9.926208 8.653661
10.189666 8.784873
10.340726 8.893726
10.363003 8.849944
10.263079 8.715567
10.131310 8.500936
9.858610 8.250355
9.633768 7.935620
9.269863 7.707436
8.989808 7.603298
8.774424 7.384809
8.460674 7.226368
8.442775 7.184618
8.084661 6.896541
7.519143 6.526793
7.050091 6.084418
6.381363 5.704890
5.877386 5.435891
5.366107 5.112084
4.833527 4.876230
4.806925 4.628153
4.355173 4.563338
4.519354 4.726145
3.326442 4.261928
2.753293 4.059065
2.568401 3.737266
2.523275 3.560793
2.571697 3.603597
2.612100 3.535488
2.821992 3.866199
3.159227 4.136255
3.617896 4.588329
4.096308 5.083639
4.527848 5.514264
4.968782 5.854635
5.218847 6.042128
5.368149 6.143025
5.514268 6.206188
5.590428 6.261737
5.677808 6.245572
5.666989 6.269723
5.577070 6.080667
5.335056 6.003271
5.284175 5.976774
5.178212 5.734014
5.194074 5.743218
5.181270 5.743217
5.182674 5.711208
5.174150 5.569275
5.031068 5.507481
4.850129 5.311206
4.747730 5.155521
4.621647 5.053377
4.538006 4.867644
4.363740 4.775554
4.212607 4.634247
4.230807 4.503989
4.237239 4.424601
4.264881 4.326912
4.336933 4.427549
4.475292 4.545597
4.637349 4.661839
4.724885 4.854304
4.546915 4.742268
4.483116 4.608811
4.293494 4.258555
3.997892 3.868877
3.876288 3.906351
3.768756 3.836817
3.613468 3.609011
3.326971 3.351610
3.146914 3.148638
3.225875 3.222610
3.311719 3.386598
3.276726 3.527559
3.433756 3.708437
3.755727 4.025829
3.958882 4.321433
4.388906 4.784102
4.917617 5.327882
5.373100 5.928371
5.699100 6.340077
5.914776 6.621596
5.992035 6.697462
5.963383 6.685039
6.058569 6.701177
6.038089 6.593618
5.882805 6.425428
5.966614 6.451226
6.201604 6.734886
7.179857 7.159662
7.566346 7.436982
7.726214 7.561475
7.783512 7.510918
7.710054 7.426621
7.684474 7.220875
7.218358 6.792893
6.784653 6.508878
6.348463 6.251872
6.194612 5.956861
5.832335 5.764226
5.550750 5.468137
5.388445 5.411488
4.944652 5.073419
4.560826 4.768372
3.961770 4.529438
3.725558 4.114173
3.575022 3.914615
3.428945 3.724764
3.391238 3.656031
3.490474 3.718114
3.372468 3.565273
3.380683 3.564319
3.168814 3.381389
2.872844 3.271010
2.783685 3.063594
2.623546 2.869236
2.498293 2.648399
2.416862 2.727828
2.501218 2.772544
2.743355 3.030137
2.985849 3.282775
3.207017 3.503189
3.505533 3.819418
3.971764 4.254085
4.518916 4.817775
5.036898 5.260895
5.538796 5.658577
5.977274 6.042169
6.312743 6.370082
6.689117 6.641827
7.084003 6.968369
7.512472 7.281764
7.735987 7.351609
7.579270 7.285899
7.497953 7.275284
7.362093 7.035875
7.092279 6.786410
6.826361 6.496805
6.717781 6.439804
6.911987 6.614072
7.076731 6.700181
7.088828 6.696527
6.862098 6.475924
6.482521 6.323110
6.502484 6.359534
6.366661 6.358609
6.413895 6.321652
6.213628 6.082745
5.977640 5.982249
5.453227 5.800808
5.405150 5.721752
5.272354 5.600216
5.039140 5.430827
4.726317 5.039333
4.297732 4.628567
4.129113 4.502125
3.971761 4.289551
4.016332 4.394631
3.619331 4.224244
3.477786 4.043597
3.356226 3.882965
3.289051 3.766087
3.357174 3.675718
3.542720 3.803088
3.758798 4.024681
4.059618 4.325667
4.654796 4.919835
5.031813 5.253230
5.461761 5.441117
5.787630 5.612559
5.997330 5.756363
6.286985 5.761359
6.119400 5.357177
5.883344 5.141587
5.471857 4.759493
5.093598 4.348883
4.770156 3.912744
4.743530 3.974850
4.585834 3.944274
4.385600 3.994683
4.254750 4.015638
4.164189 3.931108
4.028792 3.806501
3.827272 3.727642
3.703200 3.656538
3.724412 3.764782
3.815697 3.882749
3.969866 4.080306
4.160258 4.364654
4.399655 4.622368
4.676728 4.822141
4.869442 4.947782
4.819752 4.887006
4.717067 4.809588
4.537815 4.635697
4.320742 4.493819
4.230573 4.307457
4.041134 4.099450
3.878677 3.846834
3.639867 3.570532
3.510961 3.456264
3.428948 3.372223
3.249738 3.294840
3.085258 3.263287
2.990043 3.068261
3.053138 3.101129
3.091964 3.143636
3.159607 3.152988
3.521075 3.509584
3.816662 3.839418
3.902485 3.941390
3.861529 3.925614
3.776528 3.918122
3.434952 3.738121
3.262956 3.528712
3.076070 3.389395
3.056646 3.363417
3.182364 3.550591
3.286145 3.640575
3.352198 3.756141
3.335266 3.779557
3.291167 3.821071
3.171365 3.764739
3.263311 3.809987
3.290107 3.749240
3.233125 3.622261
3.137588 3.487703
3.197083 3.531389
3.226222 3.511492
3.150957 3.486951
3.136739 3.485529
3.154543 3.578650
3.235300 3.722951
3.271644 3.681311
3.510181 3.883400
3.705834 4.087461
3.751416 4.224857
3.733295 4.244078
3.921935 4.459676
4.070525 4.622302
4.240230 4.815894
4.314040 4.832087
4.539867 5.065378
4.861961 5.407100
5.211807 5.775761
5.701584 6.168413
6.094485 6.608441
6.369846 6.829030
6.482267 6.954237
6.787338 7.117074
6.998747 7.193502
6.919649 7.240571
6.719461 7.056863
6.210699 6.745066
5.853936 6.424840
5.280110 6.155387
4.914254 5.674501
4.627537 5.202737
4.345572 4.870266
4.190847 4.735873
3.992415 4.618812
3.842410 4.450119
3.448981 4.063696
3.374316 3.910612
3.232029 3.777720
3.372410 3.904974
3.319018 3.900555
3.328934 3.902080
3.283597 3.809340
3.457510 4.072318
3.677070 4.280534
3.686391 4.306104
3.521700 4.067365
3.405304 3.964021
3.378573 3.918350
3.403749 3.863894
3.469732 3.863182
3.489961 3.750609
3.471205 3.625851
3.521410 3.612790
3.551572 3.492617
3.546105 3.498866
3.522673 3.593226
3.517264 3.525056
3.604604 3.657716
3.695195 3.795385
3.368733 3.507522
3.202560 3.323458
3.195223 3.359142
3.101992 3.241856
3.023251 3.162803
3.088795 3.285273
2.929076 3.236645
2.867515 2.994574
2.782596 2.939840
2.702206 2.933607
2.741861 2.959289
2.838759 3.014977
2.849538 2.874470
2.841572 2.834413
2.857420 2.882294
2.920244 2.868360
2.960170 2.893147
2.978220 2.968111
3.103343 3.077102
3.151467 3.142303
3.143230 3.134260
3.154886 3.183795
3.255821 3.332408
3.595120 3.593944
3.947346 3.914040
4.211993 4.167678
4.361506 4.286030
4.441377 4.370721
4.456258 4.367709
4.510114 4.378617
4.647752 4.558629
4.793975 4.786547
5.147738 5.103100
5.339108 5.426567
5.575994 5.645951
5.895759 5.848611
6.017119 5.811095
6.003098 5.613693
5.625046 5.332433
5.288592 4.967565
5.054605 4.653743
4.739295 4.455876
4.534631 4.109139
4.255597 3.936378
4.068621 3.688433
4.022527 3.563811
3.788192 3.326800
3.584618 3.080325
3.499287 2.956898
3.436554 2.891003
3.389255 2.989593
3.466764 3.120702
3.604201 3.314286
3.882313 3.685811
4.172387 4.029223
4.306265 4.282547
4.337395 4.490217
4.310206 4.624123
4.250060 4.658140
4.288233 4.837980
4.445926 5.050284
4.521786 5.233779
4.558442 5.409866
4.586924 5.493347
5.141905 6.145824
5.686627 6.650435
