2.015867 2.004882
1.921380 1.948794
1.875392 1.921409
1.802923 1.893131
1.699717 1.859212
1.638134 1.938230
1.544010 1.994916
1.458093 1.975319
1.380929 1.922338
1.350449 2.000653
1.371375 1.961455
1.414244 2.037016
1.455469 2.178736
1.590901 2.395629
1.642935 2.383914
1.798957 2.496179
2.345165 3.115584
2.949322 3.810410
3.273853 4.292030
3.621080 4.652679
3.691959 4.728115
3.761662 4.752535
3.748243 4.785466
3.728369 4.708959
3.670680 4.697408
3.618594 4.552380
3.532695 4.469327
3.629445 4.563786
3.786101 4.741381
4.000887 4.972363
4.210629 5.147490
4.322357 5.224664
4.376058 5.180102
4.379771 5.102429
4.320267 4.953610
4.267659 4.730829
4.233946 4.671763
4.254574 4.420593
4.165942 4.288610
4.081456 4.350332
4.062893 4.415349
3.957585 4.325933
3.886492 4.287933
3.849570 4.298114
3.744799 4.064113
3.617513 4.028041
3.484148 3.879253
3.314969 3.680346
3.255370 3.579283
3.162447 3.475196
3.398591 3.686402
3.542490 3.820565
3.599056 3.912269
3.669079 3.961764
3.631461 3.962421
3.525015 3.929092
3.566090 3.930460
3.632628 3.933000
3.769891 4.028451
4.051927 4.219093
4.448172 4.507940
4.644489 4.687829
4.874506 4.849491
5.101974 5.043748
5.233148 5.117792
5.361051 5.220024
5.454006 5.232290
5.442974 5.207380
5.489371 5.293628
5.488340 5.238047
5.356110 5.292671
5.283288 5.223632
5.148229 5.152301
4.950473 5.007716
4.901227 5.035497
4.991832 4.964638
4.993887 5.015212
5.070043 5.087997
5.070172 5.188296
5.103052 5.242988
5.076259 5.173676
5.129802 5.249240
5.332566 5.428037
5.360749 5.467017
5.419653 5.520749
5.118641 5.495145
4.866072 5.388449
4.786710 5.214481
4.791917 5.222450
4.612154 5.106359
4.589270 5.049957
4.592742 5.074533
4.451049 5.014477
4.438996 4.851337
4.293950 4.808287
4.204644 4.833360
4.281568 4.762342
4.308109 4.747064
4.348235 4.845082
4.550937 5.056402
4.799374 5.322989
4.823696 5.383435
4.951642 5.442127
4.849728 5.502931
4.876510 5.398877
4.820809 5.473998
4.774515 5.463622
4.978030 5.657522
5.156586 5.769612
5.195767 5.733037
5.233074 5.659435
5.127296 5.504093
4.995537 5.265561
4.957982 5.111910
4.960659 5.001046
4.878023 4.818956
4.898740 4.821173
5.004995 4.955099
5.199851 5.087113
5.255159 5.122922
5.321055 5.228007
5.165895 5.268751
4.964405 5.151136
4.877921 5.129096
4.808059 5.084828
4.769426 5.059985
4.686208 5.085626
4.575462 5.087928
4.482184 4.774032
4.435796 4.814191
4.585406 4.976828
4.757982 5.147346
4.759685 5.018901
4.907329 5.169430
4.958786 5.235733
4.905932 5.081882
4.974881 5.103739
5.148414 5.248651
5.441339 5.594466
5.968006 6.005786
6.479240 6.488487
6.795229 6.794677
6.989316 6.930019
7.233615 7.056913
7.279173 6.943726
7.365890 6.813185
7.293993 6.795055
7.364445 6.785523
6.957683 6.561172
6.630301 6.461095
6.531985 6.282385
6.424135 6.056923
6.148254 5.826062
5.898404 5.419090
5.661508 5.126841
5.467181 4.966245
5.327329 4.717414
5.196015 4.535816
5.146007 4.569926
5.109323 4.482089
5.088049 4.514183
4.935949 4.403864
4.855944 4.327393
4.788969 4.344791
4.738249 4.343105
4.611763 4.180477
4.416114 4.175163
4.231552 4.199097
4.243338 3.966691
4.210268 3.912597
4.168345 3.876875
4.180678 3.661560
3.825332 3.798232
3.483075 3.600523
3.270914 3.487609
3.080864 3.291443
3.025879 3.267244
2.882450 3.263370
2.876642 3.195220
2.928506 3.094382
2.881847 3.072503
2.920270 3.015563
2.944061 3.070875
3.117812 3.153106
3.261654 3.296742
3.170798 3.218959
3.267257 3.319298
3.439833 3.486512
3.581167 3.591631
3.519605 3.591253
3.607469 3.473917
3.627486 3.440611
3.700122 3.512396
4.031722 3.910644
4.515534 4.494250
5.175309 5.105979
5.913440 5.736481
6.704834 6.312558
7.289392 6.726229
7.755427 7.051445
7.955540 7.034996
8.104840 6.924774
8.023978 6.783316
7.938285 6.520146
7.932592 6.362641
8.017088 6.471032
7.978846 6.412494
8.173271 6.680102
8.330765 7.017373
8.481732 7.411178
8.601679 7.599855
8.653909 7.641471
8.608315 7.621678
8.505719 7.501855
8.391759 7.380787
8.347116 7.309695
8.261848 7.077184
8.225726 6.993045
8.176631 6.953461
8.198112 7.014758
8.264458 7.126785
8.180506 7.199755
8.118313 7.109915
7.992500 6.989814
7.935203 6.898889
7.695809 6.656592
7.450949 6.396158
7.180118 6.273888
6.952802 6.062206
6.597810 5.934492
6.517286 5.937240
5.763877 5.301242
4.626685 4.238128
3.855426 3.590700
3.498529 3.218999
3.203689 2.856051
2.995155 2.787874
3.010780 2.921086
3.041659 3.007275
3.270788 3.306577
3.626925 3.766604
3.932278 4.167814
4.354082 4.567625
4.614437 4.811317
4.649445 5.005295
4.824280 5.143813
5.039921 5.306279
5.153002 5.356346
5.251303 5.440083
5.334293 5.546007
5.260691 5.535780
5.278189 5.422603
5.005715 5.316375
4.929656 5.205551
5.050315 5.392211
5.196037 5.527773
5.241126 5.557974
5.221282 5.550065
5.299228 5.489792
5.311139 5.347237
5.349448 5.269838
5.159642 5.201383
4.982572 5.009274
4.877566 4.954314
4.815291 4.942243
4.825009 4.930396
4.916326 5.035097
4.949655 5.147472
5.025986 5.253448
5.199349 5.431550
5.536788 5.830357
5.525115 5.807000
5.314274 5.671611
4.995785 5.233647
4.647374 4.788785
4.182196 4.513410
4.019836 4.349216
3.778433 4.234286
3.406517 4.080358
3.085813 3.771601
3.092345 3.768632
3.070962 3.660768
3.078426 3.600525
3.269056 3.741247
3.616104 4.006669
3.876273 4.181662
4.249022 4.529209
4.805051 4.900631
5.493887 5.381731
6.030090 5.703997
6.404380 5.885719
6.671285 5.970549
6.876071 6.033986
7.012866 6.187111
7.066363 6.249562
7.119504 6.297630
7.191928 6.341744
7.289817 6.407689
7.638830 6.675533
7.896711 6.956680
8.030087 7.032422
8.079357 7.082333
8.147190 7.096963
8.186920 7.043500
8.090631 6.873194
7.913911 6.698013
7.848718 6.473856
7.580582 6.333712
7.385845 6.117394
7.115864 5.923952
6.912923 5.839809
6.419022 5.308436
5.548871 4.798436
4.753265 4.175381
4.292925 3.878856
3.899366 3.751198
3.363719 3.733550
3.069118 3.666564
3.046798 3.458810
3.024476 3.330143
3.026259 3.279907
2.827486 3.025098
2.699497 2.665539
2.417161 2.285324
2.172248 2.051369
1.972639 1.977788
1.850074 2.071942
1.829254 2.089006
1.931471 2.168514
2.032436 2.306928
2.203345 2.466369
2.372680 2.664578
2.580751 3.006614
2.962998 3.371956
3.366185 3.854819
3.860012 4.324728
4.362523 4.683170
4.860291 4.928053
5.263502 5.235938
5.689781 5.495633
6.113693 5.750186
6.479516 6.057357
6.302864 6.003628
5.987999 5.889883
5.806206 5.769130
5.502557 5.629919
5.302029 5.532815
5.220643 5.418402
5.236320 5.412819
5.226775 5.393641
5.256317 5.428808
5.069853 5.317210
4.975791 5.270153
5.010497 5.337797
5.090317 5.334445
4.995153 5.467300
4.818504 5.325033
4.583017 5.074191
4.366496 4.846289
4.276989 4.730776
4.234800 4.651686
4.155189 4.536270
4.133046 4.397767
4.045720 4.211324
3.848408 4.064890
3.816247 3.929005
3.733003 3.825741
3.668129 3.674661
3.618385 3.626041
3.477457 3.532759
3.456159 3.399816
3.310846 3.267401
3.361929 3.233590
3.354812 3.281482
3.567624 3.527155
3.938015 3.955697
4.442432 4.398833
4.863748 4.786549
5.095230 5.001583
5.021956 5.063218
4.849312 5.042834
4.464801 4.565588
3.832182 3.966558
3.266926 3.267257
3.027059 2.918902
2.692393 2.726765
2.555571 2.692175
2.537870 2.668110
2.380590 2.554758
2.346019 2.565673
2.217547 2.432252
2.092758 2.317850
2.026089 2.263861
1.986195 2.176680
2.155917 2.265637
2.332076 2.379506
2.571834 2.627374
2.847093 2.896889
3.140523 3.228384
3.462010 3.510118
3.712103 3.744294
3.858784 3.884236
3.757637 3.770486
3.670093 3.639776
3.471551 3.656735
3.472258 3.517041
3.291317 3.314183
3.186394 3.331443
3.130998 3.277927
3.020835 3.282339
2.976305 3.266190
3.026991 3.273514
3.049845 3.249280
3.155706 3.315875
3.483818 3.540962
3.715871 3.725513
4.096275 4.048516
4.606268 4.521247
5.103286 5.103934
5.469789 5.523296
5.723703 5.731570
5.700146 5.819252
5.586056 5.688599
5.416919 5.525600
5.312337 5.413268
5.277378 5.263774
5.380267 5.320330
5.326810 5.117900
5.324766 4.967035
5.388403 4.935069
5.291395 4.891845
5.172679 4.811250
5.141726 4.680626
5.041739 4.646886
4.884587 4.503536
4.634418 4.220466
4.560685 4.225746
4.514968 4.135395
4.311607 3.983154
4.204951 4.002631
4.143670 3.934397
4.124659 3.991994
4.194518 3.993547
4.296422 4.170515
4.435153 4.304727
4.573414 4.406018
4.676385 4.540283
4.855658 4.665958
5.021890 4.786121
5.254241 4.925787
5.417000 4.999878
5.540773 5.108563
5.669494 5.303394
5.962806 5.533636
6.356077 5.873079
6.745265 6.257079
6.970248 6.613462
7.334856 6.878798
7.535582 7.209028
7.701784 7.414991
7.704501 7.455268
7.518489 7.310735
7.317011 7.027791
7.081171 6.686267
6.904606 6.437232
6.591834 5.789848
6.387066 5.499655
6.187975 5.357174
5.979288 5.043032
5.904584 4.916403
5.863486 4.897270
5.652669 4.603185
5.403762 4.361186
5.121187 4.253364
4.962098 4.273477
4.947012 4.098345
4.904135 4.046448
4.728630 3.827942
4.631696 3.748243
4.572491 3.637975
4.485120 3.556449
4.345863 3.379296
4.118289 3.214291
3.959241 3.086052
3.799362 3.041032
3.707458 3.034569
3.696442 3.087014
3.703650 3.204759
3.667565 3.326041
3.654012 3.398791
3.696787 3.537042
3.783034 3.564572
3.729448 3.574879
3.861630 3.768600
4.046343 3.695249
3.765870 3.614478
3.641251 3.549438
3.623257 3.553614
3.691606 3.637531
3.619650 3.600358
3.470538 3.439298
3.509039 3.475908
3.493085 3.521540
3.341827 3.478015
3.279290 3.440069
3.289139 3.456188
3.272016 3.481223
3.218759 3.478107
3.210426 3.465455
3.270992 3.398476
3.248693 3.406838
3.294583 3.443704
3.293290 3.452132
3.339064 3.442070
3.366933 3.390682
3.326681 3.455288
3.419681 3.463070
3.456056 3.545159
3.627749 3.672214
3.888095 3.887214
4.192691 4.128741
4.444004 4.338434
4.669016 4.515173
4.809702 4.575216
4.861700 4.739934
5.023308 4.786746
5.183286 4.794319
5.431893 5.038438
5.671137 5.329363
6.048086 5.662756
6.261146 5.922512
6.304082 6.134405
6.128655 6.184997
5.859101 6.162678
5.608997 5.872880
5.532683 5.679304
5.339489 5.408908
5.151317 5.164133
4.917597 4.993001
4.844751 4.819411
4.866428 4.704720
4.739484 4.506107
4.541606 4.387587
4.410365 4.210656
4.175842 3.970778
4.097638 3.908616
3.982058 3.908472
3.912981 3.817506
3.932418 3.799197
3.970625 3.759217
3.898567 3.721553
3.965752 3.849698
4.057455 4.010498
4.141137 4.055962
4.286864 4.254010
4.490167 4.471229
4.684684 4.679702
4.925752 4.951858
5.166751 5.180368
5.481778 5.623214
5.967899 6.313253
