1.996463 1.992148
1.978660 2.003962
1.988408 2.046037
2.008135 2.122789
2.016868 2.220610
2.038095 2.369698
2.063782 2.523203
2.115414 2.691313
2.197142 2.895247
2.285569 3.103946
2.164061 3.125430
2.092093 3.248194
2.078256 3.288703
2.188738 3.318560
2.210346 3.182353
2.252199 3.121539
2.515977 3.343050
3.074680 3.720348
3.497572 3.984682
3.898738 4.379859
4.097447 4.545686
4.387338 4.679198
4.616018 4.883157
4.757230 4.971588
5.012548 5.157576
5.292258 5.314637
5.502984 5.474261
5.650839 5.637516
5.722194 5.727294
5.751427 5.800434
5.681562 5.847124
5.557380 5.553988
5.413950 5.405066
5.087690 5.096513
4.808973 4.882431
4.447173 4.518086
3.985240 4.061140
3.722584 3.523636
3.488040 3.302237
3.462453 3.373277
3.356279 3.228721
3.423192 3.189315
3.319189 3.261684
3.299735 3.363264
3.231007 3.212538
3.170907 3.151571
3.033070 3.190441
2.988834 3.226615
3.020340 3.250608
3.120251 3.322502
3.628958 3.495742
4.279180 3.879403
4.926770 4.317686
5.653413 4.736894
6.042559 4.968616
6.273595 5.031429
6.465078 5.109911
6.519955 5.139617
6.434751 5.097314
6.344838 5.027878
6.266467 4.932021
6.143099 4.888143
5.908298 4.807186
5.719138 4.767000
5.350105 4.537551
4.903032 4.333037
4.389926 4.166171
3.932168 3.699812
3.506197 3.664031
3.058633 3.523211
2.854884 3.496769
2.895574 3.401116
2.872881 3.465983
2.876136 3.564175
2.887754 3.462865
2.909089 3.592658
3.013060 3.636864
3.219588 3.767379
3.412209 3.930582
3.538085 4.033725
3.612699 4.065030
3.881758 4.264601
4.199176 4.484654
4.664707 4.855767
5.157278 5.193318
5.612609 5.532183
5.933835 5.741998
6.147354 5.836751
6.181372 5.885350
6.152220 5.893260
6.193140 5.863736
6.318710 5.954371
6.469475 6.058977
6.600655 6.189480
6.752193 6.330145
6.718230 6.387029
6.759558 6.556623
6.764099 6.442686
6.540900 6.350059
6.403360 6.104062
6.139057 5.879537
5.943667 5.629262
5.711813 5.296465
5.384840 4.911646
5.165099 4.778132
5.096111 4.690978
5.179367 4.724200
5.322964 4.869269
5.488407 4.946268
5.573327 4.923686
5.533692 4.833078
5.202832 4.592607
5.033805 4.432096
4.757048 4.329824
4.601215 4.158183
4.359443 4.017154
4.490351 4.135348
4.815136 4.413842
5.094754 4.735086
5.363743 5.054285
5.586479 5.257317
5.639936 5.267414
5.612571 5.234900
5.608179 5.181637
5.733983 5.266103
5.967039 5.523495
6.154311 5.795170
6.409782 6.046359
6.544396 6.190985
6.554587 6.140196
6.541470 5.878027
6.386302 5.732860
6.232039 5.679439
6.172849 5.484996
6.031866 5.228490
6.067592 5.187071
6.080861 5.194722
6.332386 5.455333
6.762778 5.779413
7.261464 6.346539
7.920042 6.866448
8.471531 7.267809
8.919045 7.699525
9.338061 8.070579
9.719993 8.468208
10.028937 8.786250
10.244627 9.060585
10.651090 9.324845
10.958158 9.642653
11.137133 9.977989
11.326838 9.997691
11.482889 9.973513
11.590862 10.122009
11.567165 10.203116
11.651955 10.222953
11.716592 10.252131
11.731969 10.283628
11.778006 10.342118
11.803080 10.392765
11.850805 10.439855
11.920071 10.492089
12.004244 10.503245
11.935209 10.529924
11.988408 10.537569
11.967523 10.515085
11.991498 10.481199
12.080662 10.548305
12.069258 10.631986
12.147575 10.682338
12.148944 10.787276
12.014776 10.682249
12.082270 10.860718
11.955322 10.854078
11.940480 10.869522
11.916764 10.776657
11.651567 10.480013
11.634147 10.494003
11.551202 10.540697
11.430090 10.536192
11.305881 10.559022
11.109812 10.354252
10.795940 10.282389
10.512983 10.189572
10.307722 10.037326
10.241341 10.008313
10.123109 10.015980
10.063027 9.943571
9.765558 9.992250
9.351536 9.805551
9.098904 9.628494
8.729767 9.206135
8.477364 9.000642
8.344023 8.619697
8.381739 8.424237
8.363269 8.349632
8.449904 8.376797
8.664206 8.509572
9.044231 8.903249
9.711354 9.465836
10.543004 10.191728
11.308845 10.928724
12.016114 11.520767
12.767584 11.945426
12.985728 12.055478
13.090453 11.974554
12.653462 11.516413
12.222773 10.986141
12.331189 11.195104
12.349733 11.232397
12.259427 11.189002
12.054939 10.851815
11.396528 10.723209
10.915174 10.224116
10.334991 9.545915
9.756114 8.957951
9.424532 8.158021
9.159490 7.741346
9.079197 7.734133
9.172764 7.873857
9.463449 8.188467
9.800790 8.426829
10.394715 8.995381
10.559759 9.227894
10.685234 9.437257
10.753777 9.559089
10.787765 9.597404
10.587138 9.384849
10.427385 9.043385
10.331982 8.855733
10.272169 8.664880
10.293099 8.741711
10.379927 8.929998
10.275438 9.087723
10.029494 9.010502
9.482698 8.702517
9.082109 8.339243
8.342163 7.872597
7.822705 7.720881
7.370318 7.500051
7.280918 7.388789
7.333322 7.426726
7.443548 7.533550
7.792369 7.827694
8.423270 8.227659
8.830992 8.332084
9.048131 8.460208
9.258073 8.507847
9.511933 8.613650
9.918429 8.784580
10.056834 8.904027
10.125631 8.855870
10.259137 8.918525
10.235215 8.760589
9.966614 8.442341
9.786389 8.172858
9.570471 8.019533
9.325841 7.652128
9.095021 7.362006
8.998380 7.268503
8.897125 7.038423
8.813867 7.046032
8.691788 6.783048
8.458601 6.491951
8.212335 6.309914
8.101530 6.340211
7.983849 6.277503
7.816188 6.092285
7.649493 6.068192
7.452168 6.047416
7.197313 6.050336
6.884797 6.062721
6.726485 6.045039
5.879461 5.929186
5.308389 5.678356
4.978558 5.381100
4.496648 5.036616
4.312914 4.720311
4.001263 4.192334
3.635803 4.103444
3.501737 3.978557
3.233606 3.940727
3.281348 3.925657
3.195047 3.774699
3.345612 3.853716
3.114249 3.935427
3.281645 3.895257
3.567378 4.095894
3.828149 4.288338
4.258443 4.393704
4.632820 4.544739
4.953422 4.723425
5.236924 4.927448
5.579364 5.122958
5.913627 5.303373
6.186750 5.382549
6.598802 5.448753
6.643443 5.495936
6.604162 5.420435
6.328911 5.464594
6.105421 5.477885
5.685535 5.391294
5.242594 5.257796
4.663945 5.111490
4.294717 4.885862
3.920066 4.443819
3.583090 4.142381
3.316657 3.936536
3.136151 3.623577
3.080930 3.641084
2.942779 3.477644
2.562533 3.208200
2.495203 3.125292
2.251686 3.042041
2.142260 3.071501
2.115405 3.043384
2.169655 3.150766
2.158981 3.286768
2.239852 3.405291
2.403355 3.604004
2.392062 3.690638
2.423770 3.849767
2.283645 3.861902
2.136992 3.672292
1.827674 3.480661
1.659929 3.357360
1.621852 3.200073
1.680531 3.248202
1.693165 3.206812
1.767464 3.278954
1.818791 3.320053
1.906955 3.359297
2.009379 3.311067
2.221827 3.340457
2.491009 3.476580
2.881567 3.650016
3.388523 3.965508
3.840014 4.287935
4.337641 4.433300
4.803429 4.565947
5.296524 4.797878
5.846673 5.133436
6.580313 5.500527
6.890228 5.731175
7.033030 5.668451
7.077345 5.664774
7.185420 5.614223
7.347510 5.579245
7.445083 5.535951
7.548501 5.474586
7.419236 5.343290
7.079594 5.149916
6.830214 4.981659
6.455160 4.921429
5.945358 4.676469
5.704870 4.581030
5.111297 4.503121
4.244060 4.045534
4.206151 3.725496
3.509578 3.355084
3.336166 3.131959
3.177212 3.139125
2.961988 3.035461
2.948598 3.041257
2.988379 3.062500
2.812373 3.055802
2.911649 3.106879
2.992953 3.260026
3.113062 3.311383
3.086811 3.374861
3.206225 3.418912
3.137392 3.317364
3.141835 3.219347
3.161853 3.170907
2.998229 3.072288
2.948525 3.083989
2.824315 2.917861
2.751172 2.921131
2.726524 3.058846
2.801040 3.212667
2.895352 3.430285
3.585140 3.996328
4.119019 4.417922
4.630254 5.080071
4.875367 5.399882
5.022040 5.648771
5.085646 5.839947
5.027702 5.815240
5.150509 5.867012
5.174081 5.807780
5.266662 5.753346
4.895397 5.297746
4.553460 4.661306
4.048779 4.094412
3.621615 3.657317
3.238154 3.407560
2.818561 3.029173
2.653340 2.837277
2.489920 2.786164
2.521533 2.765817
2.613790 2.803307
2.780749 3.000369
2.915502 3.136654
2.912692 3.103267
2.870937 3.066208
2.869980 3.049269
2.832033 3.077738
2.829585 3.169142
2.597463 3.109086
2.511424 3.006952
2.467435 2.891682
2.523515 2.892113
2.505242 2.896065
2.623726 2.987421
2.852548 3.205637
3.173169 3.411307
3.499046 3.659170
3.927165 3.948497
4.417370 4.289456
4.869320 4.545600
5.116242 4.704878
5.202526 4.738421
5.186681 4.749178
5.078159 4.621183
4.950018 4.568173
4.888088 4.496718
4.968271 4.464227
4.674030 4.488873
4.550119 4.517587
4.427009 4.502340
4.424490 4.241021
4.337971 4.026752
3.796935 3.895073
3.578052 3.793913
3.125134 3.757568
3.129141 3.607576
3.023724 3.629375
2.907408 3.556060
2.916784 3.467567
2.911363 3.485299
2.880822 3.548410
2.979005 3.592280
3.225668 3.706332
3.413199 3.844283
3.739256 4.030575
3.965683 4.169167
4.136959 4.287655
4.363940 4.404437
4.509349 4.430180
4.553528 4.441030
4.660355 4.585236
4.673417 4.585706
4.601966 4.653520
4.614515 4.694253
4.323738 4.651640
4.060317 4.516407
3.804570 4.213667
3.543783 3.911824
2.948317 3.467653
2.757213 3.288233
2.872593 3.082924
2.756710 3.023768
2.645205 2.935861
2.608761 2.641881
2.587332 2.422090
2.484933 2.319627
2.442621 2.261663
2.430137 2.149825
2.467533 2.167270
2.062826 2.122299
2.073626 2.054680
2.114555 2.113992
2.139168 2.174770
2.230165 2.266282
2.237026 2.363634
2.354175 2.505799
2.401346 2.541836
2.391914 2.574987
2.274793 2.455182
2.304188 2.411619
2.405150 2.372796
2.432290 2.425473
2.491583 2.386895
2.508540 2.459468
2.593648 2.554007
2.679328 2.674333
2.760247 2.760011
2.853084 2.874806
3.007297 3.086159
3.185293 3.243131
3.300826 3.393443
3.350439 3.534708
3.397765 3.702617
3.416619 3.875847
3.657471 4.023954
3.818458 4.004808
3.784285 3.864398
3.722179 3.751966
3.854676 3.824389
4.022623 4.017657
3.916128 4.000445
3.908587 3.930447
4.156794 4.077126
4.388427 4.296297
4.543091 4.452849
4.700509 4.585837
4.776240 4.694124
4.892248 4.817226
4.929006 4.864713
4.775850 4.883719
4.556302 4.824086
4.376326 4.805577
4.272034 4.726388
4.120280 4.680121
4.034706 4.639274
3.892850 4.600910
3.815339 4.565171
3.732777 4.476787
3.676404 4.501589
3.607477 4.544314
3.529874 4.560486
3.516740 4.425665
3.477077 4.387736
3.310975 4.183322
3.195382 3.893998
3.039339 3.750753
2.897756 3.542419
2.748141 3.376942
2.698669 3.249503
2.319727 2.885813
2.165709 2.636502
2.075425 2.319547
2.000903 2.188015
2.027453 2.009758
2.005771 1.899827
1.806241 1.727063
1.717938 1.769438
1.616133 1.711688
1.543532 1.675253
1.619081 1.715523
1.682385 1.851874
1.842325 2.017706
1.997565 2.233215
2.015832 2.351606
2.085893 2.500812
2.157336 2.538546
2.288322 2.629361
2.400295 2.767677
2.585510 2.926634
2.780516 3.073027
2.945378 3.201946
3.132978 3.290902
3.384511 3.521708
3.619727 3.784985
3.868326 4.062369
4.047558 4.330191
4.321163 4.516438
4.578508 4.710250
4.840284 4.963772
4.922853 5.175555
5.365145 5.787017
5.847327 6.315479
