30
30
30
30
30
30
30
30
30
30
50
50
50
50
50
50
50
40
60
40
60
50
50
50
50
50
50
50
50
50
60
50
50
50
70
70
70
70
70
70
70
70
70
70
70
70
70
70
70
70
70
70
70
70
70
70
70
70
70
70
90
100
90
90
100
90
90
90
90
90
100
90
100
90
90
100
90
90
90
90
90
100
90
110
120
110
110
140
140
130
140
130
140
130
140
130
140
140
130
140
130
140
160
150
160
160
150
160
160
160
150
150
160
150
160
160
160
160
150
160
160
150
160
160
160
150
160
150
170
180
200
200
200
220
220
230
220
220
220
220
230
220
230
240
260
270
270
260
270
270
260
270
270
260
270
270
270
270
270
270
280
270
270
280
290
290
320
310
310
320
320
310
310
320
310
310
320
310
310
320
310
320
330
340
340
330
340
340
360
360
360
360
350
360
360
360
350
350
360
360
360
360
360
380
380
380
380
380
380
380
380
380
400
410
400
400
410
400
400
400
410
400
400
410
400
400
400
400
410
400
400
430
420
430
420
420
420
430
420
430
420
430
450
450
450
440
450
450
440
450
450
450
450
440
440
450
450
450
440
450
450
450
450
440
450
480
470
470
470
470
470
470
470
470
480
460
480
470
470
470
470
470
470
500
490
490
500
500
490
490
500
490
500
490
500
490
490
500
490
500
490
500
490
490
500
490
500
490
500
490
490
500
490
500
490
500
490
490
500
490
500
490
500
490
500
490
500
490
490
500
500
490
500
490
490
490
490
500
490
500
490
500
490
500
490
500
490
500
520
520
520
520
510
520
550
540
550
540
540
540
550
540
570
570
570
560
570
570
570
570
570
570
570
570
560
570
600
590
590
590
600
590
590
590
590
600
590
590
590
600
590
590
620
620
620
640
640
640
640
650
640
650
640
640
640
650
640
640
650
640
640
640
650
640
640
640
660
670
670
670
670
670
670
660
670
670
670
670
670
670
690
690
700
700
720
720
720
720
720
720
730
720
720
720
720
720
720
730
720
720
730
720
740
750
750
750
750
760
740
760
780
780
770
780
780
780
780
780
770
780
780
780
780
780
780
770
780
780
780
770
790
800
810
800
800
800
810
810
800
800
810
810
800
810
810
800
800
800
810
800
840
830
840
830
870
860
870
860
870
870
860
870
890
890
890
900
880
900
890
890
900
890
890
890
890
890
890
890
900
880
890
920
920
950
950
950
950
960
950
950
950
950
950
980
990
980
980
980
980
980
980
980
980
990
980
980
980
980
980
980
980
