0.107086
0.177601
0.361184
0.387858
0.476296
0.602757
0.653239
0.673577
0.953844
1.101072
1.405727
1.669297
1.892264
2.421122
2.535924
2.435232
2.189662
2.050670
2.170429
1.706418
1.301414
1.005320
1.034456
1.281182
1.542972
2.079247
2.592841
3.126120
3.379216
3.682050
4.121566
4.460506
4.715625
5.042043
5.246234
5.554255
5.806448
6.193915
6.547044
6.751402
7.229784
7.348076
7.885883
8.251121
8.650549
8.691567
8.876154
9.053386
9.244824
9.258767
9.486032
9.726074
10.132010
10.187519
10.021955
9.411700
8.794884
8.414979
8.006435
7.527859
6.930064
6.480301
5.923185
5.117110
4.400741
3.655228
2.842312
2.250090
1.314739
1.076256
1.127320
1.756320
2.260652
2.753923
3.437896
3.698236
4.041555
4.666349
5.146573
5.123428
4.895469
4.816384
5.130979
4.946496
4.393071
3.308131
2.750231
2.248499
1.873060
1.377942
0.907280
0.575880
0.889793
1.276292
1.853248
2.450678
2.880077
3.334217
4.014062
4.307198
4.907385
5.286038
5.656826
6.031766
6.513138
6.898584
7.125113
7.664952
8.208658
8.617448
9.131662
9.371125
9.685286
9.748772
10.152654
9.799549
9.792366
9.635477
9.693761
9.672144
9.680467
8.932468
8.656581
8.388092
8.061184
7.569221
7.258427
6.917888
6.332879
5.766513
5.297328
4.524903
4.052477
3.338950
2.941246
2.248431
1.857391
1.521104
1.143936
1.015201
1.065881
1.304302
1.554866
1.903385
2.433607
2.780000
3.307357
4.166662
4.489574
4.962456
4.861450
4.381261
3.817311
3.397964
3.577083
3.794922
3.988731
4.204903
4.566708
4.856054
5.232552
5.529133
5.786265
6.142318
6.352655
6.769731
6.993663
7.388236
7.478306
8.046053
8.394247
8.090999
8.440425
8.926557
9.260766
9.615193
10.216936
11.071748
11.526408
12.435642
12.915526
13.237189
13.847902
14.516454
14.056976
14.217658
14.111339
13.634261
13.434799
12.973356
12.622197
12.142760
11.763520
11.278064
10.968765
10.676067
10.566761
10.707759
11.165167
12.167113
13.029626
14.438603
16.193959
17.303043
17.712907
18.169258
17.759125
17.435088
16.832901
16.461460
16.016448
15.542736
15.690954
15.831193
16.063184
16.310960
16.593749
16.705023
16.758146
17.000606
17.064994
16.813410
16.566935
16.474731
15.975079
15.881872
16.139090
16.579763
16.956377
16.439957
16.699559
17.182835
17.453363
17.480163
17.316072
16.941800
16.590489
16.185236
15.760525
15.253622
14.972966
14.878415
14.992608
15.137143
15.311319
15.453895
15.445515
15.889258
16.666156
17.205140
17.804134
18.362772
18.500074
17.852951
17.274286
16.456689
15.853177
15.382805
14.385198
13.808534
13.078375
12.925837
13.009213
13.094424
13.368353
13.600425
13.693333
13.939305
14.158629
14.562116
14.936645
15.888823
16.713051
17.378557
16.546159
16.602875
16.796545
16.814715
16.711557
16.361716
15.527891
14.670471
14.044351
13.663273
13.108181
12.689757
12.420293
12.429168
12.736676
13.349512
13.945438
14.393626
15.197795
15.270457
16.176366
17.021405
17.149666
17.306185
17.622749
17.567766
16.770677
16.477892
15.696787
14.934596
14.504356
14.191654
13.818547
13.687393
13.951355
14.136312
14.402537
14.769399
15.090092
15.442036
15.700540
15.914908
16.109084
16.476010
17.006563
17.359181
17.983547
18.401521
17.541878
17.236357
17.230678
16.931858
16.484034
15.867862
15.101512
14.262545
13.553227
13.182373
12.690726
12.520093
12.441158
12.517181
13.179774
13.968962
15.228361
16.493119
18.224343
19.668520
19.364767
19.079748
18.536392
18.008511
17.422222
16.518831
15.423746
14.567655
14.117669
13.864534
13.691624
13.665480
13.570650
13.317162
13.120813
12.872135
12.719569
12.792296
13.104027
13.542745
14.398163
14.496394
15.217224
15.884593
16.630445
16.892955
17.001804
17.518038
18.215036
18.650958
19.349737
19.832621
20.442259
20.395448
20.892939
23.676331
28.874351
31.463179
32.264305
32.710624
32.654829
32.360414
32.069633
31.585250
31.499646
31.645804
31.760001
31.756250
31.635998
31.590173
31.669759
31.791065
31.780572
31.830214
31.849348
31.877759
31.918674
31.979013
32.077854
32.227629
32.239040
32.167802
32.155119
32.134603
32.116946
32.198724
32.275707
32.370580
32.519882
32.630012
32.909143
33.057953
33.619695
33.864600
33.903874
34.183860
34.672801
35.312472
35.787998
35.661755
36.082052
36.425408
36.982018
37.180931
36.284751
35.217050
33.975677
32.896061
31.615048
30.457402
28.826729
27.164213
25.515419
23.926552
22.241979
21.067881
19.830404
18.762245
17.956342
17.657892
17.418337
17.803096
18.099642
18.187139
18.307126
18.671269
18.737217
18.984683
19.315064
19.812558
20.626681
21.703414
23.544111
25.687963
27.961950
29.773015
31.693842
33.598468
34.766697
34.973319
35.329651
35.290097
35.675771
35.869987
35.939416
35.772913
35.656504
35.744813
35.744770
35.732554
35.680663
35.754866
35.745660
35.768234
35.978274
36.327228
36.426140
36.533959
36.657819
36.838953
37.110148
37.314118
37.574213
37.742146
37.933130
38.201858
38.386896
38.615344
38.942676
39.600037
40.265544
40.479735
40.408075
41.067448
41.689697
42.329871
42.761931
42.845262
42.163720
41.509421
41.076960
40.637849
40.225705
39.823358
39.230475
38.866757
38.576815
38.368126
38.169214
38.056743
38.145485
38.091604
38.454306
38.783907
38.679991
38.636020
38.696728
38.766634
38.673716
38.668414
38.640200
38.601820
38.537799
38.519424
38.562612
38.954874
39.202970
39.693373
40.201882
40.554715
41.026234
41.377884
41.018183
41.042306
40.604069
40.354426
39.640334
39.282130
39.093919
38.913855
38.803284
38.746063
38.967116
39.026699
39.231645
39.318603
39.414958
39.545303
39.730136
39.852445
40.010378
40.335708
40.463747
40.607182
40.725673
40.946939
41.118171
41.907774
42.746194
