0.093752
0.181074
0.435681
0.544372
0.633290
0.688571
0.738647
0.825591
1.083606
1.205435
1.519668
1.698256
1.983437
2.395243
2.491151
2.410271
2.074912
1.900791
1.717569
0.976623
0.721574
0.973374
1.494169
1.985566
2.611352
3.367168
3.964846
4.542582
4.944833
5.416751
5.807566
6.125525
6.482420
6.797628
6.921064
7.231489
7.266474
7.491718
7.458551
7.649150
7.856231
7.897654
8.321758
8.467266
8.689380
8.667580
8.650276
8.773741
8.783998
8.787076
8.734290
8.634614
8.606254
8.124335
7.787117
7.252068
6.619300
6.210514
5.733717
5.408427
4.778975
4.355971
4.011830
3.477769
3.048033
2.507296
1.944994
1.478426
0.995877
0.781486
0.395575
0.291849
0.601929
0.984543
1.472258
1.781265
2.041151
2.590523
3.050628
3.054083
2.821728
2.627168
2.725524
2.436954
1.869054
0.693714
0.141332
0.650607
1.183879
1.732673
2.317573
3.154206
3.816304
4.354067
4.998501
5.894432
6.361021
6.733213
7.159154
7.261559
7.619198
7.763427
7.797868
7.920790
8.131484
8.351485
8.601376
9.054088
9.434700
9.751760
10.088339
9.881951
10.060281
10.002927
10.117967
9.736881
9.757030
9.908754
10.084155
10.418602
10.699510
10.124312
9.761332
9.343026
9.083771
8.701120
8.538508
8.409341
7.947595
7.711263
7.307424
6.540526
5.868264
5.512029
4.781868
4.010091
3.715235
3.511991
3.160219
3.349486
3.430868
3.192651
3.219164
3.323324
3.248517
3.516840
3.197746
3.232105
3.810449
4.663245
5.297630
5.578780
6.387189
7.982612
9.179290
10.214391
10.965332
11.568883
12.053315
12.497074
13.066559
13.519550
13.888775
14.485803
14.896104
15.288898
15.788592
16.452712
16.919047
17.519377
17.917043
18.094432
18.091153
18.513025
18.993745
19.634513
19.978038
20.604317
20.959315
21.235290
20.999796
20.723110
20.666381
20.593984
19.938717
19.933922
20.176183
20.294862
20.499087
20.542461
20.595973
20.584533
20.531996
20.470782
20.464095
20.359333
20.290781
20.253818
20.583783
21.317577
22.129835
24.134453
25.766324
26.681677
26.646004
26.624214
25.731443
25.167309
24.431824
23.743299
22.998279
21.730843
20.820443
20.055919
19.321790
18.712495
18.087886
17.684191
17.689030
17.936468
18.330094
18.615848
19.072550
18.810953
18.133033
18.197483
18.298132
18.455544
18.535967
18.291055
18.904596
19.710397
20.201699
20.450247
20.709381
20.942586
21.175806
21.379199
21.658697
21.846386
21.866410
22.048134
22.209639
22.233648
22.139045
22.320574
22.424640
22.813023
23.335902
23.609658
23.612419
23.671685
23.218339
22.336491
21.935526
21.341629
20.796035
20.153795
18.940844
18.124211
16.996904
16.687418
16.452698
16.369013
16.428955
16.374006
16.372543
16.569980
16.619289
16.817294
17.189821
17.913584
18.445838
18.894784
18.792766
19.193920
19.547946
19.857596
20.026658
20.053646
19.847583
19.602858
19.489338
19.503430
19.546550
19.574865
19.473795
19.325920
19.343495
19.503273
19.841850
19.870450
20.089995
19.693067
19.800898
19.702688
19.799804
20.072917
20.432485
20.650288
20.541486
20.620656
20.503488
19.917913
20.056772
20.126087
19.627346
19.433111
19.121143
19.057869
18.990244
19.223482
19.527640
19.728422
19.937389
20.049651
20.056105
20.188984
20.348792
20.478915
20.380904
20.556446
20.480089
20.820784
20.998707
21.315386
21.633313
21.711567
21.801774
22.023504
21.770508
21.803066
21.930450
22.017797
22.129891
22.539128
23.350530
23.918887
24.541718
24.894176
25.612772
26.653792
26.416558
25.684575
24.601758
23.625415
22.558956
21.316981
20.609451
19.965836
19.353204
19.047772
18.465479
17.668422
16.977755
16.299539
15.656611
15.080804
14.410106
14.358554
14.677173
14.884427
15.442400
15.327036
15.667777
16.072152
16.758848
16.695501
16.695317
17.131082
17.675178
18.048977
18.620481
18.801045
19.291403
19.456872
19.551498
19.810212
20.123779
20.522771
20.284368
20.528566
21.622657
22.270347
22.675747
22.661578
22.453423
22.714276
22.863483
22.864609
21.875004
21.445322
21.103843
20.691143
20.039090
19.692507
19.268529
18.831966
18.298342
17.694863
16.752885
16.157135
16.004889
15.793609
15.649828
15.580543
15.478477
14.956899
14.369060
13.863050
13.091959
12.454974
11.975530
11.682405
11.427590
11.369430
11.576075
11.863168
12.317186
13.169258
14.274731
14.880511
15.638434
16.486436
17.358518
18.232044
17.598308
17.781282
18.024939
18.386384
18.780971
19.038913
19.378200
19.667976
20.037052
20.136584
20.441327
20.904424
21.152305
21.379691
21.585286
21.852729
21.801449
22.002714
22.037649
21.937575
21.868930
21.879566
21.841906
22.015919
22.201333
22.383883
22.423118
22.327219
22.345452
22.412952
22.483645
22.405594
22.023587
21.655938
21.433285
21.660976
21.458364
20.896499
21.125428
21.377447
21.126784
20.807530
20.430100
20.118777
19.448088
19.111391
18.542455
18.135302
17.698488
17.671147
17.817010
17.044311
16.442805
15.901775
15.319297
14.787747
14.041051
13.509663
12.900767
12.316750
11.780972
10.941334
10.407124
9.828378
9.289719
8.912792
8.959947
9.254296
9.331077
9.590969
10.149896
10.728067
11.380425
11.414252
11.145857
11.352810
11.887051
12.296555
12.853688
13.562869
14.103891
14.553206
15.042962
15.745910
16.325714
16.876725
17.480074
17.976855
17.851916
17.768951
17.969242
18.110486
18.127688
18.041215
17.883992
17.810370
17.752505
17.687171
17.951168
18.063034
18.260470
18.668757
18.957427
19.554961
20.013303
20.466312
21.034073
21.175343
20.880719
20.968208
20.647879
20.526938
20.084881
19.863718
19.143561
18.626814
18.264998
17.666902
17.269936
16.750095
16.181007
15.677898
15.160988
14.605387
13.774270
13.244862
12.729789
12.023364
11.686807
11.362494
11.243884
11.050075
11.181952
10.915613
10.996678
