0.111551
0.177983
0.453233
0.516319
0.673504
0.847360
0.832118
0.887330
1.036723
1.089253
1.320294
1.381801
1.511771
1.744605
1.937580
1.961918
1.919014
1.766053
1.611600
1.026861
0.747939
0.159823
0.352587
0.742255
1.097669
1.692196
2.140730
2.624453
2.995260
3.275357
3.811706
4.251309
4.605493
5.122482
5.478251
6.023444
6.379345
6.877100
7.219879
7.552606
8.015980
8.354574
8.992359
9.179348
9.611183
9.709920
9.814848
9.989773
10.066401
9.931489
9.664997
9.519669
9.408655
8.800416
8.318029
7.395777
6.705122
6.296860
5.822974
5.425669
4.828465
4.408029
4.013003
3.460824
3.029113
2.669411
2.213756
1.918046
1.580797
1.425349
1.533898
1.884061
2.217669
2.588254
3.069211
3.372604
3.704430
4.301152
4.608014
4.530395
4.143726
3.721482
4.119627
4.351219
4.322578
3.724123
3.431972
3.084573
2.796669
2.391848
2.089013
1.724157
1.681793
1.741271
1.897941
2.253464
2.541489
2.899444
3.455915
3.828121
4.455554
4.861856
5.249096
5.606864
6.111007
6.449486
6.657341
7.090845
7.482707
7.858422
8.267280
8.268241
8.406727
8.533787
8.789932
8.422014
8.319749
8.231985
8.224024
8.272352
8.340143
7.637901
7.215650
6.790018
6.264005
5.665904
5.247548
4.948936
4.367567
3.952294
3.601257
3.059609
2.723828
2.436077
2.223088
2.022894
1.992706
2.053437
2.259513
2.462129
2.717048
3.175255
3.512289
3.944059
4.437700
4.788330
4.952892
4.983626
4.738727
4.430035
3.867860
4.286729
4.548361
3.968812
3.441866
2.927902
2.493206
2.197789
1.990212
1.845099
1.820787
1.736985
1.870962
2.159201
2.262653
2.604621
2.927230
3.328122
3.830109
4.456561
4.877489
4.830215
4.919474
5.279268
5.628526
5.970677
6.341766
6.849817
7.273679
7.492516
7.518817
7.535522
7.975144
8.159293
7.902965
7.873103
7.804661
7.738474
7.780464
7.666359
7.652792
7.960820
8.143669
8.470952
8.736405
9.030446
9.475085
9.792624
10.273447
10.682255
10.962768
11.565441
12.232186
12.551714
12.601873
13.184529
13.413304
12.976222
12.305737
11.736139
11.540773
10.763844
10.270018
10.105079
9.873041
9.650571
9.338479
9.155809
9.009051
8.842664
8.753425
8.709460
8.722209
8.255605
7.178938
7.024341
7.193543
7.347602
7.528597
7.125156
7.257687
7.363192
7.513928
7.603235
7.645862
7.919334
8.147840
8.319689
8.661276
8.917201
9.134258
9.502011
9.748423
9.778421
9.797477
10.033462
10.297588
10.937664
11.475377
11.668285
12.166041
12.540507
12.511257
11.595669
11.027165
10.292829
10.014447
9.551651
8.577963
8.020272
7.253183
7.057482
6.973409
6.812719
6.671823
6.369875
6.328289
6.118835
5.903667
5.963028
6.055346
6.403100
6.698643
7.037926
6.257814
5.978409
5.737253
5.592404
5.543151
5.279678
4.998453
4.847805
4.845696
5.012836
5.325050
5.717392
6.012973
6.432285
6.985145
7.522816
8.073702
8.354072
8.693059
8.751983
9.209648
9.460011
9.879595
10.242103
10.490156
10.632320
9.710445
9.451281
9.120854
8.394091
8.401736
8.461269
7.905344
7.657798
7.283703
7.249902
6.953949
6.715758
6.579176
6.466290
6.389435
6.344678
6.245720
6.285783
6.559016
6.814009
7.275949
7.474453
6.887819
6.693321
6.573421
6.343860
6.171890
5.976376
5.913488
6.051683
6.186630
6.372326
6.734521
6.971182
7.296753
7.954400
8.706374
9.178663
9.766310
10.095554
10.562809
11.199496
10.444063
10.272528
9.692276
9.129218
8.640203
8.084822
7.954245
8.116001
8.368197
8.896575
9.297225
9.729209
10.213641
10.821131
10.830149
10.821558
10.869748
11.316232
11.944423
12.418975
13.098164
13.112797
13.690519
14.232743
14.948706
14.795425
14.792846
15.320892
15.953793
16.333310
17.009105
17.416265
18.136331
18.539203
18.950756
19.427785
19.795201
19.863533
19.904950
19.816270
20.096263
19.830646
19.790004
19.320616
18.905183
18.914916
18.882490
18.888017
18.198410
17.752701
17.382971
16.931775
16.252165
15.824135
15.275029
14.841571
14.409657
13.938633
13.322825
12.893816
12.907871
13.067418
13.137911
13.136360
13.032297
12.647990
12.250979
11.917025
11.279666
10.876410
10.535969
10.188629
10.026110
9.915923
9.896664
9.864318
9.905455
10.183170
10.679664
10.730413
11.080949
11.385528
11.721032
11.716650
10.897664
10.033296
9.373972
8.849507
8.628691
8.579168
8.479518
8.339759
8.432819
8.438454
8.697559
9.298957
9.872030
10.258190
10.588875
11.084364
11.241224
11.635833
11.964361
12.259126
12.635499
13.157502
13.446294
14.045202
14.689158
15.352887
15.952614
16.565853
17.212106
17.812416
18.289135
18.352546
18.388316
18.322573
18.088960
17.982080
17.773603
16.940341
16.692885
16.696695
16.110426
15.461029
14.841465
14.426661
13.779202
13.345624
12.688279
12.279581
11.865773
11.858355
11.885167
11.261630
10.857804
10.328870
9.979932
9.639237
9.088071
8.754226
8.429634
7.947526
7.478724
6.937106
6.623037
6.258321
5.992363
6.011139
6.399636
6.201345
6.044054
6.386240
6.801511
7.275701
7.595104
7.456294
7.053108
6.608848
6.398247
6.286237
6.238737
6.383511
6.592354
6.766240
7.070211
7.647349
8.042257
8.427797
8.847877
9.314479
9.226376
9.137084
9.597612
10.097446
10.413861
10.971661
11.355974
11.909970
12.294888
12.617234
13.212250
13.619934
14.100755
14.715300
15.099897
15.724931
16.083055
16.476356
16.852999
16.841175
16.421175
16.415898
15.996232
15.778409
15.164329
14.718943
13.930751
13.418082
13.074918
12.419396
11.931902
11.510185
11.044981
10.580861
10.150830
9.699889
8.959601
8.460784
8.031184
7.394402
6.889583
6.466769
5.982775
5.366600
5.009054
4.019471
3.414302
