0.452121
0.548995
0.599376
0.595638
0.599764
0.580360
0.547788
0.519895
0.555502
0.662190
0.620220
0.854438
0.958479
1.159223
1.388533
1.617493
1.802068
2.077518
2.148465
1.999223
1.605453
1.170817
0.909139
0.892870
0.878419
0.909706
0.991989
0.994974
1.025365
1.164264
1.123218
1.066385
0.973808
0.973634
1.078726
1.166507
1.294999
1.416099
1.572846
1.563163
1.545808
1.502105
1.491314
1.545302
1.597384
1.727829
1.784779
1.836783
1.879225
1.855848
1.654482
1.457359
1.300825
1.043063
0.862086
0.636280
0.505291
0.420618
0.545064
0.742117
1.041490
1.373591
1.699511
2.018481
2.314445
2.519347
2.663417
2.644398
2.482036
2.228014
2.174239
2.287869
2.389994
2.533834
2.780958
2.957165
3.190934
3.528640
3.825230
4.151724
4.596846
4.993440
5.442430
5.860010
6.303648
6.702450
7.196817
7.639576
8.155950
8.766560
9.354711
10.019997
10.624391
11.387849
12.144349
12.961403
13.789988
14.538598
15.341672
16.075669
16.328337
16.356698
16.067491
15.694742
15.389237
14.992281
14.731940
14.485026
14.180556
14.110511
14.283283
14.572078
14.749937
14.971396
15.172283
15.447266
15.702022
16.008053
16.409930
16.864104
17.325594
17.757546
18.222927
18.768524
19.425895
20.017523
20.364717
20.324739
20.096905
19.760241
19.190370
18.689966
18.232955
17.684528
17.142076
16.499272
15.758100
15.233300
14.525901
13.844762
13.121994
12.452315
11.797519
11.277230
10.653907
10.206421
10.028278
10.113064
10.169624
10.432145
10.396375
10.273430
10.328280
10.363737
10.475168
10.836580
11.245486
11.491100
11.938222
12.449048
13.094912
13.523714
13.673317
13.519881
13.140133
12.628107
11.960816
11.327150
10.480096
9.708748
9.048209
8.215579
7.223627
6.521418
6.011946
5.370474
4.914833
4.474287
3.958710
3.797457
3.511724
3.270644
3.096697
3.130170
3.263097
3.496946
3.628359
3.787076
3.960157
4.198755
4.350931
4.558113
4.919961
5.416951
6.062630
6.714377
7.555304
8.025838
8.567043
8.978718
8.688441
8.424990
8.294858
8.199441
8.014180
7.967273
7.984023
8.066551
8.268732
8.506355
8.608720
8.693052
8.824355
8.935382
9.098791
9.275307
9.479607
9.640281
9.894776
10.124545
10.106930
9.963448
9.760086
9.514445
9.507316
9.155598
9.076504
8.874432
8.731828
8.881176
8.614605
8.366973
8.436955
8.475038
8.687126
8.819739
8.999266
9.387615
9.629956
10.061596
10.304407
10.733013
11.136411
11.273810
11.441997
11.532700
11.229994
10.893287
10.308841
9.573296
8.749648
8.120573
7.245518
6.482002
5.464961
4.874238
4.072638
3.209026
2.815102
2.606134
2.347684
2.697532
3.144690
3.733515
4.340454
4.892809
5.301103
5.756547
6.595262
7.034275
7.656438
8.119947
8.782452
9.226505
9.694282
10.084004
10.283371
10.650939
10.835257
11.103956
11.247873
11.231143
11.415997
11.399818
11.226410
11.100303
10.979902
10.830071
10.677243
10.411905
10.091345
10.006102
9.700937
9.674634
9.588707
9.557899
9.392678
9.084506
8.557719
7.916310
7.057177
6.160239
5.463456
4.936974
4.445995
3.877001
3.422205
3.065490
2.641050
2.412725
2.229607
2.178264
2.285742
2.171559
2.187060
2.232749
2.458878
2.869568
3.243699
3.830129
4.311822
4.850507
5.313883
5.341963
5.381698
5.401317
5.265513
5.178049
5.109393
4.974885
4.888583
4.908161
4.712854
4.498661
4.112745
3.669374
3.178350
2.672836
2.187319
1.905603
2.053832
2.573015
3.318748
3.724339
3.816877
3.626490
3.595991
3.476788
3.356291
3.272899
3.240245
3.027434
2.503602
2.069300
1.669496
1.442702
1.462052
1.745813
2.146625
2.588575
3.015599
3.528688
4.218945
4.630695
4.898359
5.295513
5.522408
5.589244
5.491504
5.334540
5.363842
5.442660
5.634179
5.731684
5.889934
6.103872
6.278828
6.556014
6.653374
6.646937
6.646317
6.646495
6.696814
6.818459
7.131074
7.496494
7.989295
8.395300
8.731836
9.094045
9.348199
9.512626
9.718717
9.825261
10.014227
9.911989
9.711336
9.426195
9.059206
8.687687
8.250746
7.626573
7.035949
6.441628
6.059193
5.754212
5.537030
5.488167
5.650665
5.736205
5.887891
5.984103
6.045406
6.028969
5.955154
5.803202
5.679243
5.579661
5.437896
5.343011
5.361205
