0.460541
0.550441
0.565927
0.527122
0.477820
0.451686
0.437491
0.454173
0.580579
0.744569
0.697583
0.837677
1.133198
1.378051
1.361660
1.591104
1.840145
1.938755
1.923858
1.828435
1.553597
1.274465
0.984405
0.788226
0.892850
1.196862
1.545120
1.832685
2.074179
2.307028
2.386597
2.295518
2.032760
1.712615
1.432138
1.282659
1.212753
1.139242
1.276016
1.279715
1.325909
1.411778
1.506869
1.709878
2.036966
2.254531
2.616870
2.880385
3.040164
2.890391
2.225267
1.621933
1.181516
0.860765
0.746524
0.690908
0.851632
0.998723
1.063908
1.028522
0.894314
0.842913
0.869455
1.066634
1.279505
1.521412
1.621761
1.913950
2.356171
2.668915
2.991062
3.265774
3.426947
3.562477
3.777765
4.148474
4.636682
4.917286
5.418587
5.938764
6.464625
6.837919
7.338371
7.718791
8.170174
8.518787
8.842451
9.210215
9.563469
9.952000
10.075976
10.163347
10.303371
10.302175
10.431097
10.498573
10.784118
11.148910
11.569330
11.752990
11.894263
11.984333
12.055264
12.125575
12.209692
12.333154
12.457107
12.548030
12.677854
12.862384
13.082242
13.311701
13.504642
13.689165
13.829233
13.967051
14.049579
14.117596
14.084201
14.161236
14.130402
14.024483
13.883288
13.737705
13.560878
13.412315
13.333681
13.223083
13.018201
12.738736
12.706636
12.592551
12.495543
12.464594
12.459486
12.524384
12.698914
12.919170
13.225076
13.372490
13.415961
13.494906
13.515909
13.496759
13.392197
13.124404
12.937569
12.878071
12.990661
13.123444
13.239529
13.232769
13.246474
13.305858
13.412772
13.432610
13.344873
13.365630
13.221273
13.165674
12.904965
12.606997
12.387674
12.095557
11.859145
11.863701
11.829305
11.823642
11.809371
11.840038
11.842519
11.835635
11.783082
11.819036
11.816619
11.803732
11.623123
11.512606
11.583516
11.678815
11.786190
11.979196
12.240069
12.807812
13.252592
13.756819
14.286075
14.840912
15.287337
15.718103
16.156716
16.488393
16.809691
17.103128
17.298842
17.398435
17.509379
17.698383
17.848603
18.127488
18.421828
18.716112
19.025894
19.422243
19.907708
20.478742
21.104372
21.719126
22.460334
23.240609
23.927808
24.582893
25.352335
25.995697
26.492678
26.960668
27.420024
27.835256
28.219267
28.576599
28.819952
29.082197
29.530680
29.940410
30.405701
30.944774
31.527603
32.086270
32.796829
33.493123
34.103447
34.871943
35.573494
36.268593
37.184374
37.890579
38.551316
39.116990
39.824408
40.491852
41.068647
41.574185
42.073622
42.304007
42.328821
42.102485
41.846289
41.485490
41.132651
40.702514
40.256105
39.900291
39.510837
39.132389
38.646797
38.211852
37.619612
36.944788
36.261633
35.592927
34.761348
33.932248
32.924294
31.845180
30.882133
29.997719
29.213450
28.413546
27.863830
27.437324
26.911649
26.548069
26.128039
25.713169
25.395338
24.925175
24.542411
24.092174
23.609631
23.150713
22.696254
22.214803
21.811797
21.370323
20.848406
20.330856
19.789253
19.150667
18.667993
18.315599
17.865436
17.412968
16.985182
16.482432
16.002417
15.599625
15.371594
15.560894
15.892664
16.423813
16.938154
17.386746
17.889141
18.368558
18.829141
19.278716
19.734334
20.127111
20.590053
21.089750
21.649513
22.174725
22.656140
23.140092
23.671510
24.101315
24.418414
24.741741
24.993483
25.268742
25.574675
25.971620
26.492132
26.914027
27.336739
27.860356
28.386817
28.938623
29.471370
29.881485
30.491834
30.908148
31.231128
31.502240
31.849276
32.293102
32.725704
33.201059
33.624396
34.052332
34.416234
34.738813
35.118355
35.421025
35.757462
36.225759
36.846233
37.499299
38.273323
39.071370
39.757799
40.181499
40.407118
40.272189
40.069596
39.678002
39.333347
38.901883
38.344150
37.719478
37.082684
36.540934
35.903612
35.494317
34.967973
34.502705
34.086398
33.625819
33.191939
32.570257
32.070998
31.421885
30.878488
30.222423
29.349560
28.588528
27.944656
27.430328
27.175674
27.014679
27.042650
26.926681
27.110429
27.322801
27.280467
26.945911
26.509084
25.920435
25.321230
24.722273
24.190875
23.687929
23.168573
22.706159
22.299256
21.897418
21.476934
21.160498
20.801831
20.442379
20.019996
19.627574
19.165754
18.654623
18.090039
17.506542
16.908029
16.279222
15.728930
15.110834
14.523707
14.042097
13.981780
14.089001
14.590717
15.055520
15.574070
16.047823
16.508839
17.032437
17.521231
