90
90
80
90
80
80
80
130
120
130
130
170
180
170
170
180
170
170
220
260
270
250
260
260
310
300
310
350
360
400
450
450
450
530
630
440
450
440
450
450
450
500
510
500
500
510
510
720
820
540
600
590
590
600
590
600
600
600
610
630
700
1030
780
670
660
660
660
730
740
740
750
740
750
740
720
720
720
750
700
710
730
730
720
700
700
700
700
700
700
710
710
710
710
710
720
750
720
790
1120
1140
1130
1140
1130
1140
810
720
720
780
800
790
1240
1360
1150
1250
1400
1260
1440
970
1380
1520
1680
1700
1710
1730
1890
1820
1320
1330
1430
1440
1440
1550
1550
1550
1560
1550
1560
1560
1550
1550
1550
1550
1540
1530
1690
2200
2170
1520
1510
1510
1530
1550
1590
1520
2080
2210
2210
2210
2170
2130
2300
2240
2200
1610
1620
1640
1780
1810
1830
1840
2230
2410
2680
2670
1910
2120
2260
1930
2370
1950
2400
2750
2740
2750
2730
2720
2720
2710
2680
2690
2690
2650
2650
2350
2220
1960
2000
2010
2030
2060
2120
2900
2990
3000
2860
2660
2160
2110
2540
3080
2240
2220
2220
2330
2340
2330
2310
2290
2300
2410
2970
3320
3320
3500
3500
3510
2790
2510
2480
2500
2550
2770
2550
2710
2590
2570
2670
3550
3410
2660
2660
3060
3490
2780
2900
2920
2910
2920
3020
2860
2880
2850
2860
2880
3010
3000
3030
4000
3640
3160
3390
3390
3650
3170
3180
3580
4230
4400
4630
4690
4720
4700
3720
3150
3430
3520
3530
4820
5000
3890
3690
3690
3690
3720
4000
3970
3980
3990
3910
4420
3980
3960
3900
3940
3890
3890
4030
3790
3780
3830
3860
3790
3830
3770
3780
3830
3900
3880
3920
3900
3920
3880
4390
3950
3940
4100
4080
4070
4070
4060
4220
4750
4320
4250
4190
4190
4200
4200
4190
4370
4370
4370
4360
4350
4340
4350
