8820
8770
9500
8620
8630
8660
8730
9930
9080
9540
8530
8560
9190
8720
8650
8640
9340
8850
8680
8930
8600
8650
9680
8670
8700
8620
8670
8750
9570
8470
9230
9460
8840
8740
8600
8490
8480
8470
8420
8770
9060
8770
8330
8290
8300
8390
8360
8360
8340
8980
7790
6980
8690
8680
10040
8910
8760
9280
8710
8950
9250
8890
8510
8570
10020
10270
10340
9250
9100
9580
8920
9040
8970
8570
8760
8690
8050
6980
9230
9160
8970
8550
8410
8370
8310
8260
8270
8270
8250
8530
8260
9070
8310
8200
8290
8260
8320
8290
9310
8990
8920
8480
8590
8650
8600
9230
10220
9360
8860
9220
8650
8730
8630
9520
8950
9250
9050
8830
10120
9450
9030
8940
9400
10500
9160
9410
9480
9500
9410
9900
9670
10190
9660
8500
9330
9640
9330
11310
10760
10960
9360
9240
10140
9570
9270
9690
9260
9270
9160
10480
8960
10460
9300
9240
9310
9280
9290
9300
9350
10120
9680
9410
9290
9280
9390
9230
9280
9340
9370
9590
9320
9420
9350
9270
9250
9180
9110
10270
10250
11300
10660
10600
9280
9140
9190
9070
9090
9060
10580
11590
10830
9320
9270
10670
10770
9310
9140
9120
9150
9510
7790
10250
10710
10650
9110
9050
9050
9210
9240
9710
9390
9400
9180
9030
9090
9190
9650
10180
10550
9990
9940
10070
9610
9070
8960
8940
9970
9720
8730
8880
8930
8900
9000
8940
9570
9010
8960
8790
8740
9130
9130
8770
9790
8770
9540
8870
9280
8690
8700
9070
8710
8710
8760
9380
9310
8670
9580
8780
9150
6790
7820
10420
9700
9100
8790
9110
8780
8590
9380
9350
8870
9080
9350
9120
9080
8960
8920
8940
8920
9210
8860
8860
8870
8890
8910
8900
9010
9040
9220
9200
8980
9160
8860
9470
8830
8990
9300
9160
9100
9310
9510
9010
8870
8870
8990
8770
8740
8800
9590
9590
8700
8700
9010
8860
8930
8840
9010
9050
9090
9360
9300
9250
8910
9300
9080
9230
8810
8770
8850
9390
8900
9020
8900
8750
9290
9020
