2.137697 1.979004
2.139883 2.057865
2.160945 2.178662
2.259946 2.377571
2.407254 2.614115
2.563651 2.867812
2.777233 3.185169
2.600146 3.289783
2.635766 3.589473
2.886308 3.910221
3.234899 4.269472
3.552209 4.565616
3.826770 4.842830
4.089424 5.113538
4.364018 5.405767
4.746504 5.778622
4.760319 6.051723
4.668431 6.280275
4.827013 6.505515
5.040856 6.683798
5.065497 6.866171
5.030442 6.922785
4.859845 6.851282
4.239948 6.352496
4.113158 6.264335
4.242344 6.359011
4.462660 6.488628
4.667703 6.664017
5.034981 6.932568
5.319839 7.252878
5.489699 7.388494
5.684699 7.583280
5.528585 7.533415
5.175243 7.177061
4.729892 6.572990
4.273302 6.169191
4.288780 6.151383
4.736296 6.582521
5.311892 7.107956
5.686458 7.640909
5.913771 7.801564
6.004478 7.886600
6.023485 7.964684
6.304347 8.184282
6.532594 8.436775
6.811856 8.646972
6.801689 8.495433
6.191757 7.911993
5.225312 7.044903
4.672651 6.170004
4.550749 5.837522
4.701200 5.909327
4.859961 6.021402
5.116782 6.157902
5.486137 6.346267
5.882763 6.729684
6.224715 6.962398
6.618958 7.235325
6.724736 7.150703
6.461724 6.570514
6.423068 6.531789
6.393186 6.594312
6.494021 6.670391
6.490045 6.680053
6.207086 6.540232
5.201580 5.922339
5.100672 5.912521
5.191888 6.105877
5.422652 6.242139
5.729910 6.442379
5.952846 6.594026
6.176627 6.875173
6.309478 7.043389
6.424868 7.254116
6.151381 7.091930
5.591576 6.662257
4.797460 6.385738
4.184666 5.864859
3.936994 5.524025
3.766928 5.554182
3.722763 5.612850
3.786142 5.582055
3.879263 5.651300
3.752714 5.724406
3.886001 5.901794
3.953593 5.800677
4.137287 5.898512
4.376295 6.052099
4.549268 6.156991
4.662528 6.306822
4.811147 6.439885
5.051317 6.640327
5.202446 6.823571
5.344987 6.993164
5.533437 7.129813
5.706459 7.196549
5.733771 7.257315
5.859882 7.428625
5.952873 7.631967
6.128729 7.788416
6.213478 7.841315
6.369409 7.982011
6.495598 8.121291
6.667903 8.260711
6.844263 8.306607
6.986213 8.356148
7.209182 8.485823
7.504829 8.754093
7.906368 8.972308
8.368458 9.248082
8.734620 9.501016
9.209279 9.622034
9.529766 9.733421
9.966294 9.997473
10.441869 10.269183
10.910062 10.576069
11.398509 10.798806
11.857481 11.037146
12.247237 11.188400
12.663702 11.462459
13.060986 11.616492
13.442448 11.917729
13.685795 12.086818
13.928825 12.420249
14.252007 12.580912
14.479289 12.738893
14.596622 12.864564
14.629335 12.849105
14.556502 12.798006
14.476286 12.739076
14.427245 12.692655
14.417134 12.655119
14.388597 12.643166
14.533070 12.429932
14.550743 12.417331
14.611427 12.346143
14.629303 12.375428
14.725381 12.403317
14.737150 12.442137
14.788971 12.527549
14.863087 12.613545
14.936664 12.751136
15.033212 12.885503
15.115507 13.002876
15.205562 13.108613
15.267124 13.213278
15.372662 13.322837
15.289206 13.274895
15.352174 13.344205
15.420229 13.453058
15.467784 13.571645
15.713943 13.771829
15.887840 13.848597
15.939971 13.879081
15.973584 13.931707
16.042941 14.009401
16.106712 14.071377
15.783946 13.907018
15.338521 13.736939
15.407669 13.825072
15.307850 13.829013
14.800365 13.523955
14.551979 13.206317
14.694722 13.280600
15.245294 13.639836
16.006685 14.426322
16.538242 14.735596
16.843709 14.932197
17.083364 15.025206
17.425817 15.437404
17.607080 15.648495
17.713122 15.703517
17.779607 15.693080
17.803951 15.585879
17.919269 15.618231
17.967583 15.619248
18.039488 15.634526
18.115932 15.612142
18.258075 15.656561
18.432588 15.780982
18.532918 15.775050
18.576992 15.860304
18.618808 15.963992
18.647787 16.091652
18.703043 16.204686
18.690802 16.308818
18.706172 16.403473
18.645058 16.471084
18.710172 16.557687
18.736867 16.671214
18.659588 16.737810
18.697885 16.879821
18.858507 17.113494
19.041399 17.205847
19.138946 17.297602
19.208478 17.357614
19.297064 17.450073
19.419129 17.582104
19.486498 17.647947
19.539072 17.673345
19.573141 17.671776
19.612681 17.669709
19.681714 17.612704
19.711254 17.618281
19.727196 17.603905
19.746723 17.594779
19.980425 17.689776
20.084864 17.719691
20.163513 17.753255
20.231670 17.779049
20.299279 17.827495
20.363946 17.846733
20.280144 17.764387
20.472685 17.907052
20.532498 17.929882
20.483749 17.785878
20.303176 17.731108
20.365971 17.821087
20.908286 18.175945
21.401978 18.735676
21.810841 19.192192
21.931620 19.451834
22.014480 19.577236
22.089574 19.694378
22.370026 19.927162
22.495950 19.965742
22.562883 19.970414
22.584783 19.939653
22.663479 19.955267
22.679836 19.993876
22.673056 19.936253
22.723101 19.903158
22.777968 19.939286
22.812928 19.986237
22.878733 19.984795
22.880063 20.018981
22.911612 20.068759
22.977598 20.110293
22.875326 19.943466
22.921531 19.995423
22.943302 20.050840
23.021148 20.104643
23.152936 20.037392
23.247307 20.046724
23.237846 20.074191
23.352923 20.116489
23.537378 20.180118
23.670539 20.242747
23.725071 20.316166
23.772080 20.402003
23.844116 20.443081
23.846567 20.489011
23.779605 20.504824
23.718365 20.482106
23.717609 20.463775
23.738669 20.477390
23.974276 20.521432
23.986495 20.518024
24.057335 20.543241
24.067689 20.588226
24.128739 20.662888
24.164105 20.723337
24.084163 20.583360
24.135418 20.661066
24.182543 20.742345
24.238266 20.804864
24.310139 20.875375
24.275471 20.755403
24.348153 20.802887
24.624713 21.153689
24.984691 21.420356
25.399662 21.844980
25.613002 22.029471
25.902608 22.419396
25.964154 22.529869
25.712664 22.585178
25.733738 22.616065
25.705839 22.466102
25.673212 22.471311
25.507810 22.424739
25.468725 22.408167
25.655804 22.462867
25.646210 22.722971
25.635471 22.822937
25.678648 23.011922
25.723532 23.015029
25.766373 23.054604
25.638157 22.814068
25.649147 22.858138
25.642549 22.863192
25.656893 22.891743
25.656417 22.948684
25.532758 23.027740
25.348851 23.032666
25.350839 23.103446
25.384235 23.132465
25.389207 23.184715
25.415276 23.232539
25.588004 23.317368
25.653399 23.202672
25.447857 23.073640
25.473701 23.144641
25.557686 23.180941
25.620449 23.232969
25.642400 23.297186
25.699572 23.276358
25.697410 23.255940
25.681591 23.241885
25.660549 23.216285
25.655791 23.236542
25.658602 23.580510
25.551452 23.630655
25.600440 23.674572
25.599081 23.627029
25.590684 23.696950
25.628906 23.736376
25.633109 23.819105
25.712417 23.899655
25.767668 23.980159
25.802470 24.057031
25.794344 23.985709
25.858166 24.078051
26.000018 24.158810
26.361845 24.549910
26.442914 24.758815
26.699626 25.241126
26.765766 25.307083
26.866546 25.310676
26.921358 25.282931
26.981968 25.266600
27.063939 25.247591
27.316651 25.382578
27.374052 25.411081
27.463984 25.423063
27.523098 25.435412
27.566647 25.467878
