0.284694
0.244462
0.225379
0.224761
0.232111
0.338121
0.446963
0.387834
0.389835
0.436278
0.658900
0.930249
1.218075
1.548938
1.851227
2.204168
2.515012
2.897958
3.333608
3.609872
3.746994
3.523753
3.159051
2.671816
2.217363
1.669687
1.156526
0.634836
0.517781
0.835123
1.311952
1.758194
2.272083
2.777868
3.292448
3.619686
3.948704
4.319409
4.778830
5.245135
5.811109
6.046709
6.074738
6.055120
5.645383
5.122088
4.572474
3.827976
3.295123
2.648760
1.975542
1.516565
1.263077
1.233360
1.438731
1.733152
2.059265
2.494153
2.607664
3.068197
3.426329
3.755179
3.855381
3.768304
3.545083
3.162986
2.776677
2.461560
2.354123
2.432284
2.716380
2.914084
3.160313
3.351124
3.595900
3.818613
4.021002
4.253319
4.505582
4.854731
5.161379
5.565799
6.026396
6.612538
7.082807
7.676279
8.273406
8.946513
9.651481
10.289311
10.852128
11.665443
12.394662
12.943210
13.737178
14.333566
15.168928
15.956422
16.682034
17.540786
18.199651
18.612518
18.931639
18.924591
18.882895
18.559585
18.204891
18.072868
17.784490
17.475025
17.095374
16.736836
16.457634
16.122760
16.200013
15.933954
15.816128
15.514764
15.271725
15.036992
14.582490
14.474196
14.080128
13.699434
13.421812
13.324927
13.375599
13.962304
14.321779
14.707862
15.082571
15.440382
15.916379
16.430574
16.937279
17.492321
18.158278
18.662260
19.149626
19.761658
20.240931
20.750488
21.247237
21.720775
22.254299
22.766618
23.354123
23.905024
24.426040
24.818379
25.053894
25.220889
25.672477
25.573712
25.409081
25.545032
25.214875
24.790065
24.217636
24.069479
23.657471
23.500301
23.301830
23.546087
24.867155
25.999119
26.915155
27.482568
28.210367
28.982787
29.286240
29.428341
29.341581
28.951691
28.761025
28.723859
28.601647
28.475828
28.329188
28.179990
28.171029
27.939759
27.678173
27.419883
27.191440
27.038049
26.771860
26.547729
26.246839
26.014545
25.647591
25.445309
25.426274
25.294900
25.167920
25.336967
25.589190
26.068489
26.276669
26.006518
25.756840
25.723027
25.871763
26.003020
26.116583
26.360217
26.498674
26.672491
26.856526
27.019400
27.208207
27.355846
27.540076
27.797963
28.244298
28.434460
28.803015
29.112420
29.478151
29.730175
30.055743
30.354904
30.610321
30.967243
31.207312
31.277556
31.088760
30.729454
30.434527
30.266990
30.222400
30.024429
29.796666
29.728677
29.593850
29.367877
29.153034
28.942444
28.698581
28.517643
28.318412
28.124023
27.945404
27.764890
27.639227
27.513875
27.373910
27.392198
27.311785
27.207084
27.008479
26.664283
26.396638
26.302503
26.388368
26.515895
26.627912
26.765963
26.896596
27.093115
27.294843
27.508905
27.745593
27.910645
28.117979
28.371322
28.696079
28.900284
29.221620
29.548376
30.079469
30.302234
30.523707
30.765089
31.331612
31.569933
31.652890
31.461171
31.050602
30.900012
30.632854
30.343163
30.072737
29.872132
29.646089
29.710883
29.563644
29.319391
29.097061
28.886431
28.707077
28.361433
28.154060
27.945574
27.733793
27.533374
27.329018
27.137136
26.933962
26.741986
26.565238
26.461932
26.301323
26.076071
25.647973
25.285249
25.153734
25.327023
25.497176
25.687161
25.874612
26.645209
26.888517
27.148477
27.380791
27.598099
27.831509
28.074663
28.385018
28.595108
28.902334
29.153629
29.419145
29.615872
29.849107
30.102717
30.466293
30.861480
31.383906
31.691894
32.070557
32.459492
32.848119
33.214471
33.660605
34.114938
