0.243584
0.293050
0.251089
0.187382
0.149425
0.286682
0.537400
0.709988
0.951344
1.251789
1.495235
1.672889
1.936235
2.195946
2.512258
2.997681
3.478986
4.068237
4.516686
4.941393
5.161625
4.927332
4.582965
3.978740
3.469192
2.950701
2.463891
1.959703
1.674495
1.269855
0.831033
0.580153
0.554016
0.862253
1.220864
1.526799
1.836811
2.052281
2.245281
2.596102
2.752087
2.593088
2.352862
1.830304
1.386235
0.925174
0.713569
0.946244
1.339433
1.920066
2.232330
2.135999
2.087780
2.082064
2.310983
2.544275
2.839190
3.165186
3.562540
3.965821
4.437724
4.882357
5.154450
5.125212
4.946039
4.518337
4.154254
3.696638
3.306467
2.864680
2.522801
2.276431
2.046434
2.017966
2.160356
2.402700
2.719758
3.045894
3.428681
3.807561
4.164820
4.623124
5.091883
5.476299
5.930023
6.554320
7.180011
7.655233
8.310770
8.803944
9.424662
9.977966
10.642103
11.284889
11.962850
12.591461
13.203022
13.720366
14.265880
14.920217
15.460571
16.045990
16.530307
16.662686
16.605781
16.250517
15.877027
15.573873
15.514011
15.384201
15.416420
15.327492
15.169671
15.144439
15.142880
15.128909
15.083550
15.105818
15.342929
15.713571
15.812640
16.128732
16.271535
16.660165
16.952781
17.425156
17.992229
18.803032
19.438093
19.573510
19.810995
19.876319
20.354114
20.545099
20.519194
20.739903
20.875697
21.035585
21.113602
21.292355
21.483028
21.600696
21.710270
21.737715
21.788659
21.970099
22.037894
22.387232
22.689391
22.751526
22.942601
23.288852
23.794985
24.359705
25.012455
25.607277
26.245971
26.816336
27.347316
27.930047
28.595834
29.383667
30.138656
30.851628
31.439672
32.051294
32.621684
33.125950
33.493551
33.873405
34.275501
34.329591
34.211265
33.922939
33.352060
32.668061
32.054709
31.545475
31.187805
30.889432
30.525304
30.164927
29.948201
29.683503
29.397697
28.952383
28.493122
27.900760
27.300300
26.768065
26.061689
25.486851
24.929569
24.348386
23.869864
23.455245
23.040227
22.604453
22.264550
21.932364
21.788421
21.900661
22.118031
22.357611
22.679399
23.051725
23.400584
23.697569
24.149070
24.663993
25.254434
25.785292
26.467453
27.173876
27.839289
28.547133
29.388774
30.199514
30.922976
31.646363
32.085703
32.627912
32.754748
33.040533
33.526569
33.773976
33.774276
33.401133
32.904619
32.270466
31.664334
31.228741
30.744712
30.282855
30.032045
29.615015
29.376942
29.082068
28.678527
28.340465
27.734127
27.259612
26.677559
26.135779
25.455125
24.852043
24.256946
23.678808
23.020121
22.584554
22.343509
22.056749
21.978706
22.115238
22.489535
22.827361
23.172679
23.401577
23.812015
24.537261
25.190908
25.809348
26.354334
27.032681
27.616611
28.290602
29.116684
30.004318
30.917330
31.568278
32.215799
32.328074
32.482568
32.778599
33.203619
33.695968
34.085851
34.037117
33.208962
32.547869
32.000061
31.753709
31.210154
30.702033
30.104758
29.957070
29.970663
29.987209
29.991365
29.882930
29.457643
28.957950
28.190508
27.629678
26.855811
26.109908
25.551358
25.071514
24.542933
24.039948
23.466650
22.791176
22.084062
21.405889
20.791229
20.840758
21.154858
21.576168
22.060325
22.536194
22.968202
23.525439
23.941708
24.431470
24.904277
25.440043
25.995266
26.546784
27.257713
28.207141
29.262500
30.612723
31.784523
32.659734
33.329775
33.720198
34.090583
33.962175
33.609733
33.262146
33.255063
33.094902
32.982047
32.872235
32.779630
32.785785
