2.126668 1.970816
2.108511 1.972033
2.099209 2.075256
2.038263 2.335606
1.944977 2.546186
1.889705 2.675600
1.692840 2.737519
1.648793 2.652950
1.617984 2.708040
1.770272 2.876277
1.978711 3.135362
2.251550 3.379529
2.516114 3.637226
2.798443 3.901224
2.932515 4.011801
3.065479 4.157591
3.199712 4.170696
3.240690 4.010244
3.427966 4.141790
3.636075 4.255003
3.691848 4.388580
3.492911 4.204451
3.327323 3.903325
3.199209 3.685279
3.121615 3.577629
3.061098 3.411726
3.148576 3.510766
3.422935 3.676860
3.751503 3.908347
4.073579 4.086050
4.253081 4.167133
4.124655 4.188298
3.965419 4.100251
3.756458 4.079688
3.745882 4.100859
3.801189 4.170942
3.917386 4.259462
4.078898 4.478387
4.173745 4.628684
4.353776 4.803768
4.575829 5.032256
4.722984 5.147697
4.818476 5.197631
4.767876 5.115193
4.708979 4.993612
4.699170 4.823099
4.647250 4.743567
4.569636 4.666514
4.529891 4.581426
4.334228 4.501424
4.050726 4.309767
3.893348 4.136173
3.963023 4.299070
4.135058 4.536993
4.352462 4.835931
4.702391 5.178401
4.828728 5.287216
4.871035 5.315581
4.789980 5.274879
4.635432 5.020808
4.691019 5.080911
4.427232 4.928622
4.259118 4.701089
4.124119 4.496230
3.843947 4.269067
3.565633 4.098454
3.399712 3.994550
3.478449 4.067655
3.676759 4.268386
3.936974 4.510607
4.263987 4.881602
4.486570 5.011302
4.723305 5.147566
4.869867 5.217228
5.020013 5.231180
5.194687 5.443955
5.429702 5.581020
5.659541 5.768969
5.731221 5.885847
5.654465 5.787731
5.671689 5.784226
5.709799 5.839491
5.821719 5.915317
5.960422 6.015993
6.128995 6.141870
6.285675 6.246437
6.484104 6.371896
6.709666 6.511277
6.929510 6.672091
7.116567 6.835443
7.308181 6.991907
7.402082 7.028850
7.412623 7.097147
7.448352 7.159575
7.439044 7.178006
7.484971 7.107641
7.413227 7.145152
7.399972 7.099285
7.429207 6.903976
7.199505 6.714030
7.115291 6.709247
6.979722 6.542826
6.960245 6.533091
6.937365 6.566132
6.829485 6.507051
6.606589 6.360231
6.275306 6.106328
6.181959 5.879001
6.076369 5.857221
5.941462 5.597173
5.763656 5.615745
5.407434 5.539463
5.205952 5.443917
4.989586 5.262021
4.832249 5.176480
4.720059 5.116567
4.711937 4.899371
4.611195 4.849867
4.603362 4.906245
4.691310 4.988879
4.776864 5.091326
4.716783 5.079558
4.685371 5.158092
4.808832 5.277330
4.859269 5.347125
4.766057 5.425535
4.667423 5.413630
4.426965 4.976695
4.172741 4.685603
4.048973 4.456836
3.951011 4.241508
3.849140 4.182582
3.825957 4.148178
3.904405 4.117321
3.853834 3.899173
3.759748 3.884405
3.808887 3.831483
3.799890 3.933725
3.764437 3.947150
3.748613 3.919104
3.676505 4.080315
3.634997 4.113992
3.599854 4.179964
3.576273 4.305622
3.710088 4.372761
3.759574 4.479080
3.881089 4.683869
4.152364 4.968264
4.486130 5.286506
4.891639 5.577375
5.211121 5.877869
5.296528 6.034375
5.353073 6.115803
5.432821 6.224784
5.495325 6.305056
5.566440 6.348531
5.634790 6.365603
5.695701 6.393867
5.661380 6.386944
5.703058 6.326194
5.699296 6.305246
5.772495 6.210964
5.681800 6.283305
5.816832 6.293820
6.023917 6.471792
6.275272 6.747902
6.514044 6.941717
6.770840 7.143693
6.973165 7.385564
7.226287 7.631089
7.394879 7.836688
7.382986 7.854632
7.307728 7.805412
7.026564 7.691230
6.800151 7.470372
6.491072 7.107047
6.414771 6.898192
6.299339 6.774516
6.166204 6.703139
6.057546 6.548582
5.917651 6.264153
5.815279 6.131404
5.853073 6.165105
5.934244 6.077311
5.938221 6.158759
5.988151 6.325264
6.150451 6.444587
6.325444 6.568766
6.560962 6.745561
6.770189 6.956235
6.901639 7.055430
6.942007 7.173877
6.727467 7.274210
6.862253 7.219355
6.862466 7.249621
6.997924 7.423990
7.149296 7.609910
7.356140 7.830640
7.496336 8.007217
7.739250 8.192247
7.763042 8.201117
7.580988 7.965863
7.349673 7.731482
7.272784 7.609350
7.095384 7.274244
7.011596 7.147649
7.073552 7.152945
7.097256 7.198793
7.200567 7.273516
7.261585 7.343712
7.319495 7.338218
7.266507 7.313314
7.165984 7.335164
7.148789 7.365178
7.095047 7.372818
7.265360 7.577013
7.400275 7.596571
7.528445 7.761277
7.690707 7.956635
7.828001 8.032833
7.793332 7.908121
7.360438 7.820268
7.328173 7.877746
7.288001 7.956956
7.165501 7.992114
7.189572 8.035985
7.214953 8.135779
7.245645 8.152008
7.205981 7.808100
6.974225 7.403343
6.796553 7.117179
6.757474 6.974044
6.666007 6.926680
6.643574 6.879897
6.500352 6.662819
6.398750 6.492068
6.192240 6.050134
6.213153 6.077897
6.178466 5.981767
6.298754 5.958475
6.401022 6.124668
6.359689 6.159706
6.433718 6.183638
6.612724 6.299650
6.735873 6.356714
6.766369 6.411517
6.863232 6.565838
6.777520 6.477994
6.850064 6.478216
6.644380 6.394907
6.616005 6.446471
6.446552 6.258356
6.204012 6.009094
5.799609 5.758036
5.536575 5.362750
5.085459 5.001924
4.893338 4.945783
4.783493 4.890796
4.623183 4.977124
4.415233 4.898329
4.494508 4.805069
4.423959 4.764604
4.225107 4.642275
4.232644 4.640797
4.333795 4.797378
4.486612 4.929965
4.609833 5.153259
4.762005 5.344987
4.855427 5.367124
4.820309 5.354182
4.905644 5.275819
4.821511 5.208873
4.923389 5.262103
5.095386 5.425467
5.366079 5.622631
5.720742 5.965694
6.112209 6.309066
6.335157 6.498103
6.403992 6.607427
6.391716 6.589740
6.295782 6.500893
6.201899 6.431659
6.108911 6.184274
6.074840 6.189321
6.099068 6.226193
6.104166 6.179086
6.071339 6.115830
5.933065 6.124323
5.826153 5.893696
5.682388 5.760639
5.598213 5.641808
5.464809 5.444446
5.295569 5.401548
5.188511 5.321568
5.269673 5.316218
5.218612 5.373330
5.312121 5.422875
5.494621 5.507621
5.625204 5.563584
5.690619 5.409576
5.753777 5.553976
5.549254 5.433160
5.449928 5.330735
5.401496 5.279123
5.310587 5.111869
5.192865 4.899017
5.027824 4.544727
4.826966 4.344408
4.668140 4.055332
4.560637 4.034823
4.447238 4.029884
4.261792 3.994488
4.217338 3.988145
4.238683 4.117198
4.240232 4.094045
4.140387 4.074778
3.815681 4.151617
3.808174 4.077763
3.948405 4.156271
4.023578 4.297735
4.163647 4.448376
3.983258 4.451469
3.940497 4.398953
3.778651 4.205731
3.755038 4.069431
3.728969 4.001885
3.724614 3.890791
3.705736 3.740293
3.737322 3.623956
3.656682 3.615129
3.638030 3.681335
3.651303 3.715736
3.600962 3.781529
3.603516 3.774568
3.500124 3.830249
3.599804 3.846954
