0.250669
0.295183
0.267247
0.261573
0.291943
0.237174
0.342851
0.241698
0.235183
0.229231
0.251824
0.253035
0.240902
0.236333
0.373412
0.650579
1.021486
1.468167
1.825945
2.134982
2.341936
2.150425
1.843155
1.458208
1.247824
1.043890
0.890620
0.974845
1.234862
1.524632
1.849695
2.343777
2.808861
3.238660
3.662025
4.073743
4.439836
4.689322
4.983201
5.388830
5.586413
5.855003
5.705786
5.433937
4.995781
4.351281
3.873632
3.454038
2.990494
2.433125
1.979511
1.568446
1.420278
1.390993
1.483372
1.589422
1.634610
1.849739
1.895107
2.046811
2.117366
2.405764
2.772465
3.009473
3.031191
2.864656
2.786460
2.768948
2.862245
3.022568
3.190320
3.447541
3.671168
3.894333
4.122165
4.397371
4.639089
4.896227
5.111930
5.389669
5.666035
5.963784
6.303132
6.814311
7.338019
7.913104
8.561792
9.193873
9.830045
10.289123
10.754905
11.429206
11.931242
12.625483
13.259612
13.984702
14.626785
15.304036
15.959758
16.677977
17.210017
17.771343
18.040351
17.996477
17.621385
17.184931
16.730043
16.382220
16.083006
15.800574
15.261030
14.806107
14.405989
14.087695
13.581405
13.120027
12.638505
12.338700
11.898799
11.580104
11.224471
10.821335
10.690206
10.586296
10.476325
10.188762
9.741334
9.501531
9.477646
9.835360
9.993346
10.287089
10.573919
10.934089
11.414530
11.692352
12.134851
12.451364
12.857108
13.155397
13.562361
13.956155
14.347663
14.785212
15.207011
15.629154
15.837120
16.244322
16.657599
16.948985
17.154705
17.013112
16.799737
16.655357
16.175758
15.778365
15.553791
15.364684
15.326929
15.212191
15.101121
15.290887
15.279762
15.322270
15.387922
15.463288
15.388068
15.224125
15.154798
15.112470
14.990139
14.522392
13.988957
13.603342
13.399050
13.296162
13.350673
13.358956
13.458443
13.716144
13.822586
13.961154
14.074550
14.257984
14.451691
14.570321
14.830216
14.908485
15.002944
14.939349
14.963968
15.134594
15.280064
15.313473
15.460644
15.594343
15.896187
16.059650
16.235141
16.153254
15.642526
15.047928
14.504731
13.981040
13.540934
13.153324
12.797230
12.348178
12.062873
11.399114
11.058823
10.624994
10.298833
10.112101
9.907348
9.859382
9.922512
9.977789
10.017261
10.088905
9.930997
9.616358
9.425717
9.401602
9.329338
9.256631
8.953836
8.549016
8.372250
8.267419
8.024497
7.867181
8.012781
8.253758
8.652592
8.798662
9.182428
9.444649
9.624697
9.734368
9.862246
10.150193
10.439766
10.687372
10.999397
11.362066
11.708444
12.000778
12.357263
12.684861
12.886318
12.771018
12.339394
11.606203
11.028538
10.448398
10.034500
9.275916
8.622054
8.063604
7.373540
6.751171
6.210008
5.835145
5.543741
5.518205
5.482087
5.423701
5.303484
5.185388
4.899271
4.523896
4.074142
3.724241
3.469091
3.605648
3.589842
3.539803
3.509993
3.713413
3.963219
4.024957
4.194523
4.384499
4.700231
5.087442
5.525172
6.071872
6.661332
7.218770
7.560137
7.703321
7.984385
8.410168
8.674873
8.997758
9.325616
9.581782
9.956627
10.312961
10.583945
10.930178
11.290094
11.447908
11.373693
11.266586
10.800437
10.258291
9.730832
9.231313
8.802957
8.263049
7.807542
7.420478
6.992056
6.581190
6.207392
5.745743
5.367180
5.146519
4.947523
4.755091
4.572377
4.317121
4.061911
3.753383
3.337701
3.037755
2.897290
2.886321
2.842393
2.865929
2.833110
2.726529
2.780905
2.793740
