2.120339 1.985741
2.182152 2.035224
2.210215 2.195847
2.314330 2.431177
2.458510 2.724161
2.624669 3.030407
2.846311 3.325561
3.069786 3.620784
3.318525 3.895781
3.592534 4.149530
3.731233 4.339082
3.869353 4.476205
4.003074 4.725588
4.024764 4.974316
3.948269 5.067312
3.521091 5.013499
3.481571 4.895383
3.385514 4.779045
3.358211 4.539745
3.270683 4.272728
2.893644 3.837192
2.678548 3.320026
2.206836 2.868908
1.990171 2.540527
1.963322 2.461858
2.067007 2.494656
2.150942 2.652841
2.295316 2.971021
2.395536 3.360960
2.439114 3.640801
2.457130 3.951934
2.622330 3.963236
2.686805 3.974939
2.850866 4.018201
3.127049 4.048029
3.419601 4.133040
3.771555 4.264862
4.245257 4.441709
4.815169 4.691116
5.404332 4.990372
5.976320 5.266675
6.397425 5.540671
6.622322 5.562955
6.775341 5.451632
6.733276 5.225992
6.610299 5.062358
6.450851 4.982587
6.024511 4.877276
5.615985 4.516197
4.967511 4.388532
4.427760 4.057038
4.143926 4.018443
3.704438 3.997694
3.517320 4.203069
3.343229 4.401441
3.000419 4.510045
2.815446 4.615510
2.493011 4.559605
2.485142 4.300735
2.424873 4.126488
2.539907 3.970277
2.580959 3.685516
2.483570 3.344969
2.289673 2.897637
2.071876 2.567495
1.933276 2.443310
1.906292 2.318781
1.947363 2.473565
2.080247 2.782493
2.266993 3.137519
2.374009 3.478134
2.516072 3.837311
2.612391 4.154763
2.781215 4.343185
2.977976 4.477814
3.186322 4.495080
3.490292 4.649554
3.960896 4.755373
4.517372 4.899999
4.986155 4.944924
5.441751 5.001775
5.873194 5.119475
6.357883 5.301707
6.827211 5.504560
7.334610 5.705394
7.810800 6.041025
8.330977 6.277003
8.780133 6.525535
9.223340 6.721797
9.699303 6.946227
10.064301 7.215438
10.344377 7.414745
10.701298 7.523543
10.997229 7.745548
11.245077 7.984541
11.457249 8.153351
11.678905 8.327718
12.003447 8.497308
12.334310 8.723234
12.562800 8.982774
12.876128 9.147511
13.157530 9.339250
13.229085 9.400534
13.168295 9.398118
13.048194 9.312928
12.893160 9.226360
12.822836 9.117964
12.764237 9.114583
12.704364 9.112630
12.676808 9.138129
12.689747 9.200971
12.704169 9.253667
12.759515 9.321782
12.842209 9.494286
12.944077 9.603949
12.984717 9.707457
13.082154 9.851089
13.233693 10.087095
13.295056 10.214725
13.532527 10.428507
13.608176 10.592160
13.681517 10.737186
13.890701 10.864198
13.969144 11.104370
14.058579 11.265897
14.155065 11.337153
14.234050 11.332198
14.247957 11.259598
14.401966 11.206977
14.422941 11.155524
14.381265 11.106632
14.427567 11.100176
14.471731 11.127710
14.540644 11.145625
14.621271 11.179679
14.708173 11.242802
14.816607 11.344823
14.893145 11.568885
15.089833 11.766579
15.184995 11.873912
15.258280 12.001452
15.374845 12.130175
15.595332 12.265001
15.690577 12.355889
15.745370 12.503454
15.793012 12.664911
15.867119 12.828942
15.970266 12.981727
16.102631 13.082987
16.164799 13.197181
16.127029 13.203331
15.946038 13.145391
15.964982 13.041672
16.015211 13.008131
16.111099 13.033901
16.191373 13.040145
16.286724 13.122693
16.350937 13.231512
16.582041 13.310150
16.733912 13.532083
16.909844 13.694521
17.247819 13.915021
17.395615 13.964818
17.569752 14.030455
17.644607 14.159168
17.915595 14.302461
18.154280 14.418238
18.251029 14.481046
18.343912 14.570069
18.505428 14.707734
18.587463 14.811790
18.551673 14.839817
18.537633 14.864394
18.473329 14.821836
18.426579 14.781684
18.465238 14.815180
18.408292 14.800389
18.390736 14.837444
18.378979 14.924323
18.451908 15.010632
18.463302 15.152815
18.532371 15.228227
18.516557 15.266912
18.605063 15.380138
18.621839 15.459178
18.721601 15.520063
18.775864 15.552400
18.834852 15.693401
18.851587 15.797732
18.865620 15.909283
18.924423 16.031223
18.939362 16.134502
18.982997 16.170308
18.817946 16.245000
18.859293 16.353080
18.911151 16.450107
19.045564 16.659182
19.157963 16.826579
19.230416 16.964732
19.620029 17.103217
19.707862 17.086028
19.726294 17.027025
19.744993 16.938344
19.783651 16.874142
19.823350 16.831528
19.895499 16.821085
19.956936 16.813882
19.988011 16.819707
20.038040 16.829566
20.105389 16.855320
20.210666 16.887004
20.403974 16.995943
20.491857 17.037911
20.597341 17.083140
20.729398 17.085936
20.789006 17.126600
20.857467 17.115322
20.980110 17.209510
21.165571 17.224518
21.219569 17.263644
21.575211 17.494860
21.635829 17.550372
21.629110 17.541831
21.703715 17.569676
21.784516 17.642858
21.837114 17.678919
21.603776 17.691293
21.565120 17.717238
21.521807 17.709891
21.514511 17.701456
21.503888 17.720413
21.497987 17.765722
21.574691 17.817425
21.577562 17.884412
21.627737 17.929304
21.772491 18.080768
21.829565 18.181226
21.953463 18.294154
21.995715 18.404925
22.038978 18.565667
22.062792 18.671953
22.067287 18.711387
21.937043 18.741171
21.983990 18.776482
22.013546 18.867008
22.083364 18.987110
22.098434 19.067906
22.129549 19.094325
22.170799 19.198475
22.209712 19.308739
22.285545 19.393358
22.314516 19.434636
22.320944 19.437412
22.259361 19.393809
22.189750 19.357063
22.138596 19.333654
22.110554 19.341487
22.076887 19.364062
22.080545 19.362153
22.057073 19.372320
22.137571 19.442261
22.149026 19.419015
22.203931 19.485384
22.229270 19.554496
22.248284 19.719588
22.466930 19.904931
22.496093 19.992396
22.727750 20.175684
23.014918 20.360341
23.031708 20.446291
23.013978 20.539817
23.080281 20.692126
23.208074 20.806774
23.212963 20.900594
23.223979 20.834659
23.124177 20.836543
23.142980 20.684407
23.153803 20.723099
23.147370 20.718366
23.120479 20.728506
23.062388 20.731958
23.134736 20.787671
23.245627 20.891481
23.420887 21.019491
23.535226 21.090945
23.613374 21.148131
23.805383 21.310531
23.919031 21.387556
23.994138 21.505989
24.080723 21.616247
24.206482 21.670118
23.965650 21.756210
24.014423 21.853582
24.137501 21.956608
24.164458 21.989658
24.169259 22.001635
24.232033 22.008726
24.281109 22.128248
24.255985 22.209746
24.321949 22.281084
24.425498 22.347003
24.537605 22.435444
24.606287 22.387724
24.562003 22.404302
24.535415 22.395051
24.452890 22.248371
24.384277 22.092124
24.257007 21.911980
24.277444 21.913787
24.310004 21.817643
24.326605 21.770160
24.340557 21.689222
24.317747 21.672335
23.951573 21.723644
23.955382 21.609601
23.873257 21.663343
23.988299 21.763265
24.099461 21.700207
24.058170 21.728403
24.148764 21.808477
23.968604 21.802953
23.939734 21.878028
23.808579 21.656328
23.891595 21.483484
23.784539 21.235419
23.569753 20.975135
23.302253 20.526784
23.106800 20.091028
22.786329 19.930763
22.607504 19.790139
22.356444 19.451300
21.900404 18.940582
21.222496 18.455061
20.713965 18.098514
20.232400 17.554302
19.663988 17.258543
