2.137697 1.979004
2.139883 2.057865
2.160945 2.178662
2.259946 2.377571
2.407254 2.614115
2.563651 2.867812
2.777233 3.185169
2.581463 3.243207
2.516191 3.436981
2.447218 3.514176
2.463364 3.739300
2.525345 3.899049
2.650239 4.114317
2.818799 4.263881
2.760389 4.358978
2.767580 4.396214
2.780413 4.280305
2.836255 4.086550
2.796327 3.942234
2.815895 3.811014
2.721266 3.713031
2.584319 3.347307
2.362004 3.077521
2.164046 2.815372
1.997355 2.669934
2.003211 2.711241
2.129272 2.893278
2.289692 3.183315
2.522848 3.433911
2.681198 3.675686
2.807190 3.822076
2.887596 3.933477
2.947295 3.998764
3.088558 3.968035
3.211022 4.031751
3.465736 4.230569
3.898224 4.393069
4.429431 4.777768
5.101197 5.212301
5.954744 5.630365
6.597314 5.920565
7.039751 6.002576
7.217730 5.966899
7.268572 5.897651
7.261202 5.802715
7.251764 5.723920
7.216253 5.740527
7.001844 5.698966
6.582361 5.471852
5.805969 5.258262
4.883162 5.014822
4.222941 4.752600
3.668983 4.507063
3.418787 4.681931
3.375499 4.880332
3.242883 5.114436
2.952214 5.067392
2.709745 4.859923
2.507167 4.668739
2.415540 4.323438
2.576461 4.141313
2.556582 3.847130
2.471699 3.588306
2.262179 3.247652
2.017770 2.929650
1.792384 2.759460
1.778486 2.755425
1.792352 2.821752
2.002711 3.078939
2.259171 3.496375
2.536261 3.956614
2.776861 4.397921
3.019119 4.701920
3.157754 4.963411
3.308739 5.134531
3.562011 5.346950
3.903919 5.635629
4.424137 6.041506
4.880761 6.322600
5.204764 6.549073
5.627415 6.801615
6.037165 7.124849
6.595021 7.488280
7.176462 7.785572
7.693515 8.070164
8.257699 8.379692
8.693030 8.686112
9.118287 8.899416
9.474675 9.155656
9.854404 9.433344
10.238769 9.658482
10.602349 9.946344
11.086397 10.299124
11.496800 10.566070
11.990609 10.805629
12.436394 11.110823
12.866242 11.287221
13.238562 11.518482
13.694898 11.863519
14.061329 12.136174
14.407595 12.359068
14.713105 12.542041
14.906942 12.701348
14.966443 12.630648
14.999759 12.550254
14.935513 12.532228
14.895345 12.433489
14.880967 12.314630
14.942895 12.296224
15.000094 12.316129
15.062180 12.285468
15.203713 12.105798
15.256890 12.027891
15.393027 11.968974
15.494961 11.905231
15.513204 11.884596
15.601323 11.974119
15.683675 12.066942
15.788090 12.070161
15.810898 12.229923
15.761413 12.366922
15.715412 12.409813
15.766421 12.550089
15.847809 12.626264
15.871071 12.464516
15.927100 12.348283
15.892504 12.319339
15.559717 12.037991
15.282336 11.603988
15.053795 11.301589
14.808202 10.937833
14.514433 10.625760
14.145496 10.430345
13.888657 10.327105
13.520323 10.083694
13.055602 9.867741
12.825715 9.574708
12.257422 9.337173
12.124136 9.352211
11.776940 9.048535
11.310574 9.007882
11.268524 8.888606
11.079763 8.769419
10.780918 8.497427
10.394066 8.594903
10.168412 8.598826
9.924901 8.566033
9.951338 8.579651
10.078174 8.673895
10.184867 8.831757
10.397744 9.007800
10.470071 9.081292
10.470762 9.133317
10.602455 9.439507
10.882364 9.597691
11.019106 9.732249
11.113867 9.891539
11.309505 10.226462
11.559091 10.528968
11.695680 10.761148
11.719436 10.892511
11.432667 10.980345
10.833936 10.947969
10.593857 10.852134
10.111540 10.765379
9.681868 10.720180
9.397443 10.756502
8.921516 10.556698
8.825450 10.325246
8.236970 10.168215
8.261390 10.183672
8.346328 10.228054
8.327745 10.244898
8.316470 10.113168
7.840580 9.971306
7.679181 9.560110
6.893612 9.363083
6.660854 8.986579
6.588561 8.831841
6.310607 8.739221
6.364237 8.806604
6.312285 8.708532
5.312456 8.637013
5.426413 8.615806
5.387792 8.598732
5.409309 8.697471
5.351821 8.726040
5.420540 8.829706
5.498378 8.995218
5.612781 9.093119
5.809479 9.279985
6.022932 9.473403
6.229315 9.701174
6.444212 9.876700
6.629946 10.087120
6.721614 10.284961
6.665580 10.141499
6.630589 10.057496
6.532458 9.942094
6.309586 9.599959
6.134421 9.380759
5.711262 9.049153
5.400136 8.833670
5.227163 8.344053
5.242785 8.372862
5.269219 8.400462
5.373202 8.272105
5.506033 8.371374
5.568927 8.348128
5.337267 8.295725
5.101452 8.055858
4.949528 7.888884
4.920769 7.633594
5.011835 7.509123
4.912490 7.615873
4.938991 7.843509
5.035954 8.052144
5.163639 8.413232
5.314507 8.659352
5.404578 8.912283
5.618563 9.115829
5.760212 9.187550
5.698610 9.088881
5.828454 9.013841
5.851931 9.052893
6.005571 9.138999
6.047525 9.212868
6.011245 9.212790
5.854763 9.056266
5.562590 8.783907
5.268899 8.439498
5.042842 8.230982
4.896658 8.174882
4.962036 8.339997
5.033090 8.665387
5.208645 8.981293
5.440814 9.440732
5.527499 9.696720
5.404741 9.670217
5.155023 9.331332
4.973576 8.965027
4.925336 8.686270
4.866432 8.543522
4.893506 8.421064
5.020163 8.492112
5.215182 8.593223
5.392270 8.688655
5.567324 8.860754
5.568015 8.961565
5.779648 8.926103
5.748170 8.818290
5.707667 8.800394
5.493118 8.646637
5.207310 8.465586
4.940981 8.412185
4.825323 8.323384
4.849567 8.201279
4.784669 7.980210
4.779479 7.654076
4.772727 7.505561
4.619354 7.201672
4.543950 6.965769
4.517169 6.904157
4.531070 6.989408
4.586562 7.269692
4.657307 7.291543
4.797016 7.580661
5.021468 7.846986
5.097425 8.055611
5.268742 8.281872
5.046391 8.216135
4.864096 7.933267
4.517672 7.362868
4.558082 7.415082
4.741429 7.523076
5.239802 8.220581
5.785622 9.115210
6.343751 9.879621
6.706170 10.444572
6.861527 10.671266
6.715024 10.629791
6.436889 10.313822
5.991128 9.843660
5.655046 9.415605
5.485609 9.102021
5.499134 9.156734
5.510188 9.510466
5.587930 9.738710
5.769012 10.178328
5.811499 10.322796
5.798514 10.388927
5.718421 10.061839
5.533959 9.685257
5.468766 9.216665
5.166654 8.485914
5.030973 7.944279
5.051599 7.934899
5.205958 7.795587
5.332930 7.864736
5.542995 7.880684
5.660002 7.857160
5.626671 7.726440
5.247670 7.293781
5.114728 6.919862
4.905131 6.557811
4.743582 6.186228
4.621402 5.904729
4.458103 5.808726
4.417222 5.753885
4.431884 5.635508
4.478633 5.744893
4.545451 5.806071
4.600967 5.874720
4.588785 5.882761
4.389377 5.820694
4.272529 5.675019
4.205114 5.702179
4.323440 5.768889
4.447129 6.042881
4.759848 6.357810
5.160655 6.835703
5.461850 7.171105
5.702758 7.521292
5.853752 7.700205
5.820146 7.682925
5.628472 7.603197
5.335990 7.437844
5.101538 7.234889
4.836576 7.071574
4.515066 6.782365
4.390113 6.470365
4.244804 6.323814
4.251525 6.224804
4.254069 6.013217
4.214031 5.850321
4.205576 5.664217
