0.284694
0.267617
0.252202
0.211617
0.189568
0.326526
0.426715
0.517971
0.562786
0.541586
0.595401
0.697505
0.726373
0.797189
0.915979
1.308681
1.646350
2.087144
2.513609
2.852156
2.999062
2.852861
2.430798
1.892850
1.420261
1.060816
0.574617
0.328446
0.776888
1.214014
1.825605
2.361348
2.887978
3.448603
3.987079
4.393351
4.789998
5.067665
5.398055
5.914795
6.289292
6.295334
6.220834
5.764399
5.014163
4.232481
3.457402
2.803525
2.254073
1.911139
1.547552
1.319001
1.292519
1.376036
1.511753
1.632612
1.689969
1.808225
1.884262
1.877762
2.106837
2.421712
2.554958
2.587764
2.553546
2.325656
2.181725
2.116732
2.007801
1.924712
2.059597
2.278009
2.613412
2.824670
3.080819
3.330644
3.588208
3.784610
3.851270
4.030030
4.335711
4.688837
5.210298
5.767388
6.485845
7.055222
7.604230
8.175233
8.709928
9.272765
9.898670
10.342743
10.920213
11.453722
12.150308
12.705845
13.045323
13.481692
13.941045
14.406348
14.955292
15.225755
15.374030
15.186089
14.804283
14.236996
13.607422
13.155188
12.601688
12.223794
11.712748
11.166412
10.834850
10.338400
9.772185
9.541439
9.147172
8.982858
8.743943
8.683770
8.539586
8.512261
8.450974
8.500006
8.435420
8.344762
7.981624
7.633855
7.465374
7.410347
7.409904
7.350985
7.403942
7.550147
7.593412
7.534917
7.482455
7.647199
7.797391
7.898661
7.940126
8.040905
8.175433
8.286782
8.435536
8.644306
8.820999
9.158593
9.456048
9.818908
10.106727
10.131581
9.751329
9.734805
9.552993
9.407579
9.393786
9.269249
9.095300
9.175685
9.304336
9.638237
10.063041
10.353387
10.668661
10.904494
11.035878
10.916720
10.810682
10.391310
10.100094
9.781793
9.234831
8.662749
8.188626
7.711613
7.352271
7.276069
7.311867
7.447903
7.580058
8.101305
8.609841
9.101554
9.697506
10.013404
10.314865
10.367307
10.551270
10.768811
11.028705
11.257558
11.577853
11.967601
12.169127
12.333708
12.612491
12.767629
12.883389
12.620557
12.190516
11.700501
11.058209
10.415772
9.923023
9.591848
9.097858
8.623920
8.191387
7.725768
7.068439
6.480160
5.969809
5.571157
5.236956
5.166370
5.283657
5.275465
5.501368
5.538157
5.348541
5.206879
4.871440
4.555864
4.297902
3.971951
3.576457
3.112404
2.827552
2.631279
2.355040
2.347606
2.682659
3.232556
4.084253
4.782851
5.573109
6.187716
6.665854
7.067862
7.219695
7.405741
7.785209
8.120029
8.360423
8.629579
9.048265
9.453243
9.689621
9.950281
10.083556
10.110242
9.816894
9.397209
8.833236
8.236008
7.791305
7.359650
6.747805
6.208653
5.627478
5.200207
4.813160
4.540007
4.328160
4.135034
4.031211
4.043807
4.042481
3.836834
3.528940
3.396990
2.906100
2.438711
2.046745
2.021468
2.117535
2.417203
2.593455
2.640092
2.718381
2.692001
2.686355
2.783721
2.997149
3.663075
4.432245
5.115148
5.778681
6.307108
6.643381
7.085595
7.385078
7.660032
7.828763
8.149959
8.372781
8.670259
8.955483
9.243613
9.646873
9.978608
10.313044
10.576983
10.855720
10.832572
10.603160
10.125251
9.610166
9.193914
8.755075
8.270186
7.807495
7.454291
7.117926
6.747646
6.464439
6.099693
5.954716
5.948932
5.932330
5.935150
5.840961
5.648027
5.390850
4.875306
4.633591
4.405566
4.180556
3.906375
3.661364
3.248234
2.812578
2.313777
1.830686
1.345006
