2.127434 1.977607
2.152409 2.074727
2.185715 2.219818
2.265440 2.428641
2.357004 2.665573
2.522265 2.886708
2.714704 3.126403
2.919878 3.433944
3.176171 3.715640
3.446101 4.001671
3.485479 4.199373
3.234274 4.404391
3.077921 4.484151
3.035603 4.628772
2.911646 4.793190
2.745630 4.892463
2.684835 4.926200
2.694042 5.135987
2.750613 5.164813
2.664823 5.122926
2.658895 4.953486
2.570149 4.617412
2.370227 4.268759
2.172950 3.977357
1.997881 3.782161
1.935127 3.591452
1.961333 3.529047
2.022505 3.547304
2.067631 3.563349
2.152108 3.577702
2.230033 3.581596
2.324824 3.480806
2.431669 3.618662
2.649980 3.780179
2.881523 4.038513
3.280172 4.298269
3.813876 4.521420
4.287312 4.731485
4.706481 4.827407
5.033341 4.867595
5.179982 4.848010
5.012520 4.698920
4.804747 4.403989
4.596620 4.176756
4.296213 3.971189
4.087349 3.853614
3.782800 3.691372
3.785684 3.720046
3.649366 3.802348
3.448607 3.774267
3.293879 3.826968
3.050327 3.563479
2.515953 3.350421
2.057496 3.450758
1.853107 3.456277
1.779580 3.309675
1.595533 3.147211
1.633669 3.115795
1.704865 3.262727
1.786666 3.249700
1.951848 3.370176
1.970047 3.496331
2.049056 3.423439
1.980121 3.311672
1.859052 3.008230
1.725656 2.762923
1.748343 2.644049
1.822067 2.502608
1.858634 2.509725
1.960234 2.566643
2.028324 2.705215
2.160911 2.871699
2.328024 3.070479
2.504122 3.234670
2.770186 3.478124
3.156103 3.740937
3.629831 3.990076
4.135577 4.150347
4.460812 4.116802
4.474003 3.913989
4.409985 3.712467
4.466696 3.530911
4.329851 3.471072
4.515574 3.441304
4.667806 3.449840
4.813250 3.560496
4.954006 3.760758
5.277018 3.966396
5.870360 4.129414
6.310638 4.380780
6.747831 4.678088
7.155580 4.939492
7.678227 5.240265
8.171427 5.404914
8.614882 5.630935
9.328051 5.788010
9.922178 5.935861
10.362306 6.128481
10.834201 6.327318
11.321295 6.471811
11.445913 6.698569
11.460315 6.829007
11.439579 6.903084
11.293962 6.758698
11.227943 6.665963
10.885051 6.597398
10.614261 6.644615
10.308659 6.655919
10.155973 6.697228
10.109616 6.645216
9.866294 6.655569
9.696139 6.663638
9.613707 6.652527
9.349306 6.761596
8.994652 6.839956
8.765649 6.974053
8.780800 6.993760
8.703651 7.065779
8.559631 7.014143
8.206965 7.133359
7.635096 7.127717
7.466497 7.219799
7.379582 7.122017
7.117561 7.181536
6.950294 7.106546
6.657972 7.046866
6.200819 6.767252
5.774988 6.663474
5.440976 6.440973
5.112803 6.014267
4.787714 5.682649
4.735173 5.632231
4.641158 5.599423
4.510002 5.442273
4.208385 5.373179
3.800210 5.437777
3.691398 5.504258
3.738951 5.445849
3.636390 5.302110
3.709172 5.284765
3.756346 5.367346
3.820302 5.309393
3.932504 5.331354
4.077318 5.365330
4.254643 5.430453
4.311771 5.550169
4.374280 5.635696
4.443929 5.803046
4.535012 5.903975
4.428633 6.011116
4.373520 6.054325
4.303522 5.948617
4.278910 5.844938
4.168723 5.686568
4.179606 5.497716
4.174890 5.374108
4.138602 5.262850
4.047333 5.176296
3.970630 5.146247
3.846312 5.015392
3.791311 5.190900
3.878107 5.318777
3.866228 5.481237
3.941833 5.661766
3.915182 5.808635
3.853502 5.842392
3.675221 5.796234
3.644113 5.834092
3.644327 5.842683
3.679167 5.759639
3.919868 5.753811
4.070624 5.701769
4.308296 5.693177
4.323524 5.428539
4.174074 5.254209
3.953332 5.017649
3.730413 4.626407
3.586463 4.316988
3.273577 4.096956
3.075375 4.100014
3.026593 4.208955
3.099668 4.359169
3.120371 4.437861
3.262460 4.605475
3.309887 4.673563
3.386946 4.738458
3.523729 4.860887
3.579346 4.912425
3.715490 4.875447
3.928746 4.871428
4.220776 4.911097
4.516137 5.053674
4.862866 5.259732
5.140758 5.377411
5.395872 5.443826
5.504755 5.390049
5.582150 5.418158
5.534482 5.377406
5.326522 5.407399
5.074172 5.220983
4.631982 5.003153
4.360680 4.739948
4.114051 4.617286
4.074990 4.463205
4.178397 4.454607
4.260165 4.565539
4.386005 4.707018
4.339974 4.879224
4.409074 4.974615
4.355750 4.909828
4.293196 4.875476
4.154487 4.606850
4.000517 4.446607
3.780737 4.293289
3.602545 4.214602
3.446913 4.236493
3.289219 4.353003
3.241584 4.537943
3.221663 4.683852
3.271018 4.653094
3.402346 4.578994
3.370337 4.483872
3.459484 4.396537
3.580027 4.461750
3.832548 4.599959
4.100596 4.736759
4.253065 4.840460
4.433687 4.841363
4.531732 4.702354
4.334592 4.532469
4.160353 4.268681
3.992216 4.092078
3.670321 3.974345
3.446536 4.011875
3.285330 4.088086
3.169899 4.195710
3.161472 4.339939
3.197872 4.523160
3.228467 4.503046
3.275727 4.554003
3.239714 4.564318
3.261778 4.509723
3.438490 4.375056
3.594480 4.407063
3.853644 4.464788
4.137951 4.610269
4.433282 4.792503
4.733611 5.041408
4.918813 5.122323
5.097753 5.173051
5.010673 5.097037
4.924657 4.937887
4.734823 4.751884
4.514442 4.563819
4.301287 4.434894
4.282187 4.349858
4.239454 4.466627
4.294371 4.508936
4.203907 4.543778
4.158890 4.587146
3.955559 4.600115
3.791991 4.470383
3.609962 4.354724
3.364101 4.374709
3.110361 4.313539
3.010392 4.354738
3.060114 4.451059
3.139925 4.525117
3.110777 4.544733
3.050688 4.667649
3.123386 4.674239
3.274277 4.464801
3.504255 4.378351
3.732295 4.493700
4.042738 4.704193
4.599321 5.341457
5.094637 5.821033
5.515699 6.371892
5.787859 6.659217
5.975251 6.678706
5.968899 6.519730
5.872052 6.115695
5.560750 5.690423
5.050330 5.371790
4.486064 4.945877
4.026319 4.649897
3.641564 4.658478
3.506136 4.709389
3.348077 4.707385
3.347561 4.752767
3.184712 4.649166
3.141773 4.412252
3.050012 4.289185
3.034017 4.136703
3.166368 3.959808
3.425568 4.045823
3.733636 4.168123
4.088118 4.344006
4.429041 4.498677
4.821668 4.661570
5.134524 4.743481
5.377004 4.946450
5.556684 5.097015
5.548635 5.159961
5.393348 5.104385
5.155563 4.841136
4.948073 4.570045
4.757460 4.459985
4.557478 4.359023
4.516016 4.367817
4.608670 4.429119
4.646820 4.572022
4.637883 4.670293
4.574574 4.617749
4.445961 4.485960
4.324446 4.326577
4.036746 4.092338
3.817622 4.051807
3.537930 4.051167
3.374696 4.102807
3.360089 4.352617
3.435407 4.542982
3.370807 4.623456
3.456131 4.720055
3.344318 4.603378
3.353399 4.476296
3.394713 4.318575
3.341450 4.089133
3.098831 3.922292
3.089086 3.781730
3.086880 3.702618
3.098190 3.685160
3.283081 3.747374
3.454896 3.883538
3.476051 3.869559
3.610653 3.973557
