190
200
190
190
200
190
200
280
290
280
290
380
390
390
380
390
380
380
460
560
560
560
550
560
650
650
650
740
750
820
930
920
940
920
940
930
920
930
930
940
940
1020
1010
1020
1040
1000
1050
1010
1140
1180
1210
1190
1210
1220
1630
1890
1890
1880
1880
1790
1290
1290
1330
1330
1290
1300
1350
1390
1390
1400
1400
1390
1400
1390
1390
1410
1420
1400
1400
1390
1440
1440
1260
1400
1420
1430
1440
1470
1450
1470
1510
1490
1500
1530
1570
1570
1590
1630
1660
2080
2100
1660
1900
1890
2500
1950
1690
1870
2630
2780
3020
3000
3010
3010
3020
2350
2720
2000
2500
2030
2210
2220
2270
2210
2390
2370
2450
2380
2540
2560
2570
2830
2840
2990
2790
2780
3580
2790
2760
3230
2730
2710
2880
2700
2700
3250
2710
2740
2710
2680
2690
2690
2720
2710
2750
2510
2710
2700
2720
2730
2900
3870
4470
3630
3050
3050
3340
4800
4120
3230
3900
3880
3920
3240
3220
3240
3270
3310
3320
3340
3770
4840
3400
3380
3280
3290
3380
3300
3270
3310
3280
3300
3270
3230
3450
3520
3520
3520
3530
3560
3560
3800
3810
3850
3840
3850
3830
3830
3820
3920
3910
3980
4030
4230
4270
4240
4230
4220
4190
4170
4150
4120
4150
4340
4320
4310
4290
4300
4340
4330
4590
4200
4750
4560
4230
4210
4180
4140
4890
4530
4410
4460
4730
4750
4970
4980
4960
4940
4930
4910
4910
4900
4840
4830
6160
5180
5130
5510
5330
5630
5140
5510
5480
5480
5480
5630
5470
5350
6020
5260
5270
5290
5220
5260
5440
6090
5410
5590
5610
5710
5620
5590
5740
7750
8510
8040
6500
5850
6250
5720
5790
6360
6700
6300
5710
6120
5770
5740
5770
6330
6170
5800
5820
6470
5910
5930
5940
5950
6020
5980
5990
5950
6250
6180
6200
6430
6460
6450
6430
6400
6570
6860
6580
6390
6850
7470
7650
6310
6320
6520
6540
6530
6530
6560
6760
6600
