2.127434 1.977607
2.152409 2.074727
2.185715 2.219818
2.265440 2.428641
2.357004 2.665573
2.522265 2.886708
2.714704 3.126403
2.919878 3.433944
3.176171 3.715640
3.446101 4.001671
3.721774 4.285180
3.998372 4.583624
4.252523 4.839669
4.584419 5.060379
4.822519 5.306829
5.078533 5.561973
5.305381 5.803580
5.366492 5.920337
5.613695 6.132120
5.798024 6.288431
5.748572 6.354302
5.666503 6.246272
5.549774 6.123491
5.271051 5.901098
5.090433 5.783164
5.113808 5.787656
5.197671 5.857591
5.349673 5.990767
5.469063 6.075093
5.472402 6.150346
5.506397 6.231140
5.634295 6.269635
5.697658 6.309180
5.623792 6.348511
5.453884 6.370302
5.356278 6.298609
5.428971 6.310601
5.781847 6.511656
6.242268 6.821704
6.580436 7.100165
6.700623 7.247323
6.772454 7.239738
6.776877 7.234937
6.872190 7.255512
7.067404 7.326171
7.065849 7.402564
6.946516 7.410511
6.729896 7.320351
6.353980 7.222293
5.690124 6.830720
5.527104 6.742054
5.494866 6.753520
5.504521 6.808049
5.639743 6.971925
5.791682 7.134005
5.967303 7.310787
6.135940 7.478865
6.289685 7.665115
6.311750 7.720279
5.950850 7.709206
5.726552 7.563168
5.597564 7.308186
5.537532 7.315739
5.303544 7.144900
5.131015 6.736213
4.883756 6.443605
4.600520 6.116476
4.608015 5.985223
4.610362 5.901591
4.775082 6.004138
4.945728 6.115196
4.868457 5.969750
4.976774 5.985723
5.085117 6.130116
5.093464 5.931460
4.812583 6.022597
4.833470 6.078411
4.685891 6.089922
4.649354 5.984088
4.577888 5.932296
4.465130 5.565623
4.416576 5.386828
4.341856 5.313553
4.219267 5.166416
4.271652 5.106406
4.314727 5.062176
4.378613 5.067297
4.226416 5.055377
4.232701 5.122651
4.309043 5.149150
4.286250 5.091228
4.334803 5.167864
4.447446 5.235083
4.559611 5.334978
4.629881 5.396279
4.773682 5.461488
4.787305 5.461913
4.750587 5.571302
4.757589 5.732312
4.791610 5.854365
4.877643 5.886191
4.917500 5.952239
4.915242 6.058899
5.056703 6.180187
5.057831 6.181685
5.100674 6.203103
5.262575 6.222523
5.358517 6.319701
5.636590 6.520898
5.889110 6.701604
6.142512 6.798037
6.477448 6.993192
6.858178 7.158061
7.241015 7.374453
7.632829 7.618397
8.132541 7.883725
8.645988 8.181866
9.166646 8.506542
9.576337 8.733371
9.889363 8.959578
10.287681 9.158248
10.616318 9.407169
11.102868 9.557066
11.403509 9.762437
11.749568 9.957962
12.046991 10.071822
12.144727 10.139501
12.124901 10.116014
11.946697 10.052705
11.791437 9.988216
11.739047 9.937616
11.693206 9.932002
11.707080 9.990753
11.721456 9.986022
11.666555 10.046820
11.597948 10.083689
11.602249 10.158693
11.666584 10.194864
11.664956 10.239608
11.561195 10.312566
11.515468 10.423171
11.378319 10.498548
11.292156 10.467085
11.122031 10.448996
11.019336 10.491502
10.699810 10.454735
10.531115 10.252153
10.398223 10.126688
10.059686 9.979272
9.457095 9.625283
9.093306 9.431893
9.101301 9.474662
9.794937 10.207910
9.833467 10.260853
9.367640 9.846824
8.821603 9.458676
8.440091 9.136341
7.829094 8.738880
7.276374 8.295626
7.263157 8.245304
7.083624 8.165730
6.545907 7.718160
6.061991 7.173105
6.120944 7.332068
6.583025 7.811944
7.886728 8.735029
8.844637 9.361866
9.315769 9.673991
9.646376 9.929393
10.192020 10.228725
10.734171 10.577152
10.837237 10.677305
10.502098 10.666841
10.389113 10.502237
10.784416 10.602521
11.124020 10.742935
11.290686 10.931615
11.548568 11.212528
11.795480 11.517721
12.143062 11.998331
12.321622 12.210549
12.289132 12.154930
12.212209 12.256575
12.256848 12.132826
12.153948 12.178085
12.144277 12.278813
12.016893 12.272734
11.702884 12.156915
11.437032 12.033477
11.187671 11.818719
10.792040 11.604603
10.669784 11.578102
11.255995 12.460182
11.380555 12.624372
11.085482 12.328075
11.070523 12.352419
11.235761 12.516902
11.328029 12.350440
11.085436 11.906135
10.515599 11.519165
9.930814 11.259716
9.697295 10.888906
9.716590 10.927074
9.549439 10.897387
9.096908 10.488960
9.080056 10.514322
9.760227 11.261953
9.690262 11.215167
9.277753 10.370616
8.760419 9.770204
8.293264 9.271658
7.682389 9.028368
7.043643 8.482688
7.143034 8.614010
7.068013 8.439905
6.379961 8.152176
6.375246 7.847447
6.212069 7.849871
6.885066 8.854796
7.952248 10.071725
8.785667 11.011324
9.280233 11.408731
9.702671 11.912331
10.283191 12.237327
10.681745 12.487983
10.601959 12.388110
10.447913 12.282947
10.327521 12.119382
10.570917 12.361124
10.824190 12.605719
11.005269 12.761464
11.163678 12.884952
11.421546 13.151120
11.819588 13.480494
11.955218 13.541342
12.026849 13.552124
11.983829 13.449280
11.948035 13.433091
12.063383 13.380525
12.183467 13.498213
12.146103 13.387141
12.027692 13.090152
11.775462 12.982398
11.439277 12.851099
11.099558 12.670034
11.162499 12.474259
11.659875 13.016299
11.719962 13.089368
11.467251 12.575534
11.559621 12.596093
11.782600 12.831258
11.925664 13.090472
12.094689 13.287781
12.080464 13.257909
11.893185 12.788275
11.863975 12.776087
12.347043 13.346904
12.391171 13.370135
11.999430 12.995818
11.561403 12.516014
11.175427 12.381554
10.713707 11.851535
10.454984 11.116477
10.520454 11.063227
10.308092 10.968112
9.868422 10.586293
9.521681 9.757320
9.361969 9.314313
10.240252 10.243670
11.644095 11.748150
12.642338 12.777156
13.016371 13.257336
13.470234 13.673596
14.012788 14.128542
14.588421 14.677647
14.591287 14.767241
14.576307 14.611323
14.216202 14.441623
14.083787 13.937791
13.771884 13.567211
14.037277 13.647292
14.403296 14.064822
14.569323 14.193856
14.878297 14.379289
15.248616 14.517155
15.617242 14.696986
15.663557 14.728679
15.694202 14.779406
15.691434 14.800537
15.684284 14.891888
15.683980 14.908746
15.730085 14.987708
15.731482 15.004776
15.582936 14.869114
15.374585 14.600112
15.274447 14.342777
15.104506 14.205183
15.118673 14.149521
15.582023 14.545826
15.573426 14.612588
15.417589 14.464297
15.486316 14.460526
15.716186 14.740714
15.802147 14.813373
15.755733 14.689074
15.707878 14.686695
15.939281 14.833016
15.926356 14.968178
15.684609 14.441840
15.646588 14.330745
15.941220 14.471689
15.928946 14.404995
15.625390 14.152335
15.408507 14.050434
15.266686 14.060706
15.147727 13.914144
14.791072 13.812342
14.861758 13.917726
14.508306 13.742958
14.309073 13.395938
13.987469 13.123708
13.743226 12.886679
14.258828 13.317247
15.668448 14.660884
16.337332 15.449203
17.130789 16.022773
17.523118 16.350359
17.850287 16.403447
17.973062 16.399657
18.170140 16.617310
18.269344 16.678057
18.346130 16.760872
18.491843 16.852263
18.667644 17.017376
18.734811 17.129861
18.797214 17.223852
