80
120
60
80
100
120
140
160
180
190
210
220
210
210
210
210
210
210
220
210
210
210
210
220
210
210
210
210
210
200
220
210
210
210
210
220
210
210
210
210
220
210
210
210
210
220
200
210
210
210
220
200
220
210
210
210
210
220
210
210
210
210
220
210
210
210
210
220
210
210
220
210
210
210
210
220
210
210
220
210
210
210
210
220
200
210
210
210
210
210
210
210
210
210
220
200
220
210
210
210
210
210
200
220
210
210
210
210
220
210
210
210
210
220
210
210
220
210
210
210
210
210
220
210
210
220
210
220
210
210
220
210
220
210
210
220
210
210
210
210
220
210
220
210
220
210
220
220
210
210
220
220
210
220
210
220
210
220
210
220
210
220
220
210
220
210
220
220
220
210
220
210
220
220
210
210
220
220
210
220
220
210
220
220
220
220
220
220
220
210
220
220
220
220
220
220
220
210
220
220
220
210
220
220
220
220
210
220
210
220
220
220
210
220
220
210
220
220
220
210
220
210
220
210
220
210
220
210
210
220
220
210
210
220
210
220
210
220
210
210
220
210
220
210
220
210
210
220
220
210
210
220
210
210
220
210
210
220
210
210
220
210
210
210
220
210
210
210
210
210
210
220
200
210
200
210
210
210
210
210
210
210
210
210
210
210
210
210
210
210
210
210
210
210
210
200
220
200
210
210
210
210
210
210
210
210
210
210
210
210
210
210
210
210
210
200
220
200
210
210
210
210
210
210
210
210
210
210
200
210
210
210
200
210
210
210
210
210
210
210
220
210
210
200
220
200
210
210
210
210
210
210
210
210
210
210
210
210
200
210
200
220
200
210
210
210
210
210
210
210
210
210
210
210
210
220
210
210
210
210
220
210
210
220
210
210
210
210
220
210
210
210
210
220
210
210
210
210
220
210
210
220
210
210
210
210
220
210
210
210
220
210
210
210
210
200
220
210
210
210
220
210
210
210
220
210
210
220
210
210
220
210
210
220
210
210
220
210
210
210
220
210
210
210
210
210
220
210
210
210
210
210
210
210
210
220
210
210
210
210
220
200
220
200
210
210
210
210
210
210
210
210
210
210
210
210
210
210
210
210
210
210
210
210
210
210
200
220
200
210
210
210
210
210
210
210
210
210
210
210
210
210
210
210
210
210
210
210
210
210
210
210
210
210
210
210
210
210
210
210
210
210
210
210
210
210
210
210
210
210
210
210
210
220
200
220
210
210
210
210
210
210
210
210
210
210
220
200
220
200
220
210
210
210
210
210
210
210
210
210
210
