0.123213
0.189112
0.272274
0.314072
0.344391
0.411232
0.252250
0.140578
0.165565
0.093396
0.199302
0.310114
0.349974
0.348949
0.515088
0.421457
0.252173
0.324051
0.589993
0.829414
0.761080
0.738405
0.746869
0.739280
0.733896
0.748987
0.774006
0.774275
0.685239
0.569044
0.477553
0.398909
0.419143
0.582703
0.560246
0.789441
0.846434
1.101852
1.213386
1.342475
1.394161
1.667544
1.926967
2.184557
2.211861
2.204465
2.361780
2.683379
2.754801
3.028481
2.979816
2.941764
2.819670
2.317434
2.138608
1.946273
1.761543
1.658041
1.689067
1.770712
1.545017
1.480591
1.532792
1.378425
1.310129
1.073770
0.928558
0.797133
0.794704
0.728596
0.581459
0.577545
0.435490
0.442309
0.666595
0.747251
1.004030
1.235188
1.387178
1.406866
1.409094
1.591555
1.813421
2.261460
1.956180
1.491870
1.219975
0.959012
0.725717
0.540387
0.387844
0.148376
0.232235
0.324782
0.435090
0.695109
0.953416
1.311847
1.582834
1.841831
2.146317
2.267432
2.455665
2.411571
2.520563
2.524770
2.434674
2.642890
2.836840
3.239964
3.025770
3.131431
3.280588
3.326459
3.609659
3.655745
3.629267
3.378064
3.280319
3.035540
2.856960
2.613227
2.536161
2.428617
2.379161
2.338521
2.312317
2.243368
2.182240
2.119409
1.889506
1.831150
1.798201
1.674174
1.550234
1.246680
0.959690
0.836554
0.832385
0.641274
0.459081
0.700435
0.845171
0.877375
1.137459
1.265723
1.344753
1.467623
1.521615
1.721700
1.489422
1.989115
2.100901
1.531723
1.101899
0.667077
0.237651
0.100077
0.275338
0.450218
0.560737
0.827037
1.107929
1.456263
1.743431
2.000673
2.303213
2.352917
2.484749
2.724066
2.770655
2.530643
2.346411
2.304729
2.267347
2.187131
2.191091
2.299336
2.407034
2.690143
2.984526
3.216746
3.619386
3.720287
3.689232
3.808345
3.562043
3.305787
3.280789
2.960909
2.839673
2.663757
2.740734
2.596397
2.673098
2.758963
2.679008
2.765715
2.626161
2.699080
2.736117
2.781525
2.890570
3.093906
3.112512
3.265657
3.066710
2.963594
2.984856
3.052065
2.987690
3.099663
3.180626
3.199280
3.359746
3.510671
3.911154
3.970891
4.054694
4.300701
4.439465
4.531982
4.647362
5.203111
5.252046
4.979055
4.657049
4.246348
4.243380
4.408213
4.118005
3.896474
3.811145
3.834926
3.564166
3.459527
3.363240
3.343470
3.275135
3.400631
3.519502
3.356964
3.400079
3.374877
3.347357
3.387250
3.387277
3.325927
3.414749
3.437207
3.460269
3.838584
4.060063
4.029526
3.807167
3.550227
3.379351
3.197390
2.807859
2.262375
2.069169
2.120318
2.241489
2.456641
2.582236
2.749916
3.018673
3.070829
3.094503
3.194650
3.043038
3.283458
3.214382
3.284837
3.336334
3.277177
3.355567
3.128685
3.047322
2.989991
2.828087
2.815820
2.974290
3.038894
3.093857
2.888881
2.948440
2.963864
2.752902
2.682675
2.566557
2.529202
2.488564
2.429148
2.380220
2.196076
2.199958
2.166776
2.182999
2.077294
1.989115
2.189700
2.392063
2.524928
2.308490
2.081299
2.127188
2.041016
2.264161
2.259725
2.560734
2.950091
3.232684
3.633901
3.779565
3.631573
3.452196
3.290724
3.174087
3.143816
3.279250
3.282837
3.433211
3.275298
3.360091
3.222859
3.337348
3.377480
3.409072
3.304762
3.401469
3.345333
3.145261
3.105385
3.109617
2.967231
2.790731
2.671353
2.597896
2.389018
2.125502
1.967960
2.045374
2.308809
2.652238
2.903588
3.016164
2.997026
2.771686
2.345584
2.209802
1.775125
2.058800
2.213279
2.333331
2.237434
2.226933
2.159490
2.101710
1.954132
1.724266
1.642080
1.372452
1.303517
1.247626
1.165094
0.913057
0.827675
0.750856
0.694257
0.503084
0.355309
0.169518
0.250559
0.338733
0.481667
0.502334
0.616389
0.869472
1.012500
1.015643
1.141594
1.032881
0.826936
0.582083
0.424339
0.337141
0.265264
0.191546
0.130486
0.283694
0.396824
0.458049
0.528818
0.723036
0.689098
0.715961
0.724399
0.730595
0.775604
1.001227
1.068896
1.079269
1.106701
1.110099
1.064355
1.102181
1.168611
1.312210
1.428752
1.820419
2.018324
2.218180
2.354250
2.713094
2.821520
2.754379
2.760860
2.672635
2.511590
2.331400
1.928820
1.538814
1.269624
1.284506
1.313952
1.282535
1.127819
0.997582
0.973293
0.941064
0.659383
0.227627
0.471022
0.696385
0.816353
0.950685
1.341499
1.427796
1.674989
1.919788
2.340436
2.528784
2.914847
3.180280
3.335866
3.389378
3.640233
3.683684
3.896532
4.216896
4.508286
4.771612
4.972432
5.072347
5.149389
5.155387
5.053759
5.028738
5.043940
5.241167
5.318551
5.170715
4.671178
4.615222
4.560574
4.429584
4.232396
4.126572
4.173127
4.142000
4.172795
4.129537
4.128456
4.029395
3.960557
3.955401
3.778702
3.650203
3.489477
3.358769
3.192663
2.980533
2.830368
2.670797
2.542879
2.362535
2.186130
2.040032
1.858719
1.542519
1.467928
1.594760
1.666026
1.741492
2.014573
2.141267
2.091113
1.863308
1.884593
1.937059
1.311927
1.063886
1.049230
1.295561
1.661497
1.997241
2.276683
2.466484
2.878915
3.109504
3.298871
3.492641
3.729740
3.687778
3.648569
3.889500
4.073923
4.246812
4.381266
4.375125
4.537914
4.622499
4.706989
4.961948
5.099673
5.252277
5.426128
5.520622
5.771285
5.848052
5.952237
6.116435
6.255253
6.141277
6.100531
5.766331
5.614846
5.074027
4.913085
4.491618
4.265401
4.087326
3.785631
3.623357
3.446423
3.340710
3.297091
3.198721
3.136553
2.963119
2.885570
2.765908
2.620336
2.437335
2.271579
2.070178
1.709906
1.431961
0.676482
0.331134
