1.961450 2.065063
1.871495 1.937876
1.786829 1.826240
1.705263 1.714766
1.674072 1.689563
1.559165 1.607787
1.571509 1.632597
1.546883 1.647139
1.522180 1.673730
1.469393 1.644278
1.433215 1.669942
1.270979 1.548618
1.213975 1.537720
1.113856 1.474149
1.044678 1.348260
1.131702 1.407547
1.150908 1.307348
1.085717 1.220350
1.122475 1.253953
1.154079 1.206045
1.149699 1.193543
1.051700 1.162646
0.948537 1.130285
0.902936 1.171389
0.945286 1.307663
0.984253 1.417099
0.978059 1.527815
1.022178 1.693897
1.061464 1.840996
1.082890 1.992466
1.101630 2.074863
0.968154 2.031308
0.909817 2.051721
0.953628 2.222550
0.976122 2.334530
1.008502 2.450577
0.856242 2.465287
0.780697 2.451030
0.784167 2.520116
0.765995 2.505220
0.754259 2.531799
0.723013 2.483952
0.728370 2.576400
0.740372 2.599484
0.783824 2.735422
0.721343 2.497796
0.743529 2.306386
0.831636 2.231194
0.852873 2.127617
0.783594 2.023371
0.685375 1.889356
0.606815 1.676732
0.595257 1.455933
0.756890 1.364193
0.775673 1.321032
0.748328 1.341347
0.718784 1.371783
0.689180 1.364229
0.821495 1.435297
0.954271 1.516817
1.029452 1.558035
1.056566 1.572939
1.069587 1.532587
1.193761 1.812509
1.273983 1.908511
1.343716 2.146072
1.342576 2.242991
1.312207 2.315824
1.317164 2.342272
1.273380 2.343861
1.351322 2.520562
1.246432 2.487460
1.310387 2.640173
1.375269 2.794760
1.497731 3.097573
1.286923 2.957307
1.324083 3.094842
1.084187 2.657060
0.784583 2.277682
0.652286 1.848473
0.669493 1.887798
0.818044 2.050067
0.888257 2.050990
0.836973 1.927562
1.062600 2.165832
0.924358 1.739809
0.826947 1.421957
0.866844 1.371507
0.904213 1.427030
0.873396 1.413676
0.789067 1.336544
0.745697 1.413636
0.705251 1.371452
0.680927 1.434709
0.645845 1.322876
0.644953 1.389510
0.601991 1.426695
0.606903 1.493281
0.633907 1.626389
0.661268 1.738076
0.667804 1.804481
0.655501 1.866785
0.622406 1.903372
0.665459 2.149684
0.662379 2.132729
0.658271 2.198469
0.693376 2.334813
0.545225 2.242065
0.529944 2.224194
0.526765 2.225602
0.574149 2.291973
0.634753 2.133911
0.724691 2.047867
0.813327 1.959258
0.851361 1.822904
0.663180 1.647875
0.612541 1.626829
0.564997 1.505427
0.564016 1.412749
0.621131 1.333926
0.738238 1.284276
0.776713 1.196220
0.757992 1.171334
0.720822 1.147477
0.706868 1.108004
0.675119 1.080927
0.680090 1.056942
0.766783 1.107865
0.787588 1.049830
0.796642 1.075442
0.852003 1.150812
0.860920 1.163160
0.903921 1.277145
0.888361 1.366299
0.852885 1.372902
0.878534 1.405307
0.897163 1.437625
0.876011 1.487375
0.896469 1.576508
0.911872 1.642886
0.895349 1.682343
0.821637 1.670686
0.721845 1.585804
0.774270 1.723970
0.748078 1.695993
0.735578 1.699411
0.701382 1.784414
0.544394 1.637466
0.549208 1.536326
0.620936 1.606378
0.598721 1.450332
0.497226 1.385401
0.545451 1.372321
0.583242 1.346821
0.539537 1.304126
0.530470 1.332901
0.588263 1.369607
0.614605 1.485341
0.603664 1.577551
0.606015 1.637004
0.609455 1.760178
0.645703 1.890631
0.646457 1.974968
0.637153 1.938305
0.656599 1.963753
0.680413 2.006601
0.712141 2.033225
0.769933 2.195321
0.774320 2.238839
0.661889 2.208502
0.668503 2.219048
0.685563 2.065620
0.710269 1.921396
0.693098 1.805322
0.676098 1.814461
0.677880 1.731150
0.732380 1.864224
0.850888 2.027890
0.945420 2.175129
1.113453 2.316600
1.290913 2.321284
1.397338 2.150396
1.528750 2.011916
1.713055 1.951258
1.318512 1.701433
1.050464 1.502073
0.890213 1.285144
0.895938 1.225204
0.934053 1.182587
0.960924 1.187934
0.994072 1.227224
1.106438 1.276110
1.231312 1.336272
1.350143 1.390698
1.498942 1.475467
1.566132 1.518773
1.690944 1.590464
1.798896 1.682843
1.855035 1.701836
1.903807 1.774098
1.948044 1.905474
1.946378 2.167585
1.729965 2.407204
1.434342 2.296691
0.988922 1.715841
0.809955 1.425703
0.812752 1.094881
0.781923 0.938347
0.710356 0.838883
0.718827 0.815381
0.733841 0.875564
0.636915 1.004091
0.590355 1.077595
0.622079 1.107519
0.661848 1.042971
0.709694 0.989620
0.758476 0.928622
0.842438 0.907829
0.873869 0.885201
0.931281 0.874296
1.048053 0.928168
0.996710 0.880159
0.933696 0.842224
0.963378 0.987306
1.066031 1.311700
1.010220 1.368107
1.064086 1.342801
1.127626 1.298828
1.255068 1.340601
1.001667 1.303247
0.842723 1.072989
0.730881 0.958523
0.735030 0.886267
0.816101 0.886307
0.910373 0.863100
1.013121 0.905526
1.080962 0.923439
1.148004 0.950216
1.319128 1.046297
1.510662 1.135607
1.652442 1.201404
1.708078 1.169998
1.832981 1.219942
1.757428 1.169884
1.663644 1.110903
1.734648 1.051630
1.828919 1.057508
1.832864 1.206432
1.831423 1.462147
1.649140 1.492422
1.463761 1.539334
1.176392 1.411592
0.917984 1.217181
0.879614 1.004458
0.712435 0.843545
0.663667 0.735614
0.644647 0.675133
0.671787 0.671240
0.664716 0.791317
0.671944 1.050231
0.634098 1.230276
0.587890 1.162569
0.600373 1.088222
0.612433 1.035035
0.661912 1.001682
0.744147 0.987466
0.849809 0.981968
0.932921 0.992895
1.035520 1.014438
1.170632 1.039688
1.286333 1.039148
1.365215 0.936550
1.419422 0.948202
1.446341 0.865993
1.218334 0.947576
1.019501 0.873671
0.906461 0.816373
0.839778 0.751878
0.870389 0.719199
0.882715 0.667617
1.027219 0.694169
1.150514 0.699451
1.341135 0.748208
1.521131 0.786352
1.751177 0.820037
1.787872 0.807834
1.878177 0.804973
1.875289 0.750918
1.883597 0.744057
1.926568 0.812401
1.865022 0.825624
1.667640 0.749837
1.545277 0.783673
1.746260 0.889295
1.583052 1.107228
1.463990 1.496989
1.067230 1.416847
0.844708 1.341909
0.730604 1.093084
0.700745 0.929619
0.686250 0.855467
0.671538 0.850248
0.712588 0.951372
0.764019 1.186757
0.818916 1.260861
0.879043 1.412399
0.958768 1.615449
1.026082 1.654697
1.138882 1.606009
1.271793 1.569867
1.489662 1.596111
1.630973 1.495978
1.724671 1.418710
1.851006 1.362990
1.955007 1.356849
1.996494 1.392740
2.101267 1.454731
2.207099 1.438354
2.277480 1.374374
2.227121 1.270846
2.230237 1.145781
2.181548 1.083633
1.854247 1.095524
1.607402 0.975787
1.398382 0.888468
1.259280 0.827165
1.300956 0.910492
1.404684 0.969007
1.549245 1.036291
1.630169 1.042774
1.751297 1.065539
1.751110 1.056454
1.777048 1.028341
1.620222 0.920232
1.503211 0.839367
1.467850 0.720369
1.515805 0.730691
1.476909 0.679332
1.471445 0.752090
1.592012 0.940569
1.464780 1.045723
1.117389 1.053038
0.920052 0.812399
0.824490 0.665739
0.777408 0.669395
0.806872 0.785286
0.857613 0.978801
0.871620 1.237965
0.963990 1.491201
1.120256 1.621587
1.306228 1.703723
1.365125 1.685365
1.650957 1.762643
1.827385 1.716477
1.974116 1.663885
2.115736 1.667919
2.038738 1.572103
1.864363 1.512646
1.741186 1.409276
1.780469 1.308287
1.896938 1.276656
1.859696 1.172870
1.960962 1.134490
1.828775 1.072747
1.953828 1.037199
1.910310 0.986214
1.922884 0.948131
1.805594 0.880130
1.665677 0.841907
1.631768 0.804892
1.711213 0.811198
1.664380 0.786421
1.618324 0.754518
1.579925 0.738817
1.652652 0.756751
1.714277 0.779700
1.848106 0.900973
2.004804 1.158980
2.101000 1.367945
2.057420 1.486369
1.980728 1.392143
1.755265 1.262527
1.788450 1.033489
1.696893 0.986956
1.575916 0.944568
1.481701 1.065030
1.395948 1.105677
1.382440 1.115138
1.357943 1.108944
1.347413 1.073327
1.283308 1.106262
1.249390 1.068420
1.263166 1.036636
1.225506 0.936089
1.388305 0.969110
1.558308 0.920746
1.673155 0.907075
1.801612 0.900361
1.919191 0.896907
2.059601 0.920446
2.250268 0.971164
2.295384 0.957969
2.088759 0.833803
1.842555 0.755599
1.753697 0.730362
1.620718 0.638914
1.529252 0.611589
1.535509 0.594769
1.566002 0.618710
1.627707 0.678629
1.761769 0.764378
1.806885 0.800995
1.792829 0.830077
1.801673 0.940539
1.765421 1.094334
1.851648 1.214836
1.828533 1.351935
1.934637 1.531779
2.044275 1.785768
2.121087 2.037107
2.160835 2.317994
2.132884 2.284724
1.781630 2.310497
1.560218 2.359467
1.182471 2.314900
0.960496 2.304235
0.870165 2.012093
0.893700 1.775453
0.942182 1.667810
0.980883 1.526339
1.038390 1.465283
1.049748 1.496138
0.992156 1.585835
0.983528 1.731710
0.938127 1.789017
0.909131 1.828786
0.951547 1.923075
1.053753 1.986707
1.061980 1.849151
1.143950 1.820658
1.215264 1.770105
1.223247 1.607354
1.123583 1.476388
1.200119 1.439795
1.120757 1.344342
1.148784 1.318879
1.244167 1.304182
1.291305 1.276743
1.388202 1.247598
1.474299 1.232292
1.534607 1.194757
1.444651 1.067721
1.513459 1.044300
1.668498 1.010937
1.875730 1.007774
2.048862 0.992512
2.133832 0.965924
2.009655 0.887632
1.871907 0.846466
1.746594 0.760653
1.670047 0.744919
1.557935 0.830925
1.378919 0.858872
1.269243 0.853031
1.164242 0.774249
1.047354 0.728407
1.036071 0.737431
1.102939 0.827476
1.244755 0.910353
1.414920 0.984050
1.555648 1.020845
1.647792 0.990978
1.727473 1.018456
1.726923 0.945649
1.757089 0.909759
1.651476 0.814871
1.488833 0.598334
1.472127 0.572966
1.524478 0.618605
1.604016 0.687011
1.582431 0.705165
1.573595 0.606531
1.588676 0.648149
1.611588 0.677077
1.591141 0.698555
1.466575 0.734188
1.433764 0.797351
1.536740 0.882101
1.578452 0.926235
1.628519 0.997010
1.694857 1.112704
1.623016 1.239597
1.530829 1.355454
1.461634 1.249465
1.387683 1.128845
1.243381 1.169943
1.224863 1.306970
1.270780 1.679540
1.325073 2.066828
1.239525 1.885258
1.051055 1.556379
0.999497 1.376348
0.991336 1.266675
0.964152 1.163698
0.871796 1.050445
0.807712 1.018630
0.765063 1.001133
0.751840 1.010971
0.751876 1.023446
0.800726 1.005350
0.835031 1.028677
0.871646 1.009302
0.898165 0.984811
0.946455 0.968911
0.794358 0.837977
0.684484 0.716066
0.679633 0.701514
0.730552 0.721873
0.759349 0.710180
0.826217 0.707680
0.891713 0.710255
0.894889 0.650179
0.871164 0.614230
0.925983 0.589474
0.949943 0.573107
1.013734 0.573342
1.035140 0.550737
1.125482 0.542717
1.179291 0.516052
1.312893 0.527131
1.401153 0.544903
1.367682 0.523659
1.231601 0.492046
1.032088 0.469013
0.876751 0.396773
0.880507 0.412136
0.814337 0.411905
0.693885 0.400902
0.634813 0.413869
0.664452 0.484462
0.743435 0.531983
0.854643 0.535595
0.894442 0.479783
0.929118 0.433145
0.934700 0.412713
0.970976 0.402454
1.027686 0.414202
1.093094 0.430596
1.099517 0.434256
1.087227 0.456075
1.088027 0.471624
1.075928 0.470751
0.990407 0.484357
0.955976 0.505748
0.936370 0.520904
0.934952 0.553600
0.928299 0.566412
0.955035 0.592671
1.039301 0.649395
1.262342 0.875618
1.589758 1.179530
