40
4900
4980
5070
5180
5270
5360
5460
5560
5660
3730
5040
5110
5220
5320
5410
5490
5610
5690
5810
3730
4910
5010
5110
5200
5300
5390
5500
5590
5710
3730
4940
5030
5100
5210
5300
5400
5500
5590
5700
3670
4940
5020
5100
5200
5300
5400
5510
5600
5690
3660
4940
5040
5130
5210
5330
5410
5510
5630
5700
3710
5050
5130
5220
5330
5400
5520
5630
5720
5830
3700
5040
5120
5210
5310
5410
5510
5600
5690
5800
3680
5030
5100
5200
5300
5400
5480
5600
5670
5800
3700
5020
5110
5200
5310
5400
5490
5590
5710
5810
3690
5020
5110
5200
5280
5390
5480
5590
5690
5790
3700
5020
5110
5200
5300
5390
5500
5600
5690
5790
3710
5050
5140
5230
5330
5430
5540
5620
5720
5840
3710
5050
5150
5230
5340
5420
5530
5630
5730
5830
3720
5040
5130
5230
5320
5430
5520
5620
5720
5810
3690
5020
5110
5240
5310
5410
5500
5600
5690
5790
3700
5020
5090
5200
5300
5390
5480
5600
5680
5780
3720
5040
5150
5230
5320
5430
5520
5620
5720
5830
3660
5000
5090
5170
5280
5390
5480
5570
5670
5790
3690
5020
5110
5200
5310
5390
5490
5600
5700
5790
3690
5020
5110
5210
5300
5390
5520
5590
5680
5800
3670
5010
5100
5170
5280
5380
5490
5580
5670
5770
3660
5000
5090
5170
5280
5380
5480
5580
5690
5770
3690
4990
5110
5170
5280
5370
5480
5560
5680
5780
3690
5030
5110
5210
5310
5400
5490
5610
5700
5790
3660
4990
5100
5180
5270
5380
5500
5570
5680
5770
3660
4990
5080
5180
5280
5370
5480
5560
5670
5770
3710
5040
5110
5210
5310
5390
5510
5600
5700
5800
3700
5040
5120
5200
5310
5400
5490
5600
5690
5790
3660
4990
5080
5180
5270
5360
5480
5560
5690
5750
3670
4990
5080
5180
5270
5370
5470
5570
5670
5770
3660
4990
5080
5190
5280
5360
5470
5570
5680
5760
3750
5000
5090
5190
5290
5380
5490
5590
5660
5790
3660
4990
5090
5180
5280
5380
5480
5560
5670
5780
3730
5020
5090
5180
5290
5390
5490
5590
5680
5790
3730
5030
5100
5180
5280
5370
5470
5580
5690
5780
3730
4960
5030
5130
5230
5330
5420
5530
5610
5730
3770
4970
5060
5140
5240
5360
5450
5570
5700
5800
3770
5050
5130
5220
5350
5470
5560
5660
5780
5900
3770
4990
5090
5200
5310
5410
5530
5640
5780
5910
3760
4980
5100
5210
5320
5440
5560
5660
5770
5890
3770
5030
5150
5240
5390
5490
5630
5760
5890
6010
3770
5010
5100
5240
5360
5470
5600
5710
5820
5960
3800
5000
5120
5240
5370
5470
5650
5750
5860
5990
3820
5080
5190
5280
5400
5590
5700
5810
5950
6080
3820
5090
5270
5410
5520
5660
5780
5960
6130
6270
3920
5320
5370
5430
5550
5750
5840
5960
6100
6180
3830
5110
5240
5380
5460
5590
5720
5830
5960
6100
3820
5060
5170
5300
5420
5570
5720
5890
5990
6140
3790
5040
5170
5280
5470
5620
5740
5890
6020
6140
3790
5040
5180
5320
5450
5610
5730
5880
6000
6140
3820
5090
5230
5340
5530
5670
5790
5920
6030
6190
3840
5090
5230
5380
5520
5650
5820
5980
6100
6260
3820
5100
5260
5390
5560
5670
5860
6000
6160
6280
3820
5080
5230
5390
5530
5660
5800
5930
6070
6210
3800
5040
5230
5360
5490
5650
5760
5880
6010
6220
3700
