0.228994
0.321283
0.446735
0.576717
0.589954
0.699352
0.572953
0.550750
0.787857
0.941985
1.233333
1.302439
1.554152
1.896377
1.924546
1.630587
1.225120
0.857360
0.651183
0.829741
1.122813
1.712646
2.239606
2.724888
3.152890
3.853744
4.345570
5.009649
5.473415
5.943428
6.508790
7.085024
7.529165
8.119615
8.488358
9.049804
9.426154
10.004835
10.383080
10.809035
11.342318
11.747413
12.352740
12.866652
13.099865
13.072983
13.164532
13.158462
13.175444
12.980596
12.982872
12.981010
12.990033
12.810963
12.497740
11.862005
11.265090
10.872332
10.501793
10.190226
9.539859
9.158478
8.792554
8.276049
7.949660
7.619559
7.126784
6.658583
6.278332
6.062977
5.757031
5.395950
5.105136
4.823617
4.638292
4.532343
4.456630
4.369549
3.467410
3.082963
2.633337
2.247035
2.282558
2.980109
3.612648
4.336548
4.631259
4.749910
4.891441
4.956295
5.076527
5.478577
5.701660
5.914001
6.244167
6.693431
7.137821
7.504758
8.109861
8.406397
9.001025
9.299710
9.643859
9.967488
10.453561
10.758642
11.095894
11.471465
11.785716
12.232255
12.357211
12.199165
11.949720
12.056798
12.051749
11.917868
11.954249
12.059861
12.019668
12.154228
12.351242
11.593964
11.222128
10.900537
10.624938
10.063516
9.709118
9.364111
8.975712
8.692153
8.439344
8.126506
7.856623
7.814763
7.534385
7.221060
7.107263
6.984281
6.900023
6.845915
6.827733
6.780052
6.774716
6.881537
7.036369
7.069120
6.808613
6.160616
5.326314
4.768938
4.550539
5.223373
5.954673
5.825447
5.817600
5.841237
5.959636
5.992747
6.063208
6.204343
6.526224
6.636273
6.875497
7.206723
7.434037
7.732255
8.117529
8.398166
8.741367
9.273491
9.545299
9.616328
9.579381
9.845331
10.143931
10.614041
10.886147
11.413489
11.760545
11.690489
11.401347
11.340415
11.292420
11.065233
11.022472
11.146008
11.367322
11.692942
11.947486
12.343224
12.703493
13.157009
13.465688
14.086198
14.572082
15.135396
15.821647
16.355975
17.151788
17.661712
18.025745
18.686245
19.263123
19.783038
19.863407
20.212915
20.233740
19.974825
19.596675
19.433487
19.087122
18.463817
18.013628
17.788830
17.625441
17.342095
17.081568
16.878278
16.636615
16.270846
16.000172
16.196355
16.401484
15.935587
14.968380
14.699153
14.679589
14.688749
14.594099
14.556183
15.108437
16.006134
17.005305
17.837761
18.584502
19.155858
19.795843
20.088421
20.576339
20.819737
21.147849
21.665976
22.011693
22.078250
22.120093
22.454052
22.789356
23.544661
24.124096
24.466348
25.076604
25.587673
25.575736
25.181278
24.953048
24.530027
24.319949
24.055144
23.291730
22.786186
22.069063
21.819255
21.690177
21.400042
21.154384
20.873570
20.547384
20.233307
20.053511
19.748246
19.549382
19.448516
19.167208
18.832151
18.686938
19.036160
19.194311
19.466619
19.783102
20.151665
20.332107
20.293580
20.538105
20.821612
21.231947
21.657807
21.988427
22.273490
22.775425
23.230554
23.679357
23.826940
24.204211
24.258285
24.778455
25.118000
25.407799
25.609138
25.603611
25.597478
25.047097
24.656481
24.250198
23.642029
23.461215
23.227208
22.585536
22.126441
21.755255
21.331719
20.919914
20.282614
19.670819
18.967368
18.354269
17.684229
17.203624
16.461660
16.065592
15.762772
15.404744
15.013984
14.802534
15.012437
15.235566
15.442609
15.790229
15.877649
16.093835
16.468230
16.780207
17.095306
17.520992
17.946002
18.373398
19.190630
20.036486
20.735401
21.366918
21.744779
22.344872
23.282360
23.018429
22.755257
22.270781
22.068461
21.658637
21.258331
21.154921
21.292678
21.528030
22.014837
22.299435
22.657881
22.969194
23.403362
23.312476
23.365519
23.350247
23.664959
24.195507
24.619332
25.227863
25.249017
25.555660
25.975445
26.655509
26.560525
26.456369
26.782527
27.196569
27.475634
28.069427
28.451383
29.051161
29.653232
30.011787
30.552048
30.964283
31.167711
31.117715
31.219526
31.417036
31.149367
30.832273
30.162338
29.720437
29.709265
29.777852
29.755983
29.036057
28.646004
28.189954
27.831338
27.287465
26.843271
26.474151
26.064828
25.727832
25.278778
24.707251
24.329211
24.391182
24.369086
24.209242
24.275212
24.474841
24.073813
23.653614
23.243420
22.658147
22.363964
21.954656
21.624422
21.432822
21.293733
21.213960
21.028912
21.064489
21.264934
21.673215
21.639054
22.030639
22.379401
22.905617
23.235055
22.763814
22.302896
21.793175
21.355962
21.201905
20.908803
20.879494
20.643211
20.477446
20.370926
20.455804
20.964462
21.188817
21.499941
21.869567
22.282223
22.392196
22.907521
23.257742
23.586280
23.995271
24.479693
24.758743
25.371994
25.882710
26.551957
27.064827
27.690024
28.313767
29.009671
29.280004
29.485481
29.354043
29.284650
29.185695
29.176289
28.836768
27.721335
27.452214
27.184453
26.352891
25.469295
24.605767
24.170955
23.453568
22.742289
21.877806
21.420035
21.114951
21.108806
21.127700
20.641016
20.345856
20.024202
19.646787
19.217459
18.764555
18.379967
17.984215
17.637028
17.261569
16.752189
16.436622
16.147469
15.872262
15.892002
16.149222
16.000275
16.061796
16.351771
16.801506
17.246856
17.533716
17.437876
16.967633
16.583578
16.362444
16.237420
16.202637
16.175349
16.272786
16.306536
16.513253
17.021531
17.293057
17.511304
17.796249
18.116406
18.095144
18.078548
18.435504
18.748078
19.050250
19.234146
19.578777
20.115707
20.415415
20.722550
21.397870
21.707806
22.069445
22.626320
23.012621
23.668157
23.987793
24.357349
24.694072
24.655756
24.054503
24.098743
23.668434
23.421992
22.633119
21.998919
21.098383
20.609080
20.308542
19.803660
19.616334
19.439712
19.099540
18.820370
18.497467
18.255073
17.723986
17.519050
17.330786
16.964097
16.698050
16.407706
16.153009
15.797039
15.550543
14.965520
14.355531
