250
180
200
270
320
370
430
490
550
600
660
670
670
670
670
660
680
660
710
720
720
720
720
720
720
720
720
720
720
720
720
720
710
720
720
720
720
720
720
720
720
720
720
710
720
720
720
720
720
720
720
720
720
710
720
720
720
710
710
720
720
720
720
720
720
720
710
720
720
720
720
720
710
720
720
720
720
720
720
720
720
720
720
720
710
720
720
720
720
720
720
710
720
720
720
720
720
720
720
710
720
720
700
710
700
720
710
710
710
710
710
710
710
710
710
710
710
710
720
710
710
710
710
710
710
720
700
710
710
710
710
710
710
710
710
710
720
700
720
710
710
710
710
710
710
710
710
710
710
710
720
700
720
710
710
710
710
710
710
710
710
710
710
710
710
710
710
710
710
710
710
710
710
710
710
710
710
710
710
710
710
710
710
710
710
710
710
720
700
720
710
710
710
710
710
710
710
710
710
710
710
720
720
720
720
710
720
720
720
720
720
720
720
720
720
720
720
720
720
720
720
720
720
720
720
720
720
720
730
720
720
720
720
720
720
710
720
720
720
720
720
720
720
720
720
720
720
720
720
720
720
710
720
720
720
720
720
710
720
720
720
720
710
720
720
720
720
720
710
720
720
720
720
720
720
710
720
720
710
720
720
720
720
720
720
720
710
720
720
710
730
710
710
710
700
720
700
720
700
720
710
710
710
710
710
710
710
710
710
710
710
710
710
710
700
710
710
710
720
700
720
700
720
700
720
700
710
700
720
700
720
710
710
710
710
710
710
710
710
710
710
710
710
710
710
710
710
710
710
700
720
700
710
710
710
710
710
710
700
710
700
720
700
710
710
710
710
710
710
710
710
710
710
710
710
710
710
710
710
710
710
710
710
710
710
710
710
710
710
710
720
710
720
720
720
720
720
710
720
720
720
720
720
720
720
720
720
720
710
720
720
720
720
720
710
720
720
720
710
720
720
720
720
720
710
720
720
710
720
720
720
720
720
710
720
720
720
720
710
710
720
720
720
720
710
720
720
710
720
720
720
720
710
720
720
720
710
720
720
710
720
720
720
710
720
720
710
720
720
720
710
710
720
720
710
720
720
720
710
720
720
710
710
710
700
710
710
710
710
710
710
710
710
710
710
700
710
710
710
710
710
710
710
710
710
710
710
700
710
710
720
700
720
700
710
710
710
710
710
710
710
710
700
710
710
710
710
700
710
710
710
710
710
710
710
710
710
710
700
710
710
710
710
710
710
710
710
710
700
710
710
710
710
710
710
700
710
710
710
710
710
