80
120
140
80
100
120
130
160
180
200
220
210
220
210
220
220
210
220
210
220
220
210
220
210
220
210
220
210
220
220
210
220
210
220
220
210
210
220
220
210
220
210
220
220
210
220
220
230
240
230
230
240
230
230
230
230
240
220
240
230
230
230
230
230
230
240
220
230
230
230
230
230
230
230
240
220
240
230
230
230
230
230
230
240
230
230
230
230
230
230
240
220
240
230
230
230
230
230
230
230
230
230
230
230
230
230
230
240
230
230
230
480
310
220
210
220
220
210
220
210
220
220
210
220
210
220
210
210
210
220
220
220
210
220
210
220
210
220
210
220
220
210
220
210
220
220
210
220
220
210
220
210
220
220
210
220
210
220
210
220
220
210
220
220
210
210
220
220
210
220
220
210
220
210
220
210
220
220
210
220
210
220
220
210
220
210
220
210
220
210
220
220
210
220
210
220
220
210
220
210
220
220
210
210
210
220
210
220
210
220
220
210
220
210
220
210
220
210
220
220
210
220
210
220
210
220
210
220
220
210
220
210
220
220
210
210
220
220
210
220
210
220
220
210
220
210
220
210
220
210
220
220
210
220
210
220
210
220
210
220
220
210
220
210
220
220
210
210
220
220
210
210
210
220
220
210
220
210
220
220
210
220
210
220
220
210
220
210
220
220
210
220
220
210
220
210
220
210
220
210
220
220
210
220
210
220
220
210
220
210
220
220
210
220
210
220
220
210
220
210
220
220
210
220
210
220
220
210
210
220
220
220
210
220
210
220
220
210
210
220
220
220
210
220
210
220
210
220
210
220
220
210
220
210
220
220
210
220
210
220
220
210
220
210
220
210
210
210
220
220
210
210
210
220
220
210
220
210
220
210
220
210
220
220
210
220
210
220
210
220
210
220
220
210
220
210
220
210
220
210
220
220
210
220
210
220
210
220
210
220
220
210
220
210
220
210
220
210
220
220
210
220
210
220
210
220
210
220
220
210
220
210
220
210
220
210
220
220
210
220
220
210
220
210
220
220
210
210
220
220
220
210
210
220
220
210
210
220
220
210
220
210
220
220
210
220
210
220
210
220
220
210
220
220
210
210
210
220
210
220
220
210
220
210
210
210
220
220
210
220
210
220
220
210
220
210
220
220
210
220
210
220
220
210
220
210
220
220
210
210
220
220
220
210
210
220
220
210
220
210
220
220
210
220
210
220
220
210
220
210
220
220
210
220
210
220
220
210
210
210
220
220
210
220
210
220
220
210
210
220
220
220
210
220
210
220
210
220
210
220
220
