0.069105
0.116700
0.374450
0.420999
0.503657
0.618527
0.683569
0.714446
0.996033
1.153784
1.483044
1.662144
1.936973
2.343196
2.446470
2.354118
2.199855
2.261119
2.259910
1.584140
1.197899
0.613418
0.190155
0.250132
0.648971
1.319570
1.809233
2.408447
2.802065
3.162744
3.829773
4.241360
4.659732
5.284955
5.660664
6.131426
6.569666
7.051954
7.483679
7.841672
8.357538
8.708210
9.320049
9.617475
9.949908
10.011735
10.133738
10.216428
10.141391
9.825069
9.651779
9.613836
9.506954
8.958561
8.570502
7.941144
7.370347
6.856220
6.439979
5.947154
5.310045
4.758990
4.296940
3.506353
3.051979
2.614654
1.941373
1.484406
1.058681
0.849664
0.794431
0.939378
1.292178
1.619931
2.036379
2.350163
2.558973
3.073196
3.434403
3.486502
3.179856
2.916829
3.266117
3.448488
3.480939
2.791490
2.385255
2.033501
1.543206
1.118175
0.616733
0.797183
1.253631
1.513295
1.790226
2.478400
2.755236
3.116319
3.891787
4.247415
4.982314
5.431949
5.910726
6.412043
6.974279
7.287831
7.747500
8.149260
8.558249
8.974297
9.469091
9.643511
9.883881
10.067815
10.169660
9.806831
9.665197
9.507455
9.531619
9.435398
9.386099
8.536554
8.022938
7.461099
7.066275
6.372504
5.925387
5.456869
4.780551
4.383694
4.038994
3.391004
2.952748
2.698492
2.422787
1.705810
1.337555
0.966057
0.653749
0.767123
0.997669
1.684830
2.092217
2.510044
3.272241
3.867522
4.323239
4.834881
5.292154
5.565938
5.575417
6.134517
6.242820
6.026955
5.819150
5.520827
5.082195
5.043559
4.924532
4.802066
4.790564
4.840250
4.735696
4.617704
4.739627
4.928061
5.013875
5.051332
5.133526
5.240941
5.496034
5.743869
5.833864
5.998310
6.172548
6.315192
6.575343
6.987697
7.173536
7.949831
8.292279
8.621419
9.350811
9.852280
9.332687
9.074262
8.787257
8.158016
7.950633
7.664587
7.572817
7.117524
6.886681
6.078386
5.518613
5.000620
4.418000
4.165987
3.708584
3.551530
3.530792
3.753187
4.589707
5.303345
5.464465
5.843490
5.390162
4.967454
4.475961
4.055413
3.718112
3.740411
4.365226
4.742933
5.103787
5.516585
6.201324
6.582085
6.955051
7.569488
7.987765
8.061804
8.161360
8.935338
9.599786
10.212795
11.165743
11.867855
12.652462
12.675676
12.028603
11.600209
11.360161
10.839822
10.423388
10.277127
9.993781
9.756674
9.336885
8.946365
8.624578
7.940341
7.185416
6.862713
6.610045
5.953820
5.342898
4.748388
4.367739
4.200093
4.129444
4.273619
4.824497
4.869065
4.755463
4.540058
4.446924
4.654343
5.251589
5.523752
6.153970
6.325254
6.756075
7.086495
7.485688
8.048778
8.707858
9.182002
9.752446
10.537576
11.406278
12.553215
13.206286
13.999306
13.531837
13.104137
12.787690
12.115822
11.582755
11.238483
10.646641
10.462680
10.516436
9.969891
9.334707
8.675743
8.348204
8.066037
7.545938
7.124134
6.627159
6.521913
6.095301
5.858527
5.619418
5.617632
5.628277
5.671674
5.797057
5.410487
5.552461
5.896809
6.233954
6.720555
6.882137
6.984266
7.616343
7.904144
8.607190
9.214928
10.026167
10.847641
11.476471
12.240883
12.858237
13.204565
13.974522
14.683346
15.261831
15.949249
16.733721
17.069128
16.400722
15.673772
15.128479
14.280268
13.584889
13.157068
12.730758
12.164195
11.794765
11.713095
11.278209
10.931688
10.520712
9.777850
9.086352
8.700180
8.246489
8.303866
7.965061
7.599156
7.515606
7.491624
7.658014
7.631186
7.592223
7.742358
7.670372
7.288616
7.062155
6.624160
6.271466
5.993624
5.654427
5.688168
5.709800
5.576995
5.639131
5.933082
6.144802
6.212115
6.166103
6.234849
6.606173
6.790944
7.057408
7.078163
7.226249
7.865811
8.831442
9.749857
10.748952
10.523889
9.393375
7.749077
7.650542
7.518530
7.426443
7.162690
7.198853
7.200584
7.799470
8.491312
9.009066
9.613824
9.951232
10.052942
10.181585
10.323089
10.456409
10.638912
10.668603
10.655237
10.917730
10.949975
11.002805
11.070635
11.161781
11.451962
11.602634
11.746478
11.809737
11.827494
11.715325
11.764237
11.808418
11.926640
12.143037
12.493468
12.737988
13.034181
13.248666
13.400679
13.413472
13.496107
13.203201
13.310160
13.403047
13.196732
12.897329
13.010071
12.612044
12.383835
11.972941
11.761247
11.969544
12.079252
12.446681
12.471922
12.650082
12.901880
12.881911
13.165163
13.430981
13.496399
13.455246
13.083806
13.067052
12.857508
12.779005
12.105434
11.939238
11.484259
11.135602
10.816103
10.368914
10.064624
9.513697
8.900482
8.150075
7.681499
7.155635
6.869951
6.503397
6.111661
5.449640
5.228408
5.507434
5.583272
5.659273
6.547917
7.042739
7.616553
7.688780
7.783967
8.247557
8.503214
8.892162
9.106550
9.136949
9.351722
10.137824
10.469532
10.990681
10.966795
11.023434
11.396882
11.840447
12.169599
12.203054
12.179758
12.737234
13.216557
13.769788
14.079239
14.343071
14.940848
15.287778
15.704950
16.086001
16.416899
16.495774
16.438326
16.636424
16.753023
16.835625
16.889922
16.939817
17.239675
17.245763
16.948071
16.790987
16.544346
16.238706
15.814124
15.316549
15.137582
14.662949
14.007222
13.434410
13.006330
12.222116
11.799144
11.785201
11.807499
11.341369
10.921814
10.662105
10.256821
9.841551
9.300004
9.097990
8.668964
8.125997
7.755869
7.331559
7.009689
6.797069
6.236123
5.837732
5.548677
5.876113
6.140229
6.953548
7.294353
7.604077
8.113149
8.589518
9.238205
10.347335
11.128498
12.208117
12.714139
12.973800
13.241260
13.617517
13.808749
14.253147
14.513463
15.098053
15.602965
16.079374
16.923938
17.392789
17.870560
18.417869
19.232098
19.655002
21.014642
22.554188
