0.058098
0.074176
0.302622
0.395013
0.512083
0.651809
0.700724
0.720016
1.038336
1.179689
1.539235
1.763425
2.104777
2.614882
2.716215
2.545950
2.011860
1.926428
2.374985
2.449762
2.315022
2.440078
2.602996
2.687750
2.857384
3.330052
3.668318
3.739727
3.876810
3.947461
3.995765
4.157509
4.304206
4.720382
4.749706
5.136437
5.385292
5.975132
6.330619
6.632560
6.959348
7.275561
7.989423
8.502554
9.077974
9.263015
9.469913
9.872936
10.169842
10.322376
10.585361
10.900905
11.301628
11.103574
10.880225
10.211795
9.508559
9.239094
8.810306
8.217681
7.485538
6.954930
6.346791
5.243983
4.462925
3.615268
2.706560
1.996891
1.253291
0.863587
0.854213
1.317889
1.868516
2.437634
3.088818
3.470686
3.876017
4.516808
4.771254
4.624216
4.049366
3.553317
3.996690
4.185582
4.237606
3.614558
3.228421
2.672131
2.374918
2.014124
1.785629
1.824643
2.033443
2.369415
2.823441
3.382379
3.810355
4.193008
4.777020
5.037487
5.425664
5.727824
6.018652
6.325785
6.804769
7.132460
7.422334
7.947339
8.305979
8.671057
9.165421
9.306413
9.456242
9.583979
9.747069
9.398217
9.049868
8.543425
8.413219
8.363602
8.408076
7.836306
7.333657
6.868056
6.450462
5.974015
5.591193
5.170107
4.794558
4.553487
4.454880
4.035409
3.813751
3.470260
3.208265
2.946884
2.869952
2.871602
2.774886
2.866969
2.863641
2.935992
3.092092
3.300286
3.621106
3.869235
3.838285
3.566137
3.274628
2.931605
2.578328
3.620221
4.785537
5.463081
5.973510
6.191306
6.513218
6.415061
6.292814
6.109153
6.096941
6.105218
6.154050
6.457635
6.755015
7.067188
7.233798
7.696158
8.206781
8.747029
9.201242
9.408549
9.575858
10.083548
10.550570
11.085584
11.453906
12.151663
12.943776
13.035256
12.771389
12.638926
12.463937
12.403657
12.665186
13.472933
14.599304
15.662241
16.331765
16.806711
17.096712
17.472895
17.513788
17.832521
17.965578
18.181867
19.206051
21.229939
23.666357
26.009835
27.057996
28.637725
29.605766
30.266385
30.430382
30.407833
30.114836
29.423535
28.493700
27.625961
26.892782
25.786521
25.051794
24.352980
23.518629
22.724132
21.735884
20.949128
20.157356
19.374721
18.572762
18.303582
18.097086
17.238160
16.044851
15.590677
15.492163
15.487070
15.602903
15.609100
16.976561
18.155198
18.717315
19.098411
19.324910
19.443748
19.520708
19.456761
19.424393
19.075088
18.810834
18.759372
18.734228
18.257261
17.733941
17.384825
16.842366
16.630366
16.289244
15.916704
15.378187
15.466762
15.257577
15.028274
15.130032
15.039431
14.910897
14.520356
13.646331
13.028869
12.422015
12.381990
12.422967
12.690589
12.962070
12.961646
12.954327
13.297699
13.738807
13.881623
14.057281
14.496737
15.021093
15.327371
15.507185
16.307688
16.947517
17.529707
17.922486
18.179954
18.298801
18.149959
18.105091
18.021167
18.059235
18.082770
17.847980
17.736351
17.751148
17.505114
17.056901
16.491700
16.076817
15.330798
15.209468
15.007765
15.352039
16.081830
17.045623
17.995395
17.974687
18.200505
18.203386
17.697400
17.774590
17.879497
17.370274
17.050623
17.242710
17.616168
17.566602
17.598408
17.676965
17.579063
17.496892
17.380226
17.023720
16.839156
16.725527
16.537787
16.541363
16.637898
17.028325
17.834538
18.222490
18.736593
19.136624
19.454993
19.666531
19.738194
19.434781
19.230215
19.279434
19.501752
19.637530
19.788435
20.775865
21.359181
22.587587
24.094518
27.177142
28.347009
27.985891
26.026101
24.093440
22.514635
20.857767
18.574154
16.574140
15.316079
14.206265
13.537849
13.013021
12.863270
12.662843
12.756663
12.597321
12.505201
12.608226
12.840869
13.349369
13.535422
14.158453
14.089015
14.578234
15.012102
15.659647
15.635485
15.705126
16.182815
16.775421
17.028872
17.409328
17.559573
17.619022
16.844856
15.417618
14.201457
13.032452
12.501657
11.776617
10.656807
10.126519
9.783237
9.547484
8.957634
8.747744
8.888111
9.006490
9.254584
8.787170
8.654731
8.534920
8.352963
8.312940
8.515086
8.890392
9.351180
9.740014
10.089658
10.288068
10.523302
10.863242
11.124454
11.452229
11.689138
11.768915
11.602577
11.324111
11.086269
10.673533
10.469741
10.296526
10.186597
10.519362
10.817399
11.278799
11.809528
12.377828
12.835191
13.508880
13.528931
14.041313
14.391460
14.954828
15.414019
15.346016
15.616039
15.709309
15.826961
15.793011
15.936669
16.548377
16.866459
17.059417
17.043066
17.335509
17.849802
18.186323
18.520820
18.590893
18.558048
18.207022
17.828879
17.334575
17.165709
17.263007
17.393182
17.408551
17.619647
17.951412
18.002686
17.593432
16.771689
14.881460
13.545718
12.874921
12.351514
11.685198
11.223793
10.768547
10.849176
10.418355
9.557411
9.419696
9.271737
8.742090
7.958162
7.239034
6.709690
5.949821
5.403663
4.956735
4.599910
4.496155
4.795523
5.005626
4.766997
4.986095
5.374805
5.569916
5.508968
5.224404
5.599326
5.792779
5.984717
6.191874
5.846810
5.399044
4.836122
4.777618
5.137890
5.508559
5.722065
5.854512
6.443620
7.009871
7.685674
8.207744
8.228178
8.206251
8.212465
8.190964
8.451613
8.853974
9.226661
9.808185
10.347488
10.710839
11.452389
12.054209
12.477766
12.954340
13.404390
13.098013
12.914237
13.073592
13.181265
12.634886
11.662175
10.604300
10.004146
9.442323
9.121206
9.226794
8.841171
8.654152
8.533263
8.451082
8.664844
8.670193
8.713911
8.910657
8.869375
8.536418
8.511702
8.209338
8.092159
7.531266
7.087189
6.290576
5.684956
5.199664
4.677183
4.399102
4.190843
4.051312
4.009279
4.218579
4.521231
4.656807
5.078363
5.319032
5.555671
5.964648
6.375076
6.704696
6.875374
6.980600
7.317090
7.601387
