0.051676
0.084314
0.322291
0.396786
0.515153
0.674540
0.728166
0.785665
1.082792
1.239048
1.480606
1.561050
1.804701
2.143529
2.220759
2.211974
2.124421
2.107943
2.221050
1.436560
0.973359
0.416663
0.547189
0.929564
1.381182
2.015586
2.509180
3.069015
3.428790
3.809345
4.290995
4.583001
4.916387
5.534018
5.915204
6.500032
6.916983
7.553299
8.010611
8.381587
8.932540
9.273618
9.839014
10.250445
10.643213
10.668576
10.823696
11.033865
11.136922
11.081875
11.021188
10.936625
10.986089
10.534121
10.057884
9.325010
8.583841
8.112469
7.589558
7.241305
6.737282
6.364558
5.952872
5.355343
4.942396
4.507610
3.904545
3.449265
2.923637
2.629429
2.354485
2.066001
1.986348
1.987929
2.128049
2.268086
2.508887
3.008443
2.762484
2.570946
2.118911
1.659301
1.990491
2.232124
2.520878
2.604992
2.616254
2.470181
2.273827
2.233076
2.302111
2.700123
2.957180
3.237647
3.574989
4.057972
4.460206
5.024287
5.626199
6.067956
6.711199
7.173657
7.609979
7.988950
8.561500
8.874949
9.190516
9.663274
10.095819
10.462184
10.656061
10.718135
10.798283
10.904274
11.015065
10.910266
10.902898
10.710140
10.728966
10.733570
10.727877
9.834803
9.426026
9.030991
8.508587
7.938981
7.413867
7.105304
6.452305
6.030042
5.535850
4.777839
4.397339
4.037048
3.660786
3.117907
2.938567
2.691299
2.351370
2.281726
2.286917
2.370956
2.545319
2.779459
3.099133
3.359341
3.488876
3.483709
3.304884
2.938863
2.297412
2.561682
2.883322
2.498095
2.211044
1.969977
1.875593
1.877137
2.162831
2.402637
2.860915
3.323449
3.798367
4.535500
4.955501
5.444811
5.825231
6.398875
6.814356
7.363130
7.858681
8.177268
8.164269
8.442139
8.886866
9.396891
9.688288
10.236332
10.697658
10.878721
10.622388
10.673987
10.525949
10.351065
9.972246
9.825869
9.581830
9.751310
9.884478
10.116725
10.059567
10.247148
10.354649
10.588328
10.847465
11.084174
11.390469
11.597222
12.033034
12.305458
12.530695
13.263467
14.242076
14.868974
14.790592
15.223445
14.761882
14.353648
13.720592
13.364657
12.999090
12.309905
12.097860
11.944531
11.764199
11.635540
11.447035
11.296295
11.167258
11.116384
11.093999
10.948520
10.901843
10.544233
9.706285
9.575266
9.695800
10.009727
10.206479
9.635679
9.581559
9.902904
10.329854
10.297533
10.568993
10.583422
10.740735
10.930292
11.095957
11.287671
11.450833
11.765458
12.022711
12.016186
11.926253
12.140059
12.337751
12.971515
13.694955
14.113766
14.411622
14.533285
14.091322
13.048426
12.091336
11.171081
10.741550
10.474137
9.986219
9.530604
8.825511
8.627901
8.382737
8.255543
8.060285
7.850757
7.679065
7.601173
7.511324
7.372481
7.590724
7.824774
8.437524
9.239328
8.723055
9.100094
9.153068
9.499899
9.762044
9.946638
9.795555
9.445185
9.347678
9.379760
9.541431
9.835434
10.038268
10.373677
10.852358
11.364853
11.906050
12.070286
12.571900
12.717006
13.398628
13.635548
13.684955
13.681458
13.416069
12.912595
11.356777
10.671064
10.060925
9.619233
9.850511
9.967478
9.385955
9.294057
8.878411
8.637555
8.312564
7.986564
7.773856
7.488417
7.417507
7.446075
7.429146
7.858530
8.326637
8.751115
9.482465
10.009775
9.551043
9.755121
9.720910
9.958703
9.984477
9.701286
9.563640
9.541252
9.592656
9.641391
9.669378
9.705259
9.756692
10.255209
11.144327
11.733724
12.361443
12.983199
13.110914
12.793083
11.364267
10.092509
9.127994
8.817627
8.683605
8.440236
8.543387
8.827759
9.193233
9.854609
10.210581
10.474106
10.938063
11.586673
11.698120
11.824300
11.968174
12.469387
13.471347
14.097073
14.917230
15.175559
15.834180
16.320068
17.047243
17.131330
17.180760
17.665031
18.366972
18.723496
19.299356
19.695495
20.295794
20.769692
21.166302
21.734958
22.048436
22.237975
22.222143
22.219652
22.468390
22.256842
22.046956
21.586343
21.179508
21.163916
21.255351
21.303042
20.671799
20.296997
19.888631
19.556064
18.991768
18.623876
18.181825
17.809831
17.414929
17.044871
16.435147
16.048608
16.079342
16.086650
16.130353
16.259379
16.397392
16.133370
15.667556
15.334568
14.848375
14.493632
14.200868
14.010135
13.971894
13.962536
13.804361
13.775304
13.730879
13.964161
14.477916
14.366960
14.514924
14.359655
13.594583
12.361187
10.396322
9.103606
8.383715
8.217703
8.565448
8.896161
9.315240
9.421200
9.602183
9.793091
10.287447
11.022374
11.358611
11.788539
12.213017
12.847146
13.198244
13.989207
14.520156
15.117589
15.751684
16.593660
17.183171
17.956179
18.612949
19.328792
19.906412
20.652487
21.309383
22.109574
22.554266
22.786893
22.619286
22.762483
22.819895
23.073396
22.754745
22.020042
22.029731
22.121875
21.609131
20.877870
20.251393
19.798903
19.152843
18.676734
18.009045
17.536747
17.062985
17.085736
17.193520
16.718516
16.250989
15.858325
15.618510
15.189258
14.658894
14.607214
14.417044
14.208691
14.260552
13.976843
13.876563
13.713000
13.581547
13.786071
14.133839
14.083154
13.956399
14.257209
14.611005
15.015927
15.286686
14.611180
13.230646
12.647316
12.525265
12.464693
12.501944
12.544397
12.738989
12.827247
12.999547
13.453876
13.657900
13.976153
14.258391
14.736372
14.806975
14.785604
15.156239
15.510673
15.848104
16.311223
16.762518
17.358545
17.850664
18.433409
19.208598
19.781621
20.347350
20.980681
21.389606
22.014076
22.463257
22.969908
23.343884
23.343001
22.764800
22.661855
22.035833
21.577078
20.713317
20.097337
19.152029
18.480029
18.022231
17.432703
17.168875
16.970303
16.522916
16.144936
15.822656
15.470496
14.883100
14.571327
14.391076
13.937335
13.687135
13.359437
13.076953
12.681978
12.431390
12.012201
11.540962
