1830
1840
1820
1830
1830
1840
1820
1820
1830
1890
1780
1780
1770
1770
1780
1780
1770
1780
1770
1830
1780
1770
1770
1780
1770
1790
1780
1760
1780
1830
1780
1770
1770
1780
1770
1770
1770
1780
1770
1840
1770
1780
1780
1780
1770
1770
1780
1780
1770
1830
1790
1770
1780
1770
1770
1780
1770
1780
1770
1830
1780
1780
1770
1770
1780
1770
1770
1770
1780
1830
1770
1770
1770
1780
1770
1770
1770
1770
1780
1830
1780
1770
1770
1780
1770
1770
1770
1770
1770
1840
1770
1770
1770
1770
1780
1770
1770
1780
1770
1830
1770
1780
1770
1770
1770
1770
1770
1770
1770
1840
1770
1770
1780
1780
1770
1770
1770
1770
1780
1840
1770
1780
1770
1780
1780
1780
1770
1780
1770
1840
1770
1770
1790
1770
1770
1780
1760
1780
1770
1830
1770
1780
1770
1770
1780
1770
1780
1770
1770
1840
1770
1770
1770
1780
1770
1770
1770
1770
1780
1830
1770
1780
1770
1770
1770
1780
1770
1770
1770
1830
1770
1770
1780
1760
1780
1780
1780
1770
1770
1830
1770
1780
1770
1780
1770
1770
1770
1770
1770
1830
1780
1760
1780
1770
1780
1770
1770
1770
1770
1840
1770
1770
1770
1770
1780
1770
1770
1780
1780
1840
1770
1780
1770
1770
1780
1770
1770
1780
1770
1840
1770
1770
1770
1770
1770
1770
1780
1770
1770
1840
1780
1770
1780
1780
1770
1770
1770
1780
1770
1830
1770
1770
1770
1770
1770
1770
1770
1770
1770
1830
1780
1770
1770
1770
1770
1780
1770
1770
1780
1830
1770
1790
1770
1780
1760
1780
1770
1770
1780
1840
1770
1770
1770
1770
1770
1770
1780
1780
1780
1830
1770
1790
1770
1770
1780
1760
1780
1770
1780
1830
1780
1760
1780
1770
1770
1780
1770
1770
1770
1830
1770
1770
1770
1770
1770
1770
1780
1770
1770
1830
1770
1770
1770
1770
1780
1770
1760
1770
1770
1830
1770
1780
1770
1760
1770
1770
1770
1770
1770
1840
1760
1770
1770
1770
1760
1770
1770
1780
1770
1820
1770
1770
1430
1190
1180
1180
1180
1180
1180
1230
1180
1180
1180
1190
1180
1180
1180
1180
1180
1230
1180
1180
1180
1190
1190
1180
1180
1180
1180
1230
1180
1180
1180
1180
1180
1180
1190
1180
1180
1230
1180
1180
1180
1180
1180
1180
1190
1180
1180
1230
1180
1180
1180
1180
1190
1180
1180
1180
1180
1220
1180
1190
1180
1180
1190
1180
1180
1180
1180
1220
1180
1190
1180
1180
1180
1190
1180
1180
1180
1230
1180
1180
1180
1180
1180
1180
1180
1180
1180
1230
1180
1180
1180
1180
1180
1180
1180
1180
1190
1220
1180
1180
1180
1180
1180
1180
1180
1180
1180
1220
1190
1180
1180
1180
1180
1190
1180
1180
1180
1230
1180
1180
1180
1180
1180
1180
1190
1180
1180
1220
1180
1190
1180
1180
1180
1190
1180
1180
1180
1230
1180
1180
1180
1180
1180
1180
1180
1190
1180
1230
1180
1180
1180
1180
1180
1190
1180
1190
1180
1220
1180
1170
1190
1180
1180
1180
1180
1190
1180
1220
1180
1180
1180
1190
1180
1180
1190
1180
1180
1230
1180
1180
1180
1170
1190
1180
1190
1180
1180
1220
1180
1190
1180
1180
1180
1180
1180
1180
1180
1220
1180
1190
1180
1180
1190
1180
1180
1180
1180
1220
1190
1180
1180
1180
1180
1180
1180
1180
1180
1230
1180
