0.028285
0.077166
0.285628
0.330340
0.406627
0.502005
0.570261
0.595779
0.878083
1.014322
1.334864
1.497564
1.767122
2.165289
2.310152
2.252171
2.159137
2.122354
2.051301
1.380747
0.978545
0.398693
0.145933
0.531639
0.968354
1.599881
2.062221
2.660769
3.056708
3.463050
4.013622
4.453964
4.862285
5.467902
5.831862
6.397382
6.768714
7.321201
7.671262
8.036739
8.559368
8.913150
9.503497
9.876774
10.261939
10.342814
10.465876
10.660078
10.740371
10.643043
10.510946
10.413202
10.312376
9.681455
9.266856
8.604637
7.966265
7.546691
7.106455
6.690648
6.094548
5.678421
5.294250
4.662184
4.223196
3.789933
3.139588
2.716846
2.134063
1.778025
1.388504
0.895009
0.617317
0.572845
0.846108
1.118636
1.397086
1.962903
2.344810
2.427574
2.292212
2.191093
2.478001
2.468144
2.306812
1.654005
1.422621
1.168773
0.990250
0.960979
1.144883
1.717881
2.075621
2.425030
2.837778
3.442603
3.841032
4.306732
4.966211
5.403040
6.075111
6.492377
6.922715
7.322762
7.885427
8.255042
8.609430
9.148635
9.564139
9.967921
10.361085
10.400119
10.539361
10.653373
10.819368
10.554351
10.426948
10.321647
10.270206
10.278422
10.296995
9.547959
9.137370
8.737586
8.340106
7.745359
7.331776
6.946652
6.348291
5.933929
5.537755
4.918269
4.500479
4.076020
3.669570
3.096377
2.715758
2.367181
1.873595
1.642792
1.454030
1.379442
1.485122
1.678177
2.039679
2.324005
2.405304
2.423427
2.218600
2.054258
1.610371
1.976363
2.210279
1.561845
1.056410
0.736573
0.958196
1.280909
1.634546
2.017128
2.605920
3.012531
3.415037
4.028224
4.462018
4.888069
5.298034
5.885845
6.328024
6.978741
7.422716
7.475632
7.499465
7.896343
8.310935
8.888935
9.304576
9.904808
10.335204
10.725809
10.725143
10.815322
11.042561
11.211895
10.982559
10.870826
10.709403
10.621559
10.604884
10.678521
10.766016
10.941540
11.062116
11.307788
11.525729
11.761600
12.129422
12.378170
12.792226
13.163802
13.392218
14.016646
14.700332
15.166992
15.321065
15.792994
15.605219
15.206034
14.589232
14.200911
13.832422
13.074195
12.782320
12.622603
12.483220
12.345537
12.177903
12.092782
12.032163
11.965316
11.944145
11.857413
11.899335
11.477502
10.632880
10.522396
10.740970
10.933721
11.125637
10.694245
10.675596
10.785994
10.889185
10.945819
11.052380
11.255826
11.457659
11.570535
11.803946
11.999354
12.161482
12.430646
12.625719
12.660947
12.630555
12.789901
12.988397
13.671401
14.287138
14.694730
15.286629
15.887339
15.910755
15.409443
15.111633
14.590669
14.236787
13.906218
12.946377
12.390053
11.598781
11.373251
11.173326
11.002542
10.846110
10.705734
10.560651
10.466037
10.414839
10.392948
10.386790
10.578375
10.762423
11.030105
10.486072
10.358430
10.372963
10.387319
10.442067
10.524822
10.432670
10.269038
10.276014
10.388608
10.615784
10.912186
11.138798
11.432865
11.933410
12.470515
13.055965
13.275461
13.786934
13.846019
14.475242
14.951826
15.322610
15.672143
15.791366
15.726789
15.011374
14.601435
14.181396
13.435227
13.465720
13.531348
13.018717
12.754518
12.444477
12.270901
12.024675
11.808782
11.700693
11.543881
11.456036
11.375545
11.212529
11.178036
11.342186
11.489954
11.706624
11.824768
11.399716
11.295029
11.257803
11.237470
11.221342
11.106271
11.042536
11.103783
11.203563
11.346514
11.556215
11.713271
11.919699
12.422655
13.175554
13.695133
14.312916
14.698244
15.271897
15.997694
15.462610
15.108364
14.549267
14.067885
13.608998
13.039224
12.836821
12.817183
12.965263
13.365607
13.668924
13.997808
14.300705
14.705590
14.695881
14.669370
14.635319
14.956023
15.490108
15.860099
16.486466
16.512556
16.873206
17.257117
17.851277
17.821015
17.770411
18.163650
18.707970
19.089347
19.699682
20.101376
20.710565
21.157844
21.598090
22.108092
22.509356
22.689895
22.543124
22.525445
22.771043
22.448361
22.140533
21.499739
21.050354
21.144691
21.164013
21.226461
20.582918
20.160944
19.750180
19.377498
18.782414
18.413629
18.045828
17.666710
17.312888
16.948949
16.485440
16.180353
16.231183
16.299702
16.311200
16.275006
16.285221
15.946804
15.636137
15.314184
14.872559
14.573629
14.277724
14.054027
14.020899
13.966690
13.925793
13.904611
14.032043
14.376062
14.893926
14.646402
15.039668
15.441699
16.027914
16.443111
15.793471
15.204922
14.600352
14.113744
13.738216
13.576233
13.328656
12.975533
12.808494
12.638554
12.589353
12.990267
13.251000
13.543861
13.844597
14.316818
14.475443
14.938276
15.278062
15.618829
15.987629
16.581056
16.989717
17.645241
18.262266
18.918793
19.567703
20.224521
20.955517
21.658386
22.177757
22.474624
22.605839
22.610380
22.632126
22.820941
22.568334
21.809415
21.811523
21.804114
21.330378
20.648596
20.008245
19.615430
18.992245
18.565249
17.958463
17.566474
17.165083
17.144203
17.164054
16.626019
16.265515
15.903469
15.557347
15.211111
14.706166
14.362507
14.018277
13.702538
13.444256
13.052044
12.782181
12.552927
12.393534
12.583192
12.971722
13.100280
12.924537
13.423803
13.915181
14.448099
14.831683
14.700359
14.132982
13.684692
13.449510
13.280942
13.197479
13.151570
13.158056
13.205738
13.379354
13.836913
14.150658
14.465891
14.783390
15.121371
15.128630
15.171635
15.528422
15.868822
16.188475
16.522758
16.857464
17.379183
17.732718
18.120000
18.723702
19.098336
19.488196
20.061235
20.475157
21.129449
21.571193
21.996776
22.451153
22.521092
22.050705
22.044236
21.579693
21.329810
20.618500
20.127730
19.244595
18.643138
18.225622
17.585172
17.198269
16.817425
16.435145
16.079817
15.747071
15.426357
14.908907
14.617115
14.362899
13.940824
13.658151
13.370769
13.078680
12.686282
12.424799
11.887965
11.477717
