30
30
20
30
30
20
30
30
30
30
20
30
30
30
30
20
30
30
30
30
20
30
30
30
30
40
40
50
50
40
50
40
50
40
40
70
60
70
60
60
70
60
80
90
80
80
90
100
100
100
110
100
100
100
100
100
100
130
120
120
120
140
140
140
140
140
140
140
130
140
150
130
130
140
140
140
140
140
140
140
150
140
130
140
160
160
160
150
150
180
180
180
180
170
180
180
170
180
180
180
180
180
170
180
180
170
180
180
180
180
170
180
180
180
170
180
200
200
190
200
200
190
200
220
210
210
210
220
220
210
220
220
210
220
210
220
210
220
220
210
220
210
240
240
230
240
230
240
240
230
240
230
240
240
230
230
240
240
230
240
250
260
250
260
270
280
270
270
280
270
280
270
280
290
290
300
290
290
300
290
290
300
290
290
290
290
300
290
290
300
290
290
300
290
290
300
290
290
290
300
290
290
290
290
290
290
300
290
290
300
290
290
300
290
290
300
290
290
290
300
290
290
300
310
320
310
320
310
310
320
320
310
310
320
310
320
310
320
330
330
340
340
330
330
340
330
360
350
360
350
360
350
360
350
360
350
360
350
350
360
360
350
380
370
380
370
380
370
380
380
370
380
370
380
380
370
370
380
380
370
380
370
380
380
370
380
370
380
370
380
370
380
380
370
380
370
380
370
370
370
380
380
370
380
370
380
380
370
380
400
400
390
400
390
400
400
400
390
400
390
400
400
400
390
400
400
390
400
400
390
400
420
420
420
410
420
420
420
420
420
420
420
440
440
440
440
430
430
440
440
450
440
460
460
460
460
460
460
460
480
490
480
490
490
480
490
480
490
480
490
490
480
490
480
490
480
490
480
490
490
480
490
490
480
490
480
490
480
490
480
490
490
480
490
480
490
480
480
480
490
490
480
490
490
480
480
490
490
480
480
490
490
480
490
480
490
480
490
490
480
490
480
490
480
490
490
480
480
490
490
510
530
530
530
530
530
560
550
550
560
580
580
580
600
610
600
600
600
600
600
600
610
600
600
600
600
610
600
600
610
600
600
600
630
650
650
650
650
650
670
680
670
680
700
700
700
700
710
700
700
710
700
700
700
700
700
700
700
710
700
730
730
730
730
730
720
730
730
760
750
760
750
760
750
750
790
780
780
790
780
780
780
780
780
790
780
780
780
780
790
780
810
810
810
810
810
840
830
840
860
870
870
860
870
860
860
870
860
870
860
870
860
870
860
900
880
900
890
890
890
890
900
890
890
890
890
890
890
900
890
890
