1.933524 2.100129
1.937875 2.106658
1.965176 2.139287
1.971928 2.204848
1.999925 2.299685
2.046695 2.418624
2.083302 2.551332
2.149633 2.696799
2.230144 2.884121
2.321111 3.064515
2.432842 3.294833
2.536962 3.492081
2.686972 3.722968
2.896657 3.955411
2.988331 4.015047
3.014934 3.998453
3.076730 3.978242
3.253533 4.163908
3.303948 4.247454
3.405676 4.320015
3.422553 4.354545
3.506748 4.437309
3.588119 4.521090
3.662945 4.610121
3.791208 4.735111
3.893425 4.701867
3.955830 4.832379
4.062563 4.912541
4.233760 5.067403
4.351593 5.153560
4.494303 5.316194
4.501950 5.420723
4.693476 5.618814
4.922399 5.851439
5.176303 6.111800
5.175243 6.111806
5.317329 6.320403
5.462349 6.409498
5.543390 6.525590
5.676169 6.527791
5.727239 6.560241
5.877502 6.606432
5.864626 6.744374
5.999529 6.726042
5.976086 6.585489
5.849404 6.475538
5.715933 6.414237
5.589619 6.308645
5.461149 6.207556
5.260145 6.087470
5.316397 6.236532
5.551699 6.647186
5.761642 7.026326
6.156930 7.403279
6.274110 7.537593
6.294333 7.509035
6.288509 7.511030
6.116244 7.371969
5.794558 7.098949
5.545179 6.815793
5.439838 6.637092
5.328808 6.408156
5.157475 6.082818
5.129942 5.852265
5.018538 5.758806
4.972739 5.764944
4.950951 5.600211
5.010765 5.551913
5.118740 5.493278
5.223248 5.476606
5.284082 5.535348
5.363157 5.530786
5.299184 5.592288
5.314926 5.546540
5.229247 5.463012
5.218412 5.521338
5.157771 5.471996
5.074819 5.433971
5.044036 5.330205
5.000119 5.289242
4.931847 5.233230
5.155846 5.426525
5.544500 5.641692
5.913923 5.921454
6.343396 6.209505
6.655089 6.421190
6.922882 6.506167
6.903317 6.552203
6.657920 6.458324
6.455904 6.391485
6.190670 6.218228
6.058062 6.293488
6.011345 6.204797
6.049245 6.168380
5.923795 6.239063
5.923633 6.094790
5.656781 5.862016
5.566851 5.796728
5.428627 5.753172
5.481636 5.859677
5.465423 5.802731
5.493322 5.863968
5.589410 5.834083
5.428015 5.730112
5.491495 5.807215
5.120002 5.721914
5.068089 5.545223
4.997849 5.597197
5.031820 5.583327
5.027983 5.510481
4.943442 5.436279
4.935679 5.311037
4.981828 5.244154
5.035694 5.344460
5.062809 5.324804
4.795933 5.053173
4.745156 5.021985
4.866533 5.095324
5.017054 5.309478
5.019334 5.384498
5.167842 5.516361
5.018803 5.332390
4.805337 4.958381
4.469685 4.682442
4.456396 4.666910
4.601491 4.744939
4.862949 5.072848
4.975089 5.173628
4.944700 5.113617
4.818545 4.968524
4.686332 4.877832
4.656982 4.755670
4.443364 4.671083
4.382242 4.693097
4.383762 4.622511
4.502379 4.568609
4.515356 4.539028
4.594945 4.618168
4.852519 4.837317
5.348962 5.302594
6.004646 5.911987
6.783920 6.555423
7.365940 7.019283
7.991040 7.444711
8.545284 7.778121
9.012423 8.074506
9.503866 8.401264
10.111868 8.905759
10.616728 9.505259
11.126868 10.078176
11.675310 10.578754
12.083699 10.954184
12.529549 11.372244
12.740141 11.560349
12.959014 11.842924
13.151452 12.189420
13.345413 12.395918
13.484567 12.613726
13.657947 12.758929
13.804922 12.857035
13.912869 12.846983
14.032880 12.914349
14.107229 12.971155
14.111306 12.982300
14.071299 13.006708
14.121274 13.012500
14.211947 12.958108
14.247980 13.042650
14.210587 13.118941
14.292260 13.247336
14.341002 13.346347
14.453427 13.520641
14.486039 13.491172
14.310946 13.534637
14.152768 13.580634
13.954325 13.477418
13.630193 13.408751
13.546658 13.325524
13.227649 13.301977
13.000994 13.228324
12.797937 13.259015
12.549038 13.291063
12.233843 13.193491
12.012518 13.197370
11.731932 13.070787
11.686915 13.076305
11.381254 13.025595
11.362415 13.159090
11.346068 13.092205
11.027086 13.088315
10.713927 12.953749
10.492580 13.052909
10.508932 12.816597
10.469072 12.853915
10.608250 12.900163
10.754925 12.901614
11.144142 12.975157
11.583013 13.151735
12.314266 13.427223
13.299599 13.779778
13.970783 14.147954
14.830419 14.412456
15.361535 14.883830
15.923610 15.429701
16.383335 15.695115
16.462099 15.780901
16.577327 15.771636
16.465508 15.656695
16.172557 15.515936
15.870638 15.321189
15.725226 15.234873
15.836874 15.247764
15.835485 15.244386
15.890780 15.302439
15.935121 15.239355
15.957544 15.228074
15.949265 15.209309
15.975695 15.187233
15.900307 15.096747
15.702953 14.968026
15.447949 14.978120
15.223803 14.972515
14.960830 14.899164
14.586082 14.583142
14.202624 14.458245
13.755422 14.030421
13.318836 13.656893
13.027724 13.599628
12.903809 13.450186
12.709822 13.150653
12.603240 13.149895
12.547221 13.261670
12.545964 13.408132
12.599215 13.422559
12.530464 13.420287
12.171120 13.298632
11.739654 13.130260
11.369276 12.739014
10.866767 12.409617
10.449188 12.195830
10.004684 12.215362
10.074989 12.305677
10.849250 12.777710
11.496431 13.063391
11.804302 13.355479
12.268979 13.455712
12.862920 13.511783
12.912774 13.546089
13.294624 13.664101
13.484898 13.984026
13.836327 14.289476
14.134172 14.368651
14.303724 14.324531
14.286869 14.239222
13.922807 13.773301
13.783423 13.662071
13.752571 13.619070
13.605274 13.478756
13.485126 13.525905
13.516682 13.557790
13.555378 13.618616
13.426161 13.571740
12.924172 13.351647
12.747019 13.181153
12.592126 13.117364
12.454736 12.871647
12.161473 12.568884
11.609267 12.579350
11.355583 12.468734
11.167740 12.362202
11.084129 12.436154
11.184429 12.590891
11.195803 12.680458
10.946249 12.797767
10.803937 12.874869
11.223756 13.113532
11.944463 13.745814
12.713681 14.183037
13.501456 14.645067
13.623595 14.871104
13.699897 14.885343
13.592708 14.560553
13.123796 14.361541
13.032270 14.239761
12.666861 14.167607
12.401828 14.050537
12.341802 13.997722
12.178792 14.015484
12.326960 14.085401
12.542117 14.253663
12.752365 14.295172
13.061684 14.368005
13.473798 14.672240
13.683419 14.854780
14.031154 15.022443
14.376466 15.180512
14.082228 14.922819
13.580769 14.780879
13.022399 14.612908
12.777463 14.323155
12.600496 13.972984
12.256748 13.534851
11.864230 13.583542
11.526925 13.642761
11.240357 13.251190
10.776042 13.013245
10.476744 12.963080
10.379699 12.683241
10.106150 12.691651
9.425474 12.555908
9.249016 12.485537
9.300669 12.480211
9.316786 12.466663
9.394704 12.543977
9.604507 12.769986
10.248426 13.161535
10.476259 13.512831
10.738101 13.774987
11.109350 14.063513
11.422801 14.328658
11.884065 14.862697
12.487752 15.261663
12.956988 15.672279
13.750311 16.179362
14.583593 16.959396
15.298338 17.511515
16.112254 18.021812
16.447668 18.491081
16.766590 18.894612
17.087798 18.967394
17.133055 18.904778
16.771720 18.723836
16.516519 18.517243
16.150655 18.348882
16.069400 18.102738
16.138562 18.131343
16.156043 18.137514
16.221410 18.305606
16.387573 18.498398
16.559075 18.585900
17.154900 19.014985
17.542768 19.445259
17.647266 19.901092
17.664860 19.936061
17.631010 19.941427
17.689039 19.900244
17.914834 20.038496
17.985451 20.129815
18.126622 20.207234
18.251168 20.257494
18.327609 20.313832
18.409327 20.393764
18.493405 20.436210
18.936406 21.073741
19.309059 21.508519
19.651615 21.742123
19.905158 22.079219
20.084429 22.331824
20.204732 22.606653
20.283260 22.782388
20.408149 23.021467
20.487820 23.115579
20.541318 23.059802
20.349700 22.902418
20.115611 22.785690
20.049824 22.329663
19.565238 21.976902
19.025202 21.492338
18.319532 20.787948
17.637980 19.594389
16.731291 18.880205
15.999187 17.738762
15.720280 17.079023
16.278695 18.010078
18.137820 20.362240
20.416547 23.229783
21.930020 25.186242
22.659632 26.310223
23.052765 26.957355
23.377991 27.483772
23.606503 27.906561
23.712469 28.301880
23.876797 28.326392
23.967114 28.450484
24.210951 28.580887
24.500371 28.928418
24.681716 29.276003
24.774991 29.368735
24.768788 29.477882
24.914306 29.592349
24.989861 29.785913
24.959705 29.871259
25.101825 29.779881
25.131400 29.988009
25.213554 30.168727
25.253526 30.164982
25.277557 30.157283
25.305103 30.167124
25.328590 30.171182
25.482132 30.250513
25.508298 30.259123
25.552783 30.267293
25.642078 30.387717
25.713827 30.376502
25.729200 30.450973
25.815812 30.504726
25.837679 30.568488
25.806712 30.586326
25.804138 30.552587
25.988800 30.799902
25.997390 30.844082
25.991419 30.854409
26.033308 30.927131
26.075504 30.954892
26.130198 30.985765
26.163445 31.034344
26.149103 31.027113
26.221069 31.074969
26.293599 31.115423
26.363069 31.016869
26.403255 31.014253
26.517652 30.948709
26.491666 30.689014
26.524745 30.673611
26.391987 30.661034
26.419312 30.656348
26.295135 30.670826
26.140946 30.579338
26.138654 30.260483
25.983163 30.196281
25.841026 29.999222
25.657691 29.563230
25.613926 29.515344
25.479769 29.267550
25.061560 29.100814
24.994628 28.977206
24.870660 28.688117
24.559783 28.528038
24.089589 28.292973
23.911982 28.085108
23.674621 27.690195
23.535922 27.493780
23.454071 27.292698
23.425132 27.119996
23.441393 27.007292
23.458647 26.858401
23.445623 26.812661
23.294453 26.556251
23.295437 26.533970
23.365707 26.512592
23.289331 26.500430
23.372522 26.540793
23.551081 26.851577
24.174845 27.281400
24.880795 28.000205
25.637037 28.720809
26.094992 29.478504
26.556463 30.231920
27.217138 30.960977
27.825678 31.358378
28.486650 31.879772
28.951430 32.370275
29.272853 32.806618
29.519814 33.261092
29.813934 33.759868
30.106798 34.034941
30.203126 34.432144
30.397890 34.551280
30.415857 34.829064
30.482684 34.824992
30.673196 34.942919
30.715936 35.015323
30.514062 35.052078
30.349736 35.146542
30.323196 35.095639
30.370351 34.980120
30.407491 34.724636
30.287463 34.731087
30.239463 34.659483
30.249066 34.676281
30.551974 34.636961
30.744520 34.637627
30.873643 34.652788
30.982311 34.584779
31.107237 34.583491
31.130451 34.588400
31.406050 34.665614
31.431140 34.714892
31.530895 34.759431
31.553858 34.816307
31.659327 34.859988
31.771370 34.902807
31.814152 34.930158
31.913092 35.360602
32.119856 35.373677
32.309252 35.326317
32.352302 35.334736
32.687722 35.308086
32.747829 35.315427
32.779610 35.253618
32.864436 35.313373
32.866340 35.480318
32.840784 35.477850
32.802004 35.468171
32.750910 35.470721
32.768281 35.474061
32.783583 35.503641
32.777145 35.507983
32.830808 35.521812
32.822019 35.546155
32.832001 35.551982
32.850615 35.583613
32.923114 35.696144
32.967213 35.718996
32.977311 35.722554
33.011199 35.720746
33.034338 35.737782
33.066544 35.762117
33.160281 35.811289
33.194525 35.846669
33.245208 35.879537
33.282731 35.941299
33.298293 35.930351
33.396405 35.983898
33.472892 36.002962
33.544026 36.052396
33.692999 36.079830
33.879117 36.003327
33.760173 36.009681
33.786874 35.758348
33.781520 35.507593
33.686244 35.356533
33.506759 34.696633
33.680976 34.255777
33.813341 33.721083
33.776169 33.068979
33.887575 32.808404
33.838137 32.305903
33.913941 31.845539
33.860803 31.369484
33.726962 30.724300
33.428768 30.324134
33.150712 29.507593
32.932639 29.070838
32.835456 28.369445
33.124881 27.623159
33.190013 27.097518
33.278600 26.724646
33.489360 26.359777
33.524674 25.832187
33.689748 25.593498
33.757104 25.374787
33.786427 25.326482
33.813388 25.097652
33.822665 25.165125
33.831520 25.250277
33.824413 25.372149
33.869701 25.527702
33.920532 25.603969
34.090149 25.783870
34.340903 25.942600
