1.936337 2.105887
1.901301 2.031746
1.794475 2.003809
1.777060 2.014872
1.680326 1.967400
1.645407 1.992247
1.565095 2.024396
1.561229 2.022076
1.459224 2.070525
1.440386 2.035560
1.455608 2.015049
1.492319 2.071496
1.547517 2.167130
1.720497 2.328398
1.714153 2.306224
1.880839 2.427811
2.475215 2.908569
3.272785 3.420323
3.797092 3.786808
4.212935 4.149341
4.266812 4.224642
4.279975 4.253615
4.225115 4.281326
3.998863 4.201904
3.825763 4.000196
3.672170 3.844176
3.465415 3.728778
3.520622 3.692358
3.660920 3.874742
3.872077 4.106803
4.045801 4.307547
4.074164 4.405058
4.000189 4.380163
3.991232 4.216054
3.923362 4.167930
3.760983 4.089192
3.727411 3.997602
3.655134 3.940515
3.556936 3.790120
3.622680 3.822435
3.640879 3.793356
3.598190 3.734087
3.640155 3.782090
3.628781 3.696969
3.565433 3.666316
3.379201 3.562133
3.326795 3.524954
3.245569 3.537142
3.164203 3.476523
3.128159 3.339978
3.315330 3.464021
3.472920 3.579850
3.538559 3.639474
3.599839 3.708324
3.571083 3.635300
3.543672 3.675652
3.517500 3.662356
3.577166 3.764055
3.703831 3.907945
3.949861 4.171571
4.256292 4.465928
4.511562 4.725815
4.737436 4.928891
4.959708 5.141260
5.155267 5.351101
5.340225 5.430744
5.582165 5.609175
5.659904 5.710140
5.740942 5.850953
5.696339 5.788154
5.576345 5.819330
5.529168 5.766724
5.365741 5.659646
5.226687 5.526533
5.055317 5.486647
5.170517 5.498120
5.301349 5.670539
5.229643 5.795805
5.416248 5.956501
5.562298 6.146595
5.521636 6.149177
5.488731 6.192293
5.678397 6.318350
5.705623 6.326343
5.741012 6.297998
5.670447 6.134162
5.546493 6.059643
5.360301 5.972366
5.369432 5.962897
5.317830 5.769394
5.348557 5.708275
5.429867 5.620615
5.408507 5.493602
5.337904 5.263667
5.139582 5.122713
5.088218 5.133945
5.010258 5.113146
4.989887 5.121309
5.143436 5.242619
5.308926 5.388957
5.496272 5.569934
5.505092 5.552165
5.501934 5.664859
5.633517 5.675978
5.585262 5.624256
5.562663 5.687427
5.668116 5.777027
5.832238 5.947045
5.846492 5.789858
6.030150 6.004156
6.009656 5.788129
5.789914 5.652367
5.512110 5.522649
5.403927 5.340306
5.397397 5.346487
5.245044 5.338549
5.292865 5.512897
5.453815 5.756685
5.573096 5.980635
5.616510 6.051723
5.704110 6.199640
5.735259 6.115725
5.719987 6.014713
5.700451 5.792785
5.697601 5.715447
5.619083 5.529388
5.560715 5.225703
5.419680 5.018248
5.379139 4.878601
5.456352 4.954167
5.571512 5.066425
5.715292 5.194115
5.757241 5.161279
5.867017 5.301850
5.887903 5.421877
5.830133 5.417222
5.669221 5.321980
5.757427 5.455933
6.132129 5.785232
6.706295 6.169454
7.125139 6.693585
7.367767 6.925064
7.579791 7.154276
7.667932 7.331292
7.863555 7.475007
7.909819 7.488654
7.804564 7.412920
7.803766 7.382144
7.681351 7.309420
7.343751 6.988535
7.119973 6.798530
6.839482 6.534068
6.376431 6.135761
6.071138 5.649878
5.787505 5.213820
5.629538 5.025224
5.562947 4.953018
5.605814 4.791036
5.525308 4.655059
5.529647 4.664484
5.531459 4.620243
5.508480 4.533690
5.515357 4.421430
5.502723 4.460803
5.389151 4.446108
5.283884 4.397985
5.188878 4.268219
5.049036 4.262473
4.926864 4.207855
4.797652 4.176250
4.685058 4.084284
4.525727 3.942202
4.533615 3.965680
4.205023 3.713964
3.835326 3.499196
3.634982 3.310303
3.515192 3.209930
3.427495 3.113464
3.307229 2.934320
3.258270 2.902365
3.186594 2.937751
3.160213 3.035115
3.166726 3.043022
3.330183 3.109297
3.363969 3.190523
3.217082 3.155777
3.360383 3.252817
3.568575 3.492570
3.573360 3.609644
3.347209 3.586860
3.323943 3.506624
3.362197 3.495066
3.259576 3.568996
3.523028 3.849419
3.966478 4.361501
4.699222 5.095481
5.532103 5.881380
6.368413 6.505107
6.969523 7.024597
7.378561 7.407278
7.440944 7.660066
7.334398 7.747530
7.036177 7.836866
6.772771 7.886538
6.574879 7.782737
6.604909 7.814478
6.498571 7.813590
6.852371 8.072275
7.133133 8.332455
7.356950 8.507886
7.447960 8.678039
7.568315 8.807879
7.575149 8.805638
7.558298 8.721971
7.395711 8.712046
7.388623 8.701445
7.356088 8.657309
7.198202 8.668905
7.229624 8.680164
7.316514 8.735557
7.419435 8.799575
7.558340 8.907988
7.521186 8.840555
7.427290 8.826897
7.366502 8.734181
7.293417 8.722341
7.204007 8.557698
7.122686 8.505383
6.948124 8.343774
6.717757 8.042426
6.629702 7.942984
6.214344 7.428325
5.331019 6.560372
4.229156 5.845919
3.486302 5.441307
3.227649 4.900551
3.053239 4.559715
3.072256 4.526523
3.162621 4.569427
3.384493 4.677291
3.618447 4.839547
3.843790 4.971744
4.163431 5.139788
4.295812 5.258345
4.426340 5.333676
4.581317 5.294323
4.706424 5.293018
4.758486 5.297601
4.845870 5.288500
4.866305 5.187171
4.881102 5.098950
4.751235 5.058364
4.595140 5.016505
4.561746 4.930544
4.709332 5.046280
4.837427 5.150833
4.878945 5.155947
4.791816 4.942884
4.827614 4.967672
4.751372 4.788155
4.825527 4.834926
4.632405 4.614693
4.526777 4.402297
4.412697 4.342533
4.297330 4.297047
4.340200 4.376464
4.443229 4.465961
4.518984 4.538053
4.585883 4.580422
4.778490 4.794701
5.025097 5.095500
5.173640 5.254709
4.996315 5.169186
4.465905 4.872553
4.289481 4.488668
4.006033 4.336110
3.890678 4.226712
3.687227 4.068821
3.486046 3.818304
3.298582 3.542624
3.174267 3.520189
3.086498 3.439308
3.121200 3.468758
3.217754 3.608753
3.468511 4.052280
3.707227 4.297691
4.043569 4.673449
4.418948 5.197632
4.989780 5.952092
5.494599 6.627119
5.736805 7.013234
5.930270 7.268945
6.087410 7.455698
6.192969 7.717040
6.270940 7.669120
6.292001 7.630188
6.340978 7.663828
6.487719 7.721098
6.938848 8.050909
7.164808 8.274956
7.457694 8.501541
7.534813 8.583154
7.626725 8.626006
7.595659 8.693744
7.525964 8.617686
7.296147 8.516666
6.921652 8.382056
6.704970 8.209255
6.389355 8.114246
6.137366 7.985060
6.008605 7.946561
5.774004 7.726404
5.392830 7.453137
4.843502 7.020572
4.492189 6.466065
4.084482 5.873647
3.892090 5.389318
3.769579 5.065619
3.621743 4.898976
3.498580 4.745972
3.441915 4.687407
3.052796 4.368882
2.768510 3.861199
2.449656 3.373383
2.277445 3.068308
2.276509 2.857693
2.421934 2.861122
2.418481 2.796307
2.497666 2.730056
2.554745 2.749560
2.590700 2.731900
2.725232 2.773213
2.917160 2.931731
3.267934 3.293482
3.754295 3.744524
4.315834 4.329439
4.879830 4.839256
5.382974 5.223587
5.806850 5.608725
6.189949 5.940400
6.504958 6.301510
7.031245 6.669899
7.015434 6.707070
6.972934 6.564336
6.949650 6.456938
6.940271 6.364172
6.895885 6.245163
6.836057 6.208087
6.805519 6.077038
6.783926 6.014420
6.833816 5.979330
6.867901 5.981867
6.808799 5.980102
6.871024 5.999502
7.001480 6.116132
7.019264 6.182393
6.828914 6.063172
6.717517 5.850802
6.484597 5.650398
6.218729 5.565437
6.123609 5.588331
5.945424 5.376354
5.724828 5.398070
5.562389 5.216977
5.356493 5.165804
5.075871 4.969025
4.997949 4.942244
4.922343 4.958894
4.896330 4.801084
4.541001 4.720240
4.390003 4.569128
4.299913 4.346890
4.242392 4.369008
4.253548 4.388127
4.423146 4.509227
4.797989 4.802532
5.091513 5.049658
5.167001 5.193946
4.976921 5.095053
4.639227 5.004860
4.331366 4.898924
3.966828 4.400772
3.507642 3.745368
3.104649 3.214793
2.732012 2.801115
2.506079 2.608837
2.411000 2.511094
2.412285 2.462379
2.295778 2.416687
2.319515 2.479294
2.183118 2.389425
2.093399 2.273580
2.010923 2.193224
2.008500 2.160999
2.056746 2.229266
2.269883 2.413917
2.504603 2.707143
2.757767 3.047674
3.107074 3.418296
3.341311 3.732892
3.562145 4.033404
3.740831 4.258201
3.720806 4.299792
3.519422 4.201622
3.397722 4.076538
3.360781 3.988414
3.258512 3.874018
3.154290 3.708922
3.037111 3.597570
2.970216 3.499490
2.965114 3.502385
2.971447 3.497838
2.922637 3.522019
3.061408 3.602721
3.253682 3.760482
3.453800 3.940498
3.773086 4.187292
4.282537 4.677119
4.801429 5.108849
5.161757 5.525809
5.391135 5.727606
5.371825 5.708428
5.163240 5.580318
4.930982 5.462917
4.813346 5.276093
4.701611 5.013349
4.758807 5.032297
4.613205 4.830181
4.537903 4.841953
4.511275 4.805688
4.496286 4.775234
4.367966 4.598891
4.200479 4.486932
4.130575 4.353856
3.982666 4.129022
3.757983 3.968259
3.733821 3.743273
3.608610 3.636020
3.501032 3.585724
3.422960 3.643043
3.436361 3.546407
3.488044 3.497225
3.577258 3.534685
3.746592 3.635719
3.845196 3.745022
3.966780 3.857611
4.180447 4.059209
4.193306 4.145879
4.348927 4.222473
4.528974 4.415434
4.704521 4.550328
4.845227 4.609658
5.082708 4.813401
5.361314 5.078282
5.889681 5.560444
6.341410 5.899371
6.635694 6.196170
6.911597 6.511543
7.245582 6.772820
7.426828 7.021611
7.521769 7.176714
7.420189 7.098921
7.207159 6.840008
7.021198 6.459115
6.583293 6.144507
6.371067 5.801039
6.126698 5.364951
5.839931 4.972898
5.701476 4.737972
5.590150 4.439050
5.638070 4.338493
5.490588 4.038623
5.525127 3.862868
5.463746 3.728369
5.449804 3.495017
5.405370 3.472614
5.417123 3.392833
5.281864 3.320192
5.228117 3.336870
5.182785 3.362855
5.173810 3.358080
5.119259 3.345438
4.991054 3.231939
4.844533 3.212062
4.743972 3.262281
4.643529 3.327434
4.601219 3.392327
4.658310 3.534096
4.728702 3.609150
4.667325 3.714836
4.534481 3.709486
4.478132 3.797082
4.413681 3.712350
4.530559 3.747108
4.692229 3.992893
4.383860 3.790291
4.249125 3.638844
4.276438 3.616534
4.396098 3.725228
4.163482 3.638184
4.014820 3.564426
4.007940 3.560605
4.030613 3.551850
3.817997 3.437143
3.719522 3.389802
3.735578 3.425363
3.626988 3.399444
3.423015 3.318878
3.296573 3.314764
3.283550 3.243131
3.271638 3.298457
3.264268 3.223680
3.275723 3.151909
3.256949 3.148345
3.275860 3.065931
3.140538 2.964347
3.036554 2.954070
3.125370 2.992922
3.270853 3.187846
3.467626 3.402607
3.743955 3.651732
3.936827 3.878902
4.034867 4.101248
4.058618 4.272490
4.079735 4.389950
4.229198 4.564959
4.406991 4.745275
4.602502 4.995258
4.909906 5.359292
5.294016 5.734332
5.680108 5.999804
5.904797 6.253227
5.895008 6.196870
5.809971 6.051194
5.449479 5.752663
5.224881 5.440818
4.945004 5.103244
4.637240 4.843237
4.387573 4.639481
4.083216 4.477828
4.069735 4.397406
3.658588 4.042359
3.280321 3.710766
2.761377 3.328075
2.606450 3.075078
2.653060 2.943123
2.555749 3.009045
2.726275 3.181682
2.897793 3.364452
3.015691 3.318135
3.121329 3.452096
3.237129 3.556409
3.444700 3.762708
3.675568 4.004612
3.881720 4.208129
4.079707 4.409206
4.361188 4.675853
4.655662 4.945109
4.888144 5.182991
5.219901 5.556805
5.702291 6.096256
