0.058098
0.097049
0.364845
0.495558
0.631043
0.734058
0.816746
0.889145
1.134549
1.312356
1.594686
1.784272
2.039657
2.453007
2.625199
2.618706
2.251581
1.886670
1.712876
1.129100
0.921820
1.138220
1.688033
2.230423
2.690441
3.348424
3.912164
4.542846
5.057134
5.316141
5.594297
5.881588
6.184905
6.526973
6.675182
6.898273
6.626059
6.753755
6.704911
6.863168
7.055482
7.067311
7.585884
7.838363
8.002460
8.020062
7.939633
8.101304
8.181340
8.052939
7.804488
7.525677
7.341042
6.732298
6.237355
5.647785
5.120555
4.733010
4.435325
4.183101
3.812676
3.512249
3.111514
2.537940
2.267968
1.996720
1.376858
1.052912
0.688748
0.611331
0.644848
1.068599
1.320933
1.670524
2.016468
2.167385
2.317781
2.771488
3.022011
2.996316
2.711572
2.416067
2.494321
2.165625
1.610459
0.620007
0.529005
0.837609
1.192791
1.811565
2.209452
3.070136
3.618451
4.153652
4.804031
5.551089
6.040625
6.325808
6.807346
6.965446
7.354945
7.268958
7.289092
7.396774
7.802063
7.925478
8.112569
8.607028
9.035333
9.301625
9.760421
9.740408
9.834561
9.824872
9.894753
9.548631
9.661367
9.819859
10.098269
10.329645
10.554856
10.009727
9.563577
9.213233
9.065845
8.725656
8.622325
8.360187
7.888425
7.467937
7.037362
6.386044
5.875248
5.272753
4.771541
4.110506
3.717988
3.643297
3.366061
3.404883
3.507161
3.485361
3.587095
3.825389
3.916750
4.233718
3.959501
3.569089
3.943173
4.252415
4.812042
5.381173
6.324371
7.602633
8.713636
9.481790
10.273539
10.832563
11.275421
11.680380
12.103289
12.511828
12.911606
13.493941
13.719264
14.150938
14.734186
15.337021
15.857501
16.493074
16.848589
17.067162
17.254541
17.656167
18.184713
18.642820
19.047885
19.717792
20.139868
20.244835
19.904983
19.781024
19.587778
19.293172
19.074213
19.413667
19.886716
20.335445
20.569745
20.923163
21.136070
21.502114
21.579493
21.792405
21.827429
21.935426
22.165962
22.387879
23.173702
24.262678
25.239726
26.940981
28.030850
28.706798
28.648576
28.831721
28.474012
28.118111
27.526214
27.041534
26.419249
25.334021
24.556669
24.068343
23.367811
22.664042
21.819074
21.355932
21.228098
21.238336
21.368667
21.895399
22.155826
21.896893
21.165597
21.078420
20.978380
20.795225
20.589856
20.407878
21.066209
21.422957
21.429408
21.475849
21.474307
21.715258
21.976076
22.167627
22.596878
22.867428
22.996619
23.331776
23.501157
23.399393
23.344209
23.575605
23.699929
24.262899
24.734071
24.988607
24.982906
24.908202
24.272895
23.408887
23.147489
22.643520
22.087413
21.495223
20.320913
19.408975
17.967712
17.556254
17.076633
16.904185
16.924304
16.904403
16.947299
17.115480
17.334984
17.571674
17.908354
18.382704
18.791843
19.081671
18.656459
18.964203
19.312667
19.623921
19.913582
20.169814
20.167054
20.156753
20.179368
20.328549
20.530234
20.728788
20.796843
20.830850
20.968686
21.181925
21.384495
21.397465
21.534636
21.112039
21.126991
20.966394
20.964876
21.248170
21.569824
21.920849
21.998853
22.070649
21.786831
21.126009
21.155460
21.107048
20.432745
20.026863
19.508034
19.259983
19.090730
19.188577
19.239685
19.073425
19.071720
19.004513
18.651162
18.388139
18.293707
18.244715
18.154802
18.265325
18.278747
18.664256
18.916810
19.339303
19.645812
19.880898
20.139930
20.363863
20.344451
20.454571
20.562589
20.653296
20.741574
21.092362
21.829923
22.249450
22.682405
22.791241
23.111823
23.620910
22.883630
22.109308
21.180773
20.338442
19.485364
18.430125
17.799220
17.384467
16.945202
16.828897
16.346778
15.645719
15.143003
14.800437
14.144561
13.764891
13.509442
13.582292
13.823180
14.006744
14.438704
14.371177
14.739776
15.157606
15.739656
15.753474
15.771368
16.227693
16.858436
17.228685
17.829876
18.167717
18.653571
18.849879
18.882133
18.747432
18.437191
17.651608
16.149559
14.766303
14.018543
13.253468
12.675116
11.977320
11.469431
11.480015
11.567704
11.636254
10.858303
10.311911
9.840479
9.435753
8.921033
8.648346
8.508596
8.531224
8.608199
8.663742
8.703928
8.896466
9.236996
9.607000
9.846946
10.156960
10.525716
10.505201
10.410210
10.229025
10.026076
10.059652
10.067239
10.230591
10.710501
11.138684
11.756664
12.734235
13.814605
15.117449
16.449768
16.970875
17.689545
18.377600
19.189151
19.922572
19.165760
19.152303
19.239323
19.229690
19.267255
19.331086
19.516753
19.525220
19.609291
19.638116
19.716970
20.241753
20.459635
20.711732
20.901269
21.290513
21.288483
21.514192
21.581053
21.625415
21.688713
22.140394
22.210232
22.516707
22.818055
23.114751
23.186774
23.142421
22.791861
22.508941
22.047525
21.716175
21.162083
20.395984
19.558804
19.057095
18.064523
16.525082
15.863536
15.287939
14.362639
13.263798
12.094150
11.353327
10.348447
9.634675
8.642720
8.045559
7.529262
7.752014
7.899840
7.323939
7.181365
6.988694
6.770506
6.684550
6.351014
6.058773
5.728529
5.561742
5.598409
5.681716
5.808108
5.987302
6.188234
6.604238
7.373602
7.764968
8.022828
8.743314
9.532054
10.337741
10.952788
11.195710
11.041857
11.288724
11.808760
12.310542
12.834720
13.388105
13.964927
14.522398
15.145298
15.862038
16.511148
17.146047
17.843598
18.378886
18.269631
18.227695
18.512981
18.739891
18.881456
18.900276
18.728428
18.610778
18.306070
18.102316
18.398381
18.373153
18.307612
18.456242
18.244689
18.131651
17.864331
17.514212
17.178389
16.762216
16.062961
15.772738
15.172053
14.787332
14.033854
13.467251
12.462788
11.683163
11.150218
10.332621
9.772582
9.274103
8.904737
8.647302
8.548088
8.296983
7.881747
7.911207
8.040681
8.052778
8.258561
8.558073
8.965327
9.239053
9.622324
9.788028
10.227763
