3680
3700
3680
3680
3690
3690
3680
3700
3690
3810
3530
3530
3540
3540
3540
3530
3540
3530
3550
3670
3540
3540
3530
3530
3540
3530
3540
3530
3530
3670
3550
3530
3530
3540
3540
3540
3530
3530
3530
3670
3540
3540
3530
3530
3540
3530
3540
3550
3530
3670
3540
3530
3540
3540
3530
3540
3530
3530
3540
3670
3550
3520
3540
3540
3540
3530
3540
3540
3540
3660
3540
3540
3530
3540
3530
3530
3550
3530
3550
3670
3540
3550
3540
3540
3540
3540
3530
3520
3530
3660
3540
3550
3530
3530
3540
3540
3540
3540
3530
3680
3540
3540
3540
3530
3540
3530
3540
3530
3540
3670
3540
3540
3530
3540
3540
3530
3540
3530
3530
3670
3540
3530
3530
3540
3540
3540
3530
3550
3530
3670
3530
3540
3530
3540
3550
3530
3540
3530
3540
3670
3530
3540
3540
3540
3530
3540
3530
3530
3540
3670
3530
3550
3530
3540
3540
3540
3550
3530
3550
3660
3550
3540
3530
3540
3550
3540
3540
3530
3530
3670
3530
3540
3550
3540
3540
3540
3530
3540
3540
3670
3540
3540
3540
3540
3530
3550
3530
3540
3540
3670
3540
3540
3530
3540
3530
3540
3540
3540
3530
3670
3550
3530
3540
3550
3540
3540
3530
3540
3540
3680
3540
3530
3550
3540
3550
3550
3540
3540
3540
3680
3540
3540
3550
3540
3540
3540
3540
3540
3550
3680
3540
3540
3540
3550
3540
3540
3530
3540
3540
3670
3540
3540
3540
3530
3550
3540
3540
3550
3540
3670
3520
3440
3460
3450
3450
3430
3430
3420
3420
3560
3430
3420
3420
3430
3420
3340
3340
3350
3340
3470
3340
3350
3340
3340
3340
3340
3350
3340
3350
3460
3340
3340
3350
3330
3350
3340
3340
3340
3340
3480
3340
3340
3330
3340
3350
3340
3340
3340
3340
3470
3340
3350
3340
3340
3340
3340
3330
3340
3330
3460
3350
3340
3340
3350
3340
3350
3330
3340
3340
3480
3330
3340
3340
3350
3340
3350
3340
3350
3340
3460
3340
3350
3330
3350
3340
3330
3340
3340
3340
3470
3340
3340
3350
3340
3340
3340
3340
3340
3380
3470
3350
3340
3340
3350
3350
3340
3340
3380
3360
3480
3350
3340
3350
3340
3340
3350
3350
3350
3340
3460
3350
3340
3350
3350
3340
3350
3350
3390
3460
3610
3480
3440
3420
3440
3460
3490
3480
3450
3450
3650
3500
3490
3490
3470
3460
3470
3480
3510
3510
3660
3540
3560
3590
3550
3570
3570
3570
3590
3590
3760
3640
3610
3530
3560
3550
3570
3570
3570
3570
3720
3590
3520
3490
3500
3470
3520
3550
3540
3540
3680
3530
3540
3530
3530
3560
3490
3530
3510
3560
3740
3500
3540
3550
3550
3550
3500
3500
3510
3510
3610
3510
3520
3520
3500
3560
3620
3660
3670
3650
3760
3790
3800
3820
3770
3770
3770
3740
3680
3690
3850
3750
3660
3680
3680
3690
3740
3660
3660
3620
3740
3620
3700
3740
3750
3800
3790
3700
3690
3700
3850
3700
3680
3670
3700
3640
3670
3660
3590
3680
3760
3600
3600
3650
3660
3710
3710
3700
3710
3700
3850
3730
3810
3800
3830
3840
3750
3740
3810
3740
3930
3770
3780
3800
3730
3710
3710
3750
3780
3760
3880
3690
3710
3730
3720
3740
3750
3760
3800
3760
3890
3700
3710
3640
3620
3600
3620
3650
3640
3630
3720
3660
3630
3720
3730
3710
3750
3710
3750
3800
3900
3660
