0.000000 0.000000 0.000000
0.483000 0.000000 0.000000
0.983000 0.000000 0.000000
1.532000 0.001000 -0.057615
2.003000 -0.014000 -0.051495
2.450000 -0.028000 -0.049965
2.972000 -0.045000 -0.049965
3.445000 -0.060000 -0.049965
3.893000 -0.074000 -0.049965
4.407000 -0.091000 -0.049965
4.903000 -0.107000 -0.049965
5.452000 -0.110000 -0.020895
5.952000 -0.110000 0.001530
6.450000 -0.076000 0.096390
6.835000 -0.632000 -1.570785
6.841000 -1.079000 -1.569255
6.516000 -1.435000 -2.354145
6.183000 -1.771000 -2.363325
6.474000 -1.317000 1.207170
6.738000 -0.644000 1.193400
5.973000 -0.364000 3.124260
5.474000 -0.360000 3.124260
4.949000 -0.357000 3.127320
4.475000 -0.354000 3.125790
4.026000 -0.350000 3.122730
3.524000 -0.346000 3.122730
3.000000 -0.341000 3.122730
2.514000 -0.337000 3.122730
2.014000 -0.333000 3.124260
1.540000 -0.306000 3.049290
1.068000 -0.294000 -3.120675
0.507000 -0.288000 3.090600
0.034000 -0.269000 3.090600
-0.414000 -0.269000 -3.119145
-0.937000 -0.277000 3.127320
-1.524000 -0.256000 3.075300
-1.945000 -0.233000 3.075300
-2.493000 -0.202000 3.075300
-2.991000 -0.174000 3.075300
-3.463000 -0.158000 3.108960
-3.959000 -0.147000 3.108960
-4.473000 -0.136000 3.110490
-4.986000 -0.124000 3.108960
-5.485000 -0.113000 3.110490
-6.033000 -0.091000 3.138030
-6.360000 -0.509000 -1.703895
-6.468000 -0.930000 -1.869135
-6.613000 -1.426000 -1.869135
-6.745000 -1.943000 -1.832415
-6.807000 -2.292000 -1.667175
-6.638000 -1.825000 1.369350
-6.527000 -1.263000 1.289790
-6.405000 -0.793000 1.312740
-6.300000 -0.332000 1.341810
-5.549000 0.387000 0.523260
-4.975000 0.407000 -0.146355
-4.404000 0.361000 -0.097395
-3.882000 0.320000 -0.097395
-3.437000 0.284000 -0.098925
-2.965000 0.247000 -0.097395
-2.477000 0.223000 -0.037725
-2.005000 0.209000 -0.057615
-1.489000 0.188000 -0.059145
-1.042000 0.170000 -0.057615
-0.469000 0.146000 -0.059145
-0.007000 0.126000 -0.068325
0.467000 0.098000 -0.089745
0.965000 0.062000 -0.089745
1.461000 0.026000 -0.091275
2.008000 -0.014000 -0.089745
2.531000 -0.052000 -0.091275
3.029000 -0.086000 -0.077505
3.501000 -0.114000 -0.077505
3.974000 -0.143000 -0.079035
4.479000 -0.179000 -0.132585
4.950000 -0.227000 -0.115755
5.422000 -0.273000 -0.115755
5.969000 -0.327000 -0.117285
6.440000 -0.374000 -0.124935
6.722000 -1.332000 -1.688595
6.676000 -1.778000 -1.688595
6.220000 -2.082000 -2.577525
5.802000 -2.352000 -2.579055
6.450000 -2.144000 0.794070
6.691000 -1.572000 1.334160
6.587000 -0.898000 2.015010
5.948000 -0.239000 2.385270
5.441000 0.046000 3.004920
5.023000 0.138000 2.983500
4.550000 0.187000 3.053880
4.198000 0.214000 3.053880
3.763000 0.248000 3.052350
3.096000 0.347000 2.991150
2.603000 0.416000 2.991150
2.134000 0.483000 2.991150
1.690000 0.546000 2.991150
1.172000 0.619000 2.991150
0.605000 0.700000 2.991150
0.162000 0.762000 2.991150
-0.306000 0.829000 2.991150
-0.805000 0.900000 2.992680
-1.340000 0.975000 2.991150
-1.784000 1.038000 2.991150
-2.277000 1.108000 2.991150
-2.770000 1.178000 2.991150
-3.311000 1.257000 2.978910
-3.754000 1.329000 2.957490
-4.270000 1.420000 2.959020
-4.736000 1.502000 2.957490
-5.203000 1.584000 2.959020
-5.717000 1.675000 2.957490
-6.226000 0.915000 -1.843125
-6.367000 0.385000 -1.841595
-6.570000 -0.203000 -1.873725
-6.779000 -0.735000 -2.009895
-6.955000 -1.307000 -1.861485
-6.635000 -0.887000 1.005210
-6.472000 -0.376000 1.306620
-6.296000 0.143000 1.162800
-6.163000 0.648000 1.360170
-6.091000 0.988000 1.349460
-5.997000 1.411000 1.347930
-5.160000 1.532000 -0.224385
-4.684000 1.461000 -0.114225
-4.189000 1.404000 -0.158595
-3.746000 1.338000 -0.166245
-3.302000 1.242000 -0.262635
-2.818000 1.125000 -0.247335
-2.309000 1.005000 -0.247335
-1.818000 0.890000 -0.247335
-1.307000 0.770000 -0.247335
-0.846000 0.662000 -0.247335
-0.361000 0.548000 -0.247335
0.076000 0.446000 -0.247335
0.585000 0.326000 -0.247335
1.046000 0.218000 -0.247335
1.603000 0.088000 -0.248865
2.062000 -0.020000 -0.247335
2.516000 -0.127000 -0.247335
2.976000 -0.234000 -0.247335
3.486000 -0.354000 -0.247335
3.971000 -0.463000 -0.238155
4.468000 -0.574000 -0.238155
4.931000 -0.678000 -0.238155
5.442000 -0.793000 -0.236625
5.929000 -0.902000 -0.238155
6.393000 -1.006000 -0.238155
6.577000 -1.417000 -1.460625
6.609000 -2.287000 -1.650345
6.203000 -2.981000 -2.355675
5.737000 -3.393000 -2.488785
5.500000 -3.120000 1.560600
6.189000 -2.632000 0.791010
6.478000 -2.010000 1.503990
5.638000 -1.483000 2.864160
4.993000 -1.323000 2.902410
4.413000 -1.187000 2.902410
3.830000 -1.050000 2.902410
3.378000 -0.945000 2.902410
2.893000 -0.831000 2.902410
2.432000 -0.723000 2.902410
1.969000 -0.615000 2.902410
1.387000 -0.479000 2.902410
0.950000 -0.376000 2.902410
0.489000 -0.268000 2.902410
0.003000 -0.154000 2.902410
-0.434000 -0.052000 2.902410
-0.950000 0.071000 2.897820
-1.435000 0.187000 2.897820
-1.892000 0.304000 2.864160
-2.446000 0.456000 2.864160
-2.903000 0.574000 2.880990
-2.903000 0.574000 2.880990
-2.903000 0.574000 2.880990
-3.395000 0.708000 2.856510
-3.877000 0.836000 2.874870
-4.387000 0.956000 2.903940
-4.838000 1.012000 3.078360
-5.426000 1.118000 2.882520
-5.892000 1.236000 2.882520
-6.455000 0.600000 -1.827825
-6.634000 0.085000 -2.083335
-6.908000 -0.417000 -2.167485
-7.146000 -0.912000 -2.031315
-7.362000 -1.547000 -1.855365
-7.009000 -1.017000 1.049580
-6.726000 -0.407000 1.147500
-6.494000 0.197000 1.230120
-6.285000 0.887000 1.266840
-6.094000 1.480000 1.233180
-5.974000 2.014000 1.354050
-5.882000 2.530000 1.390770
-5.782000 3.094000 1.392300
-5.691000 3.611000 1.389240
-5.630000 4.079000 1.491750
-5.616000 4.576000 1.572840
-5.617000 5.076000 1.572840
-5.619000 5.575000 1.571310
-5.620000 6.125000 1.571310
-5.633000 6.598000 1.615680
-5.787000 7.095000 2.051730
-6.094000 7.409000 2.659140
-6.670000 7.566000 2.879460
-7.640000 7.452000 -2.782545
-8.272000 7.510000 2.854980
-8.272000 7.510000 2.854980
-8.738000 7.743000 2.587230
-8.063000 7.987000 -0.115755
-7.507000 7.856000 -0.317715
-7.005000 7.705000 -0.282525
-6.541000 7.608000 -0.186135
-6.042000 7.522000 -0.187665
-5.749000 6.765000 -1.684005
-5.852000 6.286000 -1.810995
-5.958000 5.826000 -1.810995
-6.067000 5.390000 -1.847715
-6.204000 4.885000 -1.847715
-6.334000 4.405000 -1.847715
-6.477000 3.876000 -1.847715
-6.607000 3.395000 -1.847715
-6.730000 2.936000 -1.847715
-6.860000 2.455000 -1.847715
-6.860000 2.455000 -1.847715
-6.860000 2.455000 -1.847715
-6.502000 1.782000 -0.752235
-6.050000 1.055000 -1.321395
-6.109000 0.466000 -1.872195
-6.436000 -0.030000 -2.213385
-6.663000 -0.527000 -1.976235
-6.888000 -1.108000 -1.939515
-6.347000 -0.659000 1.269900
-6.182000 0.190000 1.286730
-6.130000 0.784000 1.517760
-6.059000 1.375000 1.329570
-5.942000 1.860000 1.329570
-5.877000 2.304000 1.430550
-5.950000 2.870000 1.713600
-5.917000 3.239000 1.361700
-5.821000 3.702000 1.361700
-5.794000 4.199000 1.522350
-5.735000 4.692000 1.389240
-5.643000 5.207000 1.387710
-5.560000 5.658000 1.383120
-5.471000 6.148000 1.384650
-5.471000 6.148000 1.384650
-5.471000 6.148000 1.384650
-5.342000 6.655000 1.297440
-5.207000 7.109000 1.272960
-5.831000 7.522000 2.695860
-6.377000 7.696000 2.827440
-6.903000 7.851000 2.845800
-7.464000 7.971000 2.885580
-7.972000 8.098000 2.885580
-8.310000 7.666000 -1.673295
-7.661000 7.530000 0.128520
-7.221000 7.531000 -0.152475
-6.739000 7.466000 -0.150945
-6.319000 7.411000 -0.146355
-5.837000 7.293000 -0.276405
-5.111000 6.754000 -0.896055
-4.699000 6.253000 -0.894525
-4.425000 5.679000 -1.850775
-4.572000 5.196000 -1.882905
-4.711000 4.743000 -1.881375
-4.850000 4.356000 -1.930335
-5.020000 3.887000 -1.930335
-5.218000 3.349000 -1.937985
-5.391000 2.882000 -1.937985
-5.564000 2.415000 -1.937985
-5.755000 1.900000 -1.937985
-5.954000 1.363000 -1.937985
-6.143000 0.799000 -1.855365
-6.548000 0.143000 -2.243985
-6.927000 -0.529000 -2.115465
-7.270000 -1.109000 -2.115465
-6.582000 -0.387000 1.000620
-6.376000 0.201000 1.265310
-6.221000 0.701000 1.265310
-6.073000 1.178000 1.265310
-5.931000 1.638000 1.265310
-5.783000 2.115000 1.265310
-5.288000 2.640000 0.566100
-4.869000 3.022000 0.940950
-4.586000 3.488000 1.162800
-4.403000 3.924000 1.176570
-4.125000 4.618000 1.230120
-3.961000 5.089000 1.230120
-3.831000 5.594000 1.384650
-3.742000 6.084000 1.384650
-3.846000 6.597000 2.365380
-4.277000 7.013000 2.365380
-4.637000 7.339000 2.509200
-4.980000 7.464000 2.997270
-5.570000 7.598000 2.894760
-5.570000 7.598000 2.894760
-6.408000 7.595000 -3.117615
-7.039000 7.646000 2.962080
-7.484000 7.704000 3.004920
-7.890000 7.758000 2.988090
-7.890000 7.758000 2.988090
-7.342000 7.974000 -0.046905
-6.543000 7.807000 -0.319245
-6.025000 7.630000 -0.346785
-5.548000 7.454000 -0.372795
-5.127000 7.000000 -1.101075
-5.127000 7.000000 -1.101075
-5.127000 7.000000 -1.101075
-5.063000 6.419000 -1.755915
-5.153000 5.878000 -1.763565
-5.265000 5.367000 -1.815585
-5.391000 4.833000 -1.815585
-5.522000 4.275000 -1.815585
-5.665000 3.668000 -1.815585
-5.785000 3.184000 -1.829355
-5.906000 2.701000 -1.827825
-6.032000 2.194000 -1.826295
-6.090000 1.703000 -1.563135
-6.162000 1.161000 -1.702365
-6.345000 0.501000 -1.859955
-6.690000 -0.158000 -2.038965
-6.911000 -0.603000 -2.028255
-7.124000 -1.135000 -1.908915
-7.265000 -1.552000 -1.908915
-6.632000 -0.728000 1.204110
-6.449000 -0.211000 1.199520
-6.274000 0.282000 1.227060
-6.074000 0.844000 1.227060
-5.733000 1.614000 1.017450
-5.338000 2.168000 0.951660
-4.985000 2.826000 1.123020
-4.713000 3.386000 1.115370
-4.536000 3.868000 1.285200
-4.404000 4.271000 1.246950
-4.240000 4.767000 1.248480
-4.092000 5.217000 1.246950
-4.030000 5.750000 1.592730
-4.188000 6.396000 2.004300
-4.583000 6.875000 2.295000
-5.037000 7.179000 2.625480
-5.644000 7.401000 2.851920
-6.217000 7.574000 2.836620
-6.742000 7.734000 2.838150
-7.412000 8.115000 2.682090
-6.608000 7.974000 -0.254985
-6.026000 7.833000 -0.254985
-5.424000 7.668000 -0.284055
-4.805000 7.595000 -0.117285
-4.135000 7.529000 -0.117285
-3.390000 7.513000 0.081090
-2.671000 7.811000 0.462060
-2.074000 8.292000 0.803250
-1.740000 8.723000 1.058760
-1.534000 9.230000 1.257660
-1.383000 9.705000 1.259190
-1.229000 10.126000 1.210230
-0.920000 10.635000 0.919530
-0.546000 11.150000 0.950130
-0.546000 11.150000 0.950130
-0.546000 11.150000 0.950130
-0.546000 11.150000 0.950130
-0.214000 11.619000 0.951660
0.192000 12.211000 1.061820
0.299000 12.770000 1.470330
0.366000 13.264000 1.429020
0.366000 13.264000 1.429020
0.437000 13.782000 1.427490
0.498000 14.225000 1.427490
0.570000 14.742000 1.427490
0.570000 14.742000 1.427490
0.570000 14.742000 1.427490
0.643000 15.261000 1.427490
0.715000 15.778000 1.425960
0.783000 16.272000 1.427490
0.846000 16.816000 1.378530
0.935000 17.282000 1.369350
0.865000 17.819000 1.877310
0.645000 18.293000 2.030310
0.187000 18.782000 2.400570
-0.477000 19.218000 2.620890
-1.005000 19.436000 2.795310
-1.386000 19.570000 2.793780
-1.386000 19.570000 2.793780
-1.386000 19.570000 2.793780
-0.608000 19.862000 -0.476835
-0.160000 19.641000 -0.472245
0.286000 19.421000 -0.473775
0.694000 18.891000 -1.225005
0.708000 18.357000 -1.659525
0.708000 18.357000 -1.659525
0.708000 18.357000 -1.659525
0.708000 18.357000 -1.659525
0.597000 17.778000 -1.777335
0.495000 17.367000 -1.840065
0.354000 16.924000 -1.941045
0.215000 16.499000 -1.849245
0.071000 15.969000 -1.849245
-0.084000 15.496000 -1.905855
-0.226000 15.070000 -1.905855
-0.371000 14.620000 -1.884435
-0.512000 14.168000 -1.884435
-0.667000 13.708000 -1.941045
-0.850000 13.217000 -1.941045
-1.016000 12.774000 -1.941045
-1.016000 12.774000 -1.941045
-1.016000 12.774000 -1.941045
-1.016000 12.774000 -1.941045
-1.016000 12.774000 -1.941045
-1.016000 12.774000 -1.941045
-1.200000 12.282000 -1.941045
-1.365000 11.839000 -1.941045
-1.531000 11.395000 -1.941045
-1.723000 10.882000 -1.941045
-1.907000 10.390000 -1.941045
-2.101000 9.891000 -1.957875
-2.472000 9.462000 -2.438295
-2.928000 9.117000 -2.458185
-3.278000 8.719000 -2.245515
-3.584000 8.393000 -2.341905
-4.058000 7.952000 -2.380155
-4.669000 7.685000 -2.848335
-5.249000 7.611000 3.081420
-5.785000 7.727000 2.900880
-5.785000 7.727000 2.900880
-6.242000 7.850000 2.847330
-6.725000 7.960000 2.933010
-7.237000 8.074000 2.908530
-7.648000 8.168000 2.908530
-6.984000 7.855000 -0.176955
-6.307000 7.687000 -0.296295
-5.774000 7.556000 -0.215205
-5.179000 7.568000 0.071910
-4.583000 7.744000 0.358020
-4.122000 7.991000 0.540090
-3.492000 8.274000 0.215730
-2.903000 8.370000 0.163710
-2.351000 8.520000 0.273870
-1.918000 8.640000 0.273870
-1.410000 9.140000 1.135260
-1.184000 9.640000 1.142910
-0.979000 10.095000 1.145970
-0.765000 10.572000 1.144440
-0.551000 11.049000 1.144440
-0.330000 11.553000 1.162800
-0.159000 11.940000 1.147500
0.048000 12.364000 1.104660
0.259000 12.788000 1.104660
0.422000 13.199000 1.298970
0.510000 13.739000 1.421370
0.620000 14.250000 1.294380
0.635000 14.746000 1.582020
0.627000 15.393000 1.582020
0.626000 15.967000 1.566720
0.626000 16.591000 1.568250
0.513000 17.203000 1.794690
0.382000 17.812000 1.776330
0.139000 18.492000 1.924740
-0.183000 19.134000 2.157300
-0.763000 19.470000 2.887110
-1.251000 19.687000 2.669850
-1.251000 19.687000 2.669850
-1.251000 19.687000 2.669850
-1.251000 19.687000 2.669850
-0.434000 19.972000 -0.201435
0.079000 19.677000 -0.753765
0.383000 19.086000 -1.290795
0.383000 19.086000 -1.290795
0.383000 19.086000 -1.290795
0.520000 18.579000 -1.339755
0.623000 18.015000 -1.397895
0.622000 17.394000 -1.694715
0.567000 16.899000 -1.694715
0.538000 16.402000 -1.570785
0.512000 15.904000 -1.757445
0.418000 15.389000 -1.765095
0.337000 14.947000 -1.765095
0.205000 14.390000 -1.913505
0.205000 14.390000 -1.913505
0.205000 14.390000 -1.913505
0.048000 13.932000 -1.913505
-0.122000 13.437000 -1.915035
-0.283000 12.967000 -1.913505
-0.438000 12.520000 -1.859955
-0.607000 12.049000 -1.930335
-0.775000 11.584000 -1.930335
-0.945000 11.115000 -1.931865
-1.115000 10.648000 -1.931865
-1.335000 10.201000 -2.048145
-1.626000 9.737000 -2.172075
-1.841000 9.181000 -1.921155
-2.070000 8.705000 -2.080275
-2.318000 8.273000 -2.112405
-2.719000 7.946000 -2.647905
-3.343000 7.775000 -2.952375
-3.939000 7.731000 3.113550
-3.939000 7.731000 3.113550
-3.939000 7.731000 3.113550
-4.486000 7.737000 3.119670
-5.033000 7.743000 3.116610
-5.679000 7.798000 3.033990
-6.273000 7.844000 -3.106905
-5.992000 7.470000 -0.380445
-5.398000 7.460000 0.024480
-4.926000 7.470000 0.022950
-4.427000 7.615000 0.377910
-3.956000 7.841000 0.526320
-3.504000 8.104000 0.526320
-3.073000 8.354000 0.526320
-2.605000 8.693000 0.668610
-2.249000 9.048000 0.873630
-2.010000 9.454000 1.159740
-1.811000 9.912000 1.159740
-1.614000 10.397000 1.182690
-1.427000 10.858000 1.182690
-1.250000 11.297000 1.182690
-1.072000 11.736000 1.182690
-1.072000 11.736000 1.182690
-1.072000 11.736000 1.182690
-0.895000 12.174000 1.182690
-0.708000 12.636000 1.182690
-0.531000 13.073000 1.182690
-0.344000 13.535000 1.182690
-0.157000 13.997000 1.182690
0.029000 14.458000 1.181160
0.216000 14.973000 1.231650
0.389000 15.469000 1.228590
0.565000 15.961000 1.222470
0.745000 16.451000 1.214820
0.917000 16.919000 1.213290
0.911000 17.500000 1.813050
0.772000 18.006000 1.855890
0.548000 18.533000 2.037960
0.308000 19.004000 2.037960
0.057000 19.491000 2.051730
-0.286000 19.810000 2.660670
-0.547000 19.717000 -1.385655
-0.308000 19.278000 -0.923595
-0.308000 19.278000 -0.923595
-0.002000 18.885000 -0.922065
0.304000 18.491000 -0.925125
0.646000 18.035000 -0.912885
0.921000 17.454000 -1.281615
1.054000 16.747000 -1.514175
1.033000 16.076000 -1.638105
1.003000 15.553000 -1.644225
0.887000 15.043000 -1.869135
0.737000 14.611000 -1.968585
0.536000 14.115000 -1.968585
0.357000 13.678000 -1.971645
0.161000 13.202000 -1.974705
-0.030000 12.769000 -1.999185
-0.238000 12.298000 -1.997655
-0.442000 11.836000 -1.997655
-0.665000 11.334000 -2.006835
-0.930000 10.855000 -2.115465
-1.172000 10.364000 -1.970115
-1.369000 9.880000 -1.970115
-1.566000 9.396000 -1.970115
-1.771000 8.913000 -2.005305
-2.027000 8.344000 -2.005305
-2.253000 7.844000 -2.009895
-3.082000 6.632000 -2.273055
-3.905000 5.239000 -2.110875
