25.300000 5.866667 56.900000
25.200000 6.200000 57.000000
25.200000 6.200000 57.100000
25.100000 6.533333 57.200000
25.100000 6.833333 57.300000
25.100000 6.866667 57.400000
25.100000 8.800000 57.400000
25.100000 8.133333 57.300000
25.100000 8.833333 57.300000
25.133333 8.800000 57.300000
25.200000 10.100000 57.266667
25.200000 10.433333 57.200000
25.200000 11.433333 57.100000
25.200000 12.733333 57.033333
25.300000 11.066667 57.000000
25.500000 7.166667 56.800000
25.600000 4.566667 56.333333
25.600000 3.233333 56.266667
25.500000 4.233333 56.300000
25.500000 10.133333 56.200000
25.433333 11.400000 56.400000
25.466667 10.766667 56.400000
25.400000 11.100000 56.400000
25.400000 9.766667 56.500000
25.400000 8.166667 56.500000
25.400000 9.466667 56.500000
25.400000 8.466667 56.500000
25.300000 7.166667 56.600000
25.300000 6.833333 56.700000
25.300000 5.866667 56.766667
25.266667 6.200000 56.800000
25.300000 6.500000 56.866667
25.300000 6.833333 56.833333
25.300000 8.166667 56.866667
25.300000 7.833333 56.900000
25.300000 8.800000 56.900000
25.300000 8.800000 56.966667
25.300000 9.100000 57.000000
25.300000 10.100000 56.966667
25.300000 9.433333 56.900000
25.300000 9.433333 56.900000
25.333333 9.133333 56.900000
25.400000 8.133333 56.800000
25.400000 8.133333 56.866667
25.400000 11.100000 56.966667
25.400000 11.400000 56.933333
25.400000 10.800000 56.900000
25.500000 9.800000 56.900000
25.500000 10.133333 56.800000
25.600000 9.800000 56.800000
25.700000 11.400000 56.200000
25.700000 11.100000 56.033333
25.700000 11.733333 56.000000
25.600000 10.766667 56.100000
25.500000 9.800000 56.200000
25.433333 9.133333 56.366667
25.400000 8.800000 56.433333
25.400000 9.100000 56.533333
25.366667 11.066667 56.600000
25.300000 11.733333 56.700000
25.300000 9.766667 56.700000
25.300000 9.800000 56.700000
25.300000 9.766667 56.800000
25.200000 7.833333 56.800000
25.200000 8.466667 56.900000
25.200000 6.533333 56.966667
25.200000 6.200000 57.000000
25.200000 6.500000 57.033333
25.200000 6.200000 57.000000
25.200000 5.866667 56.900000
25.200000 7.833333 56.900000
25.200000 7.800000 56.900000
25.200000 9.133333 56.900000
25.233333 7.533333 56.900000
25.266667 9.766667 56.800000
25.300000 9.100000 56.800000
25.300000 11.066667 56.733333
25.300000 11.433333 56.700000
25.400000 11.733333 56.600000
25.400000 11.733333 56.400000
25.500000 7.800000 56.366667
25.600000 4.233333 56.133333
25.600000 3.566667 56.166667
25.600000 3.233333 55.966667
25.600000 8.133333 55.900000
25.500000 13.066667 56.000000
25.500000 11.733333 56.100000
25.400000 8.766667 56.266667
25.400000 8.800000 56.400000
25.400000 7.500000 56.400000
25.400000 7.466667 56.400000
25.500000 6.533333 56.400000
25.500000 7.466667 56.300000
25.466667 6.200000 56.300000
25.400000 6.166667 56.300000
25.400000 5.566667 56.400000
25.366667 5.866667 56.433333
25.300000 4.866667 56.600000
25.300000 6.500000 56.666667
25.300000 6.866667 56.766667
25.300000 7.500000 56.800000
25.300000 8.466667 56.800000
25.300000 8.133333 56.800000
25.300000 10.133333 56.733333
25.400000 10.733333 56.700000
25.400000 8.766667 56.600000
25.466667 9.133333 56.500000
25.500000 8.800000 56.400000
25.500000 9.133333 56.433333
25.466667 8.800000 56.500000
25.400000 9.800000 56.700000
25.400000 10.466667 56.700000
25.400000 10.433333 56.700000
25.400000 11.066667 56.833333
25.433333 10.766667 56.800000
25.500000 10.133333 56.600000
25.700000 11.733333 56.233333
25.700000 10.766667 56.100000
25.600000 10.766667 56.100000
25.600000 11.400000 56.166667
25.533333 11.700000 56.133333
25.500000 10.466667 56.433333
25.500000 9.800000 56.500000
25.500000 9.466667 56.400000
25.500000 10.133333 56.233333
25.500000 9.466667 56.100000
25.500000 10.100000 56.100000
25.400000 10.766667 56.200000
25.400000 10.433333 56.300000
25.300000 10.133333 56.466667
25.300000 8.800000 56.600000
25.300000 8.833333 56.700000
25.300000 7.500000 56.700000
25.300000 6.533333 56.700000
25.400000 6.833333 56.600000
25.400000 6.500000 56.500000
25.500000 5.866667 56.366667
25.500000 6.166667 56.233333
25.533333 7.166667 56.100000
25.600000 7.833333 56.000000
25.600000 8.466667 55.900000
25.500000 7.833333 55.900000
25.500000 7.833333 55.900000
25.500000 9.766667 55.900000
25.500000 10.100000 55.900000
25.500000 9.433333 55.900000
25.600000 11.100000 55.900000
25.700000 12.733333 55.700000
25.700000 10.766667 55.600000
25.700000 4.233333 55.566667
25.700000 3.233333 55.500000
25.700000 2.600000 55.500000
25.800000 4.566667 55.400000
25.700000 10.100000 55.400000
25.666667 10.766667 55.500000
25.600000 8.766667 55.600000
25.600000 10.400000 55.766667
25.500000 8.466667 55.800000
25.500000 7.800000 55.900000
25.500000 8.133333 55.900000
25.500000 6.833333 55.966667
25.500000 6.200000 56.000000
25.500000 5.566667 56.033333
25.500000 5.866667 56.100000
25.500000 6.500000 56.100000
25.500000 7.166667 56.033333
25.500000 7.166667 56.000000
25.500000 9.100000 56.000000
25.566667 9.433333 56.000000
25.566667 9.766667 56.000000
25.600000 9.100000 56.000000
25.600000 10.433333 55.900000
25.600000 11.066667 55.900000
25.600000 11.066667 55.900000
25.600000 10.433333 55.900000
25.600000 10.766667 55.900000
25.600000 9.466667 55.800000
25.700000 9.466667 55.800000
25.700000 8.800000 55.900000
25.600000 10.133333 55.900000
25.600000 11.400000 56.133333
25.533333 10.800000 56.200000
25.500000 10.800000 56.233333
25.600000 9.800000 56.300000
25.633333 10.133333 56.400000
25.900000 10.733333 55.833333
25.900000 10.766667 55.600000
25.833333 11.733333 55.533333
25.800000 11.100000 55.600000
25.700000 10.766667 55.733333
25.666667 10.800000 55.833333
25.600000 9.800000 56.000000
25.500000 9.466667 56.133333
25.400000 8.800000 56.366667
25.333333 8.133333 56.533333
25.300000 8.466667 56.700000
25.200000 7.800000 56.900000
25.100000 7.800000 57.100000
25.066667 7.800000 57.300000
25.000000 7.800000 57.500000
25.000000 6.800000 57.633333
25.000000 4.900000 57.700000
25.000000 2.600000 57.600000
25.100000 0.000000 57.500000
25.200000 0.000000 57.300000
25.600000 0.000000 56.733333
25.600000 0.000000 56.800000
25.566667 0.000000 56.200000
25.533333 0.000000 56.233333
25.500000 1.000000 56.300000
25.433333 2.000000 56.400000
25.400000 3.900000 56.500000
25.400000 6.500000 56.600000
25.466667 6.200000 56.566667
25.500000 5.900000 56.566667
25.500000 5.900000 56.500000
25.500000 5.900000 56.500000
25.600000 5.900000 56.366667
25.600000 5.900000 56.233333
25.600000 5.900000 56.100000
25.600000 6.800000 56.033333
25.600000 7.466667 55.933333
25.600000 7.466667 55.933333
25.600000 7.466667 55.933333
25.600000 9.800000 55.900000
25.600000 9.800000 55.900000
25.600000 10.433333 56.100000
25.600000 11.100000 56.100000
25.700000 10.100000 56.100000
25.733333 9.466667 55.933333
26.000000 10.766667 55.366667
26.000000 11.066667 55.066667
25.933333 11.100000 54.900000
25.866667 8.466667 54.933333
25.800000 10.766667 55.033333
25.700000 10.466667 55.333333
25.700000 9.466667 55.466667
25.600000 9.466667 55.733333
25.600000 8.133333 55.866667
25.500000 7.800000 56.066667
25.433333 7.800000 56.233333
25.366667 7.800000 56.400000
25.300000 6.800000 56.600000
25.300000 6.800000 56.700000
25.300000 6.800000 56.700000
25.300000 6.800000 56.700000
25.300000 7.800000 56.700000
25.300000 7.800000 56.700000
25.300000 4.900000 56.800000
25.300000 2.000000 56.800000
25.300000 0.000000 56.733333
25.400000 0.000000 56.700000
25.400000 0.000000 56.566667
25.500000 0.000000 56.400000
25.500000 0.000000 56.200000
25.500000 0.000000 56.200000
25.466667 1.000000 56.300000
25.400000 2.000000 56.366667
25.400000 3.900000 56.433333
25.400000 7.800000 56.500000
25.466667 8.133333 56.500000
25.500000 7.800000 56.333333
25.533333 7.800000 56.300000
25.600000 7.800000 56.200000
25.600000 8.133333 56.133333
25.600000 7.800000 56.100000
25.600000 8.800000 56.033333
25.666667 9.133333 56.000000
25.700000 9.466667 56.033333
25.700000 10.466667 55.866667
25.700000 11.100000 55.566667
25.800000 10.133333 55.400000
25.800000 10.766667 55.500000
25.800000 10.766667 55.633333
25.800000 9.466667 55.533333
26.000000 11.400000 55.033333
26.000000 11.400000 54.766667
25.933333 11.433333 54.700000
25.900000 11.733333 54.900000
25.800000 11.400000 55.100000
25.700000 10.466667 55.400000
25.633333 9.800000 55.600000
25.600000 8.133333 55.800000
25.533333 6.800000 55.933333
25.500000 6.800000 56.100000
25.500000 6.800000 56.133333
25.400000 6.800000 56.233333
25.333333 6.800000 56.366667
25.300000 6.800000 56.600000
25.300000 7.800000 56.700000
25.300000 7.800000 56.700000
25.300000 7.800000 56.800000
25.300000 6.800000 56.766667
25.300000 4.900000 56.700000
25.300000 4.900000 56.700000
25.300000 1.000000 56.800000
25.500000 0.000000 56.300000
25.600000 0.000000 56.200000
25.700000 0.000000 56.000000
25.700000 0.000000 56.000000
25.700000 0.000000 55.700000
25.700000 1.000000 55.700000
25.633333 1.666667 55.700000
25.600000 3.900000 55.800000
25.600000 6.500000 55.800000
25.600000 6.500000 55.800000
25.600000 6.500000 55.800000
25.600000 6.800000 55.866667
25.800000 6.500000 55.900000
25.800000 6.800000 55.733333
25.800000 7.466667 55.533333
25.800000 7.466667 55.400000
25.800000 7.800000 55.300000
25.800000 8.466667 55.266667
25.800000 8.800000 55.200000
25.800000 9.800000 55.100000
25.800000 11.400000 55.000000
25.800000 10.466667 55.100000
25.800000 10.766667 55.166667
25.800000 10.766667 55.100000
25.900000 11.066667 55.000000
25.900000 9.800000 54.966667
26.000000 9.800000 54.833333
26.200000 11.100000 54.366667
26.200000 11.400000 54.200000
26.133333 12.066667 54.200000
26.000000 10.133333 54.133333
25.900000 9.133333 54.366667
25.833333 9.133333 54.600000
25.800000 8.800000 54.900000
25.700000 7.800000 55.333333
25.600000 7.800000 55.533333
25.500000 7.800000 55.766667
25.400000 7.800000 56.033333
25.400000 7.800000 56.166667
25.400000 7.800000 56.300000
25.300000 8.800000 56.466667
25.300000 7.800000 56.533333
25.233333 6.800000 56.600000
25.200000 3.900000 56.666667
25.100000 1.000000 56.800000
25.200000 0.000000 56.900000
25.233333 0.000000 56.766667
25.400000 0.000000 56.500000
25.333333 0.666667 56.466667
25.300000 2.600000 56.500000
25.300000 5.566667 56.500000
25.333333 7.800000 56.500000
25.400000 7.800000 56.500000
25.400000 7.466667 56.466667
25.366667 5.900000 56.500000
25.300000 6.200000 56.500000
25.300000 9.466667 56.600000
25.200000 10.133333 56.800000
25.200000 10.133333 56.800000
25.200000 9.800000 56.800000
25.233333 10.466667 56.800000
25.233333 10.466667 56.800000
25.233333 10.466667 56.800000
25.233333 10.466667 56.800000
25.266667 9.800000 56.766667
25.300000 9.800000 56.700000
25.300000 8.800000 56.633333
25.300000 8.800000 56.600000
25.300000 8.800000 56.600000
25.300000 9.133333 56.600000
25.400000 9.466667 56.533333
25.300000 8.800000 56.500000
25.300000 8.800000 56.500000
25.300000 8.800000 56.500000
25.300000 9.466667 56.600000
25.200000 9.800000 56.666667
25.133333 9.466667 56.800000
25.066667 8.800000 56.966667
25.000000 8.800000 57.166667
24.900000 8.466667 57.400000
24.900000 7.133333 57.566667
24.900000 4.900000 57.700000
24.800000 3.233333 57.800000
24.766667 2.600000 57.900000
24.700000 2.600000 58.000000
24.700000 2.600000 58.000000
24.700000 2.600000 58.000000
24.866667 3.900000 57.933333
24.900000 3.566667 57.800000
24.900000 3.900000 57.700000
25.000000 4.900000 57.600000
25.000000 5.900000 57.566667
25.000000 5.900000 57.566667
25.000000 5.900000 57.533333
25.000000 5.900000 57.533333
25.100000 6.800000 57.500000
25.100000 6.800000 57.400000
25.100000 6.800000 57.300000
25.200000 7.800000 57.133333
25.200000 8.800000 57.033333
25.266667 8.800000 56.900000
25.300000 8.800000 56.833333
25.300000 8.800000 56.800000
25.300000 9.133333 56.800000
25.300000 9.466667 56.800000
25.300000 8.800000 56.800000
25.300000 9.133333 56.866667
25.300000 9.133333 56.866667
25.300000 9.133333 56.866667
25.300000 9.133333 56.866667
25.300000 9.133333 56.866667
25.300000 9.133333 56.866667
25.300000 9.466667 56.866667
25.300000 8.800000 56.900000
25.300000 8.800000 56.800000
25.300000 9.133333 56.700000
25.300000 9.133333 56.666667
25.300000 9.466667 56.533333
25.400000 9.133333 56.400000
25.400000 8.800000 56.400000
25.433333 8.800000 56.233333
25.500000 8.800000 56.166667
25.500000 7.800000 56.100000
25.400000 6.800000 56.100000
25.400000 4.566667 56.133333
25.400000 2.300000 56.200000
25.400000 2.300000 56.200000
25.400000 1.000000 56.200000
25.400000 0.000000 56.200000
25.400000 0.000000 56.100000
25.600000 0.000000 56.466667
25.633333 0.000000 55.933333
25.600000 0.666667 55.800000
25.533333 1.666667 55.766667
25.500000 4.566667 55.800000
25.500000 6.800000 55.900000
25.600000 7.466667 55.866667
25.566667 8.800000 55.800000
25.533333 8.800000 55.800000
25.500000 7.800000 55.900000
25.500000 6.800000 55.900000
25.500000 9.133333 55.900000
25.500000 10.433333 55.933333
25.500000 10.100000 56.000000
25.433333 10.133333 56.000000
25.400000 10.133333 56.100000
25.400000 9.800000 56.200000
25.300000 10.466667 56.300000
25.300000 10.466667 56.300000
25.333333 9.800000 56.333333
25.366667 9.466667 56.400000
25.300000 9.800000 56.300000
25.300000 9.133333 56.400000
25.300000 9.133333 56.400000
25.300000 9.800000 56.400000
25.200000 9.800000 56.433333
25.100000 8.800000 56.633333
25.066667 7.800000 56.800000
25.000000 6.200000 56.933333
25.000000 4.900000 57.000000
25.000000 3.566667 57.100000
25.000000 3.233333 57.200000
24.966667 3.233333 57.300000
24.966667 3.566667 57.300000
24.966667 3.566667 57.300000
24.966667 3.566667 57.300000
24.900000 3.900000 57.400000
24.900000 3.900000 57.500000
24.900000 3.900000 57.500000
24.866667 3.900000 57.500000
24.866667 3.900000 57.500000
24.900000 4.566667 57.566667
24.900000 5.566667 57.600000
24.900000 6.800000 57.533333
24.900000 6.800000 57.500000
24.900000 7.466667 57.400000
25.000000 8.800000 57.366667
25.000000 9.800000 57.300000
25.100000 9.466667 57.133333
25.100000 9.133333 57.066667
25.100000 9.133333 57.066667
25.100000 9.133333 57.066667
25.200000 9.466667 56.966667
25.200000 9.800000 56.900000
25.166667 9.800000 56.900000
25.100000 9.800000 56.933333
25.100000 10.133333 57.000000
25.200000 9.800000 57.000000
25.200000 10.133333 57.033333
25.200000 10.133333 57.033333
25.200000 9.800000 56.866667
25.133333 9.133333 56.800000
25.100000 9.133333 56.800000
25.100000 8.466667 56.800000
25.166667 7.800000 56.800000
25.200000 7.800000 56.800000
25.200000 8.800000 56.733333
25.200000 8.133333 56.700000
25.200000 8.133333 56.700000
25.200000 8.133333 56.700000
25.200000 7.133333 56.600000
25.200000 5.233333 56.566667
25.200000 1.966667 56.500000
25.200000 0.333333 56.600000
25.400000 0.000000 56.533333
25.400000 2.600000 56.300000
25.300000 4.900000 56.266667
25.400000 6.800000 56.300000
25.400000 7.800000 56.300000
25.400000 8.800000 56.233333
25.400000 8.800000 56.300000
25.400000 8.466667 56.300000
25.300000 8.466667 56.266667
25.333333 9.133333 56.300000
25.366667 9.133333 56.233333
25.300000 9.466667 56.200000
25.300000 9.800000 56.200000
25.300000 9.800000 56.300000
25.233333 9.800000 56.433333
25.233333 9.800000 56.433333
25.233333 9.800000 56.433333
25.200000 9.800000 56.500000
25.133333 9.800000 56.566667
25.100000 9.800000 56.666667
25.100000 9.800000 56.700000
25.100000 9.800000 56.800000
25.100000 9.800000 56.800000
25.100000 9.133333 56.800000
25.100000 9.466667 56.766667
25.000000 8.800000 56.833333
25.000000 8.466667 56.933333
24.900000 7.800000 57.100000
24.900000 7.466667 57.300000
24.900000 6.200000 57.400000
24.866667 4.900000 57.400000
24.866667 3.900000 57.433333
24.900000 3.233333 57.433333
24.900000 4.566667 57.400000
24.900000 3.566667 57.300000
24.966667 2.600000 57.300000
25.000000 2.600000 57.300000
24.966667 2.600000 57.300000
24.900000 2.900000 57.300000
24.900000 4.233333 57.300000
24.900000 5.900000 57.333333
24.900000 7.800000 57.300000
24.900000 8.800000 57.300000
25.000000 9.800000 57.300000
25.000000 9.800000 57.233333
25.033333 9.133333 57.133333
25.100000 9.466667 57.000000
25.100000 9.800000 56.900000
25.200000 9.466667 56.866667
25.200000 9.800000 56.900000
25.200000 9.800000 56.900000
25.200000 10.133333 56.766667
25.200000 9.800000 56.633333
25.200000 10.466667 56.600000
25.266667 9.800000 56.566667
25.300000 9.133333 56.500000
25.300000 8.800000 56.433333
25.300000 8.133333 56.400000
25.300000 6.800000 56.433333
25.400000 6.800000 56.500000
25.400000 7.466667 56.266667
25.300000 7.800000 56.133333
