10
1840
1880
1900
1940
1980
2010
2030
2090
2120
2150
2190
2250
2260
2310
2340
2400
2420
2460
2490
2520
2570
2610
2650
2700
2730
2780
2810
2870
2890
2950
2990
3050
3090
3140
3180
3210
3280
3310
3350
3410
3440
3440
3480
3530
3570
3640
3680
3740
3790
3830
3890
3930
3990
4050
4100
4160
4200
4280
4330
4370
4420
4500
4550
4600
4710
4780
4820
4890
4940
5050
5100
5130
5180
5270
5300
5370
5430
5550
5600
5620
5690
5770
5830
5890
5950
6100
6140
6160
6240
6330
6390
6470
6550
6720
6800
6810
6870
6950
7000
1230
1810
1840
1880
1920
1940
1990
2030
2070
2090
2130
2180
2220
2260
2290
2330
2390
2400
2430
2470
2510
2550
2600
2640
2690
2730
2760
2820
2850
2880
2930
2990
3040
3080
3120
3190
3230
3270
3330
3370
3430
3480
3530
3610
3660
3720
3790
3850
3920
3940
3980
4050
4110
4170
4170
4220
4280
4330
4420
4460
4520
4590
4650
4730
4800
4880
4950
5000
5100
5160
5240
5320
5410
5490
5570
5610
5670
5730
5820
5880
5940
5990
6080
6100
6160
6180
6250
6330
6360
6400
6480
6580
6590
6650
6750
6820
6870
6940
7040
7120
1290
1820
1840
1880
1920
1940
1980
2010
2040
2070
2110
2140
2190
2230
2260
2300
2340
2380
2420
2470
2510
2540
2570
2610
2670
2720
2740
2800
2830
2880
2920
2960
3000
3060
3090
3160
3200
3260
3280
3340
3380
3430
3480
3540
3590
3640
3690
3740
3800
3850
3910
3940
3990
4030
4070
4120
4190
4200
4150
4100
4130
4180
4230
4290
4340
4400
4440
4510
4570
4620
4670
4740
4800
4860
4930
4970
5040
5090
5140
5220
5280
5370
5400
5460
5540
5590
5650
5720
5800
5880
5960
6060
6070
6120
6180
6290
6340
6420
6480
6520
1200
1690
1720
1750
1780
1810
1840
1880
1910
1940
1980
2010
2040
2080
2110
2150
2180
2220
2250
2290
2330
2370
2420
2440
2490
2510
2560
2590
2640
2680
2720
2760
2800
2840
2880
2940
2970
3010
3060
3090
3150
3190
3230
3280
3320
3370
3420
3460
3510
3560
3600
3660
3700
3770
3810
3850
3910
3960
4010
4070
4130
4160
4210
4260
4320
4380
4420
4480
4550
4600
4650
4710
4770
4820
4880
4930
5010
5070
5110
5180
5230
5310
5360
5410
5490
5560
5610
5670
5760
5820
5880
6000
6020
6090
6150
6210
6260
6340
6420
6490
1160
1700
1710
1750
1780
1820
1840
1880
1920
1940
1980
2010
2060
2100
2120
2160
2190
2240
2280
2320
2370
2390
2420
2450
2500
2530
2590
2610
2640
2670
2720
2760
2800
2850
2890
2930
2970
3020
3070
3100
3140
3210
3240
3290
3320
3390
3430
3470
3540
3570
3620
3670
3710
3770
3820
3880
3930
3970
4030
4090
4140
4200
4240
4300
4390
4420
4480
4520
4580
4650
4690
4760
4840
4890
4940
5000
5060
5120
5180
5240
5320
5390
5420
5480
5550
5620
5680
5740
5830
5890
5960
6080
6070
6140
6210
6290
6370
6450
6500
6570
1080
1660
1680
1720
1750
1790
1830
1860
1880
1920
1940
1980
2020
2050
2080
2120
2160
2220
2240
2260
2300
2340
2380
2430
2450
2490
2540
2570
2630
2650
2700
2740
2780
2820
2860
2910
2950
3000
3050
3100
3130
3170
3230
3260
3310
3370
3410
3450
3500
3560
3610
3660
3720
3750
3810
3860
3920
3970
4010
4070
4140
