1.989776 2.042269
2.012619 2.075210
2.014093 2.144178
2.037541 2.222809
2.061898 2.335200
2.105166 2.483289
2.162277 2.653735
2.233301 2.840218
2.329642 3.058064
2.449647 3.264816
2.599562 3.509887
2.755491 3.722180
2.908690 3.930732
3.040503 4.109676
3.078501 4.174344
3.063156 4.162365
3.056731 4.146587
3.180932 4.343902
3.279452 4.429188
3.331728 4.548593
3.372697 4.592287
3.446112 4.662802
3.524265 4.745777
3.619356 4.823511
3.751571 4.933827
3.921203 5.070671
4.090714 5.188231
4.265466 5.324199
4.456910 5.488809
4.656039 5.650990
4.892756 5.829628
5.099753 5.999031
5.305781 6.160555
5.551988 6.339220
5.813599 6.546346
6.006563 6.706287
6.274175 6.912502
6.501618 7.108489
6.690548 7.311287
6.892059 7.523650
7.075630 7.736186
7.272764 7.954855
7.459922 8.151585
7.699683 8.370491
7.863988 8.486220
7.912836 8.531454
7.993305 8.588869
8.088339 8.674736
8.145259 8.720337
8.292654 8.744884
8.288018 8.713783
8.287017 8.708648
8.295822 8.696976
8.393337 8.732395
8.420012 8.716810
8.507440 8.729775
8.582415 8.761479
8.654306 8.789989
8.759321 8.820800
8.870691 8.894765
8.988926 8.947300
9.120693 9.025560
9.249338 9.092845
9.402941 9.182761
9.564283 9.251432
9.709957 9.354876
9.877395 9.436796
10.025441 9.512167
10.199824 9.646223
10.365469 9.744711
10.519986 9.816397
10.670719 9.907182
10.810327 10.007800
10.962634 10.115460
11.087938 10.226471
11.234850 10.346055
11.425451 10.470889
11.601643 10.594147
11.700505 10.693151
11.692877 10.703811
11.627225 10.668277
11.584084 10.639131
11.656131 10.666810
11.701662 10.687777
11.736165 10.727590
11.773009 10.771084
11.755400 10.847290
11.766648 10.893503
11.771578 10.933398
11.784252 10.958586
11.807083 10.997763
11.853707 11.113082
11.899649 11.197436
11.956943 11.290209
11.996856 11.357338
12.050036 11.449206
12.115329 11.553567
12.143819 11.627864
12.198179 11.721909
12.269002 11.803626
12.336794 11.895669
12.377110 11.991263
12.428611 12.081862
12.505396 12.169294
12.569830 12.273966
12.748898 12.382937
12.842303 12.479089
13.073941 12.587853
13.208701 12.683812
13.329894 12.790601
13.451444 12.847083
13.501383 12.863191
13.508519 12.875510
13.553994 12.826697
13.624105 12.878783
13.731147 12.880729
13.727366 12.885741
13.724532 12.843191
13.740018 12.834677
13.596778 12.825773
13.522494 12.672601
13.515344 12.585350
13.540724 12.568447
13.579479 12.571939
13.599053 12.588137
13.636220 12.585167
13.605353 12.549749
13.494843 12.421929
13.514917 12.427530
13.586907 12.488822
13.662239 12.536337
13.759516 12.618426
13.832064 12.683345
13.924429 12.765610
14.008379 12.834758
14.087030 12.921240
14.173945 12.993178
14.261006 13.078888
14.356162 13.153469
14.466582 13.252553
14.578343 13.338780
14.689722 13.423228
14.804675 13.513224
14.937922 13.615342
15.065706 13.731520
15.182707 13.833591
15.200570 13.873572
15.231794 13.863547
15.179357 13.841416
15.188716 13.867684
15.491288 13.885095
15.525864 13.984873
15.507738 14.173845
15.462371 14.126767
15.359919 14.091191
15.422713 14.108293
15.470514 13.980218
15.491437 14.003950
15.524973 14.040518
15.574722 14.082667
15.630177 14.109824
15.694266 14.183767
15.740389 14.261575
15.785375 14.334027
15.863886 14.406744
15.941462 14.469156
16.040136 14.526939
16.124151 14.586660
16.216989 14.676361
16.316589 14.767861
16.396535 15.028044
16.376888 15.170061
16.364835 15.241456
16.398815 15.168245
16.459129 15.199801
16.508085 15.222562
16.560936 15.265672
16.645236 15.303950
16.696387 15.362166
16.795418 15.429664
16.834945 15.482238
16.850830 15.553816
16.900041 15.607848
16.964105 15.680513
17.003113 15.738716
17.026568 15.679409
17.030207 15.663828
16.828672 15.678221
16.868405 15.700498
16.763278 15.565697
16.755111 15.587349
16.768487 15.652347
16.791749 15.708834
16.807286 15.763927
16.829245 15.806511
16.871850 15.892037
16.930848 15.957493
17.052750 16.066581
17.094652 16.135497
17.173815 16.219926
17.197656 16.286350
17.211779 16.330098
17.269939 16.370537
17.299733 16.385489
17.445377 16.394848
17.407091 16.206928
17.319380 16.149920
17.145439 16.076933
17.076068 15.776202
16.828164 15.746600
16.862761 15.800674
17.006484 15.796342
17.202419 16.004382
17.242686 16.149150
17.558067 16.228516
17.580436 16.267315
17.650048 16.306281
17.781123 16.449823
17.857126 16.537713
17.897275 16.611652
17.954608 16.670650
17.946820 16.649346
17.955620 16.603539
17.933635 16.598965
17.897942 16.621445
17.901626 16.623997
17.898394 16.641774
17.779656 16.385251
17.667395 16.423071
17.671835 16.401554
17.687189 16.345243
17.532964 16.255567
17.558483 16.048020
17.547844 16.050867
17.587485 16.055825
17.608940 16.087060
17.634106 16.118648
17.688009 16.167417
17.752842 16.215625
17.802866 16.253034
17.857173 16.285331
17.921113 16.312436
18.055280 16.335674
18.134463 16.426250
18.215028 16.406561
18.290917 16.447690
18.341785 16.472400
18.324826 16.444597
18.336433 16.558929
18.353374 16.616360
18.333045 16.665850
18.309660 16.701538
18.278068 16.631879
17.915596 16.435253
17.647896 16.068490
17.215107 15.888206
17.181360 15.648372
17.237238 15.695896
17.454795 15.960871
17.476573 16.122173
17.489709 16.198797
17.495984 16.233375
17.508709 16.292381
17.542693 16.341161
17.582184 16.401695
17.613175 16.475608
17.661513 16.520295
17.718721 16.565179
17.725222 16.591495
17.724392 16.567323
17.559067 16.536636
17.515964 16.501509
17.620681 16.583793
17.711505 16.649480
17.807270 16.679358
17.678296 16.638612
17.438230 16.427818
17.269710 16.424424
17.083150 16.262809
16.871326 15.931873
16.797465 15.926098
16.763824 15.850292
16.823658 15.921250
16.980410 16.014990
17.063304 16.119873
17.125675 16.186488
17.189544 16.247868
17.261749 16.296156
17.316051 16.307004
17.366110 16.303994
17.411703 16.274447
17.431515 16.247156
17.441261 16.212207
17.360414 16.312153
17.449374 16.331506
17.487927 16.346124
17.369009 16.287953
17.336021 16.181641
17.138007 16.040741
16.956599 15.777327
16.216578 15.385682
15.928448 15.095752
15.817307 15.048302
16.110312 15.177924
16.180057 15.269221
16.284422 15.334752
16.297175 15.379761
16.318444 15.445028
16.352670 15.558943
16.430468 15.610731
16.590043 16.112176
16.629624 16.209486
16.678120 16.267252
16.720246 16.330718
16.760908 16.399616
16.806544 16.447825
16.845474 16.530875
16.869613 16.635136
16.807957 16.752137
16.749047 16.769337
16.792841 16.856202
16.816280 16.943605
16.805617 16.903000
16.640176 16.921034
16.613422 16.901520
16.502228 16.677705
16.471320 16.785576
16.535828 16.886743
16.586179 16.983869
16.662830 17.093845
16.739946 17.152856
16.796015 17.214256
16.853385 17.271739
16.892407 17.327975
16.966530 17.364166
17.031972 17.408549
17.090766 17.412664
17.131330 17.455127
17.148799 17.450955
17.174003 17.441622
16.937392 17.349636
16.977049 17.306571
16.700050 17.241956
16.287923 16.926976
16.164403 16.735012
16.177345 16.793767
16.187637 16.834731
16.216305 16.866326
16.232711 16.916431
16.296062 16.981141
16.339136 17.036869
16.372425 17.078245
16.416715 17.093784
16.468580 17.146099
16.516526 17.158213
16.622023 17.215466
16.630189 17.177760
16.634580 17.131707
16.582523 17.006083
16.609741 16.951749
16.611036 16.911578
16.526845 16.979148
16.570276 17.043809
16.548943 17.052213
16.600108 17.126205
16.561417 17.172763
16.605957 17.254846
16.634012 17.243297
16.692433 17.285055
16.706888 17.323610
16.729675 17.386349
16.608261 17.301677
16.639151 17.373906
16.667673 17.427289
16.705730 17.501029
16.747341 17.583820
16.883538 17.746999
16.989781 18.081294
17.028475 18.142278
17.056211 18.182388
17.147204 18.511215
17.289861 18.494428
17.393069 18.558108
17.388483 18.679963
17.491808 19.108252
17.644316 19.305851
17.873082 19.640327
17.936831 19.647714
18.074062 19.939975
18.080941 19.885148
18.180060 19.915767
18.351582 19.937978
18.372757 19.952201
18.394049 19.969894
18.454028 20.019792
18.481338 20.066438
18.518287 20.097222
18.561582 20.143954
18.607953 20.205823
18.643155 20.266299
18.684047 20.362086
18.739411 20.440500
18.714938 20.438422
18.814395 20.446358
18.913697 20.505869
18.905442 20.523710
18.957900 20.631405
18.962734 20.618151
18.990962 20.620215
19.009826 20.618463
19.062159 20.625302
19.086649 20.633883
19.126551 20.644156
19.182030 20.636171
19.230106 20.643687
19.297971 20.660344
19.390868 20.685190
19.493710 20.721134
19.627295 20.889955
19.689303 20.906794
19.728651 20.895620
19.739916 20.999061
19.732019 21.012864
19.568368 20.913670
19.271700 20.277773
18.658657 19.854338
18.030980 19.445285
16.794782 18.567124
16.207624 18.262202
16.173114 18.049345
16.540510 18.395237
16.590689 18.422290
16.632888 18.494891
16.678970 18.726752
16.724328 18.773519
16.778281 18.781028
16.804669 18.856863
16.844442 18.857692
16.830834 18.760266
16.869337 18.794324
16.724325 18.762486
16.764936 18.383618
16.680268 18.226382
16.569538 18.070762
16.625564 18.090620
16.680857 18.047657
16.744721 18.016620
16.811707 18.047219
16.782739 18.041916
16.833794 18.076193
16.913658 17.952372
17.007087 18.007745
17.125974 18.048291
17.215686 18.142657
17.334889 18.181541
17.541829 18.344042
17.647928 18.582349
17.677616 18.599213
17.988283 19.112503
17.981685 19.202212
18.138727 19.368173
18.139345 19.386738
18.214606 19.529089
18.253225 19.551933
18.213173 19.529060
18.240545 19.586236
18.257339 19.568312
18.298414 19.661343
18.311162 19.643332
18.311196 19.638170
18.341436 19.661576
18.387450 19.664284
18.413168 19.640946
18.444840 19.641492
18.469530 19.633356
18.567939 19.628782
18.525863 19.644605
18.507272 19.567201
18.572728 19.538478
18.632107 19.509557
18.688577 19.486992
18.701365 19.350603
18.749439 19.340980
18.808051 19.345637
18.879426 19.361427
18.951738 19.376601
19.023334 19.396611
19.082139 19.443947
19.152611 19.487204
19.217742 19.524176
19.329435 19.675718
19.398978 19.693610
19.411549 19.703536
19.611445 19.813347
19.820964 19.820091
19.850065 20.049938
19.867881 20.053155
19.891067 20.079921
19.919957 20.059360
19.245562 19.341814
19.017549 18.443379
19.008768 18.411234
19.122200 18.488595
19.190167 18.491097
19.211568 18.499479
19.247201 18.520777
19.338117 18.555624
19.370954 18.586047
19.402194 18.628668
19.449437 18.649436
19.524838 18.677545
19.592711 18.722868
19.655358 18.682579
19.622441 18.684129
19.650459 18.686296
19.325725 18.725212
19.295124 18.736265
19.341014 18.747359
19.351008 18.745963
19.391293 18.784099
19.404617 18.678834
19.458387 18.709987
19.407207 18.518648
19.479882 18.584639
19.497656 18.549194
19.574140 18.599804
19.637868 18.650422
19.691328 18.719056
19.745904 18.755842
19.793735 18.790402
19.930912 18.954375
19.945476 18.989216
19.956180 19.020319
20.042587 19.103977
20.576701 19.715821
20.593241 19.692566
20.598129 19.651664
20.608194 19.632780
20.594459 19.613040
20.594263 19.615813
20.583316 19.631731
20.565484 19.640474
20.580440 19.668817
20.596012 19.716581
20.577680 19.446127
20.606320 19.459020
20.610492 19.432418
20.519872 19.450932
20.568107 19.455993
20.565394 19.452745
20.587734 19.430079
20.620710 19.490709
20.669570 19.489803
20.246873 19.402062
20.278047 19.444367
20.333897 19.488836
20.384550 19.547779
20.485642 19.641543
20.510928 19.705052
20.640778 19.882719
20.881660 20.119073
