0.220326
0.287794
0.414548
0.523693
0.652759
0.803671
0.786300
0.780133
0.939217
0.952247
1.087509
1.153433
1.211455
1.471796
1.519530
1.544328
1.499297
1.407150
1.402173
0.648480
0.238044
0.478534
0.933724
1.390322
1.774011
2.462966
2.891607
3.346847
3.468293
3.480984
3.645421
3.826991
4.031751
4.570521
4.857639
5.441943
5.881557
6.540511
6.971527
7.336166
7.885797
8.295024
8.815409
9.107857
9.528961
9.653428
9.813476
10.029764
10.181082
9.891608
9.767408
9.669724
9.538314
8.863047
8.407547
7.754889
7.181333
6.754427
6.369809
6.108298
5.612520
5.339856
4.954694
4.329899
3.853840
3.326911
2.485330
1.866870
1.123805
0.541147
0.186483
0.516919
0.958330
1.578247
2.209269
2.543857
2.964689
3.481951
3.758313
3.744829
3.556677
3.441759
3.669540
3.768868
3.568064
2.610017
1.928267
1.574509
1.133106
0.636073
0.356868
0.738373
1.233758
1.537162
2.077329
2.768490
3.182003
3.824031
4.371569
4.750701
5.483237
5.912501
6.393591
6.743602
7.258019
7.587379
7.914427
8.465335
8.919072
9.206039
9.753924
9.880060
10.107129
10.281554
10.460560
10.121529
10.005063
9.757072
9.598782
9.495815
9.419794
8.435487
7.863546
7.378578
6.876983
6.130418
5.624437
4.983747
4.268293
3.801955
3.381041
2.553899
2.106354
1.661951
1.262576
0.851487
0.560933
0.553393
0.951277
1.245714
1.623754
2.262772
2.675907
3.143845
3.838348
4.238952
4.599868
5.128351
5.254481
5.227804
4.806214
4.807410
4.635739
3.909127
3.391407
2.802133
2.413393
2.159394
2.050162
2.038705
2.041722
2.272555
2.382956
2.784256
3.186978
3.549610
3.895661
4.420326
4.924338
5.502382
5.971088
5.875107
6.006583
6.330400
6.603676
7.072244
7.461431
8.087176
8.521650
9.178409
9.389966
9.532083
9.981700
10.277540
9.864848
9.512028
8.825021
8.216137
7.872550
7.650315
7.548539
7.547673
7.633745
7.691072
7.816272
7.984955
8.287421
8.493519
8.842413
9.146700
9.373480
10.215864
11.075354
11.527004
11.338819
11.389063
10.921311
10.066661
9.246985
8.827056
8.318300
7.605472
7.357620
7.177054
7.085300
6.975130
6.935638
6.984110
7.050206
7.108759
7.239388
7.226214
7.323000
7.104474
6.709388
6.792093
7.284494
7.657561
8.084569
7.467979
6.961994
6.722599
6.606653
6.374542
6.337574
6.276260
6.319962
6.267784
6.338636
6.311283
6.333598
6.443255
6.600478
6.816010
6.838456
7.018107
7.119695
7.711767
8.291596
8.756561
9.085506
9.462735
9.671440
8.879459
8.300210
7.557574
7.159124
6.764091
6.023790
5.606271
5.048908
4.944754
4.887465
4.872260
5.201111
5.301919
5.528401
5.687314
5.997731
6.342918
6.627539
7.293528
7.923402
8.423340
7.535102
7.044518
6.858384
6.545187
6.193244
5.927125
5.398690
4.962590
4.652313
4.486379
4.616516
4.748751
4.845386
5.073909
5.562972
6.107298
6.723765
6.986526
7.552472
7.391052
8.020134
8.303042
8.569737
8.763975
8.618653
8.847633
7.948802
7.338758
6.850477
6.095067
6.094820
6.033674
5.421277
5.251065
5.161412
5.175589
5.188666
5.347824
5.378009
5.598735
5.734187
5.946893
6.223536
6.488708
6.989284
7.371121
7.909904
8.283813
7.504129
6.946201
6.826241
6.422356
6.011094
5.434418
4.960790
4.714812
4.561775
4.560293
4.557530
4.618301
4.755844
5.226911
5.917285
6.387119
6.915473
7.258787
7.929466
8.432578
7.770361
7.239807
6.530591
6.075243
5.426181
4.721431
4.412817
4.268783
4.381190
4.801874
5.170434
5.574501
6.001255
6.551053
6.553524
6.505960
6.495956
6.913285
7.689419
8.153149
8.786284
8.740789
9.144412
9.587296
10.202401
10.258036
10.223792
10.638439
11.269492
11.641319
12.263092
12.698124
13.338313
13.908116
14.301342
14.518999
14.655168
14.737639
14.764372
14.664560
15.053730
14.824768
14.489304
13.836721
13.301659
13.246621
12.959496
12.768045
12.120777
11.569648
11.046759
10.546407
9.937696
9.595553
9.158044
8.737839
8.326156
8.001590
7.427474
7.024526
7.045569
6.917116
6.897762
6.830628
6.796347
6.355485
6.106765
5.807226
5.345991
5.106274
4.925349
4.685717
4.751025
4.620662
4.724222
4.783035
5.054157
5.544292
6.087851
6.104311
6.536468
6.791749
7.205351
7.380375
6.188772
5.265064
4.450652
3.791114
3.168348
2.812264
2.480168
2.130312
2.040160
2.024289
2.360051
3.102449
3.537045
3.984594
4.446099
5.132063
5.412806
6.240506
6.840271
7.232663
7.650717
8.544940
8.958168
9.513482
10.224752
10.868474
11.452600
12.024136
12.631405
13.246724
13.561246
13.669010
13.634698
13.453909
13.423594
13.717479
13.364938
12.739820
12.675647
12.619668
12.169388
11.486334
10.836913
10.337547
9.681454
9.411794
8.783370
8.474155
8.040936
8.085037
7.994718
7.371397
7.086487
6.916579
6.761490
6.374926
5.895994
5.492944
5.160439
4.980576
4.600593
4.040200
3.676019
3.372482
3.208910
3.368941
3.833346
3.736451
3.829596
4.393656
4.829756
5.357282
5.767683
5.797102
5.077988
4.421745
3.909974
3.588940
3.342436
3.183313
3.011161
2.974242
3.111159
3.619116
3.989948
4.366639
4.736293
5.092557
4.984969
5.139211
5.469401
5.796602
6.164566
6.564590
7.179649
7.941544
8.683194
9.208965
10.000298
10.546865
10.989901
11.642279
11.927528
12.485966
12.846871
13.258819
13.630005
13.545211
13.080574
13.037167
12.708212
12.519333
12.188365
11.676599
10.702095
10.098313
9.602874
8.946470
8.623865
8.308814
7.700488
7.242743
6.965030
6.623490
5.902988
5.437816
5.009703
4.341312
3.900393
3.509031
3.068967
2.481154
2.167569
1.582191
2.195979
