20
1840
1850
1890
1920
1970
2000
2020
2070
2100
2130
2180
2230
2250
2290
2320
2360
2410
2440
2500
2520
2560
2590
2650
2690
2720
2780
2810
2860
2890
2930
2990
3040
3080
3150
3180
3210
3270
3290
3370
3400
3430
3410
3460
3510
3570
3620
3670
3730
3780
3810
3870
3920
3980
4030
4100
4140
4180
4270
4320
4360
4410
4480
4540
4590
4700
4770
4830
4880
4930
5040
5090
5120
5170
5260
5300
5360
5430
5540
5590
5620
5680
5770
5830
5870
5960
6070
6140
6810
6240
6310
6400
6460
6550
6710
6800
6810
6850
6940
7000
1220
1810
1840
1870
1910
1950
1990
2020
2070
2090
2130
2170
2220
2250
2290
2330
2380
2400
2420
2470
2510
2540
2590
2640
2680
2730
2760
2820
2850
2880
2930
2990
3030
3070
3120
3180
3220
3270
3330
3370
3430
3470
3530
3610
3660
3720
3780
3840
3920
3940
3980
4030
4120
4160
4160
4220
4280
4330
4410
4450
4520
4590
4650
4720
4800
4870
4940
5010
5090
5160
5220
5320
5410
5480
5560
5610
5670
5720
5810
5890
5930
5980
6070
6100
6150
6180
6250
6330
6360
6400
6470
6570
6590
6630
6740
6800
6870
6930
7020
7110
1300
1800
1830
1880
1930
1930
1970
2010
2030
2070
2100
2140
2180
2220
2270
2290
2330
2380
2410
2460
2500
2530
2570
2610
2660
2720
2730
2800
2820
2880
2910
2960
3000
3040
3090
3160
3200
3240
3280
3340
3380
3420
3480
3530
3580
3630
3700
3730
3790
3850
3910
3940
3970
4020
4070
4120
4180
4230
4200
4070
4120
4170
4220
4270
4340
4390
4440
4500
4560
4610
4660
4740
4790
4850
4920
4970
5030
5080
5140
5210
5270
5360
5400
5460
5530
5590
5640
5710
5800
5870
5950
6070
6050
6110
6160
6260
6330
6410
6450
6520
1190
1690
1710
1750
1770
1810
1830
1870
1900
1940
1970
2010
2040
2070
2110
2140
2180
2210
2250
2290
2320
2360
2420
2430
2490
2510
2550
2590
2630
2680
2710
2750
2800
2840
2880
2930
2970
3000
3050
3100
3130
3190
3230
3270
3320
3370
3410
3460
3500
3560
3600
3650
3710
3760
3800
3860
3900
3950
4010
4060
4120
4150
4210
4270
4310
4370
4430
4470
4550
4600
4650
4700
4770
4810
4870
4930
5000
5050
5110
5180
5230
5300
5350
5410
5500
5560
5600
5670
5760
5820
5880
6690
6010
6060
6150
6200
6260
6320
6400
6480
1160
1690
1710
1740
1780
1810
1840
1880
1910
1940
1980
2010
2050
2090
2120
2150
2190
2220
2280
2320
2360
2380
2420
2450
2490
2530
2580
2610
2630
2680
2710
2750
2800
2830
2880
2930
2960
3020
3050
3110
3140
3190
3230
3280
3320
3390
3410
3470
3530
3560
3610
3670
3710
3760
3810
3880
3910
3970
4020
4090
4130
4180
4240
4300
4370
4420
4480
4510
4570
4640
4680
4740
4830
4880
4930
4990
5050
5120
5170
5240
5300
5380
5420
5470
5540
5610
5680
5730
5810
5880
5950
6070
6060
6130
6200
6270
6370
6430
6490
6550
1070
1650
1680
1710
1740
1780
1830
1840
1880
1910
1940
1970
2010
2040
2070
2120
2140
2210
2230
2250
2300
2330
2370
2420
2440
2490
2530
2560
2620
2640
2690
2720
2770
2810
2850
2900
2950
2990
3040
3090
3110
3160
3220
3260
3300
3360
3400
3450
3490
3550
3600
3650
3710
3740
3800
3850
3920
3950
4000
4070
4130
