40
20
20
30
30
20
30
20
30
20
30
30
30
40
50
60
60
50
50
60
60
50
70
80
70
70
80
70
70
70
80
80
70
70
70
80
70
70
70
70
80
70
70
80
70
70
80
70
70
70
70
90
100
90
110
100
110
110
100
100
110
130
120
120
120
120
130
120
120
120
120
120
120
120
120
120
120
120
120
120
130
120
110
130
120
120
120
130
140
130
140
140
130
150
140
140
160
160
160
150
150
150
150
160
160
150
160
150
150
150
160
150
150
150
160
150
160
140
160
150
150
160
150
150
160
150
160
150
160
160
150
160
170
180
170
170
170
170
180
170
170
180
170
170
170
180
170
180
190
190
190
190
190
190
180
190
200
200
200
200
200
200
220
220
220
230
220
220
210
210
240
240
230
240
230
230
230
240
240
240
250
240
250
240
230
250
270
270
290
300
290
290
290
290
280
290
330
310
280
280
290
290
290
280
290
280
290
290
280
290
290
280
290
280
290
280
290
290
280
290
290
280
290
280
290
280
290
300
300
300
290
300
290
290
300
280
300
290
290
300
280
300
290
290
290
290
290
290
300
280
290
290
300
310
300
310
300
300
320
300
300
310
320
320
350
340
350
340
340
340
340
340
360
360
360
360
360
360
360
360
370
360
360
360
350
360
360
360
350
360
360
360
360
350
360
360
350
360
360
360
360
350
360
370
370
380
380
380
380
370
380
380
390
380
380
380
390
380
390
380
390
390
380
380
390
390
380
400
390
400
400
410
400
390
410
390
390
400
390
390
400
420
430
420
420
420
420
410
410
420
420
410
410
420
410
410
420
420
420
420
430
410
420
410
410
430
430
460
460
470
460
460
470
460
460
470
460
460
460
470
460
460
460
460
460
460
460
460
470
470
470
470
490
490
490
480
490
490
490
510
510
500
520
500
510
510
500
510
510
510
510
510
510
520
520
520
520
520
520
510
510
510
510
500
510
520
510
510
520
520
550
540
540
550
550
580
570
570
570
580
590
590
590
600
590
610
610
620
610
630
610
620
610
620
620
620
620
620
620
610
620
610
620
610
610
620
610
610
620
610
630
630
620
650
660
640
640
640
640
640
650
650
640
640
640
650
650
640
640
640
650
640
650
650
640
670
670
660
680
670
710
700
690
690
690
690
690
690
690
710
710
720
710
760
740
750
740
740
730
740
750
740
750
730
740
740
740
740
740
740
730
750
740
740
760
750
750
750
750
740
750
740
760
750
750
750
740
750
740
760
750
730
750
740
730
750
750
760
760
760
750
