0.122112
0.208629
0.384002
0.416548
0.462221
0.547659
0.578700
0.610987
0.879033
1.022118
1.303535
1.441320
1.693155
2.106191
2.108809
2.086346
2.015850
2.110669
2.177053
1.391379
0.936044
0.236887
0.276076
0.702899
1.143889
1.762088
2.207074
2.808406
3.227393
3.644574
4.182938
4.643999
5.101613
5.660920
6.044803
6.507912
6.917210
7.547754
7.909528
8.358824
8.999742
9.441602
10.074693
10.525599
10.909883
10.946698
11.027300
11.184842
11.286298
11.095331
10.908501
10.945961
10.803472
10.383706
9.953082
9.199565
8.541095
8.113993
7.760838
7.166414
6.570751
6.189041
5.758945
5.066239
4.579760
4.031958
3.467635
3.031384
2.510756
2.168340
1.896834
1.779636
1.682746
1.734990
1.839054
1.993057
1.977427
2.513636
2.574840
2.524782
2.197949
1.899989
2.269664
2.396336
2.407417
2.051190
1.894443
1.688469
1.596941
1.510664
1.662507
2.148069
2.499629
2.851880
3.293899
3.839481
4.216251
4.583785
5.233862
5.588814
6.293101
6.693244
7.086223
7.417357
8.079444
8.296390
8.469931
8.981043
9.364335
9.686554
10.066007
10.079008
10.356875
10.396632
10.551355
10.562233
10.827468
10.660048
10.988016
11.030321
11.044115
10.432160
10.130054
9.706341
9.356771
8.791234
8.474867
8.147438
7.697353
7.394838
7.074428
6.515319
6.172684
5.933672
5.635524
5.184239
5.046835
4.815691
4.429983
4.209734
3.954134
3.655780
3.445008
3.172468
2.916124
2.827148
2.357355
1.326170
0.440144
0.158495
0.706942
0.924587
1.645979
2.049370
2.337327
2.805985
3.200273
3.589427
4.115120
4.543672
5.179495
5.629933
6.146531
6.733511
7.187607
7.618163
8.002131
8.451775
8.762368
9.391297
9.744784
9.570797
9.448115
9.567417
9.914083
10.362074
10.564423
10.962598
11.360504
11.675823
11.520708
11.707561
11.817528
12.014064
11.703033
11.622699
11.312032
11.174186
11.217605
11.250177
11.293252
11.500390
11.619428
11.963795
12.174355
12.482674
12.863274
13.170277
13.601082
14.072442
14.395662
15.092298
15.885177
16.295786
16.326288
16.846886
16.648166
16.381072
15.749678
15.414820
15.169249
14.429106
14.133128
13.920448
13.687696
13.569762
13.428098
13.337591
13.036269
12.905677
12.757185
12.755093
12.729718
12.299332
11.325501
11.111704
11.125493
11.149698
11.433985
10.798893
10.666687
10.848801
11.140106
11.176150
11.626305
11.919415
12.051892
12.248252
12.510856
12.757128
12.954443
13.292103
13.494539
13.631815
13.664126
13.929684
14.179812
14.926110
15.591257
16.048021
16.531758
16.971918
17.128753
16.765741
16.833750
16.566958
16.463973
16.332484
15.532780
15.017619
14.260513
13.979691
13.747820
13.486085
13.303827
13.078748
12.832838
12.617209
12.390746
12.020438
11.742700
11.639642
11.826609
11.945859
11.432994
11.386633
11.491963
11.492165
11.490118
11.713361
11.654424
11.433501
11.460121
11.576437
11.918076
12.309812
12.677063
13.029153
13.704036
14.322673
14.979244
15.289494
15.846181
16.023316
16.731483
17.084220
17.419236
17.900197
18.013076
18.220533
17.910613
17.734788
17.393056
16.760154
16.755437
16.619966
16.051460
15.762155
15.303531
15.070201
14.733820
14.385472
14.166447
13.867072
13.704701
13.559734
12.909288
12.446858
12.113521
12.090292
11.957990
11.834308
11.465207
11.460215
11.506070
11.508596
11.651919
11.711128
11.824104
12.043205
12.329334
12.601864
12.991810
13.311436
13.717108
14.410378
15.191949
15.728124
16.467402
17.097630
17.958573
19.393204
19.256223
19.511552
19.355523
19.206147
18.809465
18.246834
18.134501
18.262726
18.639477
19.262460
19.547241
19.783716
19.691374
19.851384
19.313414
18.855963
18.283405
18.135410
18.157221
18.191575
18.801701
18.699265
19.057525
19.299790
19.760879
19.700652
19.722297
20.004428
20.389593
20.666823
21.219335
21.622618
22.272522
22.683823
23.239930
23.907373
24.540932
24.982121
25.149649
25.519120
26.146500
26.103581
25.967787
25.607796
25.241214
25.209836
25.282735
25.305223
24.835278
24.425381
24.101633
23.807789
23.198716
22.743415
22.289030
21.856699
21.447675
21.008557
20.361795
19.946680
19.996769
19.677432
19.429071
19.460631
19.368772
18.886105
18.386656
17.869337
17.428582
16.978348
16.629142
16.095092
15.925411
15.713458
15.571966
15.294697
15.375487
15.875037
16.719685
17.104424
17.909747
18.537429
19.180479
19.888661
19.725862
19.520452
19.271430
19.157993
19.120593
19.164348
19.154496
18.950500
18.891020
18.998164
19.358540
19.902172
20.002712
19.931032
19.812180
20.071264
19.808258
19.653576
19.480445
19.418414
19.483721
19.876674
20.079396
20.593647
21.159045
21.633003
22.277701
22.997839
23.833671
24.748132
25.302904
25.751267
25.820593
26.018244
26.162321
26.544062
26.501927
25.746753
25.749680
25.651576
25.095110
24.413687
23.759040
23.509223
22.961913
22.594067
22.105917
21.613835
21.035771
21.057483
20.971053
20.357022
19.875919
19.424035
19.057810
18.410086
17.647289
17.247567
17.041899
16.561055
16.415528
15.961936
15.481600
15.213655
14.951109
15.097313
15.287239
15.257520
15.364120
15.693739
15.996406
16.261100
16.532069
16.765549
16.834963
16.604402
16.413362
16.463611
16.478956
16.443501
16.686278
16.839522
17.240894
17.800877
18.120825
18.171889
18.376113
18.609297
18.381470
18.171550
18.562370
18.713712
18.946862
19.271328
19.469940
20.001012
20.332564
20.613898
21.146798
21.510079
21.973261
22.565606
23.074191
23.569875
24.081089
24.630996
25.292518
25.423202
25.041688
25.121706
24.894143
24.833404
24.216219
23.763447
22.832712
22.219011
21.849129
21.097302
20.586152
20.229464
19.829756
19.482260
19.062395
18.488425
17.894566
17.300998
16.861762
16.300925
15.814757
15.341606
14.974762
14.398611
14.046287
13.052368
12.447887
