0.238097
0.313596
0.347039
0.355565
0.313552
0.233008
0.092435
0.067576
0.265004
0.492167
0.751912
1.015953
1.306685
1.622808
1.934544
2.285506
2.645842
2.929820
2.601714
2.339894
1.927840
1.266517
0.752240
0.319251
0.596376
0.961825
1.421806
1.785984
2.241798
2.413720
2.567419
2.710717
2.837468
3.110013
3.241069
3.483619
3.617632
3.827443
4.016793
3.938461
3.672010
3.146458
2.836452
2.548769
2.326610
2.217179
2.178039
2.167148
2.245914
2.340775
2.460374
2.523520
2.515925
2.574848
2.620457
2.594622
2.662594
2.798229
2.874055
2.908264
2.786853
2.797231
2.737323
2.873625
2.985188
3.159437
3.266027
3.255203
3.326779
3.270050
3.183411
3.191950
3.238581
3.305445
3.383422
3.539476
3.804028
4.100747
4.355129
4.678110
5.094836
5.576934
6.134784
6.777612
7.387345
7.874920
8.510816
9.206981
9.757829
10.495977
11.196417
11.970185
12.715607
13.538308
14.267962
15.083625
15.735768
16.533251
17.356124
17.912389
18.314173
18.229973
17.895693
17.464705
17.086885
16.698108
16.269111
15.847395
15.440021
15.160413
15.384184
15.830849
16.117479
16.462683
16.928159
17.364575
17.785515
18.286162
18.810407
19.242390
19.807201
20.413274
21.117288
21.814108
22.679331
23.403114
23.910309
24.079918
23.837340
23.500135
23.048454
22.550096
21.969115
21.268053
20.560929
19.619867
18.771716
18.085661
17.548613
17.032202
16.384552
15.731326
15.217301
14.810689
14.338560
13.699553
13.301520
13.574296
14.018597
14.636917
15.233952
15.879779
16.589908
17.254968
17.984255
18.728760
19.490100
20.268474
21.092525
21.983309
22.949739
23.611878
23.862756
23.590903
23.116654
22.565599
21.987418
21.279069
20.591346
19.947276
19.193133
18.358747
17.473336
16.393067
15.447203
14.445220
13.678739
13.394822
13.539519
14.067109
14.884971
15.541165
16.332098
17.109653
17.926489
18.729411
19.589339
20.449199
21.448929
22.326452
23.368165
24.331881
25.324658
26.243980
27.105429
28.068818
29.048189
29.859830
30.673469
31.236687
31.858571
32.460824
32.867107
33.361933
33.943390
34.551313
35.157678
35.680624
36.303778
37.079814
37.652023
38.713060
39.724438
40.805003
41.501837
42.326565
43.213076
43.786809
44.628757
45.431179
46.112669
46.722283
47.542040
48.312839
48.975494
49.717413
50.358293
50.924346
51.815154
52.802204
53.320179
54.334243
55.175334
56.101689
57.214772
57.979037
58.787140
59.445873
60.012896
60.512609
61.000002
61.470488
61.848901
62.287216
62.647006
62.895854
62.984412
62.798531
62.825656
62.863987
62.827099
62.549335
62.319448
62.123331
61.979159
61.768815
61.446950
61.035290
60.645854
60.284623
59.785588
59.320539
58.925935
58.659039
58.096964
57.628824
57.137236
56.653077
56.214712
55.696601
55.352938
54.817433
54.316427
53.966587
53.284174
52.833840
52.159173
51.663257
51.074116
50.511472
49.811211
49.280765
48.609883
47.877502
47.331087
46.686043
46.159298
45.419879
44.774792
44.137571
43.681569
43.272616
42.801015
42.608072
42.263846
41.501992
40.736133
40.057409
39.971269
40.136164
40.429270
40.669981
40.884982
41.149534
41.226584
41.397518
41.777521
42.054829
42.244516
42.526362
42.614927
43.003234
43.653215
44.214105
44.635697
45.396243
45.617553
45.856092
46.237181
46.674978
47.280143
48.034624
48.830264
49.572942
50.408615
51.227070
52.036260
52.780619
53.467058
54.174010
54.793737
55.301221
55.883077
56.479817
57.250397
57.774248
58.407480
59.006956
59.496653
60.051344
60.673123
61.413488
62.127454
62.840386
63.517875
64.406741
65.177014
65.991124
66.597792
67.324554
68.062912
68.683524
68.691582
68.473327
68.121401
67.845044
67.620881
67.316143
66.909049
66.553595
66.152054
65.656842
65.127098
64.604456
63.903881
63.259228
62.577929
61.717654
60.823990
59.898723
59.062871
58.204515
57.340001
56.691989
55.881059
55.152333
54.531808
53.723920
53.195022
53.169128
53.417272
53.613523
53.926464
54.210118
54.295023
54.127853
53.580603
53.060134
52.600218
51.981587
51.484139
50.908744
50.223323
49.284801
48.381340
47.356589
46.316298
45.159696
44.103091
42.946144
41.815985
40.773820
39.622654
38.645081
37.643475
36.695466
35.928987
35.291611
34.650573
33.967261
33.344199
32.806348
32.095592
31.764650
31.734097
32.034349
32.678339
33.285046
34.008981
34.802542
35.562120
