0.181906
0.286778
0.331982
0.300765
0.256087
0.144943
0.016834
0.206013
0.441576
0.726331
1.036266
1.371560
1.723071
2.082233
2.474222
2.872157
3.270100
3.567505
3.720375
3.670478
3.422835
3.036470
2.642383
2.232610
1.832784
1.430278
1.059417
0.769193
0.711304
0.914944
1.273349
1.690610
2.123866
2.582123
3.045153
3.505722
3.977841
4.355555
4.583423
4.579850
4.336710
3.904936
3.485612
3.077128
2.686862
2.331008
2.038309
1.815734
1.709946
1.746577
1.902147
2.141190
2.444918
2.792079
3.195399
3.643666
4.044179
4.365794
4.440898
4.272027
3.878716
3.508016
3.226180
2.976497
2.792525
2.699989
2.705988
2.808050
2.987931
3.231159
3.516521
3.862364
4.233611
4.652898
5.038576
5.370790
5.668994
6.009045
6.365814
6.745909
7.153210
7.555451
7.971363
8.402514
8.842628
9.120076
9.291063
9.496851
9.693630
9.929927
10.160854
10.403652
10.703966
11.028509
11.374963
11.718764
12.064907
12.464009
12.834361
13.176706
13.532926
13.657886
13.642351
13.645477
13.659288
13.700060
13.781263
13.887698
14.011740
14.228017
14.620548
14.937441
14.979476
14.860838
14.773683
14.696032
14.630129
14.573890
14.525500
14.495849
14.465223
14.473063
14.490250
14.532068
14.593206
14.666616
14.585982
14.238479
13.812405
13.562110
13.483632
13.418782
13.372516
13.351172
13.334005
13.337898
13.344894
13.380970
13.437738
13.497803
13.585284
13.683425
13.800850
13.961428
13.956450
13.627529
13.246530
12.991452
12.844427
12.710342
12.591428
12.530926
12.484603
12.450288
12.427017
12.423439
12.425428
12.462865
12.528222
12.603424
12.702405
12.688232
12.392268
12.012184
11.768805
11.656672
11.554615
11.454033
11.365156
11.310318
11.268425
11.262242
11.270747
11.290996
11.306221
11.396158
11.493526
11.704861
12.086278
12.372965
12.604175
12.852338
13.109574
13.385718
13.674958
13.988826
14.294423
14.611024
14.938810
15.280954
15.637258
15.980033
16.321309
16.689283
17.086090
17.478730
17.922956
18.332523
18.742081
19.126228
19.650462
20.147563
20.630914
21.123405
21.613630
22.084808
22.565547
23.055877
23.546754
23.999515
24.438803
24.896718
25.363346
25.825361
26.300674
26.791888
27.287567
27.777663
28.263700
28.752091
29.263877
29.769713
30.293948
30.815054
31.347397
31.879324
32.383479
32.898652
33.411059
33.950993
34.482905
35.025750
35.566892
36.068137
36.608864
37.130620
37.657875
38.196477
38.699372
39.229406
39.742694
40.284276
40.799344
41.183502
41.415631
41.330413
40.986981
40.494389
40.010793
39.518668
39.063680
38.585478
38.096286
37.606725
37.089185
36.583061
36.068424
35.537574
35.027434
34.533226
34.005683
33.531383
33.048583
32.570730
32.036966
31.534918
31.046142
30.560568
30.053205
29.567916
29.091406
28.575851
28.076016
27.598499
27.043805
26.527654
26.042005
25.574362
25.100005
24.610118
24.095377
23.600775
23.127447
22.639949
22.144777
21.664438
21.178027
20.677342
20.190455
19.708305
19.251259
18.756625
18.290193
17.813707
17.325928
16.910235
16.629313
16.610163
16.902536
17.391335
17.872762
18.364130
18.852978
19.357671
19.844303
20.338252
20.818343
21.292669
21.760831
22.231731
22.720065
23.175349
23.662293
24.143775
24.621907
25.095582
25.408613
25.656633
25.911730
26.144665
26.391709
26.647294
26.969613
27.429514
27.898138
28.370036
28.841773
29.293466
29.769047
30.248421
30.709617
31.095999
31.520781
31.904933
32.296785
32.677527
33.083569
33.493135
33.911895
34.317371
34.736093
35.135078
35.566173
36.023734
36.416233
36.929534
37.431345
37.951864
38.501160
39.014617
39.520083
39.842774
39.926443
39.742689
39.384802
38.925021
38.458031
37.997039
37.536936
37.038062
36.581069
36.145698
35.691302
35.336417
34.973179
34.576784
34.167597
33.766956
33.379025
32.976994
32.593576
32.204065
31.831265
31.439385
30.931693
30.463650
29.984644
29.503596
29.184698
29.083350
29.199154
29.327936
29.443674
29.561582
29.529526
29.229811
28.751141
28.257258
27.777126
27.253593
26.765212
26.251437
25.758924
25.245867
24.768462
24.321463
23.859924
23.369022
22.920719
22.477080
22.005655
21.562703
21.110906
20.674283
20.219093
19.751717
19.296245
18.816045
18.349203
17.890543
17.415642
17.036208
16.757920
16.731001
17.017341
17.389084
17.847322
18.296266
18.728267
19.178082
19.649915
