2.130404 2.025821
1.939519 1.739918
1.903758 1.632118
1.855080 1.536544
1.860848 1.448828
1.906615 1.416206
1.985388 1.407026
2.103315 1.403013
2.190733 1.488111
2.307282 1.584922
2.513454 1.729175
2.686211 1.953037
2.871788 2.108858
3.116484 2.278992
3.318279 2.525580
3.576454 2.730811
3.732668 2.833050
3.810534 2.824372
3.771404 2.809614
3.602405 2.583679
3.349692 2.322132
2.992705 2.036340
2.812214 1.887843
2.673244 1.805863
2.553329 1.817170
2.597981 1.932147
2.710433 2.116166
2.846638 2.345375
2.996147 2.605057
3.212810 2.781280
3.384966 2.816636
3.251730 2.559902
3.181849 2.236475
3.100666 2.038785
3.041191 1.927546
3.075779 2.058355
3.349238 2.188061
3.568507 2.328678
3.687199 2.458188
3.625156 2.440091
3.409572 2.347274
3.055925 2.005967
2.716697 1.890511
2.462936 1.724473
2.326938 1.639528
2.203490 1.624486
2.187075 1.716070
2.228718 1.777776
2.334035 1.906652
2.569996 2.105741
2.824292 2.355528
3.154337 2.668026
3.529461 2.943562
3.896749 3.288397
4.186454 3.579160
4.407350 3.751780
4.595586 3.822228
4.641924 3.764407
4.510068 3.606909
4.250371 3.383412
4.051528 3.228430
3.908607 3.018861
3.740268 2.959789
3.547965 2.889095
3.385418 2.949371
3.304256 3.017266
3.306386 3.243485
3.420791 3.525041
3.539611 3.714679
3.653930 3.953700
3.818817 4.051070
3.658276 4.120543
3.592300 4.185574
3.419381 4.244974
3.414428 4.196298
3.297198 4.129626
3.193727 4.058187
3.225929 4.059771
3.429050 4.149164
3.666750 4.283533
3.947573 4.464514
4.211238 4.633763
4.380197 4.793877
4.546118 4.811670
4.718667 4.844148
4.683236 4.782880
4.673537 4.733622
4.690238 4.722888
4.739129 4.810039
4.889549 4.672721
5.082018 4.727226
5.144379 4.740158
5.174204 4.889562
5.402010 5.050221
5.625809 5.246741
5.826968 5.457869
6.121503 5.806095
6.430408 6.109058
6.695909 6.452844
7.028338 6.859724
7.199556 6.979468
7.092358 6.969900
6.990669 6.773997
6.742158 6.674805
6.600545 6.614179
6.566372 6.421954
6.624900 6.487699
6.688092 6.537372
6.798996 6.645190
6.870668 6.650598
6.928767 6.668297
6.905290 6.686013
6.660167 6.558213
6.608280 6.354312
6.534827 6.260864
6.341030 5.992220
6.220640 5.888372
6.237661 5.933269
6.360763 5.989963
6.575185 6.294214
6.781641 6.514282
6.812179 6.505192
6.848235 6.601682
6.866602 6.578221
6.836091 6.456065
6.811103 6.479828
6.768035 6.315236
6.662920 6.059860
6.453722 5.696896
6.162243 5.364065
5.926750 5.136223
5.452326 4.849589
4.959643 4.512649
4.760372 4.135687
4.721433 4.111191
4.679314 3.977248
4.716672 4.037741
4.820888 4.233195
5.042260 4.512994
5.363494 4.881522
5.635512 5.218851
5.834764 5.545380
5.972811 5.825862
6.111933 6.131763
6.255285 6.285469
6.259202 6.243163
6.198410 6.139132
6.066318 5.991186
5.719777 5.747752
5.386249 5.557850
5.195436 5.342166
5.061154 5.183872
5.149364 5.167233
5.214746 5.230718
5.332228 5.356538
5.514841 5.520284
5.753422 5.806554
6.018138 6.116655
6.262181 6.379316
6.474758 6.532541
6.599811 6.569566
6.509156 6.445100
6.438683 6.225414
6.200757 5.788847
5.857099 5.427359
5.510668 5.019204
5.067492 4.530022
4.669013 4.192590
4.515210 4.124428
4.340354 3.926103
4.332969 3.985900
4.281810 3.955075
4.325191 3.934500
4.517438 4.164792
4.789614 4.512731
5.035839 4.842920
5.308989 5.204314
5.517237 5.466966
5.550912 5.562212
5.389837 5.486238
5.255733 5.288575
5.008974 5.041859
4.785469 4.851037
4.745709 4.788583
4.671239 4.751223
4.515874 4.762175
4.661518 4.929538
4.814040 5.106643
5.109803 5.348402
5.469291 5.615929
5.834076 5.889233
6.063604 5.992128
6.220997 6.209105
6.236632 6.328530
6.429344 6.094618
6.193770 6.095129
5.879499 5.800867
5.791992 5.592447
5.729685 5.348242
5.635271 5.271856
5.448474 5.053170
5.301178 5.070152
5.116828 5.104951
5.128607 5.137379
5.197476 5.278974
5.201650 5.423972
5.451860 5.623315
5.698832 5.854726
6.039918 6.089996
6.377230 6.383044
6.665333 6.669358
6.959676 6.958856
7.235441 7.294472
7.582810 7.588472
7.947405 7.865901
8.339002 8.194104
8.752492 8.455544
9.071051 8.764616
9.364389 9.017139
9.607697 9.297481
9.791074 9.573766
9.901982 9.614608
9.915334 9.686131
9.901724 9.843112
10.026008 9.829461
10.094445 9.890383
10.078503 9.909240
10.041561 9.961691
10.151623 9.810055
10.059852 9.578862
9.984670 9.598770
9.678942 9.176668
9.206777 8.959677
8.823074 8.720877
8.394496 8.415229
8.110456 8.139187
7.996940 8.200510
7.772542 8.115675
7.901183 8.060775
7.920269 8.032026
7.821258 8.124444
7.819615 8.167023
7.736350 8.079594
7.778588 7.847472
7.440775 7.424152
7.247513 7.316307
6.973416 7.124833
6.577947 6.951091
6.510898 6.582985
6.445996 6.448375
6.317412 6.394626
5.818545 6.114808
4.800538 5.776761
4.577023 5.726601
4.359260 5.655638
4.228400 5.344161
4.154731 5.365951
4.087621 5.296589
4.008060 5.212855
3.973217 5.291819
4.004581 5.064728
4.027864 4.975330
4.109303 4.942947
4.197900 4.917008
4.320812 4.738386
4.374767 4.677663
4.442360 4.679479
4.624662 4.748762
4.811551 4.907959
5.027558 5.023536
5.215100 5.205476
5.244553 5.271894
5.386943 5.398531
5.615023 5.460641
5.872849 5.554554
6.181091 5.831156
6.461172 6.094894
6.747661 6.361210
7.105318 6.655391
7.507592 6.966119
7.902871 7.336336
8.202377 7.562043
8.442102 7.739356
8.767701 7.988160
9.005526 8.081790
9.285371 8.316755
9.523298 8.484498
9.810956 8.730493
10.056474 8.885045
10.283925 9.067671
10.533172 9.241323
10.430318 9.256337
9.925780 9.009471
9.682459 8.608409
9.255966 8.209315
8.380370 7.687276
7.544558 7.008312
6.097661 6.091919
5.167825 5.485922
4.634349 5.165754
3.593687 4.667653
2.318596 3.336619
1.906755 2.498869
1.970371 2.292009
2.064647 2.287551
2.188328 2.262253
2.414551 2.470276
2.696211 2.747002
3.041021 2.992041
3.419537 3.323734
3.805022 3.549744
4.173153 3.686637
4.509295 3.993686
4.846856 4.258579
5.199323 4.610009
5.566472 4.946385
5.834226 5.234756
6.082385 5.598827
6.276587 5.940838
6.589736 6.265263
6.859964 6.578745
6.944337 6.811499
6.947074 6.867575
6.862712 6.862682
6.969481 6.751851
6.762352 6.683643
6.571542 6.530302
6.450125 6.202264
6.073430 5.917641
5.655036 5.683522
5.388665 5.634604
4.021620 5.007055
3.419619 4.464208
2.815108 4.053679
2.680154 3.991152
2.434123 3.946023
2.328520 4.064140
2.393590 4.152854
2.532343 4.194211
2.612978 4.368581
2.835441 4.523428
3.030497 4.505868
3.170726 4.575166
3.325591 4.544010
3.295443 4.587971
3.316286 4.539580
3.350372 4.593965
3.418345 4.595627
3.349330 4.617712
3.300625 4.689690
3.309178 4.732141
3.190782 4.624561
2.937043 4.374502
2.629477 3.981670
2.431801 3.586304
2.159973 3.163693
2.032168 2.869761
1.997463 2.681940
2.074396 2.636303
2.136015 2.665404
2.223135 2.685053
2.298943 2.741437
2.335546 2.834567
2.212700 2.807725
2.201293 2.902353
2.217923 2.891852
2.332062 2.890841
2.489573 3.002001
2.649658 3.036896
2.777373 3.281359
2.966877 3.428276
3.086811 3.536748
3.182243 3.659265
3.255397 3.632969
3.354336 3.717126
3.434528 3.750823
3.546834 3.835485
3.689143 3.964272
3.686363 4.001406
3.545649 3.929991
3.442371 3.845125
3.405972 3.829182
3.299596 3.762636
3.280816 3.693643
3.332796 3.730548
3.409836 3.768020
3.484888 3.808146
3.584732 3.967682
3.758563 4.171284
4.015678 4.432386
4.302417 4.766627
4.545894 5.028871
4.804169 5.302853
5.079590 5.614065
5.310499 5.885112
5.602799 6.186877
5.895850 6.519894
6.157429 6.867602
6.518506 7.216052
6.757384 7.512930
7.020098 7.750666
7.233691 7.916745
7.449870 8.113270
7.634940 8.377018
7.786955 8.599463
8.035694 8.736210
7.928667 8.718623
7.889619 8.724095
7.822672 8.697059
7.783527 8.585952
7.621569 8.612799
7.207894 8.468703
6.531771 8.206221
5.794589 7.445564
5.230139 6.987040
4.693553 6.285349
4.319752 5.743719
4.063118 5.309123
3.943222 5.087395
3.904896 4.868964
4.040239 4.784509
