60
90
120
160
190
200
230
270
310
410
560
550
550
550
560
550
550
540
550
550
570
550
550
540
560
550
550
550
560
550
550
550
560
560
550
550
550
550
550
540
560
540
560
540
550
570
550
560
550
550
550
540
540
560
540
560
550
550
550
550
550
550
550
550
550
560
560
540
560
550
550
560
550
540
550
550
560
540
560
550
550
550
540
560
550
550
550
550
550
540
560
550
560
550
540
540
540
550
550
550
550
550
550
550
550
550
550
560
550
550
550
550
550
550
560
540
550
550
540
550
550
550
550
550
550
550
560
550
550
550
550
550
550
550
550
540
550
560
550
550
550
550
540
550
550
550
550
540
550
550
560
540
560
550
540
560
550
540
550
550
560
540
540
550
550
550
550
550
560
550
550
550
550
550
550
550
550
540
560
560
550
550
550
560
560
550
550
540
550
550
550
550
550
550
550
550
560
550
550
550
550
560
540
560
550
550
550
550
550
550
560
550
550
560
540
560
550
550
540
560
550
550
550
550
560
550
550
560
540
540
560
550
550
550
550
550
550
550
550
550
550
550
550
560
540
550
550
550
550
550
550
550
550
550
550
540
540
560
540
550
550
560
540
560
550
550
550
540
550
550
550
550
560
540
540
550
550
550
540
550
560
540
550
550
550
540
540
560
560
540
560
540
550
550
550
550
550
560
550
550
550
550
540
550
550
550
550
540
560
550
550
550
550
550
550
560
540
550
550
550
560
550
540
550
550
550
560
540
560
550
550
550
550
550
560
550
550
550
550
540
560
550
550
560
550
550
550
550
550
560
550
540
540
550
550
550
550
550
550
550
550
550
560
540
550
560
550
550
560
550
550
550
550
550
550
550
550
560
550
550
560
550
550
540
550
560
550
550
550
550
540
550
550
550
550
550
550
550
540
550
540
560
550
550
550
550
540
550
550
550
560
550
550
550
550
550
550
550
560
540
560
