540
540
530
550
540
540
540
540
540
540
530
540
530
530
540
530
540
540
810
800
800
1100
1100
1100
1090
1090
1100
1090
1080
1340
1350
1350
1350
1340
1350
1360
1350
1340
1360
1340
1340
1360
1350
1350
1360
1350
1620
1630
1620
1900
1900
1910
1920
2180
2180
2180
2180
2180
2180
2180
2180
2180
2180
2180
2190
2460
2730
2740
2740
2740
2750
2750
2760
2760
3020
3030
3040
3030
3030
3020
3040
3020
3000
3330
3340
3320
3300
3300
3320
3320
3330
3320
3580
3610
3610
3620
3610
3600
3600
3620
3610
3600
3620
3950
3970
3940
3940
3980
3960
3940
3970
3950
3940
3980
3960
3950
3970
4270
4280
4280
4280
4270
4290
4270
4260
4270
4260
4610
4580
4620
4960
4950
4950
4940
4950
4960
4950
4930
4940
4990
4950
4940
4940
4960
4950
5230
4920
4970
5580
5590
5580
5590
5570
5580
5580
5610
5570
5580
5570
5570
5600
5580
5580
5570
5590
5570
5590
5560
5870
5920
5890
5880
5890
5840
5870
5910
5860
5840
5890
5850
6240
6560
6560
6550
6560
6880
7280
7220
7290
7300
7270
7310
7300
7230
7290
7330
7230
7300
7310
7220
7310
7280
7240
7300
7300
7250
7300
7290
7270
7290
7300
7560
7610
7580
7570
7580
7580
7570
7580
7590
7590
7600
7610
7570
7560
7570
7580
7590
7930
7940
7920
7920
8320
8280
8260
8310
8280
8260
8310
8290
8290
8310
8310
8260
8300
8650
9050
9050
9440
9430
9440
9420
9410
9450
9420
9440
9450
9420
9430
9440
9430
9430
9430
9450
9470
9410
9430
9410
9430
9810
9400
9800
10190
10150
10150
10180
10160
10160
10210
10150
10210
10160
10160
10140
10160
10130
10140
10140
10140
10140
10190
10160
10190
10180
10180
10590
10570
10570
10580
10560
10560
10540
10530
10540
10540
10560
10550
10530
10530
10520
10900
10950
10900
10920
10930
10920
10870
10920
10930
10890
10940
10910
10890
10920
10930
10910
10950
10880
10900
10910
10900
10870
10930
10910
10910
10960
10930
10880
10960
10910
10910
10960
10930
11330
11350
11310
11370
11360
11370
11340
11380
11390
11400
11780
11770
11750
11750
11730
11740
11740
11710
11730
11750
11740
11680
11730
11700
11700
11700
11710
11690
11710
11720
11670
12170
12130
12110
12530
12530
12440
12870
12830
12820
12860
12870
12830
12840
12860
12850
12820
12830
12810
12810
12810
12790
13250
13220
13220
13220
13220
13150
13110
13190
13170
13220
13170
13120
13200
13160
13100
13190
13170
13530
13580
13590
13960
13990
13910
14210
14090
14330
