22250
22200
22210
22210
22810
20670
19060
15700
14770
15420
14940
14890
14850
14890
14950
14890
14830
14860
14860
15390
14830
14870
14880
14900
14990
14940
14950
14890
14900
15350
14790
14870
14890
14890
14830
14830
14940
14830
14910
15330
14960
14880
14840
14870
14900
14830
14920
14910
14910
15380
14890
14880
14930
14850
14900
14930
14850
14870
14850
15350
14890
14840
14960
14940
14880
14950
14840
14890
14850
15400
14840
14790
14920
14890
14890
14920
14830
14870
14950
15300
14890
14920
14900
14890
14940
14930
14820
14890
15190
15300
14870
14880
14860
14820
14910
14890
14990
14800
14930
15300
14830
14870
14870
14890
14890
14950
14840
14880
14790
15300
14850
14910
14800
14880
14930
14940
14890
14830
14860
15400
14880
14860
14910
14930
14880
14930
14870
14790
14870
15370
14870
14910
14880
14910
14830
14950
14860
14870
14870
15340
14860
14940
14840
14880
14950
14910
14890
14910
14860
15420
14790
14880
14970
14820
14910
14780
14830
14900
14890
15410
14900
14900
14900
14880
14850
14910
14850
14880
14890
15360
14910
14930
14880
14940
14830
14920
14910
14860
14920
15330
14870
14900
14920
14850
14870
14830
14930
14900
14860
15390
14930
14920
14830
14830
14820
14900
14960
14890
14880
15390
14870
14940
14920
14930
14830
14880
14860
14900
14850
15370
14880
14870
14860
14830
14790
14910
14860
14900
14850
15290
14870
14870
14900
14840
14850
14890
14930
14850
14910
15370
14930
14890
14870
14870
14900
14940
14930
14860
14900
15400
14870
14840
14840
14840
14880
14840
14830
14850
14930
15330
14830
14830
14850
14870
14960
14920
14920
14900
14860
15370
14900
15050
14850
14900
14980
14940
14930
14800
14960
15360
14900
14850
14890
14980
14920
14960
14880
14890
14920
18960
23300
23200
23350
23340
23200
23270
23200
23200
23230
24090
23370
23310
23330
23250
23340
23190
23140
23910
26550
24880
26450
26890
26480
26770
26980
27000
26910
26810
26930
27220
26930
26830
26510
26650
26760
26980
26250
26940
26920
27830
26670
24360
24140
24050
22870
25690
22520
24370
26650
27090
26770
24920
26550
27000
24550
27040
26930
26600
26360
27470
26210
26720
26770
25950
25060
25940
26230
26850
26370
27580
26010
26230
26740
26720
26740
26750
26040
23490
25630
27600
26780
26740
25030
24560
24680
23080
24710
23870
24640
25370
23860
24620
23480
24430
24710
24240
24740
24580
23850
24630
24520
24570
23640
24420
24760
24520
24550
23450
24010
25560
24900
25010
25050
23630
23210
24210
24020
23980
23830
24010
23730
23380
24530
23790
24420
23680
24710
24130
24840
25540
24360
23670
23430
24240
23140
23360
24090
23830
23620
24970
24010
