1.993109 1.938427
1.920751 1.731858
1.882413 1.512146
1.896192 1.396339
1.989773 1.382328
2.129119 1.278496
2.247298 1.290966
2.374731 1.394348
2.494091 1.470641
2.632289 1.631821
2.779538 1.786880
2.959457 1.885613
3.195768 2.102857
3.522964 2.343282
3.908057 2.614361
4.148504 2.867830
4.460248 3.182912
4.625725 3.440059
4.676937 3.568496
4.684969 3.467887
4.577845 3.287542
4.333800 3.048086
4.217254 2.804306
3.982018 2.485968
3.624647 2.301039
3.374544 2.179999
2.979497 1.901375
2.566998 1.664769
2.377620 1.499270
2.234820 1.366830
2.111902 1.379663
2.036950 1.344434
2.151087 1.475533
2.269283 1.546164
2.479259 1.646890
2.732237 1.810521
3.005764 2.050951
3.273581 2.269734
3.350562 2.412160
3.265125 2.445547
2.973975 2.312439
2.731303 2.007538
2.384966 1.841163
2.192135 1.713450
1.990314 1.694360
1.888987 1.708803
1.919730 1.735538
2.013701 1.873601
2.246681 2.053075
2.517104 2.363991
2.896899 2.715437
3.262874 3.129166
3.656692 3.594876
4.011893 3.990353
4.259314 4.335198
4.471856 4.698262
4.607309 4.844405
4.689932 4.954634
4.613740 4.904975
4.402928 4.701475
4.261761 4.356623
4.025784 4.050351
3.831015 3.523124
3.657289 3.173419
3.426291 2.711285
3.213722 2.374361
2.998739 2.207774
2.821995 1.881717
2.687551 1.637661
2.518896 1.531055
2.473256 1.481203
2.431887 1.536855
2.442656 1.650717
2.552453 1.791067
2.692886 1.952004
2.825988 2.095727
3.017735 2.395976
3.247439 2.773650
3.498764 3.168728
3.750777 3.592306
3.999352 3.987755
4.226565 4.376800
4.455212 4.684938
4.590328 4.917197
4.740365 5.061969
4.739527 5.120266
4.891529 5.187746
5.088040 5.394279
5.428639 5.539014
5.775299 5.948065
6.121122 6.353921
6.190293 6.523986
6.187264 6.277902
6.041777 6.235041
5.972049 6.025676
5.897857 5.705638
5.897833 5.610044
5.972698 4.984386
5.880314 4.546715
6.007772 3.840678
6.190218 4.098395
5.529097 3.428487
4.912860 3.037605
4.632705 2.782032
4.288954 2.627390
3.921452 2.211100
3.795710 2.393025
3.734332 2.601670
3.779891 2.916734
3.733829 3.164556
3.828730 3.292089
3.687202 3.213377
3.463798 3.008642
3.379910 2.717632
3.310571 2.474570
3.311731 2.403941
3.310893 2.334385
3.286374 2.282542
3.395746 2.240951
3.382461 2.305546
3.601106 2.571252
3.688479 2.762159
3.682427 2.830820
3.679400 2.976853
3.842386 3.064855
3.968801 3.226302
4.014285 3.358295
3.975455 3.339083
3.752242 3.178745
3.522633 2.950643
3.378354 2.826491
3.207898 2.644789
3.108059 2.527751
3.111318 2.424377
3.000947 2.410657
3.003868 2.460864
3.012564 2.433740
3.103965 2.563802
3.252783 2.651238
3.343996 2.734605
3.674092 3.104043
3.904923 3.302435
4.111108 3.537512
4.288962 3.924142
4.383290 4.160267
4.316951 4.332042
4.039885 4.242689
3.801112 4.018236
3.500161 3.699720
3.285304 3.420069
3.329261 3.232096
3.244660 2.888914
3.194404 2.620632
3.211873 2.416090
3.298795 2.274892
3.499543 2.306413
3.664300 2.281606
3.702569 2.231668
3.877303 2.316714
3.984820 2.445490
4.338715 2.773392
4.521728 2.920158
4.555088 2.868067
4.416704 2.751816
4.183672 2.525571
3.953358 2.253891
3.752975 2.093353
3.555011 2.083820
3.397882 2.052745
3.406673 2.127015
3.573399 2.357117
3.441040 2.484723
3.336780 2.663737
3.288453 2.773988
3.363269 2.922671
3.479399 3.067756
3.517840 3.152740
3.387594 2.973572
3.289221 2.707842
3.044538 2.318868
2.868515 2.157152
2.778197 1.792655
2.710002 1.689916
2.776771 1.666942
2.907313 1.702525
3.057494 1.781983
3.163436 1.758148
3.276835 1.854867
3.402820 1.940866
3.578079 2.060632
3.948562 2.331826
4.067122 2.366409
4.104483 2.570679
4.254256 2.774296
4.416199 2.963671
4.421648 3.182158
4.377238 3.333194
4.292588 3.590925
4.410180 3.700844
4.476411 3.811251
4.670579 4.091673
4.725829 4.240240
4.762668 4.285361
4.766033 4.328311
4.620327 4.442287
4.524231 4.593089
4.301233 4.544868
4.281520 4.590853
4.271976 4.642115
4.319029 4.728379
4.169426 4.645546
4.046107 4.363747
3.861744 3.977208
3.703857 3.854070
3.727743 3.815807
3.728285 3.729660
3.591182 3.511712
3.571593 3.435248
3.545691 3.456917
3.472839 3.423237
3.417141 3.481848
3.314273 3.358724
3.169687 3.040579
3.108922 2.975413
3.152655 2.943917
3.242006 2.905789
3.357033 2.891224
3.585244 2.968509
3.541922 3.030599
3.680327 3.178372
3.782497 3.243747
3.777153 3.337792
3.877317 3.399787
4.038791 3.437254
4.149069 3.449580
4.354125 3.575877
4.537805 3.709317
4.784000 3.771857
4.993552 3.898974
5.256351 3.971778
5.418376 3.997710
5.606843 3.981055
5.888330 4.027635
6.150874 3.967993
6.288917 3.859116
6.258181 3.575611
6.115800 3.244218
5.940809 2.933791
5.680592 2.735803
5.478925 2.736374
5.315628 2.725050
4.993264 2.657046
4.644500 2.619000
4.289845 2.553597
4.086605 2.546654
3.841307 2.484280
3.689682 2.512462
3.515525 2.567149
3.377554 2.720885
3.370964 2.792168
3.206253 2.849141
3.005901 2.902697
3.013304 2.989177
3.029766 2.912379
3.042905 3.000929
3.050924 3.138980
3.202832 3.230507
3.311642 3.232205
3.368553 3.264101
3.577155 3.288745
3.660851 3.249106
3.849998 3.137172
3.964287 3.051579
4.206159 3.174338
4.393137 3.215847
4.535107 3.336735
4.621689 3.424564
4.722048 3.471886
4.755253 3.497408
4.827257 3.454823
4.816018 3.525118
4.875725 3.523104
4.924374 3.508096
5.010940 3.520272
5.026279 3.520609
5.095493 3.640736
5.273437 3.729782
5.459403 3.815862
5.696275 3.943480
6.010341 4.028331
6.356460 4.132943
6.706030 4.145711
7.100494 4.137811
7.466219 4.153268
7.745577 4.159266
7.854262 4.043817
7.661375 3.902318
7.425470 3.608954
6.925504 3.240534
6.660405 2.897540
6.450664 2.667949
6.164473 2.505569
5.935411 2.467371
5.722557 2.497074
5.503123 2.509082
5.332677 2.556522
4.999085 2.524406
4.646280 2.618817
4.355404 2.713860
4.094203 2.801594
3.741574 2.822184
3.500227 2.899879
3.335905 2.865818
3.146506 2.893623
3.142394 2.928441
3.035478 3.004724
2.949933 2.966054
3.053117 2.994344
3.184481 2.978122
3.355799 3.008303
3.524108 3.008336
3.608874 3.032043
3.766174 3.036900
3.939470 3.092380
4.124828 3.155327
4.298820 3.259009
4.405647 3.360722
4.456786 3.376358
4.576327 3.449603
4.685708 3.544559
4.806731 3.586661
4.767962 3.564933
4.753643 3.637610
4.716888 3.653620
4.611524 3.638940
4.629919 3.635905
4.600740 3.601022
4.487310 3.709667
4.411482 3.624827
4.437269 3.612061
4.438175 3.697237
4.596411 3.701135
4.661689 3.771915
4.852210 3.914326
4.944543 3.935663
5.104167 3.907700
5.261161 3.959352
5.442762 3.932632
5.659515 3.985915
5.919694 4.115125
6.281032 4.133808
6.501030 4.058442
6.556254 3.859526
6.450225 3.603787
6.240629 3.263740
5.929021 2.989085
5.630397 2.824675
5.368528 2.692485
5.065282 2.689663
4.803950 2.684801
4.520788 2.687556
4.355575 2.750782
4.110230 2.691481
3.890985 2.801867
3.789558 2.845969
3.689576 2.872643
3.509835 2.990820
3.511719 2.956186
3.508640 2.912509
3.561902 3.009435
3.624266 3.101324
3.645847 3.236838
3.732318 3.366826
3.806736 3.469544
3.896866 3.536130
3.979833 3.570384
4.037497 3.642945
4.093784 3.780372
4.090786 3.726444
3.979174 3.563186
3.771849 3.272126
3.551275 3.058828
3.534568 2.931058
3.529291 2.903112
3.510855 2.931223
3.400051 2.917360
3.490606 2.976224
3.653608 3.104310
3.766116 3.235901
3.842243 3.335853
3.958509 3.389990
4.035746 3.501272
4.192473 3.612458
4.278268 3.806326
4.377138 3.924104
4.432321 4.075712
4.615777 4.240214
4.708194 4.347881
4.886995 4.348574
5.112500 4.330992
5.302358 4.312775
5.484230 4.321832
5.775604 4.351481
5.964642 4.442201
6.197613 4.548266
6.576649 4.587543
7.003859 4.673880
7.568751 4.686559
8.008725 4.791628
8.398744 4.851968
8.980630 4.895547
9.235455 4.862318
9.352849 4.530728
9.208224 4.265799
9.022090 3.978733
8.819474 3.599672
8.604019 3.397317
8.575521 3.239889
8.458164 3.213377
8.449484 3.229147
8.585105 3.231503
