170
27620
29500
34230
34440
34470
34730
34000
36820
37060
24170
32140
32900
32990
34630
35510
36480
33900
34720
37990
24690
31450
33650
33510
35680
35330
36090
37790
38760
39780
25370
33320
34320
34840
35430
36400
37170
38200
37670
38280
24530
32260
33030
33540
34460
34610
35130
35910
36490
37480
23630
30420
32010
32710
33650
32770
34870
35460
31250
32230
20040
26790
27410
32060
40620
29480
37500
34120
33320
32330
22610
29620
30360
31540
29910
30170
30750
31440
32180
32940
20560
27380
28140
28640
29340
30100
30900
31490
32190
32960
20660
27340
28090
28840
29440
29570
30760
31460
32250
32290
20620
27400
28030
28780
29440
30110
30760
31550
32170
32910
20570
27340
27910
28660
29460
30070
30690
31420
32060
32750
20480
27260
27830
28510
29340
30010
30660
31350
32170
32790
20440
27150
27860
28570
29350
30020
30600
31340
32150
32900
20540
27360
28220
28750
29440
30250
31200
31960
32800
33380
20960
27750
28470
29250
29770
30690
31140
31100
32630
33250
21050
27550
27930
28460
29200
29980
30590
32100
33380
33530
22230
27640
33270
29840
30080
31140
31760
33320
32420
34270
21570
32810
31880
31230
30880
30670
32830
32020
33350
36220
20630
28980
29750
29350
31020
32740
31790
35200
32620
35720
24640
27570
31350
31610
31100
33670
33070
33500
32830
37700
21600
27960
28710
29330
30030
30690
19950
18270
18660
19130
14430
20860
21250
21670
22140
22590
23040
23480
23970
24430
14470
20850
21260
21730
22200
22630
23060
23490
23970
24480
14520
20810
21270
21780
22220
22710
23130
23610
24100
24580
14550
20860
21340
21800
22210
22710
23150
23670
24130
24610
14520
20850
21300
21810
22260
22820
23290
23840
24390
24860
14580
21100
21400
21930
22460
23050
23580
24160
24720
25290
14600
21450
25110
36620
40600
41450
41980
43080
44170
45010
27830
37240
38460
38700
40150
41720
41830
44930
44550
44990
28210
37230
38030
38000
39510
40310
41370
41530
43350
44130
27190
37180
38410
38630
39150
39960
40050
41320
42700
43490
28780
36490
37470
38400
38470
39500
38210
39440
40740
44110
27290
36600
37510
37720
38950
39640
40900
40990
43010
43410
26880
36220
36900
37820
38900
39940
41340
41480
42560
42970
27110
36500
37440
38180
37530
37570
39230
39280
40170
42420
25360
35040
34640
36400
38440
37990
39470
38950
41490
40680
24980
37840
35640
36460
37570
38890
38810
39960
41290
42000
24790
35520
36350
37990
38780
39350
39210
39950
40760
41320
24740
36270
36650
35840
37280
37550
40470
39620
41250
43350
26210
34800
35210
37310
39960
38270
42970
39380
44010
40640
27180
35680
35100
35470
37460
38900
38470
40200
40930
41490
25780
