0.149169
0.214596
0.179349
0.104645
0.051193
0.053228
0.118308
0.240044
0.369903
0.519668
0.648706
0.720701
0.855659
0.924761
1.058074
1.187060
1.259496
1.375521
1.328562
1.101956
1.070927
0.943105
0.786707
0.791073
1.015628
1.330192
1.694014
2.144883
2.482655
2.812686
3.009033
3.154516
3.074141
2.922201
2.764784
2.597183
2.398482
2.454113
2.520757
2.659239
2.431989
2.102776
2.110824
2.269530
2.572682
2.800356
2.905721
2.928392
2.717907
2.214972
1.776785
1.223381
0.956100
0.814244
0.827096
0.908366
0.935283
0.969103
1.020278
0.984476
0.811147
0.709191
0.650833
0.715173
0.849978
0.895260
1.205025
1.658581
2.162047
2.601371
2.976756
3.458047
3.643695
3.768216
3.859174
3.998444
4.245442
4.664037
5.077370
5.440448
5.553703
5.983666
6.237162
6.416987
6.573685
6.734845
6.834827
7.039983
7.131621
7.297591
7.057472
7.066452
7.142321
7.471114
7.876641
8.375965
8.842055
9.454548
10.123841
10.746156
11.264321
11.351277
11.244883
11.135750
11.060473
11.100928
11.237903
11.332307
11.345400
11.357700
11.230009
11.505653
11.667100
11.880491
12.061761
12.250538
12.399838
12.514359
12.675888
12.813946
12.878744
12.942642
12.977737
13.013639
13.021415
12.912087
12.844468
12.684543
12.421621
12.235450
12.110809
12.038821
11.926096
11.880591
11.813964
11.679383
11.645168
11.606778
11.650372
11.737843
11.673354
11.531696
11.405804
11.261792
11.091032
10.959174
10.854615
10.780757
10.860890
10.914372
10.939089
10.980366
11.017773
11.187468
11.356787
11.500074
11.490928
11.488696
11.541968
11.633786
11.393615
11.299441
11.228353
11.077891
10.926957
10.810488
10.746726
10.713877
10.677780
10.597810
10.620847
10.552930
10.367778
10.169326
9.857860
9.601143
9.348449
9.111479
9.208157
9.397364
9.496657
9.789365
10.163591
10.570947
11.034220
11.611735
12.216572
12.831354
13.589106
14.233073
14.691759
15.140836
15.665387
16.158469
16.549745
16.912869
17.331774
17.704069
17.924718
18.077858
18.234341
18.416375
18.609223
18.777139
19.143202
19.462106
19.938076
20.457756
21.089578
21.837012
22.683407
23.579271
24.576937
25.388898
26.033799
26.597012
27.227820
27.823705
28.397724
28.912773
29.332834
29.697704
30.209343
30.806274
31.392448
31.911320
32.646134
33.197063
33.802295
34.329114
34.713184
35.046627
35.478483
35.947642
36.318119
36.728746
37.060357
37.250418
37.604342
37.940048
38.010491
38.224973
38.506701
38.829850
39.096666
39.004833
38.525917
38.144950
37.795870
37.366077
36.931015
36.556493
36.255733
35.921462
35.550292
35.080655
34.564706
33.971732
33.558736
32.967769
32.525430
31.842199
31.383499
30.901141
30.434868
30.039918
29.641751
29.235031
28.799777
28.479695
28.054809
27.681446
27.480186
26.993010
26.471567
25.942923
25.420040
24.884309
24.170364
23.539237
22.778585
22.114249
21.542093
20.933961
20.454637
19.912325
19.289229
18.659606
18.022282
17.522555
16.962308
16.407602
15.813071
15.405906
15.054003
14.805867
14.818074
14.913814
15.175802
15.544741
16.032474
16.460387
16.917260
17.299614
17.712865
18.145349
18.561672
18.953225
19.266417
19.669181
20.188366
20.639600
21.008422
21.400505
21.784363
22.167034
22.574041
23.018046
23.447832
23.878608
24.476228
25.037676
25.720346
26.433046
27.133821
27.887245
28.501680
29.138983
29.715797
30.284416
30.808843
31.306341
31.674571
32.099541
32.429099
32.643592
32.828648
32.970372
33.127960
33.152572
33.124456
33.030163
32.899209
32.703762
32.838221
32.949685
33.148434
33.284487
33.471864
33.657788
33.816053
34.033345
34.135044
34.186894
34.105029
33.733679
33.360444
32.782723
32.366915
31.990179
31.769179
31.554997
31.438993
31.271534
31.095420
30.965070
30.916120
30.788618
30.883969
30.939604
31.084385
31.200974
31.381628
31.290560
31.104766
30.736437
30.349962
29.826261
29.176824
28.579061
28.142204
27.813708
27.604356
27.375308
27.107304
26.659290
26.100684
25.469103
25.035413
24.560531
24.124214
23.725646
23.369211
23.072660
22.608805
22.190327
21.811323
21.290275
20.804646
20.371777
19.982781
19.551030
18.981920
18.486619
18.078242
17.565454
17.062637
16.611679
16.127175
15.605014
15.006362
14.612967
14.290732
14.151370
14.420090
14.792949
15.148967
15.599194
16.036818
16.496579
16.949314
