0.242461
0.285886
0.194950
0.149829
0.080842
0.117635
0.162608
0.248033
0.334583
0.351721
0.392814
0.457236
0.507603
0.676181
0.885051
0.985502
1.135551
1.208808
1.306612
1.418197
1.409843
1.155637
1.144387
1.157679
1.227236
1.268785
1.301361
1.333690
1.264835
1.103377
1.189564
1.053260
0.927752
0.937901
0.924343
1.017901
1.192118
1.271872
1.399807
1.432899
1.423860
1.129881
0.861368
0.890823
0.951695
1.060477
1.187642
1.184312
1.187865
0.999745
1.070655
1.066535
1.066205
1.087678
1.144898
1.113473
1.251511
1.488700
1.669555
1.820900
1.891702
1.980611
2.246468
2.380724
2.606733
2.645428
2.605465
2.478041
2.218796
1.944007
1.856921
1.701019
1.632166
1.714651
1.787288
1.989591
2.314660
2.738809
3.130528
3.636400
4.011982
4.627323
5.201368
5.788507
6.233558
6.642271
7.121213
7.633853
8.293459
8.900458
9.469784
9.979782
10.640311
11.277958
11.914058
12.559257
13.207230
13.879774
14.689169
15.251128
15.442180
15.262594
14.957615
14.608321
14.189373
13.841749
13.604494
13.251393
12.919745
12.821864
13.125545
13.550462
13.846440
14.164809
14.449849
14.911745
15.406002
15.842962
16.417484
16.958943
17.512817
18.158605
18.783401
19.323000
19.958384
20.511497
20.869881
20.951228
20.715058
20.301206
19.786076
19.335918
18.860727
18.376415
17.790151
17.221998
16.573052
16.019058
15.412871
14.935600
14.499882
13.923238
13.282142
12.808601
12.175357
11.330582
11.021527
11.060080
11.463751
11.981267
12.470645
12.882632
13.361276
13.890172
14.476514
15.156768
15.748829
16.508474
17.271804
18.199104
18.833519
19.435677
19.686326
19.573017
19.400693
18.894226
18.286325
17.656790
17.076757
16.386135
15.715604
15.204565
14.646916
13.939500
13.252878
12.372927
11.707667
11.201871
10.918504
11.194465
11.849863
12.416364
12.878512
13.477121
14.122606
14.727238
15.473325
16.149288
16.745482
17.456866
18.123369
18.851525
19.516499
20.266503
21.149620
21.941733
22.710001
23.642420
24.542555
25.222617
25.678462
26.386815
26.935229
27.675322
28.189608
28.728517
29.326328
29.848445
30.365902
30.909460
31.362557
31.847927
32.299030
32.750895
33.346614
33.862928
34.514964
35.095944
35.767167
36.272847
36.773835
37.533861
38.253514
39.045586
39.884094
40.576199
41.423608
41.920960
42.406844
43.087464
43.546863
44.176619
44.757139
45.348023
45.901976
46.403302
46.849064
47.389013
47.840083
48.255119
48.699607
49.028925
49.582655
49.938501
50.443442
50.539588
50.411492
50.050657
49.685915
49.391103
49.153637
48.913236
48.691635
48.527460
48.385758
48.206041
48.097796
47.886987
47.623064
47.315884
47.170843
46.896553
46.750406
46.502767
46.357847
46.167202
46.050471
45.732401
45.650992
45.428360
45.337170
45.245285
45.105673
44.906114
44.626305
44.450358
44.211842
44.037599
43.921939
43.904425
43.698742
43.681681
43.553106
43.544060
43.446817
43.354933
43.289516
43.247491
43.112604
43.069073
42.931217
42.987273
42.860723
42.826300
42.699491
42.702287
42.322720
42.032237
42.021884
42.552353
42.752443
43.252798
43.836136
44.212580
44.586784
45.054724
45.308364
45.623891
45.981119
46.228033
46.412676
46.713387
46.903222
47.102384
47.308937
47.478251
47.469731
47.184793
47.156768
46.910748
46.695681
46.426261
46.407767
46.619487
46.796006
46.927641
47.070223
47.198432
47.391260
47.515874
47.770030
48.174762
48.818717
49.495467
50.038792
50.836761
51.331560
51.882049
52.432261
52.951143
53.496166
54.097085
54.629720
55.105322
55.752896
56.236932
56.569415
57.100543
57.581814
57.987349
58.517814
58.744102
58.530205
58.174669
57.810619
57.571802
57.418715
57.031760
56.977657
56.709538
56.363711
56.037043
55.834770
55.472131
55.012334
54.624342
54.160918
53.612206
53.167688
52.603488
52.090780
51.651045
51.185547
50.609491
50.268208
49.766237
49.341731
48.978844
48.852823
48.985088
49.532210
49.748544
50.195553
50.566914
50.682705
50.551736
50.243308
49.874842
49.608217
49.328504
49.045797
48.664322
48.402790
48.134419
47.868091
47.650418
47.340605
47.062734
46.865766
46.662571
46.481758
46.273444
46.033310
45.736751
45.587718
45.330612
45.190192
45.068463
45.042966
44.860313
44.640079
44.297192
43.895950
43.237275
43.026736
43.106352
43.458159
43.860919
44.236141
44.526753
44.881272
