2.130404 2.025821
2.126037 1.915505
2.138611 1.798822
2.127030 1.736120
2.276282 1.755232
2.549906 1.844273
2.860284 1.945653
3.168354 1.987025
3.322360 2.012692
3.536953 1.967072
3.758734 1.847654
3.747418 1.715115
3.732671 1.661078
3.655857 1.646095
3.701221 1.704928
3.708026 1.848070
3.880805 2.011335
3.882611 2.141016
3.845249 2.191685
3.800413 2.123429
3.554421 1.886340
3.260457 1.574763
2.965409 1.438499
2.724757 1.471428
2.569103 1.503814
2.586788 1.608506
2.710069 1.702944
2.883058 1.815483
3.056906 2.044120
3.419888 2.391519
3.828442 2.789547
4.257008 3.260677
4.577454 3.762534
4.934111 4.299434
5.227218 4.819247
5.499189 5.317445
5.709892 5.784446
5.825517 6.123210
5.858423 6.225092
5.757215 6.157226
5.562302 5.925294
5.179654 5.669572
4.832382 5.326480
4.504763 4.799264
4.296468 4.472533
4.225954 4.189283
4.259563 4.083282
4.477840 4.120104
4.765655 4.247594
5.033618 4.404503
5.184998 4.542439
5.130415 4.435769
5.039904 4.278530
4.598955 4.095523
4.270095 3.853325
4.144443 3.314276
3.772678 2.996627
3.505083 2.340159
3.200203 2.245614
2.844879 2.080004
2.622467 1.659690
2.445925 1.573492
2.362104 1.639835
2.480099 1.834313
2.681218 2.081896
3.009775 2.474129
3.417516 2.958155
3.846421 3.565890
4.217192 4.065760
4.482915 4.626015
4.658262 4.961280
4.643007 4.957519
4.625838 4.747005
4.580848 4.238814
4.413467 3.765543
4.323770 3.432532
4.287079 3.177681
4.331851 2.740691
4.298753 2.631184
4.427451 2.661408
4.531488 2.447506
4.307434 2.424350
4.071807 2.343236
3.819425 2.448640
3.626188 2.521911
3.320136 2.530746
3.201865 2.465969
2.990907 2.532848
2.829380 2.492550
2.799444 2.453418
2.853597 2.455884
2.831386 2.492223
2.935453 2.579445
3.127655 2.721233
3.429408 3.013840
3.829304 3.328571
4.294755 3.733391
4.706134 4.177039
5.080824 4.679980
5.352809 5.108656
5.437277 5.400579
5.211537 5.380414
4.918563 5.250615
4.745832 5.128639
4.623836 4.927715
4.416574 4.710288
4.416890 4.568333
4.567436 4.473062
4.772150 4.373912
4.806005 4.357384
4.647455 4.239278
4.177993 3.702560
3.682701 3.407933
3.434383 3.164425
3.243672 3.146340
3.374064 3.440968
3.557950 3.812774
3.804626 4.270308
4.052990 4.683210
4.233203 5.232232
4.437353 5.654392
4.483664 5.986133
4.546432 6.222819
4.752329 6.451211
4.861239 6.632659
4.834006 6.915417
4.764700 6.963952
4.636260 6.728855
4.314301 6.388405
3.902233 6.049343
3.536482 5.644766
3.340527 5.092957
3.218615 4.644349
3.112672 4.084774
3.152558 3.956689
3.335623 4.035578
3.549164 4.112913
3.824881 4.283982
4.124738 4.614241
4.447150 4.901502
4.703340 5.172001
4.742844 5.082449
4.926458 4.985936
4.998073 4.979285
4.948994 4.808325
4.728075 4.286533
4.281950 3.882625
3.807613 3.346121
3.364630 2.418272
3.293771 2.148245
3.214042 2.030798
3.056805 1.900028
3.134614 1.966205
3.303210 2.201277
3.506746 2.443984
3.790205 2.831053
4.024075 3.215152
4.291498 3.688389
4.485773 4.066834
4.716373 4.498332
4.815996 4.642727
4.509236 4.414543
4.146085 3.908640
3.909730 3.375909
3.507370 2.540354
3.206491 2.183378
3.096573 2.003323
3.051763 1.972274
3.175941 2.178303
3.329494 2.405348
3.530971 2.653220
3.611586 2.771483
3.655837 2.728769
3.691988 2.673753
3.699746 2.636774
3.698536 2.599027
3.702518 2.240497
3.692142 2.009618
3.574111 1.661062
3.375299 1.606723
3.079994 1.507064
2.798532 1.456556
2.710557 1.602564
2.851650 1.901301
3.042392 2.304762
3.240018 2.768410
3.435324 3.210673
3.702834 3.625472
4.013377 3.973824
4.256822 4.394470
4.490090 4.657864
4.561186 4.561228
4.399633 4.416858
4.495490 4.109194
4.442834 3.841503
4.482059 3.376520
4.532936 3.204202
4.567150 3.031313
4.659296 2.828214
4.728523 2.733531
4.547017 2.796919
4.447163 2.770222
4.393940 2.768810
4.338822 2.726904
4.215271 2.802171
4.216842 2.926726
4.274341 3.040302
4.217647 3.162234
4.211907 3.218282
4.220919 3.395897
4.354805 3.499881
4.179306 3.609128
4.098659 3.620141
4.047935 3.727167
4.017468 3.935877
4.021760 4.071923
4.042143 4.216009
4.081431 4.460211
4.182523 4.615642
4.270242 4.781561
4.514711 4.936097
4.595522 5.011627
4.673703 5.092296
4.731064 5.171869
4.776306 5.213602
4.856337 5.324243
5.025946 5.451208
5.060893 5.497105
5.161423 5.644186
5.093586 5.803284
5.185089 5.813436
5.290261 5.808376
5.399295 5.918668
5.113134 5.895766
5.172138 5.897692
5.047776 5.970738
5.093214 5.980874
5.229336 6.072953
5.256567 6.037005
5.347323 6.036661
5.457800 6.096129
5.455429 6.213886
5.610859 6.183040
5.598977 6.005884
5.458563 5.789969
5.233452 5.485305
4.995444 5.226683
4.671498 4.954804
4.220433 4.706557
4.030989 4.617032
4.007472 4.340117
3.937941 4.141672
3.974707 4.105660
3.871105 4.040473
3.827558 4.027997
3.816745 3.853278
3.768347 3.810916
3.689138 3.808301
3.752130 3.732894
3.787447 3.721264
3.969104 3.807285
4.024306 3.702078
3.990166 3.732695
3.978577 3.780362
4.028185 3.875872
4.153817 3.961948
4.258437 4.087177
4.332517 4.244354
4.460822 4.373588
4.601362 4.576884
4.814978 4.773212
4.986965 4.955233
5.065823 5.103480
5.172938 5.114045
5.256495 5.122158
5.345379 5.056579
5.313078 5.018324
5.416273 5.082416
5.354253 4.953911
5.409466 5.019371
5.455739 5.150980
5.564144 5.148116
5.643666 5.188116
5.579281 5.103028
5.682125 5.083574
5.856175 5.135702
5.971378 5.120464
6.112559 5.220919
6.163037 5.350295
6.069436 5.397699
6.174367 5.566897
6.224173 5.584850
6.263336 5.615962
6.191703 5.417191
5.943446 5.419781
5.814126 5.195096
5.561992 4.969953
5.235672 4.629856
4.878618 4.187384
4.297763 3.941203
3.971467 3.684728
3.577572 3.414840
3.191582 3.101900
2.998568 2.970803
2.693031 2.807056
2.617994 2.725590
2.680427 2.698834
2.747811 2.768664
2.717628 2.808849
2.885477 2.856638
3.011425 2.942563
3.169497 3.110462
3.306373 3.261772
3.445410 3.320152
3.636367 3.360252
3.712221 3.464417
3.689472 3.550401
3.815772 3.605389
3.888676 3.676508
3.946254 3.827803
4.063503 3.971900
4.211661 4.065280
4.265789 4.147048
4.410907 4.254032
4.504989 4.360469
4.572367 4.449232
4.634431 4.610383
4.735177 4.694803
4.854797 4.840091
4.827141 4.979666
4.932950 5.047758
4.942077 5.092952
4.962365 5.222259
5.034090 5.404263
4.945802 5.378921
4.837091 5.421390
4.937594 5.561492
4.832506 5.621500
4.749555 5.760673
4.869851 5.856739
4.991804 5.917482
4.905999 5.946037
5.002511 5.939102
5.190318 5.855723
4.998180 5.840756
5.000303 5.703270
4.973624 5.720205
4.974682 5.763374
5.024547 5.781189
5.056699 5.731458
5.120080 5.698194
5.006346 5.707242
4.772145 5.465124
4.349946 5.244914
4.023300 4.978546
3.711811 4.691827
3.521592 4.497503
3.310289 4.258940
3.229691 4.132943
3.245116 4.101151
3.314714 3.892154
3.368310 3.919032
3.458522 3.805919
3.357630 3.642484
3.318937 3.549273
3.395781 3.478456
3.406043 3.464386
3.492655 3.475727
3.506501 3.555145
3.548069 3.646929
3.771099 3.713880
3.955712 3.821127
3.959831 3.915575
3.984631 3.860600
3.997235 3.838268
4.060984 3.975768
4.111020 4.167195
4.257689 4.195993
4.235862 4.284010
4.142171 4.281767
3.909955 4.233083
3.697951 4.193907
3.551137 4.000291
3.420991 3.950159
3.424981 3.946634
3.418422 3.937882
3.456696 3.877290
3.522993 3.795437
3.613272 3.726529
3.624242 3.832490
3.753273 3.903176
3.862249 3.839447
4.001548 3.749749
4.139865 3.545955
4.277405 3.406047
4.467982 3.388070
4.514357 3.518421
4.574082 3.612177
4.618518 3.677670
4.567260 3.753701
4.579538 3.899686
4.537272 3.966779
4.613058 3.948076
4.665910 4.027503
4.750180 4.060576
4.662147 4.087820
4.636631 4.181425
4.660241 4.286623
4.623949 4.206135
4.683702 4.197022
4.771711 4.293357
4.781622 4.238739
4.651609 3.984641
4.297335 3.621804
3.974634 3.349416
3.678395 3.084374
3.512536 2.826275
3.493607 2.777104
3.458447 2.695515
3.351163 2.649761
3.307382 2.736231
