2.119955 2.007362
2.179773 2.053737
2.286423 2.115781
2.441875 2.142798
2.616578 2.206229
2.855926 2.301178
3.113989 2.466271
3.418037 2.644395
3.711901 2.869367
4.007231 3.136939
4.082296 3.075350
4.164256 3.018319
4.338241 3.121310
4.413903 3.244071
4.523553 3.385654
4.724131 3.633779
4.996111 3.750124
5.216158 3.916728
5.326813 3.980150
5.278384 3.821505
4.908921 3.540932
4.491978 3.152428
4.255697 2.786560
3.989231 2.472528
3.694833 2.413038
3.291064 2.420901
3.037838 2.372015
2.885380 2.284030
2.688916 2.199016
2.753835 2.116125
2.680089 2.122438
2.673802 2.069113
2.773636 2.083083
2.800879 2.020036
2.899088 1.935201
3.125666 1.956124
3.339473 1.928455
3.507442 2.007293
3.472911 1.935796
3.401850 1.882939
3.090641 1.738147
2.737688 1.568228
2.432294 1.522712
2.280660 1.529640
2.167430 1.634923
2.211820 1.728758
2.222441 1.844118
2.311468 1.792397
2.405784 1.828717
2.569277 1.932075
2.718783 2.062046
2.871182 2.167419
2.960022 2.249085
3.107209 2.188050
3.303768 2.323217
3.485087 2.202917
3.563770 2.150977
3.602516 2.174777
3.516555 2.098589
3.331804 1.953365
3.118095 1.833887
2.872439 1.600026
2.768645 1.636374
2.773437 1.769288
2.726508 1.972094
2.791698 2.117249
2.932573 2.277925
3.037451 2.469222
2.948181 2.561650
2.897789 2.533268
2.741638 2.380471
2.710810 2.408461
2.800825 1.892971
2.891336 1.893742
2.912236 1.685033
2.846724 1.696104
2.804089 1.713675
2.852118 1.797964
3.045352 1.943058
3.303934 2.105822
3.540460 2.207617
3.823747 2.319618
4.081165 2.335727
4.335216 2.325773
4.629653 2.456043
4.816686 2.613693
4.996835 2.643006
5.180449 2.630124
5.398190 2.709544
5.648043 2.877577
5.910173 3.069508
6.273058 3.317616
6.637412 3.478703
6.969442 3.733524
7.314688 3.801272
7.669481 3.957243
7.982664 4.022719
8.257111 4.050033
8.508441 4.113846
8.740717 4.036268
8.886212 4.048133
8.817820 3.999287
8.805200 3.954197
8.828182 3.948157
8.807472 4.026205
8.765271 4.086519
8.850697 4.226194
8.968223 4.364947
9.112411 4.500229
9.219911 4.644641
9.334051 4.770181
9.375955 4.819844
9.342506 4.770692
9.295985 4.671274
9.205401 4.596783
9.222278 4.639134
9.241600 4.686935
9.368897 4.773905
9.558604 4.931849
9.664568 5.100416
9.787929 5.293079
9.877052 5.486634
10.013369 5.636486
10.160186 5.795020
10.345180 5.961443
10.546378 6.131689
10.610131 6.198559
10.710606 6.189482
10.645144 6.108533
10.548122 5.897959
10.432622 5.773343
10.370535 5.669824
10.350810 5.653337
10.342136 5.653815
10.374646 5.714111
10.334427 5.868070
10.318176 5.938853
10.290612 6.071149
10.239615 6.180107
10.264144 6.372214
10.203390 6.504758
10.181960 6.586457
10.130014 6.683701
10.102460 6.840058
10.010764 6.950391
9.869454 7.001970
9.750932 6.875643
9.517001 6.753760
9.108013 6.618716
8.994021 6.424197
8.539067 6.319865
8.108042 6.164228
7.713559 5.913528
7.475646 5.796477
7.312921 5.741327
7.049769 5.761757
7.018329 5.656377
7.120014 5.706049
7.123289 5.710885
7.170815 5.740618
7.390664 5.969239
7.545355 6.157763
7.888215 6.248529
7.855421 6.188908
7.783349 6.105551
7.704805 5.941393
7.460630 5.780349
7.211348 5.702120
6.974318 5.611244
6.639131 5.560204
6.002991 5.352587
5.514219 5.013439
5.246868 4.766032
4.538963 4.431485
4.169209 3.995974
4.160721 3.956965
4.259231 4.030386
4.136443 3.982700
3.986468 3.829176
3.806786 3.603044
3.461533 3.279096
3.129368 2.782835
2.969681 2.502387
2.858027 2.502857
2.875632 2.517125
2.772410 2.564605
2.876058 2.693011
2.964005 2.799738
3.054434 2.955413
3.232808 3.134645
3.428830 3.399552
3.587751 3.615329
3.848312 3.860984
4.142847 4.071037
4.303489 4.339159
4.600880 4.393265
4.861860 4.540857
5.091244 4.643722
5.303269 4.798513
5.524883 4.859114
5.682781 4.893328
5.788100 5.027846
5.922140 5.194113
6.018293 5.313305
6.101062 5.449322
6.289264 5.634048
6.446941 5.874249
6.721560 6.089554
6.988600 6.316984
7.234125 6.539413
7.444007 6.776292
7.816532 6.986321
8.133050 7.236669
8.495925 7.461848
8.773664 7.721411
8.944455 7.984793
9.240360 8.210376
9.501637 8.446326
9.785124 8.673768
10.044401 8.869312
10.268036 9.077728
10.364472 9.366060
10.494089 9.632490
10.648672 9.940579
10.524013 10.197497
10.667878 10.446725
10.837266 10.742551
11.017260 10.931688
11.146373 11.187723
11.285114 11.432132
11.435209 11.696883
11.518029 11.786314
11.685424 11.860464
11.738258 12.006649
11.901676 12.175991
11.830128 12.283255
11.818498 12.359922
11.712305 12.387373
11.868293 12.409870
11.991287 12.364255
12.111762 12.346228
12.233560 12.417272
12.305626 12.479469
12.157907 12.573512
12.208879 12.575515
12.085386 12.593922
11.965170 12.506019
11.788902 12.374056
11.680454 12.217609
11.567947 12.045878
11.501899 11.856243
11.207476 11.656638
11.167489 11.509647
10.990343 11.447877
10.579798 11.046981
10.633319 10.976693
10.431316 10.925599
10.338136 10.748590
10.137331 10.545147
10.027565 10.135181
9.728375 9.882820
9.335006 9.618085
9.276486 9.532499
9.333477 9.370416
9.232677 9.380183
9.059859 9.124051
8.862763 9.121498
8.757563 8.802288
8.823702 8.628166
8.946066 8.658918
8.871631 8.608378
8.869604 8.506007
8.710844 8.287715
8.637076 7.853941
8.452533 7.970487
8.558491 7.860886
7.977867 7.824664
8.064379 7.997930
8.136841 8.109225
8.220116 8.105914
8.273855 8.141544
8.304954 7.961928
8.351484 7.782486
8.388093 7.622514
8.288776 7.566940
8.348997 7.649722
8.436898 7.767956
8.225291 7.898924
8.442760 7.897972
8.638917 8.025247
8.710007 7.958780
8.835195 7.966784
9.018098 8.018338
9.185063 7.903005
9.142068 8.044349
9.038351 7.925320
8.654115 7.784535
8.252081 7.349099
7.585077 6.946601
7.027468 6.476175
6.626042 6.098569
6.078673 5.307515
5.539270 5.092471
5.289518 4.600056
4.834790 4.337892
4.881743 4.311032
5.027496 4.066832
4.886446 4.210417
4.396300 4.332160
4.328977 4.533762
4.128474 4.637055
4.151564 4.675041
4.097112 4.833853
4.180641 4.790974
4.211289 4.912371
4.336481 5.003178
4.435400 4.832936
4.567291 5.016205
4.677852 5.129611
4.573890 5.160761
4.560910 5.103440
4.621663 5.256849
4.584661 5.378818
4.473475 5.431741
4.535592 5.437499
4.546668 5.481936
4.636858 5.621732
4.737475 5.626598
4.868842 5.591927
4.945567 5.546883
4.970167 5.515906
4.885955 5.119904
4.608260 4.734742
4.577871 4.617722
4.687701 4.394871
4.756245 4.257785
4.908339 4.104175
5.065326 4.045356
4.989636 4.083923
5.135545 4.117183
5.264258 4.360509
5.575717 4.965399
5.905634 5.833925
6.112301 6.575796
6.276813 7.129364
6.423991 7.623325
6.454826 8.058737
6.589695 8.523374
6.732536 8.915447
6.924571 9.284616
7.063218 9.568406
6.954641 9.693729
6.851418 9.663051
6.723615 9.436738
6.526359 9.073283
6.340804 8.802585
6.268787 8.580614
6.229430 8.317949
6.240849 8.199896
6.283713 7.973828
6.291545 7.715918
6.346056 7.463468
6.342102 7.294290
6.306527 6.928093
6.130855 6.551579
6.150484 6.384711
5.978737 6.040127
5.789079 5.775770
5.804330 5.698609
5.675692 5.513025
5.558457 5.137043
5.533562 4.838490
5.268498 4.552874
5.146094 4.121458
4.848001 3.937446
4.680101 3.865265
4.628473 3.953216
4.421722 4.017837
4.216788 3.956521
4.047421 3.869552
3.812978 3.678171
3.698061 3.593783
3.553431 3.200452
3.574403 3.127360
3.607877 3.127247
3.655778 3.003374
3.798848 2.994104
3.947367 3.025633
4.117030 3.200920
4.325074 3.414307
4.445627 3.571232
4.684463 3.799925
4.901014 4.022336
5.064769 4.280772
5.214291 4.385800
5.384808 4.433860
5.515425 4.469455
5.546052 4.390858
5.705106 4.277551
5.618789 4.040726
5.321962 4.114824
4.813301 4.066906
4.705782 3.860843
4.469271 3.705558
4.055013 3.718653
3.647184 3.607855
3.279675 3.390265
3.153296 3.378535
3.114665 3.351480
3.267334 3.303840
3.163884 3.346694
3.250433 3.212424
3.040079 3.021037
2.706883 2.690359
2.446340 2.511427
2.190965 2.301199
1.974437 2.158050
1.923802 2.159042
1.883146 2.201532
1.975557 2.258175
2.064785 2.379069
