30
4510
4630
4740
4870
4980
5070
5210
5320
5430
320
4500
4610
4730
4840
4950
5080
5180
5300
5430
330
4570
4640
4760
4870
4970
5110
5280
5330
5450
330
4500
4620
4730
4920
4940
5060
5180
5330
5450
320
4510
4630
4730
4880
4950
5080
5230
5300
5430
320
4530
4650
4710
4840
5000
5150
5170
5290
5430
330
4510
4610
4750
4860
4980
5060
5180
5300
5460
320
4500
4610
4750
4840
4950
5070
5190
5290
5410
320
4550
4650
4750
4870
4970
5090
5210
5320
5440
320
4540
4640
4750
4910
4980
5130
5210
5320
5460
320
4540
4650
4770
4850
4960
5080
5210
5330
5430
320
4520
4630
4720
4860
4990
5090
5200
5310
5410
330
4530
4630
4760
4870
4960
5090
5190
5320
5440
330
4520
4640
4730
4850
5010
5080
5210
5340
5420
330
4530
4630
4730
4850
4550
5090
5230
5300
5420
330
4520
4600
4740
4840
4960
5110
5190
5300
5510
320
4500
4680
4730
4890
4980
5120
5200
5310
5420
330
4510
4640
4750
4860
4980
5120
5250
5310
5430
330
4510
4670
4750
4850
4980
5090
5180
5310
5440
320
4510
4630
4730
4860
4970
5120
5190
5310
5440
330
4530
4630
4750
4860
4980
5080
5200
5340
5420
320
4560
4650
4770
4870
5010
5100
5230
5330
5450
320
4530
4640
4790
4870
4990
5080
5240
5350
5450
330
4520
4660
4750
4870
4960
5100
5210
5310
5440
320
4520
4630
4790
4870
4960
5080
5240
5320
5430
330
4530
4650
4760
4860
4960
5110
5210
5360
5440
320
4520
4650
4750
4860
4980
5090
5210
5350
5450
330
4520
4640
4740
4880
5010
5080
5200
5320
5430
330
4560
4640
4740
4840
4980
5120
5210
5290
5430
330
4520
4670
4750
4860
5000
5100
5200
5320
5480
320
4550
4660
4780
4860
4980
5090
5210
5320
5420
320
4510
4620
4750
4890
4970
5070
5190
5360
5480
330
4540
4660
4780
4900
4990
5090
5200
5330
5440
320
4520
4670
4790
4860
4970
5090
5190
5310
5470
330
4530
4660
4750
4860
4990
5090
5200
5330
5440
330
4510
4630
4770
4940
5000
5100
5210
5320
5480
320
4490
4620
4750
4840
4960
5120
5170
5300
5420
330
4560
4650
4760
4870
4980
5100
5210
5310
5460
330
4520
4650
4800
4870
5040
5090
5220
5330
5480
330
4560
4640
4770
4920
4980
5080
5260
5320
5480
320
4580
4640
4760
4860
4970
5150
5240
5370
5550
330
4560
4670
4780
4870
5010
5130
5220
5340
5500
250
