1.993109 1.938427
2.049226 1.849462
2.107652 1.647624
2.206790 1.545505
2.345735 1.500832
2.560497 1.509719
2.732120 1.494536
3.007933 1.603324
3.307679 1.801384
3.586460 1.937398
3.786993 2.014900
3.875875 1.871019
3.913094 1.765345
4.068175 1.748561
4.119888 1.665105
4.258867 1.649431
4.471617 1.848482
4.688584 2.021078
4.672814 2.237386
4.486449 2.219526
4.219120 2.043559
3.692227 1.813988
3.339338 1.585224
3.174797 1.519455
3.023041 1.457853
2.878192 1.509157
2.907445 1.659036
2.900254 1.849295
2.998085 2.080568
3.136047 2.397520
3.335122 2.712826
3.498711 3.035361
3.585677 3.193688
3.601250 3.191499
3.591090 2.996211
3.762707 2.780232
3.909163 2.609815
3.946891 2.459262
3.911689 2.481293
3.679191 2.291593
3.304057 1.955384
2.922901 1.716768
2.672751 1.592555
2.579106 1.536210
2.458351 1.556715
2.401284 1.603323
2.539723 1.755539
2.632439 1.882934
2.695881 1.972119
2.746396 2.006655
2.735417 1.846908
2.610526 1.532276
2.567395 1.481889
2.664142 1.275019
2.798893 1.258009
2.876530 1.368228
2.902517 1.460763
2.787324 1.552864
2.483044 1.581202
2.234641 1.410121
1.956780 1.242322
1.906566 1.229397
1.929311 1.308250
2.025923 1.414149
2.197606 1.617981
2.367520 1.865180
2.645829 2.069390
2.835581 2.354747
3.028972 2.549035
3.041269 2.521711
2.970129 2.361071
3.003512 2.120021
3.093584 1.853052
3.322317 1.711600
3.422028 1.566049
3.438702 1.261368
3.404513 1.194463
3.317617 1.285591
3.327630 1.443614
3.354406 1.597569
3.339249 1.590772
3.430273 1.646711
3.562861 1.753518
3.700210 1.780203
3.842096 1.839234
3.901209 1.715308
4.046755 1.806929
4.293204 1.873234
4.575617 1.995636
4.803608 2.036062
4.948285 1.997076
5.013460 2.041040
5.070672 2.049669
4.976221 2.131513
4.738883 2.012763
4.603712 1.957176
4.548367 2.001692
4.603187 1.912920
4.666062 1.922265
4.560947 1.899156
4.305164 1.794820
3.929462 1.613721
3.662350 1.417495
3.389563 1.418272
3.311539 1.407260
3.265919 1.561798
3.389465 1.718339
3.532799 1.799303
3.783517 1.852082
3.981375 1.830024
4.149260 1.733737
4.121321 1.663793
3.913343 1.614709
3.745129 1.521860
3.533976 1.455796
3.407157 1.500860
3.192052 1.539630
3.102206 1.626568
2.991720 1.695784
2.957802 1.698609
2.976820 1.604391
3.024147 1.620091
3.144932 1.757459
3.345211 1.890970
3.338730 1.950090
3.443618 2.022767
3.272630 1.807516
3.136180 1.692499
2.850093 1.551525
2.580620 1.452980
2.316485 1.375980
2.316447 1.389306
2.362114 1.516249
2.568852 1.531012
2.669147 1.621701
2.802886 1.595228
2.878650 1.385215
3.011554 1.470580
3.246345 1.476483
3.439925 1.504971
3.692399 1.474226
3.923623 1.504789
4.168565 1.519462
4.389300 1.628805
4.563598 1.652549
4.507540 1.548403
4.255502 1.415836
3.943614 1.290162
3.640306 1.201569
3.450317 1.313445
3.351545 1.383951
3.210581 1.427766
3.134687 1.537946
3.104766 1.518549
3.123038 1.552707
3.191817 1.608323
3.333746 1.636491
3.406160 1.670198
3.321205 1.840699
3.204587 1.852999
3.021279 1.774054
2.811975 1.664036
2.639578 1.594471
2.420989 1.405574
2.214414 1.356713
2.080704 1.334357
2.025474 1.382588
2.107228 1.441016
2.246546 1.498546
2.425356 1.429474
2.578307 1.459616
2.757077 1.282047
2.949084 1.334792
3.125111 1.415714
3.338740 1.410797
3.432266 1.528312
3.687061 1.601304
3.788659 1.627364
3.710548 1.640356
3.565683 1.595198
3.362009 1.530192
3.250457 1.569304
3.182209 1.625739
3.148030 1.690033
3.149493 1.725047
3.221520 1.808052
3.311240 1.809166
3.458639 1.848260
3.554447 1.927957
3.665701 1.936760
3.877301 2.000310
3.894345 2.109303
3.886140 2.118759
3.855160 2.210580
3.664794 2.243616
3.562281 2.209234
3.420286 2.260275
3.372222 2.081207
3.378038 2.144980
3.462978 2.259693
3.553454 2.254374
3.640758 2.280575
3.709680 2.335337
3.788515 2.400741
3.832317 2.458481
3.916910 2.389143
3.941021 2.424045
4.002549 2.457519
4.092019 2.402422
4.088968 2.397485
4.024086 2.354152
4.099139 2.263539
4.038125 2.183416
3.995678 2.270056
3.989920 2.303411
3.950897 2.286804
3.945190 2.202928
4.023379 2.106225
4.048783 2.028145
3.995403 2.170318
4.212408 2.248999
4.347158 2.323243
4.499852 2.420641
4.576617 2.538507
4.690893 2.601377
4.758539 2.695023
4.772736 2.799709
4.824644 2.811505
4.877762 2.928442
4.898321 3.013115
5.058817 2.878427
4.956777 2.792139
4.811283 2.680744
4.561081 2.561225
4.221353 2.550929
3.981052 2.562115
3.851356 2.627882
3.777866 2.615478
3.702698 2.581387
3.422085 2.360041
3.291436 2.126896
3.327164 1.775252
3.343547 1.516238
3.367336 1.294622
3.372602 1.181335
3.577156 1.218553
3.579977 1.295958
3.391524 1.286185
3.265694 1.354477
3.233148 1.450824
3.322961 1.676803
3.265210 1.764992
3.178416 1.840389
3.149372 1.898132
3.088274 1.964768
3.018385 2.007369
2.868852 2.064966
2.811420 2.114746
2.770273 2.132135
2.765944 2.240870
2.735520 2.227209
2.757408 2.208871
2.765869 2.204669
2.799781 2.127706
2.686747 1.993044
2.576987 1.878342
2.561300 1.941618
2.571262 1.930268
2.618081 2.068230
2.716444 2.247977
2.982098 2.260093
3.254053 2.263754
3.453226 2.284580
3.446509 2.351267
3.675438 2.337799
3.905228 2.385862
4.287183 2.455620
4.658920 2.528403
5.106831 2.554951
5.499834 2.568982
5.955827 2.578537
6.370081 2.563273
6.718831 2.487298
6.934023 2.465209
6.851338 2.476921
6.618395 2.464055
6.314650 2.438602
6.023958 2.470786
5.655388 2.446942
5.159716 2.414362
4.769681 2.414763
4.321304 2.413497
3.985297 2.289886
3.725084 2.155529
3.551111 2.124471
3.459166 2.029563
3.372082 2.018655
3.115327 1.915979
2.786270 1.772137
2.591883 1.658616
2.490714 1.652462
2.430998 1.730486
2.412005 1.835958
2.508559 1.940058
2.699304 2.180673
2.756972 2.304697
3.015391 2.314837
3.275915 2.347861
3.506943 2.485523
3.837099 2.570088
4.051683 2.576185
4.150072 2.522502
4.264662 2.532965
4.316320 2.486964
4.387869 2.392568
4.454821 2.290932
4.298923 2.109611
4.399469 2.008021
4.482362 2.010684
4.635852 2.139452
4.766460 2.205758
4.764584 2.278985
4.620380 2.390687
4.538900 2.431203
4.589277 2.515995
4.573456 2.639867
4.544770 2.759968
4.604322 2.781657
4.548064 2.884351
4.671412 2.921952
4.860435 3.048360
4.856618 2.962336
4.857058 2.761280
4.807709 2.744482
4.840767 2.794397
4.899806 2.880151
4.745592 3.002191
4.545481 2.801294
4.429843 2.923173
5.080214 3.518144
6.247380 4.924893
6.423539 5.453880
6.518849 5.858703
6.623128 6.367049
6.683423 6.719350
6.750608 6.999406
6.790780 7.231453
6.786060 7.296426
6.655599 7.136714
6.309015 6.838932
6.670064 7.705295
5.432561 6.173993
4.407112 4.644596
3.938818 3.515431
3.530359 3.072794
3.322438 2.787315
3.337098 2.557721
3.374113 2.373292
3.474740 2.259020
3.482672 2.091767
3.768101 2.369504
3.788463 2.158061
3.976881 2.015419
4.100895 1.909362
4.504797 1.986584
4.860690 2.260140
4.897967 2.699788
4.625504 3.073178
4.337220 3.122633
4.191988 2.862289
3.937792 2.758852
3.783894 1.955880
3.739857 1.400682
3.833737 1.355104
3.527550 1.495604
3.420613 1.561057
3.251032 1.557098
3.333188 1.613081
3.249347 1.697978
3.181265 1.632664
3.160807 1.650379
3.065018 1.619049
3.076752 1.629475
3.121750 1.916737
3.355878 2.428844
3.474649 2.834515
3.460359 2.933524
3.426318 2.857611
3.309323 2.660639
3.346855 2.275944
3.264544 1.930376
3.230204 1.589588
3.145275 1.643218
3.193660 1.392362
3.222968 1.465158
3.188791 1.589300
3.276257 1.681273
3.355990 1.817589
3.454953 1.939407
3.431248 2.065258
3.488621 2.130653
3.560201 2.177581
3.668428 2.240592
3.742642 2.359384
3.916449 2.445664
3.882910 2.550404
3.923069 2.476240
3.815078 2.358378
3.614354 2.026677
3.445249 1.843588
3.368500 1.781616
3.179645 1.736887
2.997916 1.834040
2.730080 1.778768
2.447611 1.672359
2.240306 1.537989
2.151177 1.456038
2.164484 1.518566
2.216632 1.661506
2.317382 1.763035
2.453429 1.854585
