2.118584 2.022860
2.143657 2.067979
2.212615 2.088506
2.361011 2.163335
2.543423 2.266869
2.775060 2.384590
3.037334 2.512688
3.319240 2.642452
3.619837 2.838917
3.941292 3.055552
4.260936 3.311574
4.553110 3.557545
4.891174 3.820209
5.217459 4.077057
5.512054 4.327969
5.829393 4.611181
6.107379 4.887951
6.305813 5.097680
6.388876 5.174104
6.194813 4.967016
6.030372 4.792586
5.636521 4.623564
5.464678 4.506988
5.376507 4.470128
5.341319 4.492573
5.350840 4.574292
5.549724 4.747320
5.664689 4.890232
5.867533 5.199121
5.862609 5.210712
5.797914 5.314391
5.860494 5.331347
5.910741 5.367605
5.883212 5.447716
5.894803 5.413858
5.927210 5.388202
6.048714 5.534537
6.054931 5.517063
5.904635 5.477982
5.641348 5.370871
5.368289 5.117835
5.105894 4.808041
4.812583 4.622722
4.722165 4.437983
4.481638 4.335757
4.410313 4.308936
4.114590 3.722493
3.831300 3.575738
3.613269 3.451996
3.383578 3.282453
3.423967 3.332650
3.448518 3.460582
3.517587 3.618346
3.696168 3.701302
3.981930 3.979793
4.280120 4.253790
4.465958 4.414074
4.545610 4.496679
4.466038 4.389169
4.254081 4.198124
3.941026 3.931051
3.720135 3.713207
3.489032 3.422459
3.330385 3.265411
3.134580 3.126596
2.945296 2.709906
2.844162 2.511511
2.800810 2.399804
2.763252 2.409481
2.916998 2.433613
3.033009 2.543013
3.046747 2.665555
3.179592 2.857097
3.457694 3.182978
3.607616 3.349591
3.732837 3.387551
3.807261 3.381724
3.855279 3.462964
4.036955 3.547717
4.230914 3.613567
4.372671 3.739035
4.632631 3.961658
4.927640 4.212944
5.257353 4.501311
5.685031 4.810075
6.054142 5.143860
6.374838 5.515766
6.786799 5.861585
7.237153 6.248580
7.671632 6.684529
8.147646 7.166748
8.595894 7.635076
9.036504 7.944052
9.366264 8.173180
9.604350 8.417753
9.856103 8.655316
10.015662 8.804139
10.265365 8.941595
10.494408 9.071403
10.518060 9.187404
10.467276 9.211068
10.373556 9.056974
10.196322 8.895570
9.476488 8.185814
8.878243 7.653026
8.158087 7.268962
7.635025 6.936604
7.069744 6.654908
6.728084 6.376241
6.267536 6.191082
6.067418 6.121701
5.447557 5.862534
4.673545 5.669780
4.089193 5.301192
3.846579 4.907798
3.375812 4.804780
3.276225 4.748089
2.311330 4.147240
2.296288 3.896580
2.278843 3.518205
2.550467 3.606254
2.908422 3.831163
3.346057 4.164637
3.805297 4.544378
4.356355 4.849999
4.902515 5.068928
5.289207 5.088033
5.314344 4.914728
5.029624 4.454271
4.705573 4.072689
4.315343 3.705582
4.023808 3.572032
3.876631 3.598401
3.693363 3.769180
3.548652 3.969821
3.259312 4.058258
2.962989 4.010846
2.535266 3.713886
2.105167 3.559405
1.836767 3.428857
1.640978 3.299476
1.601941 3.299417
1.594547 3.274806
1.612883 3.315135
1.645722 3.332239
1.551664 3.083817
1.399280 2.815457
1.290063 2.553637
1.227789 2.362622
1.259917 2.248852
1.400500 2.274126
1.472250 2.296059
1.637201 2.439306
1.866873 2.646685
2.143870 2.907813
2.462428 3.171808
2.883494 3.444890
3.388593 3.754520
3.919814 4.028517
4.354215 4.283201
4.830726 4.374192
5.180410 4.316955
5.289441 4.016849
5.211584 3.587149
4.722783 3.087777
4.292776 2.797603
3.738312 2.708221
3.597380 2.790355
3.225751 2.914061
3.144143 3.101327
2.900769 3.299799
2.485915 3.465918
2.015574 3.376872
1.789954 3.261038
1.562275 3.077308
1.512356 2.960879
1.281102 2.794334
1.227307 2.733379
1.233090 2.643253
1.229854 2.360850
1.294102 2.207546
1.319302 2.040018
1.378161 1.865735
1.438960 1.891617
1.516228 1.925520
1.553893 1.979172
1.710462 2.192148
1.968325 2.523529
2.371406 2.882136
2.833468 3.212282
3.393220 3.578803
3.928445 3.901249
4.480258 4.127915
5.059449 4.196267
5.468705 4.277261
5.700531 4.232458
5.798032 3.933316
5.483728 3.674922
4.767284 3.435589
4.110557 3.016922
3.692679 2.663123
3.402668 2.395259
2.250225 2.274806
1.540610 2.089874
1.594958 2.113668
1.648575 2.244686
1.702471 2.409636
1.815289 2.460732
1.880432 2.503017
1.918740 2.615317
2.037303 2.781388
2.111262 2.818172
2.127495 2.857458
2.197554 2.907803
2.294850 3.031090
2.493870 3.121129
2.608794 3.198369
2.701853 3.339403
2.820354 3.431238
2.946867 3.462118
3.010161 3.453488
3.090593 3.369019
3.163081 3.349618
3.170951 3.243422
3.037167 2.952732
3.025373 2.948033
2.997044 2.990281
2.856913 2.962654
2.881622 3.076005
3.046867 3.236003
3.224281 3.418941
3.467725 3.525709
3.694261 3.697879
4.005733 3.843627
4.336386 3.893129
4.636648 4.022222
5.000966 4.186576
5.348079 4.329840
5.568820 4.416304
5.823256 4.417219
6.018092 4.575863
6.215106 4.657850
6.394847 4.778082
6.508653 4.857688
6.462223 4.855610
6.310247 4.720835
5.891869 4.336634
5.592417 3.982109
5.385128 3.696801
5.227434 3.414617
4.999416 3.215538
4.892388 3.214423
4.811500 3.306340
4.648448 3.276545
4.549273 3.462012
4.510243 3.480423
4.340231 3.479607
4.093635 3.403895
3.929817 3.329198
3.601242 3.221467
3.525985 3.063997
3.116015 2.851052
2.795856 2.790985
2.658520 2.656748
2.460844 2.528535
2.237575 2.461639
2.190524 2.333079
2.229951 2.212464
2.248983 2.183907
2.297658 2.155446
2.384770 2.334282
2.514709 2.469590
2.409635 2.535877
2.528856 2.539565
2.577702 2.605916
2.730223 2.669124
2.778432 2.842135
2.846214 2.990720
2.989703 3.215864
3.145013 3.280254
3.172418 3.400994
3.218863 3.417543
3.276848 3.335230
3.254134 3.281958
3.224676 3.178539
3.248249 3.008453
3.182853 2.939159
3.112443 2.803973
2.993055 2.808692
2.938944 2.877901
2.817772 2.957418
2.803504 3.039416
2.758244 3.088830
2.824449 3.073856
3.045006 3.155327
3.160067 3.278910
3.220449 3.326269
3.075420 3.153440
2.907910 2.990227
2.676953 2.726483
2.460467 2.537747
2.354446 2.360306
2.263442 2.272000
2.236646 2.238477
2.248474 2.307165
2.358927 2.499034
2.520479 2.666091
2.741329 2.761898
2.921188 2.917986
3.124673 3.130517
3.183778 3.265445
3.291486 3.452018
3.280962 3.536960
3.355414 3.519930
3.336597 3.506756
3.364279 3.429943
3.103141 3.177661
2.970017 2.947435
2.825275 2.744815
2.722371 2.518022
2.675447 2.578010
2.679280 2.520180
2.688523 2.494267
2.657877 2.505529
2.713327 2.582633
2.752176 2.720026
2.777386 2.754691
2.882011 2.765699
2.922934 2.838343
2.931399 2.901385
2.944907 2.929018
2.899236 2.947296
2.924339 3.013630
2.919938 3.118496
2.912236 3.227839
2.965968 3.341149
3.040599 3.423043
3.152991 3.572625
3.223084 3.688117
3.404564 3.675546
3.672777 3.687023
3.817632 3.809816
4.022077 3.852201
4.213225 3.864519
4.344266 3.719199
4.506137 3.565455
4.673933 3.665523
4.753785 3.641300
4.824519 3.650691
4.951081 3.600124
5.084852 3.732296
5.124584 3.814666
5.062319 3.620576
4.796052 3.377990
4.533908 3.050533
4.327802 2.877208
4.212340 2.823222
4.061322 2.798018
3.893324 2.634188
3.831508 2.654372
3.795186 2.669934
3.687301 2.729361
3.502193 2.774050
3.394756 2.741627
3.171273 2.758725
3.052835 2.767118
2.903966 2.790860
2.826842 2.751248
2.748208 2.687131
2.647052 2.609843
2.542792 2.512002
2.387243 2.323358
2.198050 2.175906
2.031538 2.066591
1.968146 1.958035
2.039931 1.820038
2.076743 1.801442
2.193902 1.891982
2.207407 1.815684
2.139933 1.825544
2.067174 1.802698
1.996531 1.887429
2.072835 2.014038
2.026941 2.148392
2.092548 2.263639
2.076550 2.216207
2.052549 2.307361
2.165182 2.354808
2.309041 2.421056
2.474059 2.489824
2.581569 2.540588
2.643678 2.622937
2.671688 2.768254
2.804116 2.818606
2.899724 2.869362
2.979286 2.866717
2.960487 3.029399
3.095113 3.043893
3.200739 3.101950
3.268860 3.154009
3.441577 3.248783
3.498597 3.362709
3.513426 3.392976
3.598740 3.356739
3.586534 3.286590
3.527202 3.205205
3.538169 3.037765
3.304402 3.015693
3.162920 2.941826
3.180863 2.994167
3.301554 3.088569
3.532570 3.147792
3.687371 3.144815
3.727118 3.017366
3.505579 2.787777
3.117401 2.601217
2.765856 2.459102
2.516051 2.368951
2.297046 2.239563
2.154843 2.080922
2.139672 2.088806
