2.108106 2.017199
2.023622 1.820200
1.925687 1.638696
1.945466 1.526255
1.979380 1.419764
2.064503 1.384078
2.167480 1.335105
2.264424 1.396181
2.466014 1.440334
2.709632 1.473495
3.012857 1.671278
3.279884 1.857407
3.571418 2.003196
3.933744 2.276576
4.332137 2.544337
4.739221 2.766796
5.120149 3.045912
5.401302 3.197704
5.493582 3.306609
5.485108 3.289705
5.329707 3.078370
5.064556 2.901185
4.872088 2.636151
4.583083 2.475275
4.190309 2.324053
3.863848 2.006924
3.464572 1.926190
3.019905 1.793324
2.520079 1.725129
2.232499 1.662698
2.220032 1.817150
1.989554 1.571758
1.995785 1.553124
2.107251 1.626586
2.328409 1.755406
2.499201 1.961023
2.731205 2.200858
2.925341 2.418197
3.002027 2.565451
2.873733 2.557822
2.674734 2.419437
2.359895 2.112700
2.138580 1.914988
2.013714 1.756682
1.875485 1.663136
1.808026 1.658010
1.815691 1.696492
2.052402 1.879085
2.349994 2.119432
2.680697 2.345361
3.069200 2.734279
3.472521 3.119249
3.943457 3.506377
4.336280 3.905582
4.770809 4.321912
5.179880 4.718462
5.434922 5.062635
5.630343 5.311533
5.695883 5.314079
5.636506 5.184924
5.451433 4.866169
5.395727 4.581877
5.250014 4.318103
5.073312 4.076029
4.724034 3.703014
4.431101 3.154659
4.033591 2.687082
3.612736 2.339012
3.257399 2.075106
2.810382 1.827019
2.822390 1.931216
2.593244 1.881567
2.454953 1.751196
2.437456 1.925968
2.467991 2.101973
2.527943 2.288626
2.743424 2.401536
2.966662 2.755845
3.261814 3.132697
3.568322 3.550548
3.889133 3.917902
4.052940 4.315191
4.262584 4.619233
4.472584 4.976402
4.657386 5.203746
4.830300 5.471482
5.081941 5.631204
5.360083 5.939096
5.629950 6.386073
5.878890 6.746990
6.142330 7.023996
6.384718 7.561530
6.454041 8.110201
6.553007 8.601843
6.553350 9.085588
6.649179 9.473723
6.734085 9.839416
6.795899 10.149283
6.871814 10.363920
6.821368 10.482340
6.708634 10.439819
6.105532 9.687092
5.589288 9.086827
5.108536 8.357512
4.920657 7.735020
4.638404 6.943221
4.341094 6.508020
4.282759 6.040689
4.329362 6.080826
4.365529 5.637058
4.475128 5.722231
4.327470 5.579696
4.175943 4.903768
3.970092 4.515342
3.829154 4.156713
3.667809 3.335697
3.718692 3.287767
3.702179 2.766098
3.732729 2.791389
3.878256 2.812607
4.137234 2.983871
4.217008 3.075676
4.259864 3.020571
4.282962 3.011577
4.340664 3.156147
4.390550 3.331865
4.532255 3.429226
4.460882 3.352740
4.267769 3.148931
4.025254 2.871027
3.809399 2.713554
3.616128 2.579999
3.373089 2.484880
3.282086 2.403120
3.090770 2.350445
3.074614 2.427771
3.048899 2.578172
3.110065 2.739117
3.125828 2.778912
3.257455 2.940259
3.489996 3.200968
3.687080 3.269386
3.887666 3.457825
4.154762 3.601713
4.355649 3.793434
4.336772 3.854706
4.156876 3.663327
3.826206 3.293417
3.540566 2.811394
3.335124 2.618265
3.310522 2.649210
3.282435 2.396151
3.269080 2.261534
3.116891 2.247798
3.027849 2.144972
3.027544 2.272565
3.080157 2.342508
3.162102 2.504324
3.307826 2.617641
3.379574 2.681465
3.658634 2.981166
3.685727 2.960134
3.614941 2.786217
3.469756 2.504935
3.182148 2.191079
2.897828 1.958403
2.506846 1.939724
2.414579 1.992555
2.354012 2.091864
2.410969 2.226316
2.648837 2.578162
2.860284 2.618914
2.953984 2.748485
3.184461 2.868102
3.538314 2.989383
3.895531 3.105946
4.241487 3.305802
4.508188 3.382301
4.376079 3.263691
4.117883 2.942440
4.040978 2.842233
3.784344 2.591214
3.444036 2.490710
3.099383 2.250054
2.861833 2.147359
2.625530 2.166735
2.431887 2.261220
2.371404 2.352681
2.383731 2.247340
2.455039 2.368653
2.569663 2.502053
2.657776 2.582405
2.643915 2.619580
2.845827 2.605767
2.893413 2.700348
2.989798 2.746499
3.051767 2.822507
3.175440 2.904976
3.280685 3.029741
3.293581 3.040537
3.398597 3.225242
3.440672 3.265505
3.473412 3.362609
3.486717 3.440623
3.508336 3.531478
3.423177 3.554773
3.456915 3.556038
3.491852 3.587402
3.597709 3.608006
3.713597 3.735165
4.005308 3.947477
4.227829 3.884143
4.369748 3.854063
4.406347 3.866713
4.573671 3.988246
4.737044 4.063848
4.836040 4.278463
5.015875 4.460406
5.122703 4.681813
5.194087 4.886088
5.374106 5.193709
5.360814 5.397513
5.314120 5.404289
5.369136 5.423622
5.254229 5.370655
5.215704 5.294405
5.101094 5.072940
5.120565 5.046347
5.022386 4.926049
4.935240 4.780905
5.112420 5.025852
4.940296 4.757637
4.867609 4.473183
4.680333 4.384195
4.529706 4.356308
4.493636 4.230272
4.390065 4.136915
4.368804 3.944571
4.366676 3.650756
4.332878 3.594924
4.471723 3.757182
4.402790 3.542915
4.347730 3.449977
4.122312 3.413257
3.812181 3.179864
3.369656 2.905344
3.017768 2.652524
2.738812 2.412868
2.465496 2.156437
2.303456 2.177883
2.510437 2.332062
2.632510 2.310648
2.742149 2.313350
2.923461 2.415632
3.137929 2.563218
3.140323 2.740624
3.265210 2.967707
3.355373 3.163658
3.445260 3.405725
3.632603 3.611566
3.871746 3.914350
3.799650 3.997254
3.667024 4.057971
3.658913 4.100988
3.641714 4.139629
3.544238 4.133247
3.509990 4.228570
3.556652 4.256745
3.705054 4.234477
3.845578 4.252145
4.010421 4.482933
4.157534 4.377096
4.046892 4.383544
4.073557 4.436896
4.089484 4.435351
4.192802 4.442541
4.261226 4.444375
4.401226 4.534143
4.446962 4.634864
4.566846 4.604801
4.693941 4.815873
4.636942 4.769693
4.698746 4.778556
4.662890 4.721695
4.636951 4.680237
4.568257 4.570606
4.247557 4.334255
4.131101 4.046015
4.048278 3.853284
3.907315 3.668891
3.963912 3.783292
3.758373 3.623424
3.802464 3.324420
3.694722 3.141433
3.607393 3.004562
3.519408 3.006634
3.358872 2.876922
3.078947 2.593223
2.731352 2.270929
2.528547 2.131615
2.569317 2.173313
2.612096 2.161821
2.678486 2.182779
2.637027 2.226942
2.646392 2.310367
2.690966 2.463561
2.738077 2.668621
2.851594 2.892225
2.779942 3.060567
2.837818 3.268259
2.991862 3.521617
2.966119 3.686081
3.015651 3.785517
3.071176 3.908192
3.137126 3.889211
3.227623 3.872917
3.260849 3.763751
3.239563 3.800105
3.431084 3.697449
3.426414 3.672687
3.601534 3.849437
3.740244 3.814378
3.775883 3.831011
3.824416 3.874881
3.806638 4.007344
3.889444 3.970434
3.952197 4.095095
3.979337 4.131603
4.101992 4.139794
4.185176 4.191369
4.486263 4.423157
4.400702 4.367080
4.330951 4.346867
4.272765 4.360708
4.204783 4.392884
4.061304 4.497386
4.039591 4.578576
3.982188 4.631024
3.999295 4.667335
3.929084 4.728229
3.973707 5.007308
4.083933 4.934367
4.136952 4.826738
4.217868 4.778607
4.239881 4.686361
4.323576 4.509330
4.255167 4.345265
4.280615 4.201720
4.274513 4.000950
4.258092 3.905755
4.346141 4.100440
4.169865 3.945237
3.985015 3.629613
3.695455 3.196565
3.441418 2.914658
3.064827 2.608300
2.991651 2.516546
2.927070 2.501815
2.875585 2.528982
2.919264 2.661306
3.056760 2.838739
3.171420 2.998984
3.239991 3.017737
3.247376 3.102746
3.261869 3.206024
3.334705 3.351430
3.441967 3.517310
3.444023 3.577863
3.509784 3.647140
3.602215 3.695366
3.743629 3.922808
3.762551 3.974769
3.763730 4.086788
3.774939 4.080926
3.889552 4.095215
3.983128 4.150045
4.113109 4.078791
4.173144 4.121639
4.176845 4.157260
3.937178 3.895773
3.896180 3.821922
3.779743 3.430869
3.667141 3.442407
3.675734 3.353726
3.745074 3.290366
3.757387 3.273087
3.793560 3.405006
3.819601 3.527719
3.878538 3.647297
3.985027 3.879941
4.147932 4.138773
4.152789 4.205992
4.298361 4.323362
4.306533 4.396936
4.415609 4.568194
4.466454 4.699616
4.471154 4.684558
4.563619 4.627691
4.579723 4.694204
4.466654 4.665942
4.594074 4.887644
4.598540 4.748410
4.670454 4.642990
4.745802 4.521704
4.824236 4.325906
4.770161 4.067278
4.717230 3.924423
4.561910 3.569118
4.318517 3.440317
4.053917 3.229274
4.141087 3.366505
3.921036 3.249373
3.368318 2.919764
2.986525 2.704053
2.828801 2.519216
2.557939 2.224811
2.437119 2.142549
2.261636 2.165547
2.377838 2.182496
2.537662 2.301377
2.793418 2.496927
