2.130404 2.025821
2.063132 1.954763
1.991733 1.796633
2.056626 1.761564
2.045515 1.707574
2.150674 1.655412
2.261638 1.623689
2.387632 1.685817
2.616694 1.826231
2.885965 2.006884
3.166981 2.044256
3.250151 1.973070
3.364923 1.901205
3.433916 1.759650
3.526713 1.795176
3.400122 1.780779
3.430249 1.880158
3.365349 1.885692
3.264454 1.891314
3.057287 1.801170
2.710701 1.573977
2.369400 1.447541
2.160920 1.382571
2.024811 1.424703
2.019806 1.509940
2.106558 1.678828
2.362401 1.911989
2.628201 2.182421
2.977795 2.522117
3.330334 2.864113
3.743452 3.190530
4.055772 3.575018
4.297552 3.972278
4.596192 4.317786
4.935141 4.623656
5.265614 4.925489
5.566896 5.167347
5.738719 5.375762
5.631088 5.463461
5.467686 5.320687
5.235348 5.023227
4.864896 4.837060
4.594746 4.583592
4.299339 4.455353
4.157295 4.441414
4.105011 4.427251
3.980005 4.288916
4.097875 4.255050
4.115256 4.162614
4.214882 4.143121
4.293839 3.996037
4.000977 3.682106
3.779847 3.181412
3.633603 3.008672
3.455217 2.671833
3.199051 2.578842
3.037110 2.565952
2.909726 2.399995
2.685275 2.263184
2.480865 2.038800
2.170052 1.845674
1.894564 1.660577
1.718414 1.584561
1.810513 1.627850
1.927476 1.796076
2.227221 2.042041
2.627132 2.298260
3.034948 2.680175
3.483265 3.060603
3.925364 3.458558
4.341720 3.822063
4.711963 4.192121
5.059970 4.514256
5.378850 4.850653
5.610175 5.064392
5.690738 5.137821
5.693184 5.122947
5.511957 5.112907
5.415075 4.958346
5.313207 4.710158
5.127610 4.700702
5.029789 4.675124
4.991506 4.720953
4.997875 4.749933
4.936442 4.832022
4.633401 4.690170
4.530546 4.564639
4.565563 4.506911
4.445194 4.536280
4.291738 4.542711
4.376133 4.458780
4.122780 3.981442
3.750782 3.707320
3.410307 3.567371
3.338510 3.498563
3.108375 3.461348
3.091284 3.267451
2.979997 3.250950
3.059252 3.329429
2.987922 3.460510
2.931828 3.439262
2.668463 3.231575
2.472634 2.892628
2.346551 2.773993
2.358649 2.680119
2.418672 2.643913
2.533964 2.702644
2.509716 2.798808
2.645012 2.863696
2.701239 2.924792
2.618729 2.817642
2.350707 2.649783
2.138830 2.372253
1.904428 2.080492
1.752054 1.950452
1.689707 1.863939
1.808439 1.831521
1.988876 1.934062
2.212285 2.124501
2.467184 2.252413
2.723670 2.461759
2.765747 2.567132
2.864787 2.672089
3.004089 2.783336
3.078116 2.911462
3.145683 3.084043
3.161706 3.088365
3.076720 3.088605
2.926550 2.927300
2.702772 2.585708
2.486921 2.374068
2.248806 2.196627
2.164285 2.083263
2.160046 2.039014
2.093521 2.032458
2.159803 2.111122
2.260994 2.159741
2.375946 2.281478
2.446968 2.400546
2.645461 2.551675
2.831171 2.773298
2.970066 2.915483
3.127433 3.093248
3.336790 3.158640
3.321893 3.232038
3.268164 3.187195
3.024906 3.004575
2.729860 2.802780
2.391444 2.647176
2.218133 2.576936
2.224509 2.544739
2.200119 2.498500
2.201823 2.466154
2.237816 2.451435
2.340289 2.456943
2.497694 2.536772
2.612232 2.613696
2.778871 2.636395
2.921802 2.753614
3.076236 2.839182
3.197064 2.964103
3.015670 3.059100
2.943742 2.921818
2.710952 2.749783
2.439415 2.412766
2.209238 2.199960
2.152070 2.168773
2.197074 2.189744
2.256937 2.268756
2.374524 2.371873
2.543750 2.442967
2.658030 2.454581
2.788805 2.575777
2.888125 2.675303
3.082382 2.788589
3.279420 2.919789
3.424346 3.101950
3.488081 3.170561
3.407505 3.146873
3.238099 2.985190
3.030297 2.823588
2.856008 2.670938
2.795681 2.608371
2.652150 2.468215
2.656288 2.424685
2.727160 2.334422
2.781471 2.341051
2.682182 2.490447
2.676660 2.610124
2.803844 2.676791
2.877815 2.723220
2.976187 2.796245
3.040807 2.682520
3.157851 2.719132
3.239189 2.782797
3.326469 2.903181
3.460669 3.121451
3.487682 3.270676
3.509215 3.470272
3.556364 3.583673
3.684161 3.696739
3.824713 3.862588
3.941360 4.059145
4.093494 4.279427
4.399856 4.465629
4.697228 4.756476
5.027429 5.071748
5.397203 5.456952
5.786011 5.936471
6.119508 6.367646
6.571549 6.787650
6.878325 7.203174
7.251943 7.666843
7.593641 8.193088
7.946334 8.622193
8.217064 8.961883
8.392830 9.374122
8.478830 9.585386
8.638331 9.823091
8.715486 9.920170
8.644254 10.128823
7.198205 9.696132
6.189341 8.777542
5.658871 7.483941
4.997390 6.253073
4.637296 5.274913
4.584138 4.714179
4.624000 4.482686
4.786855 4.467107
5.012681 4.722834
5.188446 5.018986
5.035954 4.940827
5.165270 5.137066
5.274378 5.073189
5.386810 5.370582
5.602144 5.602604
5.701981 5.771989
5.940147 6.080376
6.053487 6.391385
6.143278 6.615834
6.413925 6.847674
6.605544 6.934351
6.583330 7.095581
6.433837 7.092333
6.201520 7.052095
5.976465 6.816559
5.567378 6.477910
5.315245 6.018386
4.875409 5.684863
4.447076 4.926771
4.343288 4.740209
4.142064 4.187817
3.877706 3.587667
3.850245 3.274427
3.777295 3.264973
3.783642 3.348177
3.866647 3.541398
4.082963 3.794602
4.386313 4.129938
4.728798 4.483682
5.093436 4.884657
5.242454 5.061841
5.409806 5.283740
5.508423 5.373857
5.604469 5.456150
5.641446 5.397648
5.550388 5.287084
5.393620 5.145983
5.236515 4.815706
5.136634 4.628230
5.163197 4.414875
4.828920 3.832274
4.658915 3.388604
4.692768 3.359446
4.644656 3.151425
4.914386 3.354770
5.180861 3.590473
5.536712 3.898426
5.836088 4.259834
6.175953 4.549072
6.511663 4.791205
6.603546 4.992169
6.690369 5.033960
6.762339 4.996651
6.928269 4.831093
7.081727 4.901017
7.151434 5.011052
7.271529 5.151750
7.478499 5.264274
7.684085 5.495498
7.883825 5.571738
7.688067 5.336052
7.398850 5.400264
7.311786 5.220386
6.962040 5.073443
6.824720 4.668870
6.520852 4.233296
6.385362 4.099989
6.108365 3.959832
5.789800 3.587824
5.355369 3.208108
4.682200 3.034569
4.039468 2.707299
3.799803 2.636776
3.596135 2.257772
3.533407 2.339424
3.637297 2.503005
3.821818 2.788332
4.055290 3.105653
4.237081 3.475543
4.481916 3.822765
4.676054 4.140261
4.881249 4.455988
5.101960 4.885540
5.370368 5.295368
5.659124 5.841673
5.871647 6.216511
6.089261 6.613858
6.357211 7.003484
6.582965 7.356227
6.923579 7.485191
6.555355 6.940180
6.180976 6.190593
5.848519 4.974320
5.389265 3.916745
5.040839 3.580190
4.884207 3.017118
4.611703 2.569560
4.188269 2.413204
3.898730 1.591955
3.571296 1.589062
2.881188 1.519753
2.448224 1.602642
2.414961 1.809839
2.460216 2.114016
2.533513 2.436625
2.793153 2.893127
3.056885 3.362525
3.302414 3.867604
3.497300 4.425533
3.716337 4.892371
3.755377 5.366698
3.922030 5.761478
4.096064 6.013966
4.193942 6.120541
4.291342 6.200862
4.489386 6.210786
4.552437 6.291430
4.795709 6.385380
4.930871 6.292494
5.065620 6.274849
5.114165 6.075184
5.015682 5.719137
4.798421 5.323957
4.395913 5.035555
4.050148 4.621819
3.678113 4.035497
3.505415 3.583507
3.487345 3.049333
3.422602 2.911333
3.312041 2.952498
3.298198 2.783597
3.266683 2.963566
3.365795 3.171097
3.519973 3.499429
3.822621 3.970690
4.175209 4.570382
4.502893 5.222608
4.783587 5.771798
4.958939 6.307199
5.107398 6.583816
4.666384 6.572505
4.118614 5.962948
3.345228 5.064401
2.825264 3.936191
2.690951 3.246354
2.661988 2.401766
2.616131 2.170683
2.681704 1.907673
2.591653 1.676430
2.419041 1.373413
2.240344 1.465889
2.174890 1.687929
2.191053 1.951741
2.265728 2.151057
2.373172 2.365818
2.576022 2.580716
2.833273 2.875218
3.133721 3.233812
3.537868 3.678360
3.887189 4.056154
4.137377 4.493522
4.454446 4.869695
4.756700 5.230542
5.030853 5.597758
5.275718 6.018019
5.553296 6.391005
5.784540 6.709543
6.040610 7.069378
6.205505 7.438946
6.479701 7.696951
6.541253 7.709272
6.666290 7.855531
6.816114 8.009433
6.827553 8.119989
7.032522 8.295601
7.189278 8.425111
7.273401 8.371042
7.368457 8.232509
7.415314 8.339921
7.479737 8.285471
7.367078 7.823209
7.023518 7.335557
6.669413 6.437729
6.272518 5.459803
5.649999 4.790116
5.005339 4.011142
4.621104 3.091515
4.391972 2.958458
4.303528 2.953740
4.342799 3.168660
