40
5390
5570
5670
5870
5970
6120
6240
6380
6380
4180
4260
5440
5530
5660
5790
5900
6040
6220
6340
4030
5280
5490
5520
5660
5780
5900
6040
6060
6310
4230
5380
5400
5920
5800
5970
5910
5120
5240
5350
3350
4450
4600
4670
4830
4900
5010
5140
4910
6710
4040
5380
5500
5510
5670
5800
5920
6040
6170
6310
3140
5220
5410
4950
4820
4930
5040
5130
5290
5380
3350
4490
4570
4710
4840
4910
5040
5170
5270
5420
3390
4530
4580
4480
4790
4930
5020
5160
5320
5400
3350
4470
5130
5170
5550
5230
5490
5720
5720
5680
3360
4540
4740
5560
5490
6090
6010
6040
6270
7120
4540
5220
5360
5430
5530
5720
5830
5940
5040
6190
3960
5200
5350
5380
5560
5760
6010
5920
6070
6150
3980
5180
5300
5410
5520
5680
5840
5930
6060
6190
3970
5160
5310
5470
5550
5750
5760
5910
6110
6200
3940
5140
5290
5400
5560
5660
5810
5970
6040
6160
3960
5160
5300
5470
5590
5660
5790
5940
6060
6210
3960
5170
5270
5400
5530
5680
5810
5910
6060
6180
3950
5170
5300
5420
5540
5660
5770
5910
6100
6180
3940
5170
5320
5410
5560
5670
5800
5930
6060
6360
4010
5470
6480
6620
6760
5830
5840
5940
6070
6180
3970
5240
5420
5540
5710
5790
5960
6050
6220
6320
4040
5280
5450
5560
5690
5790
5920
6040
6180
5920
3350
4460
4590
4720
4790
4900
5050
5160
5240
5360
4290
4510
4560
4710
4870
4900
5060
5130
5240
5390
3360
4450
4600
4670
4860
4900
5010
5130
5260
5380
3340
4450
4560
4670
4790
4900
5110
4610
6110
6550
4050
5280
5380
5540
5680
5780
5900
6050
6220
6330
4120
5300
5410
5540
5650
5830
5950
6000
6180
5440
3700
5290
5450
5570
5650
5790
5930
6030
6200
6320
4040
5270
5410
5500
5660
5720
5880
5880
6070
6200
3920
4370
5170
5300
5400
5500
5630
5740
5980
5980
3840
4990
5060
5190
5400
5490
5600
5700
5780
6080
3800
5100
5100
5250
5320
5510
5530
5710
5960
5990
3790
4980
5090
5180
5430
5440
5660
5710
5910
5910
3810
4990
5120
5220
5340
5670
5530
5660
5940
5870
3850
5050
5160
5280
5300
5560
5660
5740
5880
5900
3890
4850
5150
5300
5340
5440
5550
5680
5670
5990
3680
4930
5200
5550
5690
5800
5940
6050
6230
6320
4040
5290
4010
5280
5660
5580
5590
5660
5640
5870
3730
4980
5140
5240
5300
5480
5580
5630
5860
6020
3910
5030
5020
5210
5360
5340
5570
5770
5860
5880
3780
