3120
3100
3130
3130
3140
3120
3100
3130
3100
3240
3110
3110
3160
3100
3120
3120
3120
3100
3130
3220
3130
3100
3110
3120
3120
3110
3140
3100
3110
3220
3100
3110
3110
3110
3100
3150
3110
3140
3120
3220
3110
3120
3100
3110
3100
3100
3120
3100
3090
3210
3100
3110
3090
3110
3100
3110
3100
3100
3100
3220
3090
3100
3110
3110
3110
3110
3110
3110
3100
3220
3100
3100
3090
3090
3100
3110
3110
3110
3090
3200
3120
3090
3110
3100
3100
3110
3090
3110
3090
3210
3100
3090
3120
3110
3090
3090
3130
3100
3110
3230
3090
3110
3100
3100
3110
3130
3090
3110
3110
3250
3100
3090
3120
3130
3140
3090
3090
3090
3100
3220
3110
3100
3100
3110
3120
3120
3100
3100
3110
3210
3100
3110
3120
3130
3120
3110
3100
3100
3100
3220
2790
3140
3110
3110
3130
3130
3110
3130
3130
3230
3120
3110
3110
3110
3120
3120
3110
3120
3090
3250
3100
3110
3130
3100
3130
3120
3110
3100
3110
3220
3120
3110
3110
3120
3110
3110
3120
3100
3110
3220
3110
3110
3110
3100
3120
3110
3110
3110
3110
3220
3100
3110
3130
3120
3110
3110
3100
3120
3110
3210
2650
1960
2240
3110
3100
3090
3120
3120
3100
3210
3120
3100
3100
3100
3110
3120
3110
3110
3110
3230
3100
3110
3100
3110
3140
3100
3110
3110
3120
3220
3100
3100
3130
3100
3110
3100
3110
3110
3100
3220
3130
3130
3110
3120
3100
3110
3100
3100
3110
3220
3100
3110
3120
3100
3110
3100
3130
3090
3110
3220
3110
3100
3100
3110
3110
3110
3090
3130
3100
3210
3100
3110
3100
3110
3110
3120
3100
3130
3100
3230
3100
3110
3100
3100
3120
3100
3100
3100
3100
3230
3090
3110
3110
3100
3110
3100
3090
3110
3120
3220
3110
3110
3100
3110
3100
3110
3100
3110
3100
3220
3100
3100
3100
3120
3100
3100
3120
3110
3110
3220
3100
3120
3110
3100
3120
3120
3100
3110
3100
3230
3110
3130
3070
3120
3120
3120
3140
3130
3140
3280
3120
3140
3150
3120
3120
3130
3130
3140
3120
3250
3130
3120
3130
3120
3130
3130
3150
3140
3130
3260
3140
3130
3130
3130
3130
3130
3130
3140
3130
3240
3120
3130
3130
3130
3130
3130
3120
3130
3140
3240
3140
3130
3120
3120
3140
3130
3130
3130
3120
3260
3120
3130
3120
3120
3150
3140
3130
3120
3140
3230
3120
3130
3150
3110
3110
3110
3120
3110
3100
3240
3050
3100
3100
3100
3120
3110
3120
3110
3130
3220
3110
