60
100
140
180
260
310
360
420
460
500
550
560
550
550
550
560
550
540
550
560
550
550
560
550
550
550
550
550
550
550
550
550
540
550
550
550
550
550
560
550
560
550
550
550
560
550
550
560
560
550
560
560
550
550
560
540
560
550
550
550
560
560
550
540
550
550
550
550
560
550
560
550
560
550
550
550
560
550
560
550
560
550
550
560
550
560
540
540
550
560
560
550
550
550
560
550
550
550
550
550
560
550
550
550
560
550
560
560
550
560
560
560
550
550
550
550
560
550
560
550
560
550
560
550
540
550
550
560
550
550
560
560
550
560
550
560
550
560
550
550
550
560
550
550
560
550
550
560
560
550
550
550
560
550
550
550
550
550
550
560
550
540
550
540
550
550
550
550
560
550
550
550
550
550
550
550
550
550
550
550
560
550
560
550
560
550
560
550
540
550
560
560
550
550
550
550
550
560
560
550
560
550
540
550
560
550
550
560
550
560
560
550
550
550
560
540
550
550
560
540
550
560
550
550
560
550
560
550
560
540
560
560
550
550
550
550
560
540
560
550
550
560
550
550
560
540
550
560
550
550
560
550
560
550
550
550
550
550
550
550
560
550
550
560
540
560
550
550
550
550
570
550
550
550
550
550
550
550
550
550
550
560
550
550
550
560
550
550
560
550
560
550
550
560
550
550
550
550
550
540
560
560
550
560
550
550
560
550
560
550
560
550
550
550
560
550
550
550
560
550
560
550
560
550
560
550
550
560
550
550
560
550
560
550
550
550
550
560
550
550
560
550
560
550
550
560
550
560
560
550
560
550
560
550
560
560
550
560
550
560
550
550
540
550
550
560
550
550
550
560
550
550
550
550
560
550
550
550
550
550
560
550
550
560
560
550
560
550
550
560
540
560
550
550
550
550
550
550
560
550
560
550
560
550
560
550
550
540
550
560
560
550
560
550
540
550
560
550
550
560
550
