2.108106 2.017199
2.021937 1.834182
1.907120 1.688951
1.843056 1.539016
1.795713 1.459684
1.791757 1.404049
1.877327 1.398115
1.943462 1.406313
1.973964 1.470388
2.139128 1.547501
2.403613 1.737066
2.513394 1.763050
2.703009 1.778497
2.858035 1.935204
3.031859 2.033408
3.267950 2.191486
3.437336 2.336698
3.528934 2.467040
3.439978 2.472185
3.325343 2.457531
3.147467 2.332278
2.808704 2.136408
2.607443 2.036932
2.551877 2.089911
2.459286 2.053907
2.413211 2.004976
2.301487 1.906332
2.182071 1.778379
2.194209 1.702747
2.178177 1.559971
2.323686 1.739776
2.298471 1.652109
2.335223 1.671932
2.450808 1.685992
2.602290 1.836529
2.765231 2.061092
2.936020 2.296500
3.004036 2.530879
2.951773 2.729361
2.824241 2.655075
2.692673 2.497924
2.293865 2.244137
2.027510 2.005591
1.907335 1.803275
1.829574 1.694315
1.836815 1.686651
1.906675 1.782571
2.073390 1.861417
2.182355 2.066494
2.362872 2.371877
2.661106 2.735543
2.834403 3.066372
3.079843 3.357155
3.341293 3.625549
3.515760 3.902525
3.755251 4.062018
3.775495 4.004862
3.717331 3.850417
3.428982 3.687677
3.265425 3.449615
3.116262 3.286515
3.028206 3.133977
3.039804 3.021327
2.871854 2.948864
2.951226 2.798865
2.924650 2.511196
2.737218 2.321453
2.641838 2.128377
2.609527 1.948888
2.537553 1.714456
2.792764 1.894424
2.757811 1.885418
2.655445 1.903121
2.749575 2.077114
2.800615 2.200081
2.835357 2.353995
2.955500 2.593775
3.106427 2.940223
3.262400 3.374748
3.448284 3.741732
3.625309 4.125813
3.682181 4.410682
3.779492 4.487887
3.917534 4.601751
3.972412 4.685171
3.786304 4.465757
3.721745 4.289038
3.710321 3.917804
3.642530 3.689220
3.636129 3.432027
3.809247 3.494286
3.695509 3.436537
3.766272 3.309131
3.959445 3.370925
4.288379 3.546273
4.737508 3.766774
5.254695 3.872092
5.887776 4.298424
6.273860 4.425036
6.500509 4.589813
6.630086 4.579647
6.429349 4.168683
6.175706 3.960903
5.994053 3.720126
5.852945 3.503658
5.632985 3.282570
5.514517 3.407655
5.205904 3.589294
4.826853 3.715198
4.610658 3.762302
4.616959 3.914958
4.234806 3.724439
3.941742 3.413038
3.565450 2.923027
3.336747 2.662303
3.381118 2.495879
3.499882 2.464347
3.756832 2.512544
4.089198 2.657000
4.507252 2.797467
4.948451 3.091015
5.179984 3.119377
5.346126 3.022664
5.465459 2.999533
5.531026 2.942414
5.554889 2.944639
5.681777 2.675893
5.649334 2.691174
5.458179 2.637038
5.092122 2.488199
4.886341 2.320638
4.654765 2.199263
4.481528 2.086504
4.322456 2.150127
4.383786 2.225473
4.380691 2.404695
4.450642 2.662760
4.587548 2.947291
4.712225 3.255218
4.777479 3.629046
4.907113 3.899317
4.866202 4.006394
4.593413 4.022292
4.209201 3.863239
3.689385 3.506110
3.018562 3.055157
2.703349 2.608070
2.347739 2.129805
1.982813 1.938595
1.879118 1.667729
2.079641 1.853029
2.139053 1.800706
2.254606 1.881175
2.531708 1.976894
2.848885 1.935254
3.158931 2.031098
3.502683 2.031293
3.820450 2.155417
4.087927 2.215683
4.377660 2.323907
4.650864 2.537736
4.701634 2.603795
4.510908 2.575387
4.285670 2.514177
4.012412 2.295757
3.638521 2.144057
3.309260 1.993659
3.206219 1.986988
3.205902 2.081870
3.041029 2.176344
3.193539 2.434035
3.286438 2.627191
3.297232 2.891610
3.282751 3.031258
3.277301 3.059746
3.117047 2.737872
2.752738 2.611132
2.404456 2.413556
2.248191 2.185247
2.056946 1.852982
2.005387 1.929911
1.777825 1.708882
1.919085 1.710915
2.022620 1.742671
2.264040 1.783835
2.543678 1.788961
2.822865 1.819027
3.137662 1.816800
3.516890 1.976760
3.882599 2.138750
4.302277 2.386138
4.369810 2.281926
4.435486 2.228036
4.294479 2.102184
4.189482 1.952915
4.009979 1.903919
3.971530 1.980251
3.989681 2.082313
4.002222 2.110350
4.074158 2.197254
4.322411 2.299044
4.070574 2.144764
3.876592 2.047378
3.980919 2.065526
4.037619 2.233746
4.208655 2.476615
4.363518 2.714414
4.581054 3.077447
4.867324 3.434772
5.135334 3.903682
5.406731 4.395519
5.559161 4.898459
5.604460 5.472008
5.667044 6.070825
5.666312 6.787657
5.725615 7.493363
5.584194 8.012722
5.202405 8.120526
4.604190 7.379230
3.590644 5.971628
3.552891 5.634571
2.950402 3.978264
2.695936 2.803344
2.589737 2.277413
2.421002 1.591789
2.338807 1.586785
2.364096 1.555474
2.369891 1.553577
2.236468 1.559658
2.304305 1.506396
2.524193 1.696735
2.506445 1.694341
2.468632 1.868156
2.443302 2.020333
2.562109 2.263715
2.708640 2.554409
2.826053 2.887756
3.069050 3.239021
3.226248 3.588627
3.347046 3.985186
3.602167 4.411786
3.711239 4.510321
3.641459 4.428920
3.520976 4.052786
3.323176 3.577661
3.138556 3.040355
2.768412 2.613962
2.442053 2.183777
2.231406 1.901509
2.117591 1.718567
2.163021 1.762629
2.036768 1.743814
2.006739 1.806431
1.982869 1.851502
2.038794 1.876982
2.046381 1.840153
2.112200 1.833963
2.182783 1.829112
2.216533 1.876542
2.362628 1.842563
2.682019 2.090048
2.773621 2.254855
2.801304 2.477813
2.925490 2.746409
3.016076 3.147338
3.256706 3.532353
3.339342 3.935411
3.510352 4.260040
3.713693 4.614942
3.836890 4.932533
4.033317 5.216882
4.152429 5.238741
4.160378 5.032791
4.129337 4.702975
4.133296 4.423951
4.067106 4.070355
4.002424 3.916644
3.870672 3.624759
3.993045 3.457894
4.048341 3.152796
4.175180 3.272045
4.093913 3.288985
4.057166 3.335834
3.791093 3.094385
3.587988 2.791457
3.626968 2.622271
3.529294 2.494564
3.651657 2.492120
3.714546 2.491572
3.881002 2.649819
4.195654 2.813400
3.676981 2.536293
3.430199 2.340228
3.229536 2.133300
3.120926 2.033716
3.001732 1.925109
2.708898 1.800539
2.482544 1.674435
2.205971 1.578051
2.066847 1.503973
2.102291 1.636930
1.862220 1.355317
1.680308 1.339380
1.725811 1.390505
1.803162 1.455859
2.024496 1.672111
2.291653 1.928012
2.602386 2.195937
2.958070 2.492281
3.306166 2.817570
3.685769 3.185756
3.816747 3.420091
3.995941 3.584332
4.111127 3.791564
4.271011 3.926103
4.453931 4.063683
4.354625 3.926561
4.363590 3.781360
4.050395 3.486639
3.662188 3.430922
3.870955 3.472033
3.484530 2.827925
2.924701 2.262685
2.543032 1.655041
2.394609 1.758825
2.192994 1.581323
2.156553 1.567656
2.071937 1.500403
1.961475 1.392994
1.883660 1.365488
2.085367 1.519422
1.806945 1.396178
1.698525 1.361456
1.603305 1.424467
1.611711 1.527260
1.678145 1.663492
1.731237 1.758569
1.794575 1.942938
1.862480 2.067183
1.866927 2.255599
2.042438 2.553020
2.116082 2.777411
2.327325 2.991973
2.435191 3.257922
2.611758 3.486011
2.719787 3.638469
2.791843 3.781150
2.926094 3.860512
3.033640 3.704904
3.077390 3.367170
3.328175 3.490754
3.141322 2.759803
2.707475 2.208526
2.244436 1.784172
1.891718 1.600425
1.656861 1.507837
1.636369 1.577829
1.678322 1.679215
1.812339 1.906154
2.032260 2.070661
2.323218 2.428611
2.588620 2.602165
2.857021 2.746212
3.004556 2.754532
3.168384 2.680381
3.374114 2.683000
3.548599 2.592412
3.675351 2.479535
3.727778 2.281927
3.688218 2.090740
3.720219 2.295996
3.540270 2.250626
3.385471 2.185061
3.052796 2.202096
2.926138 2.205536
2.716329 2.265709
2.786924 2.270285
2.947014 2.386227
2.971986 2.514196
2.724376 2.503083
2.759953 2.647053
2.630051 2.712261
2.684086 2.890547
2.790383 3.192419
2.858889 3.423900
2.832355 3.529636
2.854255 3.544587
2.955037 3.588585
3.165576 3.699578
3.340100 3.781775
3.494262 3.829515
3.456880 3.654799
3.397842 3.432674
3.347353 3.423204
3.348063 3.339803
3.226412 3.217609
3.329372 3.064923
3.299481 3.139269
3.429910 2.979292
3.580885 3.005186
3.819289 3.222508
3.910453 3.178532
3.759309 3.049703
3.709089 3.137613
3.784913 3.187695
3.574101 2.957286
3.272219 2.930000
3.163355 3.019861
3.158292 3.019506
3.071890 2.964228
3.269511 3.152420
2.845556 2.790454
2.499864 2.583558
2.171720 2.286042
1.780893 1.973934
1.605302 1.723489
1.514851 1.539778
1.531805 1.577808
1.553474 1.608753
1.808108 1.878628
2.143713 2.225143
