0.248498
0.301870
0.348532
0.369891
0.300266
0.220126
0.137061
0.102112
0.272926
0.482362
0.686081
1.263429
1.817713
2.332628
2.838663
3.507111
4.196020
4.775062
5.044270
5.110658
4.784090
4.345745
3.856999
3.359489
2.793956
2.319893
1.823692
1.365066
0.944327
0.728399
0.946998
1.376751
1.875082
2.446181
3.026736
3.473967
3.989197
4.386277
4.575995
4.530564
4.283616
3.717024
3.217080
2.722951
2.326680
2.023106
1.747470
1.653829
1.797073
1.913104
2.187632
2.406045
2.610812
2.978688
3.328736
3.818021
4.295453
4.680049
4.888748
4.966146
4.425904
3.854677
3.255389
2.918708
2.448963
2.261519
2.174894
2.176158
2.381851
2.746089
3.105464
3.448312
3.734563
4.144464
4.494982
4.788130
5.120786
5.430542
5.719601
6.029139
6.470972
6.862478
7.247132
7.644152
8.046930
8.297454
8.448422
8.768305
9.082310
9.349336
9.529600
9.776466
9.983189
10.134129
10.578371
10.919403
11.278476
11.746280
11.981472
12.533625
12.602456
12.718336
12.577865
12.752046
12.668655
12.780681
12.926659
13.243229
13.543664
13.940380
14.470177
14.743453
14.670791
14.431966
14.050822
13.626479
13.252588
12.988105
12.550462
12.125069
11.708817
11.183958
10.749804
10.325434
9.829541
9.223969
8.665597
8.069339
7.377736
6.763997
6.088146
5.360051
4.914873
4.494381
4.151753
4.257062
4.519931
4.796502
5.383115
6.185620
6.740994
7.581414
8.120582
8.622178
9.001368
9.361602
9.308737
9.097372
8.648909
8.380523
8.126341
8.115551
7.992667
7.567987
7.558429
7.458944
7.237739
7.111556
7.026868
6.904735
6.770286
6.893797
7.220153
7.567307
7.746085
7.766182
7.803773
7.903013
8.022582
8.273916
8.499115
8.800361
9.164325
9.483873
9.745646
10.114481
10.321418
10.216088
9.793889
9.255597
8.620129
8.145260
7.745620
7.423545
7.244647
6.962386
6.666786
6.080192
5.727871
5.157636
4.753891
4.256652
3.794537
3.280312
2.712201
2.136762
1.646367
1.221513
1.021900
1.153945
1.456001
1.800415
2.354360
2.965673
3.476619
4.053581
4.650685
5.370733
5.865513
6.318598
6.755745
7.104139
7.427428
7.774493
8.083829
8.390113
8.621990
8.997162
9.295842
9.642270
9.989910
10.410421
10.973278
11.587872
12.091382
12.677860
13.247932
13.800525
14.454817
14.908371
15.525207
16.115902
16.675186
17.048259
17.660456
18.250069
18.781521
19.191921
19.767845
20.366696
20.872057
21.436877
22.091899
22.566155
22.736157
22.697665
22.334745
21.857332
21.366902
20.867635
20.337435
19.667677
19.131642
18.506827
17.985551
17.310631
16.580728
15.997146
15.437965
14.874968
14.254388
13.604192
13.102775
12.546630
12.128256
11.757789
11.437566
10.991689
10.590375
10.207315
9.846003
9.518918
9.220670
8.917811
8.407796
8.194608
7.951179
7.498555
7.061427
6.409651
6.125590
5.761530
5.205249
4.574123
4.009725
3.355394
2.777173
2.297112
1.712678
1.247655
0.871937
0.842918
0.938706
1.377259
1.773038
2.072521
2.205754
2.221524
2.104229
1.877224
1.646067
1.429456
1.222133
1.039138
1.109491
1.367846
1.659905
2.040822
2.359340
2.774588
3.239531
3.720850
4.199301
4.587696
4.967098
5.707461
6.160563
6.550226
7.081772
7.562305
8.127072
8.465404
8.891209
9.500379
10.070511
10.755141
11.251878
11.778997
12.135272
12.669519
13.138068
13.436362
13.739735
13.980916
14.201257
14.425596
14.665286
14.830550
15.203383
15.457581
15.958682
16.598147
17.065503
17.516889
17.918229
18.229294
18.649733
19.157372
19.546411
19.962264
20.543012
20.834992
20.796965
20.500132
20.182321
19.688975
19.225060
18.796461
18.248046
17.751679
17.264972
16.856886
16.381294
15.907953
15.345194
14.959848
14.354674
13.892056
13.395498
12.898838
12.331717
11.928767
11.475276
11.256838
10.901696
10.371143
9.956638
9.658038
9.528891
9.586108
9.933737
10.389985
10.872725
11.341939
11.582619
11.586115
11.318884
11.063278
10.821376
10.461684
10.180561
9.778347
9.325557
8.861262
8.245691
7.670917
7.002216
6.346829
5.643382
4.906160
4.157605
3.414654
2.707584
1.958382
1.219871
0.836110
0.893386
1.225981
1.709416
2.110420
2.679395
2.988958
3.251333
3.299366
3.067807
2.756938
2.245362
1.833067
1.471937
1.138178
0.961263
