70
100
140
180
270
330
370
410
470
510
550
560
550
550
560
560
550
550
560
550
550
550
560
560
560
550
550
550
560
550
550
560
550
550
550
550
560
560
550
560
560
550
560
550
550
550
550
550
560
550
570
550
550
560
550
550
560
560
550
550
560
550
560
550
550
550
560
540
560
560
560
550
550
540
560
550
540
560
550
560
560
550
550
550
560
560
550
550
550
560
550
550
570
550
550
560
560
550
540
560
560
550
550
560
550
560
550
550
550
550
560
550
550
550
570
540
560
560
550
550
560
550
540
550
560
550
550
550
560
550
550
550
550
550
550
560
550
560
560
550
560
550
550
550
550
550
550
550
560
540
560
570
550
560
550
550
550
560
560
560
560
550
560
550
550
570
550
560
550
560
550
550
550
560
550
560
550
560
550
560
560
550
550
550
560
560
570
560
560
550
550
560
550
550
560
550
560
550
550
550
560
550
550
550
550
560
540
540
560
550
560
550
560
550
550
560
550
560
550
550
560
560
560
550
550
550
560
550
550
560
560
550
550
550
550
560
560
560
560
560
560
550
550
550
550
550
550
550
560
550
560
550
550
550
560
550
560
550
550
560
550
560
550
550
550
550
550
550
560
550
550
560
550
550
550
560
560
550
550
560
560
560
560
560
560
560
550
550
550
550
550
550
550
550
550
550
550
550
550
560
550
550
550
560
550
560
550
560
550
550
560
550
560
550
560
560
550
550
550
550
550
550
560
550
560
550
550
550
550
550
560
550
550
560
550
550
550
550
560
560
560
560
540
550
550
560
550
550
550
550
550
550
550
550
560
540
560
550
550
550
560
550
550
550
560
550
550
560
560
550
560
550
550
560
550
550
560
550
550
560
560
550
550
560
550
550
550
550
550
560
550
560
550
550
560
550
540
550
550
560
550
560
550
550
550
550
550
560
550
560
570
560
560
560
560
560
550
550
560
540
560
