2.130404 2.025821
2.036585 1.862714
1.954151 1.755133
1.972492 1.617753
2.050981 1.571112
2.173109 1.560522
2.281038 1.596315
2.468992 1.560169
2.677977 1.594560
2.884984 1.642951
3.115402 1.727134
3.103036 1.709273
3.185841 1.633953
3.365497 1.681773
3.566595 1.832626
3.916030 1.946685
4.201587 2.142176
4.434193 2.320351
4.473996 2.291386
4.319619 2.129630
4.030486 2.018553
3.555679 1.686404
3.203276 1.617704
2.955521 1.618335
2.742255 1.604342
2.645039 1.716388
2.595045 1.816558
2.596438 1.867512
2.691614 1.999432
2.798147 2.079137
2.818671 2.229031
2.773429 1.930994
2.740798 1.664738
2.743186 1.457369
2.781894 1.472145
2.979583 1.601509
3.105889 1.712266
3.255222 1.696872
3.260587 1.667334
3.158224 1.719170
2.918471 1.624274
2.588793 1.538477
2.407741 1.510384
2.240751 1.512293
2.203471 1.568337
2.298566 1.657523
2.356893 1.863532
2.516046 1.998346
2.789723 2.226262
3.045873 2.447411
3.317685 2.606353
3.429360 2.682498
3.538048 2.744463
3.606301 2.670481
3.658895 2.533257
3.860917 2.446514
4.051309 2.404861
3.965380 2.150805
3.805194 1.966259
3.536454 1.741579
3.266065 1.614305
2.907563 1.465915
2.631125 1.450884
2.492211 1.447329
2.439318 1.610452
2.546782 1.725204
2.687092 1.985946
2.860439 2.249699
3.018891 2.427056
3.034574 2.614948
3.185378 2.747393
3.142826 2.377699
3.120090 2.205028
2.929005 1.917756
2.878103 1.601544
2.704784 1.507965
2.589094 1.639282
2.610453 1.825050
2.569122 2.065103
2.668157 2.232557
2.776203 2.505933
2.888261 2.722699
2.878303 2.986680
2.907878 3.172727
3.048094 3.343581
3.174604 3.448509
3.248553 3.565844
3.493075 3.780574
3.682676 4.029514
3.919085 4.316821
4.099374 4.550965
4.335440 4.702322
4.611033 4.874891
4.644333 4.957979
4.901419 5.183641
5.142644 5.312075
5.422049 5.473490
5.572363 5.771094
5.891699 6.010378
5.937341 6.105680
5.669554 6.187733
5.120979 5.922184
4.618901 5.685167
4.271902 5.500662
4.142265 5.255306
3.897920 5.123213
3.850608 4.902868
3.865038 4.875017
3.923386 4.754163
4.001613 4.517450
3.744717 4.337750
3.325043 3.746216
2.873504 3.130733
2.580897 2.889271
2.396268 2.800335
2.274814 2.863651
2.360634 2.941252
2.515218 3.098140
2.711793 3.284861
2.846465 3.447726
3.075299 3.666287
3.279200 3.801509
3.386849 3.824944
3.526788 3.880986
3.693619 3.993581
3.911278 4.156990
4.045585 4.141861
4.015016 3.999327
3.759499 3.692337
3.602494 3.348382
3.291528 3.012703
2.880194 2.553854
2.724147 2.476404
2.655808 2.365355
2.716029 2.378268
2.892781 2.507378
3.046721 2.737943
3.270713 2.990317
3.525968 3.237636
3.760895 3.473579
4.030230 3.763963
3.910118 3.831749
3.741040 3.736752
3.482980 3.648441
3.336522 3.687561
3.221689 3.547835
2.850844 3.258775
2.553486 2.956646
2.372733 2.576025
2.218848 2.408367
2.250716 2.228827
2.255816 2.214952
2.234444 2.252883
2.394392 2.415857
2.595772 2.578037
2.915343 2.813579
3.255375 3.077327
3.591120 3.373993
3.955394 3.685494
4.314601 4.035205
4.619225 4.200985
4.711147 4.252268
4.436902 4.095347
4.267148 3.786863
3.881126 3.111497
3.530904 2.596259
3.229190 2.438658
2.990421 2.313933
2.909443 2.387561
2.965730 2.541755
3.051871 2.690466
2.967803 2.739306
3.013617 2.908217
3.090843 3.004508
3.104633 3.111867
3.316499 3.219994
3.426068 3.315866
3.422324 3.327292
3.339660 3.302067
3.234213 3.168685
3.100119 2.841478
2.845014 2.366187
2.519272 2.167803
2.536318 2.127446
2.387946 2.222854
2.416722 2.423290
2.592326 2.640379
2.828297 2.987948
2.943052 3.272698
3.134005 3.610999
3.193071 3.793875
3.199069 3.711783
3.153566 3.464565
3.197954 3.451836
3.200327 3.386949
3.178579 3.149164
3.109588 2.909278
3.119221 2.811952
3.070670 2.826195
3.092535 2.671942
3.121471 2.888234
3.099712 2.845727
3.037313 2.938817
3.065786 3.058003
3.066304 3.175154
3.229662 3.301693
3.329443 3.427735
3.485473 3.653942
3.529137 3.872542
3.676258 4.032349
3.793395 4.273147
3.772373 4.402764
3.877700 4.529024
3.880863 4.519126
4.045326 4.494993
4.086815 4.477822
3.955991 4.471669
4.082705 4.399819
4.157603 4.526200
4.270387 4.538383
4.288405 4.649503
4.004148 4.327536
3.754957 3.630551
3.369853 3.274873
3.378601 3.211964
3.378295 3.275251
3.370404 3.215883
3.538804 3.297748
3.711744 3.481794
3.782205 3.569050
3.937986 3.707110
4.001289 3.802542
3.880978 3.724670
3.928475 3.862424
3.994480 3.893482
4.164331 4.065648
4.301569 4.136934
4.470360 4.195640
4.669904 4.219665
4.810354 4.381159
5.052930 4.516426
4.981449 4.661147
5.088392 4.756270
5.040962 4.704835
4.872722 4.485624
4.636221 4.286722
4.402602 4.007624
4.147957 3.692216
3.960173 3.490724
3.736251 3.268775
3.591757 3.084771
3.527923 3.016159
3.444645 2.985228
3.414614 3.022350
3.469565 3.043633
3.559021 3.122037
3.725652 3.116057
3.911616 3.255049
4.025646 3.446050
4.277802 3.643628
4.582970 3.868822
4.830349 4.086370
4.941190 4.256809
5.234969 4.339210
5.498215 4.450222
5.760542 4.681628
5.920010 4.907120
6.192606 5.064609
6.379269 5.242322
6.494272 5.293694
6.708990 5.389964
6.643869 5.416646
6.758997 5.455028
6.755416 5.547232
6.989688 5.689746
7.059309 5.818288
7.128058 5.963948
7.166578 6.179894
7.354503 6.403723
7.540536 6.632740
7.639022 6.880370
7.779152 6.902458
7.867903 7.121331
7.991348 7.191084
8.137314 7.238756
8.212476 7.285332
8.333716 7.334083
8.382416 7.398255
8.525698 7.351039
8.650897 7.465669
8.793292 7.589309
8.812914 7.459129
8.554773 7.516130
8.636460 7.500224
8.538107 7.439700
8.486386 7.344581
8.367775 7.159335
8.109226 6.957404
7.814604 6.704150
7.595012 6.461051
7.244685 6.338816
6.803726 6.112353
6.620374 5.934052
6.536876 5.714588
6.488498 5.515811
6.300104 5.342722
6.142754 5.145058
6.034317 5.136780
6.097988 5.164605
6.184378 5.199747
6.142602 5.221370
6.081001 5.148369
6.114642 5.153449
6.086208 5.176615
5.983319 5.226401
6.082627 5.095530
6.111346 5.212635
6.194859 5.192820
6.171243 5.470300
6.267684 5.632530
6.431673 5.915143
6.330192 6.034214
6.251063 6.127713
6.051877 6.227311
5.885684 6.245826
5.821670 6.409661
5.903792 6.523696
5.970054 6.610740
5.930494 6.614298
5.964971 6.673108
5.874632 6.708581
5.815278 6.581661
5.776755 6.438242
5.848424 6.203640
5.797721 6.230180
5.924625 6.272031
6.077725 6.353627
6.307319 6.358316
6.408836 6.495132
6.663377 6.700237
6.949483 6.911585
7.170164 7.067602
7.445790 7.251914
7.645537 7.341064
7.757315 7.339840
7.927837 7.471644
7.898678 7.516104
8.075998 7.566332
8.191710 7.565342
8.294896 7.577625
8.433970 7.740946
8.232571 7.277795
8.012813 7.006987
7.641190 6.577732
7.260770 6.120732
6.871415 5.697318
6.599410 5.513441
6.452408 5.210755
6.339153 5.025735
6.240922 4.804529
6.159639 4.693535
5.839891 4.630630
5.654907 4.566708
5.439306 4.374685
5.357866 4.442007
5.425979 4.653132
5.486969 4.933571
5.621427 5.272103
5.847906 5.608929
6.054177 5.855409
6.282717 6.153014
6.289270 6.152904
6.205252 6.023702
6.133500 6.042326
5.868704 6.205142
5.655649 6.139370
5.473464 6.260424
5.305531 6.319876
5.097529 6.315674
4.817268 6.012099
4.475938 5.952664
4.158856 5.860970
3.900315 5.666664
3.856539 5.406967
3.851708 5.291235
3.828774 5.384496
3.872869 5.443271
4.033900 5.634672
4.021638 5.818759
4.189843 6.024790
4.416108 6.234595
4.593224 6.379268
4.782182 6.311309
4.915021 6.399372
5.095678 6.286093
5.272680 6.233925
5.422701 6.344481
5.621862 6.332356
5.831959 6.431916
6.012024 6.462946
6.294878 6.636778
6.323282 6.657892
6.446941 6.434076
6.459228 6.532842
6.576269 6.602134
6.764613 6.744821
6.910773 6.825346
7.085915 6.705214
7.014838 6.577710
7.122510 6.684638
7.103842 6.716511
7.101692 6.561302
6.980560 6.412842
6.664003 5.938721
6.279741 5.495384
5.832697 5.121862
5.551954 4.823160
5.153895 4.454180
4.971424 4.342580
4.837770 4.320385
4.752898 4.297574
