70
90
130
160
170
200
240
260
340
450
550
550
550
540
550
550
550
550
550
540
560
540
560
550
550
560
550
550
550
540
550
550
550
550
560
550
550
550
550
550
550
550
560
550
550
550
550
550
550
560
560
550
550
550
550
550
550
550
560
550
550
550
550
560
550
540
550
560
550
540
550
560
550
550
540
550
550
540
560
550
550
560
550
540
560
550
550
550
550
550
560
550
560
540
550
550
550
550
550
550
550
550
550
560
550
540
550
560
550
550
560
550
560
550
550
550
550
550
540
550
550
550
560
550
550
550
560
550
550
550
550
550
550
560
540
540
560
540
560
540
560
540
550
550
550
540
560
540
550
540
560
550
550
540
550
560
550
540
550
550
550
560
550
540
550
560
550
550
550
550
560
550
550
550
540
540
540
550
560
560
560
550
540
550
550
550
550
550
550
550
550
550
550
550
550
540
550
540
560
550
550
550
560
550
550
540
560
560
550
540
560
550
550
560
550
550
540
560
550
540
550
550
550
550
550
550
540
550
560
550
550
550
540
540
550
550
550
550
550
550
560
540
550
560
540
560
540
550
550
560
560
550
550
550
550
540
550
560
550
550
550
550
550
560
550
540
550
540
540
560
550
560
550
550
550
540
560
550
550
550
550
550
550
550
560
550
550
550
550
550
560
550
540
550
550
550
540
550
550
560
560
560
560
550
550
550
550
550
560
540
560
550
550
540
560
540
550
550
550
550
550
560
560
550
550
550
550
560
550
560
560
550
550
550
550
540
540
550
550
550
560
540
560
550
550
540
560
550
540
550
550
550
550
540
550
550
550
550
550
560
550
550
560
540
550
550
550
560
550
550
560
550
550
550
560
540
560
550
550
550
550
550
550
550
550
560
540
550
550
550
550
560
540
540
550
550
550
560
550
540
550
560
550
560
560
560
550
550
550
550
560
540
550
550
540
560
550
550
550
540
550
