0.307553
0.353558
0.478509
0.484217
0.434377
0.414079
0.278832
0.213699
0.138315
0.065855
0.071092
0.215734
0.333886
0.280158
0.524818
0.281559
0.074821
0.218321
0.394263
0.636376
0.576935
0.529234
0.485646
0.486168
0.565903
0.545309
0.562066
0.620480
0.605485
0.610189
0.668750
0.660279
0.684159
0.709077
0.674818
0.748771
0.717983
0.788979
0.785930
0.792285
0.723779
0.788744
0.780503
0.780040
0.751319
1.019567
1.130105
0.982949
1.026748
0.775202
0.839299
0.911558
1.057370
1.321584
1.226930
1.134179
1.115784
1.083408
1.012198
0.949777
0.979951
0.882788
0.791461
0.777545
0.780354
0.742369
0.861985
0.825180
0.917261
0.810490
0.736395
0.867150
0.818811
0.787870
1.010935
0.939367
0.842386
0.951048
1.086718
1.061848
0.996861
0.592423
0.516203
0.722921
0.791704
0.524148
0.451259
0.546430
0.669308
0.677489
0.689500
0.603167
0.613345
0.669341
0.702861
0.749720
0.840777
0.939186
1.048424
1.148341
1.272252
1.384179
1.515327
1.609690
1.783453
1.908470
2.097540
2.248980
2.401040
2.598183
2.652430
2.953410
3.217999
3.317460
3.603125
3.601999
3.646010
3.334627
3.169881
2.907162
2.765287
2.495644
2.417699
2.302202
2.307760
2.312363
2.307991
2.223039
2.194179
2.099080
2.018500
2.037488
1.976406
1.936267
1.866648
1.870918
1.873662
1.849757
1.898076
1.839404
1.778765
1.825858
1.813814
1.730312
1.764146
1.688489
1.735973
1.645596
1.729556
1.717392
1.682653
1.428785
1.242182
1.561090
1.710055
1.766077
1.844792
1.925911
2.047592
2.148199
2.244514
2.496445
2.716444
2.843217
3.020917
3.150543
3.331744
3.512664
3.710599
3.915763
4.097512
4.077786
4.087547
4.304729
4.554641
4.836441
5.029905
5.355354
5.555647
5.863906
5.716218
5.868885
6.233954
6.346726
6.223310
6.230035
5.949995
5.647293
5.707211
5.499945
5.463301
5.328552
5.418163
5.257867
5.344324
5.480573
5.446079
5.621859
5.545168
5.694588
5.830647
5.978696
6.230708
6.599236
6.568809
6.669015
6.391192
6.290199
6.265726
6.246899
6.221482
6.055779
6.081247
6.080577
6.094804
6.099851
6.334845
6.301444
6.309858
6.552809
6.535448
6.530987
6.497013
6.630542
6.620907
6.548701
6.785117
6.731257
6.829692
6.906462
6.672006
6.500717
6.520947
6.393047
6.176291
6.262046
6.241628
6.286675
6.207727
6.314721
6.411303
6.251904
6.332577
6.378559
6.426899
6.515451
6.560748
6.507519
6.594171
6.605277
6.764962
7.004668
7.130142
7.113225
6.922132
6.676247
6.562222
6.473464
6.187561
5.948493
5.846021
5.800456
5.804572
5.893990
5.901357
5.873775
6.083823
6.021846
5.931858
6.035721
5.883208
6.185358
6.263536
6.414048
6.404731
6.383503
6.412028
6.123768
5.997968
5.957046
5.793166
5.725050
5.792313
5.841477
5.850737
5.679512
5.760449
5.812509
5.750173
5.944136
6.147951
6.249035
6.511791
6.442089
6.813955
7.123212
7.413921
7.697706
7.692961
7.514446
7.027737
6.836956
6.614816
6.289434
6.222657
6.089723
5.911660
5.795062
5.885653
5.759873
5.852776
5.975548
5.971192
6.147410
6.089809
6.031664
6.067514
6.147394
6.364778
6.500788
6.780663
6.860612
6.716907
6.494094
6.462987
6.185231
6.121839
5.843519
5.652604
5.429219
5.448554
5.414462
5.269773
5.282065
5.379627
5.498316
5.780087
6.074189
6.498095
6.774323
7.202163
7.779456
7.331586
7.135055
6.803971
6.455352
6.099052
5.620267
5.371472
5.154052
5.188096
5.125046
5.504071
5.695072
5.907911
5.870734
5.812306
5.767301
5.730358
5.851370
6.017972
6.234262
6.502757
6.511294
6.776112
6.992813
7.234517
7.190644
7.152482
7.386582
7.643031
7.862997
8.094024
8.313638
8.565966
8.798775
8.973037
9.184247
9.499794
9.654125
9.672272
9.696812
9.667349
9.482460
9.270669
8.939899
8.777561
8.741083
8.631766
8.550155
8.260663
8.129898
8.023760
7.969084
7.842505
7.692228
7.577912
7.462855
7.333206
7.157540
7.027668
6.882681
6.894496
6.885393
6.839101
6.825378
6.789998
6.666575
6.550435
6.467564
6.466243
6.337960
6.161576
5.995601
6.317135
6.398096
6.302322
6.374902
6.787937
7.188114
7.645758
7.680208
8.027569
8.509931
9.021939
9.348246
8.952848
8.371508
7.805441
7.295815
6.825331
6.599023
6.212741
5.835703
5.634051
5.438418
5.289296
5.264722
5.422609
5.560591
5.669138
5.732451
5.992998
6.013544
6.210985
6.394564
6.755759
7.025407
7.365270
7.829737
8.198735
8.623992
9.051121
9.545432
10.095606
10.616365
11.080148
11.307794
11.279933
11.293905
11.287924
11.190315
10.892043
10.330009
10.341409
10.314411
10.078655
9.771161
9.399126
9.076090
8.767777
8.501252
8.190298
7.879331
7.598950
7.627102
7.690618
7.598831
7.391744
7.181167
7.024105
6.873267
6.791323
6.609657
6.438374
6.296090
6.137545
6.085154
5.922586
5.848099
5.897409
6.307098
6.787307
6.776699
6.765916
7.206508
7.601273
7.951826
8.175527
8.309288
7.853330
7.400774
7.146549
6.923455
6.716029
6.576886
6.232025
6.356606
6.298748
6.247397
6.428242
6.572661
6.711241
6.833128
6.825962
6.827101
6.943937
7.095398
7.240624
7.396233
7.571476
7.617997
7.845543
8.078704
8.200670
8.445686
8.686395
8.953001
9.249167
9.636551
9.963396
10.333449
10.666263
10.836075
10.701612
10.795210
10.307646
9.919191
9.348099
8.964078
8.421366
7.990828
7.628731
7.355810
7.162663
6.935864
6.810569
6.599593
6.433787
6.263922
6.277426
6.137350
6.007239
6.093261
5.990354
5.870669
5.772216
5.820910
5.709184
6.099907
6.674856
