1.998155 2.004069
1.931818 1.936462
1.877899 1.845417
1.809921 1.752617
1.777026 1.739028
1.714372 1.670774
1.715448 1.684775
1.709580 1.697670
1.661478 1.693378
1.574619 1.673318
1.527512 1.620240
1.426695 1.499659
1.288227 1.421259
1.130803 1.373056
1.029680 1.243077
1.108039 1.241335
1.148460 1.169601
1.047074 1.112355
1.051422 1.111857
1.053821 1.065982
1.039657 1.077396
0.898725 0.976440
0.798322 0.919040
0.765850 0.933120
0.732985 1.039126
0.735080 1.099905
0.697447 1.143665
0.703567 1.242278
0.711590 1.299224
0.713538 1.345776
0.721718 1.380214
0.686904 1.289507
0.628026 1.224777
0.633428 1.298405
0.627957 1.323334
0.626304 1.376511
0.554001 1.373274
0.527286 1.374180
0.511461 1.433444
0.501386 1.418075
0.513058 1.462454
0.490202 1.392486
0.489984 1.431722
0.476949 1.453661
0.493659 1.623936
0.440757 1.427032
0.426307 1.257500
0.466573 1.148862
0.491116 1.072204
0.456266 0.957077
0.414222 0.841634
0.396025 0.697023
0.429424 0.650257
0.542363 0.622003
0.553108 0.639681
0.524073 0.706294
0.492723 0.770311
0.462330 0.761406
0.466672 0.884762
0.421714 1.022791
0.429005 1.075979
0.396229 1.128386
0.368661 1.164455
0.358249 1.215238
0.350322 1.299177
0.308345 1.226399
0.288015 1.180904
0.279556 1.157195
0.270295 1.213405
0.270109 1.285344
0.271616 1.292814
0.264540 1.282573
0.270294 1.256688
0.281618 1.367272
0.285023 1.327334
0.295358 1.328785
0.273100 1.186845
0.262424 1.120225
0.347980 1.036967
0.373178 0.957157
0.425229 0.905758
0.436456 0.768186
0.400308 0.725550
0.347995 0.662022
0.445293 0.704656
0.537899 0.631889
0.547734 0.553480
0.586050 0.520540
0.646620 0.517146
0.614006 0.506241
0.523712 0.503091
0.522279 0.573780
0.550904 0.618682
0.600676 0.702106
0.594110 0.722945
0.544911 0.771741
0.533618 0.827246
0.519861 0.863804
0.511675 0.862940
0.510903 0.921763
0.518577 0.987420
0.484306 0.940395
0.486970 0.934090
0.462892 0.937549
0.432403 0.882156
0.426840 0.909042
0.431622 0.867925
0.417074 0.904995
0.389948 0.901342
0.382088 0.938191
0.340016 0.951755
0.317243 0.891129
0.323774 0.869356
0.359230 0.774033
0.392464 0.746042
0.361589 0.729182
0.358964 0.683116
0.364299 0.623723
0.391689 0.572833
0.429478 0.509299
0.488169 0.485446
0.500487 0.475608
0.471260 0.506107
0.441779 0.524821
0.437971 0.543782
0.426934 0.568756
0.411309 0.604844
0.386857 0.667039
0.372378 0.697139
0.346121 0.742806
0.337222 0.787429
0.315502 0.844801
0.246566 0.828436
0.216942 0.875806
0.212990 0.933455
0.227411 1.000251
0.235638 1.040484
0.240883 1.020335
0.242028 0.955007
0.223755 0.890647
0.220994 0.865447
0.231221 0.916976
0.225141 0.889974
0.212727 0.757245
0.216613 0.694389
0.221329 0.722189
0.265914 0.701118
0.369988 0.718718
0.497341 0.720404
0.561635 0.603519
0.525824 0.499541
0.396868 0.406036
0.334403 0.396042
0.384401 0.358356
0.424997 0.407442
0.428339 0.480495
0.563174 0.643769
0.489813 0.587130
0.436764 0.580064
0.455470 0.640255
0.526019 0.692082
0.544083 0.742862
0.493699 0.712409
0.430897 0.673626
0.424365 0.712405
0.350483 0.703140
0.360062 0.741403
0.360248 0.804019
0.344753 0.841950
0.333273 0.812453
0.344167 0.808496
0.412570 0.725558
0.517932 0.720693
0.541192 0.730190
0.541977 0.669583
0.605715 0.714824
0.576004 0.764715
0.556116 0.831731
0.578222 0.942208
0.482297 0.963403
0.420512 0.891761
0.404181 0.891526
0.381910 0.871261
0.471325 0.878152
0.403744 0.771137
0.358649 0.667501
0.390172 0.618687
0.509047 0.609478
0.568962 0.565779
0.632817 0.517545
0.671554 0.482876
0.750272 0.477793
0.772660 0.480332
0.827703 0.496078
0.920338 0.506591
0.905961 0.496532
1.001172 0.552429
1.054544 0.519202
1.048491 0.462957
1.107183 0.461168
1.109823 0.459841
1.180049 0.493316
1.091553 0.623216
0.889624 0.715162
0.807064 0.663346
0.750080 0.687597
0.717180 0.577784
0.669365 0.538684
0.633543 0.493558
0.586179 0.475097
0.572662 0.534602
0.516942 0.629832
0.535937 0.595454
0.578464 0.577620
0.625930 0.561797
0.664052 0.527896
0.683408 0.502239
0.806083 0.506023
0.909074 0.495336
0.961223 0.475336
1.091231 0.485395
1.002167 0.462106
0.856734 0.427120
0.908065 0.476696
0.841037 0.550946
0.774525 0.497154
0.677054 0.425659
0.586128 0.382806
0.610475 0.383226
0.543860 0.467520
0.427268 0.434483
0.375790 0.402140
0.427302 0.389183
0.564981 0.404867
0.661277 0.411991
0.741425 0.409543
0.784668 0.410649
0.869862 0.413507
0.926059 0.411180
0.958983 0.399106
0.941060 0.400510
0.886995 0.386566
0.867197 0.363223
0.745881 0.330406
0.678333 0.308424
0.658386 0.299374
0.674570 0.321525
0.703064 0.335805
0.671304 0.414639
0.635733 0.495367
0.537526 0.578452
0.470728 0.609380
0.378891 0.577906
0.336146 0.425514
0.309710 0.354338
0.289720 0.301998
0.287499 0.271118
0.290387 0.305516
0.302055 0.414929
0.395019 0.510125
0.488589 0.547666
0.520359 0.458785
0.543955 0.420279
0.543196 0.388187
0.605149 0.369506
0.698296 0.360366
0.685803 0.333682
0.682262 0.313323
0.706337 0.289307
0.637643 0.272716
0.621755 0.266861
0.670345 0.275402
0.584905 0.284205
0.520023 0.287149
0.580613 0.358306
0.525365 0.353344
0.527069 0.348882
0.580162 0.331001
0.712984 0.358135
0.782546 0.379345
0.950540 0.483481
0.928107 0.524019
0.898788 0.518877
0.963823 0.535370
0.879333 0.459164
0.754646 0.410369
0.670817 0.379564
0.664698 0.378357
0.678897 0.372404
0.874796 0.447271
1.181256 0.537072
0.998579 0.432556
0.951094 0.364935
0.948867 0.355042
0.716115 0.398982
0.633033 0.538566
0.542465 0.638768
0.500582 0.693549
0.472158 0.650613
0.378920 0.571649
0.377238 0.526564
0.359645 0.570095
0.375023 0.627722
0.398950 0.698812
0.394565 0.670076
0.375343 0.658085
0.468155 0.664870
0.565554 0.601223
0.601971 0.588807
0.651646 0.572587
0.693283 0.564974
0.770886 0.560116
0.696582 0.513902
0.681727 0.442753
0.694242 0.412207
0.702516 0.380906
0.813900 0.408385
0.909472 0.426723
1.053677 0.458116
1.149884 0.507266
1.161079 0.539732
1.225991 0.551303
1.077005 0.637996
0.864139 0.631051
0.772565 0.571180
1.009639 0.597662
0.916236 0.561489
0.875400 0.521806
0.838937 0.470229
0.796378 0.416348
0.748888 0.383136
0.673774 0.348654
0.629421 0.325859
0.620530 0.301632
0.561304 0.282010
0.453355 0.282924
0.487485 0.319470
0.513076 0.303360
0.535586 0.345019
0.571890 0.410538
0.515560 0.449206
0.486392 0.510812
0.449748 0.378043
0.410165 0.336906
0.390891 0.355527
0.388404 0.475791
0.353948 0.573339
0.340505 0.700936
0.349089 0.807934
0.362346 0.862820
0.427538 0.937157
0.464447 0.917995
0.610999 0.996822
0.695117 1.001102
0.708769 0.991786
0.758557 1.025094
0.707290 0.989707
0.649380 0.938373
0.624294 0.903452
0.639890 0.906599
0.663573 0.901166
0.683227 0.847475
0.746901 0.836984
0.731617 0.813374
0.774669 0.772753
0.761375 0.721778
0.799376 0.701460
0.730736 0.674543
0.626593 0.623153
0.661487 0.607802
0.713874 0.602633
0.745194 0.577768
0.761044 0.542126
0.792762 0.527497
0.870950 0.517231
0.942904 0.530941
1.058052 0.583182
1.163670 0.728613
1.191114 0.827529
1.098008 0.878973
1.139093 0.876390
0.985750 0.803697
0.888814 0.681001
0.809012 0.698820
0.757060 0.742280
0.697359 0.809425
0.700408 0.807422
0.728540 0.756313
0.726647 0.718515
0.731833 0.661290
0.807245 0.652595
0.812718 0.574277
0.854609 0.549806
0.878433 0.530807
0.911545 0.529134
0.907363 0.504842
0.769069 0.444998
0.739222 0.417848
0.708312 0.405101
0.673456 0.388757
0.634035 0.373925
0.673595 0.363588
0.603302 0.366595
0.544115 0.344586
0.475232 0.340198
0.467801 0.348375
0.461593 0.360018
0.503824 0.360876
0.612316 0.374238
0.710428 0.393358
0.928742 0.435851
1.033439 0.426887
1.133031 0.411715
1.232663 0.428670
1.275095 0.433402
1.321068 0.438692
1.308562 0.413619
1.357930 0.387453
1.540517 0.463355
1.631398 0.582659
1.809680 0.801327
1.899404 0.932627
1.762359 1.089401
1.657764 1.368810
1.548143 1.549558
1.362964 1.520900
1.151605 1.109460
1.103944 0.982647
1.050465 0.878416
1.069244 0.803245
1.061703 0.789981
1.202293 0.854427
1.304675 0.885723
1.345318 0.946783
1.396202 1.016533
1.451338 1.037636
1.604624 1.036598
1.691978 1.032728
1.513675 0.936798
1.303522 0.817920
1.054808 0.628400
0.931966 0.529221
0.855078 0.461608
0.819175 0.454416
0.785822 0.432689
0.817134 0.444578
0.909531 0.477013
0.997709 0.486789
1.125495 0.538731
1.253984 0.585561
1.361978 0.630130
1.261093 0.640105
1.179440 0.671792
1.175674 0.727190
1.222899 0.840425
1.242278 0.968497
1.234635 1.115269
1.062093 1.108216
0.992869 1.040477
0.905101 0.949644
1.017552 0.984241
0.952057 0.880347
0.845807 0.779150
0.699853 0.758487
0.666153 0.680672
0.627754 0.633422
0.591913 0.674121
0.595620 0.797481
0.641600 0.977174
0.707737 1.114560
0.805492 1.274168
0.866194 1.349252
0.971917 1.440021
0.909010 1.326700
0.906823 1.287605
0.803097 1.160939
0.729277 1.050910
0.724460 0.933921
0.747335 0.819254
0.736971 0.763736
0.664005 0.736046
0.635220 0.732600
0.678628 0.759804
0.699161 0.755055
0.779731 0.790040
0.851865 0.792806
0.918902 0.764407
1.012109 0.807577
1.074104 0.834388
1.118419 0.824429
1.246031 0.836543
1.293690 0.741344
1.284053 0.646518
1.239057 0.638860
1.127764 0.610435
1.116282 0.571052
1.248186 0.600174
1.492876 0.654187
1.606323 0.703121
1.276022 0.578473
1.213039 0.514159
1.059874 0.502494
0.980349 0.481228
0.934890 0.450335
0.909851 0.424651
0.942489 0.421176
1.011820 0.421764
1.060861 0.438837
1.064798 0.454764
1.012021 0.495530
0.940127 0.544317
0.864750 0.560707
0.742533 0.508693
0.692935 0.521555
0.589612 0.480468
0.524919 0.452165
0.539714 0.436235
0.560803 0.435838
0.595283 0.410697
0.663319 0.390642
0.739463 0.368705
0.777865 0.332785
0.819286 0.288835
0.865364 0.274571
0.967171 0.273246
1.006171 0.277350
1.045344 0.285003
1.085668 0.339519
1.037141 0.392536
1.094933 0.487351
1.232874 0.584478
1.160912 0.624875
0.945219 0.636487
0.799387 0.589657
0.685006 0.456544
0.822792 0.497263
0.810123 0.459494
0.628425 0.393277
0.466186 0.380336
0.450079 0.449961
0.453805 0.550110
0.510589 0.617269
0.518138 0.529299
0.519422 0.470664
0.487449 0.429342
0.491882 0.433709
0.460545 0.403176
0.467913 0.405019
0.471290 0.402752
0.480597 0.409541
0.492627 0.401792
0.547398 0.406490
0.559605 0.395662
0.623248 0.380681
0.674116 0.387799
0.769749 0.387714
0.868375 0.385921
0.974331 0.384264
1.128828 0.385816
1.470850 0.410260
1.931515 0.454842
