1.998557 2.004693
1.948684 1.914648
1.749740 1.805902
1.656793 1.709790
1.625922 1.650820
1.580331 1.593436
1.607489 1.657821
1.592689 1.672739
1.528724 1.683153
1.455529 1.638446
1.404114 1.676364
1.314712 1.617755
1.251424 1.581000
1.099716 1.467076
1.013435 1.392490
1.098429 1.416175
1.115974 1.362155
1.049091 1.308448
1.076020 1.372314
1.055264 1.333011
1.031061 1.280911
0.911812 1.254480
0.792154 1.142991
0.768217 1.158231
0.749977 1.239015
0.743306 1.290367
0.734552 1.359293
0.735586 1.460752
0.719033 1.562209
0.718889 1.664536
0.725184 1.696387
0.644434 1.598776
0.623468 1.519062
0.637097 1.631130
0.614156 1.654019
0.608567 1.743969
0.588888 1.676446
0.578539 1.661593
0.584168 1.708074
0.526307 1.631504
0.468154 1.497769
0.433002 1.375633
0.409428 1.367537
0.402309 1.354390
0.439088 1.538222
0.434039 1.349040
0.458264 1.204753
0.534108 1.125157
0.589461 1.034808
0.518671 0.969302
0.435212 0.876219
0.384359 0.700913
0.413899 0.658658
0.536590 0.636589
0.540317 0.672184
0.522823 0.726702
0.476879 0.773138
0.447110 0.771160
0.472583 0.888810
0.447272 0.962379
0.456969 1.065125
0.454216 1.108764
0.420063 1.077070
0.431854 1.214158
0.422711 1.265326
0.446751 1.416142
0.433121 1.431190
0.441797 1.475147
0.428825 1.479753
0.442647 1.547832
0.459226 1.666920
0.449130 1.677715
0.452578 1.723263
0.469498 1.837797
0.504875 2.084142
0.495172 2.059601
0.511019 2.153438
0.469620 1.954179
0.384771 1.787526
0.345858 1.569777
0.389686 1.620646
0.418237 1.519221
0.431553 1.413766
0.447836 1.254353
0.529557 1.382810
0.560690 1.190022
0.555617 1.000086
0.567752 0.982673
0.562332 0.977288
0.540686 0.984976
0.492380 0.926969
0.463320 0.891151
0.478257 0.874314
0.483045 0.918014
0.458392 0.899096
0.450423 0.880266
0.420165 0.827621
0.425897 0.865562
0.441142 0.911984
0.447996 0.948749
0.459700 0.997943
0.458210 1.038021
0.478070 1.045149
0.526347 1.204728
0.498255 1.183599
0.529052 1.251552
0.564651 1.366875
0.538978 1.335689
0.538641 1.337090
0.532080 1.305332
0.441383 1.354354
0.374922 1.222346
0.339215 1.104715
0.363723 1.054752
0.385155 0.933492
0.350338 0.801982
0.367151 0.779902
0.365598 0.658181
0.392592 0.627411
0.484858 0.647135
0.604270 0.654236
0.604792 0.725681
0.526117 0.798655
0.467772 0.819839
0.454432 0.822035
0.420080 0.838849
0.388493 0.866653
0.373439 0.923906
0.338798 0.927085
0.332232 0.967948
0.343336 1.038894
0.331969 1.051791
0.346614 1.139357
0.352178 1.185500
0.340103 1.188403
0.345064 1.241505
0.348004 1.249995
0.330717 1.199356
0.327695 1.243103
0.320759 1.267453
0.322748 1.294331
0.308672 1.250434
0.302959 1.169524
0.333183 1.304868
0.304621 1.208188
0.298729 1.186509
0.340525 1.202481
0.444032 1.056361
0.553205 0.985147
0.628641 0.934403
0.558271 0.877175
0.425312 0.724640
0.408445 0.718461
0.533976 0.670733
0.566980 0.606497
0.573047 0.633230
0.677032 0.710722
0.714045 0.824423
0.671516 0.892582
0.669216 0.938174
0.683272 1.041828
0.710368 1.118980
0.697619 1.077987
0.675944 0.983796
0.651211 0.982423
0.622965 0.995679
0.616615 0.998325
0.681558 1.110317
0.666812 1.099270
0.604327 1.023419
0.621453 1.066394
0.625762 0.999336
0.679079 0.976073
0.676430 0.984249
0.676218 0.938746
0.667689 0.904697
0.709367 1.007202
0.754016 1.123350
0.778717 1.167732
0.677121 1.372877
0.631267 1.434548
0.561517 1.340002
0.539058 1.291046
0.592825 1.274767
0.525350 1.057423
0.485864 0.877676
0.474452 0.745070
0.589342 0.738479
0.685827 0.706259
0.758904 0.654028
0.838996 0.632700
0.984725 0.639010
1.081777 0.629766
1.145306 0.617442
1.221428 0.623670
1.233802 0.568376
1.279245 0.563752
1.305269 0.523384
1.301453 0.502835
1.337242 0.478815
1.351007 0.456168
1.420732 0.474536
1.208704 0.557183
0.924629 0.691544
0.732493 0.565589
0.625835 0.569185
0.583063 0.436998
0.521954 0.395120
0.476977 0.410975
0.464302 0.460582
0.455367 0.559150
0.446645 0.598747
0.552803 0.573664
0.642259 0.529382
0.670827 0.488152
0.706881 0.446702
0.719492 0.404583
0.739202 0.376106
0.764818 0.341150
0.791894 0.332131
0.875121 0.332400
0.833221 0.323929
0.743312 0.311538
0.779319 0.354860
0.955923 0.501712
1.018861 0.495922
1.070665 0.456218
1.092786 0.423192
1.201677 0.427026
1.033348 0.503810
0.822650 0.451587
0.748700 0.450801
0.698761 0.448811
0.762734 0.449434
0.798251 0.519918
0.840155 0.553703
0.896463 0.561878
0.927457 0.555721
1.071810 0.596186
1.181331 0.619011
1.224269 0.570822
1.200493 0.502625
1.248141 0.506869
1.132333 0.449952
1.042648 0.420026
1.043273 0.436618
1.100701 0.469103
1.084643 0.404059
1.180834 0.425635
1.062177 0.455701
0.948672 0.525141
0.801194 0.537242
0.602952 0.500287
0.492897 0.384178
0.447461 0.332357
0.417427 0.324302
0.397407 0.355654
0.367410 0.412321
0.371422 0.543805
0.475699 0.707971
0.566390 0.745433
0.606619 0.660712
0.600201 0.589275
0.590117 0.530803
0.609866 0.490765
0.636620 0.459801
0.665022 0.457300
0.715647 0.425600
0.742464 0.388478
0.796522 0.364361
0.841045 0.353005
0.893688 0.383874
0.945797 0.435009
0.933114 0.445862
0.824552 0.439269
0.709205 0.440449
0.670494 0.392926
0.647131 0.373770
0.686949 0.381160
0.711383 0.406374
0.756360 0.493727
0.760948 0.570985
0.852751 0.624096
0.925474 0.647600
1.041175 0.712757
1.019314 0.708718
1.072085 0.707401
1.123044 0.698074
1.142108 0.678052
1.220594 0.602927
1.214307 0.540567
1.075567 0.483819
1.061628 0.472877
1.180302 0.517369
1.126589 0.599413
1.089960 0.836546
0.916940 0.831113
0.773324 0.774177
0.690438 0.677268
0.637210 0.566450
0.559259 0.534420
0.537421 0.603509
0.520410 0.673272
0.579912 0.727061
0.580973 0.704336
0.621906 0.687606
0.776998 0.667111
0.880285 0.609592
0.952178 0.542749
0.985860 0.492344
1.080330 0.497516
1.091018 0.500843
1.111925 0.503113
1.149256 0.516087
1.149837 0.514141
1.177927 0.520736
1.241023 0.550264
1.291802 0.587487
1.298658 0.630837
1.203331 0.627447
1.162461 0.604699
1.165871 0.621395
1.067842 0.552865
0.963145 0.531566
0.784913 0.507141
0.703417 0.473355
0.742948 0.569931
0.760675 0.643528
0.812669 0.723603
0.793786 0.764606
0.842619 0.799273
0.804131 0.782393
0.795581 0.791499
0.781979 0.737828
0.805270 0.740214
0.871418 0.667954
0.956236 0.621756
0.962327 0.571635
1.026275 0.532370
1.140564 0.517687
1.071266 0.508593
0.937367 0.513558
0.792496 0.433715
0.669422 0.423082
0.601919 0.447199
0.596830 0.529320
0.611948 0.643206
0.601510 0.789314
0.592166 0.898524
0.549679 0.999872
0.546393 1.137021
0.511326 1.107241
0.584267 1.302962
0.607898 1.297606
0.612526 1.273045
0.638393 1.311541
0.584553 1.150195
0.538050 1.035581
0.494865 0.893233
0.477737 0.870653
0.523922 0.927328
0.535525 0.877600
0.586467 0.895235
0.548206 0.804699
0.573531 0.758608
0.596842 0.735357
0.639013 0.708879
0.589303 0.656703
0.551236 0.624864
0.585547 0.597356
0.645882 0.600926
0.646108 0.563532
0.672222 0.532246
0.683861 0.492610
0.740166 0.475979
0.734420 0.433248
0.848524 0.404498
0.932956 0.402078
0.932598 0.417732
0.836026 0.429065
0.759279 0.394658
0.659001 0.354020
0.609825 0.369868
0.590975 0.448581
0.596591 0.539377
0.628389 0.619567
0.686158 0.584249
0.708570 0.549957
0.711681 0.521070
0.708289 0.497343
0.824743 0.444391
0.895830 0.412008
0.942871 0.393374
0.933771 0.384052
1.041588 0.415880
1.170286 0.449224
1.252850 0.478748
1.258640 0.471990
1.337141 0.495083
1.385830 0.529396
1.467970 0.578467
1.491408 0.627143
1.369571 0.598904
1.283706 0.546440
1.198933 0.526776
1.096826 0.491672
1.031167 0.475326
1.042585 0.487795
1.120778 0.543747
1.240226 0.620829
1.385914 0.708495
1.453458 0.772239
1.478096 0.848845
1.472960 0.943151
1.396502 1.049906
1.362683 1.163712
1.291843 1.213576
1.292865 1.326890
1.353462 1.520038
1.340611 1.698794
1.336080 1.880050
1.264451 1.820190
1.051187 1.750420
0.900915 1.653317
0.806545 1.496828
0.766125 1.412771
0.678880 1.225752
0.618747 1.045187
0.569214 0.926234
0.568492 0.877029
0.593178 0.929666
0.593767 1.075877
0.559795 1.205963
0.581575 1.374677
0.586527 1.452089
0.562654 1.513832
0.552902 1.658329
0.571789 1.787110
0.569437 1.789704
0.567198 1.825960
0.586820 1.888530
0.599270 1.775184
0.594445 1.650220
0.606868 1.589685
0.621733 1.545720
0.662514 1.543945
0.722648 1.525310
0.770538 1.508158
0.842300 1.519293
0.905232 1.524619
0.987661 1.443758
0.979189 1.277188
1.032954 1.222956
1.121161 1.223433
1.266182 1.240270
1.376053 1.177211
1.466315 1.120457
1.423242 1.001867
1.314951 0.874899
1.200997 0.781826
1.138953 0.700269
1.013338 0.713051
0.902197 0.730021
0.835044 0.702443
0.769015 0.661038
0.701133 0.611331
0.703955 0.605083
0.758708 0.619243
0.918625 0.633719
1.039854 0.626380
1.156506 0.646986
1.228024 0.605383
1.296795 0.612711
1.278579 0.589377
1.295123 0.601092
1.206396 0.539170
1.098697 0.451505
1.106155 0.463717
1.172537 0.524838
1.222657 0.602710
1.194668 0.633136
1.125772 0.644117
1.043358 0.661442
0.973523 0.701830
0.920426 0.742621
0.828886 0.689881
0.799022 0.756372
0.836442 0.832073
0.846711 0.855673
0.834189 0.885263
0.856542 0.975276
0.688109 0.978824
0.621777 1.031479
0.622358 0.933953
0.613011 0.817778
0.528522 0.773376
0.550853 0.883256
0.573838 1.058223
0.618904 1.267093
0.494327 1.150104
0.414927 0.980916
0.383427 0.843669
0.337983 0.712025
0.322221 0.636837
0.296005 0.613698
0.297291 0.656262
0.299505 0.694719
0.317869 0.724944
0.347410 0.743705
0.393153 0.792035
0.466140 0.803798
0.492422 0.798093
0.504308 0.822297
0.527915 0.777000
0.490830 0.690159
0.461320 0.624088
0.484681 0.602415
0.505030 0.593160
0.526637 0.573734
0.568444 0.598739
0.600118 0.613204
0.607387 0.603138
0.617435 0.589096
0.651223 0.602026
0.659088 0.599266
0.694622 0.617415
0.743576 0.628476
0.821755 0.632927
0.881850 0.612877
0.988342 0.603705
1.092599 0.591484
1.104936 0.552002
1.068961 0.492376
0.997909 0.472820
0.888038 0.454784
0.942275 0.458996
0.895796 0.437636
0.779711 0.406114
0.689009 0.401803
0.670949 0.429872
0.708648 0.407506
0.766330 0.367558
0.766142 0.348684
0.772730 0.357844
0.739041 0.351091
0.736017 0.376174
0.737250 0.397923
0.756585 0.435014
0.789140 0.491927
0.818588 0.542617
0.833741 0.602107
0.819639 0.629165
0.793630 0.664267
0.770991 0.688661
0.750439 0.725241
0.761906 0.749659
0.766252 0.756622
0.768849 0.798417
0.828332 0.866329
0.954173 1.097090
1.119222 1.359704
