90
11450
11650
11920
12140
12420
12690
12990
13200
13430
8240
11390
11620
11880
12120
12440
12720
12950
13200
13460
8260
11410
11650
11900
12150
12380
12700
12880
13170
13420
8260
11480
11680
11970
12160
12460
12670
12880
13160
13420
8210
11350
11650
12000
12160
12420
12430
12990
13240
13480
8270
11490
11720
11980
12290
12490
12740
13020
13280
13520
8260
11440
11680
11920
12230
12470
12700
12970
13240
13480
8250
11490
11720
11930
12160
12450
12750
12950
13280
13490
8260
11490
11660
11920
12210
12480
12710
12970
13220
13490
8220
11430
11750
11940
12230
12400
12690
12930
13170
13410
8200
11040
11650
11910
12220
12440
12690
12960
13220
13520
8220
11350
11600
11960
12200
12420
12690
12950
13230
13450
8220
11430
11670
11910
12130
12380
12670
12870
13210
13470
8230
11420
11580
11950
12140
12370
12630
12910
13160
13470
8200
11410
11570
11830
12130
12330
12640
12910
13160
13410
8230
11360
11600
11860
12120
12310
12680
12910
13160
13480
8170
11350
11670
11810
12150
12460
12680
12910
13210
13460
8300
11480
11740
11940
12180
12430
12740
12980
13210
13470
8190
11290
11530
11840
12190
12360
12660
12880
13220
13440
8200
11380
11620
11870
12170
12380
12630
12950
13120
13420
8250
11350
11630
11970
12090
12400
12620
12870
13180
13440
8290
11450
11700
12000
12240
12490
12680
13040
13270
13510
8230
11340
11690
11850
12200
12460
12710
12990
13140
13410
8230
11430
11580
11860
12070
12400
12650
12900
13160
13430
8220
11360
11600
11900
12070
12400
12680
12880
13110
13410
8190
11360
11590
11870
12210
12370
12670
12880
13100
13350
8190
11380
11560
11820
12110
12320
12620
12840
13060
13360
8170
11350
11610
11850
12170
12330
12600
12870
13130
13340
8190
11320
11590
11920
12100
12340
12660
12870
13090
13390
8190
11340
11590
11820
12060
12360
12690
12880
13110
13410
8200
11340
11580
11830
12080
12380
12640
12920
13130
13340
8180
11320
11560
11840
12080
12380
12560
12850
13090
13340
8200
11320
11570
11810
12090
12380
12670
12910
13150
13360
8240
11400
11640
11880
12180
12410
12680
12900
13170
13510
8280
11440
11640
11930
12260
12460
12690
12980
13230
13500
8220
11370
11620
11880
12190
12410
12700
12930
13210
13440
8240
11400
11660
11910
12210
12430
12680
12930
13230
13490
8320
11530
11710
11960
12190
12490
12820
13110
13360
13640
8360
11510
11740
12000
12340
12510
12790
12980
13320
13540
8350
11470
11690
11980
12200
12480
12820
13000
13230
13520
8350
11510
11700
11980
12280
12520
12820
13170
13350
13600
8350
11470
11720
12020
12240
12550
12790
13090
13380
13660
8380
11520
11770
12030
12360
12610
12930
13360
13410
13710
8360
11500
11770
12040
12310
12540
12820
13150
13360
13660
8350
11440
11730
12020
12260
12580
12800
13000
13340
13660
8330
11460
11760
12030
12360
12770
13100
13380
13750
14080
8440
11760
12120
12390
12700
13030
13370
13700
13970
14390
8410
11500
11880
12230
12680
12910
13140
13450
13760
14060
8460
11590
11870
12180
12470
12760
13130
13460
13750
14160
8430
11550
12080
12340
12710
12970
13270
13620
14030
14330
8450
11630
12000
12400
12610
12960
13330
13650
14020
14500
8510
11630
12040
12490
12810
13310
13610
13950
14390
14810
8460
11630
12080
12480
13000
13500
14070
14490
14960
15480
8540
11840
12340
12790
13280
13680
14210
14500
14930
15340
8570
11770
12120
12600
13040
13380
13810
14250
14650
15250
8610
11730
12200
12710
13220
13720
14190
14860
15580
16370
8680
