0.316486
0.431860
0.695565
0.733407
0.864089
0.953148
0.972748
0.939537
1.196719
1.256799
1.509863
1.566076
1.772797
2.085721
2.121799
2.085852
1.801218
1.843002
1.762242
1.125085
0.792739
0.755539
1.217125
1.741378
2.324634
3.261492
3.846848
4.546183
5.027194
5.415556
5.968131
6.268019
6.606906
7.046915
7.281074
7.583175
7.829062
8.159323
8.137428
8.281280
8.578055
8.710320
9.075987
9.225778
9.491853
9.418280
9.449948
9.464817
9.385772
9.146476
9.094150
9.081525
8.977471
8.455183
8.136940
7.554320
7.033550
6.628569
6.069115
5.696168
5.117044
4.901804
4.465141
3.941518
3.369115
2.919195
2.325053
1.855385
1.302278
0.956255
0.491362
0.243902
0.640327
1.231551
1.824147
1.958189
2.292116
2.744713
3.019322
2.989978
2.735572
2.284611
2.314013
1.895543
1.517235
1.040307
1.064125
1.206878
1.455633
1.811128
2.208779
3.048635
3.520689
3.958032
4.473057
5.078628
5.586402
6.051414
6.544663
6.810454
7.340533
7.601673
7.726199
7.987076
8.681486
9.004108
9.345588
9.885781
10.296551
10.672578
11.117112
11.115894
11.191678
11.358966
11.483493
11.193422
11.294912
11.374188
11.445636
11.483276
11.659385
10.761102
10.346907
9.895997
9.536725
9.068893
8.885265
8.626156
8.187864
7.682118
7.257369
6.430837
5.908269
5.561705
5.009815
4.325974
3.975475
3.663429
3.247696
3.069011
2.724756
2.444208
2.355223
2.075541
1.660334
1.437373
1.092295
1.073217
1.743232
2.276280
2.727707
2.509270
3.006120
4.048382
4.899594
5.867557
6.637851
7.241771
7.640627
8.126504
8.714691
9.282519
9.793450
10.703667
11.143011
11.564177
11.942355
12.518474
12.950326
13.828331
14.263988
14.287668
14.423464
14.822991
15.440862
16.259158
16.842161
17.490049
18.090617
18.773094
18.819210
18.880315
19.103734
19.179880
19.035231
19.162723
19.133822
19.413761
19.501621
19.808560
19.886773
20.012061
20.002451
20.181663
20.354847
20.546942
20.818800
21.066361
21.442206
21.837773
22.198622
23.271154
24.631008
25.359832
25.666525
26.219199
25.900654
25.265664
24.590965
24.103961
23.674396
22.916714
22.628909
22.438752
22.199027
22.106606
21.955620
21.876068
21.864461
22.016627
22.070216
22.226847
22.204296
21.857903
21.097463
21.057223
21.336445
21.495291
21.650635
21.279124
21.526861
21.875365
22.196920
22.635457
23.161553
23.635785
23.889257
23.966928
24.288067
24.419244
24.517108
24.671478
24.774741
24.779921
24.888296
24.885228
24.753880
25.309695
25.974574
26.406814
26.960391
27.480257
27.623667
27.110948
26.673498
25.961407
25.402939
24.997767
24.035577
23.538513
22.825747
22.539786
22.244470
22.102815
22.036531
22.073693
22.062130
22.063655
22.172485
22.304380
22.480964
22.924701
23.151919
23.577023
23.093585
22.981837
23.214174
23.209497
23.128507
23.100852
22.860554
22.608749
22.500515
22.569252
22.589301
22.695106
22.673026
22.823323
23.228786
23.848231
24.482593
24.779685
25.351832
25.329745
26.076771
26.634980
26.995393
27.222893
27.235294
27.270909
26.569454
26.188852
25.695077
24.893582
24.872221
24.756893
24.243520
23.987494
23.693502
23.617408
23.491886
23.418770
23.373222
23.245106
23.179071
23.099537
22.978475
22.870964
22.984629
23.102501
23.223882
23.180236
22.818005
22.676277
22.579965
22.575263
22.654176
22.419703
22.320454
22.325811
22.240024
22.202349
22.278860
22.294949
22.404453
22.802220
23.572071
24.043518
24.693961
25.195083
26.013490
26.895004
26.421675
26.131954
25.517388
24.992694
24.487544
23.784370
23.437304
23.102185
23.097411
23.348119
23.520114
23.761729
23.935907
23.986310
23.885597
23.702315
23.605415
23.567965
23.450594
23.320403
23.635497
23.482866
23.549930
23.689285
24.067782
24.019487
23.866748
24.134735
24.274981
24.275651
24.481977
24.432197
24.697069
24.939593
25.493502
26.876543
28.585493
30.202043
31.385005
33.086214
34.456898
34.922252
34.821805
34.381302
34.251745
34.240923
34.329403
34.300949
33.826562
33.398507
33.182126
32.935959
32.603536
32.485505
32.308378
32.106829
31.891461
31.641842
31.390361
31.232467
31.151834
31.126623
31.146060
31.088525
31.207483
31.070434
30.936590
30.812196
30.624757
30.448024
30.491162
30.431855
30.666187
30.716845
30.745706
30.866518
31.164956
31.617346
32.174092
32.275028
32.760408
33.262244
33.762813
34.115182
33.561594
32.943357
32.234959
31.725225
31.177356
30.893066
30.470376
29.914212
29.556201
29.026764
28.716542
28.925508
29.038882
29.217746
29.407779
29.677908
29.800280
30.043738
30.166196
30.368566
30.602614
30.903108
31.205177
31.653945
32.036583
32.512290
33.048509
33.719118
34.549927
35.365288
36.178234
36.745641
36.902256
36.965463
36.994795
36.894028
36.557416
35.791409
35.723510
35.697948
35.196887
34.661737
34.187636
34.120918
33.739625
33.374073
33.149167
32.996969
32.712311
32.900345
32.968153
32.667377
32.509323
32.364277
32.179970
32.006195
31.902823
31.683648
31.549050
31.292939
31.229853
31.061149
31.143194
31.117356
31.173821
31.594463
32.176326
32.273774
32.364998
32.954773
33.519573
34.062435
34.433846
34.385514
33.774666
33.176795
32.965664
32.659619
32.434779
32.184139
31.891458
31.790582
31.634009
31.803609
31.931141
31.968521
32.137938
32.284285
32.295996
32.259879
32.449076
32.715655
32.880296
33.069221
33.235463
33.585596
33.773817
33.919077
34.400813
34.682949
34.903156
35.419940
35.839030
36.542759
37.136424
37.807590
38.373446
38.564682
38.291477
38.473572
37.829586
37.603542
36.804008
36.365031
35.608186
35.218564
34.960517
34.530378
34.345165
34.148693
33.991397
33.797245
33.649890
33.489950
33.188443
32.994053
32.888883
32.699424
32.522655
32.401225
32.286243
32.178919
32.143858
32.090039
32.111445
