0.309712
0.416749
0.569260
0.671164
0.811303
0.957915
0.936566
0.945033
1.163103
1.252039
1.507170
1.609464
1.880376
2.312717
2.395041
2.258478
1.938807
1.659392
1.682169
1.398043
1.205751
1.233698
1.572735
1.871896
2.252262
2.862501
3.309669
3.651547
3.889619
4.170830
4.565136
4.813596
4.973572
5.333012
5.472635
5.977776
6.159872
6.510453
6.638987
6.843632
7.310378
7.535334
8.091706
8.392359
8.653713
8.736309
8.755225
8.899436
8.910382
8.896776
8.787269
8.909795
9.090121
8.919529
8.745987
8.215762
7.693084
7.186347
6.817644
6.496002
5.869460
5.562950
5.257985
4.557569
4.144363
3.508687
2.784471
2.254966
1.676398
1.330155
1.242627
1.525701
1.893368
2.405124
2.934959
3.240917
3.597704
4.256233
4.539192
4.500225
4.156007
3.866427
4.132110
4.012018
3.600137
2.703701
2.156896
1.691197
1.393362
1.023378
0.882336
1.442623
1.918581
2.456242
3.085810
3.815747
4.280197
4.835830
5.506107
5.940343
6.526300
7.063333
7.322438
7.513011
8.107157
8.455601
8.826059
9.367291
9.856671
10.306629
10.771337
10.986072
10.912184
10.995110
11.092568
10.962823
11.079066
11.215305
11.368647
11.525915
11.636479
10.995522
10.743516
10.494193
10.248258
9.804158
9.584031
9.441920
8.989279
8.645492
8.254892
7.694118
7.165837
6.570516
6.033574
5.329939
5.124963
5.037108
4.731024
4.781582
4.921545
4.604457
4.419609
4.241809
3.825831
3.700147
3.634654
3.800207
4.593837
5.257598
6.006597
5.865972
6.115387
7.131853
8.033889
8.798057
9.420406
9.835567
10.227587
10.586748
10.958132
11.270448
11.554557
11.927790
12.247235
12.603160
13.009944
13.559035
14.029616
14.670293
15.119908
15.402547
15.478210
15.882731
16.248313
16.747769
17.195289
18.119723
18.634778
19.246903
19.188707
19.189279
19.412942
19.562051
19.330798
19.848430
20.096347
20.065640
20.040142
20.021422
19.789989
19.585549
19.397622
19.334540
19.337162
19.496542
20.025125
21.267079
22.568258
24.252676
25.287006
26.509166
27.562010
28.242441
28.367954
28.677370
28.004247
27.374604
26.539872
25.812067
25.280634
24.656150
24.556990
24.471323
24.469449
24.433304
24.411125
24.242941
24.128918
23.997768
23.783198
23.488321
23.195933
22.752705
21.843800
21.621411
21.810268
21.880655
22.206630
21.834499
22.468179
22.499377
22.306600
21.809420
21.553110
21.347826
21.237551
21.013353
20.806644
20.562504
20.247833
20.179945
20.179139
20.258103
20.255621
20.277755
20.296542
20.664170
21.224966
21.578378
22.153241
22.647001
22.556205
21.705574
21.003465
20.164934
19.537891
19.030746
17.978923
17.340429
16.588216
16.454847
16.437619
16.427418
16.598661
16.686800
16.907144
17.158494
17.476269
17.984290
18.402528
19.457485
20.150016
20.838273
20.245211
20.311200
20.332126
20.129434
19.924089
19.641923
19.126664
18.562663
18.118140
17.759608
17.442241
16.980786
16.786153
16.687501
16.882502
17.421220
17.935534
18.115011
18.670790
18.577411
19.209742
19.880713
20.154886
20.655506
20.896168
20.860463
20.200126
19.918564
19.256730
18.481135
18.359671
18.276805
17.912696
17.737788
17.877742
18.055196
18.084565
18.259665
18.448929
18.707013
18.868822
19.130803
19.416475
19.829811
20.481342
20.890469
21.394902
21.994560
21.625735
21.759298
21.688521
21.347454
20.953439
20.345812
19.787970
19.274970
18.777852
18.500091
18.136417
17.968605
17.986322
18.199137
19.196971
19.978724
21.037033
21.980087
23.963398
25.493475
25.219624
24.587661
23.884311
23.281840
22.673097
21.748383
20.970697
20.332643
20.099208
20.265191
20.446243
20.797662
21.073635
21.238569
21.318979
21.426712
21.412817
21.330007
21.100256
20.903823
21.057444
20.737810
20.663055
20.697826
20.814038
20.473303
20.090175
20.065820
19.814744
19.869104
20.403511
21.240916
22.759914
24.921094
26.600041
28.024322
28.972589
29.562312
29.840112
30.004367
29.552988
28.986822
28.424791
27.601626
27.409258
27.360059
27.285194
27.288647
27.046604
26.938417
26.887664
26.881607
26.793022
26.730472
26.694588
26.677501
26.647837
26.632607
26.660109
26.726926
26.711890
26.633633
26.672171
26.703328
26.683932
26.875539
26.917584
26.902214
27.014613
27.029620
27.022480
27.213280
27.704914
28.011627
28.188895
28.535024
29.096819
29.747116
30.336749
30.336787
30.797790
31.266199
31.955981
32.384620
31.706647
31.020038
30.094867
29.317704
28.330667
27.703199
26.825065
25.956460
25.380644
24.688284
23.780627
23.448191
23.048938
22.631358
22.040736
21.662606
21.333141
21.366871
21.295279
21.170695
20.826495
20.908881
21.065428
21.295405
21.473689
21.874746
22.679632
23.604847
25.149050
26.647060
27.998380
29.116738
29.467448
29.919830
30.303339
30.217937
29.768404
28.919314
28.903992
28.947516
28.723104
28.345965
28.121125
28.017205
27.892499
27.724377
27.590824
27.482579
27.484431
27.461764
27.418883
27.354897
27.297868
27.305275
27.316184
27.348360
27.404712
27.385473
27.466219
27.498622
27.667763
27.936135
28.038091
28.225788
28.478007
29.123751
29.731668
29.641543
29.762604
30.439637
30.989625
31.617693
32.111924
32.175875
31.321876
30.611724
30.161174
29.717257
29.258063
28.840287
28.289045
28.013625
27.909797
27.815930
27.747588
27.776892
27.752691
27.726679
27.740695
27.875560
27.927341
28.072030
28.081038
28.362500
28.487622
28.578619
28.653975
28.721840
28.817801
28.940301
29.020429
29.357507
29.610858
30.226338
30.640985
30.993178
31.269290
31.421350
30.954930
30.952519
30.412313
30.107776
29.531748
29.101226
28.615284
28.467430
28.312090
28.152263
28.087224
28.105547
28.089215
28.196011
28.235083
28.326413
28.445181
28.593596
28.750964
29.049206
29.068008
29.209469
29.340980
29.566201
29.649455
30.045784
30.733822
