2.110630 2.086192
2.133412 2.118888
2.172929 2.168627
2.194932 2.253686
2.218070 2.371344
2.247774 2.522803
2.302528 2.666924
2.367474 2.820354
2.444192 2.994165
2.538959 3.189482
2.659908 3.404394
2.764870 3.595597
2.872371 3.827457
2.963578 4.021873
2.999913 4.078417
3.298438 4.349025
3.708658 4.766157
4.153157 5.264463
4.365041 5.610704
4.646323 5.847716
4.729857 5.826136
4.834360 5.863938
4.916931 5.879334
5.019004 5.879865
5.209079 5.902240
5.395776 5.943468
5.575709 6.043846
5.679789 6.130910
5.812732 6.184030
5.882161 6.217131
5.967112 6.163371
6.013670 6.127593
6.033491 6.073386
6.013260 6.041621
6.047584 5.943629
6.018218 5.831504
5.888018 5.804715
5.814428 5.847491
5.871269 5.766475
5.915645 5.762709
5.995039 5.666086
5.989996 5.472613
6.171141 5.661769
6.355699 5.643950
6.434815 5.768941
6.317862 5.787238
6.250989 5.712453
6.477990 5.819035
6.594393 5.893805
6.744540 6.165539
7.151312 6.437725
7.543177 6.835681
7.878496 7.204870
8.061176 7.356301
8.107920 7.271473
8.053012 7.235934
7.916077 7.077401
7.861212 6.929387
7.847589 6.784227
7.757262 6.726375
7.733437 6.637064
7.746063 6.473965
7.715837 6.166915
7.723621 6.304820
7.667817 6.313301
7.634784 6.338991
7.583773 6.307619
7.356979 6.298433
7.197206 6.309129
7.005485 5.936907
6.604862 5.741555
6.308508 5.527943
5.996929 5.293188
5.738302 5.154030
5.162480 5.031651
5.078540 5.013742
4.824844 4.788292
4.848193 4.805972
5.040039 4.902438
4.950520 4.796725
5.091796 4.961464
5.747329 5.512218
6.658207 6.092049
7.140067 6.458781
7.520061 6.720562
7.590126 6.632292
7.507018 6.636141
7.152053 6.408110
7.096317 6.226286
6.922918 6.121655
6.675102 5.950083
6.772304 6.086712
6.811968 6.069269
6.630413 6.161946
6.555766 6.220495
6.482908 6.279101
6.520185 6.408082
6.425415 6.297897
6.419786 6.197382
6.495933 6.102889
6.371919 6.066097
6.218824 5.957786
6.189997 5.884350
6.121844 5.822500
5.922201 5.781260
5.864405 5.853596
6.044457 5.934504
6.173101 6.132602
6.373130 6.299574
6.468268 6.411341
6.494553 6.318517
6.463841 6.200251
6.481396 6.233152
6.577369 6.139806
6.610452 6.099325
6.655411 6.091612
6.955407 6.493511
7.242384 6.808716
7.160628 6.917919
7.212385 7.049338
7.203253 7.055562
7.171952 6.933059
7.121793 6.733424
7.069518 6.650953
6.932434 6.485731
6.992731 6.417234
7.076631 6.361630
7.015756 6.346198
7.027703 6.217103
6.885062 6.110275
6.820545 5.858675
6.812473 5.836761
6.607187 5.744371
6.524376 5.703244
6.625554 5.754404
6.595906 5.717420
6.799737 5.797178
6.928896 5.892506
7.122653 6.114649
7.469007 6.378327
7.750557 6.659272
7.805292 6.731410
7.745861 6.652877
7.856888 6.764894
7.905434 6.719156
7.816479 6.774373
7.924126 6.885743
8.353650 7.228739
8.621852 7.515025
8.791363 7.720819
8.946469 7.828466
9.060432 8.037049
9.309707 8.368111
9.290637 8.561633
9.251484 8.612975
9.117676 8.655619
8.995175 8.640164
8.824939 8.505106
8.759032 8.376907
8.576812 8.297475
8.441866 8.145071
8.342370 8.016486
8.165511 7.962520
7.978928 7.823274
7.852970 7.717842
7.706280 7.657721
7.712595 7.677178
7.663646 7.586862
7.603806 7.575057
7.462397 7.623226
7.564175 7.735246
7.624602 7.884887
7.793141 8.039625
7.844918 7.991445
7.841156 8.064478
7.810176 8.018928
7.890557 8.033613
8.070197 8.373669
8.250822 8.571058
8.101339 8.497211
8.100277 8.372039
8.070167 8.198223
8.005370 8.037937
8.010821 7.998519
8.053531 8.015237
8.510137 8.865376
8.721520 9.619077
8.820058 10.046040
8.922673 10.352961
8.855338 10.385949
8.907987 10.501948
8.892711 10.482253
8.806802 10.344395
8.781179 10.376242
8.854752 10.288801
8.905657 10.341836
9.093674 10.695657
9.617649 11.575161
10.319867 12.342531
10.956236 13.045123
11.332133 13.566933
11.622890 13.952080
11.781102 14.178699
11.875678 14.434135
12.055600 14.403160
11.937915 14.420383
11.934591 14.335686
11.867029 14.210146
11.823332 13.963282
11.714820 13.587546
11.552034 13.433683
11.530141 13.248205
11.468675 13.053117
11.363549 12.759168
11.212107 12.465013
10.913954 12.325549
10.580635 11.985515
10.288734 11.746240
9.775246 11.510848
9.578403 11.199478
9.353083 10.936258
9.093784 10.796077
8.851858 10.679596
8.659349 10.340941
8.388210 10.107214
8.178680 10.044760
8.109792 9.724617
7.785828 9.547775
7.757925 9.540510
7.666744 9.754443
8.056342 11.001848
8.561528 11.609074
8.691829 11.952760
8.718873 12.008910
8.705467 12.000413
8.580108 11.827817
8.506058 11.736273
8.340967 11.643914
8.263598 11.532653
8.054964 11.251055
7.935564 11.114073
8.013396 11.021065
8.148586 11.092358
8.168106 11.107416
8.238995 11.086450
8.271914 11.037425
8.270109 10.978354
8.231562 10.869889
8.224896 10.825958
8.202719 10.823118
8.275664 10.852294
8.239340 10.819577
7.938320 10.574732
7.810543 10.021050
7.682537 9.652307
7.472686 9.346222
7.283886 8.951144
7.143446 8.779456
7.087688 8.605807
6.795121 8.336892
6.507058 7.985236
6.298970 7.812435
6.260178 7.586532
6.292854 7.369824
6.310744 7.301267
6.344832 7.305045
6.305753 7.220029
6.478720 7.292996
6.611316 7.505766
6.681864 7.731201
6.815640 7.917713
7.060359 8.407571
7.302141 8.772856
7.447114 9.146425
7.350531 9.366186
7.521747 9.820484
7.466951 10.215474
7.512536 10.448537
7.376327 10.375553
7.252900 10.365125
7.156549 10.294535
6.894472 10.209541
6.906464 10.081182
6.888218 10.027520
6.955285 9.862183
6.921378 9.605086
6.980889 9.489397
7.118401 9.442071
7.230795 9.517153
7.320136 9.599144
7.370683 9.711478
7.433280 9.703220
7.495914 9.736426
7.713928 9.814831
7.745706 9.828973
7.959210 9.840724
7.771694 9.447919
7.749949 9.377605
7.829444 9.436537
7.822647 9.291883
7.872428 9.140383
7.768901 8.862264
7.464894 8.622363
7.315499 8.469788
7.263368 8.360035
7.010994 7.996358
6.878125 7.846881
6.787117 7.577364
6.833359 7.476743
7.002486 7.728962
6.966960 7.793869
7.070587 7.867080
7.143973 7.819625
7.303059 7.857006
7.403575 7.866654
7.551803 7.898022
7.445625 7.945863
7.473698 7.948482
7.631245 7.883074
7.648723 7.818413
7.763016 7.769842
7.755129 7.739759
7.698777 7.748580
7.619558 7.601762
7.464987 7.425028
7.306586 7.173678
7.163305 6.978887
7.068258 6.957462
6.921691 6.804866
6.781189 6.758907
6.696624 6.567288
6.671171 6.565137
6.682344 6.617293
6.791658 6.788881
6.871938 6.950877
7.015092 7.088850
7.253737 7.266418
7.335211 7.475842
7.853200 7.523130
8.257820 7.578843
8.732649 7.435259
9.218741 7.563225
9.341755 7.699889
9.375740 7.793864
9.417573 7.847027
9.555109 7.934181
9.692890 7.950284
9.788353 8.076829
9.869535 8.205882
9.959674 8.283290
10.048287 8.340836
10.145672 8.367789
10.229218 8.383482
10.504011 8.352079
10.875033 8.418783
11.247225 8.355252
11.422949 8.424765
11.399738 8.409727
11.399075 8.392916
11.472856 8.425834
11.546483 8.543419
11.618934 8.658652
11.700856 8.744510
11.796500 8.850137
11.834420 8.891654
11.936199 8.908323
11.952728 9.085369
11.961861 9.175251
11.973279 9.061474
12.005183 9.208450
12.035540 9.393773
12.084696 9.504679
12.355390 9.515236
12.848246 9.436434
13.101000 9.240546
13.409926 9.021791
13.463408 8.918652
13.784443 8.937387
13.957735 9.216212
14.092305 9.287343
14.245554 9.344393
14.628534 9.546080
14.805457 9.582366
14.891825 9.580224
15.082773 9.611744
15.238904 9.599073
15.327075 9.567536
15.447785 9.600905
15.593294 9.670352
15.685315 9.645624
15.677871 9.685527
15.692893 9.712497
15.713917 9.747066
15.700470 9.658206
15.772828 9.668097
15.921621 9.721045
15.954385 9.770758
16.014146 9.815023
16.037779 9.884350
16.095180 9.985634
16.165818 10.095064
16.235145 10.182353
16.279035 10.197290
16.346623 10.269656
16.319172 10.348179
16.354811 10.361237
16.400393 10.501549
16.412055 10.526967
16.452437 10.520827
16.525707 10.396898
16.600922 10.445073
16.658523 10.494120
16.716596 10.584771
16.807028 10.659661
16.889483 10.716276
16.818446 10.734653
16.868922 10.940874
16.965606 11.004998
16.936197 11.068583
16.953588 11.058292
16.990842 11.120905
16.920422 11.289495
16.901741 11.238631
16.918907 11.311086
16.864966 11.302525
16.855464 11.394872
16.789717 11.526013
16.521411 11.669372
16.245128 11.549223
16.004344 11.666549
15.758161 11.725483
15.268539 11.756299
14.568620 11.829588
14.227354 11.899539
13.775291 11.930024
12.747060 11.866560
12.128027 11.909815
11.519514 11.464748
11.103998 11.273817
10.711583 10.614571
9.862008 10.370047
9.649316 10.002476
9.220526 9.652974
9.213608 9.866678
9.205789 10.081558
9.013144 10.115986
8.363263 9.746463
8.344947 9.831722
8.088854 9.640556
7.803680 9.668946
7.418419 8.993876
7.329953 9.325667
8.468603 10.473192
9.997272 12.513654
12.578970 14.998197
14.910026 15.848455
16.373017 15.149379
17.071633 14.268975
17.599538 13.587516
18.041357 13.242345
18.296988 13.158633
18.340769 13.099162
18.550808 13.197113
18.745657 13.298802
18.742045 13.199099
19.046352 13.185703
19.243196 13.183600
19.313681 13.286069
19.324389 13.327155
19.327798 13.366081
19.347155 13.411145
19.671984 13.490520
19.917100 13.598745
19.953132 13.644422
20.000125 13.713057
20.045942 13.737147
20.037406 13.799202
20.060928 13.820964
20.059329 13.823910
20.058023 13.831062
20.060211 13.849411
20.081612 13.862466
20.086849 13.887722
20.432042 13.897022
20.688070 13.916839
20.721234 13.942241
20.723007 13.994486
20.735443 14.050567
20.769379 14.093791
20.795959 14.175649
20.808932 14.233032
20.828954 14.325801
20.977669 14.412229
21.215388 14.563712
21.577386 14.675313
21.580977 14.701578
21.603612 14.740927
21.625348 14.778026
21.671296 14.842078
21.644418 14.855162
21.650368 14.839023
21.664331 14.820900
21.699609 14.820261
21.704090 14.834064
21.721268 14.859169
21.756643 14.910988
21.786896 14.957526
21.809334 15.014179
21.810863 15.065189
21.823446 15.112680
21.837276 15.185458
21.842277 15.243861
21.860072 15.331009
21.875878 15.414210
21.890597 15.412497
21.920559 15.452784
21.930567 15.473554
22.117033 15.527690
22.449628 15.551159
22.481843 15.595608
22.578471 15.422411
22.617379 15.452482
22.673379 15.534103
22.709012 15.591589
22.888785 15.667933
22.945918 15.768813
23.092782 15.867079
23.141254 15.985505
23.191160 16.082600
23.256091 16.043923
23.359212 16.071026
23.415122 16.133310
23.449996 16.188804
23.466972 16.122109
23.500468 16.012853
23.664534 15.997375
23.659594 15.990181
23.715203 15.982831
23.728203 15.991777
23.770692 15.968193
23.771340 15.994795
23.718000 16.069568
23.701556 16.154700
23.697199 16.225134
23.709615 16.279732
23.730500 16.344680
23.762180 16.399168
23.806729 16.470165
23.905814 16.536809
23.990981 16.617187
24.038267 16.703579
24.104592 16.769778
24.196694 16.855180
24.282619 16.935278
24.345279 17.004732
24.407336 17.083779
24.473282 17.175648
24.530525 17.266960
24.590261 17.344954
24.822655 17.521186
24.953065 17.723594
