0.268156
0.330501
0.475267
0.561334
0.697918
0.882138
0.881415
0.874977
1.056030
1.094833
1.301452
1.314091
1.439002
1.649477
1.516124
1.509157
1.315799
1.227856
1.573652
1.294005
0.966226
0.955008
1.276308
1.655860
1.980703
2.573237
3.021057
3.515156
3.907407
4.200810
4.693555
5.034259
5.316942
5.893392
6.217604
6.771327
7.123279
7.647123
8.038879
8.349369
8.922926
9.179365
9.642788
10.010044
10.385590
10.458480
10.569813
10.744655
10.685721
10.611782
10.436375
10.271398
10.015985
9.229358
8.572661
7.890704
7.209123
6.745052
6.270603
5.780461
5.142768
4.453558
3.983509
3.360696
2.857824
2.394482
1.767620
1.354977
0.899684
0.616309
0.462617
0.696632
1.090397
1.508965
2.036397
2.352889
2.586190
3.057004
3.518130
3.777532
3.633371
3.225230
3.446624
3.559278
3.562200
2.718214
2.511474
2.184562
1.839765
1.424386
1.060061
0.689907
0.795396
1.067183
1.446372
1.976968
2.413605
2.950639
3.633336
4.096226
4.743253
5.179058
5.511707
5.885827
6.334845
6.570976
6.835991
7.431721
7.769969
7.793604
8.142757
8.229155
8.386070
8.702453
8.603312
8.365119
8.120093
7.837984
7.625454
7.735475
7.865291
7.149545
6.929144
6.532155
6.181727
5.355142
4.990949
4.730865
4.281105
3.656849
3.252755
2.510405
2.235949
1.940504
1.659960
1.453135
1.359661
1.446474
1.586630
1.778386
2.098498
2.657034
3.082085
3.598109
4.257094
4.810221
5.079453
5.609407
5.602902
5.274736
4.646753
4.709951
4.625637
4.043309
3.755041
3.123853
2.797888
2.457554
2.079676
1.657110
0.975586
0.572625
0.393382
0.979489
1.547892
2.021405
2.580594
2.875456
3.379942
4.016525
4.608486
4.769946
4.680423
5.214328
5.603197
6.169458
6.409156
7.094724
7.486717
7.952215
8.215494
8.711855
9.197305
9.503950
9.200892
9.160545
9.326122
9.619697
10.082976
10.508088
10.782064
11.266154
11.621614
12.022809
12.212844
12.575795
13.023871
13.312798
13.737958
14.155658
14.444279
15.297349
16.230489
17.018310
17.548414
18.161770
18.458272
18.285141
17.697328
17.555246
17.384961
16.697608
16.345808
16.086878
15.960443
15.768011
15.494957
15.281389
15.135433
15.017501
14.825475
14.813283
14.773572
14.182752
13.038971
12.636208
12.397163
12.300043
12.108170
11.383396
11.083253
11.103032
11.199947
11.232677
11.266498
11.508413
11.802213
11.999851
12.224102
12.345076
12.460049
12.710271
12.888342
12.891608
12.900654
13.100840
13.261646
13.730998
14.325090
15.039872
15.671762
16.186946
16.129874
15.373031
14.857112
13.828398
13.277481
12.803103
11.959551
11.487334
10.749944
10.409200
10.119740
9.721934
9.458842
9.243096
8.973332
8.868755
8.788888
8.948862
9.315975
9.743591
10.363364
10.896564
10.451460
10.669274
10.933894
11.219015
11.369116
11.587322
11.628740
11.560646
11.478046
11.502101
11.617735
11.867807
12.012782
12.228629
12.622723
13.116040
13.630591
13.738122
14.233739
14.285820
14.916515
15.491954
15.586972
15.728732
15.617431
15.360831
14.518008
13.961255
13.381488
12.684950
12.667432
12.667880
11.998808
11.627760
11.171190
10.870175
10.441173
9.958830
9.764887
9.453560
9.261328
9.047780
8.847621
8.865994
9.342396
9.585371
10.036130
10.299601
10.010792
10.383859
10.792209
10.998284
11.136673
11.123370
11.169732
11.230618
11.211944
11.269911
11.368139
11.401014
11.521172
11.922773
12.667089
13.114015
13.750098
14.231670
14.706771
14.993955
14.309840
13.884733
13.409945
13.121247
12.749324
12.286532
12.122741
12.137114
12.481830
13.101116
13.450084
13.782770
14.072793
14.419001
14.285690
14.160892
13.960486
14.344701
15.018960
15.445777
16.026851
16.097991
16.607047
17.123197
17.837437
17.914316
18.032311
18.626673
19.233380
19.755609
20.542591
21.006670
21.733594
22.252594
22.591130
23.116465
23.606535
23.880586
23.927387
24.060709
24.251545
23.949667
23.666963
23.019750
22.603364
22.703432
22.726104
22.632240
21.985631
21.584337
21.162887
20.708902
20.062913
19.605331
19.264727
18.717698
18.289296
17.774844
17.287683
16.828924
16.741571
16.692844
16.754979
16.825364
16.809290
16.402278
16.241442
15.868741
15.398661
15.210127
15.031426
14.955937
14.869289
14.785891
14.799243
14.903627
14.969831
15.206617
15.723386
15.937245
16.564367
17.167936
17.988272
18.520096
18.059117
17.661773
17.204500
17.061795
16.749739
16.668726
16.525697
16.097042
15.781877
15.539185
15.544348
15.735921
15.749146
15.865318
15.897867
16.084849
15.879375
16.141344
16.316630
16.531509
16.868925
17.453764
17.816795
18.394568
18.899180
19.416631
20.030266
20.701373
21.464128
22.252918
22.848491
23.224149
23.331740
23.280753
23.485973
23.934914
23.752908
23.127248
23.136574
23.265795
22.670787
21.987575
21.346461
20.880332
20.200485
19.627896
18.878931
18.431668
17.920748
17.822540
17.633558
17.031381
16.559729
16.161155
15.709498
15.288827
14.721439
14.399218
13.902737
13.773146
13.583971
13.155266
12.915719
12.682932
12.544523
12.754532
13.216517
13.215449
13.413565
13.905707
14.410281
14.918288
15.356115
15.342891
14.835519
14.611185
14.434475
14.169595
13.931775
13.707612
13.590345
13.513951
13.595229
14.023749
14.478131
15.125707
15.600123
16.089082
15.997142
16.062880
16.499066
16.934001
17.318461
17.772308
18.096192
18.647569
18.996920
19.333228
19.828115
20.128606
20.313204
20.729596
21.129430
21.775882
22.244586
22.689477
23.120830
23.232536
22.720433
22.585500
22.079834
21.779927
21.039370
20.545876
19.600291
19.063878
18.661663
18.137106
17.955065
17.823317
17.654176
17.496765
17.391462
17.256285
16.916830
16.973543
17.171126
17.080793
17.078309
16.979678
16.874799
16.684840
16.610218
16.323937
15.746584
