90
90
90
80
130
140
120
130
130
130
130
130
180
170
180
180
180
220
230
220
220
230
210
220
240
210
220
210
220
210
220
210
220
210
220
210
220
210
210
220
220
210
220
210
210
220
210
220
210
210
220
220
210
220
210
220
210
210
220
210
220
210
220
210
220
210
220
210
210
220
260
260
290
260
260
260
400
400
400
490
490
480
480
360
310
300
300
300
310
300
350
350
500
380
360
370
370
370
400
460
550
550
550
550
550
550
550
550
550
550
550
550
550
620
630
620
630
620
630
620
630
620
690
700
700
700
700
700
690
700
700
690
690
700
690
700
690
440
470
440
450
440
450
440
440
500
500
490
480
490
500
530
530
530
550
530
540
560
530
530
530
540
570
570
580
590
580
570
600
630
650
640
630
640
630
710
700
690
690
700
740
740
740
750
750
730
770
740
730
740
750
790
800
790
840
840
860
850
850
840
850
850
850
850
850
850
840
840
850
900
910
900
890
900
920
920
930
920
920
920
920
890
890
910
890
890
1130
1430
1420
1500
1520
1510
950
950
950
940
940
1330
980
950
940
940
940
940
960
940
940
1010
1000
1000
1000
990
990
1030
990
1000
1090
1580
1020
990
1020
1030
1010
990
1020
1040
1080
1280
1700
1420
1050
1050
1040
1050
1060
1050
1050
1060
1050
1060
1050
1050
1050
1060
1050
1050
1060
1060
1050
1050
1070
920
1140
1470
1650
1650
1650
1650
1650
1650
1660
1650
1660
1650
1650
1650
1290
1050
1110
1110
1120
1100
1120
1110
1100
1120
1100
1180
1170
1160
1160
1170
1160
1280
1870
1880
1180
1210
1210
1240
1210
1210
1210
1210
1210
1260
1300
1330
1330
1330
1330
1350
1360
1330
1340
1390
1390
1450
1390
1390
1400
1390
1400
1390
1390
1450
1430
1460
1440
1430
1430
1440
1480
1520
1490
1480
1520
1490
1500
1490
1510
1480
1540
1520
1490
1480
1500
1490
1530
1490
1530
1520
1490
1520
1570
1490
1740
2020
1560
1550
1520
1560
1550
1520
1570
1490
1490
1490
1520
1490
1510
1560
1560
1550
1550
1550
1560
1560
1580
1490
1490
1500
1500
1500
1510
1490
1510
1790
2410
2410
2250
1490
1490
1490
1520
1490
1510
1520
1500
1480
2150
2380
2380
2380
2380
1640
1550
1560
1540
1630
1620
1630
1620
1730
1720
1740
1750
1810
1800
1810
1800
1800
1850
1820
1810
1780
1780
2710
2850
2850
2880
1830
1930
1940
1960
1910
1930
1910
1940
2040
3130
3120
2790
1990
1970
1980
1920
1960
1960
1960
1960
1980
1980
1960
2220
3220
3230
2740
1980
1960
1970
1960
1980
1980
2040
2000
1990
2000
1970
1970
1960
1990
3220
3210
3210
3190
2810
1960
1960
1960
2030
2100
2030
2030
2080
2100
2090
2160
2140
2110
2130
2090
2170
2120
2100
2110
2110
2080
2120
2090
2100
2080
2080
2090
2090
2090
2090
2090
2180
2150
2160
2270
3520
3240
2940
2260
2250
2280
2210
2210
2240
2210
2210
2220
2220
3140
3550
2740
2690
3600
3620
