2.113477 2.094278
2.111798 2.139052
2.116849 2.207366
2.119223 2.310754
2.031473 2.346595
2.005818 2.380040
2.032761 2.455780
1.988357 2.532822
2.028698 2.634025
2.055440 2.786720
2.141747 3.003930
2.269328 3.243720
2.345428 3.377635
2.557767 3.543822
2.630981 3.586916
2.760064 3.813701
2.983601 4.115380
3.275400 4.544190
3.442749 4.753361
3.571830 4.882070
3.710339 5.001263
3.676965 5.036368
3.622888 4.918430
3.561815 4.941631
3.619758 5.045859
3.548442 4.977655
3.627213 4.990758
3.744150 5.056631
3.850896 5.102160
4.024110 5.196888
4.198349 5.255690
4.347503 5.284625
4.485711 5.162939
4.583347 5.083237
4.613488 4.983486
4.564069 4.974178
4.638639 4.880917
4.683429 4.816447
4.639251 4.824066
4.611959 4.868824
4.632738 4.814184
4.668975 4.853198
4.817085 5.065521
4.837214 5.281519
4.672419 5.285640
4.500804 5.245657
4.334312 5.249695
4.364497 5.533053
4.295878 5.640558
4.453932 6.068826
4.674294 6.855076
4.904304 7.509015
5.003354 8.121578
5.236038 8.410023
4.986382 8.159381
4.747238 7.808992
4.656429 7.394186
4.470962 7.099292
4.420490 6.736599
4.194124 6.586309
4.279150 6.400140
4.333783 6.156684
4.331238 5.938119
4.636511 6.041936
4.893371 6.081112
5.153236 6.091653
5.186065 5.967509
5.261864 5.814801
5.277496 5.712587
5.142026 5.314949
4.936501 4.716574
4.653258 4.337950
4.514451 3.923546
4.067099 3.690340
3.681774 3.638815
3.416070 3.469083
3.501307 3.628508
3.257491 3.602557
3.636077 3.816882
3.835364 3.904001
4.122343 4.205411
4.941771 4.952064
5.843649 5.810268
6.637533 6.541951
7.207232 7.181950
7.342530 7.406748
7.405899 7.442104
7.112862 7.298131
6.868228 7.104699
6.649367 6.831843
6.405823 6.703122
6.608464 6.957852
6.652315 7.084108
6.699243 7.192604
6.693237 7.076260
6.528415 7.100758
6.467100 6.946635
6.403724 6.968813
6.334358 6.767461
6.182588 6.621640
6.152379 6.500368
6.022226 6.228208
5.743227 6.036789
5.498700 5.797038
5.532461 5.722735
5.287919 5.654668
5.243768 5.917046
5.213061 6.207136
5.171346 6.388967
5.172919 6.376779
5.005286 6.198885
4.557802 6.106550
4.207919 5.805766
4.106882 5.590062
4.009538 5.482926
3.872740 5.474687
4.360944 6.297624
4.816945 7.008505
4.852394 7.164769
4.896497 7.268044
4.848488 7.193947
4.712387 6.901754
4.509421 6.656360
4.372344 6.402043
4.226864 6.172678
4.162160 6.010514
4.245220 5.906432
3.921181 5.580377
3.723699 5.377549
3.796459 5.292354
3.835027 5.173657
3.921605 5.010374
4.019071 5.049348
4.114230 4.965840
4.175389 4.767091
4.268268 4.847668
4.363475 5.237068
4.403331 5.504381
4.457160 5.866426
4.572127 6.374191
4.613754 6.757204
4.612104 6.883357
4.714589 6.939681
4.748957 6.983786
4.760232 6.982224
4.803470 7.099458
4.801781 7.239771
5.036068 7.532977
5.042728 7.619973
5.293561 7.898743
5.372684 8.103600
5.385855 8.245877
5.580097 8.523798
5.553226 8.481875
5.468438 8.465100
5.077959 8.432162
5.057566 8.365653
4.985383 8.278356
4.765746 8.127040
4.774853 8.083212
4.743060 8.006132
4.791278 7.945201
4.715157 7.904371
4.748325 7.766776
4.780252 7.698163
4.735845 7.604955
4.674517 7.412822
4.604733 7.235824
4.521069 7.058061
4.535642 6.977253
4.602224 7.064627
4.555169 6.982232
4.490885 6.969090
4.243169 6.930188
4.115443 6.780419
4.022680 6.579848
4.029088 6.383091
4.045649 6.619242
4.061584 6.730180
4.011513 6.625887
3.944438 6.385090
3.943978 6.244071
3.945369 6.087285
3.922992 6.045799
3.893649 5.952366
4.229700 6.939765
4.790702 7.657305
5.228374 7.972035
5.377336 8.294936
5.288083 8.327739
5.334900 8.316776
5.134699 8.062177
4.942427 8.005816
4.744562 7.995349
5.030817 8.213617
5.261341 8.511280
5.669936 9.249495
5.985218 10.037096
6.279578 10.636804
6.489046 11.329363
6.544506 11.984175
6.493746 12.449799
6.479414 12.849108
6.575834 13.110988
6.657428 13.352804
6.678159 13.335232
6.690168 13.448683
6.666420 13.477973
6.664650 13.389535
6.633749 13.292534
6.651913 13.233635
6.714419 13.027674
6.744955 12.874701
6.685525 12.693338
6.546043 12.693134
6.550691 12.595693
6.569941 12.460330
6.648196 12.415339
6.681791 12.359530
6.666270 12.351638
6.743690 12.163554
6.810384 11.854966
6.633803 11.690304
6.578926 11.482382
6.524516 11.091382
6.274748 10.561285
6.074569 10.054894
5.791974 9.175336
5.656683 9.136854
5.605743 9.176829
6.828766 11.520757
8.029852 13.428222
8.042394 13.562901
7.984857 13.554860
7.691779 12.987041
7.190964 12.146685
6.629776 11.383769
6.266717 10.773593
6.111311 10.156183
6.184349 10.073454
6.377612 10.278815
6.912988 10.907517
7.688889 11.894579
8.370327 12.750330
8.926213 13.282459
9.362799 13.805946
9.741148 14.298577
10.103873 14.593346
10.457016 14.852759
10.614232 14.980406
10.607375 15.006593
10.525633 14.863272
10.264420 14.635982
9.962885 14.326958
9.801702 13.955105
9.612203 13.407192
9.333985 13.135820
9.236598 12.904912
9.237852 12.865134
9.342128 12.908451
9.310540 13.019893
9.319663 13.005414
9.262005 12.940733
9.110783 12.770393
8.863630 12.297483
8.552521 12.003345
8.373932 11.743217
7.888252 11.278920
7.578708 10.726987
7.170535 9.934359
6.405787 9.292421
5.960060 8.902473
5.595634 8.339030
5.289014 7.930797
5.139741 7.596358
5.737736 8.347763
6.408221 9.398494
6.581527 9.648462
6.645521 9.845260
6.128640 9.202033
5.359302 8.212935
4.857006 7.327974
4.699567 6.765741
4.677496 6.565947
4.854265 6.494105
4.881278 6.608454
5.203952 7.008320
5.577978 7.699445
5.975110 8.435346
6.239569 9.124272
6.515833 9.729826
6.596009 10.195704
6.785028 10.564859
7.181407 11.047804
7.317814 11.202230
7.279871 11.195000
7.070504 11.018664
6.960249 10.787250
6.916304 10.852286
6.801450 10.958575
6.258314 10.365446
5.996689 9.937815
5.630027 9.407283
5.626983 8.789549
5.449758 8.448881
5.264533 8.040140
5.208326 7.722979
5.146618 7.404987
5.086326 7.349443
4.989603 7.331752
4.875546 7.118791
4.845161 7.054284
4.849853 6.859687
4.780824 6.530470
4.645277 6.383825
4.605966 6.224486
4.575027 5.830695
4.567044 5.558834
4.636768 5.459579
4.401185 5.127742
4.535563 5.290651
4.641892 5.400075
5.262439 5.889497
6.365686 6.693860
6.918165 7.146435
6.969294 7.339605
7.052460 7.385090
7.172897 7.335376
7.473653 7.306908
7.685054 7.280082
7.805247 7.235277
7.982421 7.133927
8.202486 7.252694
8.305346 7.530046
8.450129 7.778068
8.466691 7.928063
8.355158 8.170430
8.141546 8.333987
7.789245 8.417287
7.495653 8.558533
7.052600 8.661635
7.147574 8.904010
7.131944 8.896846
7.148572 8.950980
7.133148 8.874810
7.064797 8.788450
7.127681 8.813594
7.108321 8.733960
7.069635 8.707581
7.226944 8.672294
7.215528 8.708900
7.272825 8.661978
7.290145 8.618438
7.255782 8.759995
7.340101 8.886898
7.430509 9.042630
7.281899 9.061729
7.317934 9.072092
7.324049 9.108265
7.462424 9.191488
7.556735 9.278931
7.651245 9.357725
7.629194 9.287268
7.462439 9.249686
7.227092 9.127597
7.099717 8.981500
7.110562 8.878501
6.616366 8.463494
6.662260 8.429848
6.545772 8.409076
6.201095 8.258329
6.108901 8.224364
6.050774 8.213411
6.138214 8.499166
6.290808 8.803594
6.553760 9.597728
7.051069 10.402493
7.496523 11.011647
7.853482 11.559205
8.034370 11.998904
7.919036 12.391566
7.971823 12.702650
7.864352 12.738386
7.704242 12.724486
7.520703 12.616236
7.486124 12.590904
7.428752 12.455775
7.473366 12.399846
7.331607 12.337205
7.380867 12.313254
7.322319 12.254716
7.292807 12.194631
7.289338 12.166727
7.258186 12.068904
7.293873 11.979727
7.340577 12.041310
7.387627 12.075052
7.466764 12.145972
7.549160 12.201656
7.636458 12.237446
7.708955 12.279657
7.831374 12.337930
7.910820 12.316756
7.848077 12.277496
7.941984 12.233227
7.933831 12.112632
7.962292 12.151710
7.844106 12.077568
7.705478 11.947441
7.689089 11.644269
7.710571 11.401217
7.726488 11.376058
7.622804 11.174070
7.515936 11.149270
7.525680 11.157171
7.630981 11.217407
7.786700 11.276244
8.291421 11.629347
8.672976 11.843960
8.778958 11.944431
8.865864 12.021050
9.090347 12.174909
9.367349 12.227288
9.483903 12.280002
9.739960 12.392547
9.929250 12.385170
10.498245 12.983838
10.862341 13.651971
11.235688 13.939424
11.521534 14.034369
11.764804 14.162059
11.952326 14.280974
12.511928 14.990560
13.034331 15.399793
13.409452 15.532794
13.663853 15.593082
13.965236 15.673867
14.180542 15.708862
14.502870 15.543849
14.736803 15.432575
14.871808 15.478552
14.979468 15.473304
14.976183 15.329100
14.694512 15.449607
14.409481 15.518908
14.037605 15.285085
13.850207 15.107992
13.665703 15.092130
13.327102 14.920641
13.127655 14.418195
12.907686 14.189647
12.630406 14.248578
12.400662 14.271506
12.239348 14.499456
12.098450 14.893469
11.963736 15.337456
12.009743 15.668738
11.937376 16.447997
12.218849 16.898079
12.433556 17.555823
12.693957 18.017763
12.749793 18.482252
13.259012 19.293639
13.779262 19.963024
14.064090 20.637313
14.349801 21.313207
14.707306 22.185782
15.034702 22.657613
15.366584 23.144582
15.529218 23.688605
15.776272 24.007520
15.972706 24.384894
16.070507 24.771405
16.247059 24.910352
16.442488 25.065695
16.433403 25.145275
16.414775 25.153428
16.360000 25.076999
16.229189 24.994600
16.219800 24.868989
15.996449 24.382082
16.045866 24.416573
16.084467 24.455669
16.010474 24.356222
15.921797 24.183485
15.769179 23.902029
15.641183 23.675537
15.615646 23.599791
15.721952 23.526556
15.844068 23.577628
16.006841 23.448225
15.967192 23.214647
15.930634 22.978113
15.957508 22.873860
15.904244 22.670475
15.693660 22.231852
15.534417 21.781021
15.322164 21.513104
15.319657 21.351409
15.407386 21.153021
15.493561 21.252260
15.599417 21.407449
15.478361 21.060445
15.524403 21.107580
15.452779 21.058698
15.378149 20.658283
15.289819 20.513066
15.346395 20.396234
15.202609 19.961849
14.896779 19.525824
14.604149 19.316701
14.464273 18.904434
13.862652 18.188583
13.542062 17.492012
13.082064 16.830802
12.628311 16.073208
12.325439 15.646562
12.168536 15.465282
11.981610 15.417696
12.022177 15.411499
11.949755 15.486125
11.929661 15.159988
11.747125 15.144953
11.518892 15.146139
11.189916 14.400995
11.313290 14.683110
11.544675 14.791014
12.236635 15.823803
12.931138 16.977429
13.645289 17.528457
14.381651 18.681596
15.256583 19.636941
15.710286 20.078727
16.127038 20.596698
16.401052 21.074472
16.558885 21.424324
16.649667 21.538482
16.660921 21.766017
16.833351 22.433181
16.934186 22.881613
17.081983 23.360339
17.217186 23.636846
17.215256 23.857819
17.258205 23.916655
17.324305 23.888511
17.343958 23.926274
17.410430 23.586002
17.187463 23.403889
17.076662 23.038589
17.069746 22.640007
16.955945 22.226842
16.763412 21.766772
16.424368 21.033098
16.107419 20.402687
15.794172 20.045971
15.463837 19.090666
15.064988 18.517882
14.877546 18.153040
14.641871 17.777264
14.847260 18.015757
14.958745 18.162321
