1.974087 1.957210
1.991291 1.989355
2.020103 2.051082
2.066421 2.150611
2.114909 2.278398
2.168663 2.452926
2.245119 2.604126
2.317381 2.783989
2.415817 2.992058
2.521098 3.175040
2.658563 3.412006
2.780969 3.695691
2.956597 3.941960
3.168005 4.188300
3.227961 4.220385
3.229187 4.118373
3.280851 4.147422
3.575079 4.366804
3.668564 4.437696
3.662308 4.510730
3.586616 4.443562
3.633828 4.483768
3.647993 4.502378
3.719918 4.595294
3.879818 4.721844
4.031233 4.852731
4.235214 5.020206
4.418608 5.181485
4.598046 5.336506
4.813984 5.489941
5.035774 5.666168
5.191718 5.800547
5.356025 5.942631
5.551483 6.137723
5.771855 6.347810
5.957245 6.517492
6.171412 6.735332
6.366983 6.928162
6.570295 7.109985
6.791289 7.320887
6.967580 7.464633
7.137613 7.630482
7.348639 7.816850
7.467776 7.993146
7.599197 8.076417
7.627761 8.018794
7.628781 7.938596
7.685657 7.977281
7.699572 7.968551
7.743792 8.024788
7.711396 7.905455
7.615759 7.866393
7.483372 7.726981
7.391426 7.706981
7.361648 7.688970
7.337121 7.710481
7.314185 7.717576
7.330322 7.721540
7.295511 7.566727
7.312406 7.566173
7.372042 7.612646
7.373229 7.652998
7.444183 7.695145
7.600814 7.829033
7.648615 7.816054
7.818745 8.036994
7.977342 8.247991
8.092927 8.418705
8.279124 8.602175
8.429612 8.759466
8.518301 8.885651
8.555079 9.013149
8.613256 9.121788
8.766368 9.214297
8.869590 9.348641
8.990230 9.411372
9.019723 9.452263
9.153497 9.509695
9.015625 9.448837
8.857546 9.337360
8.798594 9.372641
8.949535 9.676380
9.111938 9.948965
9.321064 10.037645
9.326001 10.062961
9.300613 9.832575
9.187963 9.574382
9.166272 9.563460
9.169004 9.540818
9.203436 9.555150
9.263437 9.595619
9.349800 9.659205
9.410327 9.711519
9.509739 9.785114
9.615168 9.870175
9.841756 10.022464
10.123400 10.227740
10.206123 10.354542
10.325747 10.485843
10.439275 10.605236
10.565533 10.740136
10.654823 10.842500
10.751858 10.945274
10.711220 10.919530
10.822417 10.988371
10.907091 10.920933
11.032632 10.901987
11.097302 11.001903
11.210968 11.006623
11.249391 11.043678
11.256385 11.007504
11.226289 10.905478
11.148736 10.724895
11.022081 10.650737
10.956082 10.443755
10.839307 10.218755
10.542100 9.971511
10.437728 9.843449
10.322334 9.630554
9.807553 9.094394
9.474934 8.292444
9.245906 7.913519
8.936224 7.481653
8.839380 7.126648
8.393672 6.553964
8.183440 6.445201
8.144136 6.101381
8.015475 5.928949
7.768607 5.806933
7.593346 5.750911
7.650799 5.706350
7.541825 5.826881
7.654086 5.965218
7.728143 6.130279
7.790984 6.268183
7.810467 6.425477
7.886923 6.561905
7.898313 6.633999
7.987270 6.761602
8.061734 6.905389
8.188009 7.042844
8.296287 7.197885
8.383621 7.347976
8.393953 7.304265
8.482984 7.418815
8.329585 7.451079
8.088917 7.324480
8.027036 7.244864
7.642368 7.072560
7.829670 7.418424
8.234522 7.696157
8.676503 7.821351
8.722944 7.854074
8.653096 7.800290
8.589002 7.679406
8.539352 7.678290
8.475295 7.543421
8.380406 7.416385
8.396281 7.413834
8.461579 7.416789
8.550281 7.505150
8.587096 7.615612
8.818984 7.745498
9.039452 7.976590
9.102959 8.074225
9.157322 8.162640
9.247597 8.240368
9.051506 8.258703
9.072660 8.246879
9.116127 8.149802
9.115367 8.104518
9.108571 7.900168
9.116209 7.916503
8.963076 7.513426
8.760506 7.347181
8.569073 7.081227
8.418320 6.967407
8.165195 6.842559
8.001153 6.627082
7.703160 6.532158
7.340027 5.992162
7.256663 5.698156
6.919357 5.414721
6.826731 4.926914
6.584964 4.778249
6.577373 4.571646
6.262248 4.506241
6.108742 4.355940
6.045403 4.231735
6.033086 4.121328
5.911158 3.968378
5.941982 4.016414
5.871243 4.043340
5.833815 4.093620
5.888033 4.235268
5.940946 4.247515
5.925781 4.405723
5.977235 4.626854
6.058121 4.776106
6.149348 4.851048
6.205304 4.968436
6.392550 5.198824
6.790735 5.547841
7.150299 5.823994
7.503222 6.086446
7.689245 6.340046
7.964388 6.385503
8.103543 6.499722
8.281633 6.545077
8.460627 6.737722
8.520794 6.886023
8.699576 7.022133
8.742913 7.090549
8.761148 7.175507
8.852581 7.319672
8.997126 7.413008
9.085721 7.525438
9.202087 7.712401
9.403560 7.959865
9.515487 8.091263
9.593593 8.224913
9.514546 8.272891
9.580433 8.386392
9.630633 8.503874
9.741198 8.504520
9.814548 8.545052
9.742987 8.419141
9.603060 8.366917
9.375285 8.135102
9.164842 7.990153
8.898771 7.661916
8.662566 7.379764
8.424493 6.940769
8.427980 6.902236
8.023745 6.580687
7.747628 6.152684
7.585021 5.899102
7.587503 5.845255
7.623537 5.910262
7.673494 6.019934
7.741888 6.174201
7.804831 6.323433
7.877291 6.515600
7.903057 6.604403
7.875116 6.648861
7.919420 6.739663
7.951869 6.765526
7.986115 6.845146
8.176030 7.114059
8.429942 7.409453
8.514122 7.518474
8.630785 7.646304
8.556715 7.714466
8.389506 7.641426
8.337192 7.466567
8.114776 7.356473
8.242994 7.606309
8.604203 7.770918
8.829189 8.022161
8.908642 8.089660
8.997434 8.223549
9.017283 8.271671
9.063102 8.356380
9.080038 8.409260
9.067278 8.480897
9.105178 8.561473
9.126892 8.634975
9.153272 8.595943
9.175719 8.622178
9.007071 8.436883
8.574843 8.172593
8.440896 8.205205
8.130376 7.916327
7.876052 7.703076
7.712728 7.331891
7.268435 6.848046
7.011023 6.453250
6.825620 6.187889
6.531270 5.711919
6.249260 5.313074
6.122964 4.969471
6.017209 4.804649
6.101261 4.828531
6.166994 4.951092
6.295870 5.140011
6.426495 5.309743
6.491804 5.468913
6.598924 5.676807
6.695705 5.790673
6.682637 5.866812
6.683113 5.949537
6.671722 5.973605
6.654140 6.020087
7.052843 6.346990
7.154068 6.824024
7.229652 7.112199
7.141389 7.164460
7.074052 7.243396
7.191697 7.299206
7.133809 7.364432
6.925749 7.275380
6.984669 7.386339
7.040262 7.537857
7.450334 8.047774
7.509908 8.080048
7.462285 8.166459
7.527671 8.276413
7.575728 8.271789
7.680797 8.383570
7.774835 8.449145
7.880820 8.508017
8.026593 8.599474
8.126841 8.679880
8.219686 8.738608
8.261099 8.739556
8.275760 8.720459
8.126444 8.570237
8.070476 8.480557
7.774515 8.221288
7.347808 7.873347
6.989190 7.166431
7.028368 7.003499
6.878266 6.723341
6.679508 6.091077
6.484719 5.793168
6.451667 5.082471
6.481966 4.902442
6.467361 4.599537
6.567118 4.760872
6.635915 4.872110
6.710933 5.044332
6.731122 5.116064
6.827395 5.276282
6.873372 5.396228
6.972314 5.549502
7.035556 5.662212
7.091929 5.746767
7.080802 5.799372
7.079021 5.873370
7.378626 6.137659
7.436675 6.298403
7.348584 6.434054
7.118813 6.493627
6.735757 6.383871
6.453438 6.136795
6.636173 6.357146
7.106815 6.477884
7.232680 6.575250
7.331878 6.613534
7.480173 6.752001
7.696286 7.077967
7.881125 7.262806
7.938276 7.315719
7.769750 7.300407
7.768647 7.117607
7.639175 7.105100
7.316464 6.553658
7.126427 6.288501
6.748399 5.654205
6.606821 5.341563
6.501527 5.039378
6.339259 4.617166
6.301498 4.508138
6.131638 4.404109
6.166256 4.370427
6.163240 4.253488
6.170934 4.101983
6.165459 3.998364
6.252020 3.913228
6.141771 3.805476
6.250911 3.598386
6.190308 3.533481
6.163535 3.399373
6.197347 3.421938
6.287152 3.399872
6.352305 3.514723
6.497383 3.689902
6.798626 4.010157
7.255936 4.227263
7.678983 4.533061
7.977410 4.799251
8.251950 5.176615
8.538216 5.381353
8.710264 5.550795
8.928901 5.735715
9.375086 5.841852
9.718131 5.894520
9.704688 5.872178
9.779671 6.069608
9.845879 6.210985
9.879695 6.279816
9.923964 6.333924
9.977759 6.402322
10.021381 6.488680
10.055627 6.578457
10.065056 6.604374
10.066962 6.653635
9.827642 6.658601
9.800909 6.704748
9.768740 6.672100
9.727382 6.563947
9.684579 6.530582
9.505797 6.319840
8.933383 6.108672
8.750072 5.890692
8.659642 5.742114
8.457534 5.695703
8.237922 5.473583
8.163653 5.169629
7.960882 4.804723
7.475029 4.661005
7.203549 4.428135
7.100366 4.348295
7.022889 4.192822
6.956003 3.907321
6.971259 3.940734
7.059252 4.040428
7.063517 4.091574
7.150167 4.305597
7.226166 4.489843
7.563239 4.763185
8.042136 5.300307
8.121270 5.397330
8.140593 5.522102
7.848538 5.675696
7.434221 5.709361
6.912111 5.794807
6.374753 5.648314
5.549949 5.412800
5.535492 5.450506
5.791903 5.684302
5.910858 5.858749
6.051026 6.101429
6.027070 6.243181
6.088757 6.318022
6.226756 6.434462
6.447272 6.670598
6.489400 6.629285
6.463197 6.568123
6.404192 6.406747
6.468959 6.166222
6.646139 5.953548
6.708502 5.814776
6.721269 5.651064
6.567814 5.383466
6.426918 5.207582
6.415887 4.947840
6.336404 4.610500
6.337464 4.560043
6.244767 4.543733
6.202193 4.558372
6.004436 4.477834
5.916720 4.505004
6.008850 4.693496
6.268981 4.983897
6.536606 5.323768
6.653638 5.652518
6.755466 5.915688
6.979049 6.060148
7.095920 6.192924
7.449038 6.613166
7.582103 6.843477
7.663458 6.904089
7.672052 6.922218
7.784919 7.046635
7.906177 7.187125
7.917491 7.221960
7.994922 7.353009
8.159394 7.438817
8.208431 7.505609
8.283877 7.542496
8.361086 7.623265
8.408605 7.640428
8.419819 7.595019
8.276696 7.450994
8.161575 7.267602
7.980910 7.060132
7.707221 6.709438
7.419394 6.276159
7.165506 5.678386
6.889237 5.407860
6.544119 4.930242
6.169993 4.463367
5.910694 4.111966
5.575173 3.879772
5.227774 3.545772
5.017565 3.393286
4.983505 3.433076
4.900851 3.301225
4.955492 3.408706
5.020079 3.544894
5.049314 3.730080
5.042593 3.825887
5.206440 4.003502
5.174417 4.392402
5.225021 4.303707
5.347567 4.396051
5.495702 4.695389
5.702594 4.942729
5.443685 4.890936
5.009603 4.666606
4.922479 4.679738
5.078731 4.740121
5.107232 4.782306
5.127139 4.748863
5.171987 4.599099
5.194374 4.485122
5.083286 4.411406
5.032609 4.432775
4.984902 4.347322
4.981073 4.224391
4.993310 4.061407
4.839882 3.943131
4.656038 3.723899
4.551693 3.468579
4.122615 3.084299
3.791298 2.872092
3.626029 2.793096
3.558836 2.596498
3.662631 2.546374
3.643938 2.278690
3.497268 2.255705
3.478271 2.450426
3.522243 2.647188
3.533467 2.830157
3.591599 3.027295
3.736299 3.244980
3.950673 3.436387
4.120063 3.582472
4.366622 3.776087
4.571460 4.016757
4.762810 4.259284
5.044859 4.441062
5.085500 4.452760
4.993372 4.394910
5.027281 4.476347
4.975462 4.532824
4.910817 4.553932
4.945642 4.608955
4.946234 4.656432
4.994542 4.731113
5.053518 4.833680
5.105816 4.816138
5.030589 4.772297
4.859979 4.524755
4.639762 4.084227
4.341329 3.523893
4.072699 3.130683
3.952624 2.918883
3.838922 2.561533
3.707522 2.323991
3.695960 2.233366
3.427456 2.300664
3.487826 2.403482
3.507044 2.484205
3.500756 2.492978
3.478730 2.657511
3.594093 2.936473
3.843087 3.275420
4.546251 3.971525
5.103042 4.524627
