0.316486
0.412181
0.630546
0.683547
0.775906
0.882204
0.921041
0.927374
1.092302
1.161314
1.450396
1.540109
1.771619
2.130329
2.102893
1.982599
1.664058
1.604663
1.737808
1.456192
1.177800
1.164734
1.555455
1.958239
2.376439
3.065595
3.527793
3.956933
4.248597
4.465035
4.807268
5.128088
5.172141
5.470461
5.629553
6.064312
6.311030
6.701630
6.918768
7.111892
7.564820
7.750169
8.286253
8.723299
9.241088
9.442314
9.750729
10.065013
10.297293
10.335722
10.521553
10.634949
10.745628
10.206687
9.750757
9.011333
8.322240
7.882897
7.326086
6.862121
6.285837
5.839902
5.409986
4.663991
4.034834
3.447661
2.635445
1.965744
1.225190
1.057952
1.385435
1.997691
2.631734
3.119713
3.743042
4.219137
4.510051
4.991220
5.340425
5.104084
4.691643
4.531863
4.900362
5.068514
4.958238
4.303615
3.854552
3.407464
2.906332
2.315557
1.742148
1.418145
1.434111
1.687977
2.098245
2.556447
3.111346
3.597673
4.278614
4.850579
5.516704
5.835640
6.183115
6.496505
7.070477
7.336518
7.781954
8.279460
8.838289
9.333477
9.566335
9.613978
9.738833
9.803690
10.047911
9.936167
9.857406
9.721845
9.702937
9.747178
9.800008
9.097969
8.625973
8.287008
7.877685
7.345294
6.982553
6.687911
6.212729
5.974926
5.728182
5.304656
5.026862
4.733284
4.391905
4.041839
3.977337
3.810835
3.619130
3.686350
3.703104
3.667047
3.782607
3.768135
4.015885
4.140965
4.155039
3.866416
3.289735
2.889916
2.973823
4.170985
5.553500
6.114130
6.347155
6.610216
6.845484
6.865659
6.963876
7.137231
7.312672
7.434276
7.605616
7.895228
8.095556
8.469639
8.434332
8.803438
9.237982
9.870971
10.223230
10.455375
10.598557
11.096211
11.509295
12.274226
12.779923
13.559863
14.151508
14.155345
13.964228
13.827265
13.657546
13.543256
13.714575
14.513410
15.408048
16.463042
17.173362
17.691800
18.096409
18.714111
18.989026
19.364074
19.742426
20.158559
21.153054
22.687118
24.424941
26.169677
27.431486
28.688796
29.477307
29.941728
29.993935
30.204072
30.055451
29.502743
28.780483
28.291157
27.904377
27.103747
26.568947
26.005182
25.613507
25.176758
24.535293
23.875267
23.371418
22.680460
22.056519
21.745325
21.357564
20.467747
19.158047
18.563009
18.086351
17.735776
17.517850
17.556699
19.054684
19.960341
20.269491
20.682229
20.976454
21.169313
21.394360
21.398980
21.499708
21.464776
21.472432
21.729502
22.045851
21.961235
21.933202
22.245906
22.478057
23.096563
23.520716
23.808140
24.046228
23.920589
23.103213
22.087945
21.502200
20.584758
19.989695
19.384591
18.370035
17.547717
16.442202
15.943760
15.632085
15.354832
15.198891
15.014151
14.719711
14.722757
14.832202
14.812071
14.730764
14.984003
15.376883
15.545916
15.751449
16.766502
17.289618
17.812509
18.218174
18.378343
18.534456
18.479104
18.604165
18.633053
18.872398
19.155213
19.292529
19.532135
20.095607
20.527913
20.872101
20.892154
21.054634
20.922942
21.078383
21.440159
21.107769
21.167192
21.526957
21.740284
21.429070
21.014901
20.632067
19.947647
19.868379
19.772790
19.033984
18.595219
18.528485
18.428923
18.178482
17.954437
17.971411
17.800654
17.738249
17.620270
17.225534
17.009527
16.812237
16.718522
16.545331
16.456812
16.845721
17.592844
18.005876
18.544381
18.928107
19.253371
19.515734
19.819066
19.846548
19.738377
20.045807
20.285381
20.493084
21.010299
22.179404
22.957442
24.192381
25.471258
27.546899
28.690154
28.686485
27.960507
27.557933
27.352605
27.235504
26.935649
26.684873
26.688196
26.887365
27.566331
28.023756
29.300082
30.399433
31.581759
31.995141
32.251736
32.515840
33.294018
34.047652
34.345682
34.853944
34.567410
34.779112
34.817743
35.051420
34.801253
34.489544
34.615707
34.312913
34.660487
36.336956
38.521297
41.205375
42.929319
44.110364
44.939290
45.706989
46.084204
46.357305
46.635731
47.194594
46.917337
46.656464
46.114273
45.773340
45.765065
45.791431
45.743660
45.145711
44.728747
44.340771
43.900223
43.224764
42.771458
42.330451
41.785832
41.311878
40.856834
40.237623
39.840285
39.899903
39.780493
39.585116
39.677948
39.769709
39.401940
39.011584
38.575784
38.024778
37.646419
37.217016
36.805420
36.435630
36.079813
35.917329
35.458118
35.016520
34.990500
35.140478
35.069113
35.214667
35.494242
35.824666
36.110835
35.379474
34.858462
34.433741
34.064876
33.882165
33.714698
33.350253
32.891627
32.466390
32.062441
31.920408
32.019380
31.951001
31.756659
31.525361
31.602825
31.373400
32.122933
32.314064
32.151437
31.735401
31.886500
31.508670
31.219693
30.652035
30.971208
32.938168
35.755391
40.015101
43.554640
45.947428
46.866604
47.355319
47.649931
48.178600
48.621409
48.589598
47.975118
48.005767
47.963697
47.463060
46.705008
46.110221
45.639578
45.193038
44.720900
44.087113
43.684710
43.264201
43.182673
43.150796
42.513722
42.008214
41.557437
41.125944
40.796859
40.171624
39.755024
39.274157
39.036585
38.680430
38.202817
37.828763
37.569826
37.353289
37.226890
37.242525
37.133620
37.303403
37.464734
37.672752
37.915412
38.047151
37.882949
37.630480
37.419397
37.536674
37.648393
37.675603
37.874611
38.274570
38.475497
38.877021
39.488915
39.908134
40.436304
40.890812
41.559945
41.641664
41.829618
42.361940
42.750479
43.275214
43.832914
44.239580
45.041429
45.543327
46.074805
46.934013
47.572684
48.060998
48.687601
49.113949
49.952896
50.581232
51.154913
51.656846
51.685303
51.232291
51.121615
50.639191
50.460270
49.737417
49.351916
48.505076
47.814323
47.420614
46.765952
46.334083
45.821883
45.381706
44.863851
44.454502
44.011810
43.363248
42.966731
42.586475
41.969455
41.521143
41.111908
40.666128
40.036348
39.556178
38.081931
36.835707
