0.274175
0.361340
0.544803
0.593124
0.656190
0.757678
0.818071
0.856846
1.128081
1.249895
1.497820
1.765922
2.120198
2.636226
2.670030
2.592037
2.348258
2.283245
2.216957
1.413779
1.017155
0.658178
0.879897
1.265405
1.724844
2.337780
2.800203
3.379882
3.633008
3.908042
4.287940
4.591882
4.717813
5.022018
5.121911
5.347174
5.413083
5.660427
5.855664
6.265934
6.791855
6.934407
7.495327
7.753049
8.023411
8.096293
8.178412
8.280899
8.298072
8.087180
7.782608
7.523292
7.514716
7.231381
6.942966
6.441332
5.925903
5.611331
5.251532
4.811979
4.266853
3.919097
3.666611
3.138967
2.805682
2.462113
1.978577
1.505212
1.173913
1.104874
1.124291
1.462400
1.678552
1.906781
2.410646
2.708832
2.994844
3.554266
3.970926
4.004955
3.675023
3.465891
3.838118
4.042036
4.097452
3.558620
3.210851
2.835798
2.491570
2.204305
1.798152
1.569874
1.640114
1.823848
2.188411
2.689558
3.216686
3.480537
3.943683
4.232664
4.893737
5.176786
5.467710
5.788465
6.166033
6.412728
6.722747
7.169902
7.597886
7.930576
8.398083
8.385456
8.517815
8.555252
8.463392
8.176112
8.011201
7.874615
7.925619
7.934678
8.140125
7.410598
6.786529
6.230096
5.809879
5.391026
5.094373
4.724563
4.196796
3.837181
3.295457
2.612863
2.227459
1.819618
1.594898
1.272297
1.159745
1.134788
1.393487
1.699461
2.075945
2.562388
2.759649
2.802467
2.972526
3.040055
3.000080
3.018662
2.491396
2.320131
2.384316
2.288920
2.027879
1.437571
1.372401
1.526500
1.943675
2.206399
2.547203
2.895305
3.419879
3.811733
4.235861
4.763184
5.149948
5.410278
5.886722
6.420581
6.816813
7.443052
7.696044
7.676794
7.375932
7.877507
7.971139
8.519688
8.700921
9.192215
9.219813
9.660317
9.965217
10.299685
10.939341
11.256653
10.810783
10.469704
9.950883
9.475458
9.369463
9.005469
8.948432
8.293034
7.862805
7.244302
6.724174
6.224949
5.784526
5.566253
5.826398
6.155240
6.726026
7.801479
9.196672
10.018008
9.974977
10.514358
10.392836
10.068941
9.335770
8.917890
8.477450
7.843885
7.927697
7.979200
7.939567
8.000920
8.070343
8.093583
7.952924
8.035897
8.113310
8.019367
7.896310
7.708977
7.500215
7.709332
8.137159
8.544817
9.053061
8.326700
7.973529
7.892169
7.803707
7.825972
7.895013
7.781646
7.466359
6.851710
6.217940
5.848045
5.325837
4.623892
4.145827
3.933885
3.715128
3.355224
2.816960
2.992069
3.866046
4.657862
5.622399
6.556502
7.036443
6.622529
6.120058
5.401820
5.236966
5.043107
4.417334
4.223143
3.690216
3.877921
3.958408
4.089750
4.210354
4.327676
4.744308
5.171489
5.744524
6.575301
7.268097
8.716184
9.849457
10.928187
10.166314
9.544948
9.174577
8.293434
7.630476
7.092926
6.416820
6.011126
5.572541
5.132457
4.392507
3.640876
3.028467
2.355407
1.447227
0.563770
0.615828
1.471273
2.933196
3.897958
5.510060
7.006001
7.508978
7.737692
7.089171
6.468059
4.669478
3.566726
2.580289
1.490394
1.317008
1.282713
1.421447
1.852431
2.668911
3.324589
4.072099
4.880415
5.475579
6.333733
6.913852
7.350748
8.224046
8.991418
9.708735
10.273536
11.071044
11.564822
10.783436
10.223290
9.947219
9.237008
8.643379
8.023622
7.209078
6.312103
5.701414
5.131492
4.386978
3.745069
3.169888
2.185018
1.419803
1.421346
2.100783
2.666292
3.422359
4.327943
3.954146
4.096960
4.201795
4.242325
4.392020
4.481219
4.912261
5.703020
6.529996
7.596410
8.447470
9.679171
10.828917
12.014517
12.470191
12.758321
12.993456
13.626122
14.463274
15.004535
15.706869
15.770415
16.112899
16.400274
17.019093
17.158504
17.172337
17.564031
18.109911
18.624489
19.360235
19.912968
20.695636
21.256132
21.820322
22.530239
23.214214
23.764381
24.414329
25.213017
26.505161
26.937564
27.254732
27.025579
26.765317
26.790035
26.788074
26.821617
25.622215
24.504536
23.292959
22.180666
20.737298
19.764476
18.896925
18.187118
17.598762
16.938019
16.203925
15.662529
15.651079
15.607605
15.696581
15.734306
15.711175
15.284840
14.890736
14.541181
14.057027
13.666325
13.244834
12.816913
12.357705
11.857247
11.205606
10.333949
9.670957
9.175445
9.058880
8.820599
8.858180
8.940493
9.259559
9.338356
8.844819
7.725818
6.414813
5.179556
4.175359
3.653749
2.947505
2.059546
1.471716
1.376810
2.046293
2.805359
3.330406
3.970446
4.604556
5.553438
6.181032
7.337863
8.405817
9.376571
10.262413
11.337440
12.200715
13.212710
14.311310
15.304738
16.410844
17.711707
18.994813
20.256556
21.339395
21.954190
22.261385
22.619307
22.974752
23.545888
23.479328
23.087386
23.182617
23.234679
22.816548
22.235990
21.680475
21.304921
20.643356
20.132112
19.438572
19.014517
18.502820
18.427985
18.309317
17.610540
17.155641
16.728653
16.201974
15.796252
15.188961
14.898765
14.586213
14.203662
13.758459
13.169256
12.774599
12.354078
12.112924
12.064948
12.256841
12.243928
12.189251
12.514425
12.658135
12.952012
12.973760
12.674288
12.072361
11.458593
10.853814
10.164684
9.617937
9.083276
8.615010
8.261445
8.195716
8.524620
8.576151
8.495975
8.638138
9.069900
9.289197
9.538342
10.156967
10.957927
11.773550
12.762206
13.822363
14.974713
15.910246
16.876465
17.919332
18.654154
19.469702
20.507501
21.195280
22.035956
22.655606
23.293164
23.792369
23.735771
23.198286
23.162107
22.734600
22.507816
21.855451
21.378871
20.490720
19.841904
19.463011
18.831586
18.426760
18.017959
17.542075
17.042559
16.490675
16.032722
15.324597
14.815646
14.136164
13.266692
12.503861
11.766726
10.875112
9.731606
8.978456
7.648487
6.320916
