2.076133 2.078159
2.030935 2.002546
1.908636 1.947000
1.851426 1.945166
1.792161 1.999564
1.736828 2.041581
1.760115 2.139241
1.710836 2.181379
1.725812 2.321604
1.673999 2.421776
1.656422 2.576236
1.615051 2.581813
1.657582 2.698900
1.791304 2.876773
1.815662 2.847069
1.941408 2.962705
2.365458 3.445811
2.888812 3.855419
3.229660 4.121984
3.664374 4.476639
3.839888 4.565958
3.972501 4.645686
4.078138 4.726967
4.162935 4.800479
4.271208 4.936016
4.371233 5.070477
4.511348 5.115991
4.739194 5.287232
5.004251 5.514967
5.281573 5.744623
5.529239 6.043460
5.719945 6.213595
5.892394 6.376740
6.065578 6.549117
6.221381 6.690689
6.359289 6.742286
6.370247 6.942999
6.418252 6.954919
6.582300 7.105129
6.657507 7.204396
6.759996 7.305595
6.879900 7.435843
6.864596 7.554337
7.009827 7.568635
7.015725 7.523454
6.804202 7.415440
6.855144 7.309011
6.912763 7.148332
6.778318 7.060006
6.853025 7.075771
6.968149 7.153938
7.053661 7.345070
7.117780 7.357169
7.150855 7.436971
7.087190 7.445851
7.010417 7.365337
7.038708 7.418592
7.068196 7.517150
7.041779 7.564101
7.062808 7.646173
7.131984 7.776091
7.181878 7.776513
7.269085 7.902349
7.392547 8.087060
7.481441 8.188099
7.606584 8.326240
7.640800 8.431663
7.700179 8.510689
7.788303 8.566297
7.791478 8.591528
7.886281 8.640911
7.820995 8.736163
7.803059 8.775580
7.778081 8.862989
7.670237 8.862164
7.697184 8.924341
7.773427 9.053614
7.848325 9.103284
7.955838 9.233682
8.143710 9.420493
8.104697 9.376027
8.143438 9.556239
8.285888 9.758035
8.341458 9.872229
8.327721 9.904254
8.276583 9.897634
8.213409 9.814878
8.228352 9.832190
8.253802 9.866921
8.272060 9.894766
8.304537 9.945268
8.246731 9.720792
8.274841 9.615230
8.280463 9.552649
7.956345 9.414320
8.057088 9.443642
8.167123 9.488799
8.261103 9.571470
8.377936 9.648583
8.504912 9.728261
8.655968 9.829064
8.744976 9.890434
8.730158 9.760435
8.871020 9.874972
8.972310 9.982051
9.131782 10.084994
9.296270 10.217078
9.458831 10.338973
9.619145 10.465375
9.698726 10.243219
9.876212 10.348086
9.941758 10.385226
10.043796 10.430596
10.096029 10.274248
10.110250 10.128943
10.015986 10.108312
10.024119 10.102833
10.066832 10.219741
10.082940 10.249862
10.092944 10.276856
10.125913 10.316760
9.973166 10.246737
9.980131 10.192613
10.027631 10.239529
10.001847 10.157454
9.918124 10.170450
9.859957 10.191665
9.807908 10.023828
9.618811 9.830078
9.601019 9.744778
9.673550 9.804098
9.757687 9.892780
9.842533 9.973327
9.952474 10.059625
10.068984 10.141180
10.193052 10.263914
10.297022 10.357142
10.398914 10.472359
10.526617 10.592871
10.932767 10.864846
11.231282 11.206311
11.479541 11.404068
11.586989 11.541673
11.702115 11.690885
11.821126 11.819436
11.742805 11.873771
11.725439 11.973659
11.707739 11.862908
11.580587 11.658124
11.573997 11.652894
11.396159 11.505168
11.134198 11.274954
10.840203 11.138804
10.593250 10.658593
10.337460 10.393500
10.080191 10.193891
9.600164 9.953240
9.558157 9.871227
9.398081 9.659634
9.087434 9.640914
9.166819 9.691242
9.267796 9.760141
9.336439 9.702066
9.283194 9.623503
9.427893 9.680726
9.448556 9.521354
9.420955 9.350095
9.395967 9.320679
9.415089 9.187880
9.374682 9.336139
9.490836 9.444272
9.122880 9.278466
9.144970 9.091025
9.024894 9.004948
8.778160 8.880560
8.435627 8.745753
8.192639 8.405920
7.543486 8.320753
7.526609 8.092723
7.416254 7.979788
7.323390 7.983191
7.184757 7.888029
7.148389 7.700797
7.265692 7.693946
7.315822 7.732491
6.995077 7.448602
6.951808 7.400829
7.016682 7.423221
6.858116 7.168007
6.749453 7.015397
6.541271 7.005315
6.457899 6.859735
6.455562 6.820350
6.567980 6.923337
6.721163 7.088397
7.017193 7.370608
7.557089 8.125152
8.192037 8.852599
8.844654 9.613910
9.419700 10.194409
9.630289 10.347867
9.571108 10.197505
9.492287 10.041396
9.177361 9.810641
9.126961 9.670372
9.183567 9.692210
9.212489 9.558303
9.397565 9.813370
9.479265 10.012568
9.588768 10.147641
9.619656 10.297309
9.746588 10.376994
9.837164 10.422441
9.871245 10.448506
9.903153 10.482143
9.925927 10.461737
9.833009 10.354475
9.896187 10.423372
9.968910 10.495522
9.961762 10.447384
10.045538 10.530559
10.149131 10.513391
10.131550 10.476138
10.141283 10.500898
10.217348 10.613768
10.254490 10.632427
10.189027 10.580091
10.092152 10.484103
10.113411 10.487842
10.095696 10.411982
10.115207 10.385546
9.892805 10.249945
9.611493 10.106285
9.131743 9.960348
8.688168 9.574032
8.215121 9.327287
7.898614 9.150553
7.873553 9.137907
7.931459 9.201684
8.000986 9.231798
8.363471 9.519254
8.452771 9.600921
8.652605 9.877815
8.605411 10.033720
8.622202 10.064850
8.682635 10.102534
8.774503 10.350584
8.842336 10.410198
9.094897 10.539127
9.104770 10.585296
9.105452 10.602994
8.780458 10.271401
8.683573 10.008892
8.556530 9.863763
8.489169 9.852842
8.461514 9.830358
8.318085 9.502063
8.287354 9.456090
8.256805 9.329817
8.351982 9.355455
8.457910 9.410012
8.494700 9.410439
8.534482 9.437800
8.584188 9.466515
8.634747 9.502278
8.725440 9.535664
8.692637 9.428351
8.727491 9.342512
8.792074 9.384646
8.902861 9.488469
9.135953 9.606455
9.112275 9.489031
9.104711 9.366924
8.878759 9.321428
8.748510 9.112573
8.601071 9.009864
8.357845 8.522551
7.710357 8.008519
7.151755 7.330804
6.774237 6.327693
6.465606 5.785326
5.915645 5.425272
5.658813 5.247223
5.637220 5.334149
5.723914 5.496691
5.793058 5.608437
5.880261 5.716732
6.016833 5.848372
6.348676 6.303138
6.782900 6.568356
7.055036 6.701893
7.208029 6.963992
7.298866 7.041605
7.462357 7.106781
7.493491 7.144975
7.532937 7.193513
7.584003 7.231384
7.631305 7.280157
7.956706 7.593079
8.095841 7.820001
8.343514 8.092592
8.395709 8.161224
8.316123 8.242729
8.315801 8.276981
8.338533 8.320223
8.284997 8.357281
8.193028 8.322327
8.086214 8.236690
7.769631 8.106523
7.588694 7.950353
7.534312 7.882903
7.290360 7.590612
7.184855 7.354364
6.796609 6.902522
6.616980 6.719984
6.373777 6.612492
6.041804 6.435214
5.760234 6.167900
5.769099 5.992492
5.530508 5.668429
5.398643 5.497456
4.728872 5.005221
4.374779 4.571531
3.709761 4.027675
3.207182 3.612781
2.907797 3.180311
2.658908 3.054486
2.567966 2.835029
2.587767 2.640699
2.589283 2.749040
2.786473 2.901974
2.900444 3.037251
3.169067 3.270885
3.455064 3.580627
3.820696 3.948614
4.267226 4.405361
4.727506 4.787257
4.996323 5.131871
5.437643 5.413986
5.864252 5.666835
6.274498 5.844313
6.723139 6.082757
6.663089 6.108747
6.653573 5.885248
6.567792 5.821068
6.549091 5.808493
6.522022 5.745025
6.656025 5.842958
6.849169 5.985546
6.961233 6.060986
7.063213 6.161144
7.164114 6.229172
7.211584 6.278083
7.302715 6.361435
7.420544 6.505473
7.409679 6.663434
7.372546 6.584291
7.240161 6.532981
7.159517 6.444061
7.212250 6.308297
7.206263 6.459522
7.105829 6.503856
7.161094 6.407054
6.924535 6.321761
6.845567 6.324511
6.725224 6.121821
6.589822 6.042671
6.424763 5.820467
6.449092 5.886069
6.435195 5.833478
6.260319 5.790053
6.219204 5.772114
6.126646 5.700554
6.162222 5.697282
6.291608 5.825620
6.406621 5.958973
6.643830 6.229176
6.856525 6.415158
6.890302 6.621220
6.935686 6.578959
6.765330 6.549967
6.321021 5.875819
5.563896 5.439906
5.059412 5.058481
4.600563 4.753034
4.396210 4.521305
4.323694 4.265040
4.307516 4.040411
4.233013 3.901516
4.102089 3.947562
3.995152 3.804340
3.841375 3.642274
3.713476 3.525644
3.590893 3.420305
3.586193 3.426633
3.682885 3.504160
3.780720 3.580171
3.941452 3.741256
4.089910 3.915530
4.193936 4.127132
4.354536 4.300562
4.416041 4.395478
4.387190 4.296292
4.338248 4.146309
4.089106 3.974646
3.983315 3.941986
3.808511 3.840171
3.585709 3.719452
3.380289 3.655965
3.276430 3.608899
3.289167 3.597740
3.163023 3.579248
3.132250 3.570473
3.238234 3.681447
3.429458 3.891636
3.549787 4.046492
3.819297 4.370468
4.120118 4.737269
4.491989 5.131618
4.845565 5.470257
5.056822 5.670129
5.349017 5.959325
5.277803 5.996381
5.259814 6.064095
5.191047 6.055195
5.048713 6.129956
5.101895 6.163986
5.025133 6.115810
4.916458 6.013062
4.872958 5.903506
4.923231 5.842430
5.006707 5.873940
5.021813 5.796656
5.090852 5.847519
5.011744 5.852292
4.972668 5.892772
4.945482 5.940199
4.958642 5.932536
4.978468 5.958166
5.029517 5.858582
5.077079 5.758079
5.049244 5.766477
5.015150 5.803599
5.114790 5.889504
5.240303 5.940717
5.264741 6.019264
5.394325 6.078559
5.344568 5.998971
5.411516 6.051550
5.548991 6.248648
5.664135 6.297405
5.671317 6.445105
5.838235 6.652897
6.079927 6.878136
6.372708 7.173723
6.600788 7.403777
6.830984 7.954443
6.981131 8.238639
7.272494 8.432534
7.291528 8.678838
7.285148 8.680002
7.280427 8.654142
7.195277 8.473891
6.588661 8.134952
6.267048 7.928024
5.700902 7.543938
5.416182 7.176843
5.087790 6.850306
4.976320 6.634412
4.771878 6.276418
4.745369 6.147108
4.691131 5.906805
4.502462 5.701470
4.342771 5.665357
4.366144 5.539373
4.376277 5.461348
4.438675 5.355164
4.279464 5.195471
4.113290 5.024556
4.095388 4.983095
4.092151 4.910970
4.037046 4.865990
4.031189 4.795269
3.883912 4.724370
3.815699 4.575396
3.754737 4.418575
3.749001 4.330354
3.798136 4.448241
3.890441 4.375800
4.054079 4.296591
4.156538 4.385872
4.288251 4.366371
4.288370 4.294207
4.420832 4.433264
4.604142 4.467921
4.464645 4.379027
4.406373 4.406866
4.451255 4.550153
4.541040 4.724357
4.624659 4.745221
4.564440 4.642668
4.610734 4.618874
4.691835 4.594836
4.782425 4.592331
4.877956 4.641501
5.034266 4.762298
5.207158 4.849778
5.358663 4.943848
5.492504 5.036088
5.636768 5.155212
5.787062 5.297643
5.936034 5.420720
6.045347 5.539027
6.206610 5.637246
6.090413 5.610081
5.962119 5.383108
5.915454 5.342669
5.865099 5.226166
5.788259 5.325559
5.906170 5.476511
6.033570 5.639115
6.166206 5.796033
6.256174 5.875825
6.248444 5.838550
6.149969 5.870966
6.268478 5.986128
6.391876 6.075563
6.463251 6.255846
6.681152 6.427603
6.846101 6.702711
6.971828 6.908631
7.029625 6.993087
6.877373 6.919178
6.707880 6.719339
6.282351 6.379015
6.041690 6.106414
5.737840 5.777963
5.537341 5.494095
5.282532 5.268718
4.928264 4.999696
4.835185 4.868349
4.583500 4.564001
4.445683 4.525550
4.162435 4.301430
3.826775 4.045804
3.859086 4.033741
3.781818 3.926724
3.871422 4.080532
3.982005 4.206071
4.004297 4.221457
4.077382 4.291485
4.250487 4.440385
4.397516 4.528990
4.601352 4.703614
4.736945 4.841153
4.913260 4.962194
5.122236 5.167472
5.377139 5.413105
5.592164 5.648212
6.071339 6.204897
6.511891 6.774637
