2.011076 1.959369
1.988941 1.944067
1.939636 1.887296
1.838930 1.928382
1.788370 1.917561
1.791340 1.962349
1.895400 2.141737
1.947260 2.295818
2.015282 2.498871
2.079961 2.662122
2.212421 2.912313
2.169714 3.045392
2.234293 3.194041
2.348242 3.294338
2.145180 3.136930
2.257686 3.199718
2.437431 3.264384
2.769798 3.494877
2.919137 3.615589
2.906259 3.685988
2.914538 3.659141
2.799066 3.557807
2.745914 3.490079
2.770418 3.505845
3.016142 3.724694
3.203200 3.868205
3.406396 4.010160
3.730295 4.217037
4.030261 4.444611
4.414154 4.673477
4.718136 4.887307
4.974994 5.061671
5.190844 5.220485
5.457222 5.451759
5.738547 5.719118
5.936052 5.914935
6.220346 6.136863
6.441495 6.373455
6.655057 6.627801
6.808334 6.839460
7.050448 7.063954
7.215572 7.266240
7.455963 7.430511
7.690310 7.630243
7.822149 7.770864
7.867797 7.735420
7.938603 7.672649
7.962991 7.649147
7.930828 7.601094
7.983788 7.617898
7.896461 7.565409
7.832031 7.376684
7.664188 7.275101
7.630614 7.238101
7.542817 7.165023
7.547349 7.149509
7.573459 7.201072
7.592178 7.265198
7.566249 7.260718
7.522930 7.054577
7.524031 7.103798
7.453711 7.172677
7.471017 7.205028
7.591520 7.371230
7.658960 7.499296
7.819404 7.697867
7.966681 7.854846
8.108967 8.025019
8.320702 8.173560
8.494170 8.295367
8.651713 8.437267
8.813497 8.474257
8.952881 8.600394
9.146433 8.768300
9.335050 8.918041
9.402336 8.973352
9.337152 8.975469
9.369565 8.913091
9.371363 8.903877
9.117093 8.515277
9.045616 8.519970
9.309127 8.803570
9.441867 9.024079
9.637019 9.055429
9.639788 9.010172
9.457283 8.831626
9.241108 8.610964
9.241753 8.602424
9.252834 8.625208
9.276602 8.645888
9.305679 8.673920
9.387938 8.800525
9.449013 8.863271
9.535594 9.004857
9.613716 9.120961
9.713766 9.202090
9.798496 9.279744
9.995603 9.364574
10.096795 9.368079
10.187977 9.395013
10.337404 9.513483
10.449513 9.584413
10.529942 9.470437
10.546559 9.556604
10.630990 9.650023
10.709376 9.714573
10.843018 9.777630
10.832823 9.876584
10.878345 9.904242
10.891309 9.924282
10.757342 9.796077
10.695771 9.563264
10.626983 9.377714
10.477994 9.147149
10.298169 8.898479
10.252844 8.638349
9.771544 8.307545
9.385764 7.968488
9.185647 7.322738
8.789841 7.033786
8.126021 6.513998
7.791902 6.006481
7.481558 5.850216
7.175156 5.736582
6.971593 5.249919
6.607430 5.278942
6.239053 5.032753
5.941729 4.856179
5.906059 4.939417
5.774681 4.892658
5.844008 4.965331
5.922028 5.057693
5.993323 5.134481
6.070267 5.307750
6.165706 5.482566
6.318987 5.689570
6.424291 5.891962
6.538402 6.054853
6.634079 6.211026
6.790541 6.377081
6.973071 6.555387
7.172094 6.731597
7.293199 6.875442
7.370010 7.003249
7.529760 7.146924
7.598484 7.073424
7.373416 6.911044
7.290305 6.648459
7.134746 6.177232
7.364624 6.420681
7.555773 6.600678
7.755983 6.859033
7.888884 7.027679
7.807673 6.842124
7.693869 6.644873
7.756009 6.686850
7.855528 6.621958
7.845618 6.644291
7.954516 6.726955
8.022413 6.814274
8.127735 6.902477
8.268547 7.122013
8.489917 7.278890
8.622164 7.451518
8.757010 7.623963
8.842592 7.770996
8.933423 7.828447
8.895815 7.991165
8.939960 8.041149
8.992534 8.190598
9.020219 8.271109
8.714641 8.316335
8.777229 8.233852
8.367598 7.973641
8.012666 7.547775
7.636232 7.102725
7.475591 6.977571
7.266527 6.884139
7.215496 6.847750
6.993181 6.556895
6.794754 5.902241
6.348166 5.530071
6.116925 5.007728
5.997613 4.907406
5.867291 4.602114
5.335615 3.992543
5.012747 3.677841
4.738702 3.352867
4.466432 3.216348
4.245102 2.984793
4.174779 3.021307
4.110807 3.083241
4.031087 3.216405
4.067354 3.359063
4.232638 3.597155
4.301171 3.697669
4.470556 3.901158
4.630399 4.135820
4.815861 4.286568
4.962430 4.452503
5.044876 4.556832
5.157729 4.719381
5.341222 4.949635
5.398284 5.077195
5.310359 5.027273
4.949260 4.708224
4.865811 4.248891
4.709343 4.035852
4.669975 3.834896
4.611151 3.637053
4.720468 3.792569
4.806061 3.883217
4.942218 4.007972
5.065515 4.074869
5.158382 4.185151
5.296611 4.297988
5.416872 4.441216
5.546116 4.612170
5.673912 4.770297
5.738848 4.932546
5.898391 5.141118
5.975559 5.149977
6.041382 5.245800
5.919880 5.353132
6.057258 5.497735
6.080893 5.554674
6.134602 5.492009
6.077739 5.388737
5.948145 5.247630
5.838728 5.043201
5.603503 4.556601
5.327129 4.000520
4.866537 3.545566
4.932745 3.633206
4.613227 3.213600
4.396592 2.908033
4.306358 2.867652
4.257558 2.926657
4.412323 3.124223
4.625820 3.350739
4.790078 3.598563
4.914556 3.753099
5.116210 4.002396
5.095397 4.053770
5.059436 4.114355
5.022530 4.185147
5.008006 4.248244
4.892996 4.279599
5.036732 4.587856
5.242151 4.886359
5.367503 5.054383
5.037694 4.957423
4.740620 4.923966
4.428745 4.776670
4.053896 4.729864
3.664494 4.722409
3.487992 4.694365
3.346752 4.812662
3.342768 4.964918
3.359427 5.040786
3.394794 5.031839
3.326131 4.953641
3.380287 4.858737
3.331640 4.757340
3.378646 4.630475
3.358570 4.584400
3.423931 4.544495
3.521271 4.414223
3.583323 4.317324
3.805523 4.229490
4.077643 4.045079
4.201077 3.869054
4.136743 3.540389
3.938290 3.247460
4.004077 3.273327
3.797018 3.001965
3.570707 2.658953
3.316742 2.521527
3.165829 2.365682
2.790279 2.246873
2.652649 2.258294
2.552767 2.251277
2.770740 2.477909
3.080116 2.800070
3.481883 3.204519
3.593613 3.408260
3.835016 3.645549
4.057679 3.866753
4.198730 4.034899
4.294417 4.134596
4.363078 4.214572
4.371631 4.133718
4.446154 4.190153
4.828076 4.641791
4.904549 4.877250
5.080498 5.143400
4.898737 5.049504
4.691327 4.937619
4.583937 4.806464
4.493769 4.733007
4.646360 4.796517
4.337555 4.594450
4.252177 4.515166
4.376541 4.702463
4.427870 4.744102
4.483324 4.758266
4.544237 4.807402
4.614101 4.898567
4.703928 4.954155
4.834733 5.069238
4.859284 5.202156
4.953125 5.278668
5.053326 5.382575
5.149546 5.468334
5.229715 5.583888
5.264768 5.483972
5.250021 5.443645
5.313786 5.180499
5.509185 4.918541
5.335974 4.590397
5.061277 4.230902
4.954211 4.049043
4.766433 3.673558
4.236050 3.294704
3.884079 3.017856
3.784601 2.459348
3.608980 2.360138
3.702460 2.545298
3.795172 2.788335
3.817125 2.971410
3.922984 3.172379
4.030220 3.301439
4.099407 3.477525
4.134246 3.606186
4.111007 3.696690
4.182935 3.840881
4.089291 3.736605
4.041500 3.742042
4.066392 3.830212
4.354635 4.144684
4.762331 4.350317
4.333275 4.152864
3.861294 3.784624
2.913634 3.447337
2.325971 3.077276
2.337986 3.143833
2.603258 3.406213
2.884029 3.652567
3.164470 3.922999
3.367710 4.182435
3.469334 4.485105
3.536452 4.618603
3.728122 4.678674
3.881061 4.713176
4.216107 4.864508
4.469053 5.006009
4.617296 4.768461
4.658080 4.400706
4.751741 3.924667
4.898836 3.611233
4.943551 3.434112
5.051495 3.204062
5.110692 3.168474
4.877487 3.095211
4.826412 3.125381
4.764947 3.119425
4.678769 3.052801
4.546951 2.969300
4.419372 2.857714
4.252100 2.722967
4.222773 2.606818
4.062366 2.546617
3.792245 2.530716
3.699005 2.546689
3.405047 2.586555
3.328528 2.626007
3.560734 2.873852
3.959972 3.323683
4.260502 3.658629
4.477796 3.853858
4.746772 4.163817
4.847447 4.422247
4.810313 4.500480
4.845125 4.526056
4.885565 4.558470
4.875645 4.639763
4.906208 4.670690
4.925130 4.804038
4.966207 4.919442
5.031205 4.979837
5.002615 4.989507
5.005195 4.974966
5.015926 4.942704
5.040641 4.935327
5.053132 4.992721
5.052455 4.975739
5.003238 4.905762
4.945834 4.818052
4.896219 4.769280
4.850592 4.623683
4.772837 4.548805
4.733900 4.332860
4.499516 4.156948
4.216972 3.878591
4.030045 3.625888
3.835044 3.384611
3.614577 3.137782
3.139659 2.842082
2.871827 2.609454
2.656400 2.315740
2.693237 2.275710
2.616989 2.061725
2.636273 2.133483
2.668692 2.252646
2.661603 2.256240
2.647728 2.299772
2.700403 2.369973
2.847521 2.541322
3.145014 2.765725
3.470446 2.992581
3.885583 3.325358
4.283991 3.630340
4.159334 3.606694
3.980532 3.583557
3.798302 3.494393
3.656119 3.312306
3.649087 3.175672
3.419985 2.967349
3.271445 2.823812
3.253831 2.821989
3.610431 3.002589
3.830622 3.198702
4.103998 3.440872
4.213214 3.587824
4.291999 3.690169
4.396656 3.737880
4.716899 4.045165
4.672632 4.032840
4.636473 4.039359
4.693128 3.966073
4.761489 3.877970
4.766280 3.907343
4.837883 3.725697
5.031077 3.475910
5.113642 3.369704
5.139852 3.316528
5.214420 3.316979
5.109116 3.292007
5.002887 3.258957
4.974772 3.364510
5.092977 3.492972
5.276724 3.619371
5.400531 3.814476
5.380157 4.050445
5.548312 4.325937
5.764380 4.692174
5.966974 4.861295
6.077724 5.004277
6.267714 5.280806
6.396761 5.495128
6.590951 5.727225
6.660514 5.795779
6.513772 5.820157
6.484713 5.909888
6.455854 5.909327
6.303017 5.875534
6.120848 5.769770
6.047886 5.589830
6.013633 5.637287
6.076267 5.726621
6.124292 5.811682
6.172926 5.820917
6.245851 5.789815
6.243103 5.813978
6.375968 5.793180
6.330182 5.581257
6.125179 5.489266
5.947947 5.143624
5.656536 4.845854
5.599428 4.427598
5.532863 3.991733
5.294582 3.696943
5.187573 3.400495
5.135951 3.147090
5.126294 2.959288
4.957736 2.789225
4.898543 2.776159
4.952585 2.890557
5.014538 2.952673
5.018108 3.098412
5.007401 3.296016
4.958901 3.427848
4.966146 3.559157
5.091286 3.706357
5.130603 3.678144
4.773586 3.477233
4.638604 3.377877
4.841593 3.592593
5.162246 3.923841
5.134940 4.083214
5.250503 4.104866
5.133005 4.054763
5.165264 4.112861
5.259499 4.159634
5.398518 4.215031
5.512603 4.256568
5.579542 4.048823
5.588484 4.006360
5.407602 3.898939
5.191787 3.789838
4.955634 3.557352
4.619928 3.182152
4.346572 2.911728
4.160683 2.666097
3.893795 2.269548
3.577670 2.130202
3.466529 2.012561
3.294352 1.761147
3.175175 1.860901
3.128674 1.758451
3.314823 1.860226
3.323752 1.988008
3.313248 2.173532
3.308612 2.362013
3.322873 2.487790
3.326958 2.625526
3.344692 2.688611
3.472871 2.863934
3.532413 2.903942
3.770549 3.045143
4.038811 3.340696
4.304312 3.628234
4.390765 3.795347
4.381278 3.778685
4.203885 3.592363
4.076364 3.577671
3.898440 3.441763
3.659098 3.332063
3.546959 3.284003
3.586186 3.266408
3.696833 3.380986
3.709829 3.398705
3.703491 3.390750
3.773729 3.414818
3.559312 3.382783
3.462608 3.185610
3.401347 2.889121
3.246253 2.685655
2.937845 2.532662
2.987260 2.548118
3.057553 2.554015
2.930094 2.528443
2.546484 2.406170
2.462669 2.290626
2.367740 2.214495
2.411473 2.189781
2.578739 2.296205
2.857433 2.527547
3.180005 2.787222
3.779280 3.396452
4.369973 3.964710
