3040
3070
3130
3080
3680
3060
3080
3070
3020
3100
4240
3130
3060
3040
3060
3120
3130
3140
3150
3190
3040
3260
3370
3460
4490
3710
3300
4470
4490
4530
4340
3080
3060
3060
3130
3360
4490
4480
3320
3180
3100
3060
3060
3050
3070
3050
3100
3060
3050
3150
3110
3090
3040
3210
4470
3810
3090
3130
3120
3190
3060
3120
3140
3120
3120
3640
4480
3760
3110
3200
3050
3130
3150
3130
3100
3110
3120
3120
3080
3190
3090
3040
3060
3850
4420
3110
3310
4470
4470
4630
4490
4490
4490
3220
3060
3060
3070
3060
3040
3240
3540
3710
3050
4090
4510
4480
4470
4470
4470
4650
4470
4490
4380
3600
3120
3060
3080
3080
3070
3090
3230
3070
3190
3340
3080
3060
3090
3100
3050
3150
3030
3030
3060
3080
3040
3050
3040
3050
3040
3150
3070
3040
4420
4480
3140
3080
3700
3050
3270
3580
3260
4450
4460
3730
3060
3130
3080
3850
4470
4630
3850
4500
3710
3080
3090
3070
3050
3050
3070
3170
3060
3070
3060
3080
3090
3070
3090
3070
3080
3180
3080
3060
3120
3070
3060
3040
3050
4280
3990
3240
3040
3050
3060
3050
3040
3040
3070
3090
3080
3170
3360
3040
3040
3060
3040
3050
3070
3120
3170
3220
3080
3050
3110
3050
3110
3070
3040
3040
3040
3240
3890
3900
3920
3660
4080
3070
3050
3040
3040
3160
3040
3040
3040
3040
3040
3040
3040
3040
3040
3170
3780
4360
4350
3800
3040
3040
3040
3070
3070
3160
3060
3050
3040
3040
3060
3180
2130
2510
3080
3160
3040
3040
3040
3040
3050
3040
3060
3040
3060
3150
3090
3040
3060
3040
3200
3640
3080
3040
3110
3620
3280
3040
4010
4190
3060
3070
3080
3070
3090
3180
3080
3080
3070
3060
3080
3080
3090
3120
3060
3200
3070
3040
3300
3080
3040
3040
3120
3070
3040
3150
3050
3290
4280
4260
4280
4250
4240
3760
3040
3560
4440
2390
1910
2480
3070
3080
3050
3040
3040
3150
3060
3040
3120
3410
4180
3050
3140
3140
3130
3200
3040
3060
3100
3160
3150
3120
3150
3150
3130
3240
3140
3110
3130
3110
3110
3110
3070
3050
3040
3170
3040
3040
3060
4170
3630
3400
4260
3200
3040
3180
3040
3040
3050
3040
3080
3150
3130
3150
3150
3240
3130
3140
3130
3150
3120
3130
3070
3090
3130
3900
3090
3080
3040
3040
3050
3600
4460
3730
3090
3190
3100
3080
3070
3060
3090
3110
4460
4250
3150
3270
3640
3070
3060
3100
3060
3820
3190
3120
3470
4320
4310
3790
4470
4430
3750
4490
3340
3070
3040
3150
3040
3040
3070
3070
3070
3080
3060
3060
3080
3160
3060
3040
2890
2850
2980
2980
3050
3930
4040
3200
3080
3060
3070
3160
4060
3240
3760
3070
3130
3230
3120
3120
3130
3110
3120
3120
3150
3120
3120
3230
3120
3110
3120
3130
3120
3130
3130
3280
3130
3160
3070
3070
3050
3060
3050
3040
3040
3060
3090
3160
3080
3060
3070
3090
3040
3040
3090
3100
3510
3790
4250
3960
3080
3670
4500
4500
3940
3350
3070
3180
3070
3910
3070
3040
3070
3060
3040
3050
3670
4140
3060
3070
3070
3080
3080
3050
3030
3040
3090
3230
3120
3150
3120
3120
3130
3150
3140
3120
3140
3250
3130
3150
3130
3140
3130
3120
3130
3120
3040
3150
3070
4010
4500
4510
4500
3040
3220
4230
4250
4370
4240
