2.064459 2.086395
2.061086 2.102342
2.079392 2.128739
2.100889 2.169457
2.110887 2.252391
2.142959 2.377485
2.187915 2.543078
2.243651 2.718184
2.318554 2.936237
2.403263 3.152930
2.528309 3.402433
2.645074 3.643142
2.774912 3.880761
2.955937 4.067077
3.000878 4.097811
3.002204 4.046590
3.021101 4.037204
3.122607 4.202835
3.168894 4.284589
3.184788 4.269030
3.207891 4.281824
3.270602 4.308068
3.359381 4.366478
3.465642 4.435553
3.603053 4.518425
3.763120 4.620965
3.934334 4.736098
4.120312 4.862208
4.323252 5.006999
4.510570 5.167644
4.747713 5.359627
4.952909 5.524884
5.145562 5.685444
5.409118 5.886901
5.682133 6.093884
5.869083 6.256999
6.123155 6.497291
6.329929 6.705847
6.526481 6.908317
6.758389 7.118691
6.993458 7.345563
7.237734 7.545929
7.456669 7.748931
7.709859 7.968717
7.853117 8.058069
7.896064 8.078065
7.966449 8.132963
8.050525 8.208824
8.082857 8.252505
8.161801 8.294198
8.189467 8.300070
8.190451 8.315934
8.222652 8.353519
8.319138 8.412226
8.353951 8.421700
8.395122 8.441785
8.438425 8.472789
8.491304 8.487671
8.542708 8.521888
8.617491 8.580804
8.693308 8.651110
8.778704 8.716104
8.865969 8.783487
8.979646 8.884918
9.063256 8.982655
9.157813 9.078140
9.251446 9.184556
9.359236 9.300136
9.481042 9.437802
9.604037 9.569294
9.722648 9.700230
9.858763 9.819081
9.986502 9.937613
10.162195 10.050969
10.307363 10.173887
10.453192 10.285656
10.640464 10.433597
10.786698 10.567624
10.892208 10.624343
10.919763 10.659678
10.854792 10.646970
10.816659 10.620041
10.873275 10.652057
10.887844 10.671347
10.907005 10.698854
10.905324 10.719669
10.935335 10.728534
10.946503 10.761599
10.954783 10.803694
10.962798 10.842900
10.982463 10.906379
11.028011 11.025729
11.072054 11.098319
11.116532 11.171825
11.175558 11.260913
11.259944 11.368161
11.342127 11.458740
11.413966 11.530277
11.501081 11.623985
11.595872 11.693038
11.680855 11.778128
11.749901 11.860131
11.851393 11.957320
11.961003 12.043444
12.080572 12.145376
12.184692 12.229237
12.293270 12.336771
12.385709 12.422784
12.481596 12.500248
12.587928 12.618096
12.702608 12.679099
12.691441 12.717870
12.703499 12.766437
12.709300 12.809904
12.727836 12.882256
12.772219 12.926147
12.773248 12.922230
12.777992 12.912187
12.793093 12.952294
12.833245 12.982697
12.859129 13.023092
12.885608 12.987051
12.875731 12.961589
12.886059 12.966714
12.910210 12.994166
12.941278 13.038713
12.978229 13.063354
13.040117 13.109479
13.079181 13.152541
13.128444 13.197450
13.176628 13.261464
13.225883 13.320416
13.271415 13.388203
13.326338 13.470577
13.388082 13.546535
13.491005 13.653610
13.582024 13.742562
13.684355 13.847080
13.779147 13.951190
13.878672 14.075899
13.979962 14.199917
14.048210 14.334821
14.139313 14.449033
14.230324 14.579761
14.314348 14.719471
14.385828 14.865369
14.401993 14.934013
14.461130 15.052097
14.481213 15.047372
14.472850 15.050997
14.456945 15.080847
14.524528 15.075484
14.535956 15.070136
14.483096 15.137795
14.462839 15.144219
14.448871 15.181409
14.455484 15.200122
14.445932 15.236799
14.456690 15.267203
14.477296 15.305334
14.504740 15.347578
14.532558 15.398749
14.572560 15.442597
14.591864 15.510214
14.617721 15.575674
14.660884 15.649976
14.695216 15.737235
14.754421 15.825801
14.799865 15.898466
14.878889 16.007435
14.945257 16.088040
15.077561 16.071490
15.156147 16.103117
15.152098 16.122369
15.181554 16.157375
15.210194 16.170300
15.242166 16.193247
15.280959 16.246191
15.330755 16.295279
15.398204 16.379955
15.432029 16.437956
15.502157 16.512287
15.559821 16.570339
15.633418 16.626494
15.697041 16.651277
15.756902 16.664941
15.822330 16.690762
15.913126 16.712333
15.955733 16.753925
16.019983 16.806071
16.086071 16.853065
16.159844 16.899614
16.234963 16.949587
16.310260 17.005688
16.400905 17.054730
16.484920 17.120121
16.567113 17.167201
16.649501 17.230792
16.722369 17.326680
16.795437 17.406827
16.837498 17.450539
16.857617 17.498455
16.841481 17.539449
16.868979 17.596740
17.002026 17.700536
17.015896 17.685325
17.136661 17.663197
17.176913 17.659588
17.205468 17.674532
17.239519 17.667229
17.276673 17.683587
17.337587 17.719605
17.358309 17.736994
17.393596 17.769838
17.420986 17.801528
17.457781 17.840449
17.494554 17.877865
17.571171 17.928993
17.638557 17.985429
17.724700 18.030301
17.811167 18.094283
17.757118 18.122857
17.849389 18.199006
17.863080 18.213316
17.861789 18.282825
17.879218 18.347462
17.953145 18.400571
17.995559 18.435734
18.065200 18.484583
18.066653 18.447870
18.063852 18.429658
18.072297 18.411035
18.110182 18.425214
18.124639 18.446632
18.135960 18.464209
18.163890 18.508601
18.168592 18.543153
18.191788 18.591858
18.222883 18.650792
18.255923 18.710718
18.286393 18.781768
18.339211 18.825474
18.384615 18.888217
18.384041 18.921492
18.385843 18.970038
18.393567 18.993940
18.389442 19.025274
18.301569 19.099895
18.242123 19.163577
18.219396 19.220637
18.219028 19.300676
18.240327 19.380044
18.290431 19.426855
18.377583 19.411012
18.405485 19.397251
18.435297 19.390563
18.459634 19.397418
18.503717 19.407771
18.577327 19.472166
18.655262 19.506974
18.730326 19.565430
18.732812 19.582404
18.723883 19.611228
18.740718 19.640995
18.763062 19.665120
18.821187 19.701229
18.856894 19.740598
18.902700 19.787815
18.966545 19.850720
19.024133 19.883271
19.082399 19.937530
19.162925 20.013800
19.263868 20.091867
19.327130 20.168737
19.184520 20.093867
19.129475 20.070819
19.112000 20.069467
19.113269 20.069154
19.128427 20.089979
19.135772 20.100195
19.172358 20.135340
19.215473 20.133553
19.280113 20.147952
19.319437 20.176171
19.394035 20.243307
19.458457 20.316454
19.511354 20.400926
19.568756 20.456849
19.637218 20.529212
19.700856 20.574048
19.749402 20.612852
19.775488 20.620149
19.807855 20.656138
19.926047 20.682592
19.981849 20.683642
20.038990 20.721106
20.068007 20.747977
20.101573 20.771386
20.356214 20.745490
20.339386 20.651093
20.338929 20.655385
20.332077 20.671607
20.344742 20.704988
20.338488 20.726355
20.342602 20.785738
20.350187 20.746167
20.358992 20.738882
20.376012 20.754540
20.372081 20.773433
20.422826 20.797133
20.460086 20.830612
20.493094 20.891394
20.521978 20.917439
20.535723 20.953065
20.560991 21.014399
20.596933 21.078933
20.638497 21.136913
20.689746 21.184771
20.753287 21.244190
20.766047 21.306774
20.819617 21.396180
20.860355 21.443771
21.093731 21.430879
21.112165 21.398013
21.142773 21.368580
21.178622 21.358040
21.238253 21.351667
21.282132 21.386653
21.326327 21.405343
21.399261 21.439818
21.448025 21.461969
21.480354 21.469614
21.561276 21.479078
21.616954 21.494554
21.666357 21.488982
21.756579 21.547628
21.817228 21.585100
21.872347 21.624803
21.933538 21.634848
22.006701 21.654178
22.060069 21.702648
22.129865 21.789116
22.101996 21.813315
22.122124 21.798626
22.145116 21.796355
22.149786 21.796616
22.189016 21.820984
22.200156 21.847691
22.251951 21.889091
22.298894 21.955393
22.348246 21.987272
22.409019 22.029093
22.471864 22.069665
22.537931 22.125980
22.620992 22.197025
22.685736 22.295103
22.657605 22.295162
22.664316 22.294695
22.627076 22.357273
22.663707 22.369911
22.737288 22.418883
22.800059 22.456646
22.849329 22.503302
22.846307 22.505701
22.859777 22.552396
22.861380 22.593568
22.885235 22.627838
22.879000 22.659089
22.868510 22.682864
22.891347 22.697127
22.906129 22.702548
22.925243 22.728940
22.944826 22.774235
22.982718 22.803291
22.994013 22.835789
23.002508 22.862817
22.981140 22.875171
22.920200 22.899614
22.891880 22.931655
22.881316 22.952708
22.949603 22.908086
23.055077 22.870888
23.135223 22.929367
23.184982 22.935117
23.214188 22.940629
23.262330 22.975554
23.332651 22.987507
23.299771 23.067074
23.352626 23.054808
23.399594 23.063132
23.368869 23.117628
23.365198 23.142077
23.353950 23.171043
23.381970 23.207142
23.393911 23.272442
23.391266 23.315454
23.402942 23.361093
23.410766 23.419653
23.450455 23.476557
23.470387 23.535958
23.500950 23.595106
23.525247 23.634796
23.549241 23.626744
23.568273 23.678107
23.600208 23.583608
23.585971 23.596569
23.676466 23.599304
23.637107 23.607566
23.624971 23.626397
23.608291 23.663215
23.580913 23.710848
23.585266 23.729469
23.588041 23.738683
23.582027 23.774116
23.576719 23.808371
23.584255 23.823653
23.599255 23.837168
23.605037 23.858970
23.673485 23.886699
23.708557 23.900372
23.732020 23.899690
23.713745 24.013355
23.696309 23.988086
23.689931 23.977242
23.684117 23.972882
23.679094 23.975206
23.607384 24.034908
23.613068 24.061926
23.624749 24.080479
23.627581 24.112966
23.635417 24.139753
23.641824 24.169088
23.676388 24.197191
23.684762 24.242457
23.689255 24.263861
23.709617 24.292321
23.720929 24.331083
23.741259 24.343151
23.774773 24.366504
23.812329 24.403623
23.824259 24.439862
23.843037 24.456877
23.852330 24.501350
23.865028 24.535259
23.894013 24.563996
23.919986 24.618351
23.943814 24.676431
23.964193 24.715113
23.984749 24.734505
24.008809 24.771600
24.052834 24.852993
24.099477 24.941662
24.169409 24.990407
24.228944 25.063662
24.287158 25.161501
24.346150 25.224067
24.385800 25.254553
24.400974 25.269686
24.380963 25.353385
24.311329 25.560401
24.477338 25.577671
24.552980 25.594690
24.557658 25.593826
24.556055 25.595305
24.545764 25.576000
24.591671 25.534485
24.605771 25.528560
24.647034 25.523028
24.683071 25.512359
24.709762 25.504513
24.748405 25.508344
24.809508 25.516539
24.865794 25.516780
24.908963 25.521079
24.983456 25.528774
25.096527 25.602976
25.106889 25.595689
25.099605 25.588612
25.103963 25.601737
25.145811 25.634216
25.174476 25.647769
25.198363 25.693928
25.231958 25.727131
25.266577 25.761957
25.276287 25.804820
25.286740 25.857929
25.323242 25.892543
25.391160 25.934528
25.450344 25.989286
25.482046 26.057638
25.534203 26.083454
25.613680 26.120759
25.657301 26.154480
25.931528 26.072312
26.055214 26.079491
26.027637 26.108097
25.999441 26.131347
25.999715 26.170824
25.980498 26.213610
25.990569 26.244124
26.025501 26.243722
26.054986 26.218687
26.111969 26.195515
26.160269 26.172484
26.180846 26.176953
26.222311 26.167863
26.264385 26.151192
26.289922 26.145041
26.316464 26.162233
26.338995 26.145612
26.352543 26.127089
26.377566 26.129800
26.400445 26.116991
26.428974 26.119855
26.477974 26.156486
26.455350 26.135458
26.485208 26.158666
26.513130 26.189894
26.541103 26.207483
26.569753 26.252876
26.610599 26.297460
26.645997 26.339715
26.668762 26.419806
26.721019 26.484357
26.774668 26.571487
26.836083 26.633369
26.901536 26.688906
26.977104 26.773114
27.009748 26.835046
27.026763 26.900207
27.062418 26.950963
27.089901 27.032639
27.101553 27.074227
27.043904 27.133462
26.979761 27.071266
26.971442 27.064977
26.960597 27.049497
26.942036 27.016668
26.922196 26.988680
26.914973 26.944178
26.929787 26.901950
26.969675 26.879729
27.010011 26.863734
27.036408 26.846684
27.083816 26.839893
27.126484 26.839450
27.166693 26.848471
27.221091 26.843759
27.262875 26.858867
27.323987 26.845446
27.384609 26.839665
27.448573 26.860414
27.474862 26.878831
27.542288 26.896279
27.617354 26.908737
27.681266 26.898985
27.770560 26.914254
27.856684 26.918256
27.930104 26.926156
28.051447 26.992035
28.152977 27.100605
