2.065506 1.957986
2.081113 1.964632
2.109135 2.013447
2.099717 2.071201
2.125615 2.155061
2.161859 2.314770
2.215235 2.459668
2.291870 2.619774
2.386624 2.786324
2.482187 2.989181
2.525062 3.115020
2.558736 3.199771
2.598121 3.331363
2.705411 3.511237
2.721840 3.575306
2.847397 3.621415
3.195566 3.856583
3.644710 4.317932
3.965570 4.492799
4.271496 4.751558
4.338812 4.829107
4.444591 4.902374
4.578777 4.944770
4.722119 5.005591
4.889071 5.078582
5.090419 5.204700
5.273698 5.279024
5.428742 5.372372
5.533988 5.390675
5.599818 5.421801
5.599911 5.441619
5.604958 5.406716
5.605830 5.359406
5.517094 5.201349
5.507992 5.121483
5.408376 5.072785
5.431744 5.039952
5.426060 4.963901
5.283934 4.937789
5.205230 4.886314
5.253879 4.778117
5.317138 4.656581
5.392842 4.728040
5.408972 4.848813
5.455061 4.989622
5.462719 4.998020
5.499746 5.027903
5.650721 5.174499
5.755181 5.241596
6.212970 5.366647
6.983666 5.715550
7.595425 6.128226
8.091705 6.335346
8.532482 6.471909
8.710404 6.533562
8.777011 6.543888
8.830301 6.508208
8.736157 6.474926
8.678432 6.457941
8.465359 6.514401
8.336709 6.536226
8.173482 6.464157
8.002780 6.371398
7.828950 6.283310
7.601603 6.158560
7.410553 5.986838
6.996488 5.885153
6.673066 5.551321
6.153975 5.152845
5.853087 5.035728
5.438894 4.855772
5.084097 4.514381
4.981863 4.420623
4.735829 4.093016
4.709932 4.030729
4.425064 4.107860
4.456943 4.157903
4.409175 4.023401
4.484751 4.201424
4.656889 4.301605
4.826943 4.448891
5.530674 4.984645
6.033297 5.546893
6.658339 6.052265
7.076426 6.436158
7.297249 6.625550
7.412215 6.647677
7.396509 6.586923
7.257999 6.476394
7.212519 6.335545
6.921582 6.183003
6.954141 6.158045
7.060584 6.255464
7.069933 6.345647
7.113442 6.403019
7.115530 6.464489
7.002269 6.485966
6.965465 6.447566
6.819317 6.452916
6.741491 6.340681
6.617851 6.206383
6.202631 6.050646
5.881112 5.824879
5.753698 5.649832
5.499175 5.532728
5.447615 5.481179
5.615594 5.612389
5.764571 5.728421
5.950451 5.955795
6.138960 6.147069
6.116224 5.733335
5.995169 5.621207
5.904103 5.354874
5.811741 5.133562
5.778297 5.071718
5.878738 5.126914
6.353433 5.465600
6.842683 5.941055
7.098135 6.098142
7.266523 6.229525
7.361148 6.264481
7.262555 6.235672
7.221024 6.119425
7.159015 6.013159
7.190195 6.015682
7.287663 6.040307
7.351126 6.139001
7.281978 6.171523
7.158359 6.179764
7.166016 6.258524
7.077949 6.169460
6.945769 6.153260
6.728505 6.050564
6.521079 5.934755
6.433842 5.944126
6.404698 5.867330
6.512423 6.040481
6.575084 6.251076
6.780591 6.518477
7.130094 7.001587
7.389696 7.384120
7.564027 7.631025
7.649317 7.843804
7.672229 8.073253
7.778488 8.314583
7.828966 8.366751
7.892386 8.527670
8.120433 8.832844
8.259664 9.004314
8.297399 9.214298
8.389528 9.331973
8.338423 9.496795
8.494602 9.921161
8.426303 10.035123
8.351944 10.139166
8.164578 10.152366
8.136354 10.223498
8.126230 10.277090
8.110795 10.248495
7.951431 10.245361
7.725158 10.153951
7.678058 9.916608
7.406347 9.774075
7.278266 9.712373
7.141670 9.667704
7.170086 9.660168
7.105548 9.591380
6.896262 9.566773
6.921275 9.465574
7.010458 9.454307
7.127825 9.578727
7.161051 9.626986
7.242235 9.712650
7.115492 9.652076
7.167962 9.633229
7.159145 9.671741
7.279145 9.713061
7.411264 9.905719
7.450614 10.049858
7.393854 10.070322
7.353383 9.953936
7.360956 9.901048
7.157329 9.744681
7.035464 9.702976
6.916023 9.586462
7.244833 10.202493
7.414852 10.590456
7.597933 10.808581
7.692093 11.002773
7.722968 11.112431
7.653535 11.168803
7.606348 11.085438
7.474226 10.894791
7.478326 10.821087
7.579654 10.828358
7.688184 10.818869
7.986091 10.969719
8.434020 11.493713
8.864981 12.089939
9.474197 12.704802
9.964397 13.270400
10.283093 13.915758
10.592736 14.359610
10.646960 14.491421
10.711587 14.605558
10.688432 14.634421
10.712005 14.669141
10.673478 14.362498
10.483407 14.250023
10.422514 14.208587
10.586746 14.081107
10.466379 14.040357
10.264426 13.986775
10.181991 13.845739
10.053539 13.668956
9.929126 13.553986
9.848504 13.315934
9.833364 13.274962
9.824089 13.082052
9.654364 12.837239
9.653794 12.666966
9.525803 12.521680
9.367111 12.492924
9.205185 12.311506
9.074545 12.178927
8.934836 11.925934
8.800165 11.759245
8.734729 11.699081
8.767157 11.825261
8.813106 12.013193
9.431843 12.873075
10.073296 13.606605
10.166879 13.903056
10.159255 14.098192
9.996500 14.167069
9.803819 14.024178
9.663486 14.109766
9.506993 14.060466
9.245387 13.896460
9.245653 13.672351
9.184221 13.441534
9.255636 13.422001
9.457694 13.609709
9.744365 13.747440
9.774239 13.789477
10.030995 13.819603
10.108377 13.887026
10.171637 13.882726
10.345662 13.953361
10.479787 13.990913
10.550584 14.020129
10.530912 13.823771
10.412868 13.676506
10.149156 13.499767
9.673367 13.038877
9.532367 12.688351
9.221603 12.388664
8.909481 12.053464
8.720316 11.823053
8.430173 11.367125
8.296895 10.934077
8.008445 10.717365
7.605276 10.242736
7.447947 10.111374
6.633333 9.695420
6.495746 9.771751
6.281741 9.445417
6.241242 9.480790
6.304666 9.703941
6.226985 9.842358
6.037192 10.049899
6.299027 10.466620
6.432017 10.752105
6.453925 10.785382
6.404332 10.873957
6.346344 11.184643
6.482306 11.548141
6.613797 11.806041
6.697025 11.896259
6.774158 11.859228
6.826221 11.636815
6.674513 11.524821
6.347969 11.094314
6.310324 11.052358
6.464305 10.861386
6.432302 10.678045
6.603386 10.771090
6.751254 10.854024
6.918210 11.164190
7.053520 11.336623
7.311645 11.493519
7.549040 11.712591
7.700841 11.708988
7.880170 11.893425
7.859871 11.872513
8.006935 12.042099
7.617822 11.687086
7.415349 11.526589
7.372713 11.635619
7.137653 11.450620
6.855397 11.412814
6.633290 11.089599
6.437747 10.907591
6.228392 10.494264
6.114613 10.189513
5.901086 10.077292
5.707454 9.721757
5.524530 9.327344
5.511239 9.361852
5.391544 9.322561
5.344624 9.309464
5.183528 9.144679
5.090948 9.147381
5.045575 9.157255
5.101220 9.003448
5.117751 8.937565
5.180126 8.773772
5.228105 8.674680
5.256169 8.511408
5.143178 8.298006
5.039266 8.071161
5.007425 7.905561
5.079878 7.627657
5.212827 7.521060
5.438250 7.461337
5.518130 7.255630
5.505939 6.668154
5.445638 6.190970
5.335858 5.704578
5.295605 5.680350
4.737524 4.923869
4.422488 4.734182
4.441381 4.798940
4.588185 5.046292
4.773014 5.223470
4.994972 5.530896
5.423188 5.917983
5.732496 6.501387
6.191377 7.026224
6.748339 7.532431
7.483481 8.018213
8.055967 8.448416
8.299695 8.644575
8.265669 8.705021
8.297259 8.834943
8.504044 9.032757
8.789099 9.186380
8.937117 9.371227
9.145983 9.457353
9.296538 9.626567
9.385103 9.730478
9.501015 9.832014
9.633410 9.770259
10.006518 10.084801
10.322027 10.325053
10.641619 10.569126
10.720243 10.621994
10.664790 10.506530
10.612220 10.313018
10.562549 10.314971
10.455128 10.045634
10.147766 9.712563
9.693085 9.484114
9.259232 8.830876
8.662223 8.273124
8.127570 7.347980
7.570731 6.858717
7.057630 6.292456
6.639055 5.970060
6.194057 5.679207
5.734149 5.377010
5.568170 5.229277
5.547767 5.216204
6.169384 5.539408
7.474408 6.145543
10.331288 8.245056
13.263041 10.399585
14.802515 11.678428
14.555772 11.666611
14.040411 11.712241
13.814928 11.995012
13.549687 12.285891
13.356124 12.511963
13.271552 12.693043
13.142479 12.812507
12.987964 12.996641
12.986399 13.038949
12.981282 13.073217
12.822800 13.245220
12.672579 13.317136
12.849052 13.313293
12.997465 13.325589
13.170653 13.379872
13.341077 13.385969
13.392424 13.392164
13.447435 13.411035
13.488955 13.439615
13.540986 13.452268
13.603121 13.480913
13.678825 13.513181
13.876243 13.557891
13.915312 13.636032
13.931818 13.709901
13.951350 13.733642
14.018467 13.727003
14.098359 13.827578
14.170767 13.958026
14.195948 13.949574
14.200900 13.934248
14.227099 13.932783
14.263613 13.934012
14.330699 13.917095
14.503623 13.911841
14.578609 13.959089
14.635065 13.997253
14.696166 14.030780
14.745505 14.093722
14.671031 14.137237
14.766858 14.202131
14.841161 14.234656
14.915312 14.290302
14.933041 14.394098
14.939048 14.412470
14.867356 14.371269
14.905031 14.383164
14.854673 14.427104
14.910179 14.465762
14.770664 14.500923
14.573718 14.579505
14.503207 14.670048
14.235584 14.763726
14.142804 14.818066
14.241899 14.783513
14.193828 14.934608
14.140355 14.991953
14.034228 15.157213
14.165136 15.357463
14.197321 15.425533
14.214555 15.462794
14.238629 15.512722
14.126690 15.632298
14.146692 15.628243
14.155762 15.756251
14.237797 15.944498
14.299518 16.165751
14.365767 16.305491
14.415990 16.305500
14.505078 16.433483
14.582523 16.555808
14.693243 16.697192
14.827857 16.631834
14.920079 16.932731
15.087005 17.061219
15.037895 17.406083
14.809461 17.697263
14.689308 17.895415
14.693833 18.028828
14.610533 18.188641
14.928497 18.267697
15.005752 18.432776
14.937139 18.584844
15.094817 18.635660
15.169016 18.815190
15.260305 18.859412
15.252661 18.944740
15.364672 18.947693
15.392900 19.006767
15.426312 18.998038
15.466632 18.994315
15.522207 19.092023
15.553250 19.113411
15.615328 19.270875
15.657058 19.297418
15.712600 19.328289
15.784912 19.369145
15.892799 19.390356
15.885756 19.423139
16.111925 19.506127
16.155748 19.549325
16.198000 19.585033
16.216920 19.671302
16.243704 19.743692
16.281805 19.801086
16.310916 19.852001
16.357527 19.919559
16.409126 19.985785
16.435756 20.076277
16.497625 20.167149
16.562031 20.243509
16.622689 20.320971
16.691713 20.420387
16.762909 20.474190
16.790209 20.620348
16.738879 20.719182
16.894271 20.699670
16.873811 20.675564
16.861655 20.685935
16.813591 20.655167
17.031618 20.749231
16.975814 20.767284
16.962017 20.834316
16.967847 20.850562
16.989712 20.873747
17.039388 20.915349
17.085343 20.916070
17.075769 20.709875
17.154748 20.754039
17.258159 20.778598
17.492938 21.027154
17.574849 21.055073
17.679223 21.079672
17.746280 21.109147
17.824472 21.132526
17.897925 21.173623
17.955372 21.314749
17.958396 21.363182
18.012585 21.465972
18.189343 21.516089
18.249176 21.759659
18.259399 21.804250
18.280832 21.805338
18.481793 21.805959
18.530646 21.847729
18.602896 21.990190
18.671965 22.034492
18.782684 22.139307
18.847188 22.185804
18.932715 22.255050
18.928586 22.339351
18.959251 22.463543
19.020167 22.488289
19.088352 22.538855
19.110204 22.574179
19.038026 22.623711
19.056634 22.588800
19.039221 22.630051
19.045192 22.606084
19.054208 22.601662
19.067587 22.561384
19.045372 22.551792
19.060176 22.604051
19.094533 22.623405
19.093993 22.680781
19.185602 22.658156
19.200203 22.625291
19.361071 22.768306
19.402771 22.794523
19.441918 22.836102
19.502737 22.876168
19.560452 22.927438
19.614708 22.963472
19.682049 23.024193
19.730627 23.087653
19.783676 23.155571
19.813262 23.200692
19.866841 23.276097
19.918523 23.345335
19.975018 23.434779
20.030534 23.512573
20.180739 23.714412
20.334931 23.896376
26.062034
