0.347138
0.341895
0.595026
0.643305
0.728171
0.732451
0.689478
0.755982
1.025792
1.174634
1.533358
1.802141
2.099443
2.547176
2.619085
2.392030
1.837360
1.612351
1.760917
1.658599
1.539254
1.600399
1.866908
2.067976
2.313302
2.566130
2.876197
3.453688
3.778852
4.150106
4.657794
5.025106
5.372027
5.852728
6.116789
6.653313
6.870395
7.269027
7.486358
7.857488
8.348535
8.650129
9.261411
9.573273
9.828973
9.767565
9.660635
9.742756
9.752253
9.506495
9.328590
9.185813
9.005363
8.236604
7.541726
6.754249
6.043509
5.672762
5.259548
4.879266
4.441484
4.088501
3.719628
3.091875
2.656469
2.182291
1.662228
1.278339
0.927270
0.904528
1.045408
1.440269
1.694887
2.048398
2.504407
2.814412
3.242664
3.727927
3.786717
3.670023
3.307473
2.947031
3.437289
3.808875
3.802046
3.216170
2.985632
2.658499
2.410940
2.166832
2.081318
2.013544
2.129858
2.285395
2.492034
3.033047
3.382939
3.758650
4.373910
4.816828
5.527270
5.927346
6.384427
6.833916
7.427493
7.833465
8.195734
8.722297
9.077704
9.629843
10.215986
10.179087
10.316879
10.544718
10.649633
10.341427
10.227968
10.107421
10.105246
10.111776
10.148569
9.456728
9.016934
8.817858
8.314873
7.768955
7.274363
6.842383
6.153574
5.815717
5.428318
4.826434
4.316547
3.800613
3.525298
2.993567
2.629066
2.260239
1.695651
1.437825
1.375669
1.477494
1.781428
2.103745
2.505091
2.833855
2.961623
3.105075
2.999345
2.884152
2.304025
2.277536
1.991464
1.235091
0.680001
0.838809
1.511197
1.909938
2.353443
2.797249
3.424743
3.897235
4.411974
5.025438
5.356568
5.748541
6.077259
6.605473
7.044425
7.747562
8.005637
7.846879
7.888636
8.120908
8.463705
9.052386
9.331794
9.923861
10.323382
10.707176
10.673295
10.769498
10.941373
11.033100
10.755257
10.693899
10.527533
10.493360
10.502291
10.605338
10.626492
10.733315
10.923196
11.199722
11.528782
11.998181
12.671885
13.281239
14.068835
14.935133
15.198293
16.057457
17.085219
17.795788
18.181288
18.527868
18.166910
17.706755
16.929527
16.626305
16.284438
15.534909
15.195167
15.184610
15.204333
15.276866
15.112464
14.980165
15.015160
14.886989
14.819067
14.947582
15.104610
14.810433
14.151149
14.248856
14.816603
15.294564
15.701827
15.715492
15.832049
16.784749
18.315031
19.727705
20.712689
21.424501
21.963345
22.100972
22.187489
22.190907
22.122944
22.146145
22.163979
22.199997
22.142199
22.199050
22.145272
22.609439
23.130608
23.543065
24.096547
24.499010
24.710300
24.024579
23.783113
23.174789
22.759130
22.303532
21.235103
20.706122
20.030044
19.933452
19.717034
19.608486
19.455669
19.227390
19.185292
19.216856
19.320874
19.419499
19.440090
19.686321
19.966692
20.397485
20.080042
19.999264
20.006133
19.981182
20.063521
20.141532
19.865859
19.561879
19.326434
19.283439
19.344161
19.487814
19.599950
19.865596
20.236005
20.983434
21.650540
21.984395
22.688226
22.633852
23.296386
23.898711
24.206335
24.629501
24.732363
24.404639
23.518770
23.084726
22.615957
21.887179
21.810523
21.748801
21.170446
21.245641
21.225862
21.268043
21.307035
21.506237
21.646630
22.043106
22.325430
22.699563
22.778374
23.227669
23.561181
24.051508
24.408238
24.896413
24.709307
24.701692
24.730614
24.676216
24.462725
24.257933
24.086109
24.108053
24.078456
24.029004
24.030475
24.124082
24.214966
24.685521
25.442742
26.154804
27.067636
27.643851
28.438210
29.367942
28.820558
28.398123
27.714397
27.155405
26.543656
25.870372
25.492013
25.194165
25.254811
25.628596
25.916265
26.127125
26.216274
26.313125
26.308762
26.342096
26.408048
26.450034
26.624975
26.940289
27.424073
27.510242
27.878846
28.279258
28.767935
28.829123
28.924994
29.231121
29.647603
29.985964
30.444683
30.721141
31.268303
31.613829
32.140558
32.854500
33.387362
33.792802
33.849214
33.553826
33.189066
32.418750
31.870178
31.251246
30.766048
30.864325
30.820298
30.783309
30.385346
30.047822
29.684245
29.372538
28.958848
28.714023
28.396032
28.166560
27.950352
27.744586
27.476980
27.395890
27.271675
27.357866
27.457396
27.512667
27.603071
27.410009
27.361562
27.157937
26.928479
26.787189
26.597347
26.520794
26.704813
26.768614
26.906175
27.135955
27.647322
28.212616
28.878004
28.977951
29.567009
30.009043
30.775727
31.364029
30.689816
30.146139
29.544772
28.959292
28.610431
28.569257
28.292816
27.897606
27.804407
27.690546
27.482589
27.774090
27.881303
28.038174
28.138216
28.318909
28.426670
28.656713
28.836803
29.006681
29.262633
29.591530
29.883392
30.278827
30.801487
31.134620
31.660868
32.235602
32.806760
33.408482
33.972194
34.258122
34.096105
33.832940
33.460494
33.299420
32.390649
31.118968
30.431929
30.082091
29.413556
28.507006
27.753682
27.258521
26.579376
25.951192
25.325557
24.734584
24.450968
24.422095
24.384782
24.070792
23.898596
23.715786
23.578983
23.381055
23.171903
23.072553
23.017041
22.954579
22.959697
22.820200
22.762141
22.833165
23.041480
23.419915
24.072256
24.001942
24.102848
24.753295
25.314473
25.856009
26.230555
26.301301
25.720199
25.172921
24.922260
24.642257
24.438225
24.350941
24.103274
24.141351
24.133428
24.462248
24.711972
24.818192
25.075835
25.327973
25.308101
25.255272
25.483645
25.712733
25.907733
26.183179
26.411596
26.788428
27.061449
27.427799
28.056210
28.323147
28.587929
29.056150
29.520551
30.180969
30.872307
31.833758
32.560251
33.029969
32.728701
32.890935
32.538691
32.486350
31.719259
31.334332
30.647675
30.297766
30.111089
29.790128
29.699339
29.737154
29.466048
29.269320
28.999497
28.799619
28.461115
28.157024
27.945134
27.733417
27.534804
27.371287
27.197521
26.980761
26.825816
26.435013
26.370486
