30
4940
5030
5090
5220
5290
5420
5490
5610
5690
3710
5010
5100
5180
5270
5370
5470
5580
5680
5760
3660
4920
5000
5110
5180
5300
5390
5490
5590
5690
3680
4940
5020
5090
5200
5290
5400
5500
5590
5680
3680
4920
5020
5100
5200
5310
5390
5500
5590
5700
3680
4920
5010
5090
5200
5300
5390
5490
5580
5680
3710
4970
5050
5150
5230
5370
5440
5540
5640
5750
3710
4950
5060
5140
5240
5340
5420
5530
5620
5720
3700
4940
5040
5130
5220
5320
5410
5540
5620
5710
3690
4940
5030
5120
5220
5320
5410
5520
5630
5710
3690
4950
5020
5120
5230
5320
5410
5510
5600
5700
3710
4930
5030
5110
5210
5300
5430
5500
5600
5700
3710
4950
5060
5140
5240
5340
5440
5520
5650
5720
3720
4960
5060
5140
5250
5350
5450
5530
5640
5740
3720
4970
5050
5140
5230
5350
5430
5540
5630
5720
3710
4950
5020
5130
5230
5330
5420
5500
5610
5710
3690
4930
5030
5120
5200
5320
5410
5510
5610
5710
3730
4970
5050
5160
5240
5340
5440
5530
5630
5740
3680
4930
5000
5100
5200
5280
5410
5490
5590
5690
3700
4930
5020
5120
5210
5320
5420
5510
5600
5710
3700
4930
5020
5110
5210
5300
5430
5520
5610
5700
3660
4920
5010
5100
5190
5290
5390
5490
5590
5690
3670
4960
5010
5100
5210
5300
5400
5520
5600
5700
3680
4920
5020
5100
5190
5290
5420
5500
5590
5700
3700
4930
5020
5120
5200
5310
5400
5510
5610
5710
3680
4910
5020
5100
5200
5300
5400
5500
5600
5690
3670
4920
5010
5110
5210
5300
5400
5490
5600
5700
3700
4940
5050
5120
5220
5310
5410
5550
5610
5720
3700
4940
5030
5120
5220
5320
5420
5520
5610
5720
3690
4920
5010
5090
5210
5310
5400
5490
5580
5690
3670
4930
5020
5100
5190
5290
5400
5500
5600
5700
3670
4930
5010
5090
5200
5300
5380
5490
5580
5700
3700
4940
5030
5120
5210
5300
5420
5520
5600
5700
3680
4920
5010
5120
5200
5290
5400
5490
5610
5700
3710
4970
5030
5120
5220
5310
5420
5500
5610
5720
3710
4940
5040
5120
5220
5310
5410
5500
5610
5700
3700
4960
5040
5140
5230
5320
5440
5530
5630
5740
3720
4970
5070
5150
5240
5350
5450
5550
5640
5740
3720
4990
5060
5150
5250
5340
5440
5540
5640
5740
3730
4960
5070
5140
5260
5360
5440
5550
5650
5740
3720
4960
5060
5130
5250
5360
5430
5540
5650
5760
3720
4930
5040
5100
5230
5300
5420
5520
5620
5720
3730
4960
5060
5150
5260
5350
5450
5540
5650
5760
3720
4950
5050
5150
5250
5290
5310
5400
5490
5610
3630
4850
4950
5020
5150
5220
5320
5420
5510
5610
3620
4840
4950
5030
5120
5230
5340
5440
5560
5660
3640
4870
4960
5070
5160
5270
5390
5450
5550
5660
3650
4870
4940
5070
5130
5230
5330
5430
5530
5630
3640
4860
4950
5050
5130
5220
5300
5380
5480
5590
3630
4800
4880
4990
5100
5170
5290
5380
5460
5580
3630
4810
4900
4980
5090
5200
5290
5380
5490
5590
3630
4820
4920
5000
5130
5220
5310
5420
5510
5620
3620
4830
4930
5010
5120
5230
5330
5430
5560
5650
3650
4830
4920
5000
5100
5210
5320
5400
5510
5610
3610
4820
4910
5000
5110
5190
5300
5410
5490
5610
3610
4840
4920
5010
5130
5230
5320
5440
5550
5700
3490
