0.162789
0.236694
0.447155
0.500014
0.582737
0.717843
0.782897
0.820390
1.107446
1.265299
1.579050
1.756967
2.037255
2.521705
2.582819
2.481181
2.325853
2.415185
2.542817
2.106414
1.749157
1.178383
0.751406
0.409763
0.197344
0.641166
1.040979
1.484503
1.868644
2.251669
2.781013
3.227644
3.633569
4.246253
4.624310
5.188001
5.582077
6.145459
6.454966
6.894777
7.346211
7.721529
8.297352
8.680709
9.111520
9.194328
9.309219
9.433148
9.502423
9.397800
9.237537
9.123469
9.025503
8.395860
7.961542
7.211988
6.543715
6.102757
5.619889
5.188859
4.552203
4.109024
3.787232
3.183923
2.744566
2.307257
1.706282
1.341558
0.977637
0.917983
1.051682
1.505485
1.840569
2.237020
2.812518
3.161175
3.526540
4.099977
4.434786
4.465414
4.138776
3.783898
4.181970
4.268058
4.187094
3.789823
3.618142
3.208643
2.896659
2.544921
2.212573
1.695473
1.543060
1.479299
1.510221
1.767838
2.012328
2.357883
2.891291
3.243612
3.858173
4.258302
4.653481
4.999758
5.496192
5.824387
5.977790
6.456322
6.968904
7.216868
7.400284
7.394026
7.519334
7.602102
7.764359
7.426243
7.248582
7.142644
7.123723
7.112346
7.141659
6.457259
6.018857
5.592288
5.184276
4.582497
4.171051
3.772011
3.201695
2.852498
2.511216
2.064488
1.853846
1.612249
1.551906
1.534018
1.645375
1.831047
2.222183
2.712375
3.078284
3.651323
4.023488
4.413191
5.161508
5.576361
5.916450
6.068117
5.896080
5.685895
5.192662
5.514627
5.616116
4.903387
4.297435
3.633839
3.149818
2.734592
2.363695
2.012758
1.453096
1.098429
0.773988
0.566780
0.773350
1.123665
1.388308
1.971281
2.357546
2.949525
3.383873
3.459226
3.470527
3.871086
4.255044
4.697141
5.049954
5.796883
6.169332
6.614105
6.656731
6.789334
7.046178
7.289200
7.053229
6.811567
6.527226
6.344826
6.272558
6.287961
6.317631
6.593033
6.606286
6.806360
7.067960
7.342775
7.799048
8.111618
8.613355
9.002533
9.236691
9.846842
10.573190
10.748451
10.741456
11.196589
10.792507
10.463750
9.933154
9.661587
9.421152
8.770310
8.349069
8.269288
8.049806
7.859961
7.579261
7.705678
7.584262
7.436507
7.360836
7.342915
7.279135
6.894988
5.794036
5.700746
6.073551
6.410768
6.755668
6.464529
6.431361
6.300876
6.329871
6.350368
6.405878
6.650743
6.865534
6.844526
7.104214
7.296580
7.499690
7.812183
8.000641
8.023130
8.015834
8.232592
8.484214
9.070785
9.743528
10.438913
11.264841
11.963699
11.880910
11.266000
11.121144
10.716398
10.529294
10.448092
9.464066
8.941570
8.129427
7.731870
7.482322
7.270172
7.047347
6.712472
6.483616
6.338029
6.255561
6.342829
6.407664
6.786278
7.159343
7.574409
6.908678
6.603776
6.492179
6.341741
6.268321
6.236984
5.986512
5.579970
5.551593
5.695109
5.995299
6.371736
6.644196
7.002951
7.665920
8.240178
8.860597
9.000101
9.475026
9.586121
10.230815
10.629840
11.017258
11.472271
11.441949
11.500881
10.546874
10.392474
9.754189
9.117210
9.143687
8.735110
8.148666
7.845886
7.447138
7.255442
6.976634
6.575699
6.437916
6.303157
6.347187
6.119366
5.985519
6.116319
6.460916
6.722253
7.124384
7.397993
6.729200
6.500384
6.377730
6.255183
6.174164
6.044190
6.015363
5.940392
5.970506
6.171298
6.571771
6.803607
7.031650
7.652508
8.256927
8.725242
9.269012
9.606365
10.074589
10.579956
9.549976
9.292695
8.589968
8.103733
7.877587
7.313459
7.223683
7.420705
7.744684
8.332382
8.896300
9.398273
9.892309
10.530088
10.641151
10.621035
10.587996
10.991951
11.682333
12.058488
12.819606
12.887196
13.206364
13.614695
14.249242
14.324898
14.312704
14.748388
15.489813
15.828048
16.588829
16.485991
17.085580
17.442585
17.753064
18.290678
18.698585
18.881864
18.898053
18.929067
19.426514
19.306284
19.256215
18.807401
18.327655
18.350228
18.241810
18.174955
17.474327
17.017774
16.500213
16.021484
15.295834
14.870908
14.350174
13.766742
13.388625
12.917486
12.371017
11.778756
11.658356
11.864344
11.829535
11.949537
12.007928
11.594316
11.306517
10.826459
10.089854
9.557401
8.968222
8.226162
7.678313
7.292928
7.252957
7.079441
6.981606
7.512228
8.118002
8.028393
8.608860
9.033218
9.510830
9.758040
9.123627
8.364044
7.757798
7.439692
7.282694
7.322055
7.558000
7.284858
7.144947
7.580411
7.883735
8.482884
8.752646
9.229252
9.618749
10.327573
10.320168
10.681235
11.180620
11.002559
11.299284
11.887285
12.283133
12.888662
13.412235
13.930640
14.503966
15.174010
15.997092
16.740683
17.289894
17.517561
17.770808
17.773645
18.158895
18.585622
18.623019
18.613817
18.781089
19.188343
19.226872
18.874923
18.434318
17.921132
17.303403
16.874308
16.230901
15.833559
15.218376
15.207304
15.154033
14.420859
13.886411
13.502484
13.083702
12.614836
11.989285
11.550766
11.154627
10.713476
10.176196
9.725026
9.262196
9.014846
8.725369
8.629708
8.716690
8.551284
8.469935
8.721288
9.025564
9.543661
9.749522
9.465365
8.629082
8.245906
8.153890
8.128988
8.284115
8.352989
8.654614
8.795205
9.164335
9.702601
10.103263
10.616476
11.158245
11.567818
11.417585
11.346656
11.765187
12.209560
12.522176
12.868489
13.087420
13.620919
13.805820
14.151664
14.632239
15.020766
15.467846
16.303049
16.698704
17.364696
17.849805
18.436932
18.875977
18.832378
18.431792
18.492501
18.329719
18.260187
17.833614
17.518892
16.981054
16.727695
16.351394
15.832903
15.316911
14.838182
14.326262
13.906704
13.413507
13.121361
12.376261
11.859771
11.462534
10.834115
10.290188
9.717358
9.295701
8.631568
8.305318
7.146007
6.042612
096038
23.877688
23.212515
22.754110
21.750638
21.171966
20.745265
20.119804
19.707252
19.298386
18.877386
18.477226
17.983525
17.548682
17.153110
17.064253
16.766014
16.302287
15.988476
15.667491
15.673986
15.135123
14.863773
14.184003
13.453582
