2.066944 1.956648
1.972341 1.886143
1.887279 1.846387
1.887380 1.903942
1.817163 1.907625
1.767880 1.955010
1.758940 2.000182
1.752025 2.055984
1.716831 2.141901
1.622522 2.196771
1.728110 2.183065
1.803664 2.237884
1.792929 2.289190
1.805479 2.350897
1.905705 2.517875
2.505749 3.043207
3.075522 3.344575
3.424482 3.518210
3.318159 3.485540
3.422571 3.366930
3.295981 3.296892
3.101074 3.007655
2.882189 2.919530
2.721502 2.809456
2.634841 2.862677
2.725735 2.889523
2.834641 2.983923
3.172982 3.343874
3.456173 3.621235
3.706356 3.857502
3.950346 4.117895
4.110989 4.186039
4.207046 4.238067
4.282949 4.294941
4.275709 4.400258
4.321020 4.390469
4.457795 4.358417
4.445738 4.378602
4.536766 4.377904
4.617808 4.376917
4.652279 4.521930
4.727072 4.589398
4.873823 4.704014
4.983407 4.861298
4.984519 4.847119
4.920074 4.646824
4.829076 4.557881
4.938330 4.683358
4.993000 4.752730
5.208552 4.896564
5.333927 5.113009
5.140576 4.948837
4.942291 4.641393
4.708746 4.367939
4.578125 4.286669
4.620758 4.292794
4.713057 4.389914
4.822098 4.525825
4.995509 4.735377
5.265647 5.116351
5.511948 5.410904
5.621832 5.528941
5.600397 5.494390
5.807199 5.681254
5.801814 5.790545
5.879338 5.825279
5.841569 5.736765
5.703566 5.734905
5.524389 5.670664
5.532786 5.587472
5.334486 5.501777
4.952541 5.447368
4.686467 5.245750
4.488711 5.142391
4.555313 5.137367
4.545261 5.186284
4.610768 5.248364
4.578316 5.351474
4.842964 5.496393
4.937454 5.533571
5.190689 5.672640
5.323902 5.712475
5.361671 5.887041
5.140288 5.814390
4.859760 5.757197
4.592989 5.557112
4.224836 5.350472
4.123313 5.289011
4.139589 5.172077
4.062716 5.069800
3.809277 4.800200
3.769296 4.657674
3.539613 4.394832
3.324389 4.125276
3.308262 3.968797
3.279291 3.736319
3.324192 3.612829
3.490728 3.759572
3.649557 3.924663
3.784621 4.028554
3.985967 4.170053
4.064429 4.167734
4.172189 4.230655
4.182242 4.316686
4.219140 4.413670
4.262038 4.497335
4.538416 4.744587
4.863173 5.038515
5.172978 5.355938
5.453741 5.591611
5.491472 5.612567
5.301169 5.465398
5.159728 5.258776
5.109896 5.116343
4.921852 4.895074
4.731741 4.907332
4.775950 4.924874
4.748335 4.963566
4.663957 4.919988
4.520053 4.866882
4.484102 4.867233
4.390602 4.650703
4.284453 4.455071
4.067681 4.213051
3.925208 4.038259
3.839047 3.809259
3.777620 3.800875
3.942736 3.952573
4.112934 4.069167
4.461761 4.330182
4.714973 4.509823
4.784208 4.620354
4.936885 4.595062
4.812079 4.651987
4.625396 4.605081
4.545810 4.509579
4.731119 4.670530
4.981597 4.937520
5.355042 5.340399
6.067319 5.817448
6.513479 6.243648
6.594472 6.361129
6.646989 6.364002
6.765020 6.442924
6.841712 6.443603
6.826908 6.397096
6.760097 6.229519
6.706595 6.164027
6.618457 6.089056
6.561720 5.969085
6.482295 5.847613
6.373300 5.665235
6.281461 5.485446
6.041862 5.140434
5.768966 4.741500
5.722123 4.608898
5.523811 4.599849
5.573445 4.693849
5.635110 4.731450
5.707047 4.726408
5.677434 4.828700
5.586872 4.817114
5.481483 4.659339
5.154066 4.454044
5.028080 4.460477
4.803392 4.306066
4.618018 4.207805
4.323626 4.141278
4.185221 4.126292
4.182836 4.192550
4.095924 4.238943
3.949022 4.198434
3.839883 4.006800
3.621089 3.703183
3.326738 3.491695
3.236607 3.435584
3.057993 3.312190
3.097594 3.314211
3.028505 3.214120
3.012869 3.273780
2.941988 3.101158
2.845156 3.102432
2.910535 3.202236
2.899602 3.022667
2.697168 2.969065
2.950862 3.216382
3.269694 3.527261
3.404532 3.667444
3.367380 3.663946
3.316118 3.497130
3.266322 3.371122
3.369572 3.408516
3.600959 3.665565
4.232756 4.264899
4.995719 4.928818
5.654375 5.502093
6.392475 6.098944
7.110065 6.660477
7.635819 7.081809
8.177601 7.403315
8.552211 7.540745
8.871268 7.532379
9.176462 7.430198
9.361473 7.293967
9.361983 7.483647
9.414730 7.998885
9.676027 8.340970
9.935087 8.784730
10.199527 9.063019
10.534730 9.338022
10.753521 9.482846
10.864174 9.632526
10.912097 9.498697
10.843781 9.297070
10.714757 8.908816
10.679904 8.718796
10.746883 8.474509
10.659455 8.367716
10.556063 8.224384
10.536770 8.159599
10.422552 8.117926
10.193613 7.941425
9.902934 7.280258
9.374299 6.784468
8.973715 6.626970
8.471640 5.989549
7.907922 5.456811
7.265970 5.385150
6.970078 5.305865
6.539850 5.010466
6.786731 5.343104
4.307388 4.183490
3.303879 3.359145
2.867534 3.029200
2.792195 2.978125
2.882827 3.107960
2.623061 3.016192
2.943321 3.338126
3.288658 3.624767
3.738465 4.074255
4.229152 4.525499
4.671535 4.960867
5.093346 5.318169
5.270418 5.318506
5.335405 5.374460
5.447829 5.451821
5.516791 5.448214
5.517321 5.383281
5.460607 5.337986
5.305729 5.098327
5.139794 4.998620
4.932001 4.817261
4.863449 4.658001
4.915286 4.742455
4.906905 4.768745
4.916600 4.715829
4.896213 4.391538
4.630268 4.071960
4.537963 3.914116
4.335040 3.699038
4.308355 3.549979
3.978117 3.303924
3.689249 3.127181
3.510780 3.064259
3.477286 3.021593
3.419294 3.019140
3.449891 3.032502
3.632325 3.209570
3.992750 3.499344
4.280417 3.754864
4.547930 3.880356
4.736686 4.098835
4.837877 4.165907
4.813461 4.257443
4.585817 4.021233
4.667001 4.093461
4.706033 4.188705
4.557284 4.047050
4.370107 3.901808
4.050689 3.653005
4.015954 3.515643
3.952142 3.546064
3.922254 3.603199
4.001630 3.763903
4.288113 4.107963
4.451096 4.328248
5.021742 4.899994
5.701789 5.555563
6.355932 6.186138
6.803664 6.710330
6.989541 6.953490
7.058967 6.961219
6.998952 6.928715
6.919839 7.043419
6.667401 6.861470
6.410149 6.491622
6.458046 6.506939
6.729881 6.867424
7.473249 7.563919
7.884676 7.949602
7.895921 8.023810
7.629527 7.936213
7.252454 7.785764
6.899074 7.606178
6.427519 7.360813
5.998889 6.941190
5.632867 6.672918
5.321717 6.337392
5.055124 6.123544
4.715210 5.795509
4.624008 5.548480
4.227607 5.288400
3.807208 4.782498
3.444110 4.405510
3.203150 4.095455
3.036282 3.921953
2.953105 3.812214
2.971110 3.589288
3.015934 3.518187
2.958447 3.457577
2.988985 3.265551
2.823746 3.074352
2.683281 2.934053
2.635183 2.814869
2.492052 2.631174
2.309022 2.451772
2.291151 2.413175
2.277234 2.532057
2.512735 2.705431
2.680752 2.956866
2.936484 3.337629
3.205882 3.748504
3.696748 4.323876
4.234051 4.874374
4.623906 5.332072
4.990983 5.698545
5.451289 6.115464
5.745976 6.403307
6.047247 6.720913
6.357252 7.054801
6.777618 7.431744
6.966090 7.685040
6.974013 7.619989
6.888687 7.503918
6.678407 7.371260
6.458390 7.225445
6.160719 6.968721
5.866739 6.910770
5.964557 7.051255
6.058547 7.221585
6.087074 7.310143
5.830618 7.146758
5.600374 6.836963
5.548556 6.661833
5.532823 6.549209
5.547175 6.421406
5.370845 6.244836
5.141861 5.887165
4.836944 5.538880
4.740197 5.329451
4.488443 5.234290
4.280237 5.083421
4.079224 4.733234
3.860958 4.211912
3.705797 4.033816
3.499947 3.757358
3.620621 3.741243
3.373243 3.670185
3.107351 3.357450
3.025708 3.153004
2.900186 3.026630
2.974130 3.055640
3.147998 3.217558
3.411319 3.512555
3.798806 3.964426
4.447750 4.521372
4.934928 4.876768
5.214157 5.152097
5.415527 5.398909
5.390853 5.547758
5.204819 5.662147
4.746817 5.480571
4.236136 5.014335
3.901219 4.669243
3.366035 4.323343
3.130617 4.152382
3.147145 4.234113
3.236433 4.258352
3.241024 4.173851
3.308661 4.160072
3.194711 3.955633
3.245755 3.946667
3.239813 3.827938
3.139760 3.702940
3.299067 3.755244
3.325356 3.805794
3.615796 4.023669
3.967583 4.285349
4.326533 4.499704
4.584901 4.749246
4.819507 4.929211
4.947231 4.988781
4.641463 4.790203
4.557183 4.776363
4.418555 4.616745
4.266906 4.262880
3.996474 4.121853
3.752371 3.909069
3.620793 3.734284
3.582559 3.640214
3.582247 3.622665
3.511926 3.469279
3.570999 3.492931
3.515212 3.462766
3.587917 3.593708
3.733357 3.728511
3.899640 3.840795
4.300887 4.202557
4.662714 4.571501
4.720419 4.640990
4.682646 4.588400
4.738187 4.411235
4.529292 4.209586
4.168234 4.034131
3.929691 3.995345
3.873791 3.812014
3.789620 3.871662
3.763308 3.853881
3.781036 3.853582
3.754770 3.851595
3.732302 3.728199
3.556265 3.520662
3.543525 3.551922
3.523895 3.608744
3.500443 3.616512
3.470561 3.607772
3.507731 3.675756
3.418704 3.595297
3.397291 3.637586
3.345339 3.572686
3.423623 3.651827
3.460382 3.746513
3.533973 3.760349
3.847107 3.998133
4.059740 4.194271
4.185939 4.315718
4.189446 4.239264
4.291030 4.363377
4.389609 4.444541
4.509909 4.549240
4.709341 4.660031
4.938030 4.864411
5.203321 5.140500
5.530012 5.369303
6.006183 5.767133
6.542137 6.055514
6.807878 6.174388
6.970432 6.294265
7.173907 6.501099
7.273049 6.659991
7.319621 6.680503
7.112779 6.444171
6.740659 6.203764
6.515574 5.942075
6.080727 5.688929
5.909485 5.317172
5.674024 5.178813
5.525318 4.911112
5.373662 4.682245
5.255596 4.548334
5.170828 4.445244
4.825832 4.209893
4.671951 4.034854
4.389742 3.984680
4.467683 4.118246
4.518683 4.133462
4.446238 4.201021
4.209964 4.000953
4.291715 4.061439
4.350236 4.152623
4.182305 4.134724
3.886884 3.891722
3.786257 3.746493
3.717318 3.792832
3.689007 3.778298
3.657037 3.758277
3.528368 3.791482
3.380174 3.739700
3.261144 3.691136
3.193428 3.716749
3.254289 3.701664
3.268259 3.727301
3.179715 3.625619
3.146038 3.883149
3.245470 3.821157
2.960302 3.401399
2.831843 3.279097
2.788682 3.092908
2.650961 3.021683
2.571437 2.987543
2.654163 3.053101
2.622848 2.884153
2.537296 2.844704
2.457062 2.845603
2.499024 2.860432
2.556870 2.812355
2.578657 2.828443
2.590918 2.798867
2.609280 2.825672
2.515450 2.802612
2.582225 2.850015
2.586945 2.855818
2.624025 2.948849
2.683106 3.020877
2.746181 3.083099
2.768339 3.080798
2.825592 3.179920
2.939352 3.330046
3.195859 3.642912
3.550135 3.995802
3.857947 4.287327
4.041447 4.417902
4.141441 4.563755
4.194379 4.674778
4.068900 4.639025
4.199492 4.743527
4.285567 4.831717
4.582955 5.185190
4.876736 5.375565
5.151655 5.632280
5.416935 5.851625
5.468158 5.793953
5.188719 5.535304
4.593924 5.313180
4.042289 4.690590
3.709509 4.501389
3.366982 4.371053
3.181765 4.210361
2.911355 4.150889
2.909169 3.978311
2.834253 3.883535
2.651825 3.489562
2.532366 3.389902
2.531940 3.433946
2.493401 3.442235
2.628945 3.397235
2.876213 3.624844
3.125741 3.793918
3.550402 4.211841
3.954386 4.544079
4.260345 4.746165
4.566460 4.899565
4.812574 4.844666
4.946199 4.851591
5.127448 4.951663
5.340193 5.117245
5.519429 5.144129
5.616167 5.203528
5.646422 5.255301
6.185012 5.740027
6.623033 6.226587
