0.338150
0.435975
0.628134
0.677817
0.680003
0.752272
0.739589
0.755429
1.070052
1.336286
1.587110
1.723626
1.992105
2.452422
2.500299
2.370907
1.812026
1.284517
1.130514
0.582149
0.784914
1.415568
1.983990
2.482151
2.992046
3.749026
4.246785
4.811944
5.034243
5.288748
5.624727
5.769159
5.908924
6.136191
6.028162
6.081748
6.046053
6.040732
6.075502
6.089008
6.355935
6.451356
6.882321
7.078906
7.282137
7.240949
7.302111
7.272240
7.314467
7.193862
7.368875
7.672095
7.967302
7.681443
7.442122
6.796036
6.145271
5.706779
5.197778
4.794747
4.181191
3.823074
3.508060
2.873296
2.511312
1.984348
1.540266
1.332420
1.226719
1.368910
1.548581
1.710776
1.991776
2.288112
2.731866
2.953652
3.069869
3.521523
3.815989
3.894723
3.548233
3.312481
3.667992
3.666418
3.446677
2.670514
2.128938
1.675913
1.299868
0.934413
0.884231
1.454095
1.990660
2.468274
2.981558
3.619033
4.261769
4.738057
5.410567
5.690103
6.161792
6.225097
6.350988
6.645026
7.123562
7.545181
8.134372
8.928335
9.549894
10.075125
10.512357
10.583016
10.722082
10.782146
10.976169
10.887571
11.495529
11.623478
11.808624
11.959755
12.085388
11.479797
11.206571
10.838029
10.509223
10.039424
9.769993
9.498876
8.969790
8.630040
8.253014
7.612774
7.190059
6.763484
6.240206
5.540894
5.331174
4.958755
4.591203
4.332725
4.062092
3.436186
3.170935
2.923311
2.617261
2.408013
2.486222
3.289997
4.285146
5.112121
5.444162
5.353225
5.052230
5.810407
6.672759
7.363200
8.052857
8.611881
9.059017
9.672593
10.402534
10.800490
11.161420
11.655984
12.231071
12.804092
13.385221
14.147302
14.733008
15.381345
16.005122
16.177146
16.207605
16.738420
17.173448
17.820245
18.329871
19.371823
19.950839
20.770502
21.034188
21.346265
21.933073
22.304966
22.031362
22.428223
22.541863
22.451138
22.405889
22.147098
22.018713
21.913114
21.778562
21.562222
21.512175
21.596940
22.097997
23.256752
24.679898
26.286515
27.563658
29.068645
31.401834
33.039460
33.375014
33.573169
32.971313
32.177760
31.149375
30.432503
29.895541
29.099102
29.044038
28.931350
28.727749
28.542036
28.316390
28.128684
27.620507
27.366737
26.949328
26.301047
25.452768
24.783230
23.647440
23.327432
23.480163
23.597186
23.600962
22.635998
22.061505
21.576424
21.185798
20.623217
20.180619
20.047429
19.773389
19.629203
19.411078
19.586201
19.673297
19.716732
19.769233
19.726804
19.589928
19.502569
19.454857
19.892460
20.605121
20.990889
21.809400
22.507422
22.613095
22.090756
21.453349
20.736090
20.285920
19.827194
18.809787
18.349858
17.812663
17.932398
17.914846
17.777215
17.878834
17.811312
18.055398
18.209784
18.459142
18.575615
18.500432
18.558719
18.848995
19.171214
18.336942
17.365529
16.626384
16.081734
15.972314
15.825668
15.692363
15.681465
15.581365
15.777528
15.805378
16.118446
16.327420
16.533918
16.903187
17.429708
17.958935
18.091074
18.607880
18.571033
19.119168
19.751904
20.070936
20.467934
20.427270
20.628613
20.029898
19.912714
19.784178
19.104543
19.378712
19.566475
19.168476
19.182119
19.475559
19.689320
20.053602
20.062342
20.412460
20.406252
20.680252
21.266459
21.691279
21.709109
22.022260
22.218754
22.425281
22.399540
22.646339
23.423000
24.026943
24.870954
25.822969
27.465100
28.300517
28.707654
28.764903
29.025272
29.439716
29.781143
30.083170
30.656104
31.541403
32.133157
33.015822
33.846432
35.061718
36.280582
36.196675
35.890273
35.451102
35.147476
34.796700
34.503073
34.491662
34.641191
35.010799
35.474192
36.054838
36.584558
36.988898
37.567887
37.473695
37.415639
37.504438
37.727797
38.357073
38.731921
39.389186
39.382839
39.841444
40.391494
41.168087
41.289773
41.476410
42.050902
42.945707
43.561005
44.259441
44.716482
45.075858
44.885359
44.997306
45.246059
44.853436
44.029248
42.914364
41.920359
41.478991
40.507784
39.753719
38.699971
38.117485
37.826725
37.759075
37.866607
38.049447
38.383733
38.838993
39.304949
39.350789
39.679447
39.825189
39.621541
39.643320
39.452884
38.966312
38.957358
39.622442
40.232031
40.733344
41.338827
41.832508
42.069713
42.405503
42.708085
42.803069
43.067279
43.081560
42.924379
42.676129
42.429759
42.120000
41.458560
41.085909
41.212153
41.265323
41.265727
41.554973
41.769097
42.219100
42.288565
41.128399
40.026489
38.602092
37.898162
37.277175
37.190638
37.038055
36.780128
36.739165
36.821829
37.278187
38.008708
38.555556
38.986694
39.535409
40.519651
40.932013
41.657501
42.277858
42.742507
43.339846
44.145736
44.746155
45.625521
46.471877
47.160446
47.649780
48.313868
48.303959
48.370622
48.176852
47.974991
47.661958
46.794732
46.520226
46.538014
45.904097
44.769468
44.280738
43.922941
43.195086
42.493463
41.427741
40.796341
39.796798
39.179853
38.301497
37.546695
36.927199
36.741662
36.561424
35.790233
35.349136
34.843157
34.446448
34.143685
33.526825
33.078670
32.717787
32.330856
31.958978
31.499116
31.093723
30.735686
30.372494
30.231854
30.440938
30.194815
30.222873
30.427542
30.574544
30.776442
30.942941
30.735445
30.498764
30.321055
30.349306
30.508539
30.724828
30.833570
31.184990
31.538107
31.907905
32.598167
32.828086
33.243895
33.907191
34.442044
34.925252
35.124619
35.863858
36.418948
36.693991
37.261990
37.711446
38.517381
39.112937
39.565573
40.218541
40.488121
40.800402
41.117128
41.345405
41.839938
42.077720
42.670702
42.861384
42.605560
41.958335
41.976711
41.371380
40.987304
40.309345
39.821801
39.150408
38.692528
38.458572
37.827976
37.650387
37.556011
37.413106
36.959181
36.485064
36.034404
35.492737
35.033187
34.710174
34.054206
33.604603
33.156576
32.673798
31.804986
31.393543
29.988659
28.350438
