0.150196
0.246446
0.488357
0.585756
0.743479
0.962353
0.908617
0.909959
1.142214
1.213680
1.444149
1.588067
1.730522
2.026104
2.107185
2.084539
1.937266
1.921701
2.068376
1.430207
0.956772
0.593410
0.735217
0.955275
1.236192
1.795934
2.138052
2.647535
2.941097
3.235354
3.644663
3.902284
4.148261
4.709949
4.981093
5.607696
5.956936
6.485463
6.928295
7.297212
7.899976
8.269508
8.756426
9.135096
9.581856
9.591047
9.474693
9.590401
9.647929
9.564902
9.364837
9.176437
9.076623
8.322576
7.847589
7.161426
6.531448
6.102305
5.572413
5.181872
4.419031
3.923219
3.369787
2.706028
2.247378
1.773067
1.219719
0.917235
0.826742
1.039544
1.450547
2.124095
2.512982
2.919859
3.407567
3.714154
4.122679
4.757175
5.092960
5.034217
4.724898
4.415312
4.777254
4.832583
4.732784
3.680498
3.300727
2.927114
2.571095
2.186734
1.817492
1.294709
1.107801
1.143800
1.278924
1.640307
2.016478
2.439544
3.001263
3.360145
3.965700
4.349214
4.765628
5.023246
5.450182
5.554564
5.861372
6.224240
6.599772
6.856727
7.497697
7.488807
7.522954
7.672852
7.873336
7.308752
7.210145
6.936978
6.881889
6.968870
7.077380
6.287249
5.825325
5.365103
5.223364
4.532226
4.013210
3.582116
2.913034
2.623305
2.115709
1.534908
0.980114
0.467660
0.118920
0.862431
1.293324
1.650634
2.378366
2.816393
3.326067
4.062947
4.583347
5.156309
5.873231
6.463921
7.000429
7.570460
7.682699
7.405612
6.661243
6.774036
6.520034
5.766815
5.465519
4.809921
4.293895
3.912589
3.322973
2.741674
2.156840
1.794040
1.535287
1.481703
1.704780
1.904487
2.147358
2.569702
2.978751
3.498352
3.886223
3.736593
3.681687
4.295417
4.580600
4.970962
5.490806
6.222853
6.681009
7.329067
7.352094
7.771255
8.175122
8.419676
8.178736
8.248592
8.180640
8.000204
8.120472
8.388681
8.572412
8.909705
8.992933
9.210828
9.374352
9.573654
9.933088
10.134287
10.367798
10.719148
10.917679
11.661363
12.560577
13.071732
12.983590
13.396940
12.960092
12.588580
11.983963
11.747253
11.530444
10.919166
10.500846
10.253657
10.042886
9.841462
9.519590
9.355454
9.135650
8.896565
8.783272
8.728518
8.573179
8.019499
7.059564
6.835767
6.880644
6.976414
7.030088
6.693193
6.734503
6.850948
6.987115
7.146920
7.233017
7.399121
7.645397
7.744672
8.071500
8.203832
8.426591
8.779837
9.094125
8.993470
9.039736
9.289558
9.618041
10.274908
10.872173
11.519560
11.898092
12.313050
12.311255
11.740277
11.618698
11.275476
11.094338
10.810430
10.001445
9.450190
8.663640
8.279157
8.042248
7.838317
7.612705
7.441846
7.280032
7.308471
7.375233
7.607175
7.870552
8.507223
9.206142
9.950541
9.454919
9.457678
9.636144
9.797000
9.953542
10.118481
10.063722
9.973188
9.778494
9.692206
9.701944
9.868253
10.009227
10.232017
10.573395
11.047969
11.421960
11.518865
12.000598
12.036020
12.680029
12.856122
12.708122
12.615762
12.418157
12.532773
11.223720
11.262059
11.244461
10.941877
10.925439
10.959983
10.324317
9.925481
9.445018
9.166160
8.673083
8.162670
7.832814
7.542677
7.362368
7.290711
7.305046
7.484098
8.007250
8.684112
9.400603
10.048840
9.728697
9.959952
10.297452
10.612160
10.574181
10.363280
10.208813
10.061321
10.015542
10.010929
10.017455
9.923299
9.923491
10.329361
11.122163
11.589014
12.193489
12.534382
12.774927
12.907717
12.193704
11.944631
11.774962
11.549770
11.266779
10.838504
10.650476
10.706458
11.010133
11.475173
11.714162
12.092952
12.475322
12.828519
12.711383
12.642062
12.776061
13.257932
13.891737
14.432942
15.084042
15.234150
15.666724
16.255572
16.998057
17.086555
17.151265
17.671823
18.321253
18.814659
19.515507
19.910611
20.572994
20.978239
21.349853
21.975815
22.499512
22.757739
22.758019
22.834908
23.049853
22.770936
22.559601
22.111969
21.649018
21.595909
21.615709
21.603114
21.030885
20.739073
20.342907
19.971887
19.465493
19.121218
18.671340
18.207631
17.772960
17.116008
16.411745
16.013224
15.828993
15.669675
15.392489
15.242476
15.363020
15.183727
14.773294
14.502239
14.091409
13.758801
13.474351
13.271514
13.161911
13.010870
12.906252
12.797835
12.688520
12.882822
13.339779
13.549924
13.922021
14.125238
14.128789
14.037521
13.185587
12.435717
11.794334
11.525063
11.454499
11.460117
11.555269
11.409467
11.291689
11.253632
11.489513
11.980202
12.180243
12.472768
12.747725
13.259920
13.475794
14.112551
14.567271
14.934781
15.304739
15.907252
16.217599
16.747321
17.304213
17.849836
18.503487
19.136616
19.788525
20.392040
20.796248
21.055530
20.976001
21.114304
21.205759
21.531823
21.338349
20.583949
20.588258
20.632123
20.263381
19.676444
19.059599
18.699266
18.120319
17.664232
17.060394
16.648403
16.161808
16.030797
15.957210
15.304711
14.920279
14.610672
14.246076
13.748325
13.192030
12.640543
12.158459
11.924519
11.749004
11.458817
11.278368
11.152374
11.056746
11.183809
11.527549
11.637055
11.744609
12.207748
12.568058
13.012269
13.346476
12.935978
11.818459
11.718703
11.737441
11.671481
11.622231
11.612032
11.688028
11.657429
11.842962
12.169593
12.502144
12.845613
13.063886
13.350794
13.352896
13.388490
14.038702
14.575962
15.038335
15.531256
15.946837
16.692840
17.229495
17.737701
18.476130
18.941911
19.511768
20.201347
20.644040
21.324435
21.949826
22.639565
23.259683
23.559887
23.346743
23.496693
23.332261
23.434670
22.988215
22.690635
21.844729
21.158111
20.568339
19.881432
19.262082
18.615981
17.887951
17.237201
16.486331
15.853276
15.017376
14.251811
13.658164
13.018077
12.498203
12.024213
11.456609
10.770743
10.329882
9.232564
8.416100
