1.960931 2.068234
1.972032 2.083399
1.988955 2.146128
2.024454 2.219326
2.052631 2.308240
2.116367 2.447807
2.176894 2.586926
2.237985 2.743785
2.306352 2.951093
2.382467 3.140141
2.273352 3.045301
2.289851 3.035096
2.203939 3.072955
2.272569 3.140267
2.240245 3.006111
2.231749 2.947665
2.483527 3.153653
2.865790 3.685502
3.212343 4.077686
3.647666 4.431676
3.845992 4.497927
4.070336 4.651151
4.297124 4.770869
4.438995 4.880795
4.652606 5.003723
4.842578 5.101222
5.032571 5.200830
5.227702 5.315218
5.307509 5.374228
5.384680 5.384332
5.526083 5.372546
5.447363 5.263875
5.356449 5.092749
5.256721 5.025965
5.033108 4.670361
4.728199 4.419289
4.378090 3.991600
3.975884 3.572588
3.627399 3.429569
3.491601 3.239993
3.350977 3.159299
3.196177 2.961793
3.160003 3.160627
3.103493 3.184912
3.020251 3.191842
2.938077 3.107896
2.786662 3.021864
2.771302 3.095943
2.832858 3.106363
2.902532 3.249913
3.366840 3.773753
3.892661 4.505627
4.529691 5.255185
5.197453 5.745898
5.522418 5.979260
5.702976 6.089471
5.817875 6.181709
5.874773 6.267366
5.898458 6.318035
5.880391 6.295359
5.848169 6.166330
5.743728 6.088907
5.577090 5.934444
5.521916 5.762787
5.197313 5.427281
4.867356 5.040396
4.530439 4.566083
4.096397 3.975688
3.739229 3.543561
3.626462 3.358663
3.336067 3.254611
3.174261 2.882031
3.077930 2.760810
3.090066 2.823384
3.223777 2.878234
3.255252 3.042659
3.458974 3.250098
3.581196 3.353145
3.698044 3.632128
3.883863 3.765465
3.912860 3.824438
4.122349 4.082682
4.572281 4.450801
4.921857 4.976630
5.383932 5.417677
5.633290 5.825235
5.922101 6.174710
6.036024 6.242358
6.082146 6.271750
6.095410 6.318800
6.040551 6.316855
6.100372 6.309481
6.218298 6.358992
6.328990 6.458364
6.449295 6.592528
6.476868 6.656344
6.536902 6.629336
6.548241 6.486230
6.547577 6.338063
6.351755 6.191405
6.050307 6.053606
5.574955 5.709424
5.282070 5.390959
4.849636 4.898302
4.707169 4.816849
4.446618 4.486912
4.573193 4.524038
4.596767 4.645221
4.728633 4.789209
4.646786 4.798714
4.405061 4.601015
4.233728 4.457545
3.960997 4.443441
3.926604 4.244380
3.916413 4.017599
3.816730 3.977272
4.051573 4.125990
4.344434 4.495267
4.663835 4.830310
4.948796 5.034936
5.218550 5.320814
5.243926 5.311996
5.202017 5.104494
5.191851 5.113248
5.333492 5.237614
5.680271 5.501598
5.936838 5.780017
6.200869 6.059985
6.361663 6.210098
6.339855 6.324181
6.227922 6.299453
6.014419 6.253892
5.879520 6.187538
5.825180 5.890774
5.799318 5.699030
5.838087 5.705688
5.861586 5.810033
6.148527 6.019941
6.549336 6.463509
7.039610 7.066119
7.675905 7.673317
8.113562 8.161993
8.496242 8.565289
8.956250 9.002160
9.143605 9.448045
9.430328 9.808556
9.546092 9.999376
9.721196 10.200711
9.974452 10.398570
10.253938 10.468359
10.464701 10.602903
10.743158 10.650129
10.859583 10.935132
10.858795 11.022896
10.863477 11.049720
11.025514 11.189857
11.086515 11.201696
11.254097 11.281894
11.454228 11.385208
11.527225 11.443288
11.631531 11.560592
11.765955 11.605736
11.838885 11.605946
11.855782 11.564990
11.812378 11.587242
11.912451 11.642298
12.027211 11.712522
12.166876 11.739450
12.339611 11.819459
12.511116 11.907166
12.597974 12.053092
12.678533 12.394469
12.911059 12.551829
12.972085 12.466656
13.006598 12.457976
13.061699 12.434596
13.120191 12.451620
13.183842 12.513392
13.252901 12.571718
13.331854 12.577667
13.336635 12.483671
13.373020 12.463373
13.204214 12.338767
13.203991 12.320268
13.058115 12.264625
13.137309 12.306083
13.234934 12.416897
13.404376 12.483739
13.477627 12.514745
13.397858 12.472299
13.281490 12.358007
13.268639 12.206874
13.261706 12.127227
13.196994 12.189600
13.197925 12.221420
13.125184 12.153594
13.103631 12.169556
13.135911 12.278690
13.195011 12.617328
13.537636 13.045388
14.169378 13.497576
14.426597 13.950237
14.576409 14.156491
14.592292 14.179956
14.448181 14.149604
14.058905 13.637794
13.371499 13.201132
13.451305 13.433989
13.501412 13.452221
13.307228 13.340012
12.824100 13.191154
12.411400 12.754086
12.067828 12.042494
11.579136 11.240575
10.987901 10.791664
10.327988 10.410865
9.849566 9.859733
9.690128 9.501161
9.782070 9.525983
10.011543 9.821083
10.471602 10.354640
10.939897 10.967903
11.255205 11.255878
11.448384 11.585028
11.783807 11.909003
11.892310 12.166153
11.839423 12.040047
11.752326 11.996610
11.666644 12.072116
11.840798 12.139567
12.344393 12.667047
12.972711 13.112300
13.545328 13.456678
13.819260 13.692381
13.880131 13.846892
13.953673 13.907031
13.983433 13.963048
13.958508 13.985423
13.946733 14.062909
14.046544 13.987620
14.131192 13.976322
14.120164 14.046337
14.186541 14.099468
14.343099 14.052890
14.328221 14.021897
14.378729 14.050525
14.402961 14.042854
14.346867 14.037833
14.373961 14.032644
14.392518 13.991608
14.302797 13.982056
14.175698 13.769611
14.051564 13.643405
13.838259 13.483379
13.646796 13.219725
13.499921 12.962718
13.190639 12.723857
12.783538 12.322486
12.380549 12.126570
11.972676 11.622029
11.715787 11.248824
11.409087 10.549672
11.006607 10.381656
10.782652 9.921029
10.559461 9.909461
10.302613 9.823613
9.834205 9.810191
9.817182 9.822870
9.782435 9.914398
9.852549 9.749361
10.131707 10.063726
10.250470 10.202046
10.283395 10.350007
10.188777 10.447391
10.076166 10.523655
10.171679 10.336247
10.255862 10.360228
10.423011 10.213365
10.577657 10.127591
10.672268 10.117094
10.388696 10.089994
10.251435 10.002341
10.185606 9.853571
9.946551 9.815570
9.970408 9.695696
9.908419 9.596210
9.863902 9.525653
9.831930 9.411514
9.848435 9.362227
9.797054 9.326976
9.713372 9.334905
9.640197 9.306990
9.482823 9.355521
8.970229 9.233207
8.621463 9.122659
8.166934 8.988698
7.761038 8.817750
7.537651 8.469617
7.857496 8.678336
7.969349 8.591291
8.374226 9.007004
8.506158 9.111379
8.511875 9.152882
8.575704 9.251319
8.551387 8.948959
8.546080 8.747591
8.523788 8.616058
8.453861 8.304312
8.336582 8.138363
8.420342 8.068567
8.218042 7.719906
8.228018 7.658422
8.345142 7.665150
8.618661 7.671409
8.739002 7.483383
8.802490 7.367909
8.941516 7.225064
8.955667 7.297706
9.098024 7.314565
8.992804 7.100097
8.615028 6.524623
8.178629 6.059661
7.397460 5.451730
6.053091 5.050799
4.664794 4.165693
3.823957 3.389231
3.207495 3.261224
2.933856 3.212483
2.566556 3.209207
2.614205 3.262967
2.662023 3.376611
2.836425 3.421228
3.074241 3.559622
3.351481 3.801032
3.672455 4.086579
4.037721 4.355450
4.356966 4.553679
4.563009 4.686051
4.721011 4.835638
4.863080 4.975285
5.125843 5.198429
5.510111 5.358247
5.579582 5.131267
5.477387 4.905382
5.272069 4.765711
5.217831 4.589702
5.025087 4.471577
5.011455 4.346862
4.854152 4.376484
4.775489 4.467383
4.570796 4.410397
4.383392 4.332979
4.314798 4.243149
4.158930 3.942290
4.089580 3.768704
3.819350 3.695308
3.608698 3.325224
3.461741 3.005619
3.342956 2.880540
3.099608 2.773175
3.067174 2.791251
3.122532 2.764208
3.118442 2.821128
3.179025 2.796217
3.165814 2.681919
3.213844 2.735134
3.285011 2.799808
3.244281 2.881087
3.227581 2.953862
3.152792 2.764305
3.064709 2.766038
3.078917 2.725158
3.122160 2.640934
2.989000 2.637446
2.873384 2.611717
2.853982 2.494589
2.773663 2.487275
2.748683 2.526106
2.720856 2.636389
2.834081 2.728765
3.438771 3.123362
4.215065 3.436486
4.974222 3.578167
5.536830 3.642770
5.867745 3.744013
6.106867 3.872162
6.148035 3.933362
6.221106 4.038008
6.430883 4.153596
6.484024 4.180015
5.866945 4.007473
5.143624 3.782144
4.389653 3.386252
3.767161 2.983376
3.204761 2.812652
2.862831 2.679049
2.784837 2.644937
2.770258 2.605327
2.907751 2.772016
3.037768 2.853999
3.179336 2.945672
3.217506 3.097253
3.294746 3.045685
3.249032 3.006088
3.096954 2.972148
3.057122 2.940686
2.972672 2.949310
2.876501 2.674490
2.743680 2.548262
2.638944 2.463209
2.692184 2.446967
2.874546 2.452322
3.058195 2.591074
3.279733 2.797007
3.585057 3.081179
3.858507 3.407233
4.221546 3.795004
4.630074 4.252289
5.015287 4.657902
5.186341 4.963488
5.352069 5.104080
5.477393 5.247832
5.437004 5.047855
5.462846 4.946488
5.452053 4.860590
5.546993 4.715829
5.417425 4.581577
5.627784 4.643822
5.817057 4.670389
5.976602 4.622792
6.126531 4.461234
6.312367 4.453117
6.525500 4.628695
6.753172 4.443372
6.945320 4.188903
7.183553 4.121960
7.405145 4.080511
7.480331 4.029854
7.636231 4.008171
7.660120 4.049646
7.684272 4.016027
7.679448 4.100240
7.627551 4.099428
7.537970 4.207917
7.297865 4.216995
7.164192 4.261288
6.994200 4.274031
6.945795 4.342810
6.778196 4.471102
6.711874 4.554053
6.600868 4.592324
6.373368 4.588788
6.180815 4.639522
5.908988 4.769647
5.641628 4.671932
5.355428 4.345736
4.876013 4.070812
4.423502 3.507537
3.941986 3.279325
3.471947 3.152485
3.230097 2.939842
3.116791 2.758046
2.825708 2.674881
2.484567 2.362720
2.247368 2.315572
2.090489 1.932642
1.991756 1.892630
1.916341 1.941475
1.957085 2.046112
1.973835 1.994554
2.122706 2.096706
2.177350 2.190578
2.310925 2.296526
2.422632 2.362147
2.623951 2.520606
2.691947 2.491037
2.648388 2.550795
2.547686 2.434217
2.539395 2.433589
2.530551 2.452027
2.554768 2.462901
2.618892 2.480147
2.617171 2.557597
2.567972 2.611477
2.550480 2.651437
2.655810 2.675330
2.794164 2.803206
2.891296 2.958686
3.026054 3.165463
3.201375 3.272325
3.225918 3.383670
3.242031 3.368232
3.230313 3.472014
3.510438 3.649008
3.691499 3.673573
3.541854 3.577958
3.552615 3.588858
3.701989 3.723998
3.875772 3.847443
3.917983 3.840895
3.896954 3.860395
4.074201 4.047910
4.228234 4.253147
4.371980 4.403714
4.584526 4.479376
4.775243 4.507176
4.978842 4.557015
5.045993 4.560954
5.073248 4.408201
5.220477 4.336445
5.320310 4.340638
5.356651 4.287258
5.459601 4.206239
5.526510 4.271003
5.311641 4.028830
5.186655 4.054591
5.128808 3.923913
5.050429 3.920598
4.934349 3.952837
4.664501 3.918108
4.540855 3.668832
4.296611 3.445118
4.028625 3.314730
3.795450 2.959297
3.539211 2.860034
3.436254 2.671232
3.225455 2.470968
3.042467 2.248242
2.771315 2.025914
2.344117 1.912582
2.016314 1.835297
1.941034 1.897340
1.898349 1.882330
1.768448 1.829895
1.604786 1.619999
1.526967 1.645621
1.460478 1.545438
1.465578 1.572996
1.563598 1.665179
1.775301 1.808877
2.028110 2.016401
2.160639 2.138486
2.220237 2.229865
2.302443 2.318979
2.385425 2.319126
2.519241 2.425830
2.643653 2.489700
2.808219 2.636107
2.972374 2.776003
3.064188 2.928838
3.251468 3.108814
3.430542 3.290423
3.719762 3.594091
3.973625 3.858137
4.258917 4.084801
4.461531 4.306903
4.715072 4.521121
5.004562 4.676393
5.232329 4.861826
5.682786 5.336852
6.186482 5.607368
