0.158992
0.219543
0.409626
0.468661
0.577449
0.684975
0.731857
0.768331
1.047424
1.201119
1.580615
1.910122
2.281560
2.846359
2.974299
3.096039
3.115703
3.612570
4.418916
4.425402
3.950850
3.392076
3.018405
2.753072
2.639842
2.549933
2.632883
2.615814
2.646313
2.598227
2.668890
2.870716
3.114316
3.612971
3.918542
4.407091
4.737014
5.227043
5.527702
5.766200
6.243901
6.590591
7.233509
7.625629
8.044001
8.193878
8.401145
8.616411
8.848102
9.178427
9.579259
10.113476
10.811162
10.928177
10.634317
10.015211
9.302883
8.751380
8.231367
7.611678
6.886953
6.167552
5.594535
4.538490
3.738772
2.961020
2.159839
1.610935
1.200723
1.041990
1.234427
1.738730
2.163647
2.635995
3.261872
3.684453
3.987708
4.659039
4.875843
4.855178
4.368107
3.967537
4.384296
4.924055
5.204361
4.868688
4.738202
4.516985
4.335955
4.089442
3.816753
3.664523
3.695731
3.763009
3.802741
3.950454
4.119281
4.105174
4.435762
4.554930
5.111803
5.393527
5.653725
6.029247
6.597716
6.978429
7.412755
8.073786
8.638805
9.136526
9.369079
9.230197
9.308091
9.264206
9.272482
8.938669
9.078012
9.286788
9.360505
9.445285
9.546866
8.804176
8.368778
7.856029
7.320767
6.790938
6.418733
6.004146
5.462557
4.957426
4.295738
3.776663
3.265369
2.755813
2.348109
1.994366
1.995724
2.085755
2.336692
2.713869
3.039355
3.517615
4.102041
4.527410
5.133582
5.582054
5.753189
5.567109
4.768468
4.044362
3.380270
3.872301
3.937436
3.240885
2.699743
2.229545
1.970756
2.084675
2.295003
2.605622
3.017339
3.277266
3.437139
3.835517
4.192876
4.459906
4.780064
5.184573
5.650872
6.262689
6.657113
6.569728
6.587448
6.948438
7.408342
8.016716
8.369265
9.053320
9.560319
9.782732
9.371614
9.063344
8.922224
8.802226
8.507947
8.510455
9.033208
9.653074
10.053886
10.397141
10.472507
10.929975
11.086111
11.515688
11.796869
12.157389
12.755256
13.361584
14.299877
15.083469
15.402025
15.866247
16.132180
16.306782
16.293240
16.753351
16.828100
16.554719
16.021466
15.702681
15.504913
14.695518
14.418749
14.198594
13.893906
13.745200
13.497609
13.403673
13.195084
13.152610
13.072929
12.980117
12.886638
12.374939
11.197653
10.796355
10.693187
10.647319
10.666584
10.438490
11.433934
12.375792
12.886097
13.391613
13.609892
13.788437
13.928894
13.835510
13.941303
13.909065
13.956761
14.112749
14.367598
14.255210
14.100107
14.272117
14.345090
14.813999
14.985258
14.914430
15.025328
15.162602
14.922270
14.474710
14.327331
14.018836
13.766011
13.539478
12.668445
12.122618
11.426043
11.241458
11.113833
11.103376
10.962364
10.943215
10.661598
10.712054
10.827525
10.896077
11.010541
11.572845
12.077069
12.553023
12.528380
13.904672
14.719272
15.213356
15.644048
15.782310
15.491190
14.989648
14.606456
14.326980
14.091998
14.023174
13.945912
13.996319
14.304800
14.489242
14.629713
14.436773
14.460148
14.056567
14.141321
14.177622
14.659876
15.368732
16.079300
16.447947
16.106624
16.084410
15.812401
15.302335
15.325869
15.367003
14.987277
14.819923
14.782231
15.074018
15.266032
15.580033
16.034231
16.215597
16.482059
16.681066
16.773195
16.975138
17.194625
17.567729
18.254436
18.782375
18.850290
19.810447
20.434510
20.903518
21.141976
21.042660
20.780983
20.524262
20.154152
19.833182
19.587216
19.433967
19.286145
19.268201
20.130797
20.611686
21.820403
23.101857
25.846908
26.800017
25.920188
24.219803
22.223740
20.415212
18.522874
16.028958
14.529128
13.668640
13.222825
13.226278
13.190737
13.175409
13.202784
13.369937
13.237388
13.173586
13.071150
13.383708
14.047648
14.324020
14.964942
14.986030
15.464367
15.916104
16.615316
16.633485
16.611003
16.989704
17.576263
17.794699
18.103166
18.247855
18.568569
18.289462
17.689433
16.700453
13.987704
12.371774
11.672952
11.075703
10.755030
10.138296
9.417259
8.320248
7.466939
7.027233
6.495474
6.037087
5.556309
5.505028
5.495476
5.567977
5.767104
6.341202
7.120628
7.938757
8.824383
9.453102
9.650112
10.000197
10.415397
10.646821
10.934338
11.200099
11.486912
11.428869
11.302907
11.128000
10.769694
10.611278
10.441294
10.330253
10.442625
10.600759
10.891175
11.215932
11.539021
11.963536
12.488706
12.483288
12.951374
13.338808
13.940986
14.363743
13.979394
13.771464
13.573418
13.462650
13.432288
13.392396
13.659796
13.815496
13.888357
13.903745
14.058904
14.618218
14.934115
15.345827
15.699585
16.181841
16.371309
16.645137
16.574709
16.758802
16.881925
17.173923
17.272264
17.546592
17.920706
17.955115
17.667981
17.093814
15.469593
13.595909
12.552354
11.924054
11.285384
10.824601
10.487821
10.397365
9.773003
8.786816
8.568805
8.342573
7.791040
7.083153
6.435923
5.969002
5.340621
4.910228
4.387492
4.131751
4.081787
4.347746
4.559885
4.345411
4.501495
4.825517
4.873380
4.688804
4.336221
4.533209
4.658093
4.861750
5.154292
5.040851
4.798392
4.571299
4.734351
5.315512
5.941373
6.115623
6.264619
6.879040
7.541991
8.198106
8.684676
8.657740
8.461243
8.214394
8.180443
8.352286
8.699348
9.067168
9.588338
10.090497
10.392136
11.212708
11.866823
12.330498
12.863643
13.410495
13.270374
13.137735
13.320719
13.419388
12.898242
11.954783
11.008429
10.355403
9.633193
9.263847
9.346195
8.745909
8.440390
8.157364
8.000872
8.222165
8.272388
8.356209
8.648282
8.692380
8.346270
8.375284
8.075007
7.987737
7.343772
6.905102
6.099031
5.380481
4.746120
4.165356
3.836318
3.537001
3.352191
3.210133
3.380783
3.702020
3.924111
4.372993
4.726007
5.028000
5.386327
5.730231
6.027797
6.221254
6.400755
6.546635
6.527445
.249514
4.360056
3.930399
