160
270
370
470
580
680
780
890
980
1100
1210
1210
1210
1210
1210
1210
1200
1220
1200
1210
1210
1220
1200
1210
1210
1210
1210
1210
1210
1200
1210
1210
1210
1210
1210
1210
1210
1210
1220
1200
1210
1210
1210
1220
1200
1220
1210
1210
1210
1210
1220
1210
1210
1210
1210
1210
1210
1210
1210
1210
1210
1210
1210
1210
1200
1220
1200
1210
1210
1210
1210
1210
1210
1210
1210
1210
1210
1200
1210
1210
1210
1210
1210
1210
1210
1210
1210
1210
1210
1210
1210
1210
1210
1220
1210
1210
1210
1200
1210
1210
1210
1210
1200
1210
1200
1200
1200
1210
1200
1200
1210
1200
1200
1200
1200
1210
1200
1200
1200
1200
1200
1200
1200
1200
1200
1200
1200
1200
1200
1200
1210
1200
1200
1200
1200
1200
1200
1200
1200
1200
1210
1200
1210
1200
1200
1200
1200
1200
1200
1200
1200
1200
1200
1200
1170
1180
1180
1200
1190
1190
1200
1200
1200
1190
1200
1200
1200
1200
1200
1200
1200
1190
1190
1200
1200
1200
1200
1200
1210
1200
1200
1200
1200
1200
1200
1200
1200
1200
1200
1200
1210
1200
1190
1200
1200
1190
1200
1200
1200
1190
1200
1210
1200
1210
1200
1210
1200
1210
1210
1200
1210
1200
1200
1210
1200
1200
1210
1200
1210
1200
1210
1200
1200
1210
1200
1200
1200
1210
1200
1200
1200
1200
1200
1210
1200
1200
1200
1210
1200
1200
1210
1200
1200
1210
1200
1200
1200
1200
1210
1200
1210
1200
1200
1200
1200
1200
1200
1200
1200
1200
1200
1200
1200
1200
1210
1200
1200
1200
1200
1200
1210
1200
1210
1200
1200
1200
1200
1200
1200
1200
1200
1200
1200
1200
1200
1200
1200
1200
1200
1200
1200
1190
1190
1190
1190
1190
1200
1190
1190
1190
1200
1190
1190
1190
1190
1200
1190
1190
1190
1190
1200
1200
1190
1190
1200
1190
1190
1200
1190
1190
1200
1190
1190
1200
1190
1190
1190
1200
1190
1190
1200
1190
1190
1190
1190
1200
1190
1190
1190
1190
1200
1190
1190
1190
1190
1200
1190
1190
1190
1190
1200
1190
1190
1190
1200
1190
1190
1190
1190
1200
1190
1190
1200
1190
1190
1190
1200
1180
1200
1190
1190
1190
1190
1200
1190
1190
1190
1190
1190
1190
1190
1190
1180
1200
1180
1200
1190
1190
1190
1190
1190
1200
1200
1200
1200
1200
1200
1200
1200
1200
1200
1200
1200
1210
1200
1200
1210
1200
1210
1200
1200
1200
1200
1200
1200
1200
1200
1200
1200
1200
1210
1200
1200
1200
1200
1200
1200
1200
1200
1200
1210
1200
1210
1200
1200
1210
1200
1200
1200
1210
1200
1210
1200
1200
1200
1200
1200
1200
1200
1200
1210
1200
1200
1200
1200
1200
1210
1200
1200
1200
1210
1200
1200
1200
1200
1210
1200
1200
1200
1200
1210
1200
1200
1200
1210
1200
1200
1200
1200
1210
1200
1190
1190
1190
1200
1190
1190
1190
1190
1190
1190
1190
1190
1190
1190
1160
1150
1150
1150
1150
1150
1150
1160
1150
1150
1150
1150
1150
1150
1150
1160
1150
1150
1160
1150
1150
1160
1150
1150
1150
1160
1150
1150
1160
1150
1150
1150
1150
1150
1160
1150
1150
1160
1150
1150
1150
1150
1160
1150
1150
1160
1150
1150
1150
1160
1150
1150
1150
1150
1150
1160
1150
1150
1150
1150
1160
1150
1150
1150
1150
1160
