30
40
20
30
30
30
30
30
30
30
30
30
30
30
30
30
30
30
50
60
70
70
70
70
60
70
70
60
70
70
70
70
60
70
70
60
70
70
70
70
80
110
100
110
110
110
110
110
110
100
120
100
110
110
110
110
110
110
100
110
110
110
110
110
110
110
110
110
110
100
140
120
130
130
150
150
150
150
150
150
150
150
150
150
150
150
150
150
150
150
160
150
150
150
150
150
150
150
150
150
150
170
170
180
170
190
190
190
220
220
210
210
220
210
220
210
220
210
210
210
220
210
220
210
220
210
210
220
220
210
210
240
240
230
240
260
250
260
260
260
260
260
260
260
250
260
260
260
260
260
260
260
280
280
280
280
280
280
280
290
280
280
280
280
280
290
280
280
280
290
300
310
300
300
300
340
320
330
330
330
330
320
330
330
350
350
360
350
350
360
350
350
360
350
350
360
350
350
360
350
350
360
350
350
360
350
360
350
360
360
350
360
350
360
360
360
350
360
350
350
360
360
360
360
350
360
360
350
360
360
360
360
350
360
350
360
360
350
360
350
360
380
390
380
380
380
380
410
400
410
430
440
430
430
440
430
430
430
430
440
430
430
430
430
440
430
430
440
450
460
460
460
460
460
460
460
460
450
450
460
460
460
460
460
460
460
460
450
460
460
460
460
460
460
460
460
460
460
490
490
490
480
480
490
480
490
490
510
520
510
520
510
520
510
510
520
520
510
540
540
550
540
540
540
570
560
580
570
570
570
580
570
570
570
570
580
570
570
570
570
580
570
600
590
600
600
590
600
620
620
630
620
620
630
620
620
630
650
650
650
650
680
680
680
670
680
680
680
670
680
710
710
740
730
730
740
740
730
740
740
740
740
740
740
740
740
740
740
740
740
740
750
740
740
740
750
740
740
740
740
750
740
740
730
740
740
740
730
740
730
740
740
730
730
770
760
760
790
790
790
800
790
790
790
790
790
790
790
790
820
820
850
850
860
860
850
860
860
860
880
900
880
890
880
880
880
920
910
950
950
950
940
950
940
950
940
950
950
950
940
960
940
950
950
940
950
940
950
940
940
940
940
940
950
940
940
950
940
950
940
940
940
980
970
970
970
970
970
970
970
970
970
970
970
960
980
960
970
970
960
960
970
960
960
960
960
970
960
960
970
960
960
960
970
960
960
970
960
960
960
960
960
960
960
960
960
960
960
950
950
970
960
960
960
960
970
960
1000
1000
1020
1060
1060
1060
1050
1060
1060
1050
1060
1060
1060
1050
1060
1060
1060
1060
1060
1050
1060
1060
1050
1060
