0.347138
0.409451
0.612558
0.692347
0.847765
0.975952
0.973258
0.955087
1.154917
1.206886
1.463410
1.540236
1.692609
1.860072
1.938966
1.953686
1.786234
1.671298
1.611928
1.057217
0.688486
0.233383
0.558419
0.972571
1.363568
1.982332
2.374146
3.009035
3.416235
3.970550
4.528196
4.994408
5.464053
5.977227
6.384118
6.965995
7.360616
7.931226
8.278933
8.614146
9.137958
9.611462
10.300093
10.671511
10.998941
11.095687
11.220261
11.322399
11.369253
11.128042
10.986007
10.890556
10.739336
10.141947
9.768289
9.093100
8.461715
8.042791
7.587831
7.075827
6.412777
6.073846
5.665381
5.053294
4.665219
4.481578
3.918850
3.480489
2.989128
2.717098
2.447346
2.179202
2.030168
1.960778
1.946929
2.004278
2.114369
2.482616
2.202214
2.110587
1.647454
1.229675
1.675572
1.991903
2.380779
2.248171
2.406873
2.311139
2.273650
2.285057
2.420995
2.877171
3.160168
3.476046
3.826160
4.425269
4.962844
5.406105
6.029828
6.398841
7.032208
7.425399
7.811905
8.039830
8.552190
8.874021
9.030463
9.518249
9.910628
10.333317
10.684244
10.608420
10.655594
10.745603
10.720524
10.342626
10.294559
10.207599
10.198758
10.200004
10.130425
9.277200
8.739122
8.337042
7.938177
7.344403
6.922046
6.545118
5.928233
5.580394
5.298560
4.786397
4.401123
3.998012
3.586600
3.013330
2.681624
2.358783
1.917793
1.712889
1.550747
1.584525
1.539670
1.678357
2.002873
2.259899
2.357208
2.331356
2.124195
1.981156
1.795410
2.013260
2.142011
1.442801
0.885872
0.662522
0.881753
1.220568
1.420285
1.802388
2.375333
2.762883
3.221354
3.827779
4.277191
4.717497
5.326361
5.888867
6.354345
6.970401
7.506001
7.408267
7.201792
7.623687
8.043282
8.516124
8.911750
9.584016
10.054708
10.512881
10.492164
10.558489
10.879861
11.039261
10.569074
10.550233
10.548902
10.457148
10.483766
10.743611
10.887764
11.113659
11.278423
11.582718
11.846305
12.127935
12.566734
12.869511
13.371058
13.780422
14.060441
14.690621
15.400640
15.725128
15.613092
16.198852
16.038273
15.463578
15.020817
14.912978
14.531438
13.677882
13.411000
13.286428
13.133674
13.018485
12.896123
12.799274
12.705292
12.655696
12.585172
12.607814
12.590219
12.238484
11.374531
11.387220
11.662838
11.841393
12.144724
11.572760
11.520442
11.498369
11.599487
11.595719
11.642772
11.972255
12.143780
12.212911
12.431710
12.604611
12.818980
13.081695
13.268506
13.244789
13.312983
13.507704
13.737857
14.361475
14.997135
15.408040
16.033067
16.704124
17.097664
16.728287
16.545615
16.010238
15.519634
15.118139
14.096149
13.654796
12.993129
12.897764
12.863639
12.879039
12.958206
12.909097
12.937427
13.084179
13.171951
13.293439
13.393468
13.795069
14.087926
14.518200
13.889110
13.798639
13.614978
13.625031
13.737088
13.618085
13.382734
13.092427
12.958467
12.971376
13.000134
13.089280
13.268247
13.470964
13.923382
14.479625
15.092994
15.331263
15.790393
15.750318
16.510341
16.935057
17.572362
18.074113
18.338206
18.288355
17.722684
17.375048
17.115726
16.413099
16.449809
16.418803
15.893146
15.669959
15.475265
15.400438
15.252707
15.127061
15.054484
14.956384
14.925789
14.863640
14.631526
14.461829
14.549259
14.684568
14.771979
14.840651
14.262260
14.089008
13.970864
13.792885
13.744206
13.588370
13.441419
13.412264
13.454859
13.566407
13.708532
13.872140
14.082875
14.579795
15.345702
15.882754
16.589824
16.992317
17.509054
18.070554
17.430347
16.945889
16.190170
15.707226
15.276781
14.625188
14.352906
14.229082
14.301560
14.636771
14.939071
15.251158
15.521009
15.794833
15.809701
15.864905
15.882759
16.099199
16.549842
16.906463
17.447496
17.404708
17.766147
18.142996
18.817550
18.984686
18.968684
19.395202
20.054622
20.478165
21.119824
21.604716
22.248578
22.656339
23.156757
23.770903
24.271614
24.562525
24.529777
24.510798
24.531372
24.231362
23.834315
23.050789
22.586703
22.550856
22.565400
22.541683
21.891770
21.507207
21.135813
20.857914
20.350550
20.029479
19.722151
19.401407
19.099474
18.760750
18.252226
17.919255
17.826569
17.801749
17.944404
17.884499
17.714731
17.354953
16.976249
16.633508
16.212038
15.911202
15.618011
15.344912
15.313682
15.233739
15.181746
15.273393
15.457774
15.848806
16.380350
16.291856
16.586759
17.000973
17.587053
17.835275
17.031703
16.213510
15.439604
14.957225
14.526498
14.300911
13.930032
13.558714
13.277841
12.957559
12.827221
13.208239
13.508418
13.750961
14.082500
14.514207
14.697910
15.149075
15.458204
15.730017
16.043659
16.703640
17.101245
17.662828
18.322528
18.882657
19.380383
20.080524
20.805767
21.516090
22.171458
22.387965
22.304714
22.289855
22.370833
22.595204
22.386402
21.670514
21.709868
21.787983
21.172392
20.482593
19.846746
19.432101
18.857205
18.467190
17.906243
17.528398
17.192161
17.261236
17.309850
16.819805
16.401911
16.158217
15.814935
15.518013
14.978903
14.741706
14.401498
14.127494
13.843733
13.422666
13.166901
12.933642
12.752507
13.103140
13.422801
13.329233
13.443535
13.731582
14.221171
14.702815
15.065567
15.009028
14.481685
14.055316
13.898632
13.817881
13.810603
13.822924
13.906464
13.990808
14.221562
14.685630
15.037233
15.379468
15.749531
16.108864
16.138687
16.108811
16.660013
16.945216
17.315320
17.823492
18.275256
18.890634
19.100002
19.611938
20.337501
20.756894
21.194741
21.764104
22.171198
22.815092
23.265070
23.662607
24.132074
24.179072
23.698915
23.699395
23.248569
23.031726
22.374677
21.871872
20.994932
20.373443
19.959348
19.310768
18.884090
18.596482
18.180198
17.762886
17.436392
17.031062
16.477345
16.202536
15.871757
15.377459
15.154607
14.753417
14.368590
13.862154
13.582810
12.831485
12.134415
