0.150196
0.281198
0.494798
0.516848
0.543695
0.646357
0.706725
0.732315
0.960637
1.114129
1.544265
1.827489
2.145600
2.522269
2.624178
2.359218
1.624350
0.995939
1.037101
1.111189
1.201173
1.887809
2.344269
2.852014
3.234191
3.828213
4.300120
4.493622
4.466151
4.553792
4.575191
4.630486
4.716152
4.952979
5.094442
5.392687
5.557474
5.992545
6.127216
6.285697
6.652148
6.901945
7.692382
8.173527
8.799837
9.007376
9.357801
9.902036
10.355529
10.698407
11.043198
11.423004
11.695743
11.587058
11.411867
10.818511
10.150705
9.769263
9.227419
8.556950
7.746923
7.082020
6.327523
5.106321
4.286753
3.405055
2.422963
1.698419
0.830499
0.189425
0.701723
1.512963
2.064497
2.620063
3.321582
3.783780
4.247903
4.910744
5.272260
5.273933
4.984859
5.084382
5.687912
5.822724
5.723104
4.679280
4.151866
3.416517
2.956450
2.351313
1.781357
1.206281
1.074231
0.967785
1.063286
1.773380
2.387528
2.827185
3.642592
4.177485
4.859562
5.238125
5.632600
5.971841
6.537130
6.903404
7.246304
7.823709
8.315674
8.798193
9.416838
9.620761
9.994922
10.203448
10.414851
10.113296
9.793487
9.115261
8.704461
8.356469
8.188365
7.291699
6.856533
6.325769
5.786545
4.991017
4.536982
4.290792
3.820868
3.543058
3.309068
2.808253
2.675980
2.353275
1.924239
1.265160
0.795959
0.478775
0.380328
0.878260
1.492188
2.239042
2.747487
3.304717
3.996413
4.453529
5.137361
6.190932
6.596778
6.999707
7.004567
7.264160
7.452544
7.157446
7.147066
7.069997
6.875249
6.768876
6.489782
6.262623
5.971648
5.663467
5.480557
5.235531
5.180682
5.040649
4.945441
5.050291
5.366877
5.685792
6.160798
6.248778
6.313215
6.632594
6.967229
7.373794
7.687610
8.369766
8.807593
9.772604
10.088666
10.437310
11.002140
11.666066
11.391179
11.679542
11.724012
11.396656
11.348307
10.948613
10.569597
9.980264
9.540157
8.779930
8.242992
7.805661
7.727497
8.114589
8.408058
8.720980
8.692789
8.555241
8.812928
8.846737
8.627393
8.553474
7.893542
7.327942
6.591534
5.988841
5.561634
5.317322
5.653908
5.789430
5.796647
5.919794
6.225146
6.454613
6.691621
7.193567
7.613693
7.722081
7.748203
8.108241
8.355164
8.695562
9.386992
9.914948
10.709357
10.461654
10.157198
10.026854
10.232522
10.108197
10.034530
9.788024
9.420063
9.016190
8.393797
8.038292
7.684217
7.409229
7.331978
7.557614
7.614933
7.375075
7.270269
7.908416
8.823409
9.731964
10.928031
12.088010
12.468228
11.817560
11.430590
10.777729
10.335883
9.963236
8.979911
8.519871
7.635895
7.314204
7.075022
6.671834
6.483916
6.443045
6.695532
6.916127
7.233796
7.901812
8.452076
9.769195
10.785178
11.786502
10.954654
10.183323
9.431506
8.562511
8.004852
7.568837
6.740768
6.216289
5.665893
5.114504
4.360250
3.780167
3.494211
3.539021
3.930533
4.964552
6.114692
7.177469
8.671021
9.310316
10.662709
11.700061
12.028397
12.171852
11.481329
10.606132
9.134728
7.965048
7.344098
6.489258
6.336916
6.086364
5.924059
5.875071
5.934731
6.125853
6.608735
7.197942
7.825174
8.536877
9.061142
9.602460
10.357987
11.259984
12.147027
12.832605
13.820437
14.528984
14.478869
15.031332
15.853994
16.526415
16.674100
15.887945
14.792717
13.454766
12.142941
11.255934
10.630141
10.558255
10.552006
10.563239
11.433734
12.069230
13.056322
13.792715
14.879360
15.787502
15.201094
14.502037
13.593996
12.900942
12.102332
10.801843
9.257048
7.644579
6.452251
5.958335
6.029791
6.210472
6.843809
7.805458
8.811803
9.870980
10.662827
11.900244
13.471748
14.598177
15.836895
16.154187
16.698833
17.300365
18.075748
18.049492
18.054739
18.449261
19.091336
19.486341
20.248529
20.917318
21.994602
23.560072
25.842274
28.590935
30.842539
31.824349
32.113490
33.027733
34.188146
34.031970
33.782826
33.220032
32.441222
32.096313
31.847820
31.681964
31.033988
30.488636
29.953405
29.478211
28.603100
27.981527
27.042246
25.966808
24.967012
23.885524
22.627077
21.584745
21.285678
20.959637
20.631871
20.433584
20.131155
19.517517
18.936806
18.341488
17.576294
16.917235
16.355024
15.801894
15.234912
14.663611
14.224945
13.475449
12.797145
12.844917
12.975927
12.934314
13.227518
13.482158
14.069984
14.491432
13.501280
12.092877
10.653766
9.590918
8.828899
8.447030
7.230682
6.351706
5.868816
5.782784
5.806011
6.408853
6.877053
7.403519
8.331639
9.661668
10.450920
12.069694
13.198364
14.047274
14.723608
15.792999
16.520843
17.604289
18.560349
19.904612
21.434028
23.055868
25.173495
27.297748
28.948004
30.149448
30.858587
31.384802
31.799808
32.637531
33.134320
32.957608
33.169282
33.296920
32.944066
32.331133
31.741000
31.246023
30.636617
30.411428
29.827698
29.310903
28.670886
28.476727
28.278533
27.409750
26.542933
25.571389
24.638887
23.916525
23.121857
22.278478
21.453469
20.610003
19.773875
18.905491
18.672394
18.481476
17.857425
17.319716
17.179042
16.839126
16.682929
16.738019
16.860025
17.075134
17.190619
17.001695
16.200154
15.726672
15.571752
15.284654
15.064496
14.865637
14.787352
14.607934
14.947594
15.328379
15.312778
15.649452
16.001915
16.307569
16.543786
16.739014
17.324882
17.939090
18.979847
20.321858
21.619455
23.119255
24.291394
25.362846
26.506023
27.734071
28.735029
30.086888
30.932488
32.042506
32.848156
33.642860
34.282498
34.234138
33.666192
33.640181
32.945174
32.538143
31.933564
31.476074
30.588056
30.053161
29.701656
28.707327
28.079163
27.369128
26.479981
25.535021
24.416018
23.253299
21.886505
20.985142
20.190356
19.199362
18.378343
17.405228
16.560728
15.461186
14.740577
12.894363
11.101504
.136381
25.276997
24.174458
23.104642
21.853540
20.995159
20.258927
19.149730
18.238795
17.330806
16.532031
15.468804
14.812015
13.136804
11.800482
