0.158992
0.219543
0.409626
0.468661
0.577449
0.684975
0.731857
0.768331
1.047424
1.201119
1.547510
1.741552
2.087527
2.616787
2.741738
2.761557
2.328873
2.173260
2.067870
1.441295
1.025771
1.012078
1.402557
1.872128
2.404008
3.061037
3.716471
4.285721
4.540623
4.666984
4.987450
5.026616
5.130686
5.479414
5.514836
5.873729
5.821780
5.997158
6.228672
6.413568
6.898545
7.199243
7.816137
8.168856
8.544574
8.637945
8.727652
8.997578
9.161978
8.948831
8.852234
8.840883
8.999987
8.370870
8.116955
7.455037
6.900249
6.447322
6.016324
5.645159
4.919479
4.378173
3.956137
3.181080
2.474116
1.795721
1.068808
0.531858
0.433250
0.760978
1.312829
1.891599
2.315235
2.605826
3.062819
3.503525
3.771982
4.176153
4.556606
4.602629
4.328099
4.086786
4.319751
4.173442
3.974393
3.055013
2.477580
1.930058
1.505225
0.965273
0.417805
0.400632
0.800275
1.290187
1.759533
2.398957
2.920220
3.321488
3.886290
4.308198
4.936366
5.694373
5.905064
6.220890
6.649184
6.795183
7.017593
7.684561
8.148722
8.673665
9.129735
9.138613
9.298695
9.337790
9.533234
9.306978
9.148114
9.237183
9.353150
9.646162
9.717968
8.849474
8.402765
7.928169
7.502443
6.897658
6.610190
6.229519
5.629428
5.136935
4.753043
3.878024
3.358672
2.779759
2.076233
1.447381
0.958662
0.565561
0.582014
0.620129
0.711676
0.964733
1.319058
1.621172
2.108824
2.258745
2.135298
1.687895
1.037109
0.750238
0.589319
1.507706
2.323930
2.393493
2.651343
2.967234
3.380988
3.757024
3.948283
4.260159
4.639702
4.874626
5.085152
5.673815
5.919562
6.238337
6.560422
6.942879
7.239573
7.751526
7.987727
7.718648
7.367796
7.554444
7.538760
7.733535
8.051089
8.497819
8.794108
9.031694
8.879994
8.869785
8.775511
8.782085
8.652761
8.355862
7.886526
7.492283
7.107697
6.850768
6.695716
6.620847
6.539732
6.951167
7.386462
7.920003
8.714793
9.268575
10.208678
11.110523
11.549881
12.606179
13.370683
13.997481
14.077713
14.477468
14.388810
14.075954
13.500212
13.280991
12.808952
12.107265
11.685258
11.367627
11.467108
11.232557
10.846860
10.735844
10.611178
10.484756
10.486986
10.297934
10.307287
9.902518
8.759484
8.584970
8.607630
8.777921
8.827643
8.367455
8.469340
8.957748
9.402913
9.645291
9.953529
10.280869
10.563204
10.881454
11.346652
11.503977
11.810877
12.434734
12.888360
13.091258
13.110235
13.449259
13.862834
14.650949
15.226832
15.642857
16.268956
16.737567
16.701085
16.202245
16.092790
15.831653
15.802204
15.716330
14.925638
14.786303
14.184080
13.891352
13.842765
13.595312
13.335478
13.092933
13.054301
12.912265
12.764280
12.705079
12.704632
12.727105
12.582566
12.502399
12.531258
12.570280
12.682801
12.868708
12.862163
12.586809
12.463977
12.454314
12.494454
12.850257
13.443589
13.941571
14.275267
14.673071
15.324678
15.753590
16.154291
16.241185
16.289524
16.139543
16.216688
16.179493
16.343698
16.550799
16.714727
16.958960
16.822100
16.667222
16.456390
15.957581
16.104486
16.231572
15.496827
15.002281
14.218055
13.735893
13.113524
12.669554
11.994516
11.309311
10.451056
9.853960
8.808369
7.903956
7.060041
6.322179
4.861837
3.771734
3.757995
4.117722
4.679857
5.390783
5.894603
6.554395
7.236597
7.864635
8.309600
8.736075
9.330250
9.676584
9.980393
10.393999
10.559283
10.438368
10.261779
10.009176
9.897052
10.140680
9.876659
9.718043
9.489167
9.188677
9.084760
8.942088
9.277723
9.683720
9.956160
10.396543
10.659257
10.813149
11.028035
11.541193
11.579651
11.709552
11.731345
12.192784
12.728075
13.202738
13.955075
13.946794
14.484622
14.903106
15.556172
15.534685
15.550088
15.959278
16.578357
16.947453
17.559286
18.027277
18.627964
18.920254
19.230360
19.663059
19.944032
20.032139
19.442053
18.969403
18.561677
18.034714
17.675272
17.028558
16.733892
16.810870
16.889251
17.011853
16.468817
16.191125
16.058398
16.039171
15.599863
15.457940
15.226614
14.919003
14.694731
14.420283
14.060259
13.859899
13.734857
13.815482
13.824753
13.722629
13.716666
13.247333
12.860649
12.337206
11.894617
11.559731
11.253943
11.016836
11.041765
11.102506
11.262681
11.461679
11.883134
12.502739
13.240550
13.456064
14.195527
14.760222
15.577961
16.211493
15.803278
15.784601
15.581126
15.500579
15.595746
15.764356
15.968750
16.207338
16.418668
16.556879
17.158423
17.934183
18.369944
18.767984
19.229638
19.985786
20.177151
20.826645
21.217294
21.541740
21.674342
22.122799
22.371348
22.705456
23.027351
23.192390
23.299063
23.224312
22.949469
22.591709
22.408641
21.945631
21.519992
21.117236
20.760327
20.756465
20.345213
19.488297
19.386470
19.193504
18.665386
17.955259
17.198501
16.698306
16.052408
15.599429
15.003581
14.625418
14.326837
14.444492
14.543982
14.048468
13.646077
13.337752
12.917947
12.615176
11.974488
11.540831
11.072385
10.675529
10.442168
9.952001
9.649371
9.448994
9.337418
9.517206
9.898819
9.863534
9.801767
10.287254
10.781137
11.379051
11.784497
11.703872
11.317985
11.158118
11.313975
11.578199
12.146731
12.730976
13.498394
14.027044
14.844787
15.787278
16.559764
17.264703
18.007250
18.596653
18.773984
18.788221
19.282122
19.616902
19.797270
19.930404
19.957287
19.925379
19.669969
19.533237
19.661759
19.518401
19.394512
19.421591
19.302772
19.462713
19.581349
19.744531
20.079754
20.097774
19.689474
19.680096
19.266094
19.059520
18.424493
17.973319
17.182547
16.586179
16.212426
15.499360
15.118979
14.758864
14.372187
14.046568
13.755673
13.370069
12.802392
12.492961
12.220864
11.894539
11.667038
11.555496
11.500574
11.356826
11.276988
10.862016
10.446172
10.736941
10.974291
11.396979
11.503521
11.871598
11.760044
11.872922
