2.071456 1.967887
2.091334 1.975217
2.106706 1.996687
2.057678 1.988164
2.032350 1.997133
2.002925 2.084185
1.946742 2.157692
1.825184 2.196898
1.822165 2.271985
1.827975 2.287678
1.804267 2.333045
1.823252 2.472353
1.889995 2.615012
1.985413 2.684718
2.018158 2.630052
2.323475 2.891667
2.900047 3.271843
3.492141 3.921255
3.736183 4.249949
4.058032 4.400666
4.155660 4.538161
4.386376 4.789776
4.535072 4.919161
4.731034 5.082029
4.930155 5.396476
5.170393 5.646715
5.372733 5.898327
5.428924 5.989599
5.478193 6.084010
5.474045 6.092512
5.441758 6.050625
5.366639 6.104739
5.421045 6.086690
5.407932 6.104003
5.449069 6.069285
5.365422 6.033037
5.175898 5.834544
5.167649 5.654039
5.077108 5.630402
5.014870 5.515042
4.956735 5.268302
5.127678 5.344318
5.675825 5.804359
6.072386 6.233982
6.338177 6.466988
6.552172 6.572298
6.750803 6.717535
7.492508 7.244945
8.167852 7.721931
8.862321 8.136608
9.595142 8.749833
10.234218 9.118301
10.669902 9.413581
10.939591 9.570913
11.128106 9.733260
11.174594 9.779906
11.225588 9.804995
11.366212 9.841427
11.396903 9.851574
11.301865 9.754026
11.217285 9.628052
11.124759 9.642994
10.991601 9.650316
10.631297 9.284606
10.045890 9.002997
9.268304 8.476467
8.324261 7.676060
7.235117 6.790555
5.996889 5.623802
4.962712 4.459886
4.265060 3.426776
3.369691 2.755767
2.752128 2.295200
2.530187 2.183866
2.504898 2.216041
2.414207 2.121399
2.520198 2.299920
2.676502 2.472774
3.128768 2.948454
3.375120 3.123572
3.747582 3.489764
4.280354 4.162003
4.440743 4.447041
4.280676 4.516419
4.172109 4.514267
4.108543 4.410112
3.927980 4.184496
3.749849 4.050956
3.571700 3.894310
3.203570 3.669926
3.057276 3.473361
3.183634 3.574938
3.219741 3.639622
3.160600 3.622141
3.193436 3.586699
3.219639 3.482969
3.229968 3.429441
2.981896 3.198958
2.799015 3.018416
2.624625 2.774600
2.399665 2.697964
2.114397 2.505283
2.017121 2.319470
1.990427 2.209323
2.218101 2.336852
2.286596 2.317706
2.694452 2.649575
3.198630 3.030997
3.594880 3.344431
3.868323 3.525085
4.020851 3.568078
3.952164 3.520543
3.906315 3.449216
3.801830 3.375339
3.811098 3.398497
4.012201 3.560094
4.903169 4.313269
5.411438 4.887521
5.611804 5.017811
5.750263 5.184412
5.776049 5.223655
5.717950 5.169933
5.543603 5.031071
5.362169 4.934867
5.168201 4.734909
4.990017 4.597085
4.629507 4.516821
4.316228 4.253626
4.148441 3.980588
4.001871 3.704516
3.595772 3.491607
3.125678 3.158466
2.686303 3.011789
2.279794 2.724438
2.086688 2.566017
1.812833 2.444684
2.150091 2.912120
2.442148 3.333289
2.858175 3.880349
3.318970 4.519206
3.625189 4.863829
3.747383 4.968914
3.870930 5.152999
3.949536 5.307989
4.006787 5.267414
4.044853 5.216255
4.084079 5.358898
4.221567 5.458670
4.319985 5.487016
4.400430 5.568484
4.295616 5.390394
3.852123 4.832690
3.700133 4.494714
3.356871 3.844339
3.247208 3.533027
2.965441 3.231965
2.897938 3.127194
2.884353 3.108885
2.839723 3.181264
2.901901 3.130579
2.852613 3.104986
2.852576 3.106523
2.836762 3.020929
2.810298 2.947324
2.889881 2.811351
2.836255 2.806246
2.903283 2.880464
2.965738 2.874018
3.127506 3.044360
3.323387 3.208072
3.479888 3.409194
3.607930 3.492565
3.473664 3.581565
3.193487 3.376745
3.040012 3.231352
2.937835 3.001234
2.869686 2.812669
2.885560 2.869350
2.900488 2.873361
2.851542 2.804200
2.681754 2.713113
2.762033 2.743865
2.842280 2.897268
2.793225 2.889772
2.651228 2.721035
2.644535 2.874311
2.685743 3.087186
2.825560 3.228427
2.881944 3.232281
2.911394 3.272574
2.944945 3.219043
2.881921 3.241297
3.068459 3.453019
3.526776 3.893757
4.227478 4.417733
4.847937 4.764294
5.468460 4.978017
5.920428 5.370684
6.092554 5.929340
6.180097 6.612578
6.143089 7.168213
6.018418 7.541274
5.785177 7.254652
5.549046 6.988557
5.577597 6.899259
6.059400 7.427422
6.517193 7.910577
6.858558 8.042240
6.969500 7.742033
6.639640 6.978946
6.057048 6.052988
5.720536 5.476468
5.216958 4.896356
4.501887 4.189868
4.007324 3.662120
3.426727 3.405966
3.117131 3.068522
2.781428 2.837017
2.501855 2.637914
2.111142 2.395424
1.854019 2.371557
1.738186 2.334963
1.818133 2.252275
1.714091 2.202353
1.658965 2.264133
1.674706 2.155729
1.665314 2.161062
1.723248 2.262522
1.839770 2.357423
1.878610 2.321150
2.605549 2.966091
3.251035 3.643517
3.613322 3.935614
3.769990 4.031230
3.876618 4.061096
3.994484 4.137407
3.975987 4.119687
3.843237 3.977562
3.640293 3.925324
3.436031 3.945622
3.604770 4.232742
4.202228 4.745538
4.936480 5.240803
5.287380 5.335852
5.418114 5.443149
5.590419 5.413669
5.636432 5.348746
5.600562 5.389829
5.578833 5.339066
5.700497 5.334324
5.866117 5.460679
6.303023 5.676689
6.433818 5.715536
5.958016 5.361949
5.707194 5.059533
5.507294 4.725843
5.353848 4.491794
5.329890 4.490156
5.297773 4.447520
5.121072 4.351136
4.624808 4.185314
4.068196 3.880354
3.695347 3.735435
3.114124 3.615244
2.686327 3.439527
2.184809 3.226251
1.907525 3.009404
1.682716 2.814922
1.558291 2.670996
1.575819 2.591628
1.698050 2.666787
2.160483 3.073865
2.589283 3.700815
3.049674 4.313705
3.502726 4.744580
5.568377 6.760254
7.226610 8.237644
8.072343 9.246698
8.505425 9.966651
8.764785 10.327593
8.863125 10.622419
8.760367 10.610630
8.538764 10.349793
8.075336 9.707980
7.397290 9.030378
6.412936 8.098713
6.151145 7.862170
6.398441 7.984988
6.716566 8.228456
6.817306 8.267229
6.809166 8.147696
6.731794 7.929161
6.652621 7.589062
6.690178 7.406663
6.629349 6.839605
6.393583 6.088464
6.028844 5.966157
5.853845 6.619309
5.995374 7.343359
5.620692 7.288286
5.081099 7.078560
4.556904 6.869639
3.714655 6.517832
3.153836 6.002970
2.414082 5.505172
2.066345 4.870341
1.990618 4.266693
1.846697 3.806137
2.012404 5.019241
2.298422 6.058782
2.592237 6.221473
2.816934 5.594273
2.894371 4.804361
2.952169 4.102575
2.975012 3.782088
3.092908 3.635915
3.162052 3.502243
3.281019 3.386549
3.375679 3.268522
3.499434 3.234876
3.605830 3.190415
3.633378 3.095079
3.551795 3.053846
3.437723 2.763388
3.387953 2.703805
3.414280 2.667673
3.603140 2.768376
3.380258 2.774986
3.176690 2.835785
3.065900 2.961268
2.982252 3.016917
3.174330 3.273887
3.657843 3.699286
4.360465 4.213788
5.132502 4.703940
5.833416 5.203720
6.672330 5.660135
7.244239 6.153263
7.745511 6.820655
8.134479 7.465366
8.552290 8.006474
8.985350 8.818760
9.208667 9.171885
9.210421 9.531751
9.332318 10.022128
9.555861 10.574890
9.758380 11.112301
9.723697 11.402206
9.257350 10.661098
7.975493 8.651044
5.996335 6.214409
4.692290 4.603411
3.492771 3.487631
3.486560 3.382332
3.431935 3.477200
3.278401 3.524278
2.673223 3.116194
2.518248 3.052997
2.195899 2.951930
2.153961 2.749388
1.888327 2.878859
1.861403 2.425459
1.970203 2.440243
1.922420 2.285488
1.929231 2.234429
1.802949 1.749923
1.938972 1.917403
1.823959 1.861397
1.721285 1.773705
1.644922 1.757990
1.610175 1.795288
1.644958 1.960166
1.788455 2.330278
1.838137 2.728662
2.192225 3.169429
2.775340 3.629548
2.569096 3.970907
2.186590 4.128389
1.889173 4.147992
1.801636 4.086512
2.111042 4.123148
2.376963 4.308955
2.473783 4.377282
2.481164 4.291907
2.494889 4.278184
2.533105 4.411890
2.507848 4.465095
2.567030 4.522246
2.650783 4.668271
2.757776 4.632328
2.689130 4.036885
2.661863 3.708065
2.724098 3.411623
2.770381 3.355170
2.972445 3.428414
3.158017 3.419691
3.408992 3.550127
3.747946 3.721115
4.127354 3.807973
4.333565 3.894019
4.460384 3.913111
4.499079 3.966937
4.289025 3.596425
3.963786 3.331421
3.656354 3.089174
3.496493 2.729984
3.047621 2.596876
2.723305 2.398787
2.598462 2.299057
2.372305 2.108250
2.396797 2.146602
2.454253 2.197550
2.473549 2.212427
2.481194 2.221927
2.500088 2.275729
2.495005 2.333549
2.445502 2.556169
2.495763 3.109683
2.448846 3.578974
2.381690 3.651014
2.340947 3.623089
2.386156 3.568453
2.174543 3.250637
2.041734 2.948956
1.947338 2.770652
1.831108 2.571522
2.238304 3.588270
2.087394 4.224915
2.036559 4.494656
1.969952 4.435921
1.935848 4.296228
1.873754 4.095473
1.958006 4.254898
2.016826 4.153866
2.125923 3.976065
2.220950 3.751590
2.466994 3.618638
2.600474 3.463719
2.727953 3.336120
2.775520 3.367840
2.981560 3.453193
3.132285 3.777901
3.175629 3.753194
3.279602 3.868292
3.316648 3.780617
2.769392 3.310703
2.277510 2.797283
1.918712 2.482399
1.835928 1.926880
1.771165 1.817030
1.371210 1.464527
1.395298 1.507428
1.573055 1.765159
1.683240 2.173747
1.753474 2.768919
1.831484 3.164406
1.764850 3.277206
1.619827 3.268900
1.835296 3.503850
2.222834 3.768404
2.351822 3.982656
2.381322 4.135204
2.251200 4.155389
2.169158 4.163314
2.116858 4.080319
2.106334 4.034281
2.034083 3.994248
2.096877 4.029775
2.184892 4.034546
2.239623 4.081177
2.334939 4.148021
2.438390 4.352867
2.538461 4.449497
2.640883 4.579912
2.799236 4.661331
2.951712 4.542299
3.009707 4.580475
2.989495 4.517867
2.973708 4.444618
2.968374 4.250496
2.995487 4.160487
2.901546 4.075672
2.859014 4.101454
2.915663 4.040873
2.997922 3.852053
3.085823 3.767967
3.176381 3.792504
3.167951 3.733313
3.182323 3.749868
3.140047 3.757120
3.129404 3.726610
3.308626 3.758676
3.386154 3.688388
3.577659 3.764732
3.732986 3.757863
3.415320 3.528794
3.308082 3.433246
3.186340 3.260252
3.233096 3.274217
3.189860 3.149915
3.472150 3.287459
3.503353 3.336188
3.406197 3.184518
3.301844 3.234634
3.076494 3.362303
2.851183 3.476890
2.481326 3.659209
2.489319 3.762791
2.355841 3.512245
2.384571 3.189937
2.294974 2.896830
2.366792 2.674039
2.321577 2.423779
2.257930 2.121852
2.454616 2.115839
2.629209 2.195433
2.801611 2.255648
3.181882 2.510044
3.019037 3.242489
2.299135 3.764039
1.855811 3.954914
1.775703 3.928694
1.703712 3.856666
1.673005 3.811792
1.702196 3.719924
1.766916 3.831376
1.734629 3.975703
1.787067 4.211505
1.853276 4.361001
2.025683 4.533166
2.215482 4.791535
2.371807 5.032691
2.538070 5.151912
2.599523 5.188633
2.466931 5.202038
2.397213 5.261227
2.288133 5.210976
2.245881 5.135179
2.311997 5.137059
2.375839 5.274716
2.422740 4.889537
2.412604 4.523637
2.328141 4.017854
2.280854 3.534066
2.156650 3.194808
2.145934 2.953600
2.264738 2.877010
2.367673 2.791769
2.647375 2.965079
2.800925 3.069225
2.870888 3.025462
2.922974 3.077921
2.846705 3.063402
2.783444 3.018473
2.667843 2.959807
2.587039 2.989929
2.533569 2.928076
2.361496 2.826716
2.463285 2.865900
2.440073 3.218356
2.620100 3.498475
