0.339197
0.398006
0.600430
0.649469
0.722507
0.862532
0.837592
0.809371
1.005818
1.098456
1.376304
1.450243
1.711885
2.079090
2.089939
2.045705
1.579407
1.414446
1.703202
1.532339
1.443345
1.713830
2.062116
2.443722
2.843781
3.511683
4.027620
4.415966
4.701974
4.902687
5.157461
5.349709
5.604135
5.907462
5.935599
6.141730
6.085018
6.328704
6.591570
6.782845
7.178489
7.478918
8.094482
8.332093
8.775750
8.943557
9.135742
9.433693
9.532529
9.355013
9.126934
8.976916
9.045838
8.440366
8.099797
7.586752
7.063045
6.693039
6.290970
5.896606
5.315862
4.991850
4.765108
4.097961
3.650125
3.100413
2.365993
1.698339
1.025058
0.694198
0.878590
1.484886
1.970530
2.493309
3.178027
3.553758
3.910378
4.506700
4.821615
4.736902
4.448982
4.227471
4.753390
4.907548
4.802374
4.152608
3.786859
3.396406
3.043035
2.712775
2.482927
2.372859
2.418502
2.621713
2.864842
3.261422
3.685452
4.012363
4.620374
4.889796
5.330897
5.588215
5.759199
6.164096
6.803568
7.113753
7.407420
8.036802
8.323840
8.668444
8.916233
8.784797
8.898400
8.961743
9.120431
8.956628
8.720275
8.594308
8.703919
8.914714
9.135221
8.609653
8.253989
7.838681
7.684371
7.330278
7.124720
7.001300
6.628034
6.441413
6.150049
5.665082
5.313832
4.838085
4.487900
4.138140
4.146998
4.173379
4.186890
4.299865
4.380913
4.576226
4.795851
5.075379
5.421588
5.728032
5.783668
5.315901
4.863318
4.579348
4.599542
6.054385
7.388971
8.035658
8.316710
8.760699
8.929688
9.060578
9.223867
9.233260
9.466495
9.572746
9.722457
9.952712
9.923063
9.983781
10.089103
10.238776
10.468730
10.911411
11.044001
11.116700
11.392931
11.727211
12.036561
12.465090
12.773390
13.532018
14.134388
14.009794
13.671117
13.324816
12.975532
12.660331
12.818330
13.648969
14.594067
15.481507
16.083041
16.797959
17.138487
17.664067
17.957517
18.471203
18.835644
19.202474
19.956449
21.089306
22.659912
24.274456
25.335196
26.531378
27.223160
27.694865
27.873187
27.954851
27.884468
27.417703
26.846599
26.415875
26.099854
25.333248
24.737943
24.252313
23.753193
23.241281
22.648750
22.161418
21.726949
21.046369
20.529456
20.255307
20.029674
19.214032
18.101548
17.722709
17.232202
16.853495
16.356835
16.457111
17.868201
18.873229
19.428738
19.914597
20.221200
20.460076
20.683372
20.768958
21.136667
21.308082
21.499170
21.968963
22.534828
22.603399
22.672533
23.093955
23.494734
24.192374
24.708285
25.050950
25.580841
25.945672
25.588724
24.869633
24.644747
24.355194
24.059595
23.774168
22.811190
22.154688
21.017529
20.391220
19.926905
19.484195
19.017455
18.579504
18.001532
17.684994
17.379843
16.832804
16.409282
16.299272
16.041810
15.866177
16.072248
17.045061
17.720704
18.321687
18.789080
19.010281
19.284734
19.244780
19.453547
19.745992
20.134960
20.541370
20.809822
21.208396
21.981470
22.548512
23.046494
23.440158
23.884122
24.205332
24.589392
24.923969
24.757825
24.571782
24.374033
24.455761
23.856130
23.569116
22.865345
22.029851
21.741945
21.655891
20.815186
20.200048
19.824022
19.777953
19.170227
18.850595
18.629274
18.237020
17.949917
17.765850
17.367438
16.858290
16.445369
16.180354
15.804441
15.661363
16.149235
16.851209
17.296568
17.849452
18.335568
18.743374
19.110410
19.357079
19.388699
19.425845
19.725716
20.053624
20.319458
20.844396
21.703480
22.209530
22.910320
23.771670
25.299926
26.770593
27.000298
26.731736
26.517782
26.431575
26.239886
25.968130
25.675122
25.591238
25.771437
26.383563
26.639936
27.338898
28.031053
28.873710
28.898710
28.748800
28.527015
28.662016
28.398072
27.922875
27.703455
26.903089
26.547391
26.012954
25.591918
24.778289
24.135892
23.900555
23.391322
23.382143
23.947730
25.130746
27.746867
32.804896
37.759536
41.546164
43.946859
44.827387
45.259411
45.730557
46.328187
46.275985
46.011764
45.497719
45.092323
45.060209
44.968446
44.985305
44.425961
44.069994
43.699319
43.352277
42.804629
42.436705
42.060200
41.656847
41.250979
40.784088
40.425275
40.006974
40.051592
40.065666
40.075666
40.253309
40.283857
39.823468
39.316275
38.930549
38.321506
37.914171
37.538012
37.181176
36.683483
36.270604
36.068535
35.691983
35.144656
35.091633
35.290808
35.004263
34.992727
35.105021
35.365566
35.508896
34.898484
34.349620
33.907298
33.449877
33.179504
33.060207
32.904923
32.274456
31.831111
31.498489
31.316224
31.316393
31.245493
31.099526
30.814641
30.915652
30.641701
31.416652
31.790189
31.953418
31.863376
32.336893
32.443654
32.817088
32.913951
33.750236
35.416143
37.578985
40.464650
42.889595
44.711065
45.979190
46.729692
47.165869
47.447335
48.151223
48.545158
48.083399
48.323702
48.348328
47.951143
47.338040
46.694860
46.158239
45.559793
45.277976
44.689607
44.113371
43.674874
43.848989
43.870709
43.137784
42.657464
42.180153
41.754825
41.395292
40.809887
40.279609
39.768461
39.309894
38.898921
38.176257
37.943029
37.504710
37.103056
36.848143
36.851862
36.878454
37.054053
37.144734
37.221383
37.392527
37.506723
37.221584
37.108180
37.054060
37.179102
37.393926
37.645190
37.825126
38.234481
38.374403
38.774390
39.443546
39.772979
40.241170
40.736418
41.135820
41.228327
41.352081
41.775763
42.317627
42.914126
43.497848
43.987195
44.786430
45.256175
45.810748
46.568618
47.113499
47.671965
48.433390
48.857689
49.472858
49.987354
50.328220
50.717507
50.702727
50.343570
50.250800
49.955963
49.743851
49.209722
48.844463
48.146171
47.656053
47.342181
46.668957
46.343295
45.955976
45.436165
44.963067
44.515015
44.059794
43.472989
43.024227
42.524950
41.879047
41.390986
41.024645
40.544188
39.763661
39.327469
37.907833
36.165730
031
