1.960931 2.068234
1.972032 2.083399
1.988955 2.146128
2.024454 2.219326
2.052631 2.308240
2.116367 2.447807
2.176894 2.586926
2.237985 2.743785
2.306352 2.951093
2.382467 3.140141
2.492357 3.358138
2.611224 3.568993
2.747030 3.821870
2.919537 4.097641
2.976118 4.131018
2.910348 4.037548
2.950365 4.043430
3.232925 4.165826
3.280662 4.170749
3.352760 4.210771
3.339560 4.173678
3.373575 4.203283
3.419192 4.240469
3.519011 4.315925
3.694027 4.435218
3.873280 4.547175
4.032024 4.671420
4.230329 4.835448
4.424489 4.972007
4.677129 5.137318
4.925635 5.343429
5.162932 5.478823
5.371143 5.625117
5.624303 5.794403
5.891045 5.933235
6.068507 6.095052
6.336486 6.283702
6.547985 6.450458
6.726431 6.641928
6.930629 6.862373
7.166931 7.049210
7.354203 7.182761
7.565564 7.347014
7.798317 7.529422
7.893347 7.594151
7.912654 7.594415
7.984169 7.583824
8.027303 7.623978
8.060372 7.662692
8.161996 7.780137
8.149531 7.744993
8.156617 7.678627
8.148770 7.629388
8.137812 7.617579
8.090855 7.528165
8.064376 7.470909
7.957452 7.441032
7.975799 7.478132
7.951871 7.550528
7.840178 7.523500
7.789742 7.439919
7.746934 7.367236
7.699350 7.353864
7.813650 7.466358
7.916791 7.574618
8.028319 7.829362
8.175073 7.965399
8.325429 8.136951
8.489899 8.288906
8.644258 8.444225
8.783594 8.601040
8.849541 8.676103
8.972785 8.817151
9.100856 8.836550
9.222481 8.925357
9.221313 9.017702
9.403050 9.176802
9.573733 9.296085
9.679822 9.412340
9.647452 9.359027
9.542376 9.309793
9.671210 9.484572
9.888252 9.693028
9.924121 9.852370
9.953192 9.894530
9.865829 9.847798
9.829809 9.818335
9.806821 9.785349
9.793561 9.769354
9.803830 9.800857
9.819102 9.858685
9.862943 9.959573
9.900224 10.049885
10.045391 10.175921
10.094949 10.264483
10.212186 10.441979
10.276608 10.558890
10.315030 10.644500
10.370707 10.740094
10.426529 10.825636
10.483481 10.844454
10.461511 10.824378
10.533970 10.949407
10.407397 10.857712
10.463400 10.920429
10.548788 11.019616
10.550602 11.106418
10.568855 11.183155
10.679444 11.310890
10.730715 11.342353
10.852560 11.312416
10.724426 11.238410
10.644519 11.156627
10.472984 10.986942
10.437942 10.939545
10.409305 10.916822
10.328186 10.558021
10.147081 10.221207
10.055096 9.837726
9.687136 9.391588
9.454790 9.059657
9.235031 8.755443
9.159593 8.522651
8.980036 8.295621
8.520863 8.198020
8.405515 7.992184
8.196363 7.794390
8.138352 7.716230
7.866440 7.432416
7.795564 7.240652
7.710977 7.186993
7.725895 6.872181
7.845351 6.957567
8.011721 7.110992
8.150456 7.226429
8.293030 7.374927
8.432683 7.501404
8.551146 7.588603
8.601368 7.726580
8.729676 7.880927
8.848355 8.026330
8.804578 8.165140
8.898941 8.180793
9.075847 8.300157
9.119848 8.461729
9.156250 8.520188
9.056898 8.273374
8.888931 8.159700
8.396205 7.780606
8.538672 8.137469
8.670856 8.578019
9.012275 8.821487
9.205457 9.005231
9.060799 8.963736
8.980002 8.781201
9.025296 8.791696
8.925518 8.737522
8.968924 8.561488
9.015564 8.573900
9.059504 8.630030
9.142665 8.713529
9.258425 8.829766
9.422652 8.938052
9.536763 9.039957
9.673709 9.099645
9.795605 9.160022
9.944566 9.236754
10.014416 9.200849
10.021407 9.207428
10.037800 9.256192
10.142045 9.313958
9.994449 9.208172
9.771142 9.103237
9.639593 8.841138
9.239748 8.585446
8.904455 8.422922
8.695236 8.320526
8.603535 8.243282
8.439151 8.159485
8.041775 8.106873
7.703426 7.461828
7.441833 7.044140
6.847312 6.356077
6.851629 6.208612
6.414310 5.986399
6.233712 5.604858
5.886580 5.167301
5.683189 4.941790
5.500008 4.614629
5.228159 4.289187
4.685689 4.076988
4.336334 3.989266
4.100170 3.989520
4.215226 4.044873
4.311321 4.128588
4.284532 4.225431
4.396769 4.270326
4.584382 4.465489
4.600552 4.605579
4.719067 4.755091
4.843242 4.849116
5.037523 5.001918
5.329454 5.434515
5.697434 5.787496
6.164560 6.121414
6.380597 6.242748
6.512914 6.470698
6.595289 6.644263
6.733772 6.761802
6.794582 6.962817
6.858691 7.071480
6.944324 7.172734
6.897333 7.214374
6.919211 7.270117
6.974927 7.316655
7.050110 7.450934
7.141335 7.549832
7.243673 7.625743
7.334101 7.711416
7.438470 7.797317
7.568559 7.896341
7.672950 7.952574
7.799906 7.984222
7.829697 7.978946
7.767104 7.938057
7.756630 7.915194
7.661691 7.805392
7.515582 7.607929
7.352150 7.619980
7.236039 7.601484
6.930551 6.957512
6.639885 6.517880
6.281407 6.068518
6.234949 6.000846
5.852255 5.556671
5.271559 5.138945
5.001956 4.853810
4.907666 4.627027
4.954727 4.658490
5.038474 4.750301
5.176787 4.857594
5.226957 4.922051
5.453931 5.089159
5.463987 5.159977
5.570794 5.229631
5.639104 5.279492
5.664741 5.304973
5.757688 5.420065
5.908627 5.573908
6.032281 5.850862
6.226985 5.989553
6.356378 6.108775
6.435482 5.923412
6.407373 5.767488
6.199505 5.594298
6.017853 5.223568
5.909001 5.038502
5.920112 5.067312
6.084167 5.307814
6.109026 5.378124
6.171117 5.478046
6.194550 5.492216
6.243680 5.519664
6.249918 5.562824
6.332057 5.617356
6.398117 5.649570
6.542816 5.560396
6.591349 5.640698
6.698634 5.704758
6.574677 5.759513
6.638520 5.798167
6.630081 5.640792
6.702682 5.580600
6.529221 5.368835
6.350355 5.396627
5.875738 4.829715
5.561677 4.535021
5.258976 4.056384
4.832885 3.909749
4.533008 3.531156
4.376160 3.539220
4.304007 3.471337
4.387652 3.479427
4.532473 3.710621
4.747849 4.045244
4.914139 4.239073
5.089426 4.435780
5.250763 4.620580
5.312218 4.811011
5.376381 4.881054
5.362885 4.922814
5.328875 4.911798
5.312014 4.925096
5.595916 5.238598
5.733946 5.334060
5.902250 5.374133
5.958385 5.239851
5.972471 5.057383
6.168921 4.958081
5.944153 4.693292
5.380666 4.122639
4.938678 3.753425
4.777921 3.582798
5.152913 3.857871
5.126920 3.964755
5.152826 4.035541
5.258776 4.127171
5.254082 4.183996
5.294254 4.264198
5.310905 4.357884
5.396042 4.504316
5.501864 4.646980
5.577586 4.768569
5.684406 4.875373
5.772610 5.013809
5.919378 5.100734
6.072192 5.178384
6.072127 5.071409
6.229960 5.012198
6.150400 4.832670
6.050028 4.418467
5.761389 4.264948
5.286089 3.958907
4.799372 3.715340
4.492282 3.432212
4.249000 3.288358
4.227389 3.102477
4.200963 3.104873
4.120632 3.253972
4.223772 3.438532
4.268528 3.613135
4.358978 3.797897
4.524003 3.985890
4.663739 4.111736
4.783771 4.198082
4.952102 4.352902
5.138258 4.490532
5.095275 4.529661
5.147847 4.629223
5.332704 4.819692
5.545612 4.692388
5.651441 4.380321
5.289001 3.646504
3.899621 2.850993
2.884559 2.232219
2.766274 2.394229
2.889141 2.794481
3.095064 3.091676
3.297927 3.371160
3.495131 3.582420
3.619211 3.755663
3.778702 3.992024
3.969123 4.088816
4.251541 4.248403
4.577050 4.463164
4.948565 4.720992
5.083946 4.643222
5.206344 4.365346
5.427978 4.304065
5.669077 4.158711
5.879716 4.239064
6.056938 4.084867
6.205404 4.084499
6.232658 4.088354
6.286304 4.117085
6.288016 4.098241
6.338308 4.101646
6.254973 4.088648
6.110628 4.096793
6.039914 4.056800
5.950573 4.031632
5.857015 3.836855
5.754381 3.818245
5.671070 3.831307
5.690843 3.742694
5.663769 3.784518
5.812189 3.971638
6.106464 4.359718
6.218347 4.588523
6.374760 4.781334
6.567954 5.128478
6.789328 5.344220
6.965660 5.502711
7.059556 5.570499
7.091271 5.652743
7.138137 5.767810
7.128193 5.826610
7.209474 5.883401
7.309280 5.948282
7.347167 6.038405
7.365493 6.090474
7.376371 6.136410
7.370554 6.195287
7.406259 6.283126
7.415030 6.376014
7.473913 6.436827
7.267827 6.452053
7.223155 6.475512
7.194065 6.497955
7.140755 6.387420
7.068362 6.281532
6.988994 6.265976
6.790174 6.233543
6.519998 5.963329
6.558694 5.836169
6.356289 5.545483
6.222743 5.284685
5.760573 5.055888
5.196538 4.593569
4.894137 4.380949
4.600012 4.218967
4.268835 4.025088
4.141372 3.880933
3.962310 3.562471
3.911781 3.509239
3.880598 3.283536
3.828936 3.292161
3.971921 3.395827
4.108693 3.648417
4.231356 3.806503
4.502620 4.110337
4.807586 4.471214
4.922006 4.599640
5.099072 4.582832
5.387124 4.441659
5.290548 3.872590
5.009497 3.305528
3.954922 2.634320
2.965420 2.333443
2.668204 2.146952
2.897791 2.484474
3.013993 2.708166
3.229774 3.013659
3.524828 3.300859
3.851838 3.483663
4.041560 3.640578
4.348820 3.811273
4.624305 3.936760
4.941772 4.114779
5.192460 4.193079
5.318334 4.294778
5.632142 4.328092
5.980705 4.400908
6.218490 4.478872
6.442651 4.464576
6.694105 4.591724
6.920971 4.666462
7.060119 4.737339
7.059167 4.832634
7.200340 4.988718
7.254739 5.164130
7.334711 5.401974
7.434396 5.473133
7.623435 5.686175
7.923888 6.010845
8.180988 6.250792
8.423569 6.316178
8.534575 6.389719
8.672746 6.583352
8.819684 6.821167
8.861996 7.062503
9.111937 7.194184
9.208878 7.310715
9.298475 7.442151
9.333509 7.534625
9.419718 7.636244
9.438527 7.713159
9.431142 7.795768
9.478366 7.879480
9.499937 7.934479
9.537575 8.010244
9.573384 8.110697
9.510959 8.146404
9.499671 8.150926
9.282445 8.030684
8.979397 7.916609
8.850047 7.749688
8.539677 7.576514
8.376553 7.260596
8.130706 6.832144
7.509772 6.436295
7.156903 6.133546
6.347048 5.889316
5.748698 5.476451
5.462471 4.914834
5.116555 4.570451
5.081430 4.572021
5.111410 4.655698
4.870019 4.704968
4.851313 4.713478
4.813423 4.678740
4.840887 4.650388
4.861299 4.646860
5.034179 4.693392
5.170821 4.916077
5.121915 4.782407
5.069537 4.741752
5.182576 4.821486
5.375845 4.988106
5.474193 5.111979
5.370210 4.770001
5.237261 4.717412
5.258554 4.778888
5.165322 4.782077
5.034842 4.789063
4.903724 4.822974
4.987261 4.833949
5.035352 4.845514
5.104765 4.853762
5.273528 4.633001
5.442650 4.623079
5.407425 4.493024
5.515743 4.402688
5.499546 4.145746
5.385109 3.791082
5.219205 3.766232
5.127623 3.699600
5.087373 3.684636
5.060046 3.497569
5.022718 3.597579
5.036164 3.632209
5.027911 3.701788
5.108067 3.788334
5.095616 3.909460
5.067540 4.042253
5.025708 4.177450
5.061818 4.176711
5.131715 4.385309
5.112680 4.472411
5.258015 4.554426
5.454131 4.650528
5.655677 4.827439
5.746426 4.908326
5.786270 4.910471
5.641972 4.797665
5.654082 4.763609
5.566082 4.631468
5.465993 4.586528
5.367218 4.502495
5.361759 4.573827
5.380171 4.658152
5.313845 4.636124
5.355757 4.715239
5.469860 4.858603
5.555683 4.928085
5.583471 4.921672
5.681597 4.753602
5.765116 4.702814
5.601304 4.368208
5.450090 4.035995
5.513279 3.943976
5.508069 3.952078
5.396452 3.823207
5.467817 3.791886
5.435061 3.768016
5.381763 3.877052
5.444611 3.932795
5.462413 4.102696
5.453287 4.248014
5.730538 4.741789
6.115128 5.312363
57315 2.953662
3.227043 3.158467
3.297986 3.356068
3.640655 3.672078
4.210669 4.284594
4.636518 4.813461
