20
2570
2650
2680
2730
2780
2820
2870
2920
2980
3010
3090
3150
3180
3250
3280
3330
3390
3450
3510
3530
3610
3650
3690
3780
3820
3890
3960
4020
4050
4110
4180
4280
4320
4440
4490
4510
4580
4650
4700
4770
4820
4780
4850
4920
5000
5110
5180
5240
5320
5350
5420
5500
5580
5700
5770
5810
5880
6000
6080
6120
6190
6330
6410
6460
6600
6690
6760
6860
6930
7150
7220
7230
7270
7400
7450
7550
7640
7870
7960
7960
8020
8130
8210
8310
8390
8650
8730
8720
8790
8910
9030
9120
9250
9550
9660
9580
9680
9830
9870
1730
2570
2620
2650
2720
2750
2830
2870
2920
2950
3010
3060
3130
3170
3210
3270
3360
3370
3410
3470
3520
3580
3640
3700
3780
3830
3880
3960
3990
4050
4110
4190
4270
4320
4390
4490
4530
4590
4680
4720
4800
4870
4950
5070
5120
5210
5300
5360
5480
5490
5560
5640
5740
5810
5810
5900
5980
6050
6180
6220
6310
6400
6490
6590
6690
6790
6880
6960
7100
7190
7280
7370
7520
7590
7720
7760
7850
7950
8060
8150
8270
8280
6660
5750
5770
5790
5860
5920
5960
6000
6070
6160
6190
6220
6330
6380
6450
6500
6600
6670
1210
1690
1720
1760
1800
1820
1840
1880
1900
1940
1960
2010
2040
2080
2120
2150
2180
2230
2260
2310
2340
2380
2410
2440
2500
2540
2560
2620
2650
2690
2730
2780
2800
2860
2890
2960
3000
3040
3080
3120
3170
3210
3250
3320
3350
3410
3460
3510
3550
3610
3660
3700
3730
3770
3810
3870
3920
3970
4020
4070
4120
4180
4220
4280
4350
4390
4440
4500
4560
4620
4670
4740
4790
4860
4920
4970
5040
5080
5140
5210
5280
5360
5400
5450
5540
5580
5640
5710
5800
5870
5950
6060
6060
6120
6170
6270
6330
6420
6470
6520
1190
1670
1710
1740
1770
1800
1830
1870
1890
1940
1960
2010
2030
2070
2100
2130
2180
2200
2240
2280
2320
2360
2400
2420
2480
2500
2550
2590
2620
2670
2710
2740
2790
2840
2870
2930
2950
3000
3050
3080
3140
3170
3230
3260
3320
3360
3410
3450
3500
3550
3600
3650
3690
3770
3790
3850
3900
3950
3990
4060
4120
4150
4200
4260
4320
4360
4420
4470
4560
4590
4640
4710
4760
4820
4870
4920
5000
5050
5110
5170
5230
5300
5340
5410
5490
5550
5590
5670
5750
5810
5870
5980
6020
6060
6140
6200
6260
6340
6400
6470
1160
1680
1700
1740
1760
1810
1830
1860
1900
1930
1970
2000
2050
2080
2110
2140
2180
2220
2280
2300
2350
2370
2410
2440
2480
2520
2570
2600
2620
2670
2700
2750
2780
2840
2870
2920
2960
3010
3040
3090
3140
3180
3220
3280
3310
3370
3410
3460
3520
3550
3610
3650
3710
3760
3810
3870
3910
3960
4010
4080
4120
4180
4230
4300
4370
4410
4480
4500
4570
4640
4690
4740
4830
4880
4920
4990
5040
5120
5160
5230
5310
5370
5410
5470
5420
5450
5510
5560
5650
5710
5770
5890
5880
5960
6030
6090
6190
6250
6310
6370
1040
1600
1630
1650
1690
1730
1770
1790
1820
1850
1870
1910
1950
1980
2010
2050
2080
2140
2170
2190
2220
2270
2300
2340
2380
2410
2450
2490
2540
2570
2610
2640
2690
2730
2770
2820
2860
2900
2950
3000
3020
3070
3130
3160
3200
3260
3310
3350
3390
3440
3500
3540
3600
3640
3680
3740
3800
3840
3890
3950
4010
