1960
1830
1830
1830
1830
1830
1840
1830
1830
1830
1810
1830
1830
1820
1820
1820
1840
1840
1820
1820
1810
1840
1810
1820
1830
1830
1820
1820
1830
1820
1820
1830
1820
1830
1820
1830
1840
1820
1830
1820
1840
1820
1840
1810
1820
1840
1830
1820
1840
1820
1830
1820
1830
1810
1840
1820
1840
1830
1820
1830
1820
1830
1820
1830
1820
1830
1820
1830
1820
1830
1830
1820
1830
1820
1830
1830
1820
1830
1810
1830
1840
1830
1830
1820
1830
1820
1840
1820
1830
1830
1840
1830
1830
1820
1830
1830
1820
1850
1830
3090
1820
1820
1810
1820
1830
1830
1820
1820
1830
1820
1820
1820
1830
1820
1830
1830
1830
1830
1820
1820
1830
1840
1840
1830
1820
1820
1830
1840
1820
1830
1840
1830
1870
1870
1860
1860
1850
1850
1860
1850
1880
1880
1870
1850
1880
1870
1890
1860
1840
1850
1850
1850
1890
1870
1860
1870
1840
1830
1830
1840
1850
1860
1850
1880
1880
1890
1900
1900
1930
1920
1910
1920
1900
1900
1890
1870
1890
1890
1890
1860
1850
1860
1870
1850
1860
1850
1860
1890
1900
1890
1890
1860
1860
1850
1870
1870
1870
1850
1860
3240
1870
1860
1850
1850
1860
1870
1860
1870
1870
1860
1840
1850
1860
1870
1850
1860
1890
1900
1920
1920
1930
1960
1920
1920
1940
1890
1900
1870
1870
1890
1900
1920
1920
1890
1910
1910
1900
1900
1890
1890
1870
1880
1910
1870
1880
1860
1890
1940
1930
1930
1930
1900
1960
1960
1920
1940
1920
1930
1920
1930
1930
1940
1960
1950
1900
1880
1890
1880
1890
1890
1880
1900
1860
1860
1910
1890
1860
1870
1870
1870
1880
1900
1920
1940
1910
1920
1900
1860
1870
1860
1870
1880
1890
1920
1930
1910
1900
1890
1870
3360
1850
1850
1870
1860
1840
1860
1840
1840
1890
1890
1890
1880
1900
1920
1950
1950
1970
2000
1940
1930
1920
1870
1920
1900
1910
1890
1870
1880
1920
1910
1910
1900
1950
1970
1980
2020
2010
1970
1930
1930
1880
1880
1900
1920
1860
1880
1920
1920
1910
1940
1960
1930
1920
1910
1930
1970
1960
1990
1980
1980
1980
1980
1960
1920
1940
1940
1940
1940
1950
1970
1970
1930
1950
1940
1930
1910
1890
1920
1900
1910
1890
1920
1960
1950
1970
1980
1960
1970
1950
1960
1970
1930
1930
1930
1940
1920
1880
1910
1900
3390
1860
1910
2010
1940
1920
1940
1980
1970
1980
1950
1950
1990
1980
1990
2010
1990
1960
1980
2000
1940
1960
1940
1950
1950
1940
1930
1850
1870
1950
1950
1950
1920
1910
1940
1890
1880
1890
1850
1860
1880
1850
1850
1860
1880
1850
1860
1870
1900
1870
1860
1910
1900
1880
1910
1880
1880
1920
1900
1890
1900
1870
1880
1870
1870
1850
1870
1910
1890
1880
1890
1900
1910
1860
1860
1840
1870
1880
1860
1860
1850
1870
1860
1880
1900
1900
1910
1900
1900
1920
1950
1920
1900
1900
1860
1860
1870
1880
1860
1850
3400
1870
1870
1890
1880
1860
1850
1880
1840
1880
1880
1880
1880
1880
1870
1880
1900
1910
1900
1910
1900
1910
1910
1890
1890
1870
1870
1860
1900
1950
1930
1920
1940
1970
1950
1920
1860
1910
1910
1940
1920
1930
1900
1900
1880
1890
1930
1940
1970
1980
1980
1980
2030
1970
1940
1940
1960
1930
1940
1920
1870
1930
