1.923918 1.891081
1.985368 1.938322
2.080899 2.000245
2.260090 2.097579
2.473845 2.242908
2.728589 2.387646
3.016164 2.552738
3.325741 2.716443
3.626391 2.932565
3.935272 3.171779
3.763907 2.894698
3.638362 2.869091
3.565517 2.859667
3.567576 2.924153
3.778199 3.013516
3.967090 3.252437
4.149611 3.528171
4.242415 3.755736
4.220930 3.893499
4.087236 3.767979
3.744844 3.593119
3.490023 3.388946
3.336432 3.302295
3.188838 3.230027
3.169160 3.045344
3.090556 2.903717
2.975118 2.668626
2.533800 2.380037
2.224507 2.059505
1.968952 1.795387
1.932769 1.715746
1.861906 1.804901
1.958006 1.884377
2.038560 1.997105
2.217313 2.115860
2.393805 2.290541
2.634436 2.498192
2.768938 2.658805
2.837770 2.700623
2.729797 2.681564
2.547986 2.510966
2.229721 2.214927
2.022055 1.951870
1.857087 1.834504
1.759398 1.774755
1.701024 1.718442
1.828836 1.779677
1.987673 1.895517
2.220012 2.103158
2.546661 2.379248
2.933408 2.660456
3.257566 3.074035
3.723744 3.465437
4.144366 3.840222
4.379162 4.234253
4.615834 4.600299
4.745236 4.788522
4.694399 4.854770
4.554831 4.727242
4.273203 4.628722
4.050097 4.520790
3.940223 4.495080
3.928612 4.466817
3.879684 4.417099
3.735160 4.273988
3.577233 4.087206
3.197065 3.764770
2.928056 3.397317
2.581578 3.004832
2.370784 2.596856
2.074240 2.339636
2.004024 2.215675
1.958402 2.269298
2.076239 2.409132
2.258617 2.697321
2.475743 2.983075
2.751915 3.293945
3.044933 3.614356
3.412263 3.937642
3.695253 4.305656
3.969799 4.685513
4.259167 5.027274
4.513568 5.357956
4.770676 5.623482
4.937829 5.820893
5.002294 5.773080
5.029392 5.659383
4.979558 5.630178
4.890562 5.487066
4.831240 5.317966
4.809357 5.242925
4.763853 5.280485
4.910439 5.486350
5.241319 5.835457
5.665961 6.326735
6.160887 6.918603
6.598652 7.444506
6.982627 7.977738
7.318973 8.433199
7.526910 8.867686
7.756973 9.014250
7.734596 9.092865
7.709615 9.077752
7.709930 9.016761
7.729743 8.999431
7.725337 8.971017
7.703766 8.937732
7.689985 8.873674
7.602404 8.870648
7.479088 8.761570
7.324973 8.554741
7.303661 8.436716
7.222642 8.183213
7.019640 8.011374
6.990048 7.967151
7.037093 8.022166
7.172104 8.244571
7.399235 8.555390
7.664678 8.944385
8.086050 9.210501
8.268869 9.483039
8.543314 9.697257
8.832669 9.982255
9.218980 10.380943
9.428551 10.689121
9.686782 10.993308
9.848039 11.121420
9.868012 11.108959
9.798379 11.008502
9.701284 10.879470
9.639127 10.717422
9.535862 10.514971
9.557318 10.416964
9.535440 10.329962
9.505660 10.259003
9.477595 10.152923
9.509248 10.136058
9.590860 10.199489
9.699607 10.311701
9.804958 10.408441
9.905961 10.451856
10.009547 10.593007
10.054708 10.735337
10.014400 10.671031
9.804469 10.277622
9.397442 9.803419
8.918205 9.245703
8.236287 8.680597
7.530292 8.190116
6.745490 7.686714
6.499802 7.260112
6.493767 7.367086
6.631810 7.548261
6.932336 7.982601
7.333736 8.293204
7.726174 8.708742
8.245843 9.085601
8.504669 9.455002
8.736953 9.717868
9.021280 9.955727
9.093219 10.053500
9.103487 10.028965
9.127655 9.938517
9.104026 9.864073
8.923042 9.666390
8.814011 9.489322
8.705323 9.274361
8.652411 9.161802
8.572701 9.046511
8.467060 8.907252
8.302415 8.656200
8.379859 8.652292
8.476344 8.731320
8.556993 8.781766
8.601126 8.824925
8.635347 8.611880
8.481899 8.281341
8.248492 7.578735
7.547976 6.910693
6.813594 6.431780
5.807482 5.831395
4.986433 5.597063
4.635553 5.417658
4.509062 5.568114
4.522908 5.761196
4.723506 6.055699
5.098179 6.369589
5.483563 6.799132
5.858937 7.213117
6.218838 7.619766
6.564147 8.039464
6.779662 8.404034
7.012962 8.827774
7.157707 9.327159
7.400458 9.811890
7.643603 10.411735
7.907078 11.053774
8.017776 11.579547
8.185879 11.954409
8.358924 12.280169
8.455188 12.050982
8.471895 11.920119
8.467321 11.832889
8.642512 11.774904
8.608203 11.515244
8.611806 11.496272
8.660925 11.297612
8.778197 10.972344
8.773078 10.685387
8.825207 10.645525
8.867811 10.491150
9.031996 10.473540
9.137771 10.586876
9.343973 10.820911
9.657958 11.024406
9.890124 11.277421
10.187292 11.428955
10.440468 11.348647
10.324407 10.732895
9.627976 9.651546
7.988768 7.924115
6.323707 5.867930
4.228709 4.363666
2.445931 2.484499
1.384770 2.377425
1.341309 2.444676
1.357159 2.407446
1.316174 2.137454
1.376595 2.013199
1.444424 2.018407
1.485830 2.054457
1.606210 2.077928
1.779083 2.209617
2.114627 2.481535
2.475704 2.732129
2.796378 3.121752
3.109160 3.268576
3.361326 3.455384
3.460930 3.598577
3.485145 3.676446
3.353056 3.819363
3.182419 3.945275
3.048937 4.053117
2.857844 3.963491
2.449912 3.808088
2.131189 3.204258
1.892109 2.757323
1.665821 2.397321
1.609213 2.209250
1.634292 2.066937
1.670264 1.997719
1.767649 1.963973
1.731915 2.025279
1.778731 2.083684
1.763737 2.125832
1.791999 2.214769
1.857298 2.330470
2.006835 2.478792
2.182483 2.577710
2.367091 2.694167
2.560541 2.900935
2.729437 3.099148
2.907059 3.215116
2.961658 3.456506
3.068785 3.614706
3.016227 3.780972
2.995665 3.978893
2.951722 4.179533
2.864424 4.285045
2.931217 4.307900
2.922095 4.376983
3.038881 4.440131
3.118084 4.579546
3.271578 4.731586
3.461655 4.963551
3.679769 5.117344
3.990703 5.455895
4.303459 5.888008
4.582291 6.278561
4.992845 6.666441
5.270832 7.044425
5.552637 7.344769
5.771729 7.668208
6.112943 7.931979
6.343890 8.096275
6.620321 8.239501
6.739575 8.216365
6.927731 8.186552
7.122354 8.119143
6.925148 7.874958
6.617082 7.479920
6.186223 6.886972
5.759849 6.260263
5.584565 6.056868
4.854802 5.664690
4.766078 5.513421
4.229300 5.006423
3.985599 4.547401
2.868609 3.945654
2.638952 3.401560
1.696110 2.342150
1.629583 2.069207
1.689712 1.986000
1.824896 2.043256
1.924631 2.217221
2.089090 2.475150
2.305972 2.747569
2.492806 3.055932
2.755166 3.325885
3.016591 3.647022
3.275201 4.014004
3.515520 4.390794
3.778839 4.837393
4.156195 5.220374
4.530720 5.631586
4.968895 6.010376
5.276304 6.345339
5.696221 6.630970
6.161578 6.898648
6.662606 7.030408
6.954651 6.832224
7.102202 6.245320
6.279818 4.848383
4.841582 3.438833
3.261244 2.602595
2.514852 2.165475
2.075476 2.149871
1.360415 1.883702
1.359560 1.852959
1.407466 1.903759
1.366936 1.969067
1.433096 1.956139
1.552501 1.961402
1.700452 1.966857
1.857112 2.044904
2.070504 2.139636
2.181453 2.226193
2.289490 2.333012
2.306935 2.497910
2.331764 2.671963
2.415131 2.856540
2.487727 3.006542
2.643327 3.066111
2.648308 3.212898
2.538512 3.271063
2.378754 3.398125
2.332263 3.451215
2.353205 3.466721
2.420147 3.435023
2.401342 3.369921
2.388663 3.246018
2.166603 3.026530
1.852924 2.619147
1.586018 2.165910
1.370461 1.876875
1.346401 1.699802
1.495432 1.671647
1.700071 1.741093
1.875337 1.914548
2.063930 2.150677
2.264400 2.341501
2.480691 2.555035
2.615485 2.746321
2.642312 2.822593
2.655275 2.946714
2.615174 2.967515
2.597234 2.890462
2.419856 2.779154
2.268241 2.462250
2.002123 2.313290
1.880072 2.267640
1.891055 2.187694
1.973195 2.168161
2.043030 2.125956
2.141206 2.264395
2.306503 2.584633
2.467292 2.771170
2.590627 2.978068
2.536833 3.055345
2.348894 2.990386
2.258541 2.890048
2.174576 2.953751
2.207650 3.011989
2.419519 3.163766
2.568562 3.337856
2.606189 3.515660
2.639728 3.647270
2.636207 3.881271
2.723236 4.164534
2.809678 4.487643
3.020446 4.876876
3.287266 5.345673
3.556611 5.737299
3.885277 6.145758
4.203078 6.507946
4.524086 6.879898
4.876208 7.122422
5.174388 7.287625
5.428367 7.301332
5.455377 7.070754
5.363246 6.622166
5.207754 5.888897
4.523868 4.768020
3.135071 3.453064
2.937130 2.868279
1.441482 1.958687
1.334623 1.836597
1.283429 1.795871
1.236830 1.811311
1.344926 1.930308
1.440281 2.186618
1.603459 2.268682
1.653009 2.269593
1.600433 2.047979
1.456863 1.713917
1.268659 1.451752
1.269372 1.372596
1.255023 1.425651
1.405418 1.561096
1.627807 1.793613
1.927598 2.148369
