90
150
210
260
280
330
370
450
510
560
650
580
620
560
640
600
640
660
610
610
670
580
640
720
710
670
690
660
560
670
670
660
580
570
650
630
730
840
790
630
640
660
580
630
670
600
610
670
660
640
620
580
540
600
590
630
610
620
740
580
630
520
600
690
750
820
560
540
590
530
570
660
660
660
670
660
670
660
740
620
770
630
610
590
630
630
620
670
660
700
560
580
560
590
550
610
660
670
660
660
640
660
650
660
620
610
580
610
550
560
540
640
630
660
600
610
580
560
600
640
630
610
630
560
550
610
650
610
640
550
560
670
680
590
620
590
620
660
620
600
600
610
550
600
550
570
560
650
620
550
550
570
630
580
620
630
550
560
570
630
590
590
640
600
620
640
650
610
550
580
700
840
740
630
650
590
590
590
590
610
610
560
630
570
640
600
590
610
600
590
620
550
570
590
610
560
590
640
600
640
640
550
560
570
620
560
550
610
580
560
590
640
620
560
550
560
550
560
550
550
570
550
560
550
620
590
600
610
640
590
660
600
620
620
620
620
580
660
610
620
590
550
560
560
600
650
610
640
630
580
580
610
620
630
660
590
600
650
620
600
600
590
640
600
580
590
620
620
590
550
710
650
670
660
660
670
660
670
620
720
650
580
840
840
680
620
590
690
610
540
570
600
680
720
610
590
620
660
710
760
550
620
670
660
650
660
640
630
610
600
650
620
590
650
610
630
620
540
630
630
640
650
660
650
620
650
610
610
620
660
600
600
640
630
590
640
610
630
640
620
630
680
590
660
640
650
650
630
610
600
630
640
650
600
640
630
650
630
630
640
640
620
650
650
620
630
620
560
640
620
640
630
660
620
640
650
650
640
580
600
650
640
640
660
620
650
620
640
650
660
640
640
640
660
610
630
650
560
390
520
620
630
610
650
600
580
650
650
600
640
600
550
550
620
610
630
610
580
660
630
620
