40
4660
4940
5020
5130
5150
5480
5710
5800
6280
3960
5240
5360
5450
5590
5760
5830
5990
6090
6250
3970
5240
5340
5530
5600
5760
5830
5980
6100
6240
3960
5280
5410
5520
5650
5720
5910
6030
6180
6280
3980
5110
5390
5490
5630
5780
5850
5980
5990
5980
3710
4920
5030
5250
5380
5340
5630
5620
5800
5930
3740
4900
5120
5160
5320
5440
5560
5670
5640
5960
3810
4960
4930
5200
5230
5360
5470
5690
5790
5970
3760
4890
5020
5140
5370
5530
5580
5660
5800
5970
3730
4960
4950
5060
5200
5320
5470
5590
5760
5850
3630
4950
5100
5220
5260
5550
5760
6000
6110
6250
3990
5290
5360
5480
5630
5720
5850
6000
6110
6320
3940
5050
5100
5200
5250
5340
5480
5450
5760
5970
3630
4960
5150
5400
5310
5460
5360
5640
5690
5950
3700
4980
5040
5160
5290
5450
5590
5620
5860
6010
3660
4700
3750
5140
4340
5680
5650
5980
6160
6250
3970
5220
4220
5100
5230
5360
5480
5760
6120
6250
3970
5230
5340
5130
4840
5800
5440
5850
5950
5920
3640
4960
4960
5120
5490
5610
5460
5570
5750
5920
3760
4920
5050
5070
4260
4680
4350
5930
6180
6110
3740
4910
5050
5210
4720
5340
5570
5590
5700
5830
3700
4900
4990
5060
5180
5370
5510
5690
5730
5870
3790
5220
5380
5460
5620
5730
5870
5980
6120
6250
3960
5180
5090
5080
5280
5310
5470
5590
5720
5820
3720
4980
4950
5180
5260
5340
5570
5580
5090
5830
3750
4820
4910
5090
5150
5540
5570
5130
5130
5230
3430
4900
4960
5100
5420
5800
5850
5980
6170
6260
3980
5220
5350
5480
5610
5760
5860
5990
6030
6210
3700
4970
5140
5180
5330
5410
5460
5770
5830
5860
3620
4810
5060
5280
5260
5480
5490
5640
5830
6010
3710
4900
5080
5240
5370
5480
5600
5620
5820
5900
3740
5000
5120
5320
5380
5470
5550
5770
5800
5990
3770
4880
5000
5090
5230
5410
5540
5640
5740
5790
3610
4990
5080
5110
5360
5360
5480
5690
5800
5930
3710
4840
4980
5190
5180
5460
5440
5700
5770
5920
3750
4960
5020
5160
5350
5430
5560
5770
5810
5890
3740
4990
5060
5230
5280
5370
5560
5830
5870
6010
3840
5030
5060
5200
5430
5470
5560
5720
5700
5870
3680
4860
4990
5260
5240
5450
5600
5730
5720
5970
3770
5130
5130
5270
5440
5470
5580
5790
5960
5910
3700
4870
5090
5440
5610
5720
5860
6020
6130
6250
3970
5240
5280
5260
5390
5420
5520
5750
5820
5850
3850
