1.923918 1.891081
1.985368 1.938322
2.080899 2.000245
2.260090 2.097579
2.473845 2.242908
2.728589 2.387646
3.016164 2.552738
3.325741 2.716443
3.626391 2.932565
3.935272 3.171779
4.230724 3.268898
4.419574 3.253701
4.624920 3.155194
4.919035 3.208639
5.160391 3.084840
5.380783 3.035227
5.602819 2.847713
5.676586 2.978775
5.692887 3.094909
5.472266 2.805917
5.021761 2.518607
4.474087 2.100768
4.132845 1.913622
3.864919 1.750265
3.822009 1.704663
3.670022 1.828903
3.738735 1.873464
3.800634 1.980020
3.915423 2.202202
3.892807 2.474583
3.994010 2.782941
4.168039 3.024324
4.145478 3.100440
4.009061 3.139114
3.906266 2.986310
3.852540 2.676526
3.822912 2.427734
3.666182 2.312099
3.486846 2.200085
3.159192 1.784950
2.869445 1.656476
2.629743 1.592585
2.427469 1.250641
2.424752 1.345446
2.493631 1.510138
2.634393 1.673192
2.819279 1.780292
3.017457 1.980910
3.111173 2.123834
3.216166 2.212918
3.223424 2.142565
3.279696 1.921153
3.264991 1.528550
3.328504 1.557359
3.369704 1.522586
3.458979 1.706796
3.459556 1.771500
3.475081 1.881419
3.265037 1.884415
2.922825 1.777543
2.624093 1.577363
2.455463 1.451786
2.427915 1.421094
2.432769 1.524214
2.509556 1.717900
2.566661 1.873373
2.748580 2.136193
2.801104 2.393827
2.834266 2.484408
2.874430 2.416164
2.959652 2.210973
3.028056 2.024458
3.049181 1.798805
3.129046 1.425329
3.138990 1.389825
3.044788 1.380255
2.984280 1.271302
2.817901 1.376439
2.709999 1.503925
2.855007 1.618721
2.958944 1.704356
3.019484 1.618861
3.178337 1.572518
3.272199 1.539245
3.375441 1.531140
3.498395 1.482972
3.677423 1.500163
3.930694 1.577059
4.207151 1.656564
4.496819 1.837673
4.668643 1.955068
4.843420 1.969073
4.900362 1.922321
4.997242 1.814717
5.042801 1.826037
4.963491 1.883291
4.973829 1.860593
4.961951 1.833200
4.782231 1.795050
4.521663 1.745136
4.140387 1.640063
3.676990 1.513852
3.379132 1.399759
3.024982 1.381589
2.953566 1.448819
2.933799 1.571969
3.108176 1.673384
3.376650 1.659682
3.635031 1.654140
3.811688 1.636111
3.809376 1.594545
3.684321 1.494943
3.477131 1.334755
3.246249 1.325391
3.110032 1.377403
2.995936 1.366714
3.002112 1.475763
2.926468 1.591818
2.984104 1.625170
2.906583 1.673505
3.035659 1.842248
3.123949 1.935656
3.219975 2.106419
3.255165 2.230910
3.297501 2.280006
3.295747 2.204508
3.202585 1.950718
3.067659 1.854673
2.916402 1.679987
2.697278 1.588644
2.562640 1.515587
2.541313 1.478026
2.554696 1.508935
2.666680 1.529310
2.687104 1.510919
2.709692 1.493479
2.801428 1.508792
2.780188 1.476664
2.872393 1.350741
2.968706 1.317428
3.054546 1.296178
3.296798 1.382018
3.451259 1.473098
3.699201 1.610185
3.802123 1.588588
3.706276 1.569818
3.338568 1.398091
3.017393 1.121316
2.756269 1.080965
2.535577 1.166915
2.465928 1.315778
2.498858 1.388327
2.557903 1.444982
2.641902 1.536496
2.719497 1.602838
2.874320 1.698083
2.865289 1.739562
2.842400 1.830685
2.942789 1.901957
3.074121 1.963092
3.122441 1.958374
3.060212 1.859540
2.861642 1.739915
2.680838 1.603063
2.476313 1.536590
2.400131 1.518939
2.351147 1.470112
2.385445 1.460410
2.447303 1.519583
2.473892 1.557504
2.397260 1.554952
2.471519 1.439296
2.575906 1.422973
2.629736 1.313233
2.790271 1.207817
2.938837 1.252252
3.093214 1.349980
3.128576 1.330800
3.033904 1.297393
2.787142 1.195157
2.382694 1.193198
2.315451 1.264481
2.302137 1.364065
2.429490 1.477655
2.551717 1.593058
2.784580 1.643727
3.028071 1.730856
3.192849 1.789869
3.185220 1.893444
3.242420 1.871291
3.349542 1.894916
3.193210 1.939647
3.087334 1.943354
3.142079 1.991399
3.090088 2.064264
3.073909 1.999740
3.114018 1.956593
3.164743 2.000823
3.341063 2.096415
3.452774 2.063367
3.520881 2.024136
3.468931 2.032018
3.437936 2.054223
3.403137 2.096308
3.466104 2.121787
3.483942 2.117992
3.503238 2.094996
3.410032 2.086551
3.485459 2.103044
3.570222 2.051090
3.729767 2.055461
3.849983 2.082787
3.961219 2.081171
4.081791 2.070295
4.151958 1.991895
4.212005 2.011633
4.267254 1.995772
4.422616 1.960164
4.493713 2.005387
4.524411 2.101185
4.556827 2.148800
4.543414 2.146026
4.544411 2.213552
4.617173 2.257568
4.744104 2.238935
4.728975 2.221627
4.612071 2.143202
4.685853 2.018334
4.727797 2.040651
4.716158 1.999548
4.653997 2.088583
4.484036 2.165757
4.429992 2.268119
4.430869 2.301282
4.511074 2.374911
4.518814 2.402843
4.416289 2.419581
4.462904 2.477161
4.332097 2.447927
4.093214 2.276089
3.867183 2.036455
3.660627 1.778211
3.420609 1.530677
3.180731 1.306466
2.963569 1.251623
3.140847 1.424269
3.555515 1.594707
3.605605 1.681037
3.530943 1.767508
3.545508 1.861813
3.548996 1.999344
3.578390 2.189928
3.621645 2.307458
3.549628 2.375995
3.546208 2.435097
3.504438 2.389757
3.428779 2.391104
3.468838 2.259790
3.522026 2.174137
3.495271 2.150103
3.591644 2.102793
3.627013 1.855931
3.608513 1.878368
3.635686 1.961702
3.753571 2.005136
3.764451 1.998189
3.841320 2.005828
3.918679 1.897945
3.957637 1.874665
4.051289 1.870614
4.124614 1.925876
4.347485 1.990864
4.636534 2.048806
4.951700 2.018615
5.140292 2.071432
5.422015 2.085226
5.782170 2.070576
5.929136 2.062494
5.848462 2.004867
5.743980 1.975981
5.413571 1.973828
5.127525 1.994906
4.954626 1.929967
4.767578 1.911731
4.659793 1.917136
4.254611 1.955102
4.151811 1.999033
4.088638 2.109211
4.039233 2.206769
4.072857 2.319255
4.198231 2.385545
4.274069 2.457278
4.301039 2.400718
4.422377 2.353326
4.352957 2.233026
4.156061 2.206790
3.884590 2.047579
3.467061 1.972080
3.074425 1.746004
2.723737 1.747229
2.571256 1.875800
2.510461 1.942105
2.586662 2.048901
2.663588 2.187120
2.750815 2.290852
2.977039 2.405471
3.285818 2.415300
3.602431 2.477299
3.806147 2.492020
4.064519 2.518007
4.331756 2.535085
4.531097 2.492989
4.691423 2.507434
4.830150 2.536496
4.965007 2.611043
5.110542 2.596774
5.045350 2.413801
5.034726 2.218399
5.059810 2.152179
5.147310 2.107654
5.301332 2.156116
5.617632 2.186530
5.871961 2.218266
6.139441 2.278278
6.315905 2.216478
6.613810 2.388940
6.765920 2.451890
6.857460 2.534028
6.901873 2.563222
6.853751 2.555870
6.886779 2.538464
6.888956 2.478821
6.723919 2.512646
6.679169 2.597458
6.642521 2.520934
6.520748 2.454671
6.288592 2.572067
6.043936 2.650262
5.776095 2.908471
6.365030 3.436152
7.957140 4.311379
8.357446 4.563875
7.891245 4.505455
7.484587 4.482989
7.255158 4.528478
6.964674 4.547264
6.882800 4.617406
6.912166 4.750384
7.115264 4.923455
7.180755 5.033892
7.446581 5.301000
7.595125 5.427783
7.614466 5.400745
7.530193 5.373623
7.413406 5.298360
7.301790 5.237263
7.095796 5.216775
7.079379 5.241815
7.083417 5.261320
7.205226 5.344282
7.256049 5.469175
7.376893 5.537865
7.502370 5.729935
7.592123 5.872010
7.693550 6.094307
7.861700 6.394640
7.935253 6.415696
7.813965 6.196631
7.644955 6.204826
7.518550 6.037252
7.282953 5.445412
6.979060 5.015003
6.582963 4.050158
6.111313 3.451487
5.725245 2.325200
5.471637 2.030019
5.337234 2.020262
5.213953 2.057032
4.971383 2.009072
4.715666 1.821776
4.504950 1.701098
4.337147 1.709869
4.258178 1.746846
4.191289 1.846816
4.502095 2.184919
4.982535 2.460024
5.340419 2.845138
5.795878 3.426823
6.222523 4.047582
6.346359 4.480135
5.821215 4.401329
4.924046 3.419764
4.095347 2.485937
3.831294 1.991493
3.784712 1.625873
3.975505 1.673666
4.103734 1.682713
4.279188 1.772878
4.560402 1.806696
4.601153 1.859733
4.640913 1.890958
4.592016 1.987940
4.310289 1.986461
4.216277 2.023608
4.039698 2.046953
3.810677 2.009491
3.602680 1.976868
3.546817 1.968942
3.655733 1.930600
3.785457 1.858680
3.860571 1.774551
3.900229 1.839273
3.726098 1.895785
3.517289 1.860387
3.229528 1.785654
2.897637 1.603254
2.638515 1.524128
2.584808 1.500665
2.531073 1.562152
2.621857 1.705515
2.835469 1.776691
