40
5230
5370
5520
5610
5790
4610
5910
6180
6280
360
4750
4970
5070
5360
4370
5290
5660
5670
5940
370
5010
4640
5240
5290
5380
5210
5680
5760
5810
350
4830
5020
5140
5200
5310
5420
5580
5730
5860
360
4880
5070
4900
4980
4880
4840
5600
5690
5810
370
4840
5000
4240
5260
5340
5450
5690
5680
5840
350
4860
4930
5200
5450
4850
5560
5870
5970
6070
360
5230
5230
5220
5320
5230
5480
5700
5860
5820
340
5020
5020
5370
5270
5140
4830
6020
5390
5900
450
6100
5340
4230
5650
5780
5890
4560
6330
6340
380
5390
5330
5490
5400
5730
5660
5770
5840
6010
380
5060
4780
5190
5400
5410
5570
5720
5860
6110
360
4900
5130
5370
5400
4610
5670
6000
6070
5670
340
4620
5080
4900
5010
5280
5290
5340
5780
5850
350
4830
4770
4970
5160
5060
5460
5580
5760
5900
330
4780
5030
5060
5010
5390
5420
5520
5470
5780
330
4450
4950
4940
4940
5120
5450
5340
5660
5850
330
4930
4920
4780
4920
5390
5440
5510
5430
4510
340
4870
4950
5160
5210
5240
5490
5570
5650
5700
320
4830
5010
5030
5010
5330
5430
5470
5520
6000
350
4870
4740
4960
4850
5220
5330
5440
5730
5750
330
4580
5020
4800
5200
5430
5390
5590
5710
5540
340
4750
4940
4820
5000
5040
4320
4550
5470
5810
330
4740
4910
5130
4980
5330
5200
5410
4980
5630
330
4730
4850
4800
4320
5080
5340
5340
5750
5590
370
4930
4860
5080
5550
5740
5590
5240
5240
5590
240
5090
5570
5780
5480
5450
5500
5640
5400
5700
340
5230
5370
5500
5420
5210
5180
5700
5500
5640
330
4670
4660
4400
4840
4980
5080
5210
5320
5450
330
4550
4640
4760
4870
5030
5120
5250
5340
5500
330
4550
4630
4730
4860
4980
5100
5200
5320
5460
320
4540
4640
4740
4840
4970
5080
3630
5220
5430
320
4530
4620
4780
4850
4980
5090
5210
4980
5450
330
4540
4620
4770
4870
4970
5070
5190
5320
5380
330
4220
4650
4760
4890
5030
5130
5230
5350
5460
320
4540
4650
4770
4870
5050
5120
5260
4640
5530
330
4550
4650
4770
4860
4970
5090
5190
5310
5480
320
4540
4670
4770
4920
5010
5120
5220
5350
5460
330
4540
4650
4780
4880
4990
5120
5230
5370
5460
330
4570
4650
4770
4890
4990
5110
5220
5350
5460
330
4540
4670
4770
4870
5000
5140
5230
5320
5460
330
4580
4650
4760
4890
5000
5110
5220
5330
5470
250
