0.306816
0.332985
0.356452
0.317826
0.324875
0.329693
0.501940
0.550202
0.732106
0.894697
1.011181
1.107935
1.103062
0.911379
0.833354
0.890890
0.955156
0.904157
0.851571
0.693465
0.617281
0.698753
0.814949
1.029706
1.289654
1.684296
2.147879
2.541836
2.979919
3.409138
3.707607
3.905052
3.901829
3.984908
4.015407
4.022184
3.949027
3.930931
3.811799
3.539245
2.897898
1.840478
1.143368
1.117089
1.435386
1.895822
2.257381
2.465774
2.517638
2.124548
1.748818
1.172856
0.729801
0.677014
0.618585
0.582292
0.562330
0.502755
0.398490
0.289255
0.182746
0.450899
0.643290
0.879983
1.033702
1.142599
1.052631
1.082183
1.236381
1.485521
1.557046
2.001611
2.203206
2.447746
2.596890
2.890740
3.257200
3.526191
3.881624
4.164041
4.227634
4.602019
4.925913
5.350806
5.703753
5.965168
6.268944
6.549795
6.787641
7.010385
6.701202
6.725033
6.680380
6.724046
6.865062
6.935833
7.103769
7.271097
7.830586
8.334383
8.848843
9.068446
8.947352
8.748881
8.473740
8.309816
8.210346
8.330873
8.449071
8.532101
8.705858
9.011103
9.245650
9.381467
9.485107
9.640624
9.885323
10.107976
10.436810
10.776290
11.191216
11.525579
11.849480
12.189650
12.427594
12.591969
12.644452
12.578146
12.403033
12.174706
11.980729
11.813559
11.649747
11.505634
11.370904
11.262260
11.076208
10.960730
10.875356
10.646015
10.373497
9.934846
9.574417
9.355569
9.246202
9.215789
9.144243
9.158435
9.257692
9.274909
9.157821
9.176057
9.199522
9.242632
9.392767
9.628725
9.838114
10.133782
10.498093
10.603292
10.772961
10.852679
10.720799
10.573353
10.375368
10.304110
10.218043
10.169694
10.043896
9.836318
9.500307
9.198504
8.817056
8.499834
8.254849
8.036643
8.012500
8.074060
8.382776
8.723318
8.643374
8.710209
8.717971
8.879538
9.024963
9.241456
9.785585
10.719713
11.808516
12.963249
14.045715
14.829075
15.416986
15.932126
16.394161
16.802638
17.178938
17.581263
18.000997
18.306823
18.781156
19.251808
19.708435
20.102190
20.527768
20.959707
21.351703
21.668746
21.903531
22.279097
22.894315
23.412786
23.995285
24.634973
25.256917
25.779377
26.349076
26.888107
27.479015
28.035502
28.706212
29.307236
29.842643
30.597111
31.317919
32.071191
32.760675
33.380487
33.989224
34.679423
35.154361
35.837753
36.477276
37.033045
37.760219
38.360202
38.973237
39.555699
40.130690
40.785573
41.047799
41.336177
41.726172
42.092302
42.305535
42.063430
41.551882
40.860920
40.208427
39.597230
38.693947
37.970129
37.357268
36.798405
36.161548
35.525395
34.958329
34.327441
33.583101
32.914234
32.076382
31.378994
30.713862
30.051718
29.542852
29.084266
28.601162
27.949089
27.505364
27.250213
27.038821
26.957180
26.634235
26.359634
26.130204
25.760572
25.481607
25.178064
24.741336
24.284335
23.867555
23.451835
23.087067
22.654456
22.140799
21.565031
21.070658
20.559272
19.986332
19.451840
18.912546
18.284884
17.631275
16.979291
16.340252
15.893399
15.693928
15.713536
16.079528
16.746908
17.376894
17.942813
18.628059
19.157979
19.772504
20.316395
20.945707
21.575490
22.073147
22.601826
22.868227
23.332123
23.738538
24.117493
24.492573
24.915368
25.204574
25.517298
25.936565
26.310992
26.758582
27.017379
27.323894
27.671075
28.007998
28.210800
28.427768
28.742221
29.027258
29.479707
29.840526
30.053325
30.198649
30.418805
30.651552
30.849246
31.005718
31.120803
31.226266
31.186381
31.229661
31.316149
31.361530
31.387723
31.493984
31.755559
32.053612
32.404851
32.659416
32.976483
33.397833
33.639593
33.864748
33.765501
33.486704
33.097355
32.554755
32.018047
31.517431
30.978769
30.601824
30.217112
29.842360
29.666422
29.476884
29.434453
29.319999
29.505236
29.467829
29.564162
29.742103
30.114712
30.327703
30.336652
30.244232
30.254553
29.945450
29.529853
28.993310
28.596214
28.327940
28.124365
27.899469
27.738043
27.552672
27.193280
26.727966
26.310756
25.907154
25.574256
25.356471
25.138170
24.900415
24.850629
24.523308
24.282807
24.089731
23.757632
23.468735
23.165923
22.830388
22.349778
21.956107
21.299490
20.774698
20.161822
19.460380
18.702370
17.847556
17.081892
16.124731
15.475666
15.067713
15.037603
15.414848
15.862842
16.351350
16.941173
17.500517
18.003696
18.465964
