2.054795 2.004631
2.002994 1.834349
1.996225 1.706457
2.007573 1.672428
2.011411 1.632226
2.123930 1.518534
2.282904 1.609062
2.367136 1.609610
2.440448 1.647564
2.606595 1.763841
2.658186 1.859012
2.814791 1.991814
3.069528 2.173186
3.413024 2.442659
3.816664 2.768674
4.268079 3.107934
4.632681 3.403921
4.854706 3.640709
4.940791 3.671374
4.799480 3.507212
4.489476 3.177254
4.175733 2.885933
3.885296 2.700264
3.615060 2.511985
3.469383 2.524522
3.231758 2.569178
3.132413 2.691985
2.996234 2.784671
2.980330 2.798663
2.869080 2.749940
2.794942 2.669399
2.667146 2.354044
2.607596 2.402537
2.465916 2.236310
2.681094 2.473011
2.969536 2.844184
3.272370 3.202066
3.518811 3.374173
3.606970 3.422235
3.599111 3.328116
3.333370 3.104865
2.953211 2.722338
2.779292 2.353321
2.537788 2.182828
2.428349 2.069996
2.304499 2.186980
2.291473 2.183330
2.299912 2.250697
2.335817 2.176830
2.475892 2.237185
2.553782 2.248993
2.706379 2.353029
2.875239 2.510679
3.192259 2.795028
3.519756 3.029139
3.881506 3.348082
4.180375 3.581523
4.353702 3.654487
4.339499 3.568570
4.174821 3.366533
3.773951 2.991203
3.428011 2.751777
3.138820 2.481189
2.910316 2.399926
2.842869 2.380301
2.762003 2.443392
2.744833 2.431380
2.575214 2.443400
2.608321 2.371724
2.731032 2.405919
2.880703 2.501715
3.083420 2.650641
3.240698 2.817271
3.480904 3.017873
3.614403 3.179979
3.536219 3.238817
3.492696 3.218669
3.603654 3.240495
3.689432 3.321259
3.849241 3.422228
3.912563 3.474775
4.068920 3.285093
4.205964 3.360988
4.340219 3.404200
4.557937 3.586741
4.704100 3.798553
4.930926 3.993933
5.252861 4.332815
5.551472 4.741273
5.978597 5.114555
6.269079 5.426738
6.569754 5.724671
6.665262 5.925747
6.750301 6.042922
6.888852 6.022815
7.021341 6.225562
7.033759 6.258502
7.053551 6.317977
7.003009 6.311619
6.834645 6.282326
6.627535 6.256916
6.243665 5.964537
5.918697 5.676915
5.732301 5.382301
5.607100 5.026264
5.409017 4.644594
5.184339 4.340179
4.888262 4.072597
4.626957 3.564701
4.286464 3.195694
4.072471 2.860309
3.379687 2.358401
2.845028 1.974432
2.280685 1.723620
2.000649 1.677107
1.965427 1.788531
2.042214 2.016544
2.297063 2.302985
2.538734 2.614418
2.899094 3.000272
3.181708 3.401552
3.484412 3.823684
3.837030 4.311624
4.192593 4.802949
4.605309 5.374614
4.962391 5.906459
5.243112 6.287077
5.345412 6.515146
5.247479 6.580773
5.132728 6.411973
4.947475 6.176625
4.771867 5.940474
4.555241 5.751746
4.492353 5.667227
4.466238 5.625055
4.477278 5.502989
4.462899 5.383510
4.315546 5.047018
4.140297 4.596994
3.678267 3.979936
3.094159 3.072984
2.178978 2.057368
1.982664 1.777830
1.946987 1.724941
1.976002 1.779465
1.934930 1.778516
1.774355 1.648427
1.590964 1.516491
1.513566 1.437638
1.589120 1.486034
1.680213 1.649384
1.833108 1.826487
2.081098 2.057285
2.322947 2.345052
2.686681 2.696874
3.080859 3.093767
3.584868 3.604991
4.109853 4.083320
4.574616 4.587092
5.096982 5.052623
5.506510 5.459916
5.811291 5.727784
5.946131 5.847552
5.938178 5.793551
5.769100 5.640349
5.578139 5.356012
5.338763 5.085779
5.076975 4.873293
4.905317 4.721703
4.790640 4.662099
4.630574 4.546242
4.304072 4.140327
3.789511 3.701398
3.216729 3.201578
2.744439 2.870365
2.273465 2.370318
2.125190 2.236621
2.058274 1.960911
1.962223 1.853857
1.874333 1.775650
1.801201 1.585107
1.726872 1.475833
1.669664 1.522122
1.656223 1.614036
1.629750 1.740647
1.749063 1.936245
1.963750 2.080641
2.259657 2.383420
2.594274 2.741557
3.014824 3.199989
3.416545 3.601428
3.839027 4.034950
4.255910 4.441135
4.719304 4.883634
5.126859 5.390004
5.497534 5.772045
5.794183 6.204426
6.030126 6.589324
6.227276 6.852010
6.352747 6.991566
6.493698 7.099777
6.324276 7.096056
6.171136 7.078203
6.064985 7.056144
5.794972 6.890513
5.650119 6.810069
5.267805 6.600865
4.930269 6.638025
4.851531 6.633650
4.669867 6.626120
4.552950 6.747032
4.544467 6.588198
4.414073 6.348156
4.158950 6.098277
3.899833 5.888988
3.682253 5.751300
3.617771 5.471384
3.558419 5.380580
3.595660 5.199778
3.629998 5.191693
3.711560 5.115763
3.627413 4.942815
3.604387 4.683954
3.583894 4.595221
3.518561 4.539710
3.578310 4.467205
3.514575 4.589155
3.716139 4.581712
3.915479 4.740014
4.069362 4.824643
4.284325 5.039066
4.503083 5.170554
4.713246 5.293491
4.845350 5.398124
5.005635 5.577419
5.200501 5.789864
5.299491 5.783483
5.450439 5.986277
5.517491 6.161970
5.583623 6.359823
5.817799 6.503969
5.901270 6.598335
5.877469 6.626880
5.832029 6.595312
5.669532 6.413731
5.439031 6.267051
5.170746 5.986334
4.851408 5.542388
4.427509 5.357501
4.365465 5.178231
4.342867 5.097300
4.243001 4.895585
4.096318 4.541168
4.104503 4.388790
4.084796 4.367321
4.145240 4.183312
4.187191 4.106131
4.215394 4.152611
4.351894 4.196311
4.501741 4.329163
4.556767 4.539330
4.647243 4.551275
4.656183 4.651182
4.750215 4.601496
4.878532 4.756804
4.951388 4.856282
5.130624 4.921613
5.107635 5.022150
5.093096 5.140421
4.956509 5.263657
4.913080 5.306311
4.839813 5.369871
4.603315 5.424735
4.596653 5.428704
4.363630 5.419645
4.351319 5.428388
4.372945 5.470604
4.327383 5.513847
4.200564 5.445473
4.104438 5.382699
4.023977 5.263501
3.757282 5.113164
3.845208 5.064839
3.741613 4.977438
3.781954 4.866226
3.872924 4.836827
3.894103 4.802400
3.924866 4.775589
3.974717 4.912685
4.128838 4.995212
4.121058 4.987741
4.166675 4.893280
4.204392 4.843191
4.254839 4.933753
4.468186 5.080150
4.522730 5.155429
4.462113 5.202570
4.339666 5.124014
4.059324 4.854429
3.758452 4.552916
3.514230 4.211332
3.278810 3.924827
3.154059 3.710806
3.014492 3.589376
2.950064 3.485973
2.872170 3.405967
2.899054 3.432197
3.015758 3.486182
3.075044 3.398025
3.188289 3.402232
3.285305 3.417123
3.325479 3.507362
3.436975 3.624026
3.568218 3.770964
3.719673 3.922874
3.877585 4.148172
4.075939 4.278671
4.188950 4.347938
4.382455 4.492051
4.465394 4.524879
4.691789 4.647568
4.769262 4.817229
4.806031 4.839572
4.773120 4.850454
4.653668 4.709666
4.610441 4.604706
4.599356 4.596186
4.607391 4.711615
4.486720 4.691535
4.417550 4.765330
4.422906 4.760940
4.314707 4.704474
4.044790 4.728294
4.037386 4.825990
3.984659 4.949066
4.023556 5.079375
4.154844 5.269982
4.293680 5.464527
4.523713 5.656231
4.692923 5.694070
4.838529 5.739290
5.048729 6.002090
5.238521 6.090817
5.464828 6.258978
5.519867 6.273062
5.689105 6.345579
5.857786 6.413713
6.020977 6.466622
6.084928 6.639462
6.289913 6.744778
6.448418 6.913468
6.498975 6.869660
6.231707 6.640883
5.894837 6.273229
5.550545 6.026208
5.325730 5.724905
5.128162 5.334838
4.983639 5.082592
4.846228 5.012119
4.819079 4.913895
4.883379 4.909774
4.730453 4.939887
4.635720 4.921504
4.539591 4.871902
4.378843 4.788758
4.468720 4.892368
4.482497 4.926348
4.603623 5.036867
4.783114 5.250847
4.714721 5.300301
4.877018 5.575808
4.928269 5.649778
4.893808 5.630141
4.729985 5.466303
4.602624 5.362462
4.425000 5.404660
4.440374 5.275707
4.539947 5.333201
4.458368 5.115837
4.279208 5.013527
4.037119 4.844505
3.826963 4.520294
3.459094 4.145796
3.438040 3.815676
3.160540 3.608647
3.024232 3.415739
2.964489 3.341398
2.976528 3.335832
3.032671 3.352377
3.020503 3.433527
3.023641 3.527580
2.937422 3.447166
3.002642 3.490525
3.094406 3.502745
3.186243 3.604442
3.265249 3.518952
3.374356 3.624199
3.525475 3.727801
3.656894 3.939316
3.757396 4.123964
3.963368 4.230155
4.006751 4.337007
4.047586 4.441958
4.157604 4.415941
4.246853 4.592155
4.334875 4.563228
4.384495 4.652422
4.339623 4.657751
4.465056 4.781594
4.556369 4.939925
4.653099 5.078259
4.667247 5.175725
4.561377 5.178399
4.371535 4.934801
4.015021 4.646916
3.718907 4.357502
3.394168 4.118235
3.138329 3.936091
2.934163 3.851581
2.864872 3.721462
2.833536 3.672444
