0.252804
0.357897
0.417347
0.432170
0.405501
0.327516
0.224795
0.121737
0.214046
0.445102
0.679276
0.952873
1.246358
1.590412
1.947388
2.305025
2.676215
2.945506
3.121321
3.107472
2.879705
2.510557
2.152969
1.803172
1.475565
1.218661
1.119484
1.202154
1.406205
1.742349
2.161564
2.562446
3.011882
3.465016
3.955538
4.459779
4.956701
5.356757
5.643822
5.640078
5.342683
4.894693
4.466072
4.062283
3.650045
3.253722
2.882026
2.603681
2.388107
2.200713
2.150517
2.175212
2.316281
2.545301
2.816452
3.139170
3.516316
3.893748
4.053728
3.948198
3.668486
3.449375
3.284260
3.208825
3.151483
3.160650
3.269244
3.425849
3.657844
3.951031
4.322218
4.702933
5.099356
5.509793
5.854791
6.181653
6.476801
6.806382
7.145536
7.515416
7.892126
8.285912
8.692820
9.121549
9.536785
9.786330
9.882811
10.017799
10.180134
10.365612
10.564825
10.772117
11.018451
11.268996
11.536417
11.853212
12.160659
12.476713
12.795472
13.138302
13.492379
13.634280
13.627217
13.644945
13.686247
13.770466
13.849497
13.941667
14.085533
14.333000
14.739780
15.051585
15.079437
14.912053
14.778780
14.681275
14.607311
14.553471
14.533552
14.532395
14.540229
14.580189
14.645190
14.729810
14.812573
14.924201
14.864377
14.542162
14.098511
13.856715
13.746389
13.671768
13.592473
13.536457
13.498054
13.470055
13.478096
13.505075
13.569294
13.657322
13.778815
13.906434
14.051519
14.235815
14.208797
13.899562
13.492800
13.216543
13.096085
12.993469
12.909314
12.851553
12.833531
12.815243
12.825036
12.867520
12.914517
12.988939
13.085291
13.205897
13.345276
13.303430
13.072642
12.695504
12.440640
12.300798
12.180774
12.084461
12.021741
11.957856
11.947610
11.922059
11.938167
11.935190
11.985920
12.046379
12.129281
12.313344
12.674001
13.004712
13.275401
13.558273
13.809517
14.085503
14.366673
14.636247
14.938719
15.256368
15.583859
15.914734
16.264196
16.609844
16.964857
17.297624
17.644622
18.031706
18.397306
18.760895
19.120107
19.447356
19.881412
20.296495
20.743320
21.161234
21.605033
22.058418
22.513989
22.993820
23.463238
23.926252
24.372584
24.827722
25.288780
25.771168
26.249217
26.711372
27.190294
27.708761
28.207078
28.697076
29.212519
29.718539
30.214606
30.710263
31.202507
31.714538
32.219875
32.714724
33.173847
33.645561
34.098630
34.553292
35.019066
35.492761
35.993324
36.470174
36.945074
37.451951
37.923473
38.399464
38.903362
39.381289
39.876818
40.258246
40.434501
40.323470
40.014251
39.553585
39.074448
38.598182
38.112045
37.615506
37.098474
36.575836
36.064137
35.568782
35.080250
34.570543
34.072823
33.553074
33.053749
32.540357
32.050859
31.537721
31.022695
30.478371
29.966375
29.456671
28.950453
28.447469
27.921752
27.422556
26.917379
26.399653
25.902723
25.414680
24.930354
24.444702
23.974149
23.518082
23.059437
22.589854
22.142363
21.712825
21.277671
20.823037
20.387574
19.937023
19.492560
19.061831
18.602291
18.175438
17.727043
17.283719
16.837153
16.460643
16.190235
16.156614
16.407189
16.859557
17.306155
17.763527
18.217584
18.677660
19.120025
19.571761
20.034770
20.477418
20.934384
21.406835
21.868541
22.360427
22.834189
23.301032
23.774250
24.247730
24.549865
24.829755
25.090772
25.377426
25.702269
25.990360
26.324843
26.809216
27.282859
27.758227
28.231323
28.725490
29.231187
29.739687
30.260826
30.645907
31.093650
31.535073
31.958046
32.343056
32.741921
33.126256
33.529308
33.945821
34.347974
34.761519
35.189783
35.616732
35.981089
36.473274
36.951905
37.446942
37.955380
38.456442
38.976195
39.342682
39.443776
39.260875
38.884871
38.403775
37.899270
37.405943
36.922356
36.440210
35.975951
35.518158
35.063926
34.695215
34.302394
33.911297
33.503713
33.062858
32.624155
32.201054
31.764708
31.333062
30.891799
30.525650
30.018205
29.498924
28.963966
28.442554
28.085395
27.937484
27.989808
28.066944
28.166262
28.255281
28.195979
27.866297
27.402685
26.939187
26.489173
26.004400
25.508087
25.007751
24.512439
24.035453
23.559128
23.081091
22.575133
22.098387
21.604176
21.129734
20.639752
20.157893
19.670193
19.170513
18.692835
18.230701
17.765863
17.337718
16.897775
16.453478
16.018392
15.661848
15.384707
15.425110
15.690146
16.073668
16.473723
16.901292
17.330281
17.770682
18.239487
