2.025447 1.963522
2.014644 1.857318
2.041063 1.783560
2.139708 1.761649
2.272238 1.732342
2.480516 1.777969
2.715825 1.834558
2.968702 1.919903
3.141745 1.912354
3.364672 1.892460
3.635566 1.918316
3.685300 1.926878
3.671452 1.816111
3.725724 1.833718
3.873139 1.860661
3.914049 1.898634
4.050339 2.039530
4.125785 2.153311
4.017487 2.171281
3.829380 2.109075
3.594624 2.009095
3.129358 1.856877
2.753478 1.739974
2.525887 1.690226
2.323528 1.690281
2.347491 1.684189
2.373347 1.853291
2.369583 2.003411
2.570663 2.281279
2.832942 2.639865
3.156912 2.986796
3.482935 3.447629
3.660813 3.798373
3.770778 4.025267
3.819376 4.100601
3.865679 4.082476
3.768078 3.967698
3.841200 3.840277
3.641097 3.631434
3.508046 3.391957
3.257674 3.163215
2.600320 2.572564
2.380895 1.900623
2.276136 1.745772
2.230719 1.687579
2.228667 1.679300
2.252408 1.942992
2.417737 2.214042
2.547149 2.505333
2.515715 2.553738
2.557301 2.768191
2.541286 2.227252
2.349551 1.876653
2.324348 1.465229
2.401269 1.428513
2.482265 1.369260
2.412202 1.411662
2.374121 1.481072
2.208538 1.454149
2.004333 1.376667
1.948283 1.429714
1.852374 1.525671
1.895157 1.598441
2.024046 1.802161
2.252868 2.099190
2.530999 2.441136
2.741039 2.680451
2.843519 2.841995
2.834154 2.725812
2.878207 2.596969
2.949993 2.641605
2.861353 2.174308
2.855475 1.401584
2.960242 1.444005
2.882369 1.380029
2.721366 1.134713
2.641640 1.207478
2.580753 1.264157
2.637604 1.418210
2.733782 1.513323
2.922273 1.830285
2.993668 1.820028
2.912124 1.753522
2.881185 1.767280
2.834951 1.735464
2.782916 1.751781
2.718570 1.837644
2.683267 1.898094
2.622861 1.948247
2.619602 2.054227
2.883820 2.354132
2.688207 2.345780
2.714492 2.456053
2.812050 2.655777
2.993934 2.904818
3.342485 3.197728
3.744054 3.534809
4.084026 3.802018
4.175086 3.916943
4.021977 3.782513
3.972255 3.837198
3.537710 3.346856
3.140829 2.849462
2.876938 2.530197
2.736161 2.286681
2.705356 2.116105
2.579732 1.864209
2.435758 1.485215
2.455624 1.167913
2.412727 1.082899
2.351488 1.204245
2.091463 1.139011
2.038777 1.164077
2.042770 1.178580
2.069447 1.360425
2.217704 1.532929
2.382256 1.577914
2.381060 1.613171
2.440955 1.480109
2.433658 1.336074
2.683755 1.455003
2.533281 1.213887
2.484064 1.207363
2.399754 1.220068
2.334714 1.169563
2.368873 1.238833
2.297950 1.355522
2.255429 1.472160
2.085793 1.528038
1.909118 1.469954
1.808757 1.441501
1.792529 1.453998
1.838805 1.587629
1.969878 1.734034
2.221681 1.926356
2.429294 2.111867
2.620338 2.350928
2.720840 2.517966
2.725426 2.367416
2.609005 2.004270
2.709606 2.047508
2.628356 1.545233
2.532979 1.210739
2.610904 1.145842
2.626406 1.139364
2.552863 1.058504
2.346270 0.986929
2.158090 0.991523
2.025912 1.083119
1.961873 1.208082
2.096661 1.524346
2.148770 1.609076
2.289752 1.701290
2.277462 1.735472
2.362677 1.826176
2.492632 1.767337
2.531469 1.753734
2.546568 1.573868
2.487981 1.391664
2.396636 1.182848
2.549585 1.184197
2.419197 1.135935
2.142521 1.214623
1.913051 1.263873
1.746202 1.228475
1.705767 1.219702
1.792229 1.319747
1.992213 1.443224
2.215836 1.647501
2.340838 1.691029
2.582256 1.935526
2.636329 1.592758
2.459007 1.209177
2.464190 1.096598
2.447855 1.129138
2.510996 1.166990
2.533491 1.130777
2.507496 1.214776
2.435693 1.333186
2.231435 1.332447
2.166957 1.440264
2.057116 1.329808
2.120013 1.330232
2.318610 1.425353
2.614194 1.562049
2.817680 1.703895
2.928983 1.715679
2.941023 1.598174
2.884422 1.488976
2.703363 1.366984
2.770945 1.423122
2.572671 1.330725
2.325646 1.369663
2.171081 1.303165
2.248578 1.392411
2.300702 1.406548
2.348762 1.460145
2.433312 1.620930
2.542139 1.787620
2.720607 1.804809
3.007593 1.988044
3.012623 2.033091
3.109605 2.068916
3.230339 2.137897
3.297343 2.155337
3.422937 2.283856
3.655252 2.306266
3.808413 2.467351
3.815774 2.569221
3.890356 2.614763
4.093136 2.878185
4.013029 2.798824
3.713994 2.781232
3.590965 2.696455
3.473988 2.643703
3.532752 2.677549
3.502531 2.612027
3.684875 2.664404
3.907271 2.699556
3.961674 2.824477
4.159450 3.071724
4.338334 3.102135
4.513899 3.098075
4.630554 3.131448
4.740232 3.153056
4.795077 3.139512
4.846234 3.202853
4.877270 3.241924
4.891642 3.382078
4.981820 3.342663
5.106340 3.508311
5.182561 3.454338
5.255769 3.384462
5.363313 3.367802
5.469919 3.354218
5.441818 3.367363
5.502862 3.288532
5.548522 3.246397
5.543199 3.363819
5.565168 3.250476
5.796455 3.537027
6.020183 3.581900
6.195337 3.537722
6.219967 3.499474
5.960146 3.411876
5.515243 3.222489
5.053022 2.961807
4.576335 2.435205
4.193381 2.203314
3.904685 2.149439
3.849675 2.267725
3.795461 2.231145
3.719826 2.103440
3.689676 2.056744
3.597898 2.062087
3.560511 2.053296
3.481310 2.043299
3.635876 2.120294
3.551976 2.099406
3.671532 2.194550
3.882702 2.393447
3.950046 2.503335
3.962756 2.602885
3.954499 2.635560
4.074308 2.680789
3.999099 2.767750
4.070015 2.836646
4.045289 2.876503
3.920057 2.919780
3.631220 2.904141
3.736148 3.102967
3.561419 2.869025
3.316766 2.755886
3.163587 2.664529
3.151222 2.613527
3.156698 2.557388
3.162062 2.550753
3.024002 2.474953
2.977218 2.488509
2.927893 2.545062
3.115231 2.773611
3.100706 2.749469
3.028896 2.656636
3.089182 2.638450
3.180867 2.697835
3.277411 2.759834
3.342585 2.817541
3.429146 2.858808
3.586075 2.757898
3.701734 2.790180
3.961732 3.001801
3.947661 2.834053
3.874586 2.674181
3.795117 2.599049
3.568340 2.573619
3.294719 2.411826
2.912136 2.214631
2.641975 2.039694
2.341137 1.824636
2.000353 1.668907
1.871697 1.769625
1.839399 1.734402
1.858797 1.802909
1.995841 1.936355
2.229439 2.070131
2.403453 2.163208
2.558970 2.273601
2.753430 2.421333
2.965079 2.520904
3.157348 2.661549
3.486578 2.996429
3.741124 2.980450
3.923375 3.063170
4.065978 3.024363
4.109802 3.114614
4.100436 3.129286
3.950136 3.025142
3.934198 2.906633
3.869162 2.792528
3.788104 2.712207
3.860330 2.954200
3.846501 2.811232
3.746213 2.707033
3.501927 2.612656
3.414934 2.637275
3.351037 2.727493
3.259806 2.839297
3.215490 2.881333
3.277662 2.893589
3.428511 2.921442
3.711031 3.157595
3.655184 3.197221
3.613906 3.186785
3.538012 3.229387
3.560550 3.180897
3.700458 3.215031
3.581200 3.240529
3.702031 3.261223
3.772458 3.378038
3.821019 3.413265
3.903181 3.627032
4.008973 3.705723
3.996645 3.711974
3.971390 3.660578
3.728549 3.572500
3.645437 3.512636
3.707316 3.445705
3.618239 3.398725
3.831996 3.393919
3.971592 3.162051
4.203357 3.333248
4.296978 3.076990
4.218912 2.799081
4.088346 2.391705
3.859701 2.044091
3.614327 1.817089
3.270476 1.767055
3.141638 1.779812
3.086001 1.922992
3.054347 2.041796
3.184130 2.290813
3.184325 2.375866
3.357984 2.424485
3.324629 2.339828
3.536040 2.315994
3.648127 2.335682
3.833531 2.473260
4.083313 2.660800
4.327024 2.755043
4.536301 2.852513
4.806365 3.148371
5.001554 3.222153
5.022022 3.156713
4.820356 3.054743
4.623824 2.965223
4.340361 2.879471
4.036702 2.761523
3.660821 2.562085
3.239792 2.321322
2.870330 2.046361
2.743576 2.009305
2.387973 1.924956
2.424974 1.957339
2.415598 2.016078
2.474043 2.085776
2.490383 2.120432
2.409434 2.156445
2.468397 2.208428
2.532157 2.220150
2.681599 2.294364
2.897599 2.532550
2.851425 2.505722
2.948086 2.592829
2.944292 2.609730
2.927910 2.641502
2.874110 2.604642
2.939854 2.651141
2.941936 2.600621
2.950051 2.614354
2.973603 2.637532
3.112668 2.820613
3.071220 2.759028
3.009682 2.644429
2.919800 2.638413
3.012595 2.541966
3.225770 2.602237
3.446574 2.638688
3.639556 2.727349
3.765793 2.826632
3.880657 2.914304
3.924055 3.180719
3.831766 3.071062
3.515234 2.941727
3.172310 2.616504
2.660913 2.323584
2.372289 2.082679
2.140086 1.843018
2.127653 1.759077
2.115054 1.788753
2.187294 1.882860
2.340320 2.143591
