2.016749 1.996993
2.066579 2.025590
2.160606 2.080146
2.331823 2.130769
2.534726 2.197717
2.773733 2.304806
3.047649 2.470524
3.340684 2.677749
3.659099 2.932885
3.980629 3.187125
3.780595 2.760323
3.795121 2.394310
3.845151 2.472605
3.975278 2.604495
4.241440 2.872347
4.578745 3.196252
4.906052 3.540791
5.081846 3.816217
5.231527 3.966894
5.332380 3.973510
5.308998 3.905089
5.168181 3.736587
5.032425 3.596146
4.975921 3.434624
4.765940 3.209448
4.481684 2.872043
3.990865 2.547156
3.305318 2.254099
2.725678 2.027331
2.257862 1.817830
2.037833 1.725027
1.988010 1.802654
2.010741 1.916874
2.171257 2.028766
2.360922 2.139064
2.683977 2.220797
3.014576 2.395424
3.210260 2.567633
3.293877 2.585488
3.237148 2.453872
2.992924 2.253759
2.648734 2.013216
2.427559 1.748149
2.291764 1.635101
2.155531 1.621998
2.015365 1.689433
2.106656 1.882204
2.147477 2.100887
2.336834 2.361892
2.600435 2.663884
2.969141 3.076917
3.320445 3.430979
3.735013 3.843336
4.236856 4.291063
4.609705 4.800392
5.013391 5.273519
5.290319 5.625463
5.452796 5.853383
5.468400 5.946696
5.328046 5.931872
5.160756 5.781659
5.073044 5.510085
5.022002 5.236052
4.894817 4.918305
4.743123 4.507831
4.496313 4.057462
4.219209 3.439231
3.804352 2.982615
3.468183 2.623879
3.098478 2.311051
2.835069 2.133238
2.567508 2.083040
2.469870 2.084705
2.480775 2.199542
2.438290 2.350293
2.556497 2.485121
2.753932 2.672162
3.052224 3.011045
3.446743 3.358904
3.788846 3.649328
4.119054 3.948144
4.468953 4.188294
4.845917 4.513887
5.228141 4.792553
5.536637 5.097976
5.791467 5.260115
5.988214 5.538065
6.165629 5.845491
6.416159 6.204081
6.689925 6.609989
7.007067 7.019489
7.277218 7.464672
7.420961 8.090220
7.555887 8.807747
7.761226 9.586341
7.917155 10.246270
7.960570 11.017116
8.079503 11.771325
8.231146 12.407704
8.334460 12.773640
8.372435 13.105933
8.300140 13.267852
8.126421 13.314599
7.946476 13.443380
7.891979 13.522813
7.893524 13.676376
7.832456 13.830857
7.874848 14.045948
8.044772 14.137233
8.141620 14.247145
8.221684 14.227688
8.317938 14.256752
8.343187 14.295278
8.336336 14.352468
8.484602 14.451346
8.544905 14.516691
8.631096 14.639309
8.810434 14.725287
8.983883 14.942747
9.240622 15.092021
9.425190 15.351478
9.642775 15.542283
9.885453 15.882246
10.212741 16.189297
10.518768 16.405089
10.772011 16.583270
10.942349 16.836745
11.040868 17.006457
11.138566 16.965476
11.063349 16.924912
11.042206 16.801620
10.930763 16.729931
10.958711 16.683302
11.031044 16.681745
11.050967 16.747304
11.108224 16.889665
11.273122 16.967105
11.382015 17.007195
11.470528 17.145340
11.597299 17.267146
11.759673 17.337466
11.885390 17.394111
11.981169 17.463526
11.988059 17.444688
12.062410 17.486770
12.021462 17.352403
11.978440 17.115753
11.887098 16.930136
11.815750 16.855693
11.837116 16.810169
11.844077 16.805611
11.970665 16.853704
12.038934 16.901963
12.219928 16.953138
12.312879 16.947555
12.486363 16.982069
12.580625 17.021673
12.726587 17.042310
12.827451 17.080204
12.964444 17.123894
13.134813 17.208553
13.252911 17.210581
13.308228 17.009627
13.331479 16.787821
13.239446 16.567739
13.028789 16.066343
12.820471 15.592744
12.653297 15.384063
12.612922 14.997396
12.435669 14.496787
12.390450 13.937745
12.088013 13.404137
12.019803 12.736733
11.881999 12.148364
11.794611 11.767073
11.577669 11.379986
11.330045 11.180549
11.280511 10.965871
11.207134 10.923025
10.970306 10.682289
10.439363 10.329453
9.664377 9.793338
9.354916 8.841729
8.786002 8.087915
8.326985 7.766825
7.665211 6.659697
7.194845 6.265625
5.931484 5.406791
5.579213 5.140525
5.079342 5.075584
4.717208 4.665892
4.383127 4.206926
4.076540 3.610002
3.813114 3.432474
3.916691 3.557572
3.947854 3.641143
3.996744 3.605850
4.054960 3.605880
4.260260 3.735470
4.390222 3.629026
4.342288 3.520523
4.309561 3.365208
4.211102 3.109059
4.127533 2.903404
4.126392 2.836720
4.198513 2.870628
4.213541 2.935778
4.225241 3.031886
4.135372 3.152363
4.098835 3.352167
4.122735 3.472657
4.097224 3.581480
4.033056 3.666761
4.117150 3.764701
4.039085 3.817722
4.080582 3.937308
4.203484 3.924005
4.297279 3.942419
4.319459 3.968877
4.333273 4.045176
4.326012 4.006836
4.242085 3.874749
4.223040 3.785670
4.244435 3.692856
4.182237 3.708149
4.124889 3.679248
4.206063 3.597607
4.247428 3.545018
4.185961 3.555679
4.176447 3.655988
4.126601 3.793211
4.059779 3.820608
4.040921 3.826275
4.052738 3.805866
4.173313 3.735177
4.215517 3.787918
4.282422 3.699369
4.367550 3.537719
4.367645 3.555439
4.356040 3.428696
4.390203 3.414241
4.487206 3.370051
4.622052 3.294581
4.552072 3.266205
4.383303 3.075067
4.190435 2.911485
3.929378 2.605877
3.654473 2.400425
3.491546 2.277787
3.385104 2.231709
3.351151 2.348046
3.323243 2.399790
3.323014 2.524928
3.276448 2.581394
3.286182 2.672755
3.263272 2.794469
3.371225 2.887960
3.397829 2.973270
3.492982 3.109368
3.580128 3.244205
3.639369 3.354659
3.711862 3.318791
3.769795 3.323644
3.875887 3.377014
4.086778 3.437826
4.106165 3.483504
4.222658 3.501140
4.235962 3.561177
4.358449 3.601645
4.368572 3.627090
4.417051 3.630583
4.407927 3.601843
4.340691 3.544901
4.410898 3.484377
4.533873 3.462910
4.524471 3.412629
4.638886 3.514306
4.838220 3.426257
4.905749 3.461547
5.032093 3.600084
4.955238 3.673406
4.937905 3.736600
4.885529 3.795652
4.800814 3.767488
4.815825 3.695308
4.685684 3.586367
4.589832 3.436662
4.358904 3.263274
4.299778 3.075621
4.270189 3.017588
4.355644 3.023634
4.341818 2.953705
4.412541 3.070520
4.622658 3.142413
4.877777 3.047265
4.952715 3.028391
4.895257 2.898966
4.717648 2.764816
4.436099 2.520908
3.904170 2.247743
3.674348 2.146767
3.485757 2.083894
3.454866 2.086073
3.369777 2.123818
3.403723 2.196253
3.354003 2.228420
3.415113 2.333429
3.564653 2.366865
3.724340 2.451341
3.877878 2.625508
3.940358 2.671352
3.991084 2.748210
4.101215 2.796146
4.242442 2.951664
4.317892 3.022219
4.309739 3.150262
4.316137 3.179847
4.286038 3.252717
4.262952 3.189222
4.250270 3.168848
4.337337 3.276853
4.315317 3.338588
4.344963 3.405758
4.446961 3.490926
4.529931 3.552113
4.644569 3.619470
4.608858 3.656655
4.653460 3.582784
4.569941 3.592101
4.537136 3.684493
4.637725 3.647591
4.553246 3.639930
4.471156 3.622381
4.389647 3.599291
4.465946 3.500019
4.374789 3.555667
4.400444 3.613999
4.362111 3.618532
4.371972 3.699790
4.416629 3.626348
4.524983 3.604071
4.685098 3.623571
4.791986 3.600118
4.847325 3.612035
4.890579 3.554349
4.877142 3.539614
4.850943 3.576886
4.809340 3.458060
4.870711 3.350090
4.801825 3.306895
4.880491 3.208548
4.822270 3.125597
4.704443 3.042215
4.415285 2.829341
4.105798 2.601566
3.721953 2.469390
3.534757 2.300053
3.375682 2.321332
3.379718 2.350831
3.441607 2.447529
3.549113 2.546073
3.653056 2.671017
3.800052 2.832166
4.001586 2.837779
4.052559 2.945649
4.146319 2.967056
4.144690 3.032881
4.289835 3.186263
4.437269 3.318219
4.374138 3.387544
4.423730 3.447219
4.480801 3.535798
4.404649 3.626959
4.509158 3.630091
4.529793 3.710133
4.573495 3.735499
4.601592 3.779270
4.614768 3.776874
4.597428 3.726761
4.564603 3.535564
4.398485 3.339980
4.331725 3.175125
4.284734 3.108882
4.253923 3.012402
4.242041 3.020492
4.221555 3.008507
4.307281 3.020982
4.338104 2.996542
4.399177 3.099254
4.435404 3.084925
4.493006 3.220732
4.468888 3.352126
4.588763 3.458891
4.755070 3.595126
4.847819 3.740212
4.874366 3.861695
4.921374 3.949037
5.039929 3.917787
5.075266 3.982310
5.130342 3.977150
5.225023 4.029361
5.271623 4.026062
5.329039 3.882382
5.332423 3.708131
5.336194 3.670253
5.430116 3.428197
5.433607 3.279021
5.316970 3.243570
5.393406 3.267017
5.602809 3.307328
5.748562 3.307191
5.760083 3.357664
5.557239 3.292869
5.331176 3.087706
5.066265 2.851152
4.811718 2.424323
4.594619 2.232778
4.529632 2.165084
4.519038 2.256543
4.606887 2.346027
4.692279 2.362597
