110
140
200
260
330
330
450
480
490
510
590
650
690
620
600
600
620
730
630
630
600
650
630
640
640
590
610
580
610
630
610
650
640
600
690
840
780
600
600
640
610
630
640
530
610
660
670
670
670
680
650
580
740
630
580
650
610
590
610
590
480
430
510
550
540
610
600
630
610
620
640
620
650
620
580
620
630
610
570
560
580
600
630
710
700
640
630
630
640
630
690
540
560
550
690
670
670
620
630
590
630
650
590
590
590
650
630
600
610
620
630
600
680
710
640
630
590
600
590
590
560
560
620
600
590
620
580
580
640
670
670
650
670
800
610
630
640
630
650
640
610
660
620
610
640
580
640
670
630
650
610
640
650
670
670
790
630
660
670
660
660
680
660
660
690
680
660
660
670
720
660
750
700
700
760
840
850
840
850
840
730
670
660
730
680
660
650
620
580
660
670
600
650
670
670
660
660
680
660
660
670
680
670
660
670
680
660
680
670
650
670
670
660
640
630
650
600
610
630
630
640
630
650
650
630
620
630
670
630
630
620
570
640
650
650
610
640
630
620
670
670
660
580
620
610
630
730
660
640
640
670
650
670
840
740
600
620
580
790
620
640
660
640
610
620
630
650
600
610
620
620
640
620
620
630
620
590
560
580
650
580
560
580
580
660
660
610
630
750
590
680
560
590
550
560
630
570
610
670
670
610
640
640
580
560
550
640
620
690
640
580
600
550
560
660
690
640
650
650
600
650
590
560
620
620
640
630
620
630
620
640
630
600
570
610
600
590
630
570
570
600
630
630
580
610
600
610
610
640
620
600
630
620
630
610
640
620
650
620
620
650
650
700
680
650
690
670
630
620
610
660
600
610
600
620
610
550
640
620
610
640
650
620
650
640
640
640
610
550
580
580
450
500
610
620
610
590
640
670
630
620
550
660
640
640
620
550
550
590
650
640
670
620
630
630
740
840
790
680
680
620
