0.245953
0.255575
0.228702
0.208734
0.234068
0.325552
0.553087
0.710192
0.791096
0.602175
0.566706
0.411991
0.279139
0.254877
0.440137
0.608389
0.852954
1.164858
1.446530
1.572657
1.376393
1.076903
0.654920
0.264771
0.162274
0.664254
1.133701
1.543198
1.859146
1.980983
2.077687
1.951147
1.715117
1.332316
1.097802
0.901056
0.925358
1.055348
1.180469
1.236442
1.215811
1.092929
1.125050
1.220172
1.419645
1.626023
1.849751
1.956622
1.795951
1.450057
1.476778
1.065766
1.045787
0.952259
0.788438
0.720324
0.792401
1.061606
1.172825
1.092563
1.071178
1.008494
1.117336
1.286374
1.606498
1.757135
1.912221
1.959228
1.750991
1.516893
1.353669
1.194855
1.167492
1.288488
1.427810
1.683134
1.948207
2.272351
2.572610
2.849635
3.176690
3.514525
3.691332
3.850134
4.101366
4.225950
4.440989
4.519936
4.591922
4.765659
5.078475
5.198507
5.616868
6.027497
6.649550
7.338089
8.026414
8.747211
9.480869
10.265624
10.734887
11.037358
11.171546
11.257536
11.206558
11.057663
10.752678
10.548844
10.325748
10.259732
10.393450
10.595817
10.802556
10.806427
10.891637
11.048688
11.343203
11.640059
11.953289
12.346268
12.703791
13.118972
13.432408
13.676263
13.764122
13.748272
13.656296
13.324375
13.065847
12.759627
12.631048
12.478674
12.350842
12.225630
12.083566
11.914711
11.671928
11.551910
11.209715
10.878004
10.654782
10.267515
9.804731
9.396672
9.099246
8.849271
8.510386
8.459904
8.481026
8.562129
8.736746
8.837933
9.253999
9.466868
9.846369
10.226018
10.635473
11.077047
11.407861
11.619583
11.858948
11.713798
11.585608
11.254359
10.957465
10.804366
10.667020
10.631933
10.552679
10.473050
10.368417
10.237646
9.960231
9.674989
9.371547
8.997708
8.661871
8.297094
8.134937
8.255985
8.550346
8.693241
8.863498
9.066548
9.439575
9.781906
10.364189
10.955467
11.664515
12.581071
13.287228
14.018265
14.806338
15.670628
16.316998
16.994865
17.528832
18.031047
18.546464
18.868538
19.141938
19.502515
20.003716
20.430557
20.924375
21.480427
21.994176
22.492497
22.924386
23.386002
23.949459
24.083370
24.344738
24.354178
24.552202
24.804941
25.235267
25.668910
26.129132
26.701386
27.273357
27.873573
28.595416
29.151100
29.787449
30.431018
30.868432
31.516948
32.074141
32.701653
33.187310
33.919970
34.596306
34.987961
35.460824
35.812291
36.148910
36.680483
37.338599
37.919212
38.336111
38.731599
39.111716
39.229605
39.017833
38.545901
38.153627
37.636136
36.852079
36.062389
35.263810
34.514502
33.747652
32.880024
32.002600
31.150556
30.333181
29.478564
28.695832
27.810748
27.061970
26.109866
25.126959
24.226822
23.332287
22.530309
21.901165
21.308297
20.696731
20.235988
19.856843
19.425432
19.210172
19.235602
19.438838
19.836392
20.358996
21.135092
21.818970
22.291076
22.629560
23.110125
23.346029
23.446965
23.430663
23.339104
23.144459
22.812489
22.390285
21.736485
21.054335
20.205492
19.172540
18.167999
17.074606
16.235440
15.746419
15.808733
16.024308
16.354274
16.805660
17.111880
17.482906
17.908023
18.430945
18.973777
19.597956
20.204599
20.769340
21.425462
22.195496
23.072071
23.898564
24.455726
25.103965
25.626595
25.996667
26.624689
27.655581
28.589824
29.175365
30.088575
30.782414
31.839708
32.615748
33.330106
34.077018
34.721570
35.333457
35.828390
36.374818
36.753951
37.052749
37.189194
37.615770
37.959798
38.093130
37.849366
37.281761
37.858275
38.708217
42.041494
43.139896
44.153270
45.473733
47.259049
49.026001
50.770307
52.349135
53.826427
54.834668
56.678554
57.245701
56.843432
56.037202
55.016296
54.054262
53.133675
52.230801
51.385419
50.655642
50.010687
49.378528
48.692407
47.487806
46.256529
45.232719
44.449308
43.665623
42.857285
42.196576
41.023673
39.932376
38.671099
37.338314
36.118121
35.007134
33.978609
33.385085
33.203713
33.290695
33.238938
32.786932
32.242886
32.291438
32.373732
31.882874
31.214629
30.270658
29.172168
28.264802
27.138479
25.893216
24.703364
23.631138
22.551538
21.639442
20.796025
19.933969
19.120788
18.420446
17.604508
17.003278
16.360304
15.779450
15.436022
15.093380
14.744973
14.416245
14.193411
13.833490
13.734052
13.905687
14.090249
14.499816
14.717813
14.871854
15.076734
15.344074
15.525986
15.787937
