30
4950
5190
5340
5420
5210
5690
5670
5960
6120
380
5110
5050
5340
5710
5740
5760
5520
5560
5370
320
4520
4690
4670
4830
5580
5020
5760
5970
6010
330
5090
5140
5370
5320
5610
5700
5820
5910
6120
380
4810
6210
5560
5400
5480
5850
5450
5710
5830
440
5930
5250
4900
4770
4920
5800
5910
5310
5550
320
4420
4820
5080
4760
5220
5760
6050
5300
7020
380
5010
5330
5260
4880
5460
5240
6060
5420
5970
320
4690
4930
5290
5280
4960
5550
5740
6200
6270
350
5260
5620
4720
5320
5750
5610
6060
5710
6190
340
4760
5410
5620
5520
5390
5630
5580
5760
5970
350
5120
5600
5470
5080
5140
5250
5910
5390
5310
310
4450
4550
5280
5510
5530
5540
5710
5430
5680
330
5500
5230
5670
5340
5170
5670
5850
5710
5590
410
4830
5040
6290
5370
5330
5190
5570
5300
5440
320
4510
4630
4800
4880
4980
5100
5210
5360
5450
320
4570
4620
4800
4870
5010
5120
5210
5560
5970
370
4890
5180
5330
5500
6290
5760
6290
6140
5520
350
5040
4930
4990
5420
5580
5460
5210
5650
6360
440
4980
5070
5300
5300
5370
5570
5690
5880
6130
360
5120
5070
5300
5450
5650
5640
5900
5890
5940
350
5020
6010
5270
5320
5170
5330
5220
5320
5510
330
4680
5070
5120
5220
5280
5160
5710
5860
5940
330
4810
4790
5360
5350
5500
5630
5660
5790
5860
460
4700
5060
5170
5280
5430
5430
5650
5840
5490
310
4450
4930
4700
6060
5660
5440
5650
6630
6420
330
4900
5110
6270
5200
5190
5500
6030
6070
5870
320
4260
5130
5460
5740
6650
6220
5560
6510
6420
380
5390
4890
4860
5390
5540
5790
5730
5810
5950
370
5020
5190
5270
5430
5610
5630
5720
5950
5680
350
5020
5200
5250
5330
5500
5680
5820
5850
6060
380
4580
4650
4720
4920
5660
5090
5280
5360
5440
330
4540
4680
4810
4880
5030
5110
4490
5380
5460
330
4570
4670
4780
4870
4990
5160
5760
7350
5780
330
4550
4670
4770
4920
5010
5150
5230
5380
5490
340
4580
4870
4770
4900
5020
5180
5230
5380
5480
320
4540
4930
4750
4840
4970
5080
5700
5320
5430
320
4540
4720
4770
4920
5290
6300
5230
5340
5530
350
4550
4680
4780
4920
5000
5110
5230
5360
5460
330
4570
4670
4760
4880
4990
5110
5250
6770
6990
320
4640
4670
4780
4970
6910
5440
6330
5330
5980
440
6010
4990
6230
5200
5300
5170
5450
5610
5540
260
