0.279307
0.382828
0.415405
0.399329
0.336801
0.258709
0.151108
0.024546
0.187295
0.393426
0.499729
0.643020
0.823875
1.062254
1.381318
1.687719
2.030238
2.312823
2.417761
2.403164
2.166078
1.802916
1.451941
1.119114
0.808605
0.726214
1.042071
1.492686
1.736506
2.111958
2.300565
2.587751
3.010888
3.516648
3.938104
4.394229
4.926335
5.371515
5.687759
5.744793
5.518905
5.135748
4.854013
4.528976
4.111643
3.863764
3.387635
3.033418
2.694198
2.482396
2.287178
2.340551
2.438207
2.591720
2.840893
3.114966
3.454545
3.779441
3.868751
3.865915
3.588151
3.333330
3.240588
3.230634
3.285683
3.505561
3.743287
4.019978
4.292748
4.636234
4.911223
5.236258
5.464863
5.810113
6.125768
6.532500
6.840207
7.210034
7.578193
7.963337
8.361016
8.729923
9.032910
9.441668
9.841196
10.147872
10.360693
10.664645
10.958638
11.117729
11.372585
11.797197
12.121383
12.327250
12.713726
13.072293
13.478634
13.849732
14.108449
14.424628
14.732808
14.901817
14.923100
14.937606
15.135103
15.328736
15.674159
15.754751
15.839872
16.100330
16.402688
16.547815
16.587429
16.282109
16.092176
15.921796
15.908486
15.704506
15.646405
15.592484
15.532450
15.275053
15.089391
14.998793
14.975219
14.886982
14.683331
14.439179
13.986997
13.791612
13.988458
14.115910
14.158310
14.184816
14.172413
14.180052
14.569587
14.759054
14.965877
15.239138
15.922532
16.628736
17.184244
17.859800
18.381510
18.449875
18.514253
18.357802
18.229547
17.970976
17.726808
17.483430
17.285826
17.180816
16.925593
16.433541
15.889309
15.345777
14.850840
14.330073
13.723356
13.091599
12.408478
11.814288
11.573918
11.713706
11.838654
11.939023
12.265170
12.741862
13.573632
14.521246
15.404955
16.286280
17.144391
17.960715
18.693599
19.450359
20.075026
20.272766
20.234599
20.243398
20.192671
20.271585
20.303408
20.443133
20.526696
20.714541
20.885992
21.017597
21.104727
21.173278
21.033953
20.823815
20.475662
20.202911
20.053176
20.043251
20.122906
20.600079
21.247345
21.968436
22.657957
23.340243
24.051014
24.779413
25.373729
25.936937
26.529577
27.045781
27.598523
28.051950
28.574096
28.959915
29.342859
29.618395
29.843172
30.111192
30.310936
30.373190
30.680722
30.947623
31.094723
31.296301
31.489848
31.704069
32.085705
32.497753
33.090054
33.739226
34.433065
35.210720
35.905500
36.663765
37.399774
38.093031
38.763812
39.365935
39.889863
40.573523
41.034996
41.550544
42.059546
42.540101
42.712314
42.648698
42.246727
41.683398
41.111991
40.561966
39.974331
39.424024
38.846511
38.417934
37.872563
37.379629
36.879130
36.316051
35.695131
35.377688
34.776303
34.147241
33.497058
32.895877
32.346245
31.747683
31.302676
30.810886
30.333352
29.761185
29.281421
28.797139
28.272907
27.813442
27.350660
26.751949
26.111972
25.477568
24.792618
24.131161
23.708579
23.405816
23.065730
22.747779
22.484249
22.243646
21.978356
21.574294
21.276432
20.825674
20.362980
19.801773
19.375968
18.789332
18.139579
17.708356
17.364212
17.348158
17.632768
18.107154
18.650793
19.217149
19.774075
20.311955
20.825161
21.360883
21.850770
22.346446
22.904752
23.411184
24.005568
24.526924
24.976960
25.505090
26.005962
26.478459
26.702764
27.005739
27.165160
27.300267
27.558899
27.770956
28.078600
28.534726
28.995633
29.724131
30.312012
30.928881
31.434671
32.121374
32.795424
33.310240
33.807201
34.077654
34.541828
35.056652
35.489457
35.970413
36.529819
36.898366
37.393520
37.800492
38.272955
38.746427
39.135875
39.581746
39.968631
40.386597
40.833911
41.307595
41.729472
41.953321
41.936133
41.576745
40.936046
40.272865
39.614699
39.052852
38.551346
38.046534
37.659334
37.203428
36.689178
36.223395
35.869430
35.349860
35.008455
34.645563
34.334369
33.981513
33.613982
33.309115
32.884332
32.583238
32.050455
31.476428
30.980657
30.526034
30.202246
30.040540
30.049848
30.053659
30.143163
30.184473
30.059286
29.814374
29.420505
28.871046
28.245262
27.806479
27.452078
27.075138
26.695564
26.251337
25.933633
25.204454
24.642620
24.152482
23.681443
23.236792
22.593215
22.238508
21.716774
21.325641
20.821516
20.348976
19.976647
19.450567
18.976135
18.415632
17.906809
17.308529
17.050269
17.070649
17.463012
17.913205
18.362724
18.820083
19.222999
19.671014
20.099513
