0.359935
0.460171
0.510665
0.520470
0.485305
0.398892
0.307326
0.155617
0.049027
0.257331
0.510383
0.821418
1.114958
1.429545
1.750536
2.112197
2.485485
2.777849
2.921493
2.804011
2.529495
2.094452
1.662583
1.265540
0.883837
0.617600
0.682059
1.021753
1.468192
1.948680
2.432916
2.930976
3.429185
3.936243
4.418220
4.911074
5.379377
5.734859
5.935564
5.864721
5.580695
5.120474
4.682338
4.245279
3.827207
3.408525
3.014829
2.642524
2.298664
1.980613
1.738490
1.621755
1.648378
1.806327
2.073653
2.418977
2.790376
3.144052
3.306152
3.219441
2.957081
2.738624
2.591237
2.497553
2.518921
2.630720
2.846572
3.133450
3.474453
3.842265
4.247023
4.651838
5.103905
5.547295
5.934156
6.268877
6.509882
6.769863
7.060017
7.380329
7.723270
8.087302
8.466418
8.858699
9.218760
9.437387
9.517908
9.649313
9.799523
9.967154
10.148399
10.329271
10.512929
10.689638
10.909736
11.161154
11.428714
11.686015
11.989799
12.302792
12.684489
12.879689
12.969679
13.073130
13.206685
13.354638
13.491930
13.678374
13.896087
14.167546
14.566249
14.837749
14.840136
14.671253
14.503341
14.328083
14.170399
14.045477
13.931751
13.837840
13.763656
13.735951
13.741509
13.777582
13.820669
13.873304
13.784739
13.462627
13.083466
12.879078
12.799679
12.753253
12.743072
12.767180
12.781984
12.820415
12.882431
12.957185
13.060277
13.156024
13.272503
13.426113
13.611660
13.798999
13.844516
13.591056
13.185937
12.874630
12.691698
12.531437
12.361623
12.243153
12.167714
12.106365
12.072314
12.086039
12.116903
12.151961
12.194890
12.266615
12.389777
12.329575
12.013429
11.617012
11.397369
11.312184
11.241744
11.169714
11.110645
11.099037
11.087657
11.084398
11.123594
11.159636
11.247469
11.345104
11.457096
11.678232
12.066686
12.417075
12.694068
12.983486
13.269648
13.574807
13.901304
14.230942
14.571323
14.900431
15.236569
15.611291
15.968687
16.328588
16.693199
17.040683
17.411732
17.787859
18.161224
18.546046
18.920626
19.299991
19.796793
20.284501
20.792756
21.318719
21.813094
22.297652
22.788193
23.299760
23.794703
24.289815
24.801811
25.292322
25.792408
26.285871
26.752548
27.233149
27.719146
28.183796
28.670227
29.127098
29.579723
30.035363
30.483373
30.907492
31.320166
31.760485
32.231376
32.679111
33.147128
33.615383
34.091955
34.556495
35.008682
35.493698
35.956442
36.401266
36.838676
37.294753
37.753511
38.242430
38.751405
39.245196
39.734066
40.119563
40.330337
40.246180
39.891191
39.367721
38.905463
38.399211
37.902068
37.415826
36.938980
36.439148
35.967564
35.508000
35.030408
34.550040
34.038424
33.531558
33.007562
32.518932
32.027611
31.525694
31.025580
30.519000
30.005072
29.523911
29.023220
28.551284
28.094074
27.622228
27.142044
26.653899
26.158755
25.656584
25.163630
24.661652
24.153538
23.643780
23.134292
22.612726
22.094616
21.569517
21.035529
20.507686
19.982826
19.470430
18.965101
18.462509
17.932303
17.407276
16.898136
16.392454
15.890212
15.498658
15.247512
15.272655
15.558144
16.035209
16.519896
17.000655
17.477439
17.988640
18.467841
18.958869
19.453780
19.974253
20.500013
21.031590
21.533354
22.054013
22.559580
23.071457
23.553200
24.052445
24.389986
24.704919
25.018550
25.322041
25.652758
26.002175
26.341591
26.850304
27.396794
27.932903
28.490966
29.026070
29.562043
30.092977
30.612046
31.006668
31.401488
31.794162
32.174495
32.579862
32.995770
33.416614
33.828493
34.231844
34.661804
35.060067
35.509524
35.925659
36.288268
36.781645
37.276938
37.763082
38.244023
38.766822
39.283387
39.613249
39.723657
39.526540
39.151264
38.669678
38.177433
37.692982
37.182131
36.698736
36.214550
35.739375
35.241507
34.851384
34.438945
34.030102
33.606975
33.190309
32.762525
32.339198
31.931250
31.515005
31.110249
30.735934
30.231034
29.741208
29.213750
28.689774
28.332593
28.182318
28.238247
28.301021
28.358540
28.451649
28.386844
28.076604
27.583797
27.100907
26.619277
26.120565
25.640279
25.146683
24.652189
24.148097
23.635771
23.113676
22.614646
22.122425
21.591744
21.077907
20.579764
20.077081
19.577098
19.098699
18.588707
18.086602
17.593012
17.100401
16.601374
16.104597
15.585726
15.168520
14.865267
14.889995
15.209365
15.627988
16.072477
16.512707
16.955641
17.405552
17.873231
