40
4990
5140
5240
5410
5540
5670
5740
5980
6010
360
5020
5110
4640
5310
5280
5620
7090
7100
5970
350
4690
5330
5310
5240
5560
5450
5710
6340
6060
360
4820
5180
5150
5270
5150
4960
5600
5780
6000
370
5250
4820
5360
4990
5310
5390
5980
5780
5950
380
5230
5510
5150
5800
5230
5030
5140
5530
5760
340
4920
5150
5260
5390
5450
5880
6070
5730
6090
450
5100
6480
5280
5450
5490
5750
6600
7040
7060
380
5020
5100
5080
5870
5040
5570
5810
6490
6110
380
5140
4570
5000
5620
4990
4980
5120
5260
5950
380
4660
4890
5270
5770
5640
5190
5690
5700
5990
370
5280
5110
5270
6270
5480
5380
5300
5770
5960
370
4920
5100
5630
5500
5290
5390
5890
5340
5530
370
5060
5870
5400
5680
5750
5310
5710
6240
6330
360
4910
4530
4640
4990
5210
4960
5090
5700
5920
320
5110
5010
5550
5170
4950
5100
5830
5880
6000
320
5060
4530
5620
5090
6160
5580
5190
5500
6210
370
4950
5050
5570
5070
5370
5810
5600
5640
5670
320
4490
6520
6610
5490
5560
5560
5830
5980
5900
380
4930
4760
5500
4910
5050
5390
5800
6050
6280
450
4760
5320
6540
6450
5270
5160
5750
5950
7450
320
4420
4600
5090
5370
5540
5170
5370
6180
6510
340
4920
5060
5300
5220
6430
5220
5400
5970
6100
380
5090
5250
5440
5370
5130
5440
5660
5490
6020
450
4980
4880
4840
4760
5250
5460
5460
6020
5550
320
4490
4970
5240
6770
5190
5520
6130
6010
7510
450
5870
5050
5200
6780
5810
5500
5210
5330
6110
310
4460
4670
4770
5870
5270
5460
5200
5270
5380
320
4430
4530
4660
4740
4860
5040
5140
6210
6320
380
5240
5380
5510
5620
5750
5890
6020
5550
6280
370
5270
5370
5500
5620
5750
5400
6000
6140
6310
370
5270
5360
5530
5630
5750
5900
6020
6120
6270
380
5260
5370
5500
5630
5780
5870
6010
5530
6950
330
4570
4860
6480
4900
6390
6510
5230
5370
5480
330
5020
4670
4780
6510
6940
7070
5830
5460
5720
330
4750
5710
6460
4960
5010
5200
5210
5370
5450
330
4520
5150
4750
5680
4970
5090
5580
5820
5860
330
4780
4680
5480
6680
5160
5240
5240
5680
5520
340
5240
4960
4850
5000
5260
5190
5310
5420
5590
330
4700
4930
4860
4950
5090
5200
5310
5440
5550
330
4630
4740
4850
4980
5110
5200
5320
5430
5550
340
4640
4740
4840
5010
5110
5270
5320
5460
5560
260
