3230
3240
3320
3380
3210
3250
3370
3310
3570
3510
3260
3140
3300
3370
3480
3580
3630
3630
2910
2680
3230
3290
3430
3500
3340
3410
3250
3380
3260
3450
3130
3320
3510
3630
3640
3750
3970
3400
3750
3910
3820
3630
3640
3660
3640
3730
3500
3460
3480
3250
3140
3350
3300
3420
3410
3460
3300
3170
3140
3290
3480
3250
3420
3430
3430
3520
3480
3460
3320
4260
3570
3550
3380
3610
3630
3510
3560
3480
3510
3920
3420
3520
3490
3590
3350
3460
3320
3480
3430
3420
3360
3460
3450
3510
3390
3420
3510
3510
3480
3600
3560
3630
3110
3030
3350
3530
3480
3430
3500
3660
3480
3450
3470
3450
3470
3520
3480
3430
3490
3680
3450
3440
3490
3530
3440
3490
3450
3120
3320
3610
3430
3260
3410
3530
3380
3390
3390
3500
3390
3250
3140
3500
3470
3270
3440
3520
3340
3400
3310
3620
3350
3290
3430
3420
3380
3320
3210
3410
3450
3480
3470
3330
3150
3170
3370
3240
3250
3220
3150
3550
3220
3350
3510
3420
3350
3550
3600
3430
3410
3580
3110
3130
3100
3100
3350
3560
3470
3470
3490
3600
3540
3460
3530
3420
3490
3420
3050
3480
3490
3520
3470
3640
3630
3580
3460
3410
3470
3510
3550
3740
3410
3450
3960
4400
4050
3560
3430
3530
3550
3680
3510
3320
3420
3480
3410
3420
3380
3410
3500
3660
3460
3450
3490
3520
3480
3410
3470
3520
3320
3620
3420
3490
3470
3570
3040
3460
3400
3490
3540
3780
3650
3470
3490
3490
3400
3460
3370
3460
3490
3520
3430
3430
3440
3570
3320
3490
3550
3410
3410
3600
3430
3460
3430
3470
3400
3420
3440
3370
3480
3640
3530
3520
3480
3470
3580
3440
3430
3360
3460
3630
3500
3500
3850
3440
3460
3450
3520
3510
3310
3660
3510
3460
3490
3490
3560
3250
3040
3730
3690
4080
3540
3590
3640
3620
3490
3460
3510
3440
3440
3700
3480
3600
3730
3620
3620
3600
3910
3530
3460
3560
3600
3390
3430
3410
3550
3530
3450
3490
3490
3670
3700
3460
3420
3480
3480
3470
3550
3510
3420
3610
3440
3480
3440
2890
3490
3460
3400
3560
3520
3690
3350
3430
3530
3380
3440
3400
3430
3440
3390
3550
3440
3370
3440
3470
3360
3460
3420
3440
3380
3590
3470
3440
3470
3450
3450
3440
3460
3490
3390
3530
3440
3330
4170
4390
4230
3410
3910
3970
4380
4490
3110
3020
3020
3040
3040
3030
4240
4340
4400
3570
3320
3230
3480
3420
3510
3450
3500
3550
3490
3620
3500
