180
29080
30270
31210
31940
32590
33370
34270
34750
35100
22070
29320
29980
30950
31820
32210
33040
33760
34850
35290
22530
29140
30490
32350
33100
34070
35080
31960
34840
35380
22120
28650
31510
32370
30880
33260
35210
35680
34750
35280
23800
31350
31510
31220
32540
32580
33170
34660
34720
35280
22520
29520
30190
31270
31370
32420
33170
33850
34510
35440
22120
29480
30060
31240
31950
33990
34890
33490
34980
37290
22040
29720
30190
30370
29430
29860
30830
31620
32530
33120
20880
27690
28270
28350
29680
30410
31110
31630
32600
33130
20880
27690
28390
29200
29700
30400
30960
31820
32590
33150
20690
27580
28150
29130
29800
30270
31030
31540
32630
33330
20820
27700
28300
28920
29850
30450
31110
31810
32370
33120
20870
26830
28270
29040
29480
30370
32360
32740
35460
35400
23770
29260
32300
29440
23540
20030
20500
20830
21600
21780
13610
18140
18680
18180
17850
18280
17830
18090
18490
18900
11680
15720
16040
16490
16850
17260
17690
18080
18470
18940
11670
15720
16040
16440
16870
17240
17690
18060
18480
18920
11680
15650
16050
16480
16860
17240
17690
18060
18480
18960
11720
15710
16110
16520
16890
17330
17720
18150
18560
18980
11700
15650
16030
16430
16820
17240
17630
18060
18520
18890
11680
15680
16060
16460
16900
17250
17640
18080
18540
18930
11690
15670
16070
16480
16830
17260
17680
18090
18490
18900
11680
15650
16060
16470
24860
25680
26200
26770
27290
35920
24640
35730
36820
37180
36810
38700
39810
40430
41230
42090
26180
35880
36200
37370
38280
38880
39800
40460
41390
42100
26790
35320
36270
36980
38330
38730
39010
40340
41990
42720
27040
36110
36770
37750
38290
39310
40260
40860
41800
41890
26820
36040
36920
37980
38520
39450
40150
41020
42360
42270
26930
36450
37160
38060
38160
37990
38990
40450
42390
42400
24680
35810
36220
37470
37680
39060
41490
42640
43570
42670
26520
35230
36150
35920
39290
38540
39710
41730
42190
42200
24670
34690
36590
37510
37460
38650
40480
41900
41920
42450
24780
35390
36830
36740
38820
38500
39150
40330
41690
42070
25530
36490
36050
37910
37110
37690
39380
40300
40780
40900
25780
34360
36240
36620
37990
37240
38450
39940
40480
40610
24810
35390
35570
37530
37060
37700
40670
38990
40750
40380
25150
34830
35590
36240
37010
37980
38920
40620
40160
41420
25540
34190
36270
35620
37460
37960
38440
40170
40600
41170
25380
34370
34740
35880
36830
38110
38950
39290
41280
41720
27160
34310
35340
36340
37240
39360
40570
40550
42090
42290
25020
35130
36710
36940
37980
39180
40060
41980
42140
43790
26240
34800
36260
37960
38080
38580
39490
40640
42260
44130
25550
