0.279307
0.382828
0.415405
0.399329
0.336801
0.258709
0.151108
0.024546
0.187295
0.393426
0.359670
0.483938
0.785142
1.021330
1.202985
1.553659
1.979078
2.263464
2.562997
2.644506
2.529421
2.214709
1.850277
1.552153
1.369194
1.128925
1.054706
1.168395
1.445939
1.809641
2.149245
2.559099
2.856495
3.320729
3.918962
4.510372
5.140568
5.643747
5.950685
6.158572
5.987112
5.700997
5.325788
4.941011
4.602704
4.181278
3.863046
3.570481
3.242172
2.957057
2.535144
2.391392
2.503827
2.676956
2.764487
3.184075
3.512281
3.798177
3.876870
3.794172
3.657284
3.485703
3.357409
3.266183
3.244034
3.308060
3.500172
3.731048
3.929563
4.077023
4.308507
4.452036
4.728989
4.935145
5.239981
5.581224
5.829466
6.101343
6.420792
6.765783
6.630840
6.584945
6.551088
6.731065
6.771042
6.831412
6.731999
6.816286
6.871406
7.122142
7.352852
7.669491
8.060129
8.448978
8.877132
9.225384
9.550066
9.857808
10.074772
10.344055
10.328706
10.203358
9.945301
9.678560
9.459307
9.330349
9.243542
9.363282
9.624781
9.921492
10.259430
10.542601
10.798467
10.833000
10.805338
10.836103
10.776328
10.725913
10.782744
11.035235
11.264351
11.753198
12.300736
12.925240
13.380387
13.985106
14.318444
14.394813
14.269650
14.032769
13.891285
13.708009
13.650235
13.544291
13.419623
13.374282
13.292002
13.236871
13.210842
13.023245
13.051591
12.956898
12.800098
12.487132
12.320027
12.090001
11.938417
11.913856
11.946064
12.123567
12.187898
12.326292
12.417035
12.553789
12.743581
12.962931
13.080349
13.213732
13.396518
13.475917
13.469904
13.437413
13.363641
13.099066
12.895929
12.805763
12.676062
12.490329
12.345563
12.254133
12.120724
12.003613
11.771497
11.570963
11.379959
11.208079
10.925194
10.770658
10.709054
10.741332
10.927092
11.149144
11.358563
11.567622
11.851497
12.147047
12.645765
13.240089
13.905100
14.584440
15.249164
15.916647
16.471230
17.032112
17.547222
18.072705
18.625515
19.111077
19.704558
20.242872
20.718864
21.056113
21.404584
21.823026
22.325563
22.744618
23.213460
23.647285
24.012889
24.411443
24.530150
24.807269
25.114412
25.376253
25.640143
26.054303
26.643028
27.215017
27.916224
28.740264
29.494382
30.426860
31.192729
32.056481
33.086866
34.023286
34.954384
35.961382
36.781512
37.703037
38.213635
38.701352
39.201310
39.594732
39.922383
40.041119
40.374665
40.871727
41.142333
41.442697
41.680015
41.928713
42.328289
42.582133
42.679246
42.635042
42.347143
41.831277
41.330537
40.790893
40.323371
39.975074
39.569931
39.093978
38.579058
38.169886
37.719788
37.211230
36.789098
36.296527
35.888425
35.465631
35.127355
34.837958
34.501846
34.140482
33.698148
33.298452
32.693964
32.130427
31.503827
30.784405
30.037241
29.163628
28.417749
27.605284
27.128450
26.617739
25.871938
25.106840
24.436479
23.850394
23.318607
22.654715
22.017806
21.389767
20.650797
19.930618
19.105471
18.278964
17.539619
16.785319
15.993725
15.165066
14.247585
13.701471
13.413645
13.592047
14.229331
15.098175
15.910199
16.561746
17.261583
17.961702
18.607524
19.255187
19.868124
20.456067
21.121591
21.654404
22.312469
23.054256
23.736812
24.401633
25.151278
25.891033
26.274864
26.785145
27.194102
27.531130
27.922487
28.313944
28.485250
28.751788
29.210937
29.731157
30.094719
30.623251
31.299136
32.020238
32.758334
33.415383
34.008351
34.581529
35.095710
35.643812
36.093057
36.483115
36.827177
37.170880
37.508118
37.740838
37.991678
38.146412
38.448471
38.776038
39.299885
39.841051
40.450984
41.155120
41.781281
42.271353
42.585995
42.341228
41.970915
41.416821
40.860456
40.294259
39.730242
39.154583
38.518514
37.853249
37.213530
36.636780
36.147919
35.621601
35.162028
34.646604
34.232021
33.972052
33.807439
33.658970
33.530202
33.200793
32.798557
32.426629
31.907497
31.470948
31.072005
30.685056
30.357839
30.334400
30.169466
30.021592
29.907782
29.578781
28.931625
28.164539
27.575166
26.920359
26.330197
25.612106
25.010533
24.380576
23.759128
23.105138
22.502034
22.073242
21.563312
21.174912
20.644634
20.382360
19.950410
19.583982
19.191467
18.742803
18.525346
17.986772
17.542145
17.193843
16.716242
16.427587
16.120742
16.116137
16.353826
16.857577
17.440889
17.887039
18.330975
18.806546
19.223847
