3490
3520
3320
3190
3900
3830
3050
2390
3470
3570
3320
3330
3420
3590
3280
3410
3350
3370
3180
3320
3230
3370
3360
3410
3230
3290
3270
2960
3350
3250
3320
3380
3180
3100
3100
3100
3100
3110
3100
3350
3410
3460
3510
3550
3430
3430
3460
3500
3560
3470
3460
3440
3370
3400
3500
3490
3400
3490
3450
3640
3470
3480
3490
3490
4170
3350
3020
3430
3570
3690
3670
3560
3490
3590
3750
3590
3350
3480
3250
3790
3590
3470
3510
3530
3420
3360
3620
3650
3400
3210
3100
3470
3550
3520
3540
3540
3100
3090
3120
3600
3540
3430
3170
3190
3140
3390
3480
3250
3410
3630
3220
3480
3230
3140
3280
3450
3460
3340
3400
3400
3130
3230
3440
3480
3470
3540
3500
3510
3560
3580
3440
3490
3400
3480
3400
3430
3540
3410
3520
3600
3450
3600
3660
3490
3410
3410
3450
3390
3460
3560
3470
3530
3430
3450
3480
3470
3500
3510
3420
3590
3480
3470
3500
3440
3370
3480
3470
3360
3450
3590
3550
3580
3410
3580
3730
3250
4110
4260
3650
3620
3470
3610
3920
3470
3400
3670
3610
3490
3150
3390
3230
3480
3580
3550
3490
3460
3480
3500
3520
3590
3590
3670
3510
3500
3440
3440
3500
3470
3140
3340
3340
3380
3280
3490
3200
3240
3310
3300
3460
3490
3400
3400
3470
3370
3430
3390
3490
3450
3370
3520
3300
3340
3380
3270
3350
3360
3420
3000
3220
3390
3590
3410
3460
3350
3290
3260
3480
3450
3350
3470
3350
3480
3460
3330
3470
3430
3390
3390
3170
3340
3470
3470
3510
3420
3250
3400
3420
3380
3400
3620
3370
3300
3510
3410
3310
3380
3490
3620
3350
3830
3490
3840
3480
3320
3400
3500
3470
3500
3500
3680
3640
3470
3160
3160
3320
3270
3470
3420
3300
3480
3420
3450
3320
3280
3160
3400
3290
3300
3490
3290
3330
3320
3440
3510
3490
3140
3260
3310
3600
3620
3600
3480
3450
3480
3550
3520
3590
4030
3650
3670
3530
3530
3500
3430
3530
3540
3420
3660
3630
3780
3640
3430
3460
3640
3730
3550
3480
3450
3490
3710
3450
3460
3530
3520
3510
3530
3580
3530
3450
3470
3220
3260
3280
3350
3450
3480
3140
3320
3340
3410
3250
3160
3130
3490
3150
3250
3220
3540
3060
3250
3490
3470
3520
3810
3170
3560
4440
4470
3310
3130
3010
3010
3030
3010
3400
3440
3130
3120
3150
3390
3370
3550
3120
3020
3020
3730
3050
3030
3650
3110
3020
3690
4490
3460
3040
3100
3010
3010
3030
3230
4450
