100
90
90
100
100
100
150
140
150
160
160
130
140
150
140
130
150
120
140
140
150
150
130
130
170
200
190
130
120
130
150
150
160
190
190
180
200
180
190
210
180
270
250
310
300
290
290
300
290
290
310
310
310
360
370
350
360
370
370
380
390
310
370
330
340
340
340
400
470
450
430
460
440
410
460
470
590
680
640
620
610
550
570
600
620
610
570
630
590
590
580
650
600
570
640
590
630
610
550
620
640
640
650
630
590
640
610
620
610
820
850
840
840
710
720
710
710
750
790
800
800
800
780
750
760
830
860
780
710
750
800
850
800
850
870
800
810
800
860
860
870
860
860
830
860
860
860
850
870
950
860
860
870
860
920
940
910
920
990
990
990
960
830
800
800
790
790
800
790
790
800
790
800
800
800
790
790
820
870
900
1010
1000
970
920
930
880
880
880
950
900
940
910
890
890
920
880
890
1080
1000
990
940
960
1070
1000
980
1090
1000
990
1070
1120
1070
1100
1130
1060
1130
1220
1290
1320
1270
1150
1340
1290
1320
1320
1320
1320
1320
1390
1340
1380
1410
1400
1430
1430
1370
1740
1390
1370
1370
1370
1510
1570
1870
1840
1440
1440
1520
1520
1510
1640
1500
1360
1470
1590
1570
1600
1600
1570
1590
1550
1530
1660
1690
1660
1690
1680
1790
1680
1770
1820
2040
1740
1760
1790
1800
1820
1810
1810
1810
1810
1760
1510
1600
1510
1610
1670
1750
1690
1650
1620
1680
1790
1700
1770
1730
1740
1630
1820
1790
1760
1670
1590
1780
1560
1650
1620
1560
1630
1710
1690
1750
1760
1770
1780
1800
1740
1750
1770
1620
1490
1500
1560
1550
1410
1370
1740
1730
1650
1640
1780
1820
1810
1790
1660
1770
1860
1690
1880
1900
1880
1700
1930
1870
1950
1940
1990
1900
1950
2110
1980
2200
2130
2180
2180
2190
2190
2180
2170
2180
2570
2770
2100
2040
1830
1790
1870
1990
2020
1990
1840
2010
1960
2040
2090
2020
2250
2070
2090
2180
2160
2260
2110
2050
2090
2200
2020
2100
2230
1950
2140
2020
2310
2480
2440
2180
2170
2140
2140
2170
2250
2270
2250
2150
2200
2210
2230
2390
2700
2280
2400
2200
2140
2120
2130
2180
2270
2440
2550
2650
2520
2390
