0.349407
0.353652
0.321375
0.303753
0.377420
0.529356
0.667125
0.836853
0.995195
0.940981
0.888118
0.887578
1.006239
0.954209
1.044138
1.104841
1.315386
1.554247
1.752733
1.777540
1.690349
1.402446
1.047992
0.858369
0.915293
1.049016
1.435387
1.762233
2.113230
2.357660
2.432048
2.385354
2.173297
2.152899
2.101346
1.950830
1.906951
2.025769
2.097654
2.193049
2.003661
1.785233
1.640375
1.557732
1.447743
1.478992
1.553107
1.622263
1.635162
1.617847
1.674840
1.623536
1.692230
1.723902
1.588993
1.483520
1.374435
1.448803
1.660894
1.895567
2.029277
2.228792
2.423573
2.686631
2.930002
3.097226
3.258946
3.295928
3.217369
3.225777
3.252320
3.118908
3.155570
3.199800
3.314751
3.380349
3.530137
3.796584
3.972657
4.169515
4.170962
4.239329
4.256238
4.257898
4.272932
4.314855
4.305579
4.437056
4.540121
4.667454
4.616109
4.541973
4.482063
4.467321
4.403211
4.527880
4.853280
5.195355
5.715379
6.236938
6.740974
7.077741
7.111894
7.115817
7.015253
6.693950
6.461841
6.269586
6.081038
6.030512
6.177420
6.357346
6.411090
6.359255
6.452760
6.603210
6.937935
7.349937
7.723828
8.131452
8.668319
9.236489
9.965943
10.705240
11.572719
12.162986
12.464840
12.528555
12.366603
12.160715
12.023244
11.873184
11.650309
11.381974
11.082366
10.619772
10.107082
9.574425
8.972785
8.297368
7.370954
6.728396
6.148029
5.554913
5.021262
4.522488
4.247436
4.243361
4.472576
4.636002
4.746762
4.953481
5.245982
5.543832
5.925139
6.209237
6.651780
7.225485
8.246073
9.118174
10.078091
10.570447
10.638276
10.445527
10.246217
9.986269
9.759866
9.558645
9.223026
8.621932
8.120710
7.596904
6.885583
6.181649
5.529846
4.791505
4.250828
3.879338
3.899656
4.204152
4.481626
4.808700
5.127969
5.457216
5.883012
6.368273
6.889581
7.532355
8.355070
9.225777
10.193615
11.153357
12.282434
13.534137
14.806233
15.953144
17.035067
17.909050
18.737223
19.192843
19.786257
20.325673
20.876595
21.442330
21.938377
22.433928
23.008573
23.464797
24.049984
24.562354
25.164585
25.597492
26.109886
26.676883
27.213919
27.710362
28.389514
29.132253
29.849666
30.499025
31.416280
32.344721
33.312573
34.320739
35.070335
35.751158
36.472313
37.098758
37.506907
37.911181
38.078732
38.112154
38.091477
37.955293
37.830198
37.745627
37.615999
37.595410
37.542291
37.492104
37.395055
37.167253
36.951142
36.933566
36.682792
36.700291
36.994832
36.882334
36.393962
35.748340
34.783891
33.834503
32.952847
32.072329
31.122458
30.108054
29.175404
28.109139
27.024001
26.175123
25.055158
23.954181
23.030653
22.167508
21.342910
20.623598
19.944357
19.199727
18.533102
17.887089
17.294514
16.809983
16.421245
16.115578
15.876438
15.703276
15.498033
15.351373
15.297343
15.385199
15.362332
15.456383
15.668016
15.998240
16.401611
16.917685
17.233389
17.640634
17.843254
18.011859
18.237469
18.345370
18.245698
18.104497
18.001273
17.897938
17.894790
17.925161
18.000965
18.156822
18.323165
18.494719
18.717722
18.964953
19.332894
19.670188
20.093884
20.556102
21.027840
21.598356
22.166784
22.839504
23.515768
24.054742
24.722805
25.460213
26.166395
27.384696
28.702309
29.747618
30.871312
31.767752
32.595553
33.660674
34.628319
35.567002
36.380951
37.101143
37.826381
38.379092
38.794633
38.852408
38.835691
39.027448
39.235485
39.532494
39.427574
39.050871
38.414003
38.828134
40.856835
41.587955
42.396342
43.366738
44.614467
46.069592
47.474242
48.820845
50.016465
51.096105
52.147720
53.252042
53.582991
53.224225
52.353046
51.346436
50.401908
49.410259
48.390826
47.487037
46.982078
45.916710
44.941193
43.967028
42.872762
41.775049
40.783523
40.132879
39.639354
39.014393
38.391279
37.889736
37.468067
36.876346
36.093512
35.460505
34.797616
34.325211
34.001083
34.091289
34.309110
34.326955
33.936248
33.277898
33.086084
33.169914
32.969224
32.425542
31.702229
30.774116
29.440293
28.082713
26.556978
24.877477
23.182984
21.546318
20.016633
18.737784
17.699889
16.742574
15.865451
15.078063
14.562508
14.213863
14.010001
14.050906
13.984871
14.011986
14.140285
14.263126
14.454284
14.699066
14.925664
15.197371
15.515878
15.678352
15.852307
16.052302
16.392506
16.814267
17.553225
