120
150
220
240
320
370
430
440
530
580
650
640
640
640
630
650
660
650
640
640
660
640
620
660
640
650
630
590
630
660
620
660
640
650
630
640
640
630
640
610
600
600
610
670
590
640
670
600
640
660
630
630
650
670
640
620
660
650
640
640
660
640
640
630
430
400
480
560
570
660
600
660
640
610
670
650
610
640
660
640
650
660
630
660
620
650
590
610
590
610
680
660
610
640
640
650
630
640
630
630
620
660
620
620
660
580
620
620
630
610
610
640
660
640
680
650
700
560
550
640
680
610
610
670
620
640
670
680
660
660
690
640
620
630
650
650
840
590
640
660
780
840
840
840
850
840
840
850
810
570
570
650
620
640
620
580
620
610
590
610
590
560
610
610
650
590
610
560
560
580
610
560
560
600
610
610
680
630
660
620
570
570
610
590
550
560
590
600
570
560
570
670
630
660
610
840
840
680
580
550
550
550
560
550
560
550
560
550
550
550
560
550
550
550
540
560
550
550
550
550
550
550
550
550
550
550
540
550
560
550
560
550
550
600
600
600
580
650
640
630
650
620
620
620
620
610
620
600
790
660
630
610
590
610
640
650
670
630
630
620
640
620
650
610
650
650
570
640
640
610
580
560
610
620
620
630
620
610
630
620
620
570
650
580
670
560
550
560
550
560
560
550
550
550
550
560
560
620
640
640
620
570
550
580
640
610
620
610
640
650
640
660
570
610
530
690
660
610
630
620
590
630
580
560
560
590
760
850
770
600
660
670
660
690
640
560
570
630
610
640
610
600
620
650
580
550
630
680
620
630
610
690
630
610
630
590
630
600
580
620
610
640
630
630
590
620
600
580
630
600
640
610
640
580
620
650
620
630
650
600
550
540
570
550
630
560
550
560
550
560
640
630
550
550
550
570
550
630
610
610
630
550
560
570
640
630
660
600
600
650
450
590
590
630
610
600
600
590
600
610
570
