0.272395
0.259351
0.236320
0.147691
0.035683
0.178934
0.281560
0.233427
0.241324
0.228742
0.286178
0.348099
0.308601
0.286393
0.248054
0.191550
0.413743
0.729756
0.940539
0.970576
0.821049
0.545368
0.593861
0.787193
1.182278
1.618061
2.060105
2.588737
3.113566
3.626415
4.131843
4.619625
5.121255
5.566701
6.011931
6.436843
6.896426
7.278086
7.506614
7.446306
7.239522
6.853627
6.394990
5.868960
5.462313
5.061832
4.669922
4.110512
3.760938
3.497777
3.111092
2.816649
2.525253
2.226334
2.069499
2.032803
2.265876
2.558257
2.719446
2.745507
2.633410
2.655254
2.819813
2.925166
3.144885
3.366141
3.604122
3.882379
4.183401
4.426817
4.703116
4.971371
5.173031
5.382683
5.706560
5.965674
6.118275
6.220707
6.516132
6.964478
7.296180
7.568060
7.773994
8.044574
8.395702
8.529795
8.723040
8.951306
9.208190
9.438012
9.770642
10.142466
10.598516
10.962220
11.267718
11.652619
11.999603
12.283158
12.530137
12.917390
13.413703
13.712143
13.852307
13.996354
14.142969
14.286186
14.359700
14.568637
14.828027
15.109270
15.421506
15.721548
15.775035
15.583176
15.540154
15.468217
15.379545
15.261062
15.240234
15.186479
15.121998
15.072378
15.087628
15.182665
15.284357
15.311330
15.346503
15.092363
14.780991
14.596725
14.666367
14.754820
14.771265
14.850945
14.905448
14.984440
14.953050
14.980885
15.090229
15.183528
15.165869
15.203907
15.188870
15.129791
15.014636
14.632382
14.117143
13.902587
13.745667
13.660580
13.563764
13.448596
13.292571
13.154017
13.008811
13.077384
13.159429
13.231504
13.366412
13.625749
13.783846
13.965194
13.881640
13.598393
13.516191
13.543899
13.525423
13.476112
13.473277
13.455390
13.382228
13.390975
13.450533
13.372875
13.432153
13.344684
13.242765
13.277351
13.521347
13.680194
13.867855
13.916516
14.189119
14.407438
14.637045
14.943705
15.328446
15.766228
16.154649
16.571782
17.013720
17.448767
18.129684
18.736182
19.177195
19.756408
20.224653
20.706511
21.138248
21.545088
22.050517
22.606553
23.176253
23.797889
24.410161
24.967228
25.461824
25.996509
26.551328
27.032093
27.616476
28.311527
28.931573
29.670477
30.140275
30.985369
31.810516
32.605985
33.935420
35.081513
36.287708
38.692323
41.118694
43.469095
45.326778
46.265471
47.136347
47.916789
48.485458
49.075653
49.633302
50.413177
51.141349
51.802174
52.428716
53.059951
53.833844
54.469571
54.987927
55.556891
56.460639
57.138232
57.756380
58.183050
58.383986
58.274574
58.236065
57.828226
57.369464
57.030952
56.590669
56.332576
55.915154
55.548343
55.379074
54.965726
54.508325
54.009469
53.426715
52.904572
52.318569
51.924997
51.456713
50.890627
50.494283
49.884549
49.313660
48.567692
47.816267
47.110143
46.498719
45.609219
44.813478
43.964466
43.307505
42.704687
42.037062
41.411456
40.801717
40.175428
39.552345
38.864935
38.131198
37.434074
36.863821
36.153336
35.500361
34.867022
34.271750
33.683446
33.030762
32.500857
31.985844
31.347257
30.735352
30.259239
30.095355
30.033619
30.152553
30.492574
30.924185
31.668498
32.419420
33.115546
33.687831
34.250325
34.803109
35.315805
35.755834
36.280225
36.789788
37.343923
37.779402
38.385723
38.946647
39.491361
39.923068
40.442686
40.799921
41.280453
41.853601
42.450637
43.317193
44.535577
45.923663
47.308756
48.704334
49.824015
50.821103
51.676581
52.514570
53.450797
54.304409
55.056344
55.737460
56.488892
57.258423
57.956301
58.700738
59.454570
60.173782
60.995473
61.748586
62.522753
63.151145
63.964508
64.884922
65.587077
66.360604
67.225682
67.900145
68.549189
68.895174
68.957918
68.718791
68.377881
67.882528
67.431328
67.004483
66.678251
66.184826
65.693228
65.174031
64.779237
64.329560
63.910421
63.438875
62.826737
62.209159
61.323825
60.477094
58.723278
57.012552
55.840199
54.915801
53.948204
53.259502
52.580653
52.430046
52.557475
52.947717
53.191260
53.451077
53.724406
53.782811
53.544408
53.126530
52.691040
52.351520
51.984865
51.730884
51.461903
51.210200
50.833579
50.512714
50.175756
49.806173
49.549931
49.232633
48.914969
48.549602
48.289602
47.946151
47.771878
47.475787
47.244704
47.060015
46.915380
46.746269
46.524491
46.243096
45.990783
46.034987
46.344700
46.797712
47.325009
48.034832
48.474308
48.955267
49.545886
49.983514
