0.289041
0.386826
0.427733
0.432091
0.383725
0.311859
0.199929
0.094930
0.220004
0.414783
0.649218
0.919721
1.222148
1.547781
1.859542
2.175312
2.538762
2.764729
2.885720
2.815625
2.542827
2.134212
1.723640
1.344251
0.989863
0.737799
0.656325
0.807576
1.108296
1.470651
1.863955
2.263159
2.690262
3.129127
3.560279
3.974064
4.424532
4.783498
4.969447
4.947299
4.695316
4.237768
3.787155
3.342926
2.891211
2.484255
2.129411
1.887285
1.738440
1.760064
1.944649
2.222612
2.549966
2.943623
3.358928
3.788356
4.133595
4.433571
4.505678
4.314491
3.940895
3.585801
3.274693
3.030975
2.853126
2.779198
2.774075
2.877481
3.010715
3.227391
3.505133
3.821150
4.178078
4.572525
4.958085
5.295594
5.606848
5.962880
6.349993
6.754424
7.153861
7.552215
7.985705
8.391646
8.811439
9.064249
9.237185
9.426779
9.668525
9.920152
10.172219
10.444850
10.746489
11.065606
11.390915
11.705062
12.055544
12.456853
12.808604
13.175333
13.539266
13.678445
13.667856
13.686043
13.713130
13.776011
13.845136
13.964483
14.107931
14.338742
14.706259
15.042754
15.108778
14.979687
14.880697
14.808127
14.755594
14.727826
14.689431
14.699961
14.700857
14.712208
14.777890
14.811425
14.885067
14.979973
14.917163
14.592273
14.202596
13.978463
13.878537
13.783815
13.697626
13.650614
13.599895
13.583329
13.569073
13.624883
13.679720
13.730929
13.809253
13.886411
13.989610
14.104869
14.077888
13.758771
13.375845
13.150873
13.019769
12.928869
12.855385
12.798314
12.788550
12.771206
12.786439
12.815190
12.848248
12.908298
12.986233
13.101550
13.223296
13.203239
12.914640
12.485634
12.211798
12.053407
11.951355
11.842989
11.767203
11.699001
11.621282
11.601305
11.595824
11.624007
11.682795
11.788433
11.910168
12.150219
12.555590
12.868101
13.152775
13.432038
13.698847
13.996807
14.307241
14.624598
14.922503
15.218018
15.540543
15.853448
16.184922
16.512488
16.870772
17.251888
17.631603
18.030363
18.390708
18.764667
19.133440
19.475812
19.939655
20.412661
20.877342
21.348362
21.832382
22.308363
22.792830
23.283665
23.745696
24.191765
24.647719
25.131664
25.618412
26.085650
26.539073
26.980178
27.447475
27.936735
28.422236
28.917622
29.414760
29.938008
30.473184
30.977962
31.500339
32.010767
32.536989
33.066229
33.592892
34.099425
34.632957
35.151807
35.651574
36.153966
36.654042
37.147447
37.672504
38.178839
38.656211
39.145243
39.636762
40.097306
40.572736
40.924786
41.096562
40.983486
40.641680
40.150126
39.680950
39.229359
38.762603
38.293777
37.845949
37.395025
36.928439
36.477479
36.033673
35.544697
35.087046
34.605884
34.135493
33.646506
33.146570
32.648702
32.151540
31.640182
31.145566
30.652706
30.170738
29.677212
29.174397
28.657119
28.136564
27.609238
27.073840
26.584768
26.079380
25.617305
25.124923
24.640105
24.129414
23.620435
23.105968
22.588525
22.073302
21.531319
21.029290
20.529475
20.028469
19.561685
19.099972
18.603465
18.131695
17.685441
17.217961
16.827326
16.589783
16.657117
16.995190
17.470386
17.949437
18.432823
18.926132
19.452480
19.972598
20.526451
21.047691
21.570457
22.102723
22.631962
23.133237
23.649197
24.196281
24.702652
25.216552
25.734349
26.104963
26.470333
26.831900
27.191393
27.520731
27.877240
28.235200
28.735711
29.220481
29.709994
30.188016
30.668780
31.142095
31.631849
32.129328
32.479259
32.793364
33.120534
33.473575
33.837794
34.185014
34.541064
34.886903
35.227243
35.596924
35.939611
36.307730
36.686916
37.027156
37.527167
38.056040
38.563744
39.064091
39.567407
40.075412
40.430063
40.573657
40.410828
40.083419
39.602776
39.092820
38.631254
38.183483
37.705536
37.242943
36.746715
36.282085
35.926810
35.574496
35.211379
34.854367
34.471222
34.095034
33.746801
33.401087
33.048778
32.730672
32.384371
31.891840
31.379739
30.890330
30.383325
30.008734
29.864453
29.907515
29.927862
29.937546
29.971876
29.833617
29.470908
28.943249
28.382978
27.813256
27.246372
26.682356
26.078085
25.487881
24.918301
24.336000
23.746892
23.202297
22.657335
22.106107
21.545897
20.994505
20.424425
19.898671
19.366473
18.824510
18.295779
17.768957
17.223230
16.701107
16.184993
15.640783
15.250897
15.099874
15.259329
15.655628
16.033931
16.410603
16.763623
17.139939
17.514480
17.910507
