0.265364
0.377168
0.414454
0.398035
0.365324
0.252666
0.131860
0.183243
0.420166
0.663142
0.366370
0.055213
0.227314
0.360567
0.670490
0.895277
1.062697
1.307545
1.239745
1.220104
1.019389
0.790162
0.562491
0.365685
0.558616
0.972472
1.354480
1.776571
2.102584
2.318937
2.391868
2.408161
2.119089
1.959186
1.903109
1.784959
1.865234
1.961942
2.033547
2.222183
2.160399
2.057063
2.026863
2.143330
2.325447
2.525670
2.663676
2.721156
2.851995
2.746564
2.195632
1.659838
1.156509
0.879188
0.759182
0.710285
0.740081
0.923427
1.069264
1.133210
1.123347
1.310559
1.486440
1.669615
1.848015
1.876133
1.796476
1.716503
1.892519
2.100845
2.407237
2.638747
2.892632
3.227051
3.421163
3.865342
4.438185
4.977671
5.547982
6.167414
6.517857
6.779974
6.937819
7.136862
7.406481
7.550063
7.705206
7.725215
7.811986
7.750903
7.194625
6.830258
6.613760
6.830405
7.257144
7.922864
8.501428
9.189182
9.871663
10.576911
10.902836
10.966991
10.876416
10.632720
10.592924
10.557472
10.472123
10.477188
10.271134
10.044096
9.918904
9.968999
10.150560
10.391973
10.721337
11.076978
11.443314
11.680030
11.967354
12.187062
12.509356
12.695820
12.944546
13.138608
13.331217
13.538703
13.612690
13.437075
13.196361
12.976334
12.851409
12.726094
12.584743
12.524874
12.428447
12.323866
12.262258
12.077044
12.047909
11.759765
11.657041
11.318668
10.820518
10.311634
9.765158
9.172440
8.577934
8.280438
8.149897
8.280472
8.483404
8.805518
9.101772
9.525209
9.926577
10.268397
10.534223
10.747883
10.919581
11.146271
11.334363
11.507199
11.456081
11.271394
11.113583
11.041730
10.915927
10.809862
10.614873
10.465501
10.215073
9.943381
9.775848
9.390590
8.927483
8.356747
7.885062
7.351147
7.126154
7.062133
7.132939
7.435422
7.975519
8.617784
9.350029
10.217013
11.115366
11.988593
12.841701
13.724651
14.586140
15.393155
16.101936
16.824196
17.462234
18.000522
18.633851
19.112655
19.567023
19.837092
20.135126
20.455188
20.708513
21.014638
21.295927
21.744374
22.207003
22.659021
23.166471
23.879886
24.572622
25.198306
25.871377
26.469985
27.014013
27.570989
28.078462
28.571429
29.114922
29.665741
30.152504
30.644752
31.074114
31.539090
31.752825
31.951506
32.187808
32.345865
32.353690
32.467638
32.539326
32.718306
32.928537
33.258520
33.464667
33.828003
34.258315
34.702644
35.031325
35.427201
35.666300
35.821616
36.223567
36.500347
36.639110
36.601954
36.394842
36.012257
35.515677
35.071173
34.457708
33.927679
33.474534
33.026327
32.548654
32.195116
31.746743
31.343286
30.925237
30.420014
30.023605
29.588559
29.128644
28.679230
28.371042
28.096550
27.975504
27.957958
27.962758
28.031078
27.908315
27.945583
27.699806
27.367940
27.027984
26.563913
26.197189
25.833240
25.429638
24.989309
24.467332
24.037389
23.465823
22.877203
22.338340
21.663089
21.015148
20.296665
19.468577
18.757661
18.005612
17.511131
16.963480
16.456209
15.882331
15.663312
15.637212
15.920614
16.424609
16.983828
17.530345
18.085790
18.638453
19.182403
19.705639
20.293247
20.810490
21.384189
21.925979
22.373629
22.935670
23.471283
24.026468
24.619206
25.260426
25.861627
26.270789
26.685771
27.083669
27.525400
27.768258
28.041315
28.283447
28.472152
28.689499
28.751961
28.974681
29.016906
29.142069
29.369461
29.565941
29.604486
29.667900
29.762837
29.715394
29.738209
29.642239
29.787786
29.824444
29.918857
30.040601
30.099192
30.291045
30.264083
30.377352
30.529348
30.855357
31.087606
31.457239
31.800005
32.059143
32.431429
32.631796
32.571317
32.404309
31.985801
31.622641
31.200366
30.662484
30.154064
29.657139
29.085956
28.512084
28.098420
27.733446
27.457346
27.092496
26.858895
26.674041
26.680653
26.744899
26.717171
26.816158
26.964621
27.235258
27.601101
27.911285
28.110025
28.340895
28.464447
28.449265
28.378286
28.270959
28.130850
27.938591
27.629847
27.281666
26.987827
26.634379
26.341493
26.074912
25.757806
25.427302
25.165819
24.987979
24.846630
24.556606
24.307667
24.083594
23.675368
23.310602
22.649312
22.004255
21.249361
20.542095
19.629968
18.761773
17.792360
16.821494
15.968957
15.029170
14.460807
14.209435
14.599931
15.201917
15.693737
16.168347
16.611044
17.049105
17.556711
18.034502
