1.954043 1.893790
1.986228 1.924930
2.069079 1.965558
2.237488 2.027059
2.470849 2.106982
2.702060 2.196410
2.594023 1.963173
2.516487 1.697287
2.444791 1.586169
2.491194 1.563842
2.604600 1.640612
2.728759 1.785955
2.951695 2.036070
3.185402 2.253682
3.452540 2.509562
3.728869 2.817494
4.025893 3.115097
4.279604 3.273627
4.426022 3.346295
4.386193 3.331338
4.176897 3.162577
3.926247 2.932108
3.753755 2.831006
3.619991 2.813063
3.504469 2.766090
3.382806 2.689468
3.134951 2.569282
2.771106 2.318155
2.512484 2.122524
2.263980 1.972054
2.166562 1.856317
2.155189 1.783002
2.164700 1.830599
2.175917 1.837885
2.215803 1.986958
2.304931 2.227424
2.592508 2.482804
2.790610 2.635800
2.872711 2.683251
2.825255 2.605682
2.618176 2.327494
2.367838 2.033608
2.135691 1.818027
1.941394 1.696710
1.807366 1.630165
1.793621 1.607411
1.846528 1.653942
1.933200 1.832454
2.171216 2.057956
2.475049 2.326004
2.835687 2.653851
3.233191 3.038351
3.653021 3.458159
4.078350 3.878279
4.441278 4.262498
4.742526 4.578968
4.864545 4.705548
4.934980 4.673876
4.884409 4.526322
4.720028 4.399811
4.548176 4.250753
4.461013 4.204310
4.432378 4.191805
4.403348 4.276973
4.417045 4.338266
4.319467 4.157115
4.134710 3.875512
3.717516 3.520762
3.379475 3.194054
2.820857 2.731093
2.551930 2.368558
2.391577 2.245941
2.329744 2.289641
2.416063 2.352638
2.630772 2.591485
2.817635 2.772024
3.002336 2.987752
3.276228 3.327443
3.587299 3.676079
3.936781 4.114810
4.355374 4.522253
4.716267 4.916582
5.045550 5.272975
5.337019 5.600134
5.558277 5.853117
5.692668 5.970399
5.778528 6.002051
5.900283 6.070090
6.009907 6.077800
6.114611 6.120910
6.243795 6.170705
6.493051 6.327372
6.774523 6.585925
7.206477 6.944767
7.675261 7.295082
8.255202 7.798041
8.793528 8.239214
9.378721 8.700441
9.909382 9.052318
10.392127 9.367392
10.572680 9.516564
10.615108 9.679230
10.555756 9.678032
10.412863 9.629761
10.365293 9.646480
10.318430 9.661835
10.317544 9.685798
10.325292 9.717663
10.217862 9.621832
10.193239 9.706140
10.231557 9.697490
10.240321 9.740360
10.084711 9.629342
10.075512 9.531565
10.063674 9.521787
10.113641 9.564611
10.260606 9.710483
10.449574 9.874619
10.539226 10.160548
10.843174 10.365056
11.189904 10.895355
11.558983 11.374650
12.036718 11.784527
12.435257 12.183622
12.805084 12.525650
13.216986 12.929948
13.538492 13.269976
13.664497 13.439613
13.738132 13.484766
13.654834 13.520070
13.597994 13.514320
13.546414 13.528068
13.451124 13.509404
13.466342 13.543864
13.496002 13.530058
13.479148 13.568687
13.442051 13.502573
13.429162 13.407382
13.466778 13.482931
13.493401 13.579015
13.480472 13.529273
13.459608 13.449025
13.402745 13.436379
13.391283 13.361761
13.335085 13.172999
13.071286 12.815231
12.752107 12.460861
12.454804 11.924071
12.030193 11.497837
11.729499 11.294360
11.696436 11.051912
11.678738 10.905769
11.770831 10.962400
11.996096 11.102218
12.299725 11.356156
12.635619 11.575995
13.028400 12.003014
13.286496 12.239625
13.404718 12.449264
13.600738 12.671579
13.766546 12.859790
13.800510 12.962116
13.632031 12.871497
13.549263 12.629918
13.505214 12.485527
13.353082 12.273317
13.254641 12.185072
13.157895 12.097571
13.084864 12.111774
13.093956 12.120263
13.005602 11.989950
13.015911 12.073283
12.857421 12.147433
12.654547 12.072899
12.607941 11.991073
12.596549 12.040435
12.529977 12.077032
12.328361 11.893677
12.001484 11.808756
11.628700 11.289875
11.296820 10.689254
11.029673 10.459367
11.016353 10.286436
10.851020 10.206893
10.946807 10.241115
11.060905 10.319713
11.225339 10.433887
11.443004 10.619333
11.689422 10.827139
11.965901 11.035489
12.282156 11.334253
12.578178 11.739691
13.157509 12.250142
13.619029 12.847742
14.022437 13.319078
14.397941 13.687213
14.889664 13.969961
13.914366 12.555062
12.756862 11.390139
11.936133 10.529812
11.462021 9.956892
11.298174 9.640461
11.013320 9.490191
11.051219 9.596889
11.146072 9.553778
10.935049 9.520161
10.967517 9.599898
10.972991 9.722412
11.034691 9.777092
11.105156 9.914204
11.332370 10.061862
11.543984 10.239781
11.802440 10.442803
12.068627 10.681614
12.282189 10.897350
12.535115 10.913049
12.735386 10.900327
12.812876 10.563253
12.384597 9.690083
11.376495 8.547330
9.666886 7.006428
7.730289 5.508101
5.383831 4.109649
3.676299 2.822847
2.167756 2.435767
1.974375 2.315456
1.864327 2.300466
1.787210 2.224323
1.842268 2.137896
1.910172 2.113481
2.090298 2.109252
2.323786 2.035291
2.498456 2.023902
2.716787 2.057825
2.897585 2.265406
3.072473 2.487792
3.184027 2.700552
3.363511 2.953327
3.501810 3.297913
3.696573 3.625840
3.885824 3.896751
4.070266 4.145442
4.218462 4.408595
4.273386 4.482652
4.146918 4.337514
3.809161 3.977011
3.310194 3.444362
2.783705 3.016052
2.400111 2.751257
2.213407 2.433878
2.137089 2.102103
2.134803 2.011239
2.103006 1.964120
2.011776 2.103740
2.018632 2.089895
2.070069 2.237331
2.085057 2.370161
2.228224 2.527527
2.349784 2.550459
2.497332 2.623815
2.609920 2.731504
2.835027 2.829332
3.014412 3.031416
3.250828 3.197448
3.597236 3.410131
3.863134 3.706375
4.218941 3.975799
4.524582 4.249766
4.779693 4.533768
5.006206 4.703828
5.265045 4.902566
5.540119 5.093001
5.815955 5.403599
6.254937 5.708325
6.611986 6.070318
6.989908 6.450827
7.359774 6.954961
7.807980 7.353071
8.287428 7.816667
8.655284 8.347497
8.955684 8.867647
9.343166 9.285130
9.691094 9.742247
9.877504 10.348524
10.124173 10.802052
10.381253 11.234868
10.757263 11.572005
10.933003 11.875097
11.146453 12.028309
11.134543 12.175646
11.077016 11.671834
10.879067 11.596360
10.045770 10.749784
9.411675 9.903991
8.620091 9.165702
7.718919 8.473627
7.269121 7.799535
6.186859 7.084386
5.218274 6.216482
4.892345 5.781548
4.535481 5.400225
4.334302 4.839183
4.094001 4.769960
4.073071 4.836307
4.063787 4.953956
4.099508 5.022435
4.267890 5.303118
4.336249 5.495598
4.558504 5.731006
4.835137 5.973728
5.080764 6.295854
5.344340 6.604543
5.672202 6.943863
6.013923 7.243892
6.331594 7.492277
6.669497 7.725053
6.869323 7.948638
7.052503 8.245199
7.324058 8.457650
7.628713 8.534343
7.909619 8.310795
7.687882 7.506690
6.460862 6.342534
4.972409 4.840296
3.805677 3.381046
2.416372 2.867510
1.612154 1.904025
1.571122 1.873122
1.569409 1.872739
1.579865 1.846431
1.671792 1.826091
1.745588 1.769948
1.858588 1.743023
1.972592 1.822777
2.090354 1.908651
2.292170 1.975029
2.355186 2.055045
2.488051 2.165594
2.579208 2.198495
2.719289 2.252162
2.900189 2.386824
3.051501 2.622694
3.226730 2.834257
3.454735 3.039145
3.577075 3.249139
3.698097 3.373963
3.855862 3.496992
3.891192 3.521271
3.779234 3.471547
3.614378 3.331449
3.276209 3.058969
2.867518 2.575517
2.313539 2.115292
1.912156 1.750682
1.723779 1.536059
1.705198 1.489524
1.798328 1.608947
1.926467 1.734142
2.071433 1.906405
2.241754 2.153082
2.472350 2.365501
2.667810 2.571379
2.815396 2.748735
2.877650 2.776677
2.900510 2.850976
2.873319 2.806517
2.803063 2.709586
2.615881 2.591596
2.398955 2.494563
2.215718 2.361708
2.204388 2.236014
2.210351 2.169384
2.206342 2.158289
2.194147 2.173501
2.350243 2.219136
2.507456 2.461249
2.674607 2.706934
2.835900 2.970609
2.898381 3.090194
2.865471 3.095005
2.829517 3.071129
2.903359 3.144886
3.122825 3.354944
3.514292 3.743939
3.959060 4.199260
4.275844 4.587991
4.515532 4.933267
4.730598 5.248420
4.932256 5.552978
5.276409 6.004812
5.666697 6.472911
5.974940 7.023357
6.268476 7.521717
6.591239 8.037385
6.921332 8.545247
7.305052 8.963469
7.689563 9.449391
8.041848 9.907047
8.371133 10.311139
8.655740 10.744866
8.852443 11.158292
9.070966 11.492146
9.237033 11.671964
9.293263 11.675263
9.067927 11.425764
8.812020 10.899506
8.279334 10.242819
8.072848 9.536544
7.343423 8.685840
6.966254 7.984841
6.741176 7.739807
6.395162 7.323472
6.400745 7.107499
6.157961 6.605668
5.565700 5.774646
5.090117 5.023002
4.635564 4.803022
4.302427 4.641207
4.172731 4.573024
4.054967 4.545707
4.089361 4.637907
