2.034206 2.006300
2.094842 2.038959
2.212500 2.080141
2.390346 2.157289
2.575777 2.271829
2.802004 2.394923
3.045408 2.535264
3.331461 2.724754
3.639357 2.920039
3.951356 3.159337
3.871468 2.677498
3.744271 2.305864
3.628312 2.113969
3.631227 2.202710
3.757470 2.224026
3.998626 2.404329
4.297313 2.613245
4.485755 2.720582
4.551867 2.901547
4.504979 2.930885
4.390406 2.814392
4.203768 2.660768
4.008810 2.503824
3.804959 2.451147
3.449024 2.346550
3.096085 2.023895
2.907866 1.939830
2.677819 1.965372
2.637936 1.983291
2.539119 2.052499
2.617756 2.159024
2.705260 2.230396
2.822593 2.260487
2.929978 2.249460
3.116372 2.273074
3.362051 2.277420
3.615472 2.391947
3.748062 2.365114
3.704814 2.355041
3.511432 2.195221
3.187674 1.956917
2.855962 1.723128
2.522428 1.607636
2.276212 1.586483
2.076924 1.595091
1.945441 1.697564
1.986545 1.828705
2.133798 1.968963
2.368268 2.104117
2.645626 2.259629
2.983752 2.446062
3.333225 2.688975
3.717459 2.995023
4.156364 3.371045
4.590293 3.768262
5.031067 4.182080
5.325161 4.486031
5.474254 4.650927
5.525922 4.634883
5.443160 4.529463
5.324134 4.426403
5.187898 4.246213
5.064406 3.962292
4.824602 3.633262
4.402895 3.246157
3.927970 2.746656
3.515364 2.438868
3.118660 2.065044
2.708564 1.785847
2.389494 1.600436
2.224094 1.523814
2.117083 1.506626
2.160797 1.569160
2.298537 1.733133
2.478529 1.889403
2.549550 1.999761
2.616943 2.167881
2.783490 2.423030
3.061136 2.811411
3.352357 3.183677
3.733639 3.628495
4.134440 3.998719
4.508445 4.399845
4.979327 4.815120
5.373802 5.239348
5.681741 5.554461
5.913195 5.921990
6.165494 6.307458
6.463472 6.676053
6.760806 7.137005
7.208178 7.615795
7.494290 8.215559
7.815741 8.813457
8.115645 9.278684
8.459491 9.874924
8.567789 10.293373
8.679163 10.617430
8.688247 10.778722
8.769367 11.122927
8.648833 11.179147
8.642437 10.843708
8.465779 10.329512
8.255343 9.837840
8.012742 9.367933
7.848357 8.985439
7.708409 8.683000
7.751136 8.317583
7.828501 8.096290
7.839837 8.031952
7.889784 7.964062
7.857026 7.834392
7.865117 7.857205
7.775907 7.802548
7.663655 7.476648
7.521108 7.106327
7.465932 6.754166
7.431718 6.471972
7.559099 5.791516
7.650944 5.816464
7.754330 5.709056
7.870073 5.642737
7.981319 5.739314
8.012825 5.736821
8.108607 5.382971
8.231063 5.225923
8.318901 5.339020
8.345524 5.384484
8.307828 5.406767
8.058948 5.340108
7.622772 4.970028
7.338047 4.418517
6.978457 4.024359
6.660747 3.369405
6.412469 3.204689
6.267220 3.133791
6.069519 3.064347
5.780267 2.744930
5.759606 2.882086
5.503627 2.985659
5.389392 3.092547
5.403528 3.237265
5.541211 3.504237
5.673233 3.817375
5.895873 4.178581
6.153635 4.612692
6.212411 4.902848
6.229309 4.950999
6.142822 4.847765
5.988460 4.600303
5.878568 4.360080
5.823771 4.063490
5.738320 3.650900
5.486300 3.395168
4.987696 3.075156
4.664122 2.712320
4.431844 2.370873
4.129151 2.283257
4.092586 2.286066
4.082432 2.347575
4.065537 2.488924
4.084426 2.610160
4.121600 2.672076
4.075803 2.668442
3.858236 2.595177
3.611902 2.441169
3.396928 2.261676
3.234096 2.174137
3.133019 2.177739
3.113777 2.172298
3.150853 2.267737
3.225526 2.432019
3.292752 2.450141
3.451031 2.558748
3.732686 2.805166
3.928195 3.144649
4.223707 3.581383
4.606350 4.157180
4.833124 4.647009
4.889028 4.934465
4.838333 4.931952
4.677850 4.738965
4.628385 4.528926
4.503324 4.159484
4.316430 3.648438
4.047151 3.141096
3.868437 2.629019
3.729679 2.252500
3.365064 1.966160
3.376377 1.789825
3.362638 1.790379
3.282096 1.802024
3.355808 1.972640
3.614029 2.033217
3.772335 2.147105
3.853623 2.369829
4.032760 2.536322
4.161040 2.646807
4.313749 2.771805
4.502040 2.863821
4.549322 2.819753
4.609630 2.822606
4.732977 2.757516
4.794131 2.736443
4.854132 2.658915
4.847718 2.519685
4.836455 2.577458
4.897357 2.567901
5.004876 2.514745
5.156021 2.501978
5.338012 2.536904
5.518429 2.690794
5.828152 2.732716
6.136233 2.855545
6.426961 2.981125
6.734998 3.074203
7.011980 3.086470
7.313392 3.161940
7.637746 3.175154
7.897633 3.236740
8.167546 3.323814
8.449065 3.292306
8.673721 3.392313
8.810978 3.384735
8.915306 3.293558
9.046652 3.337954
8.826145 3.243659
8.836955 3.087254
8.749778 2.980648
8.715094 2.872689
8.522526 2.830889
8.456498 2.857076
8.325005 2.803581
8.126914 2.795738
7.917303 2.898961
7.605478 2.906328
7.236625 2.879975
6.807651 2.947070
6.464693 2.906867
6.029245 2.856841
5.775845 2.860601
5.161276 2.961237
4.895912 2.887594
4.754810 2.893228
4.448292 2.870942
4.057240 2.748555
3.553346 2.546537
3.245631 2.386639
2.932255 2.214037
2.840120 2.087311
2.737026 2.011852
2.843512 2.077815
2.930815 2.059682
3.106880 2.201854
3.300489 2.351545
3.541757 2.443377
3.843284 2.547510
4.069416 2.554208
4.408092 2.571026
4.593555 2.603667
4.790701 2.686307
4.990126 2.747535
5.198637 2.783500
5.227349 2.728717
5.280312 2.717036
5.047240 2.709968
4.782147 2.731454
4.512484 2.741466
4.380079 2.829747
4.047442 2.911213
3.816086 2.957895
3.681125 3.011001
3.695668 3.049852
3.522133 3.043037
3.468173 3.088558
3.693778 3.208012
3.758573 3.290258
3.886047 3.301776
3.921205 3.317112
4.078298 3.272353
4.244741 3.245046
4.412938 3.126517
4.451014 2.919663
4.586830 2.880768
4.471829 2.849646
4.276970 2.814975
3.953113 2.739739
3.810725 2.636610
3.709208 2.480760
3.537036 2.461793
3.516131 2.526230
3.275743 2.591711
2.992643 2.717913
3.019998 2.847777
3.066180 2.931940
2.987889 3.111112
2.978352 3.198617
2.847383 3.206308
2.644711 3.097520
2.472153 2.793768
2.301215 2.468305
2.255105 2.281469
2.240896 2.258356
2.281481 2.227940
2.325856 2.186878
2.536693 2.295930
2.689527 2.328420
2.925355 2.386441
3.134089 2.455187
3.248953 2.482937
3.432094 2.570397
3.463023 2.673445
3.509476 2.741144
3.503189 2.835072
3.226601 2.910215
3.161008 2.887645
2.941476 2.887688
2.889873 2.891209
2.866255 2.827722
2.387426 2.774770
2.420003 2.754652
2.557739 2.872188
2.704527 2.905474
2.789277 2.895786
2.883573 2.991902
3.036956 3.064073
3.137278 3.047688
3.147570 3.099987
3.266212 3.071049
3.454024 3.132271
3.649973 3.142725
3.792744 3.110607
3.804663 2.997642
3.697927 2.825440
3.616247 2.819103
3.462217 2.843947
3.322727 2.860885
3.257067 2.971831
3.272783 3.068536
3.332231 3.130921
3.426194 3.114856
3.494544 3.164018
3.618701 3.202340
3.840442 3.252149
4.021957 3.218683
4.012428 3.159206
3.981684 3.186777
3.925519 3.146654
3.866993 3.026975
3.690964 3.032722
3.541772 2.984648
3.322894 3.050790
3.193765 2.978857
2.820550 2.921658
2.692484 2.675095
2.365410 2.462322
2.071481 2.326720
2.065112 2.295252
2.015864 2.259488
2.117434 2.353592
2.342184 2.372592
2.618998 2.389100
2.804389 2.377599
2.990443 2.434675
3.000603 2.475531
2.935644 2.525586
2.886789 2.507912
2.872129 2.528974
2.672377 2.546020
2.668856 2.588250
2.562440 2.701518
2.536140 2.765523
2.478778 2.801161
2.528871 2.964845
2.471983 2.998421
2.578273 3.041764
2.661118 3.118738
2.628869 3.096058
2.733916 2.984950
2.689691 2.942653
2.553270 2.768977
2.473860 2.622854
2.382281 2.563679
2.428294 2.568119
2.380785 2.598512
2.380925 2.718662
2.283468 2.795173
2.331846 2.804070
2.414623 2.942228
2.581036 2.932032
2.689279 3.027200
2.901040 3.081362
3.077563 3.193102
3.043550 3.326925
3.210854 3.391811
3.434790 3.348797
3.543988 3.373182
3.685465 3.377334
3.758020 3.354093
3.859875 3.245566
3.860777 3.209848
3.889281 3.214095
3.841406 3.163077
3.775990 3.151375
3.664376 3.184062
3.453807 3.112769
3.178171 3.102309
2.935643 3.114462
2.715488 3.322101
2.599527 3.453016
2.447023 3.630015
2.465378 3.891074
2.465515 4.030628
2.406094 4.013346
2.228424 3.761024
2.018813 3.441431
1.841505 3.114842
1.729670 2.856599
1.818506 2.778660
1.914460 2.798085
2.077913 2.910836
2.305921 3.010939
