0.272769
0.363015
0.396540
0.424294
0.398474
0.340604
0.242830
0.122620
0.183343
0.385257
0.389083
0.426107
0.518814
0.597945
0.866483
1.184770
1.457267
1.703686
1.763693
1.605459
1.144905
0.668681
0.144539
0.316808
0.615310
0.864164
1.106564
1.296621
1.343846
1.320064
1.231721
1.035080
0.803333
0.755992
0.852456
0.863042
0.978392
0.954747
0.961434
0.883482
0.761069
0.509844
0.268791
0.268648
0.463808
0.639333
0.837976
0.866431
0.850889
0.725173
0.472091
0.363033
0.501309
0.685071
0.782933
0.826720
0.914334
0.987879
1.274243
1.514711
1.776278
1.988124
2.277631
2.525318
2.703662
2.840927
2.806026
2.676000
2.329736
1.979388
1.663489
1.548192
1.401205
1.337549
1.268865
1.381393
1.534843
1.773768
2.127696
2.562088
2.948789
3.323952
3.830925
4.324221
4.917020
5.473559
6.250505
6.946789
7.852813
8.695866
9.100927
9.659183
10.330181
11.100912
11.733736
12.620060
13.404596
14.282296
14.974536
15.508726
15.759473
15.786346
15.359508
15.045141
14.754768
14.467067
14.202370
13.957841
13.692677
13.638850
13.842980
14.178141
14.390390
14.537494
14.787052
14.989773
15.145525
15.362018
15.628743
15.971566
16.208285
16.538650
16.903170
17.443630
17.865001
18.410393
18.859718
18.814555
18.533079
18.245204
17.685095
17.072762
16.444460
15.677186
14.886886
14.199977
13.399325
12.739678
11.971294
11.257701
10.494734
9.743413
9.068346
8.568996
8.136761
7.691580
7.531099
7.629621
7.978124
8.128357
7.844210
7.790354
7.794907
7.764603
7.864556
8.063052
8.371758
8.739142
9.035072
9.530518
10.041002
10.502794
10.798255
10.887201
10.685954
10.200161
9.737239
9.111766
8.566626
8.313519
8.021672
7.752677
7.235825
7.172504
6.701261
6.260219
5.913122
5.472325
5.023562
4.500748
4.062975
3.836388
3.711133
3.812137
3.964926
4.106239
4.260560
4.353982
4.489049
4.601675
4.653198
4.826602
5.082508
5.447808
5.955009
6.467277
7.112116
7.563180
7.919808
8.096250
7.745185
7.501048
7.342103
7.076560
6.898083
6.791142
6.695820
6.649594
6.629262
6.654501
6.498760
6.340346
6.276597
6.191044
6.143430
6.109180
6.073351
5.968471
5.950738
5.857232
5.354396
4.727945
3.998065
3.614779
3.125688
2.440696
2.063876
1.450639
0.834249
0.499305
0.436086
0.960367
1.283324
1.669203
1.891667
2.185297
2.593897
3.113707
3.591402
3.990031
4.237697
4.610416
5.004823
5.322134
5.243434
4.808125
4.238239
3.668114
3.065159
2.490554
1.822114
1.223881
1.096352
1.463500
1.992914
2.733000
3.269557
3.982922
4.412425
5.002040
5.380644
5.795556
6.028887
6.252329
6.690484
6.857415
7.006316
6.911242
7.028494
7.218989
7.367028
7.755759
8.090840
8.394502
8.699616
9.040093
9.261555
9.654091
9.950415
10.259631
10.335642
10.576239
10.725266
10.493517
10.338216
10.224796
10.121571
9.680069
9.430055
9.089702
8.753041
8.455379
8.181914
8.134686
8.134143
8.086018
7.846019
7.657446
7.292911
6.900811
6.464693
6.063099
5.604193
5.186188
4.642261
4.224559
3.818708
3.475694
3.142845
2.889060
2.685478
2.610881
2.559844
2.652204
2.619496
2.608969
2.871495
3.305872
3.746685
4.224203
4.772878
5.166492
5.486559
5.638426
5.660604
5.783314
5.745001
5.632830
5.587099
5.468337
5.508841
5.627387
5.384076
5.098383
4.728758
4.394739
3.994721
3.757092
3.511116
3.347459
3.423700
3.778616
3.967200
4.004598
4.010879
3.995143
4.047605
4.158335
4.326204
4.451674
4.420360
4.564220
4.879188
5.038354
5.222511
5.247557
5.388641
5.579926
5.742318
5.984441
6.312100
6.636624
6.954424
7.284808
7.602917
7.807385
7.705645
7.546942
7.240866
6.821932
6.529639
6.266326
6.307592
6.241945
6.180649
6.178164
6.264872
6.362894
6.437587
6.406545
6.183034
6.029398
5.893825
5.684973
5.692742
5.857717
6.260630
6.700677
7.155988
7.588986
7.880857
8.062396
8.230315
8.361847
8.358609
8.240924
8.020327
7.704707
7.201070
6.534646
6.045905
5.473670
5.022844
4.907449
4.829683
5.001548
5.291044
5.668571
5.998084
6.203151
6.438860
6.604715
6.538346
6.400933
6.188764
6.003579
5.772161
5.598865
5.441643
5.427381
5.339131
