0.146202
0.200799
0.444750
0.464879
0.503209
0.500327
0.387512
0.298510
0.334107
0.264196
0.268724
0.238114
0.237144
0.380016
0.499728
0.479289
0.388221
0.526083
0.777431
1.032364
1.040530
1.083720
1.059008
1.097596
1.269680
1.182680
1.212415
1.242423
1.312991
1.363148
1.350944
1.300606
1.275785
1.236817
1.314602
1.259832
1.297423
1.317297
1.382669
1.351598
1.290859
1.298826
1.196407
1.182394
1.144583
1.209893
1.217190
1.059005
1.018526
0.799817
0.889668
0.923874
1.057697
1.441770
1.418460
1.437211
1.547595
1.548915
1.620582
1.509939
1.721961
1.716842
1.730419
1.761613
1.791301
1.789053
1.897984
1.847786
1.951116
1.854105
1.805408
1.924211
1.876825
1.859389
2.061853
1.939885
1.752305
1.807498
1.744454
1.636579
1.574958
1.505829
1.667598
1.902362
1.981180
1.650613
1.437569
1.449809
1.546309
1.558279
1.559242
1.381958
1.324592
1.341247
1.375171
1.316014
1.398684
1.402006
1.343303
1.468386
1.489898
1.588813
1.716283
1.855907
1.978973
2.061221
2.222559
2.271082
2.364365
2.499193
2.551987
2.832697
2.996086
3.028817
3.258840
3.289112
3.283426
2.921703
2.787620
2.537317
2.394837
2.269785
2.233076
2.144758
2.225392
2.384881
2.518279
2.705829
2.978856
3.088205
3.153851
3.417058
3.462115
3.399574
3.339696
3.485210
3.448865
3.477496
3.742810
3.770234
3.755319
4.029241
4.201473
4.244665
4.450243
4.554937
4.714615
4.602191
4.477985
4.221388
3.998821
3.969475
3.875890
4.153918
4.409205
4.349704
4.310483
4.242802
4.239642
4.173577
3.993907
4.046236
4.110988
4.011290
4.010181
3.993243
3.985191
3.918483
3.905289
3.818969
3.795707
3.785506
3.784013
3.680680
3.682862
3.570636
3.558085
3.479398
3.429710
3.489420
3.406347
3.342835
3.568810
3.654485
3.742093
3.879453
3.682381
3.430738
3.432750
3.242139
3.212642
3.116708
3.225718
3.166266
3.316703
3.439568
3.457741
3.647543
3.655349
3.772879
3.940944
3.711569
3.521784
3.653520
3.850005
3.778899
3.984768
4.110190
4.540689
4.806823
5.116316
5.108489
4.651994
4.327852
4.049122
3.775243
3.646728
3.414203
3.255832
3.319069
3.248985
3.230851
3.208815
3.607612
4.237220
4.336914
4.632069
4.722977
5.024402
5.163102
4.594150
4.257933
4.167155
3.911492
3.661727
3.581058
3.474178
3.489702
3.368914
3.462045
3.611002
3.623378
3.833167
3.908767
4.002496
4.175919
4.303139
4.109621
3.802427
3.786451
3.574673
3.241579
2.980217
3.296205
3.571789
4.015585
4.278284
4.466032
4.743472
4.513129
4.561041
4.351016
4.211069
4.180532
4.101779
3.998694
4.043747
3.930276
3.784121
3.823170
3.682716
3.857033
3.944237
4.115911
4.332802
4.272028
4.255843
3.962861
3.807325
3.745522
3.738233
3.937026
4.167987
4.323041
4.476708
4.404119
4.557896
4.630330
4.534884
4.419610
4.177446
4.112266
3.846291
3.893535
3.578484
3.534168
3.589479
3.525377
3.524608
3.491887
3.855655
4.042247
4.280064
4.512361
4.361410
4.212535
4.224676
4.063794
4.084015
3.962446
3.977180
4.012028
3.964611
4.047579
3.934949
3.815959
3.814054
3.785316
3.777892
3.783047
3.885641
3.886774
4.157543
4.000459
3.996447
3.798965
3.891037
3.848458
3.884682
3.824984
3.910415
3.908413
3.741224
3.747784
3.768972
3.604782
3.359722
3.263675
3.231523
3.390187
3.449081
3.432837
3.520982
3.644141
3.848624
3.963730
3.967510
3.837614
3.690761
3.575893
3.557617
3.285002
3.408803
3.389096
3.265208
3.153569
3.015877
2.830786
2.611786
2.335676
2.096128
1.974224
1.658355
1.577111
1.502334
1.368468
1.127417
1.078835
1.040753
1.053136
0.892176
0.956490
0.856604
0.896121
0.827916
0.987417
1.165044
1.385951
1.645180
1.815585
1.890497
1.897150
1.620796
1.455468
1.342905
1.380738
1.301787
1.172001
0.996769
0.867612
1.027287
1.100522
1.217335
1.336398
1.521446
1.466534
1.497543
1.543599
1.589975
1.665627
1.839552
1.918749
1.865618
1.865552
1.853995
1.858684
1.860756
2.008713
2.170813
2.347312
2.638622
2.900114
3.133121
3.443799
3.846094
4.116680
4.208972
4.458056
4.880113
5.144612
5.467115
5.692483
5.977471
6.402669
6.805876
7.160758
7.141326
7.126110
7.159754
6.946962
6.553181
6.182404
5.726292
5.488642
5.212195
5.025645
4.734155
4.368032
4.106820
3.734709
3.390809
2.793175
2.414156
1.816099
1.291650
0.856082
0.639139
0.417867
0.749218
1.271796
1.743098
2.404527
2.997000
3.565449
4.192126
4.838110
5.385337
5.762442
5.834517
5.912082
5.932946
5.963658
5.670577
4.999882
5.027797
5.031307
4.703122
4.235610
3.732485
3.332995
2.922416
2.529924
2.113675
1.754451
1.387582
1.371878
1.367037
1.316167
1.205528
1.149732
1.220196
1.283431
1.580722
1.694716
1.942924
2.177989
2.463053
2.952977
3.289202
3.615114
4.039752
4.384781
4.671836
4.409292
4.192620
4.287438
4.510144
4.838847
5.104190
5.313029
5.269813
5.077085
4.864937
4.497438
4.083357
3.712471
3.276495
3.120223
2.880476
2.393066
2.186975
2.025998
1.849311
1.629876
1.620124
1.608406
1.469354
1.410414
1.357309
1.349716
1.399193
1.349909
1.552855
1.769995
1.848727
2.107255
2.354772
2.643124
2.926775
3.319410
3.626022
4.016278
4.417831
4.620889
4.525451
4.596502
4.186499
3.907931
3.311959
2.927865
2.359754
1.918730
1.526781
1.140595
0.924640
0.743532
0.784228
0.880026
1.067874
1.276076
1.786323
1.954461
2.165783
2.623542
2.863113
3.145107
3.390077
3.804625
4.080186
5.161511
6.283954
