1.986932 1.929407
1.914503 1.872069
1.870177 1.786730
1.695396 1.665978
1.650537 1.622988
1.615445 1.538049
1.645473 1.569774
1.622528 1.581818
1.593772 1.579034
1.524827 1.523885
1.505730 1.561854
1.357149 1.483383
1.273900 1.434360
1.162664 1.395693
1.088181 1.329025
1.179709 1.361002
1.273844 1.303551
1.212839 1.293229
1.246209 1.330383
1.255784 1.256526
1.193559 1.218293
1.072069 1.157350
0.892508 1.072673
0.843305 1.103052
0.821428 1.194685
0.829737 1.314354
0.830094 1.352971
0.802083 1.395377
0.737573 1.430614
0.731894 1.450447
0.723398 1.382806
0.685434 1.225768
0.652767 1.044491
0.649706 1.173764
0.614583 1.111592
0.616549 1.186494
0.616400 1.255106
0.522328 1.155119
0.510381 1.173444
0.485897 1.160071
0.471613 1.119785
0.442080 1.063339
0.429281 1.092048
0.417076 1.091715
0.432079 1.257655
0.400994 1.151514
0.424910 1.034328
0.497661 0.992899
0.533001 0.935384
0.524786 0.876324
0.476687 0.782049
0.444499 0.694133
0.482358 0.655447
0.669441 0.714629
0.666930 0.793694
0.600139 0.841269
0.560971 0.883125
0.522048 0.877895
0.548752 1.065096
0.527659 1.163334
0.520486 1.169283
0.477292 1.137389
0.428472 1.036271
0.422205 1.164725
0.419514 1.248129
0.382439 1.275972
0.341169 1.224858
0.338998 1.151425
0.328222 1.092986
0.319746 1.120102
0.328051 1.104906
0.326978 1.082799
0.322451 1.027804
0.357535 1.162370
0.365400 1.095274
0.375889 1.007791
0.387214 0.983078
0.381252 0.950166
0.502448 0.942806
0.508031 0.832740
0.561180 0.778230
0.587471 0.723096
0.542391 0.647204
0.487249 0.604360
0.568494 0.655186
0.661314 0.553334
0.679699 0.452925
0.673258 0.432331
0.643748 0.429527
0.614620 0.474587
0.544207 0.512495
0.570851 0.600450
0.553044 0.632951
0.562977 0.663169
0.552766 0.629305
0.515175 0.683067
0.486036 0.725728
0.481998 0.773832
0.496076 0.849464
0.508240 0.923739
0.537081 1.021700
0.537184 1.068154
0.545448 1.104267
0.558119 1.221763
0.492309 1.128851
0.540578 1.237980
0.534879 1.184238
0.546393 1.216234
0.559036 1.253365
0.602405 1.355955
0.495163 1.404704
0.401553 1.198848
0.418834 1.095455
0.455732 0.958280
0.498728 0.882029
0.447703 0.848097
0.438510 0.760794
0.433548 0.678298
0.461839 0.651100
0.514122 0.616402
0.565399 0.620729
0.580739 0.664650
0.560247 0.745081
0.547370 0.806117
0.542265 0.871926
0.516940 0.908963
0.478865 0.919285
0.449176 1.003003
0.415112 0.999927
0.395891 1.024861
0.390767 1.051062
0.364588 1.056231
0.334530 0.991424
0.303953 0.904189
0.272822 0.859354
0.287992 0.772991
0.283364 0.757702
0.278028 0.680988
0.277450 0.635348
0.281070 0.635469
0.263917 0.614726
0.263493 0.631952
0.269650 0.678968
0.271009 0.652521
0.265678 0.639185
0.277360 0.670729
0.300890 0.649906
0.475324 0.746750
0.628373 0.686126
0.864017 0.611770
0.841711 0.556014
0.625208 0.535166
0.545335 0.551063
0.704286 0.552523
0.745616 0.585135
0.682187 0.613780
0.728113 0.721814
0.685954 0.721371
0.626588 0.714919
0.585689 0.759001
0.534966 0.654569
0.525967 0.654200
0.469467 0.597017
0.406248 0.573355
0.400141 0.605216
0.382245 0.624481
0.371548 0.656393
0.368838 0.688136
0.371903 0.728656
0.382606 0.757700
0.369198 0.742899
0.552446 0.699901
0.668689 0.705745
0.724243 0.770446
0.747589 0.812226
0.774303 0.887866
0.748563 0.964758
0.703374 1.089831
0.707533 1.349838
0.800870 1.351044
0.794910 1.207944
0.713066 1.060617
0.647102 0.926810
0.742044 0.909200
0.599877 0.832134
0.533791 0.722335
0.567028 0.637402
0.670206 0.641203
0.704144 0.639018
0.715012 0.678471
0.735609 0.713499
0.816279 0.714475
0.859167 0.720606
0.967686 0.757412
1.080180 0.796978
1.180507 0.868245
1.295768 0.913093
1.381159 0.913045
1.386025 0.873966
1.375543 0.788340
1.415374 0.788600
1.600477 0.868052
1.540259 0.913156
1.269653 0.998255
0.784552 0.809479
0.711839 0.780536
0.677027 0.631247
0.609402 0.606867
0.567492 0.643270
0.581098 0.742929
0.574076 0.861925
0.521171 1.059916
0.627949 1.089011
0.752036 1.074345
0.869741 1.053430
1.016527 1.011168
1.187845 1.011537
1.392479 1.051725
1.650849 1.101483
1.902937 1.126890
2.228211 1.197241
2.169654 1.170190
2.077374 1.147754
2.283039 1.287593
2.099283 1.283621
1.872686 1.055531
1.426840 0.736961
0.916331 0.544533
0.941700 0.548246
0.886119 0.659766
0.662971 0.572100
0.616343 0.546201
0.620930 0.568338
0.862499 0.590778
0.968175 0.676700
1.150899 0.732643
1.215094 0.712461
1.293093 0.684918
1.388061 0.690432
1.513402 0.722628
1.643585 0.778337
1.609192 0.770494
1.623138 0.783898
1.397518 0.730715
1.204737 0.663626
1.154075 0.640597
1.227138 0.672515
1.258478 0.697943
1.242918 0.759222
0.868625 0.618667
0.583488 0.693553
0.477149 0.678489
0.396186 0.681055
0.377047 0.526414
0.343817 0.445004
0.323951 0.422857
0.321785 0.432179
0.334137 0.473457
0.421272 0.579336
0.526353 0.650906
0.610129 0.690428
0.638237 0.607575
0.662172 0.523421
0.681451 0.480641
0.696478 0.436058
0.827198 0.431361
0.866378 0.419559
0.846740 0.403438
0.852641 0.394011
0.762443 0.386734
0.681331 0.370418
0.735273 0.405512
0.658684 0.435471
0.622196 0.463258
0.698684 0.523686
0.749165 0.570356
0.795001 0.586182
0.812407 0.559093
0.848927 0.494358
0.799807 0.457887
0.858925 0.479110
0.838117 0.483974
0.897875 0.505622
0.952739 0.505279
1.008295 0.527966
1.000023 0.537347
0.972046 0.542910
0.972967 0.551003
0.965045 0.535106
1.318065 0.670684
1.717071 0.837389
1.688577 0.831514
1.648301 0.811529
1.629798 0.783120
1.456264 0.871500
0.872213 0.777172
0.716339 0.780481
0.673806 0.817498
0.716351 0.767136
0.720973 0.717178
0.604296 0.696901
0.565856 0.790696
0.572253 0.871042
0.619963 1.031738
0.641021 0.983349
0.635872 0.909735
0.710267 0.895798
0.752407 0.812913
0.831353 0.775814
0.970379 0.780272
1.020066 0.753851
1.131443 0.760007
1.079554 0.726024
1.069076 0.693252
1.071050 0.640286
1.054612 0.550382
1.240179 0.519355
1.180394 0.446240
1.132280 0.418163
1.012355 0.391288
0.877657 0.361445
0.998103 0.383460
1.005419 0.547632
0.886562 0.535744
0.826727 0.527423
1.058016 0.508160
1.058143 0.553259
1.051286 0.550619
0.963424 0.545449
0.932113 0.550474
0.846942 0.528143
0.762198 0.528824
0.691263 0.472188
0.560027 0.392837
0.558606 0.398790
0.541397 0.399906
0.644058 0.434118
0.660420 0.437262
0.713698 0.483885
0.671321 0.540573
0.539231 0.574530
0.505190 0.595495
0.486841 0.459541
0.459028 0.448126
0.453430 0.535854
0.496352 0.723405
0.549626 0.949204
0.637466 1.230844
0.639129 1.462110
0.619503 1.656458
0.625482 1.825427
0.582240 1.772450
0.721110 2.017617
0.815591 2.049857
0.888349 2.044593
0.965364 2.128535
0.761325 1.871652
0.626735 1.614701
0.571335 1.398042
0.534545 1.384305
0.632411 1.512700
0.617551 1.279316
0.679152 1.268735
0.644025 1.141577
0.706477 1.051620
0.716420 1.012314
0.782879 0.989332
0.731125 0.920452
0.682354 0.872614
0.722366 0.883234
0.872404 0.994025
0.887624 0.949534
0.888937 0.904691
0.926038 0.915835
0.975552 0.900643
1.032861 0.842362
1.218675 0.824649
1.432426 0.765670
1.486989 0.696755
1.439735 0.636964
1.371629 0.639755
1.099851 0.585457
0.944787 0.597579
0.867222 0.678255
0.813143 0.727480
0.831212 0.792272
0.931539 0.738865
0.943823 0.712760
0.922555 0.639236
0.926863 0.641337
1.046379 0.640629
1.104029 0.646279
1.147540 0.640548
1.117128 0.663490
1.191957 0.741388
1.248708 0.828551
1.246314 0.892914
1.214757 0.910518
1.211700 0.929733
1.129535 0.989373
1.013511 1.023139
0.982275 1.056072
0.811735 0.918355
0.694555 0.801032
0.614190 0.714347
0.576479 0.674992
0.543980 0.639128
0.542462 0.682537
0.584177 0.779113
0.681107 0.897695
0.862993 1.052431
1.016072 1.160003
1.135829 1.237769
1.239008 1.383318
1.274346 1.560759
1.350227 1.724840
1.396155 1.918868
1.586717 2.481360
1.460702 2.629530
1.338972 2.649881
1.128412 2.623733
0.892195 1.893709
0.386565 1.283839
0.359782 0.955153
0.353590 0.888438
0.339287 0.717086
0.373187 0.528262
0.377720 0.479631
0.397773 0.591544
0.417332 0.793424
0.463109 1.008928
0.486076 1.126351
0.543681 1.348155
0.608872 1.684470
0.609573 1.910769
0.633764 2.114746
0.687543 2.334001
0.766244 2.484041
0.884818 2.529691
0.915043 2.504875
0.838448 2.377735
0.785706 2.176249
0.678657 1.822973
0.676602 1.647891
0.693257 1.523229
0.699319 1.285942
0.728857 1.235629
0.763279 1.095101
0.817981 1.054882
0.889934 1.069206
0.954926 1.004104
0.847244 0.950038
0.893685 0.954247
0.925089 0.635227
1.048107 0.620757
1.164507 0.606172
1.258424 0.621506
1.194829 0.613403
1.147588 0.553593
1.045365 0.492213
1.224380 0.526866
1.230923 0.601674
1.138864 0.721162
1.074012 0.778415
0.988541 0.689651
0.851768 0.618057
0.816301 0.667039
0.873855 0.754585
1.007781 0.842142
1.167607 0.875149
1.317221 0.932898
1.349850 0.853100
1.418100 0.889149
1.337467 0.767864
1.337042 0.677334
1.100930 0.562618
1.005362 0.557681
0.897771 0.440750
0.925510 0.459696
0.942855 0.483474
0.887332 0.509722
0.804371 0.485025
0.762395 0.492787
0.682496 0.454954
0.670039 0.447447
0.690475 0.425264
0.727796 0.434087
0.816748 0.455173
0.874651 0.460749
0.966506 0.487514
1.082169 0.544394
1.034870 0.582100
0.907541 0.656319
0.875349 0.617681
0.847096 0.605344
0.781896 0.685401
0.699671 0.811447
0.592974 0.938680
0.411467 0.989068
0.316212 0.820157
0.305001 0.789442
0.251680 0.645487
0.210317 0.647585
0.233380 0.664481
0.264190 0.712815
0.298141 0.779710
0.317583 0.843817
0.332599 0.891898
0.355077 0.947817
0.431860 1.011634
0.482352 0.931981
0.519736 0.816647
0.517987 0.711507
0.489493 0.578520
0.460577 0.540417
0.406880 0.450019
0.401516 0.421809
0.447608 0.450473
0.492473 0.459363
0.564637 0.477509
0.622340 0.500421
0.619958 0.477070
0.644678 0.485017
0.659843 0.485284
0.712100 0.488740
0.712590 0.456943
0.748574 0.452771
0.850251 0.460001
0.963824 0.463959
1.039615 0.448139
1.032019 0.427122
0.934948 0.425056
0.777997 0.401259
0.747137 0.414013
0.624992 0.360695
0.582177 0.358417
0.573429 0.330899
0.643808 0.307974
0.715731 0.315498
0.741045 0.351537
0.880002 0.364538
0.953011 0.350770
0.926707 0.324092
0.952367 0.330999
0.940178 0.335751
1.006600 0.387701
0.933865 0.399010
0.912915 0.431176
0.843151 0.452645
0.708061 0.437854
0.581751 0.429642
0.505892 0.432601
0.445863 0.442229
0.482215 0.488761
0.424327 0.465516
0.467760 0.519578
0.512523 0.544271
0.601276 0.581174
0.728295 0.621785
0.776961 0.691375
0.940073 0.726974
