0.345613217544 0.283521387236 0.877518561398
0.695781214278 0.855834884657 0.858615294576
1.12220178833 1.46145884386 0.859792666271
1.48731302187 1.69956316804 0.790206986711
2.5417248184 1.07426682877 0.255041564819
3.40300187065 0.51249892588 -0.00777486708781
4.24376286681 0.422417990201 -0.0625157854837
4.85449044893 0.345432166775 -0.0779855033267
5.5093063215 0.282028300746 -0.0932559596303
5.96098484007 0.2521192233 -0.0204011730846
6.0619617796 -0.21150895005 -1.68488009694
6.18076138226 -1.06737124188 -1.63209958833
6.10740625649 -1.34838121276 -2.19019472171
5.835184236 -2.02038662998 -2.11027578776
5.66830516215 -2.72045265859 -1.49690549944
5.84350991942 -3.35579796755 -1.02575606513
5.86309972828 -2.97500688229 1.61509698405
6.29265820115 -1.84915508852 0.936763170182
6.7128280342 -0.967449581658 1.34927235926
6.88635352891 -0.0825250294313 1.40264706823
7.86157066269 0.533275230815 -0.145752237153
8.91200921413 0.37674686076 -0.129455278092
9.76906070774 0.283915675285 -0.0447587891299
10.1523053771 -0.429255237949 -1.55212021785
10.1286077701 -1.27831374498 -1.56378275077
9.43699873018 -1.95900681013 -2.53403062628
9.1131840738 -2.9610107744 -1.37486284753
9.38866051249 -3.35410834186 -0.485146844004
9.55313875793 -2.0294994907 -2.41976679549
10.0827521249 -0.864632202351 -1.45183363981
10.8030931656 -0.0373321407816 0.478993343655
11.6983610059 0.464451809448 0.494456701544
12.5756012211 0.962879716666 0.497096867799
13.1808046329 1.91310558766 1.53452926237
13.1526310634 2.96477595479 1.54739745141
13.1601637138 4.0483912847 1.55626676688
13.2566474712 5.15263530716 1.44879746356
13.3646711429 6.00496547519 1.44854022053
13.4704723649 6.81542640314 1.44347863156
12.4778531984 7.26612350822 2.89713008141
11.2231247782 7.54276290132 2.93146742712
10.1860094861 7.75224388005 2.93176708871
9.31023445138 7.94118221603 2.92741461142
8.47264383842 8.24818895735 2.66386749756
7.61559505433 8.71004636616 2.63908813521
7.01291666212 9.00944344792 2.64201271273
6.20963891437 9.36839876851 2.82065704749
6.20963891437 9.36839876851 2.82065704749
5.57722650124 9.54694459667 2.91941355456
5.15600020374 9.62520134486 2.92736158096
4.33738462702 9.78034039341 2.95918410845
3.49442888301 9.86972302765 3.06836101982
2.67047760245 9.86229970442 -3.11746599363
1.6158828332 9.81726990537 -3.10755829859
0.771290835584 9.83667805941 3.05716749998
-0.279752610772 9.91029744213 3.05573194222
-0.898340273224 9.96165417456 3.05405961133
-1.47139963494 9.99982394331 3.05480818799
-2.01328329426 10.0479235938 3.05121224162
-2.6857182351 10.1074325583 3.0481047081
-3.16425057319 10.1343653588 3.05140017608
-3.54360175673 10.1597630539 3.0571563758
-4.09267541106 10.7347340851 1.64473825404
-4.02790528717 11.140588692 1.35301122734
-3.87502728542 11.9634314075 1.51453097777
-3.82025919255 12.788274216 1.50168153757
-3.74416901765 13.8779494268 1.50238529699
-3.69421978519 14.5346446537 1.49440607916
-3.64242509422 15.1831996094 1.49677855886
-3.58271311939 16.0159839689 1.50302014506
-3.54964432928 16.6345683866 1.51122871914
-3.49853643317 17.7081251935 1.51787396475
-2.90175647006 18.6207493962 0.330818099391
-2.03023641361 18.8374882357 0.144843626337
-1.36769729078 18.9030928379 0.118893259596
-0.523836148592 19.0021428045 0.148377423447
0.311367498289 19.1259056005 0.145378038551
0.94265784806 19.2150486752 0.149135885065
1.99689553831 19.4504885642 0.323052960187
2.50993319032 19.9722548462 1.30187348309
2.29497748013 21.0611313429 1.90549073899
2.05874318988 21.6878978094 1.91425613065
1.32699085648 22.2485554935 2.89550099632
0.282582177831 22.26639214 -3.12411903488
-0.592484483097 22.2227512434 -3.10682456861
-1.40835696633 22.0614059726 -2.843612911
-2.22735241712 21.7966960151 -2.84249304252
-2.86249332309 21.7147420317 3.07513405826
-3.72255297172 21.7936116557 3.04894598342
-4.35112366018 21.8585431758 3.04138683098
-4.97743724022 21.9255726189 3.0387530345
-5.27136791077 21.6939273207 -1.99976341775
-5.56180078484 21.0456277579 -1.99226192159
-5.9893453809 20.4357274016 -2.50856363982
-6.41064160146 20.2785410258 -3.03362316663
-7.06053764175 20.345769809 2.95603560176
-7.68040035001 20.4082908077 3.10147133643
-8.29870512209 20.5217434339 2.85931667191
-8.91651045104 20.7821281561 2.65758488518
-9.44129536821 21.3679194882 2.14007110639
-9.81434270793 22.0186614293 2.05392328441
-10.1915674346 22.927283236 1.83120822661
-10.3156125983 23.5904357852 1.63610876427
-10.3283721548 24.6466418843 1.60055847271
-10.3283721548 24.6466418843 1.60055847271
-10.2705954853 25.0871169377 1.2577961639
-10.1677714511 25.7486507697 1.62105856743
-10.2738501071 26.1728099614 2.09046014111
-10.6991823086 26.4941033544 2.82513314297
-11.1921076025 26.1810185735 -1.67295321139
-11.2238488708 25.5110251436 -1.63029156342
-11.2372297672 24.8439502824 -1.61488291959
-11.2419090566 24.2181219503 -1.75953658776
-11.3967233351 23.5920736285 -1.98099182741
-11.8641077015 23.0161772318 -2.60563739282
-12.4811681614 22.868315822 -3.12070631528
-13.1134438679 22.874238641 -3.13191332422
-13.9858965635 22.919087389 3.08956112462
-14.6316758374 22.9600771348 3.0878562005
-15.4694631039 23.0177632948 3.08098790042
-16.1325635048 23.054748129 3.07666141336
-16.761634137 23.0954324288 3.06530203717
-17.4040825334 23.1320837435 3.06948130891
-18.3874484521 22.508614521 -2.19698173323
-18.5636707104 21.6673312454 -1.49555624051
-18.5232031521 21.2425007871 -1.53146131022
-18.4771576446 20.3994983389 -1.52422910744
-18.4390942594 19.7501212864 -1.59244512842
-18.2194277183 19.1012519784 -0.782365858235
-17.8063378369 18.7461694265 -0.736270344187
-17.1993380267 18.4751122349 -0.226630106016
-16.5649159811 18.5011195476 0.233285008125
-15.936815103 18.6477434964 0.234840932782
-15.3160430405 19.0569897408 0.96191113314
-14.9288323208 19.8907579773 1.22849731006
-14.7468936195 20.5466900849 1.27853055114
-14.6643907182 21.2240556443 1.45570097518
-14.524308903 22.04424926 1.13755121447
-14.0139780794 22.6412541153 0.569639030342
-13.3731647834 22.7936712958 -0.0875300281512
-12.5261118616 22.6535104287 -0.169907101871
-11.9173074377 22.5438823416 -0.170611068854
-11.2619590322 22.284239843 -0.783491356808
-11.034226637 21.8234490678 -1.3899255476
-11.1417790149 20.9526990969 -1.77583575342
-11.2597570777 20.2990461401 -1.71777135372
-11.3797405405 19.4390946437 -1.71397872306
-11.4870965845 18.5871330551 -1.70939407647
-10.7284836721 18.1093512033 0.0842443535094
-10.1552684044 18.4915410218 1.22524890562
-10.1096287661 18.9190980302 1.6614659181
-10.2288629601 19.8227067096 1.57858895746
-9.97071154975 20.4828949761 0.81781992934
-9.53380261954 20.7359876927 0.25866887875
-8.89807918426 20.6755422103 -0.419456697061
-9.02640542134 20.0946553628 -1.58872335598
-9.06647157446 19.4383948436 -1.63840378567
-9.11105260595 18.8240388201 -1.62756495149
-9.15796121408 18.195206151 -1.64184413674
-9.26662540448 18.2150298903 1.49475999144
-9.25449219446 18.8689228909 1.55342639271
-9.20191726706 19.9638792379 1.36332517107
-8.62292836961 20.6363015359 0.159931049139
-7.76840116318 20.585635416 -0.0466699141872
-7.16085387749 20.5537189357 -0.0364754485197
-6.74803558528 20.5055263588 -0.217418977678
-6.15290183543 20.3680098594 -0.237432022825
-5.75128840342 20.1636940054 -0.732221788041
-5.42053509208 19.7240714757 -1.22643883421
-5.3686987518 19.0627757323 -1.67359274128
-5.44419131503 18.6125595245 -1.78481677349
-5.60653262906 18.15513118 -2.15498126287
-5.99460768146 17.84040052 -2.78234581351
-6.42015305036 17.7793278666 2.99831627846
-5.98649229426 17.8792615507 -2.6959523354
-5.66259864204 17.7429814445 -0.689354460234
-5.06671061361 17.5593598876 0.0700527437358
-4.44457617528 17.4887161979 -0.478552978415
-4.23451184411 17.0301721856 -1.486020025
-4.21231870198 16.6144757112 -1.39618797655
-4.10543125664 15.7656018493 -1.46628463052
-4.0836009858 15.3331708284 -1.60702109156
-4.12326232316 14.7181489921 -1.6129577848
-4.14426424962 14.3075701383 -1.61544950912
-4.1646284705 13.6571800316 -1.58536457011
-4.16373909982 13.2303314104 -1.58514847279
-4.17239193224 12.5847457143 -1.61459565176
-4.18676190514 12.1380279472 -1.61667075889
-4.23960024892 11.4928070858 -1.74124952601
-4.29917453898 11.0598022384 -1.72849221159
-4.59831125378 10.2231867108 -2.08765257898
-4.96243409507 9.58035673025 -2.092930572
-5.18390976678 9.200738478 -2.11032056856
-5.53355444643 8.59000075064 -2.11378973287
-5.84382619362 8.172930677 -2.25576663324
-6.14131837366 7.81101821693 -2.25870155087
-6.70428440246 7.27023671309 -2.71480023156
-7.38992236608 7.03739002172 -2.91270563416
-7.83486250107 6.95540267025 -3.09793927629
-8.27300883347 6.94098416346 -3.1195685078
-8.90880594432 6.95923699629 3.09431857618
-9.32435438941 6.96533326557 -3.08343204368
-9.3966636569 6.94271765572 1.63408955743
-9.27402918548 7.05755883327 0.91434565931
-9.27402918548 7.05755883327 0.91434565931
-8.57771758242 7.1159945766 -0.0759693384002
-7.93027479658 7.16522262859 0.0820337078508
-7.28066177659 7.20482604935 0.0744680715782
-6.64254322442 7.06483564523 -0.493260508473
-6.26586702311 6.45848598022 -1.40637262726
-6.32736477042 5.76957563683 -1.62794201415
-6.39593641218 4.91137714387 -1.66469615302
-6.43149017046 4.26038757801 -1.56882685008
-6.44640047691 3.61809798272 -1.63316118284
-6.47893550933 2.95894822951 -1.64297351026
-6.57401701439 2.0917194949 -1.62706577917
-6.58728317758 1.44799239539 -1.59331060782
-7.37574579855 1.10255146198 3.06056199597
-8.05535242642 1.00394329899 -2.8258626541
-8.53922084959 0.791607542403 -2.59269544251
-9.1452036754 0.268342914157 -2.17864554279
-9.41910194391 -0.544826920388 -1.79308905948
-9.49174344456 -0.979860423693 -1.60442674158
-9.19138218768 -1.1068045224 0.427250914406
-9.08523688537 -0.375041655669 1.85221473433
-9.12856658049 0.491146685332 1.19031358711
-8.81138136271 0.88686054223 0.632368337348
-8.1013519671 1.10062861309 0.0689446152013
-7.4104239739 1.13515926015 0.0602330903512
-6.76648618127 1.16293659889 0.0559860265606
-6.10663116218 1.19858760167 0.0479602097884
-5.4775016714 1.21733773977 -0.0310788660794
-5.4775016714 1.21733773977 -0.0310788660794
-5.4775016714 1.21733773977 -0.0310788660794
-4.84069375956 1.20677678225 -0.0291200288123
-4.19089865773 1.22438503387 0.0566817760905
-3.54886471771 1.18907262977 -0.11966609575
-2.89844824474 1.11354106681 -0.0987738149825
-2.24434558849 1.05457232625 -0.0663895913079
-1.60266484994 1.01211206937 -0.0729547109674
-0.79432584108 0.978977695086 -0.0176219128752
-0.401838383442 0.974781557216 -0.0530438498883
0.192553273909 0.923622807178 -0.0844002948964
0.851494639455 0.86825769591 -0.0879345628904
1.48389270335 0.809472287272 -0.0940979020096
1.90498148568 0.772974165178 -0.0939915143316
2.52845632573 0.708458177277 -0.0955650629186
3.13918430882 0.652277942663 -0.0967905478527
3.71188826579 0.580564271238 -0.124085804461
4.31347260262 0.482830594674 -0.173715421449
4.94485274347 0.410513122008 -0.078987026442
5.74044726677 0.35320711813 -0.07711853926
6.33674779506 0.372040817652 0.0212834007516
6.97692668091 0.664941372076 0.68901804615
7.20370192272 1.24375929282 1.25826703957
7.3031047965 1.86333124457 1.31536986519
7.29690463352 2.51852166458 1.69243839663
7.19519975539 3.19725394605 1.66051622308
7.18675002928 4.11093140705 1.52416910776
7.19304152567 4.53960964341 1.55760184298
7.19296924964 4.97135570211 1.55853592597
7.19200136988 5.61147337989 1.5699075775
7.19249659717 6.03023321438 1.56817167873
7.19805021318 6.64647249001 1.56672442834
7.20407554171 7.08167963394 1.56482936105
7.41731246301 7.72745349165 0.757343004447
8.10426452434 7.9391005453 0.010672567483
8.54132977107 7.91767032164 0.00137014265388
9.20435435748 7.86910967614 -0.128794908759
9.82972374247 7.7434992726 -0.168715515224
10.464607276 7.62594070772 -0.184135635338
10.9029831527 7.5587919609 -0.129609174102
11.3276408721 7.50955834054 -0.061883702571
11.7482005559 7.44985064677 -0.217712981403
12.3677291557 7.33521538585 -0.213605328815
12.7655739519 7.17997939853 -0.442876628737
13.3592897946 6.8092717536 -0.792654262445
13.5599559396 6.35661162427 -1.49709150334
13.5339039426 5.91591500711 -1.70096850778
13.4720595261 5.28382020283 -1.63333850483
13.2531838072 4.67029396234 -2.26762961356
12.5990282735 4.22979706266 -2.91156852559
11.938605115 4.1534309806 -3.08907676696
11.2923435287 4.17835942799 3.02448040865
10.8623392818 4.23043391032 3.07204805569
10.2154819979 4.25793794567 3.0699757218
9.78211135599 4.29081128643 3.0380172653
9.14681786815 4.40099731016 2.95269435938
8.71575176019 4.48575283156 2.92015352051
8.32220291636 4.61014135292 2.62948344743
7.93942830524 4.95836711144 2.18412730605
7.66574604727 5.44617047937 2.01118293037
7.51946776956 5.91449317702 1.69932718073
7.53222492911 6.57900595595 1.54473711366
7.5802863759 7.23066806712 1.52226652535
7.60763041695 7.67000626196 1.51666449386
7.55245059801 8.32719339595 1.91868947783
7.26593127625 8.79987600773 2.29257349691
6.69432007449 9.18674209834 2.77111611333
6.29190264633 9.32193739799 2.7784431083
5.89470641114 9.45953664364 2.78156236468
5.48222683154 9.59588069 2.90177593001
5.05228017427 9.69230805502 2.994569841
4.39937612766 9.71017723722 -3.05446473072
3.74198390215 9.69285279168 3.08690606827
3.74198390215 9.69285279168 3.08690606827
3.1162197023 9.70546642505 3.09511896732
2.67759716069 9.71872018395 3.07945305919
2.25899062471 9.73898311193 3.07749456272
1.86284726178 9.7581139232 3.07613524191
1.18924158697 9.79114109685 3.07524461676
0.740536127851 9.79746599612 3.13100724058
0.118386033186 9.8053237439 3.0824415574
-0.312193102289 9.8296448472 3.08074694032
-0.902916681264 9.84243768195 3.11267388106
-1.26691673972 9.85686677725 3.11049953623
-1.78764603638 9.88640507314 3.05856600244
-2.11250140062 9.90048749391 3.08207545783
-2.41815805671 9.92812524451 2.97432947667
-2.72093829253 10.0168180128 2.73527353419
-3.19650415385 10.4842677772 2.0972964703
-3.41030233241 10.9324824695 2.04662104878
-3.55515194172 11.5916508846 1.52629944937
-3.53517209993 12.2214569905 1.62422124111
-3.51807335766 12.8632215549 1.53559526729
-3.49843701424 13.3066693661 1.53176997051
-3.48096477484 13.7431305082 1.53291365112
-3.46455722085 14.1981937457 1.54000222166
-3.44518884379 14.8152474521 1.53797754047
-3.4322906455 15.2462032919 1.53618775544
-3.41242235105 15.6996423447 1.53454834595
-3.39916918209 16.3553272554 1.53767433636
-3.37417273191 17.0059482035 1.53935452602
-3.36159437614 17.4413180328 1.53921033697
-3.29543637289 17.8706710546 1.15541817509
-2.92799517427 18.4472074492 1.10306667054
-2.66967450169 19.0370466724 1.179869891
-2.51569115007 19.4279470218 1.17992627885
-2.35320100236 19.8297675079 1.17865125533
-2.09494979027 20.4555919835 1.17859289064
-1.86504279076 21.0252288598 1.10329275566
-1.62743547555 21.4233223295 0.864801147037
-0.992072729796 21.9466351319 0.52859742055
-0.522645081588 22.1791222138 0.351984322634
-0.0494284185002 22.3331932073 0.339413382686
0.624657290071 22.4033221356 -0.0952757425362
1.23832688142 22.2652902974 -0.293560836892
1.63760462002 22.069308377 -0.659576169183
2.00271312658 21.6867766334 -0.930759578879
2.31085775796 21.0119075887 -1.44785490874
2.36372441205 20.5682389565 -1.40983675708
2.49575189375 19.8496864243 -1.42458911787
2.19416722809 19.2444323794 -2.49783512144
1.28483662824 19.0588739384 3.06355172851
0.641935779228 19.090977769 3.08407715114
0.206150182373 19.1213672342 3.07357676605
0.206150182373 19.1213672342 3.07357676605
-0.239531732485 19.1661082612 3.05278985244
-0.85961978679 19.2795622394 2.8045744333
-1.28433660119 19.4453740938 2.69951214377
-1.87039277021 19.6380332513 2.98091814119
-1.87039277021 19.6380332513 2.98091814119
-1.87039277021 19.6380332513 2.98091814119
-1.87039277021 19.6380332513 2.98091814119
-1.87039277021 19.6380332513 2.98091814119
-1.87039277021 19.6380332513 2.98091814119
-1.87039277021 19.6380332513 2.98091814119
-1.87039277021 19.6380332513 2.98091814119
-1.87039277021 19.6380332513 2.98091814119
-2.30918093076 19.7108839804 2.98227099533
-2.95100334398 19.7954468275 3.06522850559
-3.36835964368 19.8247951277 3.07099231395
-4.01561628101 19.8671719328 3.0712163659
-4.45438525103 19.9002918005 3.07342710351
-4.90210931213 19.9198238245 3.07509284039
-5.53483761861 20.0531353002 2.75349958716
-6.16386227016 20.1512136165 -3.03803112818
-6.78074548107 20.2586493986 2.65212332155
-6.78074548107 20.2586493986 2.65212332155
-7.18352943757 20.4699522796 2.68799545196
-7.78354345489 20.6392496748 3.08100561006
-8.19135538463 20.6660801921 -3.14001002815
-8.80370628566 20.6674552497 3.11749132852
-9.25637914898 20.680034654 3.1149061135
-9.88683559092 20.671511824 -2.97861108174
-10.5407729305 20.3097608855 -2.29908405517
-10.9136289616 19.9426967583 -2.44189781537
-11.3163509258 19.567916706 -2.39128177156
-11.693162611 19.1895838572 -2.37441744552
-11.693162611 19.1895838572 -2.37441744552
-12.1123333413 18.824442955 -2.59471379524
-12.5793549941 18.5848163583 -2.74351239014
-13.2552654162 18.4413277412 3.1353985707
-13.6674892269 18.4385472161 -3.05473569019
-14.2824070518 18.4751522262 2.81953339789
-14.6860965064 18.7113830528 2.35582494149
-14.6860965064 18.7113830528 2.35582494149
-14.6860965064 18.7113830528 2.35582494149
-14.6860965064 18.7113830528 2.35582494149
-14.6860965064 18.7113830528 2.35582494149
-14.6860965064 18.7113830528 2.35582494149
-14.6860965064 18.7113830528 2.35582494149
-14.6860965064 18.7113830528 2.35582494149
-14.6860965064 18.7113830528 2.35582494149
-14.9577809751 19.2087563914 1.74302520063
-14.9209902564 19.8689007303 1.43627543964
-14.9209902564 19.8689007303 1.43627543964
-14.9209902564 19.8689007303 1.43627543964
-14.9209902564 19.8689007303 1.43627543964
-14.9209902564 19.8689007303 1.43627543964
-14.9209902564 19.8689007303 1.43627543964
-14.8590344752 20.289439694 1.4444204408
-14.7831382663 20.7232969821 1.4265097649
-14.7831382663 20.7232969821 1.4265097649
-14.7831382663 20.7232969821 1.4265097649
-14.7831382663 20.7232969821 1.4265097649
-14.6837896244 21.3649423516 1.42858647417
-14.609826971 21.8109072922 1.42419988119
-14.6203542453 22.2789337854 1.85333418359
-14.9029814489 22.7470432722 2.38073534303
-15.2882418621 22.9917035039 2.79327314054
-15.9150476475 23.1755798508 2.92257201886
-16.3324945542 23.2262098592 3.08563292653
-16.7846694048 23.2323111357 3.1249047954
-17.2268523532 23.2125992606 -3.09260252718
-17.6780264794 23.1239869459 -2.71328082682
-18.0787883203 22.7794523201 -2.219008681
-18.3187465341 22.3792859771 -2.01111434541
-18.4822662554 21.967771673 -1.95444873625
-18.6150799233 21.5411335796 -1.72516688073
-18.6714003687 21.0914523688 -1.6323221161
-18.625693287 20.431480298 -1.35101279733
-18.481250711 20.001456126 -1.20336326883
-18.2963849097 19.5520777295 -1.13989668385
-17.9870353735 19.084442289 -0.897172047865
-17.7897261406 18.876474394 -0.719525647337
-17.1861861168 18.6148866742 -0.0887495138762
-16.7466809076 18.5921825709 -0.0730566888278
-16.1206036684 18.5455975991 -0.0779600014722
-16.1206036684 18.5455975991 -0.0779600014722
-16.1206036684 18.5455975991 -0.0779600014722
-16.1206036684 18.5455975991 -0.0779600014722
-16.1206036684 18.5455975991 -0.0779600014722
-16.1206036684 18.5455975991 -0.0779600014722
-15.6941793319 18.5131409324 -0.0893245468512
-15.2751119667 18.4724051358 -0.122195750885
-14.6481533796 18.4030835735 -0.151273913638
-14.2082889118 18.3657210674 -0.041048109733
-13.7553916498 18.3472298203 -0.0285216586759
-13.1040008197 18.3228168034 -0.00347532070433
-12.6742600012 18.325249481 0.0441219907826
-12.2795616475 18.3647584826 0.213207962973
-11.8072546261 18.5596111782 0.541237420919
-11.3608708559 18.8493427843 0.605341968956
-10.911737649 19.2330142734 0.75553975751
-10.5236569836 19.6395310709 0.780766740955
-10.1327764947 20.034227007 0.776228290157
-9.67947598879 20.3064833969 0.263223210385
-9.23494352124 20.4022073757 0.114939012895
-8.61874998721 20.4730750628 0.0699111984936
-8.21194971478 20.480451694 -0.0555121169371
-7.5853938257 20.4379536033 -0.0800891919136
-7.17250902008 20.4141014843 -0.0728296360544
-6.52056473553 20.3643099801 -0.142198345992
-6.12945665856 20.2898688205 -0.224243402033
-5.50826024526 20.149535431 -0.260851093756
-5.09003965498 19.9644234857 -0.642664623953
-4.68863941296 19.5635574173 -0.922102474095
-4.35059556809 19.1056748079 -0.981972804742
-4.17494792723 18.6576444339 -1.31443787056
-4.07677855449 18.196298305 -1.38480453748
-3.99781298087 17.5256175449 -1.41142921321
-3.94999128089 17.0881488858 -1.4204993214
-3.89320359787 16.6626185562 -1.34777626278
-3.76623943753 16.237996198 -1.23664776968
-3.640209386 15.8030373148 -1.41944788917
-3.62983758551 15.3850447839 -1.77543960841
-3.75495303804 14.9750951621 -1.89671612348
-3.90481912423 14.5745121323 -1.91632685142
-4.09047740892 13.9444165895 -1.71601591486
-4.15422103687 13.5335474014 -1.71779278279
-4.20805604032 13.1400738363 -1.70292279419
-4.24443197555 12.4958203629 -1.58890125914
-4.24270923019 12.0856631504 -1.58720196044
-4.22613055906 11.4652390824 -1.56094195949
-4.24067573041 11.0515958361 -1.7273501076
-4.29381193396 10.6341506884 -1.72223847332
-4.37250767183 9.98757486487 -1.71474884401
-4.44548218956 9.37858308993 -1.70892604197
-4.43006814123 8.93320717453 -1.32302372803
-4.33706350084 8.31311001596 -1.64680166044
-4.36569625436 7.89557441419 -1.70246890237
-4.45016510045 7.28207630193 -1.7820797136
-4.50780375537 6.87325617979 -1.65057887212
-4.53905533156 6.45373465152 -1.6525462277
-4.6227161482 5.80979226856 -1.75103175218
-4.6895429334 5.36515656276 -1.66852930693
-4.71571043323 4.95729737608 -1.64886164564
-4.73606129188 4.29163137947 -1.60926237861
-4.7293854347 3.66150573356 -1.56547019323
