0.0643796897306 0.0841759434238 0.0263333327847
0.30359495062 0.193324865775 0.020164563959
0.55338740672 0.276104972086 0.0392702611297
0.968933091009 0.444607655984 0.0183698956909
1.16183130008 0.50448887628 0.0202441847999
1.3450208605 0.556732982112 0.00483867161159
1.54355701751 0.601110221024 -0.0107282814817
1.92427607377 0.590256083735 -0.0178477423092
2.13560912959 0.579892976718 -0.0625174298852
2.30751741707 0.56775662217 -0.0683773231697
2.69841226871 0.536741788663 -0.0826097436642
2.90647636133 0.520094796307 -0.091695229524
3.10466218729 0.496846214209 -0.0966831820631
3.31242628994 0.474026722267 -0.10202749489
3.31242628994 0.474026722267 -0.10202749489
3.71497685968 0.437648118072 -0.104110126929
3.93077076607 0.414805245756 -0.105134993051
4.17441752067 0.393701211564 -0.105259921425
4.6028943855 0.348741508537 -0.108306038911
4.80078562774 0.32018185079 -0.112439160419
5.02084156129 0.300259864613 -0.114610915065
5.44160442689 0.256016087793 -0.113585650043
5.86102610296 0.207893171843 -0.117243581585
6.0786481575 0.192419705519 -0.109779257705
6.304001363 0.182238344422 -0.105387984795
6.73436803328 0.156989875646 -0.0973774104749
6.97552036997 0.144149741128 -0.0952628431472
7.42114218511 0.133976803606 -0.0837317318802
7.64771654903 0.126364428218 -0.0824067171091
8.05513966021 0.114371728809 -0.0734932627552
8.25371630423 0.109726956208 -0.0689283088647
8.45510344774 0.100393518972 -0.0693112613776
8.88020178336 0.100386019942 -0.0580195405248
9.11780866355 0.0968760437845 -0.054479750765
9.32738402092 0.104437496278 -0.047934916981
9.53724834135 0.0989881477483 -0.04577565074
9.98425023313 0.0956177673231 -0.035384770216
10.1956729933 0.0945814671973 -0.0361642398503
10.4263951073 0.0919692131365 -0.0365472474522
10.8552726685 0.0787619866486 -0.0339348667949
11.2706352538 0.0630821102803 -0.0356572375454
11.489411084 0.0612340157954 -0.0342719442306
11.7172017849 0.0585575782254 -0.0333532973123
12.1240413979 0.049878366823 -0.029266562993
12.3363308213 0.0431846174054 -0.0316296165676
12.5662786204 0.0360825675615 -0.0280386511284
12.9986184058 0.0898558350908 0.525393810502
13.1567518533 0.236192228419 1.04055837191
13.2193462453 0.451666738771 1.40304785365
13.2444345628 0.869160650933 1.47635408278
13.270839377 1.32312705507 1.50186060923
13.2715796936 1.53013123526 1.5028363554
13.274853768 1.95717639145 1.50839975146
13.2747724754 2.18031169964 1.51376971163
13.2857304023 2.60740765234 1.51667415922
13.2915643626 2.84248551016 1.5150836536
13.3077774891 3.2561636715 1.51507281664
13.3132564239 3.47679096344 1.51691227399
13.2543209582 3.90155804279 2.0300679167
13.1202877816 4.07333951787 2.54765304918
12.925670688 4.13002873645 2.89397437497
12.7028161628 4.19033317562 2.90743164103
12.4900650993 4.23053318272 2.94881287185
12.0728667692 4.2452489508 3.06762251896
11.8484612885 4.24755011425 3.08060375386
11.641119818 4.25372193819 3.08260805209
11.2213232764 4.25386443468 3.08950699812
11.0125077238 4.25727005905 3.0882010751
10.7752501472 4.27162275472 3.08915240278
10.5592128599 4.28168357868 3.09170783795
10.1182459371 4.30675880277 3.09038188662
9.89410182777 4.31510631428 3.0900013363
9.66714254435 4.3204377075 3.09231894578
9.43017711927 4.3153307596 3.09546950085
9.21641877162 4.32356864468 3.09817920026
8.77406036385 4.34416860573 3.09936172929
8.56536647798 4.35518959576 3.09325647069
8.35265898626 4.3639863131 3.09405890872
7.91568497414 4.37962605366 3.09151431203
7.91568497414 4.37962605366 3.09151431203
7.69260404531 4.37630000335 2.83292961693
7.48369147683 4.64057150164 1.80527397569
7.48244309147 4.86070647241 1.59707298194
7.48308476514 5.09095511495 1.57845158313
7.48976995753 5.31070375886 1.56716375467
7.4927901787 5.54048665265 1.56232669397
7.50545596049 5.96244816543 1.55962635697
7.51019500256 6.18009099145 1.53217090855
7.51655766891 6.40517175898 1.52898189036
7.52882670647 6.62013890858 1.52819588049
7.54501983183 6.85551819366 1.52707152052
7.56414261717 7.08316145401 1.52123722991
7.58112532234 7.30086242123 1.52213272924
7.617809758 7.72324907664 1.48680999671
7.63548364059 7.92422859715 1.48551166979
7.65505225449 8.14031347755 1.48958915422
7.67094749955 8.35080941105 1.49076851228
7.68738358228 8.55900317767 1.48947600776
7.69366991242 8.7855025601 1.49472366508
7.71270269076 8.98971503331 1.49085530832
7.71121747736 9.21143391488 1.89760866322
7.62055278973 9.34166045736 2.41402771541
7.20211722183 9.50334783607 2.90698991773
6.97865296982 9.52650406194 2.97630168585
6.77066499662 9.54789876955 2.98759639421
6.54780545368 9.57202414863 2.9922240842
6.34513487317 9.59362726334 2.99228925184
6.13057484401 9.61846724458 3.00566995744
5.91905357504 9.64508179937 3.00682783528
5.70720045068 9.66961956498 3.00518232412
5.49628536964 9.69134784554 3.03777736292
5.26627304389 9.71037513167 3.04006883054
5.05730567644 9.72761287416 3.04202751569
4.65542272674 9.75209683569 3.05041966361
4.45341104423 9.76766418771 3.05190127368
4.23708079082 9.78242348209 3.05406474368
4.01949755092 9.79298723553 3.05537294926
3.80132483817 9.80857394784 3.05597572872
3.59858999522 9.82004363584 3.05939494028
3.38121398288 9.83205080829 3.06212944008
3.1843802695 9.84357973486 3.06112907928
3.1843802695 9.84357973486 3.06112907928
2.76718755972 9.86793268333 3.06546805386
2.54448311323 9.88501499698 3.06636277311
2.33531941165 9.90062280824 3.06697193006
2.11267325638 9.91414167433 3.06635210537
1.91247803819 9.92642596953 3.06779048503
1.69837115892 9.93937066986 3.06754190569
1.48907274151 9.9544508544 3.06500540948
1.25850445258 9.96898777336 3.06340443786
1.04914859534 9.98650205136 3.06119653639
0.840070770237 9.99946893112 3.06339358131
0.638129872627 10.014302876 3.06161342347
0.4327109883 10.033833373 3.05848713459
0.220738665442 10.0507453464 3.05968060661
0.0141452862806 10.0672131837 3.06167106933
-0.198398528227 10.0861902381 3.06020164028
-0.198398528227 10.0861902381 3.06020164028
-0.395452468631 10.0966417105 3.06261698274
-0.598137359113 10.1092189621 3.06559393084
-0.80263373373 10.1234770587 3.06542199556
-0.991981723851 10.1332951448 3.06972317427
-1.17449534055 10.1504981886 3.08762311934
-1.34558083602 10.1614730118 3.08302982981
-1.54029997868 10.1745240094 3.08095984179
-1.7004401174 10.1888237148 3.07799134308
-1.86828683469 10.195764727 3.07772077291
-2.14691050397 10.2204248608 3.07352789539
-2.30224577785 10.2293806121 3.07378086609
-2.47736768988 10.2382872081 3.07372292457
-2.64666844736 10.2513653181 3.07213028195
-3.04682923021 10.2680783705 3.07571956408
-3.24582060247 10.275589913 3.08054493548
-3.46657290025 10.2856986127 3.07893271608
-3.68253553251 10.2951729139 3.08088233527
-3.90668673505 10.3050823766 3.08104719451
-3.90668673505 10.3050823766 3.08104719451
-3.90668673505 10.3050823766 3.08104719451
-4.12364350528 10.3117593048 3.08266395502
-4.43239729142 10.2943121569 -2.6531256516
-4.43239729142 10.2943121569 -2.6531256516
-4.7649016412 9.93512212607 -1.96062402652
-4.8196314344 9.72102381457 -1.7707805227
-4.83588845267 9.51645001745 -1.55220359038
-4.8122891784 9.29409534623 -1.53717265362
-4.79095030122 9.07888718826 -1.53220798704
-4.7586872604 8.62849111775 -1.52040550401
-4.74103220959 8.42339795435 -1.51512432365
-4.72101206823 8.22659955484 -1.51450108077
-4.69948003122 8.02256874908 -1.50693143891
-4.68053052542 7.79692042361 -1.50378498053
-4.65841193913 7.58624112892 -1.50171277767
-4.63684652368 7.36998344731 -1.51644298322
-4.64848838915 7.0368213171 -2.13187902817
-4.84664143457 6.89536309339 -2.63058997208
-4.84664143457 6.89536309339 -2.63058997208
-5.24901284249 6.80200043145 -2.97919806177
-5.47260493547 6.78154611338 -3.13616436394
-5.69141879029 6.79463502878 3.0275568975
-5.90525149042 6.82122354608 3.02828142275
-6.12895855909 6.8395151123 3.02435573098
-6.34720474249 6.86343929199 3.02315530592
-6.56394566296 6.89434099156 3.01554159998
-6.77808490165 6.92356333197 3.01376099194
-6.99818327097 6.95521481038 3.00933506376
-7.21657205981 6.98657624328 3.00733735012
-7.42907422836 7.00964488691 3.05248527801
-7.64646719781 7.02757843897 3.09668848381
-7.85572621232 7.03314270299 -3.1316479769
-8.27039720813 7.00781384234 -3.08504712938
-8.47919046505 6.9836749968 -3.0388463469
-8.68695924336 6.96512982602 -3.038799435
-8.89879164045 6.94618487589 -3.04212886584
-9.11789178709 6.92976137747 -3.11731717565
-9.33160041575 6.92263257897 -3.12275001693
-9.33160041575 6.92263257897 -3.12275001693
-9.5492790732 6.92642444017 3.09340068913
-9.7877889118 6.93075079191 3.09530083811
-9.47446011651 7.04492176504 -0.169485266078
-9.25383088465 7.00301045736 -0.162045102622
-9.03851611211 6.97094815879 -0.155324860495
-9.03851611211 6.97094815879 -0.155324860495
-8.61120033607 6.9322671846 -0.0490349543512
-8.38831813247 6.92933273124 0.00782313809992
-8.16968031726 6.94334441147 0.157943503922
-7.9441938652 6.97188879036 0.158625199721
-7.53701671435 7.02804845114 0.152995657944
-7.3328028817 7.05165004601 0.149637447504
-7.13897265006 7.08560881964 0.15257378201
-6.71663160037 7.1447541938 0.150358571273
-6.49852090751 7.18044820329 0.151979489976
-6.28186512533 7.21343411556 0.271268208019
-6.07241555725 7.28732365568 0.502296427905
-5.85740955439 7.4304774721 0.669340930645
-5.85740955439 7.4304774721 0.669340930645
-5.65831238232 7.62310015275 0.865162578659
-5.47689076416 7.84773103053 0.933321615787
-5.32791909647 8.06655442939 1.02121429753
-5.20758146546 8.27898383332 1.07348885654
-5.00891234679 8.72700651053 1.12186006988
-4.92543781035 8.95167594743 1.2210115472
-4.86854567305 9.16433705893 1.34008940303
-4.82922057274 9.37962018083 1.40966935365
-4.78143824182 9.82312843201 1.47024751065
-4.76237820471 10.0369632992 1.47415927896
-4.73768946907 10.2623464765 1.47311614856
-4.71959993866 10.4880629444 1.48723485194
-4.68847596105 10.8979207473 1.48787717881
-4.6759212041 11.1274719599 1.48818629361
-4.66060642815 11.3485066715 1.48988703954
-4.64367579811 11.5608767624 1.48862679838
-4.63024641368 11.7749805939 1.48862661107
-4.61691113115 11.9812030105 1.49301355778
-4.60003252688 12.2033067063 1.49138890698
-4.58619721321 12.4109141197 1.49544969379
-4.57234796088 12.6087347178 1.49421305033
-4.54627625117 13.021846814 1.49535221553
-4.52586036082 13.234578113 1.49222534831
-4.50878362591 13.4457414748 1.4904323078
-4.50878362591 13.4457414748 1.4904323078
-4.49081810031 13.6663239818 1.48885617188
-4.47546660305 13.8685567457 1.48883212687
-4.4579082478 14.0893482187 1.48851336621
-4.44315070509 14.3015092673 1.48840924882
-4.42699864807 14.518943141 1.48719349608
-4.40491826802 14.7280981481 1.48637160701
-4.38573970914 14.9601425784 1.48253658552
-4.35270016193 15.3663455074 1.48482064879
-4.35270016193 15.3663455074 1.48482064879
-4.33294808721 15.5923465338 1.48194092733
-4.31138300184 15.8190662458 1.48179607088
-4.29194432707 16.036957437 1.48064759765
-4.27346438474 16.248683539 1.48074744964
-4.23427568265 16.6795870844 1.48361848074
-4.21817604846 16.8977055712 1.48287894521
-4.19969181542 17.1222609288 1.48356166926
-4.16784833762 17.5501559592 1.48517495148
-4.16784833762 17.5501559592 1.48517495148
-4.131139926 17.9722040001 1.48710585194
-4.11789267541 18.1814706204 1.48821058333
-4.10027839418 18.3973649101 1.4894187078
-4.07935654274 18.6323797404 1.48512578673
-4.0596026652 18.8564554804 1.48618106054
-4.04188299749 19.0738064872 1.4868886451
-4.02449935778 19.3005185298 1.48658668182
-4.01846899235 19.5334243555 1.49360558736
-4.00545082742 19.7498904935 1.49456439096
-3.99298746527 19.9748593846 1.49925660605
-3.9762956501 20.199024345 1.50151625469
-3.95577530063 20.6310360561 1.50302150328
-3.94794379286 20.846947196 1.50424972682
-3.93932086102 21.0528362801 1.50806762819
-3.92599254152 21.2573947398 1.50967161211
-3.91476734707 21.4579560479 1.49907118613
-3.89864802043 21.6675700876 1.49832396041
-3.87151731057 22.0849027744 1.4732367713
-3.8530243395 22.2901594492 1.47586685861
-3.7923331983 22.5009912939 1.01076537353
-3.60010558717 22.6689949926 0.516365769091
-3.40195954676 22.7557369239 0.291731701561
-3.19766678096 22.796463464 0.0836700757808
-2.98457400933 22.8007752526 -0.0236089449931
-2.76080414408 22.7953912727 -0.0253593373725
-2.54148658101 22.7888743824 -0.0337280625878
-2.32538031367 22.7804200491 -0.0394867920034
-2.09168781663 22.7710337679 -0.0438768868778
-1.88272493261 22.7647290316 -0.0568685675721
-1.67735956216 22.7495332431 -0.0788370735471
-1.44018229549 22.7204161016 -0.0855544276432
-1.20384414141 22.7010653339 -0.0966258868646
-0.972164709138 22.6852249946 -0.0933626820649
-0.766276837785 22.6705741334 -0.0898485466325
-0.766276837785 22.6705741334 -0.0898485466325
-0.766276837785 22.6705741334 -0.0898485466325
-0.536814849158 22.6483415283 -0.091187620229
-0.117460316238 22.6113597119 -0.0938634966371
0.0782027460076 22.595443036 -0.0981143266004
0.291233157081 22.5777346295 -0.0980084230767
0.502998946004 22.5594874468 -0.0975730216268
0.714806024666 22.5438373664 -0.0985240823369
0.933224672898 22.5306613205 -0.0985623287687
1.14367738576 22.5138068372 -0.0997153141861
1.33952961952 22.5009034328 -0.0992077616749
1.54334849978 22.4813268006 -0.0990171634353
1.96163968625 22.447831851 -0.0970193116749
2.13974700418 22.3866393705 -0.606615647399
2.31996822521 22.1836307359 -0.951143527823
2.41371079655 21.9702385733 -1.45166722102
2.43322751504 21.7754641134 -1.48726831841
2.44739049078 21.5587175703 -1.50185569859
2.45888116387 21.3467959963 -1.50818476536
2.46190561453 20.9333352816 -1.59171169182
2.46190561453 20.9333352816 -1.59171169182
2.45720935051 20.7219156188 -1.59802877757
2.45720935051 20.7219156188 -1.59802877757
2.43353873274 20.2963157868 -1.64302482103
2.43353873274 20.2963157868 -1.64302482103
2.43353873274 20.2963157868 -1.64302482103
2.43353873274 20.2963157868 -1.64302482103
2.42084778435 20.0677892093 -1.64621558785
2.41119587904 19.8467357821 -1.73941096432
2.3391741017 19.6205076993 -2.02314248315
2.1748753743 19.3953210802 -2.37792641532
2.1748753743 19.3953210802 -2.37792641532
1.96291959695 19.2469866581 -2.72129807422
1.76781264066 19.171003512 -2.93380836501
1.54978057403 19.1389164386 -3.03119469116
1.31631240671 19.1156189334 -3.12859275504
1.08682740215 19.1188408122 3.11865288467
0.869228981856 19.1241480238 3.11298128477
0.444455295353 19.1329395133 3.10897034341
0.444455295353 19.1329395133 3.10897034341
0.223009156931 19.1333913219 3.11465385673
0.0124433303633 19.1336915151 3.08408749203
-0.40204015651 19.1699250876 3.0526560023
-0.618655715528 19.1865738874 3.04794047092
-0.827651140037 19.2067190751 3.04819267734
-1.04937560943 19.2298109836 3.04547063767
-1.25648849868 19.2500804052 3.0416756322
-1.89377902108 19.3110087255 3.04652086781
-1.89377902108 19.3110087255 3.04652086781
-2.10597262613 19.3306580708 3.04624651411
-2.33212740985 19.3491324717 3.04635820373
-2.53142385929 19.3696441903 3.04415365864
-2.75681670054 19.3871814297 3.04449355408
-2.75681670054 19.3871814297 3.04449355408
-2.75681670054 19.3871814297 3.04449355408
-2.75681670054 19.3871814297 3.04449355408
-2.75681670054 19.3871814297 3.04449355408
-3.16987113827 19.4193228174 3.04216929401
-3.376567716 19.4391700128 3.0405219301
-3.57493447057 19.4563244781 3.04267801969
-4.00485807204 19.4990653092 3.04146680771
-4.21655671542 19.5225800253 3.04361349667
-4.4115813817 19.5467419529 3.0203153278
-4.62190467597 19.5800273934 2.98644880405
-4.8395390801 19.6199762262 2.98178931762
-4.8395390801 19.6199762262 2.98178931762
-4.8395390801 19.6199762262 2.98178931762
-4.8395390801 19.6199762262 2.98178931762
-4.8395390801 19.6199762262 2.98178931762
-4.8395390801 19.6199762262 2.98178931762
-4.8395390801 19.6199762262 2.98178931762
-4.8395390801 19.6199762262 2.98178931762
-4.8395390801 19.6199762262 2.98178931762
-4.8395390801 19.6199762262 2.98178931762
-4.8395390801 19.6199762262 2.98178931762
-5.26238309755 19.6906174054 2.9822312537
-5.47322744152 19.7278197535 2.98135949734
-5.6865476357 19.7425000178 3.12444735504
-5.908255799 19.7473292018 3.04770459622
-6.13916507136 19.7811533673 2.85608711571
-6.35469067652 19.8575377999 2.64950701089
-6.58199925831 19.9956208912 2.59261826835
-6.79553293216 20.1284785217 2.58894127655
-7.02321246588 20.2592343269 2.58666138061
-7.2483935393 20.3970900278 2.70071549476
-7.65847118118 20.5844788105 2.7589187774
-7.88358659438 20.6681502757 2.82120653423
-8.08599705023 20.7273876257 2.88402424434
-8.28515816293 20.7813299781 2.88214388909
-8.49904302047 20.8470847166 2.8802548506
-8.71327157813 20.9001530148 2.87386336103
-8.9407407791 20.9484581162 2.72594701465
-9.16819213089 21.063706685 2.48288846267
-9.36264310337 21.2526871613 2.176191624
-9.4613787515 21.4498054181 1.99340983968
-9.6115878675 21.8822797443 1.95835469539
-9.70156114334 22.104366301 1.95149072489
-9.78836644917 22.3153678164 1.99105152832
-9.88456006328 22.5397299854 1.96511384373
-10.0160511736 22.9651633722 1.80885092346
-10.0594727133 23.1862237455 1.75532646574
-10.0594727133 23.1862237455 1.75532646574
-10.1070628516 23.4113316704 1.75432071909
-10.1474838804 23.6342241531 1.7536929547
-10.2092476432 24.056716993 1.73377382651
-10.23403968 24.266653933 1.67459758783
-10.2458966625 24.4709294096 1.61242284796
-10.2512188745 24.6838774411 1.60643984523
-10.248896575 25.1072873265 1.50543798844
-10.2276793031 25.3246624509 1.48392322382
-10.2035322812 25.5467381041 1.48006019599
-10.1883471563 25.7746414327 1.54347106337
-10.1817461774 25.990330221 1.54152983967
-10.1765717757 26.1938351383 1.64544262721
-10.1765717757 26.1938351383 1.64544262721
-10.1765717757 26.1938351383 1.64544262721
-10.1765717757 26.1938351383 1.64544262721
-10.1765717757 26.1938351383 1.64544262721
-10.1765717757 26.1938351383 1.64544262721
-10.1765717757 26.1938351383 1.64544262721
-10.2108009725 26.4006442248 1.93198256826
-10.3361505333 26.5798754406 2.43035119598
-10.5629578086 26.6964251845 2.88794700751
-10.5629578086 26.6964251845 2.88794700751
-10.5629578086 26.6964251845 2.88794700751
-10.5629578086 26.6964251845 2.88794700751
-10.8754777744 26.7351925724 -2.65918980538
-10.8754777744 26.7351925724 -2.65918980538
-11.0272582852 26.6084550697 -2.14646634373
-11.1312374847 26.1826446345 -1.66791419526
-11.1520600239 25.9763251071 -1.66880481482
-11.16930898 25.7535049917 -1.66513299414
-11.1800764153 25.5301136239 -1.69199446315
-11.236562559 25.1049275063 -1.69860163124
-11.276518692 24.6471015291 -1.72667889905
-11.3037159541 24.4073907693 -1.71412625883
-11.3352541692 23.9755197768 -1.70094329195
-11.3473566262 23.7576630087 -1.69401468594
-11.372744099 23.3511121061 -1.71434447011
-11.4256402881 23.2360267019 -2.22896714222
-11.6320279355 23.0675928614 -2.71633230599
-12.0502540575 22.9449206651 -2.94663315193
-12.252545768 22.9218342265 -3.03308109595
-12.6689048241 22.8712440626 -3.0320050246
-12.8924286134 22.8460186276 -3.03369854711
-13.3159683326 22.8081107303 -3.03902591345
-13.5366996965 22.7887229205 -3.04158611088
-13.970094714 22.7443651557 -2.94792091327
-14.1705749281 22.6772026347 -2.52649172626
-14.3408360049 22.4703803765 -2.02590522598
-14.4192903648 22.2541140454 -1.92241523736
-14.5377783839 21.811180769 -1.75981065321
-14.5668534083 21.6001927821 -1.70925000606
-14.6017620929 21.1755688893 -1.6946219511
-14.6229801513 20.9678515812 -1.69905716829
-14.6756656721 20.5513803323 -1.70174999629
-14.6960920941 20.3489315032 -1.70440161852
-14.7202924602 20.123204807 -1.70365655085
-14.7668224017 19.7098935949 -1.7037064156
-14.78297586 19.5025941307 -1.70326274343
-14.8131834785 19.272964506 -1.70394685452
-14.8396169403 19.0356335182 -1.70362096894
-14.8786153033 18.8167505541 -1.91721934004
-15.2072742652 18.5002922085 -2.95139370603
-15.433377563 18.4964602883 3.13346834177
-15.6531419856 18.5002247801 3.13138851654
-16.0762850148 18.5143777226 3.07597842176
-16.3029877559 18.5339819006 3.07294869473
-16.7578405451 18.5675162452 3.06268752293
-16.9711118651 18.5829909656 3.05124796644
-17.1733359459 18.5952031272 3.04016137085
-17.6113109783 18.6285284423 3.04019681585
-17.8247344243 18.6906908415 2.74050143585
-18.0576657029 18.8131535797 2.49337228736
-18.2596519251 19.0219204566 2.22047603778
-18.3979518287 19.4334003208 1.5200836269
-18.3659321515 19.6438349153 1.47861684787
-18.3299658676 20.0575731905 1.47707791249
-18.3102109492 20.2750139111 1.45505329243
-18.2521225359 20.7061201096 1.44454816818
-18.2179366644 20.9299851716 1.44021402311
-18.1700382457 21.3660384977 1.44302543111
-18.1700382457 21.3660384977 1.44302543111
-18.1454687686 21.5730875888 1.44470198833
-18.0916789182 21.9820478759 1.44352037315
-18.062832413 22.1943399571 1.4431019083
-18.0139090489 22.6308099039 1.44052492206
-17.992568803 22.8510778964 1.44319528592
-17.9051793566 23.1902936811 0.776899820357
-17.5293476147 23.3156875526 0.0516144720182
-17.0980408129 23.3035480717 -0.033128027713
-16.8813995685 23.2925655003 -0.0832766124064
-16.4290193048 23.2526830475 -0.114388213468
-15.9943257195 23.2070409397 -0.113350608278
-15.5681734443 23.1634590257 -0.111663251636
-15.3617535376 23.1401146793 -0.110918866664
-15.1344794655 23.1165105775 -0.11040266052
-14.6869898159 23.0699870346 -0.111223282856
-14.2448255636 23.0291513664 -0.114778158679
-14.0280854882 23.0111263645 -0.093634699219
-13.5914541228 22.9760485157 -0.0819331382672
-13.1697941236 22.9550164812 -0.0757942980995
-12.7562264206 22.9254279104 -0.0766138437644
-12.3295223395 22.8918077905 -0.084972387402
-11.8937251314 22.860968973 -0.0860431126595
-11.4702070212 22.8301245571 -0.0721679977364
-11.4702070212 22.8301245571 -0.0721679977364
-11.0359497869 22.8053772833 -0.0730952127132
