-0.001 0.0 -9.92104817211e-16
0.225 0.0 -9.92104817211e-16
0.595 0.0 -0.0178353071796
0.906 0.0 -0.0178353071796
1.128 0.0 -0.0178353071796
1.379 0.0 -0.0178353071796
1.654 0.0 -0.0178353071796
1.904 0.0 -9.92104817211e-16
2.153 -0.006 -0.0438453071796
2.445 -0.013 -0.0438453071796
2.718 -0.02 -0.0438453071796
2.958 -0.026 -0.0438453071796
3.162 -0.031 -0.0438453071796
3.368 -0.036 -0.0438453071796
3.546 -0.041 -0.0423153071796
3.819 -0.047 -0.0423153071796
4.06 -0.053 -0.0423153071796
4.311 -0.059 -0.0438453071796
4.613 -0.067 -0.0438453071796
4.91 -0.074 -0.0423153071796
5.209 -0.081 -0.0423153071796
5.617 -0.091 -0.0423153071796
5.892 -0.098 -0.0423153071796
6.154 -0.104 -0.0423153071796
6.426 -0.111 -0.0423153071796
6.686 -0.118 -0.0438453071796
7.07 -0.127 -0.0423153071796
7.443 -0.136 -0.0423153071796
7.727 -0.143 -0.0438453071796
8.0 -0.15 -0.0438453071796
8.279 -0.157 -0.0423153071796
8.509 -0.163 -0.0438453071796
8.783 -0.169 -0.0423153071796
9.055 -0.176 -0.0423153071796
9.311 -0.183 -0.0438453071796
9.583 -0.189 -0.0438453071796
9.882 -0.197 -0.0438453071796
10.156 -0.204 -0.0423153071796
10.455 -0.211 -0.0423153071796
10.764 -0.219 -0.0423153071796
11.086 -0.227 -0.0423153071796
11.369 -0.234 -0.0423153071796
11.691 -0.242 -0.0423153071796
11.965 -0.248 -0.0423153071796
12.239 -0.255 -0.0438453071796
12.537 -0.262 -0.0438453071796
12.804 -0.175 0.57987
12.961 0.042 1.34181
13.005 0.336 1.46268
13.038 0.659 1.46421
13.065 0.982 1.48869
13.094 1.354 1.48716
13.117 1.653 1.48716
13.144 2.0 1.48716
13.169 2.324 1.48716
13.192 2.622 1.48716
13.215 2.92 1.48869
13.238 3.219 1.48716
13.172 3.535 2.0196
13.016 3.709 2.77848
12.706 3.797 2.87181
12.488 3.855 2.87181
12.244 3.905 2.94984
11.958 3.939 3.02022
11.685 3.968 3.02481
11.438 3.995 3.02481
11.149 4.026 3.02481
10.894 4.053 3.02481
10.608 4.083 3.02481
10.337 4.112 3.02481
10.058 4.142 3.02634
9.762 4.174 3.02481
9.5 4.202 3.02634
9.292 4.224 3.02481
9.038 4.251 3.02481
8.766 4.28 3.02481
8.469 4.312 3.02481
8.183 4.343 3.02175
7.909 4.373 3.02175
7.747 4.391 3.02175
7.684 4.434 2.31489
7.565 4.669 1.55754
7.576 4.944 1.51623
7.592 5.204 1.4994
7.608 5.443 1.49787
7.622 5.666 1.4994
7.639 5.915 1.4994
7.66 6.163 1.47492
7.681 6.394 1.47186
7.704 6.642 1.47186
7.727 6.889 1.47186
7.752 7.163 1.47186
7.773 7.385 1.46727
7.803 7.632 1.44126
7.833 7.879 1.44126
7.861 8.101 1.44126
7.892 8.35 1.44126
7.92 8.573 1.44126
7.951 8.819 1.43973
7.974 9.005 1.44126
7.926 9.174 2.19555
7.691 9.342 2.7846
7.451 9.412 2.8611
7.208 9.465 2.92536
6.988 9.51 2.93148
6.746 9.56 2.92995
6.526 9.605 2.92995
6.317 9.645 2.94678
6.086 9.689 2.94678
5.866 9.73 2.94525
5.644 9.765 2.9835
5.396 9.802 2.98197
5.15 9.839 2.98197
4.922 9.874 2.98197
4.697 9.908 2.98197
4.509 9.936 2.98197
4.287 9.969 2.98197
4.064 10.003 2.98197
3.876 10.031 2.98197
3.651 10.065 2.98197
3.478 10.091 2.98197
3.293 10.119 2.98197
3.049 10.155 2.98197
2.803 10.192 2.98197
2.568 10.228 2.9835
2.346 10.261 2.98197
2.126 10.294 2.98197
1.868 10.333 2.98197
1.709 10.357 2.98197
1.474 10.392 2.98197
1.286 10.42 2.98197
1.068 10.453 2.98197
0.924 10.475 2.98197
0.739 10.502 2.9835
0.555 10.53 2.98197
0.334 10.563 2.9835
0.155 10.59 2.98197
-0.011 10.615 2.98197
-0.134 10.633 2.9835
-0.321 10.662 2.98197
-0.544 10.695 2.98197
-0.732 10.723 2.98197
-0.938 10.75 3.00645
-1.186 10.782 3.00645
-1.433 10.813 3.00645
-1.706 10.847 3.00645
-1.943 10.877 3.00645
-2.215 10.911 3.00645
-2.476 10.943 3.00645
-2.722 10.974 3.00645
-2.954 11.003 3.00645
-3.227 11.038 3.00645
-3.497 11.072 3.00645
-3.746 11.103 3.00798
-3.948 11.128 3.00645
-4.123 11.15 3.00645
-4.123 11.15 3.00645
-4.257 11.167 3.00645
-4.481 11.195 3.00645
-4.617 11.149 -2.54233530718
-4.758 11.051 -2.54233530718
-4.942 10.814 -2.01907530718
-5.021 10.579 -1.84159530718
-5.041 10.333 -1.61668530718
-5.05 10.069 -1.62127530718
-5.059 9.812 -1.62127530718
-5.071 9.482 -1.62127530718
-5.081 9.173 -1.62127530718
-5.088 8.982 -1.62127530718
-5.095 8.794 -1.62127530718
-5.101 8.605 -1.62127530718
-5.109 8.381 -1.62127530718
-5.123 8.131 -1.65034530718
-5.205 7.949 -2.57140530718
-5.397 7.859 -2.76112530718
-5.568 7.83 -3.06865530718
-5.793 7.817 -3.10231530718
-6.015 7.831 3.02787
-6.26 7.88 2.91618
-6.442 7.92 2.91465
-6.623 7.96 2.91465
-6.838 8.007 2.91618
-7.058 8.055 2.91465
-7.278 8.104 2.91465
-7.463 8.145 2.91618
-7.681 8.192 2.91618
-7.925 8.237 2.96361
-8.153 8.268 3.00645
-8.403 8.286 3.06765
-8.693 8.293 3.11508
-8.915 8.289 -3.11914530718
-9.164 8.282 -3.11914530718
-9.388 8.276 -3.11761530718
-9.586 8.28 3.08754
-9.81 8.29 3.08907
-9.81 8.29 3.08907
-10.033 8.312 3.02022
-10.267 8.338 3.02175
-9.882 8.383 -0.25192530718
-9.666 8.333 -0.23815530718
-9.449 8.285 -0.23050530718
-9.285 8.259 -0.14482530718
-9.037 8.234 -0.11116530718
-8.779 8.222 -0.0499653071796
-8.507 8.244 0.10404
-8.284 8.267 0.10404
-8.012 8.294 0.10404
-7.754 8.321 0.10404
-7.481 8.348 0.10404
-7.207 8.376 0.10404
-6.927 8.405 0.10404
-6.686 8.45 0.23103
-6.439 8.566 0.50643
-6.236 8.711 0.65025
-6.156 8.784 0.80631
-5.988 8.968 0.83079
-5.816 9.183 0.9027
-5.679 9.39 0.99144
-5.544 9.628 1.06794
-5.427 9.846 1.07406
-5.318 10.096 1.16739
-5.233 10.357 1.28979
-5.174 10.625 1.35405
-5.129 10.894 1.40301
-5.088 11.14 1.40454
-5.042 11.424 1.40301
-5.001 11.695 1.41525
-4.96 11.966 1.41525
-4.912 12.285 1.41525
-4.871 12.556 1.41525
-4.837 12.779 1.41372
-4.808 12.969 1.41525
-4.775 13.19 1.41525
-4.742 13.411 1.41525
-4.708 13.632 1.41678
-4.679 13.829 1.41525
-4.641 14.077 1.41525
-4.604 14.322 1.41372
-4.567 14.568 1.41525
-4.567 14.568 1.41525
-4.534 14.791 1.41525
-4.505 14.979 1.41525
-4.478 15.161 1.41525
-4.437 15.433 1.41525
-4.403 15.655 1.41372
-4.365 15.914 1.41525
-4.324 16.185 1.41525
-4.277 16.495 1.41525
-4.277 16.495 1.41525
-4.24 16.741 1.41525
-4.206 16.963 1.41525
-4.165 17.234 1.41525
-4.132 17.454 1.41525
-4.098 17.682 1.41525
-4.057 17.951 1.41372
-4.016 18.222 1.41525
-3.972 18.517 1.41525
-3.943 18.707 1.41525
-3.906 18.952 1.41678
-3.871 19.184 1.41525
-3.838 19.406 1.41525
-3.797 19.677 1.41372
-3.76 19.923 1.41525
-3.726 20.146 1.41525
-3.689 20.394 1.41525
-3.655 20.617 1.41372
-3.627 20.804 1.41525
-3.593 21.027 1.41525
-3.553 21.294 1.41525
-3.516 21.54 1.41525
-3.475 21.812 1.41525
-3.44 22.041 1.41525
-3.409 22.249 1.41372
-3.368 22.495 1.39995
-3.325 22.752 1.39995
-3.28 22.996 1.37394
-3.237 23.215 1.37088
-3.095 23.432 0.64566
-2.824 23.553 0.3213
-2.578 23.586 0.07038
-2.389 23.571 -0.13717530718
-2.201 23.549 -0.13717530718
-2.01 23.526 -0.13717530718
-1.812 23.501 -0.14788530718
-1.67 23.482 -0.14635530718
-1.449 23.453 -0.14788530718
-1.228 23.423 -0.15859530718
-1.005 23.388 -0.18001530718
-0.759 23.348 -0.18001530718
-0.514 23.305 -0.19378530718
-0.269 23.262 -0.19378530718
-0.048 23.223 -0.19378530718
-0.048 23.223 -0.19378530718
-0.048 23.223 -0.19378530718
0.174 23.184 -0.19378530718
0.419 23.14 -0.19225530718
0.666 23.097 -0.19225530718
0.91 23.054 -0.19225530718
1.156 23.01 -0.19378530718
1.389 22.969 -0.19225530718
1.609 22.93 -0.19378530718
1.829 22.891 -0.19225530718
2.048 22.852 -0.19225530718
2.269 22.813 -0.19378530718
2.488 22.774 -0.19378530718
2.68 22.679 -0.77212530718
2.837 22.456 -1.05211530718
2.88 22.189 -1.59832530718
2.877 21.967 -1.59832530718
2.872 21.719 -1.60903530718
2.866 21.469 -1.60750530718
2.847 21.246 -1.68859530718
2.847 21.246 -1.68859530718
2.822 21.012 -1.68706530718
2.801 20.854 -1.72837530718
2.769 20.632 -1.72990530718
2.769 20.632 -1.72990530718
2.769 20.632 -1.72990530718
2.744 20.465 -1.72990530718
2.712 20.245 -1.72990530718
2.656 20.064 -1.94410530718
2.562 19.908 -2.20573530718
2.408 19.762 -2.45665530718
2.274 19.682 -2.69074530718
2.06 19.621 -2.93401530718
1.871 19.609 -3.11455530718
1.682 19.603 -3.11608530718
1.435 19.621 3.03552
1.212 19.642 3.03552
0.99 19.664 3.03246
0.769 19.686 3.03399
0.624 19.7 3.03399
0.401 19.722 3.03399
0.153 19.758 2.97279
-0.067 19.793 2.97279
-0.295 19.83 2.97126
-0.54 19.87 2.97126
-0.785 19.909 2.97126
-1.054 19.953 2.97279
-1.533 20.03 2.97279
-1.716 20.059 2.97126
-1.723 20.061 2.97279
-1.994 20.104 2.97126
-2.256 20.146 2.97279
-2.54 20.192 2.97279
-2.54 20.192 2.97279
-2.54 20.192 2.97279
-2.54 20.192 2.97279
-2.54 20.192 2.97279
-2.86 20.244 2.97279
-3.13 20.287 2.97279
-3.353 20.323 2.97279
-3.622 20.367 2.97279
-3.892 20.41 2.97126
-4.099 20.449 2.92383
-4.329 20.5 2.91312
-4.572 20.555 2.91006
-4.572 20.555 2.91006
-4.572 20.555 2.91006
-4.572 20.555 2.91006
-4.572 20.555 2.91006
-4.572 20.555 2.91006
-4.572 20.555 2.91006
-4.572 20.555 2.91006
-4.572 20.555 2.91006
-4.572 20.555 2.91006
-4.572 20.555 2.91006
-4.864 20.62 2.91006
-5.105 20.675 2.90853
-5.368 20.699 3.05541
-5.59 20.728 2.97891
-5.85 20.817 2.73258
-6.059 20.951 2.51532
-6.283 21.11 2.51532
-6.487 21.256 2.51532
-6.69 21.4 2.51685
-6.931 21.526 2.68209
-7.158 21.632 2.70198
-7.389 21.724 2.76777
-7.626 21.8 2.83203
-7.84 21.867 2.83203
-8.102 21.948 2.83203
-8.338 22.022 2.82438
-8.575 22.14 2.61783
-8.761 22.305 2.33784
-8.894 22.512 2.07315
-8.996 22.766 1.91403
-9.097 23.048 1.9125
-9.181 23.283 1.9125
-9.285 23.538 1.95534
-9.391 23.818 1.92474
-9.454 24.108 1.77021
-9.496 24.378 1.71513
-9.496 24.378 1.71513
-9.533 24.629 1.71513
-9.573 24.9 1.71513
-9.609 25.171 1.6983
-9.631 25.449 1.63863
-9.635 25.725 1.57284
-9.634 25.949 1.55295
-9.613 26.205 1.47645
-9.585 26.479 1.45809
-9.558 26.727 1.45809
-9.544 27.0 1.52235
-9.533 27.246 1.52235
-9.565 27.484 1.77786
-9.565 27.484 1.77786
-9.565 27.484 1.77786
-9.565 27.484 1.77786
-9.565 27.484 1.77786
-9.565 27.484 1.77786
-9.565 27.484 1.77786
-9.657 27.643 2.26287
-9.825 27.763 2.68362
-10.092 27.823 2.99727
-10.092 27.823 2.99727
-10.092 27.823 2.99727
-10.092 27.823 2.99727
-10.276 27.769 -2.45512530718
-10.338 27.702 -2.21491530718
-10.419 27.524 -1.89667530718
-10.457 27.255 -1.67635530718
-10.48 27.005 -1.67635530718
-10.503 26.758 -1.67635530718
-10.539 26.461 -1.71460530718
-10.575 26.189 -1.71460530718
-10.654 25.66 -1.74826530718
-10.697 25.388 -1.73908530718
-10.743 25.093 -1.73908530718
-10.787 24.814 -1.73908530718
-10.842 24.519 -1.77274530718
-11.016 24.318 -2.58670530718
-11.296 24.214 -2.87281530718
-11.591 24.17 -3.00898530718
-11.89 24.149 -3.09160530718
-12.2 24.132 -3.09160530718
-12.525 24.113 -3.09160530718
-12.873 24.094 -3.09007530718
-13.195 24.076 -3.09007530718
-13.491 24.038 -2.99368530718
-13.649 23.975 -2.56222530718
-13.845 23.723 -1.95634530718
-13.951 23.452 -1.95787530718
-14.043 23.117 -1.79875530718
-14.103 22.774 -1.74520530718
-14.151 22.479 -1.74367530718
-14.194 22.209 -1.74367530718
-14.243 21.905 -1.74367530718
-14.29 21.609 -1.74367530718
-14.334 21.34 -1.74367530718
-14.377 21.069 -1.74367530718
-14.42 20.8 -1.74367530718
-14.456 20.58 -1.74367530718
-14.498 20.317 -1.74520530718
-14.593 20.096 -2.23021530718
-14.907 19.923 3.1212
-15.205 19.932 3.09366
-15.478 19.942 3.09366
-15.752 19.963 3.04317
-16.073 19.992 3.04164
-16.395 20.022 3.03858
-16.644 20.047 3.02634
-16.941 20.082 3.01104
-17.212 20.115 3.01104
-17.47 20.207 2.69433
-17.673 20.351 2.45565
-17.838 20.55 2.18484
-17.93 20.994 1.43055
-17.89 21.291 1.43055
-17.85 21.584 1.43055
-17.804 21.881 1.41066
-17.753 22.199 1.40607
-17.71 22.47 1.40607
-17.655 22.814 1.40607
-17.655 22.814 1.40607
-17.612 23.084 1.40607
-17.551 23.465 1.40607
-17.5 23.783 1.4076
-17.447 24.103 1.40148
-17.386 24.471 1.40148
-17.167 24.679 0.31365
-16.866 24.705 -0.0805653071796
-16.497 24.682 -0.0790353071796
-16.128 24.643 -0.13258530718
-15.782 24.599 -0.14941530718
-15.459 24.556 -0.14941530718
-15.065 24.504 -0.14941530718
-14.744 24.461 -0.14941530718
-14.446 24.422 -0.14941530718
-14.144 24.382 -0.14941530718
-13.773 24.333 -0.14941530718
-13.38 24.288 -0.12034530718
-12.983 24.247 -0.12034530718
-12.535 24.201 -0.11881530718
-12.162 24.163 -0.11881530718
-11.766 24.119 -0.12799530718
-11.348 24.072 -0.12799530718
-10.943 24.032 -0.11422530718
-10.943 24.032 -0.11422530718
-10.57 23.996 -0.11422530718
