0.0 0.0 -0.0178353071796
0.299 0.0 -0.0178353071796
0.596 0.005 0.02295
0.869 0.01 0.02448
1.142 0.016 0.02295
1.441 0.02 0.01071
1.716 0.023 0.01071
1.983 0.024 0.00306
2.233 0.024 0.00306
2.509 0.024 0.00153
2.808 0.024 0.00153
3.131 0.024 0.00306
3.506 0.024 0.00153
3.856 0.024 0.00306
4.231 0.024 0.00306
4.59 0.024 0.00306
4.59 0.024 0.00306
4.59 0.024 0.00306
4.951 0.028 0.02448
5.274 0.036 0.02295
5.623 0.05 0.04743
5.945 0.065 0.04743
6.219 0.077 0.04743
6.219 0.077 0.04743
6.219 0.077 0.04743
6.543 0.092 0.04131
6.657 0.018 -1.35811530718
6.733 -0.348 -1.39024530718
6.741 -0.755 -1.61821530718
6.642 -1.104 -2.02978530718
6.387 -1.408 -2.37556530718
6.166 -1.726 -2.15677530718
5.996 -2.035 -2.05885530718
5.838 -2.375 -2.01754530718
5.777 -2.677 -1.65034530718
5.767 -3.02 -1.60138530718
5.841 -2.801 1.29744
5.935 -2.465 1.29285
6.022 -2.152 1.29285
6.125 -1.819 1.24848
6.298 -1.518 0.9792
6.497 -1.203 1.00827
6.668 -0.869 1.12914
6.758 -0.456 1.47339
6.796 -0.034 1.47492
6.832 0.361 1.47645
6.868 0.76 1.47492
6.906 1.183 1.47492
6.942 1.579 1.47492
6.977 1.976 1.47492
7.013 2.375 1.47492
7.036 2.772 1.52388
7.047 3.057 1.52388
7.058 3.316 1.52388
7.069 3.59 1.52388
7.081 3.879 1.52235
7.09 4.103 1.52388
7.492 4.324 -0.0239553071796
7.788 4.323 -0.0239553071796
8.1 4.321 -0.0254853071796
8.399 4.319 -0.0239553071796
8.736 4.318 -0.0239553071796
9.036 4.316 -0.0239553071796
9.386 4.314 -0.0239553071796
9.731 4.312 -0.0239553071796
10.056 4.31 -0.0239553071796
10.305 4.309 -0.0239553071796
10.605 4.308 -0.0239553071796
10.911 4.306 -0.0239553071796
11.235 4.304 -0.0239553071796
11.559 4.303 -0.0239553071796
11.934 4.301 -0.0224253071796
12.235 4.299 -0.0239553071796
12.611 4.198 -0.40492530718
12.9 3.908 -0.98326530718
12.949 3.446 -1.67329530718
12.924 3.067 -1.61056530718
12.915 2.718 -1.61056530718
12.905 2.329 -1.61209530718
12.895 1.929 -1.61209530718
12.881 1.559 -1.63045530718
12.78 1.275 -2.19196530718
12.643 1.143 -2.69686530718
12.643 1.143 -2.69686530718
12.461 1.102 -3.09466530718
12.113 1.072 -3.05029530718
11.754 1.033 -3.03958530718
11.433 0.998 -3.03958530718
11.086 0.961 -3.03958530718
10.741 0.923 -3.03958530718
10.42 0.889 -3.03958530718
10.1 0.832 -2.94931530718
9.805 0.768 -2.93401530718
9.468 0.695 -2.93554530718
9.177 0.635 -2.94472530718
8.831 0.646 3.0141
8.477 0.76 2.71422
8.196 0.965 2.4327
7.924 1.257 2.30265
7.692 1.579 2.08845
7.553 1.872 1.989
7.451 2.199 1.79316
7.369 2.555 1.79469
7.32 2.951 1.68759
7.28 3.341 1.64475
7.253 3.694 1.64322
7.223 4.092 1.64475
7.195 4.515 1.62639
7.172 4.912 1.62792
7.149 5.308 1.62639
7.114 5.705 1.66005
7.081 6.053 1.66311
7.049 6.399 1.65699
7.013 6.795 1.65852
7.013 6.795 1.65852
7.013 6.795 1.65852
6.976 7.191 1.66158
6.944 7.537 1.66311
6.909 7.91 1.66158
6.876 8.273 1.66158
6.837 8.691 1.66158
6.673 8.93 2.37609
6.673 8.93 2.37609
6.444 9.066 2.79072
6.12 9.101 -3.13597530718
5.792 9.124 3.05388
5.444 9.152 3.05235
5.097 9.163 3.11508
4.723 9.172 3.09366
4.399 9.185 3.09366
4.101 9.19 3.11661
3.753 9.195 3.11661
3.377 9.2 3.11661
3.037 9.205 3.11661
2.638 9.211 3.11661
2.266 9.217 3.11661
1.968 9.221 3.11661
1.646 9.226 3.11661
1.347 9.241 3.06918
0.973 9.265 3.06918
0.674 9.272 3.11202
0.345 9.278 3.11355
-0.003 9.285 3.11202
-0.293 9.29 3.11355
-0.566 9.293 3.11967
-0.84 9.3 3.0906
-1.184 9.308 3.10743
-1.482 9.32 3.07836
-1.78 9.335 3.07836
-2.055 9.349 3.08295
-2.328 9.362 3.08295
-2.576 9.374 3.08295
-2.826 9.386 3.08295
-3.148 9.401 3.08295
-3.395 9.413 3.08295
-3.669 9.427 3.08142
-3.917 9.439 3.08448
-4.201 9.451 3.09213
-4.55 9.465 3.09213
-4.77 9.425 -2.81467530718
-5.207 9.554 2.31948
-5.334 9.754 1.96911
-5.375 9.96 1.5912
-5.383 10.28 1.59273
-5.39 10.584 1.59273
-5.398 10.906 1.59273
-5.401 11.226 1.56672
-5.401 11.524 1.56672
-5.401 11.798 1.56672
-5.401 12.073 1.56672
-5.401 12.349 1.56672
-5.401 12.597 1.56672
-5.401 12.873 1.56672
-5.401 13.222 1.56672
-5.401 13.569 1.56672
-5.401 13.894 1.5606
-5.4 14.169 1.5606
-5.399 14.519 1.56213
-5.398 14.845 1.5606
-5.397 15.14 1.5606
-5.382 15.463 1.50093
-5.359 15.737 1.47645
-5.335 16.01 1.47798
-5.311 16.29 1.47645
-5.279 16.648 1.47645
-5.253 16.946 1.47798
-5.227 17.242 1.47645
-4.803 17.367 0.16983
-4.509 17.417 0.17136
-4.239 17.463 0.17136
-3.918 17.518 0.17136
-3.653 17.588 0.27693
-3.392 17.665 0.29223
-3.129 17.746 0.30447
-2.853 17.861 0.41769
-2.598 17.964 0.37791
-2.322 18.076 0.39168
-2.046 18.19 0.39168
-1.77 18.302 0.3825
-1.456 18.379 0.22491
-1.165 18.445 0.22644
-0.897 18.505 0.22491
-0.582 18.572 0.20349
-0.266 18.637 0.20196
0.049 18.701 0.20349
0.39 18.771 0.20349
0.643 19.028 1.11231
0.731 19.283 1.28826
0.776 19.582 1.44891
0.807 19.93 1.47645
0.785 20.227 1.73961
0.729 20.547 1.74267
0.627 20.854 1.94004
0.522 21.05 2.18178
0.379 21.194 2.42352
0.135 21.403 2.42505
-0.135 21.533 2.9376
-0.476 21.6 2.9376
-0.795 21.663 2.9376
-1.137 21.724 2.99115
-1.51 21.718 -3.10690530718
-1.857 21.704 -3.10690530718
-2.23 21.688 -3.10690530718
-2.577 21.674 -3.10690530718
-2.922 21.599 -2.86822530718
-3.282 21.496 -2.86975530718
-3.665 21.386 -2.86975530718
-4.019 21.263 -2.78254530718
-4.372 21.078 -2.65096530718
-4.679 20.91 -2.65096530718
-5.007 20.732 -2.65096530718
-5.357 20.541 -2.65096530718
-5.708 20.35 -2.65096530718
-6.036 20.171 -2.65096530718
-6.317 20.017 -2.65096530718
-6.646 19.842 -2.66473530718
-6.958 19.687 -2.70757530718
-7.383 19.651 3.04317
-7.796 19.687 3.0447
-8.191 19.724 3.03858
-8.613 19.744 3.1212
-9.009 19.752 3.09672
-9.407 19.78 3.03093
-9.804 19.818 3.04317
-10.139 19.848 3.04317
-10.511 19.881 3.04317
-10.815 20.018 2.37609
-11.083 20.277 2.36385
-11.256 20.549 2.0349
-11.395 20.897 1.93851
-11.54 21.268 1.93851
-11.672 21.644 1.87119
-11.783 22.001 1.87119
-11.894 22.356 1.87119
-11.979 22.723 1.7442
-12.005 23.101 1.60344
-12.017 23.474 1.60344
-12.035 23.872 1.61262
-12.051 24.247 1.61262
-12.065 24.572 1.61415
-12.084 24.921 1.62333
-12.103 25.269 1.6218
-12.166 25.501 1.989
-12.33 25.676 2.53368
-12.514 25.738 -3.12832530718
-12.77 25.667 -2.66320530718
-12.942 25.527 -2.25163530718
-12.989 25.169 -1.52794530718
-12.999 24.866 -1.62892530718
-13.011 24.592 -1.62892530718
-13.023 24.319 -1.62892530718
-13.037 24.022 -1.62892530718
-13.042 23.731 -1.59985530718
-13.043 23.406 -1.58761530718
-13.044 23.107 -1.58761530718
-13.044 23.107 -1.58761530718
-13.044 23.107 -1.58761530718
-13.044 23.107 -1.58761530718
-13.056 22.758 -1.65952530718
-13.141 22.484 -2.03284530718
-13.344 22.234 -2.37250530718
-13.344 22.234 -2.37250530718
-13.344 22.234 -2.37250530718
-13.666 22.046 -2.75347530718
-13.666 22.046 -2.75347530718
-14.286 21.935 -3.00439530718
-14.653 21.868 -2.99215530718
-15.012 21.812 -2.99521530718
-15.335 21.763 -2.99521530718
-15.667 21.711 -2.99521530718
-15.907 21.577 -2.43370530718
-16.086 21.325 -2.00071530718
-16.175 20.963 -1.79875530718
-16.229 20.594 -1.65034530718
-16.253 20.221 -1.65034530718
-16.274 19.904 -1.65034530718
-16.295 19.581 -1.65034530718
-16.319 19.216 -1.65034530718
-16.342 18.872 -1.65187530718
-16.342 18.872 -1.65187530718
-16.342 18.872 -1.65187530718
-16.365 18.524 -1.65034530718
-16.427 18.286 -1.99612530718
-16.707 18.002 -2.53621530718
-17.038 17.872 -2.84527530718
-17.32 17.72 -2.57140530718
-17.593 17.613 -2.88505530718
-17.905 17.506 -2.80243530718
-18.194 17.429 -2.89882530718
-18.536 17.365 -3.02734530718
-18.858 17.349 3.11508
-18.858 17.349 3.11508
-19.202 17.361 3.07836
-19.573 17.405 2.99727
-19.573 17.405 2.99727
-19.573 17.405 2.99727
-19.573 17.405 2.99727
-19.808 17.652 1.68147
-19.846 17.981 1.683
-19.867 18.283 1.61415
-19.881 18.612 1.61415
-19.89 18.972 1.58202
-19.883 19.346 1.53306
-19.858 19.714 1.48104
-19.836 20.062 1.50399
-19.813 20.435 1.50399
-19.793 20.762 1.50399
-19.774 21.084 1.50399
-19.752 21.409 1.49175
-19.367 21.802 0.17595
-19.117 21.846 0.17595
-18.773 21.906 0.17442
-18.446 21.925 0.01836
-18.172 21.929 0.01836
-17.898 21.934 0.01836
-17.6 21.938 0.01683
-17.275 21.943 0.01683
-17.275 21.943 0.01683
-17.275 21.943 0.01683
-17.275 21.943 0.01683
-17.003 21.947 0.01683
-16.681 21.951 0.01377
-16.383 21.954 0.01224
-16.383 21.954 0.01224
-16.111 21.957 0.01377
-15.787 21.954 -0.0545553071796
-15.465 21.928 -0.10198530718
-15.117 21.899 -0.10198530718
-14.807 21.873 -0.10198530718
-14.534 21.85 -0.10198530718
-13.964 21.803 -0.10045530718
-13.636 21.692 -0.42787530718
-13.304 21.547 -0.42634530718
-12.989 21.398 -0.49060530718
-12.68 21.239 -0.49060530718
-12.348 21.068 -0.49213530718
-12.013 20.948 -0.34831530718
-12.013 20.948 -0.34831530718
-12.013 20.948 -0.34831530718
-12.013 20.948 -0.34831530718
-12.013 20.948 -0.34831530718
-12.013 20.948 -0.34831530718
-12.013 20.948 -0.34831530718
-11.67 20.8 -0.49366530718
-11.302 20.643 -0.41104530718
-10.914 20.472 -0.44929530718
-10.536 20.372 -0.16012530718
-10.176 20.316 -0.19072530718
-9.759 20.239 -0.20755530718
-9.759 20.239 -0.20755530718
-9.389 20.191 -0.14176530718
-8.994 20.132 -0.18307530718
-8.603 20.052 -0.24580530718
-8.222 19.875 -0.56863530718
-7.852 19.668 -0.52273530718
-7.517 19.455 -0.63595530718
-7.201 19.213 -0.68491530718
-6.921 18.984 -0.72928530718
-6.685 18.762 -0.80119530718
-6.466 18.524 -0.86545530718
-6.273 18.263 -0.97867530718
-6.059 17.926 -1.03834530718
-5.879 17.628 -1.04446530718
-5.751 17.257 -1.34281530718
-5.669 16.892 -1.36882530718
-5.669 16.892 -1.36882530718
-5.626 16.521 -1.46215530718
-5.59 16.218 -1.46215530718
-5.56 15.946 -1.47745530718
-5.536 15.698 -1.48510530718
-5.518 15.512 -1.48510530718
-5.495 15.259 -1.49275530718
-5.471 14.986 -1.49275530718
-5.444 14.687 -1.49275530718
-5.42 14.403 -1.49581530718
-5.397 14.129 -1.49734530718
-5.376 13.88 -1.49581530718
-5.351 13.584 -1.49734530718
-5.329 13.311 -1.49734530718
-5.305 13.063 -1.48510530718
-5.29 12.815 -1.52335530718
-5.275 12.541 -1.52335530718
-5.258 12.244 -1.52488530718
-5.248 11.971 -1.55089530718
-5.262 11.671 -1.65493530718
-5.281 11.398 -1.65493530718
-5.3 11.099 -1.64881530718
-5.32 10.777 -1.64881530718
-5.338 10.503 -1.64728530718
-5.36 9.883 -1.58302530718
-5.36 9.608 -1.58302530718
-5.364 9.258 -1.61209530718
-5.407 8.938 -1.75591530718
-5.46 8.619 -1.74826530718
-5.509 8.305 -1.73755530718
-5.559 8.01 -1.75591530718
-5.611 7.71 -1.75591530718
-5.671 7.366 -1.75591530718
-5.726 7.047 -1.75591530718
-5.786 6.699 -1.75591530718
-5.845 6.356 -1.75591530718
-5.909 5.988 -1.75591530718
-5.96 5.693 -1.75591530718
-6.024 5.325 -1.75591530718
-6.096 4.907 -1.75591530718
-6.159 4.545 -1.75591530718
-6.218 4.201 -1.75591530718
-6.256 3.93 -1.74367530718
-6.291 3.713 -1.74367530718
-6.324 3.495 -1.73296530718
-6.375 3.226 -1.79110530718
-6.431 2.958 -1.79110530718
-6.483 2.714 -1.80181530718
-6.483 2.714 -1.80181530718
-6.542 2.447 -1.80028530718
-6.609 2.155 -1.82170530718
-6.674 1.891 -1.82629530718
-6.76 1.631 -1.92880530718
-6.76 1.631 -1.92880530718
-6.903 1.399 -2.21185530718
-7.064 1.251 -2.56069530718
-7.347 1.18 -3.08242530718
-7.569 1.165 -3.07630530718
-7.812 1.12 -2.95849530718
-8.082 1.074 -2.98603530718
-8.331 1.028 -2.96002530718
-8.564 0.937 -2.71675530718
-8.774 0.782 -2.42452530718
-8.925 0.586 -2.18125530718
-9.024 0.384 -1.99612530718
-9.084 0.142 -1.77274530718
-9.096 -0.131 -1.60138530718
-9.1 -0.371 -1.60138530718
-9.104 -0.618 -1.60138530718
-9.108 -0.868 -1.60291530718
-9.111 -1.141 -1.59679530718
-9.114 -1.415 -1.59679530718
-9.488 -1.628 -3.11608530718
-9.645 -1.606 2.86263
-9.645 -1.606 2.86263
-9.755 -1.309 1.52541
-9.745 -1.036 1.52541
-9.734 -0.763 1.52541
-9.732 -0.514 1.5606
-9.736 -0.036 1.59885
-9.683 0.259 1.31121
-9.601 0.438 1.04346
-9.601 0.438 1.04346
-9.601 0.438 1.04346
-9.601 0.438 1.04346
-9.601 0.438 1.04346
-9.432 0.638 0.79866
-9.21 0.797 0.55233
-8.969 0.929 0.459
-8.695 1.043 0.34884
-8.401 1.088 0.09945
-8.129 1.115 0.09945
-7.855 1.142 0.10098
-7.582 1.169 0.09945
-7.318 1.195 0.10098
-7.069 1.219 0.10098
-6.796 1.246 0.10098
-6.548 1.268 0.07344
-6.298 1.286 0.07191
-6.05 1.301 0.06273
-5.777 1.314 0.04131
-5.479 1.325 0.04131
-5.479 1.325 0.04131
-5.479 1.325 0.04131
-5.479 1.325 0.04131
-5.479 1.325 0.04131
-5.479 1.325 0.04131
-5.479 1.325 0.04131
-5.18 1.336 0.04131
-4.93 1.346 0.03978
-4.681 1.355 0.03978
-4.433 1.368 0.05814
-4.184 1.379 0.0459
-3.961 1.389 0.0459
-3.737 1.398 0.0459
