28.6 0.0107333333333 0.647
28.6 0.00716666666667 0.645
28.6 0.00846666666667 0.643666666667
28.6 0.00913333333333 0.642333333333
28.6 0.00813333333333 0.643333333333
28.5 0.00813333333333 0.646
28.5 0.00813333333333 0.646
28.4666666667 0.00813333333333 0.647
28.4 0.0101333333333 0.647
28.4 0.00946666666667 0.647666666667
28.4 0.0098 0.647
28.3333333333 0.0111 0.647333333333
28.3 0.0127 0.648333333333
28.3 0.0107666666667 0.649
28.3 0.00946666666667 0.650333333333
28.2666666667 0.0124 0.651
28.2666666667 0.0124 0.651
28.2666666667 0.0124 0.651
28.2 0.0146333333333 0.651666666667
28.2 0.0117333333333 0.652
28.2 0.0120666666667 0.653
28.2 0.0137 0.653
28.2 0.0149666666667 0.654
28.2 0.0149666666667 0.654
28.2 0.0149666666667 0.654
28.2 0.0156333333333 0.653666666667
28.2 0.0172666666667 0.653
28.1333333333 0.0169333333333 0.653
28.1 0.014 0.653
28.1 0.0107666666667 0.654
28.0666666667 0.00913333333333 0.654
28.0 0.00813333333333 0.655
28.0 0.00846666666667 0.655333333333
28.0 0.0088 0.656
28.0 0.0098 0.656
28.0 0.0108 0.655666666667
28.0 0.0117 0.654
28.0 0.0101333333333 0.654666666667
28.0 0.00813333333333 0.656333333333
27.9666666667 0.00713333333333 0.657333333333
27.9 0.0068 0.658666666667
27.9 0.00846666666667 0.659666666667
27.9 0.0130333333333 0.659333333333
27.9 0.0149666666667 0.66
27.9 0.0153 0.66
27.9 0.0146666666667 0.66
27.9 0.0146666666667 0.660666666667
27.9 0.0153333333333 0.661666666667
27.9 0.015 0.662333333333
27.9 0.0143666666667 0.662666666667
27.8666666667 0.0140333333333 0.662
27.8333333333 0.0143666666667 0.662
27.8333333333 0.0133666666667 0.662
27.8 0.0130333333333 0.662
27.8 0.0133666666667 0.663
27.8 0.0143666666667 0.664333333333
27.8 0.0143666666667 0.665
27.8 0.0137 0.664
27.8 0.0143666666667 0.663666666667
27.9 0.0140333333333 0.663
27.9 0.0137 0.663
27.9 0.0130333333333 0.664666666667
27.9 0.0111 0.665
28.0 0.0101333333333 0.664333333333
28.0 0.0098 0.665
28.0 0.0088 0.664666666667
28.0 0.0088 0.664
28.0 0.00913333333333 0.664
28.0 0.00846666666667 0.664666666667
27.9333333333 0.0088 0.665333333333
27.9666666667 0.0088 0.666
28.0 0.00946666666667 0.666333333333
27.9666666667 0.0104666666667 0.667
28.0 0.0107666666667 0.668
28.0 0.0117 0.668666666667
27.9 0.0130333333333 0.669
27.9 0.0133666666667 0.67
27.9 0.0130333333333 0.670333333333
27.9 0.0147 0.668333333333
27.9 0.0156333333333 0.667
27.9 0.0169333333333 0.665333333333
27.8666666667 0.0189333333333 0.664
27.8 0.0172666666667 0.664
27.8 0.0172666666667 0.664
27.8 0.0166 0.664666666667
27.8 0.0146666666667 0.665
27.8 0.015 0.665
27.8 0.0162666666667 0.665
27.8 0.0140333333333 0.665333333333
27.9 0.0146666666667 0.665
27.9 0.0156 0.664666666667
27.9 0.0146666666667 0.663333333333
27.9 0.0140333333333 0.662333333333
27.8 0.0143333333333 0.662666666667
27.8 0.0146666666667 0.663
27.8333333333 0.0149666666667 0.663
27.8666666667 0.0137 0.663
27.9 0.0140333333333 0.663
27.9 0.0143333333333 0.663
27.9 0.0146666666667 0.663
27.9 0.0143666666667 0.662
27.9 0.0143666666667 0.662
27.9 0.0140333333333 0.661666666667
27.9 0.0133666666667 0.662
27.9 0.0133666666667 0.662
27.9 0.0133666666667 0.663
27.9 0.0137 0.662
27.8333333333 0.0146666666667 0.662666666667
27.8 0.0149666666667 0.663
27.8 0.0153 0.662
27.8 0.0143333333333 0.663
27.8 0.0146333333333 0.662333333333
27.8 0.0143333333333 0.662666666667
27.8 0.0136666666667 0.664
27.8 0.0136666666667 0.664
27.8 0.0136666666667 0.664
27.8 0.0146666666667 0.664666666667
27.8 0.0140333333333 0.664333333333
27.8 0.014 0.664666666667
27.8 0.014 0.665333333333
27.8 0.0133666666667 0.664
27.8 0.0124 0.665
27.8 0.0124 0.665
27.8 0.0117333333333 0.665
27.8 0.0120666666667 0.664666666667
27.7666666667 0.0120666666667 0.664
27.7 0.0120666666667 0.665333333333
27.6666666667 0.0120333333333 0.667333333333
27.6 0.0133666666667 0.668666666667
27.5666666667 0.0127333333333 0.67
27.5 0.0133666666667 0.671
27.5 0.0127 0.671333333333
27.5 0.0133333333333 0.672
27.5 0.0127 0.673
27.5 0.014 0.673333333333
27.5 0.0133666666667 0.674
27.5 0.0143333333333 0.674
27.5 0.0117333333333 0.673
27.5 0.0127 0.673
27.5 0.0136666666667 0.673
27.5 0.0137 0.672333333333
27.5 0.0136666666667 0.672666666667
27.5 0.0127 0.674
27.5 0.0127 0.673
27.5 0.0127 0.673
27.6 0.0130666666667 0.673333333333
27.6 0.0137 0.672
27.6 0.0127333333333 0.671666666667
27.6 0.0127333333333 0.671
27.6 0.0120666666667 0.671
27.6 0.0107666666667 0.671
27.6 0.0127 0.671
27.6 0.0120666666667 0.672666666667
27.6 0.0120333333333 0.673
27.6 0.0110666666667 0.673666666667
27.6 0.0104333333333 0.673
27.6 0.0117333333333 0.673333333333
27.5333333333 0.0114 0.674333333333
27.5 0.0104333333333 0.676
27.4 0.0107333333333 0.678
27.3 0.0107666666667 0.680666666667
27.2666666667 0.0101333333333 0.682666666667
27.2 0.0104666666667 0.685
27.2 0.0104666666667 0.686
27.1333333333 0.0111 0.687
27.1 0.0117 0.688
27.1 0.0117 0.688666666667
27.1 0.0117 0.689
27.0333333333 0.0123666666667 0.689333333333
27.0 0.0123666666667 0.690333333333
27.0 0.0117 0.692
27.0 0.0108 0.692666666667
27.0 0.0104666666667 0.693333333333
26.9333333333 0.0098 0.694
26.9 0.0098 0.694
26.9 0.00946666666667 0.694666666667
26.9 0.00946666666667 0.695
26.9 0.0098 0.695
26.9 0.00946666666667 0.694
26.9 0.0098 0.694666666667
26.9 0.0098 0.695
26.9 0.0098 0.695
26.9 0.00946666666667 0.696
26.9 0.0088 0.696333333333
26.9 0.0088 0.697
26.9 0.0088 0.697
26.9 0.0088 0.697
26.9666666667 0.0088 0.695333333333
27.0 0.0088 0.695
27.0 0.0088 0.693333333333
27.0666666667 0.0088 0.692333333333
27.1 0.0078 0.691333333333
27.1 0.0078 0.691
27.1333333333 0.00713333333333 0.689333333333
27.2 0.0068 0.689
27.2 0.0068 0.688
27.2 0.0062 0.688
27.2 0.0059 0.688
27.2 0.0049 0.688
27.2 0.0049 0.687666666667
27.2 0.0049 0.687
27.2 0.0039 0.687
27.2 0.0039 0.687
27.2 0.0029 0.686666666667
27.2 0.0029 0.686
27.2 0.002 0.687
27.2 0.00133333333333 0.687
27.2 0.001 0.687666666667
27.2 0.000666666666667 0.688666666667
27.1333333333 0.0 0.689
27.1 0.0 0.69
27.1 0.0 0.690666666667
27.1 0.0 0.692
27.0333333333 0.0 0.692333333333
27.0 0.0 0.693
27.0 0.0 0.693
27.0 0.0 0.693
27.0 0.0 0.693
27.0 0.0 0.694
27.0 0.0 0.694333333333
27.0 0.0 0.694
27.0 0.000333333333333 0.693
27.0 0.001 0.693
27.0333333333 0.001 0.692666666667
27.0333333333 0.00166666666667 0.692
27.0333333333 0.002 0.692
27.0 0.0029 0.692
27.1 0.0039 0.691333333333
27.1 0.0049 0.691
27.1 0.0059 0.69
27.1 0.0065 0.692333333333
27.1 0.0068 0.697
27.0666666667 0.0059 0.703
27.0 0.0059 0.705666666667
27.0 0.00523333333333 0.706
27.2 0.00456666666667 0.696333333333
27.2666666667 0.00456666666667 0.693
27.2 0.00456666666667 0.694
27.2 0.0049 0.695
27.1666666667 0.00456666666667 0.696
27.1 0.00456666666667 0.696666666667
27.1 0.0039 0.697
27.1 0.00356666666667 0.697
27.1 0.00323333333333 0.697
27.1 0.0026 0.697
27.1 0.0026 0.697
27.1 0.00323333333333 0.697
27.1 0.00356666666667 0.697
27.1 0.00356666666667 0.697666666667
27.0 0.00356666666667 0.698
27.0 0.00356666666667 0.696333333333
27.0 0.00323333333333 0.694666666667
27.0 0.00323333333333 0.694
27.0 0.00356666666667 0.694
27.0 0.0039 0.694
27.0 0.00456666666667 0.694
27.0 0.00553333333333 0.694666666667
27.0 0.0065 0.694
27.0 0.0078 0.692
27.0 0.0078 0.693
26.9333333333 0.00746666666667 0.693
26.9 0.00653333333333 0.693
26.9 0.00586666666667 0.694
26.9 0.00556666666667 0.693666666667
26.9 0.00523333333333 0.694
26.9 0.00523333333333 0.694
26.9 0.00523333333333 0.694
26.9 0.0062 0.694
26.9666666667 0.00616666666667 0.693
27.0 0.00653333333333 0.692
27.0 0.0065 0.692
27.0 0.00653333333333 0.691666666667
27.0 0.00616666666667 0.693333333333
27.0 0.00553333333333 0.695
27.0 0.00556666666667 0.696
27.0 0.00556666666667 0.695666666667
27.0 0.00556666666667 0.695666666667
27.0 0.00556666666667 0.695666666667
27.0666666667 0.00456666666667 0.694
27.1 0.00423333333333 0.692333333333
27.1 0.0039 0.691
27.1 0.00356666666667 0.690666666667
27.1 0.00356666666667 0.690666666667
27.2 0.00356666666667 0.688666666667
27.2 0.00356666666667 0.688666666667
27.2666666667 0.00323333333333 0.689333333333
27.3 0.0026 0.69
27.3 0.0023 0.689
27.2666666667 0.002 0.687666666667
27.2 0.0023 0.687
27.2666666667 0.0023 0.686
27.2666666667 0.0029 0.686666666667
27.3 0.00356666666667 0.686666666667
27.3 0.00423333333333 0.685
27.3 0.00423333333333 0.684
27.3 0.00523333333333 0.683
27.3 0.00556666666667 0.683
27.3 0.0062 0.682
27.3 0.0049 0.682
27.3 0.0049 0.682
27.3 0.0049 0.682
27.3 0.00456666666667 0.682
27.3 0.0049 0.681333333333
27.3 0.00423333333333 0.681333333333
27.3 0.00423333333333 0.682
27.3 0.00456666666667 0.682
27.3 0.00456666666667 0.682
27.3 0.00456666666667 0.682
27.3 0.00356666666667 0.681666666667
27.3 0.0039 0.681666666667
27.3 0.00423333333333 0.682
27.3 0.00423333333333 0.682
27.2333333333 0.0049 0.682666666667
27.2 0.00556666666667 0.683
27.2 0.00556666666667 0.683
27.2 0.00556666666667 0.683
27.2 0.00556666666667 0.683
27.2 0.0059 0.684
27.2666666667 0.00556666666667 0.684666666667
27.3 0.0049 0.684
27.3 0.0049 0.683333333333
27.3 0.0049 0.683
27.3666666667 0.0049 0.682
27.4 0.00456666666667 0.681
27.4 0.0039 0.680333333333
27.5 0.0039 0.679
27.5 0.0039 0.678
27.5 0.0039 0.678
27.4666666667 0.00423333333333 0.678333333333
27.3333333333 0.00323333333333 0.680666666667
27.3 0.0029 0.681666666667
27.3 0.0029 0.682
27.2 0.0026 0.682666666667
27.2 0.0026 0.683666666667
27.1333333333 0.0026 0.685666666667
27.1 0.0029 0.686666666667
27.1 0.0029 0.688
27.1 0.0029 0.688
27.1 0.0029 0.688
27.1 0.0029 0.688
27.0666666667 0.0029 0.688666666667
27.0 0.0026 0.690333333333
27.0 0.0026 0.692
27.0 0.0026 0.692
27.0 0.0029 0.692666666667
26.9333333333 0.0026 0.694
26.9 0.0023 0.694
26.9 0.0026 0.695
26.8333333333 0.0026 0.696
26.8 0.0026 0.697
26.8 0.00323333333333 0.698333333333
26.8 0.00323333333333 0.699
26.8 0.0039 0.699333333333
26.8666666667 0.00456666666667 0.699
26.9 0.00456666666667 0.698
26.9333333333 0.00523333333333 0.696
26.9 0.00523333333333 0.695
26.9 0.00523333333333 0.695
26.9 0.00523333333333 0.695
26.9 0.00523333333333 0.695
26.9 0.00523333333333 0.695
26.9 0.00523333333333 0.695
26.9 0.00523333333333 0.695
26.9 0.00456666666667 0.694333333333
26.9 0.00423333333333 0.695333333333
26.9 0.00356666666667 0.696
26.9 0.0029 0.698
26.8666666667 0.0026 0.700333333333
26.8 0.0026 0.701
26.8 0.0026 0.701
26.8 0.00323333333333 0.703
26.8 0.00356666666667 0.704333333333
26.8 0.0039 0.704
26.8 0.00356666666667 0.704666666667
26.9 0.0026 0.705666666667
26.9 0.0026 0.706
27.0 0.0029 0.706
27.0 0.0029 0.705333333333
27.0 0.0029 0.703666666667
27.0666666667 0.0039 0.701666666667
27.1 0.0049 0.698
27.1 0.0059 0.695
27.1 0.0065 0.694
27.1 0.00746666666667 0.693333333333
27.1 0.0078 0.692333333333
27.1 0.0078 0.692333333333
27.1 0.0088 0.691
27.1 0.0088 0.690333333333
27.1 0.00913333333333 0.690333333333
27.1 0.0088 0.691
27.1 0.0088 0.692
27.1 0.0088 0.692666666667
27.1 0.0098 0.693
27.1 0.0098 0.693
27.1 0.0098 0.693
27.1 0.0098 0.693
27.1 0.0098 0.693
27.1 0.0098 0.693
27.1 0.0104666666667 0.692666666667
27.1 0.0108 0.692
27.1 0.0108 0.693
27.1 0.0111 0.693
27.1 0.0111 0.692666666667
27.1 0.0111 0.692666666667
27.0333333333 0.0108 0.693
27.0 0.0108 0.694
27.0333333333 0.0104666666667 0.693666666667
27.0 0.0098 0.693666666667
27.0333333333 0.00946666666667 0.694
27.1 0.0098 0.696
27.1 0.0098 0.695
27.1 0.00913333333333 0.694666666667
27.1 0.0088 0.693333333333
27.1 0.00846666666667 0.693
27.1 0.0088 0.693
27.1 0.0088 0.693333333333
27.1 0.0088 0.694
27.1 0.00846666666667 0.694
27.1 0.00813333333333 0.693666666667
27.1 0.0088 0.693
27.1 0.0088 0.693
27.1 0.0088 0.692333333333
27.1 0.00813333333333 0.692
27.1 0.0078 0.692
27.1 0.00813333333333 0.692
27.1 0.0088 0.691333333333
27.1 0.0088 0.691
27.1 0.0088 0.691333333333
27.2 0.0088 0.692333333333
27.2 0.00746666666667 0.690333333333
27.2333333333 0.0088 0.689
27.2666666667 0.0088 0.69
27.3 0.0088 0.689
27.3 0.0088 0.689
27.3 0.0088 0.687666666667
27.2333333333 0.0088 0.686333333333
27.2666666667 0.0088 0.686
27.2666666667 0.00913333333333 0.686
27.2666666667 0.00946666666667 0.686333333333
27.2 0.0088 0.687
27.3 0.00846666666667 0.687
27.2333333333 0.0068 0.686
27.2 0.00523333333333 0.686
27.2 0.0039 0.685666666667
27.2 0.0023 0.685666666667
27.2 0.00133333333333 0.686
27.2 0.001 0.686
27.2 0.000333333333333 0.686
27.2 0.0 0.686
27.2 0.0 0.685333333333
27.2 0.0 0.685
27.3 0.0 0.684
27.3 0.0 0.684
27.3 0.0 0.683
27.3 0.0 0.682666666667
27.3 0.0 0.682
27.3 0.0 0.682
27.3 0.0 0.681
27.3 0.0 0.681
27.3 0.0 0.681
27.4 0.0 0.68
27.4 0.0 0.679333333333
27.5 0.0 0.677333333333
27.5 0.0 0.676
27.6666666667 0.0 0.675333333333
27.7 0.0 0.673666666667
27.7 0.0 0.672
27.7 0.0 0.672
27.7 0.0 0.672
27.7 0.0 0.672
27.7 0.0 0.672
27.6333333333 0.0 0.671
27.6333333333 0.0 0.671
27.6666666667 0.0 0.670333333333
27.7 0.000333333333333 0.67
27.6 0.000666666666667 0.669
27.6 0.00166666666667 0.669666666667
27.6333333333 0.0026 0.67
27.7 0.00456666666667 0.669666666667
27.7 0.0065 0.669
27.7666666667 0.0078 0.668333333333
27.8 0.0088 0.667
27.9 0.0104666666667 0.666
27.9 0.0111 0.665
27.9 0.0127 0.665
28.0 0.0137 0.664
28.0 0.0133666666667 0.663333333333
28.0 0.0133666666667 0.663333333333
28.0 0.0133666666667 0.663333333333
28.0 0.0133666666667 0.663333333333
28.0 0.0133666666667 0.663333333333
28.0 0.0133666666667 0.663333333333
28.0 0.0133666666667 0.663333333333
28.0 0.0117 0.663
28.0 0.0104666666667 0.662
28.0 0.00913333333333 0.661
28.0 0.0101333333333 0.661666666667
28.0 0.0101333333333 0.661333333333
28.0 0.00946666666667 0.662
27.9 0.0104 0.664
