28.5 0.0104333333333 0.637
28.6 0.0098 0.636
28.6 0.0098 0.636666666667
28.6 0.0101333333333 0.636
28.6 0.0098 0.635666666667
28.6 0.00976666666667 0.634666666667
28.6 0.00946666666667 0.633666666667
28.6 0.0104333333333 0.633
28.6 0.0104333333333 0.634
28.6 0.0114 0.633666666667
28.6 0.0120666666667 0.633
28.6 0.0127 0.633
28.6 0.0133666666667 0.633
28.6 0.0130666666667 0.632333333333
28.6 0.0136666666667 0.632
28.6 0.0130666666667 0.632
28.6 0.0133333333333 0.632
28.6 0.014 0.632
28.6 0.0153 0.633666666667
28.5 0.0159666666667 0.635
28.6 0.0166333333333 0.635
28.6 0.0166333333333 0.633333333333
28.6 0.0173 0.633
28.6 0.0179333333333 0.633
28.6 0.0192333333333 0.632
28.6 0.0205333333333 0.632
28.6 0.0202 0.631666666667
28.6 0.0195666666667 0.631333333333
28.6 0.0192333333333 0.631
28.6 0.0199 0.63
28.6 0.0199 0.63
28.7 0.0198666666667 0.63
28.7 0.0199 0.63
28.7 0.0212 0.629
28.7 0.0221666666667 0.628666666667
28.7 0.0231333333333 0.628
28.7 0.0247666666667 0.627
28.7 0.0247666666667 0.626666666667
28.7 0.0254 0.627
28.7 0.0257333333333 0.627
28.8 0.0267333333333 0.626
28.8 0.0273666666667 0.625666666667
28.8 0.0277 0.625
28.8 0.0286666666667 0.625
28.8 0.0283333333333 0.625
28.8 0.0277 0.625
28.8 0.028 0.625333333333
28.9 0.0257333333333 0.624333333333
28.9 0.0316333333333 0.624
28.9 0.0355 0.624
28.9 0.0303 0.626
28.9333333333 0.0293 0.626333333333
29.0 0.0299666666667 0.627
29.0 0.0303 0.627
29.0 0.0299666666667 0.627
29.0 0.0355333333333 0.627
29.0 0.0362 0.627333333333
29.0 0.0338666666667 0.627
29.0 0.0264 0.626666666667
29.0 0.0225 0.626
29.0666666667 0.0202 0.625333333333
29.1 0.0172666666667 0.624666666667
29.1 0.0123666666667 0.624
29.1 0.0078 0.624333333333
29.1 0.0068 0.626
29.1 0.00713333333333 0.625333333333
29.1 0.00713333333333 0.624
29.1 0.00746666666667 0.624
29.1 0.00813333333333 0.624
29.1 0.00846666666667 0.623333333333
29.1 0.00913333333333 0.623333333333
29.1 0.0101333333333 0.621666666667
29.1 0.0107666666667 0.621
29.1 0.0114333333333 0.620666666667
29.1 0.0127 0.62
29.1 0.0133666666667 0.619
29.1 0.0146666666667 0.618
29.1 0.0153 0.618
29.1 0.0156333333333 0.618
29.1 0.0156333333333 0.618
29.1 0.0153333333333 0.617666666667
29.1333333333 0.0172666666667 0.617
29.1333333333 0.0179333333333 0.617
29.1666666667 0.0176 0.615333333333
29.2 0.0169333333333 0.616
29.2 0.0166333333333 0.617666666667
29.2 0.0159666666667 0.621333333333
29.2 0.0163 0.624
29.2 0.015 0.624
29.2 0.0153333333333 0.624666666667
29.2 0.0163 0.625
29.2 0.0166333333333 0.624333333333
29.2 0.0166333333333 0.623666666667
29.2 0.0166333333333 0.620666666667
29.2 0.0163 0.619666666667
29.3 0.0156666666667 0.618
29.2 0.0159666666667 0.618
29.2 0.0149666666667 0.619
29.1333333333 0.0133333333333 0.618666666667
29.1 0.0127333333333 0.619
29.0333333333 0.0114 0.619
29.0 0.0114333333333 0.620333333333
29.0 0.0120666666667 0.622333333333
29.0 0.0127333333333 0.623
29.0 0.0127333333333 0.622333333333
29.0 0.0127333333333 0.622
29.0 0.0124 0.622
29.0 0.0124 0.622
29.0 0.0123666666667 0.622
29.0 0.0127 0.622333333333
29.0 0.0137 0.623
29.0 0.0143333333333 0.622333333333
29.0 0.0147 0.622
29.0 0.0143666666667 0.622
29.0 0.014 0.622
29.0 0.014 0.622
29.0 0.0127 0.621
29.0 0.0136666666667 0.621
29.0 0.0123666666667 0.622
29.0 0.0127 0.622
29.0 0.0153333333333 0.622
29.0 0.0143333333333 0.622
29.0 0.0127 0.622
29.0 0.0130333333333 0.621
29.0 0.0124 0.621
29.0 0.0130666666667 0.621
29.0 0.013 0.620666666667
29.0 0.0133333333333 0.62
29.0 0.014 0.62
29.0 0.0127333333333 0.621
29.0 0.0130333333333 0.621
29.0 0.0133333333333 0.621
29.0 0.0130666666667 0.621
29.0666666667 0.0130666666667 0.620666666667
29.0666666667 0.0127333333333 0.62
29.1 0.0127333333333 0.619333333333
29.1 0.0133333333333 0.619
29.1 0.0134 0.618333333333
29.1 0.0136666666667 0.618
29.2 0.0120666666667 0.618333333333
29.2 0.0120666666667 0.619
29.2 0.0120666666667 0.618666666667
29.2 0.0127 0.618
29.2 0.0114333333333 0.617
29.2 0.0120666666667 0.617
29.2 0.0127 0.616
29.2 0.0120333333333 0.616
29.2 0.0111 0.616
29.2666666667 0.0114 0.616333333333
29.3 0.0130333333333 0.616
29.3 0.0120666666667 0.616
29.2333333333 0.0114333333333 0.616
29.2 0.0114333333333 0.616
29.1 0.0107666666667 0.617333333333
29.0 0.0110666666667 0.619333333333
28.9 0.0107666666667 0.622
28.5 0.0104666666667 0.635666666667
28.4 0.0104666666667 0.637333333333
28.3666666667 0.0104666666667 0.638666666667
28.3 0.0101333333333 0.641
28.2 0.0104666666667 0.642333333333
28.2 0.0101333333333 0.647
28.2666666667 0.0098 0.645666666667
28.3 0.0098 0.644333333333
28.4 0.00946666666667 0.643
28.4 0.0088 0.640666666667
28.5 0.0088 0.639
28.5 0.0088 0.638
28.5 0.0088 0.638
28.5 0.0088 0.637
28.5 0.0078 0.636333333333
28.5 0.0078 0.635666666667
28.6 0.0078 0.635333333333
28.6 0.0078 0.635
28.6 0.0088 0.635
28.6 0.0088 0.635
28.6 0.0088 0.635
28.5666666667 0.0088 0.635
28.5 0.0088 0.635666666667
28.4666666667 0.0088 0.637
28.4 0.00813333333333 0.637333333333
28.4 0.0078 0.638
28.4 0.0068 0.638
28.4 0.0059 0.637333333333
28.4 0.0049 0.636
28.4 0.0039 0.636
28.4 0.002 0.635333333333
28.5 0.00166666666667 0.633666666667
28.5 0.001 0.631
28.6 0.0 0.630333333333
28.6 0.0 0.629
28.7 0.0 0.627333333333
28.7 0.0 0.626666666667
28.8 0.0 0.625
28.8 0.0 0.624
28.8 0.0 0.624
28.9 0.0 0.621666666667
28.9 0.0 0.618666666667
29.0333333333 0.0 0.615
29.0333333333 0.0 0.614
29.1 0.0 0.613666666667
29.1 0.0 0.612333333333
29.1666666667 0.0 0.612
29.2 0.0 0.612666666667
29.2 0.001 0.612
29.2 0.001 0.613
29.2 0.002 0.612333333333
29.2 0.00356666666667 0.612
29.2 0.0049 0.612
29.2 0.0059 0.611
29.2 0.0068 0.611
29.2 0.0078 0.611666666667
29.2 0.0088 0.614
29.1666666667 0.0088 0.615666666667
29.1333333333 0.0088 0.617
29.2 0.00913333333333 0.617
29.2 0.0098 0.617
29.1666666667 0.0098 0.617
29.1 0.0098 0.618
29.1 0.00913333333333 0.618
29.1 0.00913333333333 0.618666666667
29.1 0.00913333333333 0.619
29.1 0.00946666666667 0.619666666667
29.0333333333 0.0104666666667 0.62
29.0 0.0108 0.62
29.0 0.0101333333333 0.620666666667
29.0 0.0101333333333 0.621
29.0 0.0101333333333 0.621
29.0 0.0108 0.621
29.0 0.0108 0.621
29.0 0.0117 0.622
29.0 0.0123666666667 0.622
29.0 0.0127 0.622
29.0 0.0120333333333 0.622
29.0 0.0127 0.622
29.0 0.0127 0.622
29.0 0.0117 0.622
29.0 0.0108 0.622
29.0 0.0108 0.622
29.0 0.0108 0.622
29.0 0.0108 0.622
29.0 0.0104666666667 0.621333333333
29.0 0.0101333333333 0.622
29.0 0.0098 0.621333333333
29.0 0.0098 0.621
29.0 0.0098 0.621
29.0 0.0098 0.621
29.0333333333 0.0098 0.621
29.0 0.0098 0.621
29.1 0.00946666666667 0.621
29.1 0.00913333333333 0.621
29.1 0.00946666666667 0.62
29.1 0.00913333333333 0.62
29.1 0.0088 0.62
29.1 0.0088 0.619666666667
29.1 0.00846666666667 0.619
29.1 0.0078 0.619
29.1333333333 0.0078 0.619
29.2 0.0078 0.618
29.2333333333 0.0078 0.617
29.2 0.0078 0.616666666667
29.2333333333 0.0078 0.616333333333
29.2666666667 0.0068 0.616
29.3 0.0068 0.615333333333
29.3 0.0068 0.615
29.3 0.0068 0.615
29.3 0.0068 0.614666666667
29.3 0.0068 0.615
29.2666666667 0.00713333333333 0.615
29.2 0.0068 0.615333333333
29.1666666667 0.0068 0.616666666667
29.1 0.0068 0.617666666667
29.1 0.0068 0.618
29.0333333333 0.0068 0.618666666667
29.0 0.0059 0.620333333333
28.9 0.0059 0.627333333333
28.9 0.0049 0.633333333333
28.9 0.0049 0.635
28.8333333333 0.00456666666667 0.635666666667
28.9 0.0039 0.636333333333
28.9 0.0039 0.635333333333
28.9 0.0039 0.633
28.9 0.0039 0.630333333333
29.0 0.0039 0.626666666667
29.0 0.0039 0.625333333333
29.0 0.0029 0.623333333333
29.0333333333 0.0029 0.622
29.1 0.0026 0.621333333333
29.1 0.002 0.621
29.1 0.002 0.620333333333
29.1 0.001 0.62
29.1 0.001 0.62
29.1 0.001 0.62
29.1 0.001 0.62
29.1 0.001 0.62
29.1 0.001 0.62
29.0 0.0 0.621
29.0 0.0 0.621
29.0 0.0 0.622
29.0 0.0 0.622
29.0 0.0 0.622
29.0 0.0 0.622
29.0 0.0 0.623
29.0 0.0 0.623
29.0 0.0 0.622
29.0 0.0 0.622
29.0 0.0 0.622
29.0 0.0 0.622
29.0666666667 0.0 0.622
29.1 0.0 0.621
29.1 0.0 0.620333333333
29.1 0.0 0.62
29.1 0.0 0.619666666667
29.1333333333 0.0 0.619
29.2 0.0 0.619
29.2 0.001 0.618666666667
29.2 0.001 0.618666666667
29.2 0.001 0.618666666667
29.2 0.001 0.617666666667
29.2 0.001 0.617
29.3 0.002 0.616333333333
29.3 0.002 0.615333333333
29.3 0.002 0.614666666667
29.3 0.0029 0.614
29.4 0.0029 0.614
29.4 0.0029 0.613
29.4 0.0029 0.612333333333
29.4333333333 0.0039 0.612
29.4666666667 0.0039 0.611
29.5 0.0039 0.61
29.4333333333 0.0039 0.610333333333
29.4 0.0039 0.612
29.4 0.0049 0.61
29.4 0.0049 0.61
29.4 0.0049 0.61
29.4 0.0049 0.611
29.4 0.0049 0.611
29.4 0.0049 0.611333333333
29.4 0.0049 0.611666666667
29.4 0.0059 0.609666666667
29.4 0.0059 0.61
29.4 0.0068 0.611
29.4 0.0068 0.61
29.4 0.0078 0.610666666667
29.4 0.0078 0.611
29.4 0.0078 0.611
29.4 0.0078 0.611
29.4 0.0078 0.611
29.4 0.0078 0.611
29.4 0.0078 0.612
29.4 0.0078 0.612
29.4 0.0078 0.612
29.4 0.0068 0.612
29.4 0.0068 0.612
29.4 0.0059 0.611666666667
29.3 0.0049 0.613
29.3 0.00456666666667 0.614
29.3 0.00456666666667 0.614
29.3 0.00456666666667 0.614
29.3 0.00456666666667 0.614
29.3 0.00456666666667 0.614
29.3 0.00456666666667 0.614
29.3 0.00456666666667 0.614
29.3 0.00456666666667 0.614
29.3 0.00456666666667 0.614
29.3 0.00456666666667 0.614
29.3 0.00456666666667 0.614
29.2666666667 0.0039 0.614
29.2 0.00323333333333 0.616333333333
29.2 0.00323333333333 0.62
29.2 0.00293333333333 0.622666666667
29.2 0.00293333333333 0.623333333333
29.2 0.00293333333333 0.625
29.1 0.0039 0.625
29.1 0.0039 0.626
29.1 0.00423333333333 0.628666666667
29.1 0.00423333333333 0.63
29.1 0.0039 0.629333333333
29.1 0.00356666666667 0.629
29.1 0.00323333333333 0.629
29.1 0.0029 0.626333333333
29.1 0.0026 0.624
29.1 0.00323333333333 0.622
29.2 0.00356666666667 0.624
29.2 0.00323333333333 0.623333333333
29.1666666667 0.00323333333333 0.622
29.2 0.00323333333333 0.620666666667
29.2 0.00323333333333 0.62
29.2 0.0029 0.619
29.2 0.0029 0.617333333333
29.2333333333 0.00323333333333 0.616
29.2666666667 0.00323333333333 0.615
29.3 0.00356666666667 0.614
29.3 0.00356666666667 0.614
29.3666666667 0.0039 0.613666666667
29.4 0.00456666666667 0.612
29.4 0.00556666666667 0.610666666667
29.4666666667 0.0062 0.609666666667
29.5 0.00683333333333 0.608333333333
29.5 0.00683333333333 0.608
29.5 0.0078 0.608
29.5 0.00813333333333 0.608
29.5 0.00746666666667 0.607333333333
29.5 0.00713333333333 0.608
29.5 0.00713333333333 0.607666666667
29.5 0.0062 0.607666666667
29.5 0.0062 0.607666666667
29.5 0.0062 0.607666666667
29.5 0.0062 0.607666666667
29.5 0.0062 0.607666666667
29.5 0.0062 0.607666666667
29.5 0.0062 0.607666666667
29.5 0.00523333333333 0.607
29.4333333333 0.00556666666667 0.607
29.4 0.00523333333333 0.607333333333
29.4 0.00523333333333 0.607333333333
29.4 0.00523333333333 0.607333333333
29.4 0.00523333333333 0.607333333333
29.3 0.00556666666667 0.609333333333
29.3 0.00556666666667 0.61
29.3333333333 0.0062 0.61
29.4 0.0062 0.61
29.4 0.0065 0.609666666667
29.4 0.00713333333333 0.609
29.4 0.0062 0.609666666667
29.4 0.0065 0.609666666667
29.5 0.0062 0.611
29.5 0.00523333333333 0.609666666667
29.5 0.0049 0.609
29.5 0.00456666666667 0.609
29.5 0.00423333333333 0.608666666667
29.5 0.0039 0.608
29.5 0.00356666666667 0.608333333333
29.5 0.00356666666667 0.607666666667
29.5 0.00323333333333 0.609
29.5 0.0029 0.608333333333
29.5666666667 0.0026 0.608333333333
29.6 0.0023 0.608
29.6 0.0023 0.608
29.6 0.0026 0.608
29.6 0.0029 0.608
29.6 0.00323333333333 0.607666666667
29.6 0.00423333333333 0.607
29.6 0.00456666666667 0.606666666667
29.6666666667 0.00456666666667 0.607
29.6333333333 0.00523333333333 0.607
29.6 0.00556666666667 0.606666666667
29.7 0.0065 0.606
29.7 0.0065 0.605
29.7 0.00523333333333 0.604666666667
29.7 0.00523333333333 0.603666666667
29.7 0.0049 0.602666666667
29.7333333333 0.0049 0.602
29.8 0.0039 0.601333333333
29.8333333333 0.00456666666667 0.6
29.9 0.00323333333333 0.599
29.9 0.00323333333333 0.598
29.9 0.00323333333333 0.598
29.9 0.00323333333333 0.598
29.9 0.00323333333333 0.597
29.9 0.00323333333333 0.597
29.9 0.0029 0.597333333333
29.9 0.0039 0.598
29.8666666667 0.0039 0.598
29.8 0.0039 0.598
29.9 0.0029 0.598
29.9 0.0029 0.597
29.9 0.0026 0.597
29.9 0.0029 0.597
29.9 0.0029 0.597
29.9 0.00323333333333 0.596
30.0 0.00356666666667 0.596
30.0 0.00356666666667 0.596
30.0 0.00356666666667 0.595666666667
30.0 0.00323333333333 0.595333333333
30.0 0.00323333333333 0.595
30.0 0.00323333333333 0.595
30.0 0.00323333333333 0.595
30.0 0.00456666666667 0.595
29.9 0.00423333333333 0.595666666667
29.8 0.0029 0.598666666667
29.7 0.0029 0.600333333333
29.7 0.0023 0.602666666667
29.6666666667 0.0023 0.603666666667
29.6 0.0026 0.604
29.6 0.0023 0.605
29.6 0.0026 0.605
29.6 0.0029 0.605666666667
29.5 0.0026 0.605
29.5 0.0026 0.606
29.5 0.0026 0.607666666667
29.5 0.0026 0.608
29.5 0.0023 0.608333333333
29.5 0.0029 0.609
29.5 0.0029 0.609333333333
29.5 0.00323333333333 0.611333333333
29.4333333333 0.00356666666667 0.612
29.4 0.00356666666667 0.612
29.4 0.00356666666667 0.612
29.4 0.00356666666667 0.611
