0.280493
0.326369
0.521014
0.591486
0.707092
0.828939
0.800558
0.784720
0.926606
0.924516
1.099682
1.062253
1.185493
1.357136
1.464490
1.472662
1.391456
1.245426
1.408364
1.011236
0.722886
0.585510
0.891697
1.252231
1.529156
2.067319
2.413201
2.879793
3.182301
3.464807
3.845470
4.194062
4.467247
5.020313
5.333899
5.864834
6.083831
6.594876
7.032457
7.347151
7.828788
7.963115
8.473787
8.795697
9.145934
9.114696
8.937641
9.083978
9.079448
8.903182
8.825708
8.570866
8.366843
7.917294
7.385615
6.767613
6.197047
5.667359
5.048291
4.515952
3.812903
3.357406
2.818451
2.381116
2.033203
1.865975
1.765592
1.820968
2.089741
2.290430
2.470369
2.914277
3.240215
3.542305
3.995110
4.200973
4.527091
5.046120
5.056665
4.629474
4.270535
3.728971
4.241493
4.316584
4.322160
3.775352
3.368764
3.049350
2.709037
2.413589
2.191191
1.966284
1.972265
2.043814
2.344836
2.771659
3.045693
3.451144
4.035234
4.393869
4.874012
5.260741
5.652729
5.802839
6.282812
6.621241
6.879009
7.359344
7.610182
7.916821
8.052285
7.918432
7.659117
7.422153
7.378497
6.799405
6.344954
5.881040
5.399828
4.813038
4.574691
3.371666
2.601030
2.049553
1.161003
0.631002
0.743812
1.253260
1.884973
2.336959
2.715384
3.297492
3.600819
3.891298
4.223363
4.722014
5.037043
5.348987
5.908124
6.233231
6.547552
7.095364
7.352852
7.526424
7.959471
8.210234
8.342876
8.151270
7.761597
7.739757
7.493458
8.202240
8.533301
7.786162
7.053904
6.404128
5.738199
5.296672
4.914612
4.554142
3.996344
3.665889
3.262443
2.812846
2.546817
2.296497
2.108240
1.863545
1.693361
1.447039
1.300592
0.881151
0.599817
0.360866
0.253838
0.380357
0.471832
0.798253
1.160559
2.061764
2.473904
2.806921
3.498286
4.149823
3.577680
3.060711
2.478175
1.671380
1.290373
0.863354
0.916060
1.191007
1.550965
2.137480
2.600053
3.022372
3.639892
4.110716
4.767977
5.269116
5.562830
6.044230
6.640554
6.861825
6.699349
7.081699
7.288958
7.068286
6.701637
6.658294
6.304203
5.799472
5.372304
5.175546
4.915670
4.781734
4.482324
4.288747
4.216876
4.036322
3.924576
3.975226
4.111639
3.909555
3.111256
2.976914
3.239622
3.296345
3.716017
3.178768
2.584331
2.010086
1.587586
1.419011
1.324183
1.276617
1.530194
1.778843
2.355812
2.817950
3.242171
3.930243
4.437654
4.540743
4.722062
5.196605
5.695228
6.390971
6.927457
7.084813
6.985082
7.345744
7.347596
7.099535
7.257463
7.331514
7.351938
7.142987
6.185240
5.593768
4.768084
4.497222
4.284785
4.071355
3.938876
3.831846
3.747864
3.605832
3.412918
2.979158
2.538155
2.957205
3.223293
3.589488
2.721963
2.011669
1.637792
1.006479
0.640996
0.459823
0.678546
1.072067
1.597228
2.169715
2.971287
3.742207
4.237747
4.805801
5.466911
5.858141
6.325853
6.486565
6.726666
6.775749
7.194163
7.389398
7.682579
7.956624
8.060447
8.232740
6.650559
6.473234
6.235065
5.694400
5.771670
5.843400
5.516879
5.529485
5.660379
5.786023
6.016726
6.273407
6.400203
6.604662
6.582953
6.186213
5.348066
4.403672
3.726030
3.519403
3.959651
4.428729
3.436864
2.648119
2.148560
1.357608
0.708775
0.542308
1.263377
2.087251
2.656635
3.279792
4.078837
4.720986
5.420640
6.409819
7.128209
7.562034
8.020518
8.330422
8.688476
9.512764
9.083869
8.867186
8.393366
8.156671
7.966076
7.713552
7.890790
8.281185
8.847528
9.650684
10.014195
10.371655
10.836871
11.285586
10.819709
10.503967
10.062781
10.555089
11.409656
12.045422
12.831792
12.907428
13.538246
14.140195
15.012423
15.058812
15.121837
15.652773
16.287603
16.674329
17.304429
17.828483
18.443447
18.830368
19.396674
20.030890
20.535673
20.743871
20.701043
21.136877
22.068352
22.325388
22.528333
22.351301
22.081072
22.120700
22.174575
22.295412
21.679251
21.272740
20.866898
20.482828
19.729817
19.151055
18.505502
17.694320
16.714296
15.602030
14.214407
13.271035
12.958992
12.721725
12.416471
12.321433
12.219096
11.673719
11.177562
10.715093
10.073082
9.588942
9.123923
8.540377
7.825580
7.378471
7.129915
6.697296
6.159341
6.031869
6.358252
6.408578
6.579165
6.603915
6.746851
6.707317
6.069954
5.620160
5.305227
5.436418
5.783616
6.149465
6.727163
7.174432
7.597650
7.988095
8.712612
9.408656
9.734933
10.007022
10.333807
10.894135
11.040923
11.582259
11.953835
12.270879
12.558774
13.158553
13.532438
14.161502
14.811858
15.513204
16.131612
16.783574
17.458427
18.045377
18.266716
18.219523
18.168656
18.110379
18.060513
18.652686
18.579002
18.009155
18.118507
18.116124
17.680455
17.055809
16.487866
16.084164
15.515321
15.203172
14.542374
14.142704
13.722393
13.811777
13.787953
13.191649
12.741530
12.253045
11.813946
11.279174
10.567263
10.144635
9.691437
9.298596
8.860205
8.300287
8.038801
7.675793
7.344557
6.952837
6.549310
6.650378
6.893090
6.778539
6.776412
6.758819
6.549767
5.629573
3.655541
3.674096
3.963058
4.483673
4.965006
5.418128
6.252987
6.603600
7.162879
7.927480
8.570338
9.113163
9.630131
10.080059
10.127631
10.148365
10.519067
10.882034
11.267829
11.681533
12.129827
12.870158
13.392237
13.970248
14.932411
15.719052
16.433097
17.165130
17.663157
18.275835
18.660037
19.277267
19.938491
20.170408
20.127516
20.222254
20.228794
20.549528
20.620452
20.485488
19.757342
19.016687
18.248219
16.993286
15.963840
14.982505
14.000226
13.129460
12.406934
11.626987
10.609873
9.811835
9.076324
8.053615
7.266937
6.511850
5.802258
4.705950
3.946364
1.850275
0.660114
