2.147148 1.968381
2.170506 1.999320
2.174857 2.033452
2.190553 2.078242
2.214880 2.132665
2.242559 2.222581
2.272742 2.320260
2.312897 2.431673
2.344129 2.574880
2.387872 2.736765
2.411038 2.946059
2.426405 3.135294
2.503344 3.344158
2.555728 3.566504
2.603810 3.564435
2.618915 3.513061
2.683640 3.467235
2.839473 3.688860
2.914880 3.816825
2.793519 3.750173
2.777969 3.624170
2.780813 3.599021
2.888955 3.584393
2.971930 3.598818
3.145450 3.711916
3.302073 3.836568
3.502047 3.966390
3.726410 4.122493
3.955407 4.289404
4.187000 4.462620
4.473670 4.693499
4.711340 4.867667
4.952891 4.988783
5.183183 5.181733
5.476466 5.423225
5.689045 5.606023
5.970438 5.829601
6.232434 6.064826
6.461533 6.305674
6.728841 6.515379
6.999555 6.756248
7.264623 7.002120
7.503522 7.217657
7.770825 7.465433
7.959499 7.583624
8.034044 7.612096
8.120040 7.676517
8.189295 7.722887
8.230942 7.699366
8.200444 7.689436
8.166055 7.678508
8.121540 7.634857
8.101298 7.650125
8.068371 7.633973
7.992666 7.598561
7.957813 7.579065
7.985733 7.559155
7.970576 7.557591
7.945630 7.587753
8.013284 7.580808
8.053677 7.542304
7.971138 7.549570
7.970189 7.520758
8.079493 7.595198
8.163769 7.682431
8.240079 7.788391
8.348119 7.895773
8.470521 8.030006
8.636373 8.204389
8.819790 8.358878
8.957815 8.507247
9.057333 8.615108
9.206909 8.740255
9.363185 8.887294
9.469868 9.010313
9.559987 9.074113
9.529463 8.993117
9.649120 8.992790
9.286779 8.896144
9.009713 8.639638
8.923732 8.592916
9.120391 8.876083
9.342921 9.057398
9.492170 9.404736
9.423270 9.393160
9.361798 9.098804
9.193699 8.965721
9.160050 8.956042
9.153260 8.935411
9.160395 8.921056
9.180433 8.965457
9.243293 9.043430
9.235886 9.054836
9.337374 9.144941
9.409791 9.249232
9.491524 9.380525
9.649393 9.598117
9.822440 9.862277
9.917525 9.999213
10.030942 10.103105
10.137895 10.246522
10.238082 10.328196
10.316782 10.456203
10.418861 10.537360
10.447451 10.627677
10.451118 10.611173
10.612578 10.779841
10.638978 10.799385
10.781981 10.945642
10.924220 11.007106
10.985733 11.121707
10.905924 10.979022
10.706709 10.825699
10.653267 10.744393
10.668398 10.755034
10.543209 10.518806
10.360904 10.270739
10.090847 9.968695
9.851680 9.602127
9.567853 9.335882
9.103085 8.800542
8.734408 8.489888
8.560091 8.246238
8.388932 8.130799
8.149003 7.742713
8.132037 7.517891
8.108919 7.445014
7.904661 7.426296
7.946439 7.189907
7.851348 7.231430
7.914582 7.349918
7.835960 7.430865
7.910361 7.576021
8.003984 7.751039
8.105885 7.968362
8.234006 8.144021
8.342361 8.405927
8.454896 8.557110
8.601276 8.707610
8.352230 8.811797
8.507802 8.915543
8.655565 9.013539
8.776531 9.125251
8.935032 9.190250
9.037275 9.262060
9.069535 9.128411
8.885523 8.993392
8.842498 8.339095
8.544282 8.081906
8.813000 8.652440
9.079971 8.929011
9.328316 9.472427
9.412436 9.753815
9.259479 9.525798
9.127626 9.427402
9.067865 9.224833
8.770930 9.126244
8.632417 9.069000
8.664092 9.098802
8.675314 9.114595
8.696066 9.175820
8.757376 9.269460
8.928391 9.486536
9.114068 9.681529
9.197822 9.767757
9.288707 9.823886
9.402877 9.948806
9.393445 10.052872
9.291642 9.911401
9.305691 10.024069
9.410967 9.897380
9.252462 9.879198
9.127249 9.686650
8.980839 9.202286
8.706991 8.944641
8.561911 8.648926
8.490034 8.525800
8.210092 8.418376
8.161814 8.434376
8.070854 8.470671
7.885736 8.180591
7.761234 7.957823
7.687911 7.335000
7.671189 7.253113
7.629640 6.886874
7.367886 6.523219
7.130884 6.029868
6.480568 5.584558
6.427305 5.419713
6.045714 5.064031
5.881597 4.916014
5.659798 4.793016
5.663907 4.828920
5.748230 4.985267
5.830260 5.108148
5.910655 5.204305
6.022112 5.390940
6.198516 5.633694
6.286463 5.860727
6.442568 6.067150
6.660966 6.191530
6.871362 6.400848
7.184326 6.564765
7.535676 6.861576
8.008904 7.261317
8.354706 7.558021
8.586965 7.572624
8.739348 7.750651
8.967323 7.780026
9.037441 7.839934
9.212394 7.981350
9.332320 8.121013
9.383161 8.145218
9.409637 8.196332
9.515626 8.257466
9.652750 8.323075
9.730439 8.430477
9.936009 8.569181
10.150000 8.734860
10.246206 8.846871
10.339030 8.964589
10.341821 9.020852
10.354249 9.047344
10.458351 9.100825
10.576840 9.084932
10.550125 9.075892
10.360784 8.902626
10.140323 8.771696
10.046554 8.543295
9.800819 8.436814
9.410303 7.873688
8.713637 7.419200
8.248408 7.010944
8.177086 6.961948
7.787272 6.496453
6.987774 6.157485
6.556058 6.032739
6.363030 5.889876
6.401426 6.034378
6.452471 6.210017
6.517700 6.381620
6.597475 6.527020
6.706141 6.740825
6.777007 6.831454
6.923946 6.864608
6.974813 6.944595
7.016656 7.024822
7.082120 7.092122
7.424831 7.163583
7.619491 7.380741
7.669236 7.426186
7.658844 7.461923
7.432559 7.415128
6.955846 7.245051
6.620856 6.802195
6.216527 6.610111
6.104998 6.539164
6.206587 6.767392
6.536847 6.940101
6.627043 6.989885
6.706484 7.043680
6.808426 7.141870
6.864677 7.184400
6.920855 7.247392
7.016188 7.302715
7.137192 7.469928
7.188994 7.569691
7.277845 7.583716
7.275968 7.450356
7.146257 7.297401
6.969046 7.069785
6.987548 6.794904
7.028328 6.678439
7.013740 6.444947
6.684311 6.108085
6.469622 5.461606
6.102526 5.059767
5.566480 4.534827
5.394069 4.252153
5.254099 4.043370
5.024994 4.028674
4.907825 3.889677
5.031087 4.069369
5.215446 4.247892
5.542892 4.556713
5.700347 4.765200
5.861318 4.918263
6.000841 5.078030
6.116703 5.242108
6.155351 5.268854
6.163532 5.273320
6.112030 5.292528
6.178835 5.285878
6.656832 5.528586
6.712639 5.659633
6.772821 5.783996
6.737845 5.828154
6.668696 5.918954
6.673503 6.088862
6.381977 6.100894
5.882536 5.850117
5.773885 5.904420
5.885505 6.066950
6.246161 6.340506
6.417726 6.485497
6.550027 6.534746
6.700841 6.601919
6.842004 6.690373
6.990858 6.813450
7.130361 6.945195
7.227637 7.045625
7.415615 7.176653
7.541211 7.290905
7.603414 7.303061
7.740482 7.307160
7.784124 7.281054
7.640088 7.251442
7.631003 7.174409
7.618117 6.989260
7.441842 6.734579
7.228894 6.459787
7.101088 6.265978
6.677648 6.040640
6.444917 5.576835
6.189360 5.075232
5.935679 4.798934
5.807678 4.640636
5.733673 4.654454
5.675881 4.724903
5.707336 4.834521
5.772452 5.014940
5.864786 5.145718
5.960337 5.319829
6.057908 5.480446
6.116206 5.616943
6.283737 5.833386
6.342833 5.928193
6.426371 5.993409
6.533126 6.119196
6.750688 6.317394
6.850387 6.462432
6.782707 6.525293
6.386303 6.244409
5.831222 5.832505
5.346401 5.623244
5.540024 5.749239
5.879940 6.031165
6.037763 6.258288
6.232127 6.513363
6.512678 6.788706
6.743473 7.063345
7.053469 7.310314
7.187265 7.285213
7.198980 7.226747
7.322219 7.255071
7.268901 7.306934
7.049856 7.138759
6.582851 6.811690
6.127846 6.213368
5.958141 5.986673
5.865981 6.002825
5.642714 5.912196
5.692273 5.858496
5.562173 5.685371
5.632266 5.676098
5.678551 5.596406
5.520990 5.638776
5.516329 5.663317
5.490590 5.633046
5.531179 5.713311
5.446405 5.719145
5.025333 5.708968
4.924516 5.699354
4.858443 5.730017
4.784370 5.790922
4.865938 5.831505
5.133571 5.984531
5.603037 6.273622
5.862587 6.547285
6.048623 6.625958
6.185776 6.728330
6.363673 6.903299
6.516676 7.009843
6.702678 7.104208
6.862837 7.184815
7.012333 7.271837
7.153356 7.332097
7.223730 7.327173
7.255853 7.414374
7.315617 7.431217
7.330308 7.433861
7.355114 7.443203
7.397703 7.456211
7.435733 7.481049
7.495029 7.409537
7.557837 7.412765
7.576459 7.313546
7.628035 7.193386
7.705237 7.244593
7.686882 7.259422
7.743035 7.162640
7.807633 7.042374
7.613149 6.737369
7.369055 6.555795
7.093603 6.443817
7.027721 6.181392
6.855430 5.934005
6.652515 5.802012
6.378545 5.561474
6.300822 5.238661
6.219017 5.096333
6.134179 4.921246
5.831081 4.866400
5.651275 4.910316
5.452098 4.877220
5.474310 4.966250
5.289641 5.002274
5.157935 5.204794
5.324864 5.394309
5.534657 5.587333
5.975356 5.962505
6.214755 6.092029
6.386805 6.162103
6.386919 6.307381
6.158032 6.353024
5.758112 6.342254
5.147481 5.706824
4.638507 5.348061
4.194175 4.810220
4.125954 4.622039
4.322214 4.837215
4.483589 4.973055
4.669705 5.154687
4.740859 5.325058
4.776268 5.433460
4.950157 5.599253
5.315955 5.902048
5.222953 5.947154
5.125328 5.753437
5.076820 5.752840
4.918818 5.500753
4.917204 5.416880
4.850263 5.422640
4.866668 5.406426
4.801900 5.369490
4.701564 5.461389
4.682779 5.613231
4.599782 5.709987
4.555201 5.916426
4.582014 6.192051
4.366432 6.424586
4.331915 6.656193
4.130944 6.898293
4.259018 7.189518
4.514989 7.647410
4.807278 8.041920
4.991285 8.342129
5.232827 8.572600
5.560143 8.750629
5.814645 8.813166
5.900015 8.813593
6.076419 8.905469
6.128781 8.950539
6.273305 9.111434
6.342063 9.228742
6.346530 9.267474
6.391127 9.312856
6.437436 9.325888
6.512724 9.469462
6.671297 9.510275
6.763038 9.585878
6.783965 9.641706
6.833366 9.686721
6.799006 9.630774
6.787646 9.501901
6.755081 9.416028
6.603410 9.182840
6.507928 8.945732
6.493983 8.678341
6.460223 8.301687
6.325688 7.987657
5.921851 7.693663
5.873920 7.450214
5.773295 6.971632
5.597703 6.715641
5.574550 6.412053
5.446247 6.465064
5.482228 6.444961
5.360226 6.504646
5.446141 6.592912
5.514615 6.748845
5.631087 6.929677
5.721758 6.901702
5.762781 6.856424
5.836381 6.841322
5.767808 6.764485
5.763799 6.822834
6.015511 7.123071
6.148792 7.368658
5.740905 7.065962
5.021487 6.403903
5.153076 6.454870
5.385015 6.528547
5.548306 6.577319
5.626077 6.544122
5.630942 6.600087
5.586124 6.658800
5.571263 6.615297
5.539692 6.523147
5.468109 6.503446
5.310805 6.393546
5.113048 6.279943
4.956557 6.008927
4.904507 5.825173
4.554489 5.413797
4.446919 5.219639
4.455762 5.036118
4.445487 4.952438
4.523752 4.884904
4.562404 4.912167
4.395237 4.822440
4.296753 4.734663
4.157564 4.733545
4.028247 4.790905
3.924938 4.970977
3.825694 5.107463
3.876583 5.311117
3.998256 5.560877
4.176777 5.792604
4.487016 6.044931
4.795216 6.233981
5.073111 6.445188
5.279067 6.508569
5.280623 6.502104
5.119729 6.335073
5.121426 6.302580
4.975872 6.032549
4.795253 5.863012
4.706428 5.714685
4.700367 5.635987
4.743991 5.607829
4.765282 5.529195
4.746849 5.483616
4.610167 5.406945
4.528600 5.183929
4.423687 5.103216
4.139380 4.813546
4.053308 4.612253
3.880680 4.247378
3.813496 4.116692
3.704438 3.939237
3.619756 3.847750
3.495890 3.733474
3.265739 3.745717
3.168682 3.728853
3.085716 3.725723
3.081809 3.878460
3.257388 4.163927
3.530467 4.403638
4.333279 5.052220
4.991584 5.702405
