2.150586 1.970597
2.143896 1.978920
2.146644 2.018377
2.156692 2.077263
2.101664 2.114104
2.086341 2.157214
2.110318 2.297009
2.133027 2.431622
2.183334 2.628996
2.238400 2.845244
2.320483 3.208963
2.393303 3.498969
2.466172 3.784312
2.563367 4.115841
2.556235 4.219490
2.579189 4.096349
2.632608 3.981880
2.738290 4.070227
2.778012 4.135457
2.844001 4.091842
2.860573 4.098969
2.949286 4.165449
3.097373 4.303056
3.227772 4.382728
3.380397 4.484209
3.535854 4.624609
3.693046 4.712494
3.830356 4.862596
4.030952 4.941752
4.169216 5.059401
4.330313 5.168606
4.470240 5.238786
4.524862 5.293468
4.715661 5.502143
4.987514 5.698028
5.106402 5.820092
5.355797 6.062336
5.542071 6.285907
5.776267 6.533121
5.991545 6.769066
6.232782 7.021496
6.442440 7.271144
6.678949 7.503972
6.922339 7.771359
7.056135 7.932027
7.151269 8.001845
7.264707 8.144019
7.363485 8.249744
7.434972 8.355568
7.455548 8.312618
7.472349 8.288028
7.484127 8.257061
7.591817 8.263601
7.684482 8.260479
7.678290 8.225008
7.695936 8.203286
7.723797 8.201425
7.778369 8.207879
7.863925 8.301852
7.952755 8.341545
8.040483 8.396867
8.135154 8.499462
8.233714 8.572724
8.285399 8.607038
8.380240 8.686434
8.410741 8.711281
8.474937 8.795516
8.554139 8.878283
8.642620 8.904588
8.747386 9.029146
8.816977 9.155474
8.807271 9.228047
8.907114 9.385666
8.960974 9.485713
9.121285 9.764974
9.165703 9.926127
9.379336 10.195414
9.590316 10.476995
9.725235 10.606839
9.730427 10.598497
9.637618 10.493346
9.587169 10.517105
9.795301 10.727887
9.836209 10.758523
9.698368 10.639940
9.629632 10.586510
9.637095 10.556553
9.627548 10.514540
9.361276 10.356734
9.358593 10.325792
9.274973 10.277215
9.227363 10.250901
9.244775 10.179783
9.267735 10.160384
9.193583 10.129057
9.242829 10.148517
9.239878 10.169498
9.327060 10.200307
9.273338 10.147226
9.186685 9.989486
9.265403 9.886706
9.370364 9.871315
9.469261 9.921691
9.685077 10.049825
9.878784 10.184505
9.990026 10.262602
10.165989 10.368042
10.220351 10.369798
10.354246 10.406638
10.483433 10.513764
10.585104 10.513281
10.415918 10.295839
10.382401 10.235512
10.343265 10.214841
10.322028 10.009464
10.366970 9.900164
10.296106 9.794879
10.322889 9.803819
10.256483 9.755823
9.950272 9.594977
9.914290 9.484080
9.951010 9.465848
9.881061 9.378397
9.912162 9.315051
9.830457 9.272966
9.720356 9.218598
9.660774 9.192242
9.722039 9.234392
9.698396 9.038053
9.666205 9.034137
9.729283 9.097677
9.838423 9.175932
9.908044 9.216137
10.027622 9.306843
10.119612 9.367332
10.244868 9.478029
10.342071 9.581999
10.411340 9.682089
10.340453 9.553040
10.398107 9.626240
10.466403 9.760445
10.558613 9.841010
10.660017 10.000583
10.590766 10.114363
10.643431 10.193671
10.797519 10.360323
10.535483 10.303191
10.435086 10.242290
10.205556 9.820336
10.403548 10.000106
10.726811 10.218658
10.865372 10.411315
10.968439 10.435646
10.878169 10.304577
10.669272 10.135434
10.686102 10.089069
10.437274 10.021659
10.455801 9.923744
10.445307 9.848976
10.462731 9.742565
10.493586 9.738278
10.517125 9.796865
10.590149 9.867559
10.663447 9.929718
10.726075 9.975152
10.742158 10.023749
10.712042 9.948797
10.626504 10.012116
10.714389 10.018322
10.782668 10.103754
10.703940 10.019837
10.585487 9.969679
10.273046 9.579023
10.038361 9.438251
9.801994 9.348778
9.557673 9.108983
9.505773 9.110268
9.265395 8.800106
9.113265 8.832780
9.029987 8.809120
8.984000 8.567960
8.979190 8.560700
8.661500 8.401608
8.448736 8.387363
8.079125 8.064862
7.816018 7.769119
7.245861 7.318380
7.064518 7.213442
6.716238 6.840874
6.565690 6.667976
6.411836 6.397131
6.445356 6.215149
6.286745 6.205244
6.346959 6.217997
6.465874 6.336947
6.407064 6.300188
6.535810 6.362615
6.671127 6.494610
6.799658 6.600994
6.862204 6.490225
6.969694 6.641296
7.447803 7.075741
7.720403 7.424081
8.230580 8.024559
8.893401 8.456586
9.269059 8.736927
9.730038 9.005971
10.077692 9.264222
10.474264 9.504568
10.836331 9.677320
11.158646 9.871529
11.321868 10.114074
11.312164 10.164076
11.332421 10.194949
11.558236 10.268789
11.693393 10.410406
11.849520 10.494577
12.086640 10.583730
12.318858 10.792876
12.393703 10.879832
12.466160 10.963888
12.459889 10.992272
12.470345 11.011930
12.523906 11.084641
12.570336 11.139394
12.412073 11.068890
12.217576 11.006827
12.072334 10.919381
12.141570 10.836228
12.002165 10.874477
11.794052 10.619504
11.512569 10.526506
11.119364 10.396547
11.006594 10.303876
10.956225 10.136719
10.682529 9.973869
10.628808 9.923167
10.587706 9.897122
10.604720 9.965448
10.642670 10.026293
10.658434 10.044371
10.691136 10.067575
10.764619 10.176473
10.752229 10.160071
10.991910 10.164331
11.061671 10.288616
11.118318 10.355387
11.099555 10.184062
11.639301 10.640710
12.074621 10.881025
12.643085 11.367810
13.211673 11.691846
13.943981 11.988006
13.763823 12.020165
13.772369 12.016652
13.585727 12.070995
13.596718 12.100743
13.760286 12.294740
13.982030 12.482396
13.964303 12.519051
13.950520 12.556229
13.973894 12.549506
13.997541 12.531582
14.014479 12.537589
14.048961 12.558452
14.123061 12.580993
14.066137 12.616083
14.090730 12.595605
13.722779 12.466496
13.476311 12.502838
12.858859 12.330727
12.685553 12.213645
12.314947 12.065277
12.006301 11.793768
11.700729 11.658599
11.291349 11.286821
10.827349 11.035977
10.344087 10.654962
10.086770 10.240569
9.579866 9.772411
9.166410 9.572648
8.888124 9.495188
8.860731 9.529380
9.146600 9.709435
9.305063 9.816809
9.434236 9.921453
9.565863 10.010526
9.693489 10.083086
9.811427 10.168833
9.856957 10.123803
9.911920 10.137742
9.911440 10.141785
9.938574 10.175356
10.563866 10.532758
10.652170 10.723564
10.950765 11.287877
10.910113 11.236249
10.607058 11.208322
10.493785 11.162626
10.229759 11.130555
10.235372 11.122063
9.972579 10.843412
9.908242 10.872551
10.016835 11.175679
10.237178 11.583214
10.285709 11.566664
10.476740 11.777184
10.799576 12.074170
10.851432 12.110444
10.897383 12.159241
11.199587 12.321420
11.299979 12.433392
11.373154 12.519395
11.174398 12.557476
11.245676 12.656325
11.162107 12.604979
11.096830 12.549520
10.877633 12.502026
10.703984 12.358466
10.382709 11.798780
10.392128 11.593241
10.441477 11.515755
10.211159 11.287850
9.929817 10.723421
9.668618 10.472783
9.498807 10.181037
9.307905 9.745601
9.123775 9.598861
9.056404 9.673072
9.035456 9.744014
9.108581 9.847275
9.179166 9.911422
9.213247 9.938871
9.321980 10.039133
9.439513 10.145673
9.551067 10.257570
9.565026 10.310350
9.518628 10.321612
9.535626 10.371485
9.975916 10.937350
9.978487 10.993657
9.654337 10.772316
8.940373 9.988695
7.979775 9.114594
7.539321 8.558715
7.595998 8.732993
7.871002 8.879165
7.958021 8.926787
8.064260 9.000004
8.102059 9.110321
8.584161 9.350944
8.912472 9.733687
8.950828 9.838037
8.951949 9.874079
8.962185 9.920425
8.966995 9.933210
8.782439 9.598742
8.636017 9.465980
8.444820 9.134087
8.421671 8.933595
8.346895 8.796220
8.361603 8.862679
8.342990 8.668529
8.263987 8.419502
8.042781 8.449873
7.389465 8.276304
7.198021 8.243262
6.989092 8.147969
6.742603 7.779767
6.753689 7.712511
6.668066 7.607355
6.620842 7.344378
6.707778 7.373553
6.559741 7.305372
6.508921 7.024604
6.493639 6.977931
6.624605 7.101347
7.105508 7.503920
7.421051 8.062763
7.940223 8.335205
8.287984 8.546194
8.640095 8.782463
8.932186 9.231002
9.137233 9.453345
9.322173 9.535794
9.489472 9.572025
9.658349 9.776027
9.797958 9.837909
9.932937 9.865537
10.139674 10.126070
10.560972 10.313525
10.653317 10.449540
10.749557 10.468722
10.853914 10.539508
10.921360 10.598431
10.943717 10.641381
10.954156 10.704997
10.792674 10.643583
10.722105 10.648730
10.297883 10.606266
10.231213 10.386614
10.278474 10.278838
9.775062 10.176509
9.759400 10.001237
9.671003 9.792240
9.560832 9.667003
9.498873 9.454477
9.303356 9.294768
9.231142 9.251927
9.043177 8.918427
8.921854 8.900830
8.851083 8.848681
8.820814 8.818993
8.749856 8.785425
8.582923 8.771760
8.594444 8.707824
8.576655 8.641358
8.606720 8.530017
8.726860 8.633332
8.832142 8.754359
9.260282 9.289954
9.401227 9.445987
9.506397 9.549834
9.213887 9.240918
8.697552 8.640857
8.160874 7.617254
7.275048 7.191830
6.349779 6.652394
6.093734 6.094093
6.242310 6.030836
6.634688 6.234451
6.923526 6.407533
7.106916 6.534397
7.238810 6.668560
7.305358 6.796494
7.468110 6.935133
7.786076 7.133757
7.722294 7.093812
7.593812 7.085890
7.375715 7.136921
7.378168 7.122117
7.400157 7.160165
7.381267 6.999391
7.318161 6.808373
7.340009 6.794899
7.160582 6.796849
6.997899 6.743619
7.017406 6.558007
6.928098 6.599658
7.047305 6.616137
7.081905 6.644628
7.032655 6.640870
7.046479 6.797960
7.234840 7.024673
7.657669 7.281138
8.301066 7.674846
8.768081 7.915681
9.069859 8.116099
9.406135 8.441634
9.809016 8.714028
9.984832 8.935912
10.347999 9.154184
10.579188 9.437889
10.805046 9.654000
11.161994 9.777072
11.326778 9.928470
11.560031 10.142870
11.779637 10.290942
12.061241 10.424529
12.279748 10.516584
12.487577 10.581226
12.587543 10.623158
12.639179 10.578437
12.539791 10.586626
12.559881 10.522781
12.503288 10.512477
12.276463 10.457187
12.128532 10.317562
11.740789 10.244580
11.504443 10.084107
11.221524 10.100860
11.032578 9.909611
10.804472 9.818945
10.662070 9.653454
10.367556 9.566400
10.094132 9.336818
10.014403 9.109194
9.701183 9.155526
9.406053 9.133386
9.239007 9.212685
9.332387 9.312136
9.444678 9.405118
9.327795 9.221168
9.102900 9.189804
8.911184 9.119613
8.826371 9.067941
9.091153 9.181622
9.360740 9.655548
9.511569 9.892416
8.863514 9.344477
8.177063 8.693988
8.248362 8.918445
8.580023 9.335055
8.667425 9.371040
8.647604 9.388333
8.489369 9.420114
8.436001 9.354004
8.474176 9.351181
8.488284 9.200438
8.265554 9.050622
8.243788 8.797234
8.176934 8.720104
8.105833 8.511969
7.880183 8.454723
7.608610 8.118842
7.397394 7.927102
7.162680 7.684840
7.049524 7.417593
6.614328 7.132267
6.252069 6.954727
5.627381 6.386617
5.622181 6.086224
5.366439 6.003586
5.294045 5.791783
5.242246 5.708381
5.108494 5.716276
5.169802 5.800630
5.362838 5.997668
5.557459 6.176507
5.859027 6.472004
6.315662 6.933103
6.597349 7.274288
6.832531 7.570852
7.086140 7.834100
7.225488 7.837111
7.399503 7.969758
7.566752 7.961416
7.513062 7.906487
7.641049 7.931078
7.996237 8.123083
8.088834 8.367885
8.110881 8.369807
8.063551 8.295855
7.909905 8.221242
7.759033 7.910106
7.702511 7.767025
7.387070 7.587475
6.899513 7.557600
6.836711 7.388140
6.628195 7.315156
6.113927 7.176610
5.861928 6.885344
5.452142 6.642954
5.309777 6.521250
5.229604 6.386001
5.173314 6.368712
5.131070 6.370569
5.297455 6.480384
5.619455 6.784503
6.400716 7.717611
6.911978 8.194095
