2.144900 1.962937
2.137745 1.989575
2.151585 2.048663
2.160827 2.107441
2.155890 2.194798
2.173954 2.313298
2.195819 2.448927
2.225564 2.577849
2.285653 2.740119
2.352696 2.925876
2.445330 3.112954
2.541066 3.304807
2.642970 3.509091
2.778086 3.666973
2.834501 3.699822
2.847675 3.624449
2.906273 3.568060
3.043132 3.726640
3.070604 3.799225
3.071217 3.835076
3.135160 3.850484
3.241143 3.895448
3.347122 3.964797
3.480792 4.027169
3.656526 4.152195
3.845798 4.312575
4.039566 4.465148
4.253086 4.643931
4.443946 4.825897
4.642857 5.020842
4.892878 5.261027
5.103226 5.462591
5.302475 5.659014
5.544588 5.906403
5.816055 6.193500
6.004529 6.408207
6.244740 6.689313
6.495064 6.943307
6.713167 7.181304
6.932001 7.422188
7.171840 7.670579
7.406587 7.930083
7.628966 8.184093
7.891770 8.463455
8.043085 8.611581
8.079541 8.677491
8.142465 8.771833
8.213773 8.872988
8.280840 8.936738
8.265454 8.919013
8.273411 8.889625
8.294815 8.864870
8.338317 8.870150
8.379288 8.844045
8.350041 8.822680
8.336573 8.810719
8.348201 8.808185
8.368459 8.817226
8.411332 8.833077
8.466337 8.884477
8.549626 8.951207
8.650192 9.030337
8.728979 9.112792
8.856608 9.227032
8.972184 9.326077
9.093008 9.422846
9.215635 9.536073
9.335078 9.645052
9.485630 9.785437
9.648500 9.924400
9.803185 10.060390
9.949337 10.195990
10.092677 10.341097
10.267643 10.514143
10.432733 10.657465
10.601039 10.803352
10.802520 10.979648
10.988353 11.134067
11.066531 11.198306
11.065399 11.182361
10.967147 11.079813
10.877645 10.997816
10.934862 11.139825
10.967284 11.145609
10.967186 11.110622
10.879560 11.022303
10.849518 11.011592
10.828723 11.004595
10.812115 10.993576
10.810771 11.004532
10.812791 11.023101
10.835771 11.074190
10.872331 11.121853
10.930201 11.188784
10.973392 11.258038
11.038003 11.327466
11.122183 11.424238
11.197407 11.498741
11.276300 11.588473
11.381382 11.677851
11.512411 11.782420
11.606571 11.868971
11.722297 11.985500
11.824686 12.095728
11.972052 12.240082
12.086069 12.363242
12.232825 12.498091
12.364172 12.622379
12.496353 12.753194
12.636901 12.885672
12.732308 12.962929
12.783845 12.999192
12.842494 13.050103
12.926132 13.095970
13.023248 13.149974
13.011283 13.173037
12.985080 13.147117
12.996951 13.130481
13.021567 13.124740
13.047434 13.129642
13.090678 13.116541
13.139739 13.097738
13.117473 13.077265
13.132855 13.077769
13.147429 13.075155
13.166921 13.087376
13.199059 13.106231
13.237513 13.141249
13.294673 13.182096
13.353297 13.224562
13.410619 13.266002
13.475844 13.327068
13.531545 13.372407
13.610214 13.444995
13.687630 13.518051
13.771691 13.599416
13.845296 13.677364
13.926337 13.765940
14.016115 13.850341
14.121773 13.959402
14.225968 14.066062
14.332170 14.170213
14.442173 14.279533
14.579722 14.387253
14.714267 14.510775
14.843273 14.614236
14.905631 14.681989
14.956313 14.736425
14.928239 14.700551
14.886185 14.663670
14.866384 14.585020
14.959272 14.685921
14.999938 14.738676
14.934920 14.722517
14.905551 14.712255
14.896375 14.695639
14.919846 14.711727
14.946427 14.734032
14.996193 14.757496
15.054553 14.784405
15.119402 14.804365
15.171481 14.845758
15.223484 14.895819
15.282749 14.954425
15.353934 15.017420
15.423999 15.074082
15.522608 15.152131
15.605616 15.231647
15.684179 15.310705
15.790311 15.423071
15.876080 15.518987
15.993724 15.509341
16.081891 15.520479
16.142816 15.530235
16.197618 15.545395
16.257602 15.547819
16.315027 15.569202
16.400509 15.611852
16.470867 15.658612
16.576678 15.697733
16.616659 15.734081
16.677703 15.781095
16.737745 15.834540
16.797503 15.913406
16.791576 15.905629
16.741279 15.876661
16.734089 15.871009
16.728816 15.860853
16.756656 15.878290
16.793360 15.897085
16.836029 15.929112
16.898131 15.963663
16.950070 16.017322
16.998188 16.052986
17.061203 16.105991
17.126876 16.180718
17.186869 16.246520
17.263097 16.331257
17.333656 16.402375
17.421945 16.478479
17.459230 16.529806
17.467981 16.579457
17.459247 16.625722
17.471742 16.672770
17.458736 16.705955
17.475256 16.736287
17.461224 16.724431
17.436499 16.683281
17.431437 16.663785
17.419457 16.663756
17.414418 16.673430
17.418054 16.695777
17.411129 16.687028
17.435960 16.694951
17.443259 16.706363
17.476056 16.712156
17.510627 16.738148
17.546611 16.770982
17.583468 16.799708
17.646147 16.848527
17.704031 16.900786
17.717812 16.995520
17.740987 17.019930
17.782586 17.094229
17.870972 17.189529
17.921697 17.257512
17.950419 17.310434
18.003702 17.394352
18.074586 17.493515
17.983945 17.536781
17.971089 17.537818
17.981953 17.536237
18.007369 17.548148
18.027499 17.547504
18.036614 17.555901
18.075763 17.561576
18.104923 17.563227
18.152730 17.586847
18.221101 17.607903
18.271327 17.637741
18.331165 17.686351
18.388854 17.727868
18.435045 17.783406
18.407710 17.778601
18.411228 17.781959
18.476707 17.818513
18.532420 17.848568
18.614375 17.819393
18.669279 17.801461
18.729925 17.773634
18.803407 17.764213
18.884306 17.760901
18.850091 17.754512
18.791107 17.756340
18.760322 17.771201
18.713261 17.803111
18.674337 17.822457
18.620279 17.851548
18.501048 17.953376
18.447712 17.977480
18.391928 17.980749
18.366887 17.971950
18.354086 17.974077
18.342304 17.984095
18.349358 18.005609
18.353150 18.035998
18.376688 18.066192
18.411834 18.111573
18.446018 18.158466
18.488358 18.214316
18.545571 18.277270
18.636870 18.364760
18.723284 18.456471
18.812963 18.543817
18.697293 18.589893
18.660893 18.553220
18.640053 18.533551
18.618910 18.526988
18.614802 18.529116
18.622372 18.540728
18.611305 18.607382
18.623287 18.650838
18.637593 18.683922
18.665228 18.709703
18.718049 18.749623
18.765466 18.796296
18.835693 18.847153
18.909309 18.901074
18.988897 18.937176
19.036489 18.950807
19.079937 18.977650
19.088567 18.962614
19.100361 18.951533
19.152814 18.989505
19.178953 18.974907
19.218155 18.980944
19.223898 18.989772
19.240925 19.010561
19.249936 19.054660
19.252451 19.047282
19.284352 19.060111
19.303214 19.078906
19.322135 19.111907
19.342692 19.152426
19.363640 19.136878
19.357267 19.083833
19.347297 19.103535
19.338861 19.120399
19.327235 19.132952
19.323175 19.154176
19.333381 19.186085
19.368782 19.212339
19.371071 19.244150
19.377808 19.287159
19.399362 19.323468
19.432143 19.384509
19.479451 19.457926
19.525523 19.542886
19.592755 19.610504
19.637822 19.681304
19.677285 19.737173
19.717109 19.812699
19.695805 19.745670
19.704642 19.718518
19.711325 19.704805
19.716792 19.703987
19.746244 19.699227
19.783879 19.703820
19.839385 19.749823
19.882954 19.798313
19.938610 19.830804
20.002391 19.870103
20.059562 19.919797
20.129463 19.947379
20.201488 20.001919
20.294940 20.032424
20.363844 20.058185
20.385521 20.048546
20.400670 20.044096
20.422964 20.071830
20.426106 20.075330
20.472622 20.129503
20.502564 20.149823
20.517065 20.137681
20.528981 20.123733
20.543245 20.126322
20.602745 20.142465
20.673351 20.157288
20.755787 20.155592
20.816059 20.159612
20.861572 20.188733
20.890366 20.224358
20.920076 20.264351
20.955037 20.292190
21.018461 20.345433
21.091558 20.434522
21.088158 20.423266
21.108100 20.398017
21.106124 20.398576
21.141370 20.449160
21.188593 20.516893
21.239356 20.551670
21.287488 20.605696
21.288800 20.590995
21.334384 20.641759
21.387810 20.674436
21.438882 20.721178
21.461076 20.756273
21.394271 20.774933
21.452788 20.812354
21.493112 20.860352
21.547465 20.906803
21.621353 20.956379
21.687483 21.001804
21.739695 21.065378
21.779400 21.139045
21.787961 21.238462
21.793707 21.293663
21.787259 21.333424
21.790440 21.379756
21.842592 21.414460
21.846714 21.408327
21.869630 21.420566
21.896342 21.433590
21.910785 21.451471
21.938892 21.471832
21.942398 21.461739
21.928948 21.433036
21.918599 21.450325
21.922853 21.406530
21.918342 21.370922
21.921070 21.349663
21.935297 21.335610
21.943166 21.327929
21.968228 21.326412
21.986733 21.313048
22.011175 21.319912
22.046670 21.336332
22.098127 21.359046
22.153777 21.380792
22.215378 21.419756
22.257588 21.456698
22.213931 21.376646
22.216285 21.445486
22.230066 21.448166
22.292950 21.446171
22.276430 21.460211
22.309599 21.466818
22.343376 21.485474
22.383013 21.495829
22.422616 21.517981
22.457711 21.547463
22.500547 21.596053
22.534481 21.644684
22.575991 21.676449
22.626012 21.744179
22.672544 21.803634
22.734220 21.881354
22.781985 21.931702
22.834032 21.957907
22.883671 21.964271
22.862606 22.041568
22.871830 22.052569
22.891835 22.068119
22.917229 22.077835
22.938935 22.090403
22.957773 22.056729
22.935076 22.047717
22.935521 22.047074
22.925039 22.056818
22.952978 22.051151
22.976413 22.054482
23.009240 22.055904
23.048351 22.055337
23.087572 22.046784
23.119232 22.054023
23.154457 22.064259
23.171096 22.045794
23.218323 22.043850
23.247165 22.051047
23.288305 22.071180
23.343937 22.103596
23.380626 22.128661
23.429830 22.182668
23.478518 22.240983
23.525516 22.305098
23.576095 22.392682
23.636182 22.471350
23.694326 22.534855
23.758470 22.646823
23.818982 22.735356
23.889766 22.818573
23.950692 22.909058
24.005840 22.973928
24.062905 23.065260
24.137198 23.134694
24.187990 23.178264
24.213297 23.229947
24.216236 23.244286
24.196183 23.236896
24.109375 23.300958
24.207486 23.364936
24.261437 23.340562
24.312008 23.292708
24.322058 23.263766
24.328492 23.249937
24.364057 23.233892
24.389944 23.226111
24.409666 23.225579
24.423862 23.243506
24.439370 23.272766
24.461927 23.287841
24.480557 23.317728
24.497527 23.347496
24.520407 23.377906
24.499350 23.410090
24.495673 23.428626
24.507979 23.432100
24.501560 23.433967
24.508484 23.438934
24.513401 23.458545
24.523458 23.496824
24.543049 23.528640
24.563265 23.562992
24.595247 23.593092
24.616561 23.635539
24.661880 23.683508
24.710653 23.743216
24.752439 23.779519
24.798675 23.819767
24.843792 23.862027
24.889611 23.917361
24.926500 23.980140
24.835730 24.036352
24.964493 24.026662
24.952084 24.028206
24.951530 24.040245
24.945425 24.048371
24.955148 24.057695
24.998000 24.125826
24.990601 24.091123
24.979263 24.083865
24.986221 24.070314
24.994125 24.060087
24.995677 24.046720
25.003677 24.056313
25.013800 24.082550
25.026521 24.095586
25.043089 24.120419
25.055922 24.149394
25.065412 24.173358
25.100282 24.208129
25.140755 24.232878
25.177687 24.257540
25.179179 24.279900
25.166861 24.306072
25.174216 24.345119
25.189515 24.382771
25.206420 24.409254
25.245765 24.448901
25.281668 24.508086
25.318709 24.575165
25.384153 24.633608
25.447684 24.683167
25.505725 24.743457
25.571076 24.806121
25.628163 24.859767
25.711750 24.918361
25.769870 24.954066
25.827047 25.009174
25.876133 25.029790
25.930367 25.069885
25.959868 25.095733
25.945431 25.091124
25.873227 25.066507
25.868859 25.054234
25.853076 25.045181
25.848230 25.038664
25.856866 25.016932
25.875011 25.008794
25.899924 25.002172
25.896996 24.999647
25.900843 24.985286
25.894477 24.985102
25.900275 24.991445
25.900105 24.981789
25.915119 24.997764
25.927131 25.016262
25.942772 25.020098
25.951182 25.047530
25.959337 25.078398
25.965344 25.107702
25.993118 25.133013
25.999372 25.170464
26.016862 25.214805
26.052856 25.260140
26.098070 25.320998
26.140328 25.361807
26.187201 25.415846
26.294470 25.566011
26.356442 25.742904
