2.157089 1.962745
2.166049 1.921980
2.148419 1.857263
2.057031 1.830450
1.973417 1.835943
1.919974 1.843687
1.949436 1.994386
1.982443 2.114927
1.992943 2.291957
1.924098 2.425603
1.972343 2.676034
1.923525 2.836231
1.913212 2.997937
1.964283 2.991343
1.902202 2.831987
2.018099 2.821417
2.141459 2.902380
2.369054 3.109401
2.512750 3.286253
2.516138 3.253074
2.454042 3.125439
2.447181 3.016612
2.455971 2.906154
2.610259 2.980716
2.915749 3.195190
3.145903 3.385196
3.398375 3.589662
3.709294 3.846795
4.024435 4.096812
4.330714 4.403680
4.675946 4.705003
4.968979 4.952706
5.197396 5.177929
5.454268 5.454822
5.792207 5.683157
6.027980 5.918947
6.311235 6.203346
6.568052 6.465870
6.884280 6.731315
7.149482 6.975828
7.412585 7.234798
7.604880 7.477889
7.860830 7.703796
8.151903 7.934830
8.308355 8.074960
8.364321 8.064527
8.511220 8.021102
8.600976 8.102931
8.652024 8.056005
8.517597 8.010181
8.459489 7.977142
8.430111 7.857599
8.424882 7.852729
8.349003 7.803823
8.306816 7.762705
8.186082 7.732599
8.208052 7.561479
8.199490 7.590882
8.186262 7.475039
8.241988 7.542558
8.318442 7.552923
8.349097 7.660588
8.420763 7.615967
8.495280 7.714159
8.581810 7.799164
8.676315 7.904921
8.763551 8.030009
8.865766 8.146985
9.058089 8.342684
9.180363 8.500688
9.330860 8.657479
9.470382 8.818741
9.616768 8.990158
9.780349 9.170956
9.930515 9.350122
10.085585 9.533506
10.349826 9.780681
10.509916 9.950741
10.650013 10.068332
10.639988 10.019079
10.561892 9.973671
10.706740 10.120115
10.743604 10.149447
10.773889 10.144626
10.786250 10.130756
10.709681 9.965838
10.571394 9.868249
10.645108 9.892354
10.637200 9.942199
10.728584 10.105718
10.729772 10.150272
10.759598 10.239052
10.783619 10.316068
10.843558 10.391820
10.902334 10.473664
11.125763 10.617671
11.231742 10.744569
11.239858 10.856727
11.328986 10.945751
11.440093 11.042590
11.552411 11.139828
11.818262 11.222758
11.885611 11.320817
12.026249 11.427708
12.186121 11.551624
12.313901 11.652529
12.472306 11.786447
12.611917 11.909693
12.754596 12.030679
12.932116 12.028757
12.985915 12.094362
12.985888 12.120563
13.003103 12.167879
13.056308 12.240568
13.007807 12.207290
13.053546 12.146188
13.040585 12.109068
13.014557 11.944885
12.955978 11.875782
12.914570 11.646872
12.795186 11.656200
12.742046 11.495933
12.515860 11.279938
12.462160 11.203862
12.416245 11.214566
12.361217 11.259637
12.341997 11.287055
12.260416 11.008181
12.242959 10.890459
12.313493 10.967549
12.375312 11.047178
12.453192 11.132810
12.524052 11.236389
12.623663 11.355917
12.707873 11.467583
12.801761 11.568136
12.902578 11.676836
12.997248 11.800440
13.093583 11.932534
13.205562 12.080139
13.308431 12.210467
13.422434 12.344443
13.258075 12.054720
13.371753 12.217081
13.510847 12.386082
13.641668 12.549952
13.727583 12.613873
13.752320 12.687631
13.789679 12.641267
13.759967 12.560977
13.741229 12.525878
13.774767 12.584035
13.766518 12.577270
13.677638 12.522960
13.632343 12.507888
13.776094 12.726978
13.761834 12.838151
13.759824 12.860230
13.766037 12.891478
13.784487 12.921384
13.800430 12.951347
13.808256 13.011545
13.828033 13.054811
13.855302 13.112575
13.885134 13.157066
13.919749 13.213597
14.012577 13.263211
14.088483 13.332396
14.173206 13.395953
14.131685 13.366348
14.197374 13.461824
14.345831 13.376038
14.397244 13.385617
14.139193 13.191195
14.167227 13.196743
13.890748 13.078861
13.767587 12.758041
13.755794 12.707221
13.814887 12.750466
13.887597 12.815721
13.918173 12.872068
13.880162 12.811169
13.797937 12.742734
13.887832 12.841983
13.869197 12.879110
13.771469 12.788108
13.770419 12.769459
13.770225 12.757035
13.687764 12.762914
13.642243 12.737123
13.282573 12.585837
13.240153 12.522743
13.134426 12.531349
13.181202 12.539449
13.262054 12.600171
13.343718 12.670223
13.418069 12.750656
13.515319 12.844273
13.328939 12.766840
13.403733 12.774701
13.509158 12.821218
13.577448 12.846223
13.630726 12.866419
13.644809 12.938555
13.249022 12.409197
12.521977 11.880704
11.680355 11.213323
10.556239 10.373992
9.717092 9.796254
9.137109 9.391328
8.867914 9.122770
8.407226 8.901214
8.430836 8.889634
8.454324 8.889411
8.347885 8.842534
8.392555 8.883765
8.446064 8.888090
8.338461 8.841552
8.288720 8.752699
8.345093 8.696017
8.462158 8.788673
8.467417 8.789628
8.148368 8.724417
8.221079 8.746887
8.359016 8.983480
8.459560 9.033297
8.542945 9.118055
8.648843 9.177153
8.696313 9.265953
8.706127 9.291071
8.671632 9.247469
8.530403 9.059803
8.342590 8.826025
8.388094 8.844808
8.247168 8.808932
8.160338 8.187651
8.052343 7.955213
7.934961 7.940196
8.023606 8.012524
8.075201 8.095754
8.188019 8.185319
8.105438 8.080263
8.236565 8.194653
8.209447 8.230904
8.225958 8.187275
8.157039 8.194305
8.165523 8.263376
8.122672 8.352189
8.156552 8.404440
8.217909 8.472547
7.933303 8.219158
6.989701 7.415330
6.100993 6.205406
4.767660 5.463414
4.194345 4.807763
3.541868 3.992896
3.307731 3.710909
3.312475 3.663725
3.361612 3.673794
3.559637 3.899088
3.750591 4.020907
3.814995 4.034876
3.860987 4.012462
3.942851 4.020510
4.034052 4.073865
4.068647 4.092030
4.244783 4.189436
4.423752 4.306194
4.588910 4.470548
4.838994 4.681874
5.101663 4.894333
5.312417 5.061928
5.596551 5.327831
5.792547 5.453885
5.419311 5.204508
5.229124 5.144408
4.859588 4.928599
4.656064 4.777372
4.548181 4.490613
4.446327 4.233050
4.429541 4.274674
4.437155 4.232102
4.536512 4.337655
4.670846 4.455446
4.865094 4.675624
5.023321 4.834649
5.189727 5.015010
5.346797 5.168338
5.432952 5.348830
5.526808 5.444889
5.550355 5.457660
5.587854 5.449161
5.576942 5.457470
5.595870 5.589851
5.573552 5.531510
5.651177 5.621490
5.152782 5.278423
4.814905 4.928265
4.437776 4.538300
3.853805 4.181303
3.448327 3.975655
3.099533 3.826957
2.620715 3.712876
2.676738 3.775830
2.732722 3.870199
2.752879 3.900150
2.875796 4.049569
3.077453 4.203938
3.189088 4.345969
3.341230 4.483570
3.536070 4.790241
3.769066 5.008449
3.951333 5.201580
4.156188 5.398315
4.378832 5.615078
4.636313 5.860041
4.931441 6.207546
5.286261 6.533557
5.617911 6.825717
5.852946 6.944175
6.116871 7.079012
6.325985 7.275563
6.222099 7.127155
6.150242 6.984636
6.005859 6.839626
5.869181 6.688987
5.813822 6.725851
5.796178 6.783395
5.705335 6.801490
5.773903 6.913128
5.855075 7.033727
5.941744 7.134574
6.031819 7.099345
6.150507 7.219223
6.143984 7.194182
6.183955 7.324413
6.267182 7.430333
6.152501 7.292021
6.176273 7.319877
6.235715 7.368034
6.283320 7.369502
5.999394 6.967222
5.632041 6.388019
4.971204 5.683587
4.534211 5.143004
4.400820 4.966548
4.538621 5.104001
4.752910 5.357884
5.094114 5.599880
5.423815 5.855138
5.605480 5.992966
5.779709 6.073693
5.944283 6.193921
6.118123 6.320628
6.358501 6.495696
6.668800 6.753210
6.665807 6.718061
6.644854 6.759912
6.589986 6.770350
6.756550 6.893551
7.007408 7.033204
7.085664 7.072694
7.246519 7.210178
7.185924 7.135389
7.173014 7.212393
7.079960 6.963932
7.071008 7.072598
6.916054 6.984203
6.981475 6.875678
6.939348 6.855743
6.941265 6.928985
6.909408 6.997881
6.839529 7.005815
6.752017 7.024495
6.889561 7.089697
6.963732 7.128430
7.113059 7.210139
7.433644 7.384667
7.566731 7.467561
7.719162 7.572561
7.698837 7.578241
7.650611 7.594367
7.409755 7.526811
7.359822 7.369835
7.104888 7.154386
7.107125 7.097384
7.131335 7.139593
7.118028 7.019128
7.142586 6.985119
7.262471 7.016689
7.132263 6.998617
7.144474 7.033187
7.171367 7.078888
7.213761 7.125775
7.262606 7.204056
7.320498 7.295109
7.369295 7.392662
7.430689 7.513452
7.496744 7.622707
7.583053 7.758764
7.678866 7.912897
7.717224 7.973727
7.539554 7.922432
7.510277 7.818301
7.376103 7.731144
7.140430 7.549585
7.113281 7.472273
7.044620 7.317526
7.001489 7.334294
7.050292 7.303349
6.794061 7.154911
6.697496 7.000879
6.704890 6.962885
6.673524 6.790929
6.733426 6.815689
6.771073 6.809463
6.824006 6.872951
6.844235 6.953550
6.944834 6.855210
7.109756 6.989662
7.262693 7.086629
7.353720 7.239094
7.287686 7.160142
7.098802 7.089722
6.867977 6.529663
6.251236 6.128212
5.960982 5.890648
5.406439 5.373117
5.313206 5.084158
5.199183 4.992176
5.288761 5.119961
5.370070 5.241581
5.497094 5.456609
5.661714 5.683819
5.907998 5.910571
6.046259 6.066875
6.259752 6.284586
6.367365 6.460545
6.625434 6.827168
6.790859 7.008661
6.953678 7.176715
7.069147 7.008325
7.144131 7.164803
7.247794 7.311152
7.219034 7.363590
7.270457 7.121036
7.425965 7.220028
7.466363 7.247012
7.428419 7.331295
7.310463 7.406473
7.424349 7.557262
7.386568 7.627413
7.474803 7.747395
7.638672 7.924749
8.015678 8.206413
8.358665 8.561311
8.513173 8.842745
8.553717 8.900870
8.628358 8.957330
8.724081 8.915112
8.722395 8.962980
8.895838 8.954008
8.944007 8.933927
8.935400 8.897903
8.702093 8.741912
8.601880 8.496213
8.460957 8.360167
8.441215 8.331263
8.535249 8.410174
8.617946 8.480786
8.710771 8.562628
8.825713 8.674841
8.948240 8.774429
9.054698 8.865066
9.183201 9.005615
9.222590 9.115205
9.253791 9.153466
9.139240 9.008599
9.235598 9.093058
9.275640 9.019608
9.116357 9.043733
9.199997 9.118767
9.178153 9.124651
9.158785 9.184395
9.226747 9.198365
9.225681 9.088722
9.257694 9.039557
9.295630 9.104786
9.183580 9.053749
9.338154 9.197144
9.478371 9.329266
9.584637 9.452055
9.570992 9.381695
9.533665 9.345310
9.554728 9.456969
9.568831 9.446447
9.576889 9.468527
9.612526 9.543445
9.648075 9.693722
9.524791 9.559225
9.016207 9.121378
8.716304 9.028242
8.732517 9.021550
8.793430 9.036481
8.855440 9.069966
8.936798 9.119783
9.014504 9.185786
9.145022 9.264282
9.297451 9.424856
9.494354 9.612246
9.563724 9.717224
9.645534 9.848398
9.731197 9.978575
9.829680 10.110093
9.853847 10.140903
9.834227 10.124776
9.877228 9.987819
9.911849 10.003869
9.856415 9.915815
9.898289 9.739847
9.925735 9.537838
9.775972 9.543581
9.584161 9.253463
9.615877 9.162248
9.677093 9.234769
9.701460 9.276641
9.741429 9.351905
9.855868 9.489634
9.823940 9.558170
9.939552 9.766000
10.037052 9.913415
10.145981 10.070487
10.211016 10.166415
10.162608 10.066159
10.021742 9.875632
9.918158 9.997068
9.682597 9.839069
9.432579 9.474069
9.275977 9.149185
9.094038 8.923434
9.088433 8.914306
9.155733 9.020053
9.226833 9.080971
9.335824 9.175507
9.402738 9.248177
9.459922 9.318759
9.550032 9.382433
9.621206 9.468966
9.709117 9.487373
9.766570 9.558677
9.679731 9.649172
9.614924 9.494307
9.293700 9.495705
9.215819 9.478526
8.953331 9.474820
9.000685 9.400679
9.114356 9.451052
9.313756 9.589785
9.485732 9.767745
9.885404 10.190491
10.263942 10.633113
