10
1610
1640
1660
1700
1730
1760
1790
1830
1860
1190
1610
1630
1670
1700
1730
1760
1810
1820
1860
1210
1600
1640
1660
1690
1720
1760
1800
1820
1870
1200
1610
1630
1660
1690
1720
1770
1780
1820
1850
1200
1610
1630
1650
1690
1730
1750
1780
1820
1850
1190
1600
1620
1650
1680
1710
1750
1780
1820
1840
1200
1590
1630
1660
1680
1720
1760
1780
1820
1840
1200
1580
1620
1650
1680
1710
1750
1780
1820
1840
1190
1590
1620
1650
1680
1710
1750
1770
1820
1840
1190
1610
1620
1640
1690
1710
1750
1760
1820
1840
1200
1580
1620
1650
1680
1710
1750
1790
1820
1840
1200
1590
1630
1650
1690
1710
1740
1780
1810
1840
1200
1590
1620
1660
1700
1710
1740
1770
1810
1840
1200
1590
1620
1650
1680
1710
1750
1770
1810
1840
1200
1600
1620
1660
1690
1730
1740
1790
1820
1850
1190
1590
1610
1650
1680
1710
1750
1770
1800
1840
1200
1580
1620
1640
1680
1710
1740
1790
1820
1840
1190
1590
1610
1650
1680
1710
1740
1780
1800
1840
1190
1590
1620
1650
1670
1720
1750
1770
1800
1850
1190
1600
1620
1650
1680
1710
1750
1780
1810
1840
1190
1590
1610
1650
1680
1710
1740
1770
1800
1840
1190
1600
1630
1650
1690
1720
1750
1780
1820
1850
1190
1590
1620
1640
1680
1710
1750
1770
1810
1840
1190
1610
1650
1680
1680
1720
1750
1780
1810
1850
1190
1580
1610
1660
1680
1700
1750
1790
1810
1830
1190
1590
1620
1640
1680
1710
1740
1770
1810
1840
1190
1590
1620
1650
1670
1700
1740
1780
1820
1840
1190
1600
1620
1660
1680
1730
1750
1770
1830
1840
1180
1590
1610
1650
1680
1710
1740
1770
1800
1840
1190
1580
1620
1650
1670
1710
1740
1770
1810
1840
1190
1590
1630
1650
1700
1710
1750
1780
1810
1850
1190
1590
1610
1650
1670
1720
1740
1770
1810
1830
1190
1590
1610
1650
1670
1710
1740
1780
1800
1840
1210
1590
1630
1660
1690
1710
1770
1780
1810
1850
1200
1600
1620
1660
1690
1720
1750
1790
1820
1850
1190
1590
1610
1650
1670
1710
1750
1780
1800
1840
1190
1600
1630
1650
1710
1720
1750
1800
1810
1860
1190
1600
1630
1650
1690
1720
1750
1780
1820
1850
1190
1600
1620
1670
1680
1730
1770
1780
1810
1840
1180
1580
1600
1640
1670
1700
1740
1770
1800
1830
1180
1570
1610
1650
1670
1700
1730
1770
1800
1820
1180
1570
1620
1630
1670
1700
1730
1760
1790
1830
1190
1580
1620
1640
1680
1710
1740
1770
1800
1840
1180
1590
1610
1630
1670
1700
1730
1770
1800
1820
1200
1590
1620
1640
1680
1700
1740
1770
1810
1840
1180
1590
1620
1650
1670
1710
1750
1770
1810
1830
1200
1570
1620
1630
1670
1710
1740
1760
1790
1830
1180
1580
1610
1640
1680
1710
1740
1770
1800
1840
1190
1580
1620
1640
1680
1700
1740
1780
1810
1830
1190
1580
1610
1640
1660
1700
1740
1760
1790
1840
1180
1590
1620
1650
1680
1700
1740
1780
1800
1840
1180
1580
1600
1640
1670
1700
1730
1760
1800
1820
1180
1570
1620
1630
1670
1690
1730
1760
1790
1820
1190
1570
1610
1640
1660
1700
1740
1760
1790
1830
1180
1580
1620
1650
1660
1700
1730
1760
1790
1830
1190
1580
1600
1650
1670
1690
1740
1760
1810
1830
1160
