0.288716
0.346469
0.562104
0.581577
0.613064
0.689669
0.693734
0.670072
0.869077
0.933850
1.032422
1.025393
1.159696
1.399118
1.407770
1.385176
1.272314
1.404609
1.365365
0.621553
0.239465
0.389813
0.763336
1.203707
1.547926
2.081183
2.427490
2.930523
3.254642
3.585925
4.008281
4.338271
4.606013
5.080405
5.366153
5.879801
6.189176
6.682467
7.026300
7.327734
7.790976
8.086185
8.610828
8.945543
9.400305
9.516510
9.664317
9.850158
9.932014
9.751343
9.648608
9.628306
9.573015
9.025398
8.524571
7.823090
7.112402
6.612073
6.115233
5.760782
4.996367
4.305002
3.839774
3.229110
2.794761
2.394177
1.821378
1.479027
1.038154
0.855268
0.830467
1.053111
1.372868
1.814445
2.265414
2.573488
2.878722
3.403888
4.034822
4.206768
3.987980
3.732883
4.129051
4.132841
3.999274
3.068688
2.749717
2.359070
2.023367
1.578786
1.147123
0.424285
0.304269
0.705751
1.138473
1.730714
2.266357
2.828951
3.488723
3.901270
4.569347
4.965919
5.300135
5.484256
5.849528
6.035878
6.320084
6.574003
6.958833
7.233636
7.669489
7.742753
8.078842
8.311703
8.461675
8.100828
7.818226
7.738500
7.391772
7.247821
6.839707
6.056233
5.590859
5.097720
4.649215
3.986315
3.615623
3.197143
2.513266
1.914648
1.565732
1.231705
1.094235
1.072664
1.060780
1.370040
1.555179
1.854720
2.387505
2.793648
3.081725
3.700259
4.054002
4.511209
5.101158
5.467001
5.759452
6.185619
6.392713
6.432210
6.012324
6.391830
6.262445
5.419619
4.862699
4.206397
3.599374
3.006153
2.632325
2.293247
1.782044
1.490001
1.122863
1.218110
1.421703
1.735858
2.048806
2.662699
3.213781
3.802512
4.134787
4.054703
3.947233
4.130184
4.047901
4.314050
4.655573
5.059058
5.495576
6.205314
6.350054
6.509368
6.975092
7.097694
6.608112
5.988308
5.278854
4.566186
4.385459
4.121081
3.989799
3.905213
3.815027
3.962745
4.155837
4.367670
4.813481
5.158920
5.659506
6.088863
6.538587
7.229957
7.992680
8.535292
8.648611
9.271733
9.186378
9.008044
8.448379
8.258871
7.917766
7.229782
6.787736
6.577962
6.469105
6.500348
6.239149
6.094511
5.944909
5.968431
5.994578
6.044818
6.052959
5.698260
4.938364
4.916680
5.354422
5.375339
5.802793
5.338501
4.679678
4.470725
4.376238
4.288667
4.183731
4.109168
4.040256
3.827253
3.985917
4.192758
4.387239
4.751239
4.977348
5.166742
5.343241
5.625128
5.981804
6.688600
7.253406
7.447405
7.720060
7.944750
7.596152
6.671996
5.800949
4.886848
4.466326
4.162781
3.321756
2.889715
2.389484
2.537216
2.669378
2.903434
3.156197
3.429993
3.891641
4.211250
4.619172
5.238425
5.522682
6.389894
6.867793
7.198629
6.293270
5.559170
5.138244
4.417230
3.949212
3.622390
2.955975
2.397281
2.270323
2.401246
2.678635
3.172352
3.631009
4.076756
4.723220
5.337053
6.013247
6.282811
6.873644
6.809519
7.383028
7.507124
7.527851
7.379683
6.905383
6.409672
5.196887
4.516956
3.988790
3.289676
3.454305
3.534958
2.994975
2.742947
2.419429
2.287431
2.211064
2.335622
2.536661
3.032849
3.317286
3.636715
4.077810
4.839315
5.807441
6.626061
7.352111
7.726196
6.936095
6.387130
5.793292
5.201966
4.568056
4.027528
3.431185
3.181856
3.180825
3.365651
3.569423
3.787091
4.157758
4.817145
5.679048
6.315633
7.029752
7.355836
7.509871
7.658281
6.230107
4.830627
3.525755
2.989727
2.823760
2.543382
2.752839
3.268843
3.842497
4.662665
5.200661
5.679911
6.162413
7.072549
7.186163
7.119585
7.224963
7.768642
8.590414
9.023769
9.886266
9.933758
10.307563
10.765170
11.434932
11.389651
11.416797
11.832283
12.294814
12.654670
13.203318
13.625500
14.165720
14.562113
15.068440
15.629979
16.008361
16.193219
16.270314
16.221283
16.604110
16.334912
16.186491
15.747215
15.428087
15.539393
15.481580
15.572797
14.935932
14.443591
13.981707
13.542008
12.930345
12.508680
12.131909
11.632397
11.234538
10.750071
10.262522
9.855753
9.777917
9.945952
9.947972
9.896352
9.912849
9.504075
9.106422
8.765598
8.127284
7.641406
7.115845
6.629479
6.099779
5.716869
5.531803
5.276752
5.012610
5.191329
5.901829
5.866650
6.172919
6.293080
6.394050
5.975207
4.722021
3.348873
2.159101
1.319412
1.233345
1.367884
1.839440
2.330493
2.622660
2.938979
3.467268
4.139233
4.622833
5.072789
5.543850
6.299904
6.552098
7.321610
7.814525
8.264496
8.834705
9.623745
10.185738
10.750706
11.240467
11.606357
12.014826
12.680213
13.480090
14.105632
14.330294
14.481334
14.495735
14.579389
14.555515
14.964566
14.839991
14.212036
14.091058
14.158497
13.775841
13.260553
12.608813
12.304276
11.744049
11.468806
10.825540
10.481229
10.137274
10.263250
10.194398
9.609891
9.367566
9.097841
8.753261
8.352734
7.847803
7.788536
7.596841
7.335853
6.865418
6.212026
5.882716
5.582218
5.380522
5.203914
5.188846
5.226521
5.324665
5.601598
6.019517
6.658091
6.836997
6.010852
4.723478
4.165166
4.135561
4.378921
4.652793
4.822040
5.277256
5.480712
5.976782
6.609407
6.958888
7.277883
7.796219
8.216541
8.114227
8.005919
8.566711
9.043897
9.416110
9.915534
10.419754
11.144233
11.556533
11.945630
12.631441
13.165300
13.653034
14.342303
14.742936
15.457154
16.039915
16.591356
16.925221
16.725884
16.240038
16.175435
15.677033
15.240126
14.558833
14.240455
13.578487
13.090861
12.839882
12.176192
11.674304
11.272349
10.864490
10.419515
10.121758
9.793665
9.201598
8.865370
8.524229
7.741964
7.291358
6.871517
6.331595
5.496889
5.143271
3.747157
2.177804
