10
1860
1850
1870
1920
1940
1980
2010
2050
2090
130
1800
1850
1880
1920
1930
1970
2030
2050
2080
130
1800
1840
1870
1910
1930
1980
2020
2040
2080
130
1760
1790
1810
1850
1890
1920
1960
1980
2020
130
1800
1860
1860
1920
1940
1980
2010
2050
2080
120
1810
1850
1870
1910
1950
1980
2010
2050
2090
130
1820
1840
1860
1910
1950
2000
2000
2050
2090
120
1810
1840
1880
1900
1940
1990
2010
2050
2080
130
1800
1840
1880
1910
1950
1980
2020
2060
2090
130
1810
1840
1860
1900
1950
1970
2030
2050
2090
130
1810
1850
1880
1920
1950
1980
2020
2060
2080
130
1820
1840
1870
1910
1940
1980
2020
2050
2080
130
1820
1840
1890
1930
1940
1990
2030
2040
2100
120
1810
1850
1870
1920
1940
1980
2020
2040
2090
130
1810
1840
1880
1910
1940
2000
2020
2050
2110
120
1820
1830
1890
1910
1950
1980
2010
2050
2080
120
1810
1840
1870
1910
1950
1970
2020
2050
2090
130
1810
1840
1870
1910
1940
1980
2010
2050
2090
130
1800
1850
1870
1920
1940
1990
2010
2050
2090
130
1810
1850
1880
1900
1950
1970
2020
2050
2080
130
1840
1840
1870
1900
1950
1970
2010
2040
2080
130
1820
1830
1880
1900
1950
1990
2000
2050
2100
130
1820
1830
1880
1910
1940
1970
2000
2050
2070
130
1810
1850
1860
1890
1930
1980
2010
2040
2080
120
1800
1830
1880
1910
1940
1970
2000
2060
2090
130
1810
1850
1880
1900
1950
1970
2010
2050
2070
130
1810
1840
1880
1900
1930
1980
2020
2050
2080
130
1800
1840
1880
1900
1940
1990
2010
2050
2080
130
1810
1840
1870
1910
1940
1970
2010
2040
2080
130
1750
1790
1800
1840
1880
1920
1950
1980
2010
130
1820
1830
1880
1910
1930
1980
2010
2040
2090
120
1820
1840
1870
1890
1950
1980
2010
2070
2080
130
1820
1830
1880
1910
1940
1970
2010
2050
2080
130
1810
1840
1870
1910
1940
1970
2010
2050
2090
130
1800
1850
1870
1900
1950
1980
2020
2050
2090
130
1800
1840
1880
1910
1950
1970
2010
2050
2090
120
1740
1780
1810
1840
1880
1910
1940
1990
2000
130
1810
1840
1880
1890
1940
1970
2010
2040
2090
130
1810
1850
1860
1920
1940
1970
2030
2050
2090
130
1800
1840
1860
1930
1930
1970
2020
2050
2070
130
1810
1850
1870
1910
1950
1980
2010
2040
2100
120
1800
1840
1860
1900
1950
1970
2010
2040
2070
130
1810
1850
1860
1900
1930
1970
2010
2050
2080
130
1810
1830
1870
1900
1940
1980
2010
2050
2080
130
1810
1830
1880
1910
1930
1980
2020
2040
2070
130
1810
1830
1880
1910
1930
1980
2000
2050
2080
130
1810
1840
1880
1900
1940
1980
2010
2040
2090
130
1800
1830
1870
1910
1930
1980
2000
2050
2080
130
1800
1840
1870
1910
1940
1980
2020
2060
2090
120
1810
1840
1880
1900
1940
1970
2020
2040
2090
130
1800
1830
1870
1900
1940
1980
2000
2040
2080
130
1810
1860
1870
1910
1940
1970
2010
2040
2090
130
1800
1840
1860
1910
1950
1970
2010
2040
2080
130
1820
1820
1890
1890
1940
1970
2010
2060
2060
130
1820
1830
1870
1910
1960
1960
2030
2040
2080
130
1810
1840
1870
1910
1940
1970
2010
2060
2060
100
