1.936688 1.879443
1.950655 1.876997
1.972903 1.884178
1.972573 1.911781
1.991484 1.951278
2.016149 2.032072
2.046146 2.128106
2.062338 2.230790
2.094284 2.371307
2.129628 2.536537
2.152453 2.728050
2.162868 2.930362
2.188236 3.156054
2.294440 3.327424
2.314898 3.342141
2.355753 3.244559
2.524844 3.204270
2.690317 3.335817
2.786237 3.479430
2.767947 3.378434
2.738606 3.278600
2.682914 3.262874
2.682495 3.231850
2.721241 3.269253
2.882501 3.385498
3.031550 3.448769
3.215208 3.587246
3.472914 3.768227
3.714657 3.910321
3.952480 4.046475
4.215828 4.219464
4.393713 4.335455
4.509843 4.457117
4.771468 4.705178
5.057168 4.995287
5.297435 5.248860
5.608233 5.556268
5.879897 5.867987
6.137092 6.209983
6.386703 6.486828
6.647795 6.751307
6.886582 7.016505
7.135597 7.248090
7.367867 7.530438
7.506088 7.699456
7.559114 7.762273
7.633498 7.862095
7.722953 7.967506
7.734334 8.024973
7.673467 7.995259
7.599732 7.772369
7.529696 7.719244
7.436009 7.606114
7.190602 7.430329
7.043103 7.288276
6.986837 7.209253
6.957946 7.170736
6.961916 7.109119
6.883219 6.968498
6.889588 6.924042
6.835155 6.791919
6.822275 6.737650
6.897164 6.628234
6.988028 6.627184
7.067834 6.631907
7.165633 6.711767
7.226887 6.789758
7.153849 6.801798
7.246867 6.879277
7.319627 6.968242
7.509087 7.085205
7.617420 7.180646
7.768556 7.283223
7.891545 7.429367
8.042169 7.632793
8.223327 7.672234
8.435694 7.748136
8.559234 7.885677
8.586685 7.858984
8.454293 7.724315
8.330159 7.577996
8.450777 7.894701
8.853942 8.101705
9.226571 8.289021
9.189180 8.233659
9.047330 7.997804
8.657090 7.937434
8.588171 7.893474
8.472409 7.700783
8.426915 7.622385
8.401290 7.626530
8.396157 7.641686
8.371970 7.664242
8.351871 7.629053
8.332366 7.653572
8.369275 7.566945
8.440349 7.662466
8.535168 7.829551
8.616381 7.934326
8.565586 8.012593
8.692339 8.016101
8.767292 7.988052
8.900883 8.074887
8.989008 8.162879
8.968374 8.212049
9.024859 8.216931
9.211578 8.294236
9.343991 8.450704
9.432927 8.581984
9.659409 8.733230
9.750846 8.778457
9.619269 8.581800
9.529131 8.468137
9.431142 8.209584
9.290924 7.946828
8.968992 7.489198
8.621192 7.231807
8.336798 6.748771
8.268437 6.361044
7.966197 5.986466
7.465101 5.743354
7.108128 5.342101
6.909155 5.197079
6.809785 5.163851
6.357906 4.950549
6.285591 4.914474
5.960252 4.874907
5.662547 4.737870
5.601127 4.500735
5.552860 4.490800
5.572247 4.453227
5.606853 4.530801
5.659654 4.714077
5.769611 4.910460
5.832623 5.108437
5.958713 5.325221
6.063863 5.486529
6.168115 5.633484
6.212636 5.750541
6.288241 5.923894
6.355770 6.090195
6.484579 6.203495
6.628281 6.319799
6.659580 6.374196
6.691263 6.094318
6.725176 6.099634
6.344716 5.550036
6.085212 5.163696
5.831709 4.912280
5.859648 5.401153
5.987650 5.723660
6.369071 6.069065
6.672486 6.301950
6.369786 6.001172
6.245345 5.634054
6.178476 5.364098
5.986067 5.020384
5.866465 4.917490
5.763904 4.839871
5.753526 4.758531
5.689400 4.713008
5.728709 4.785560
5.875585 4.997213
5.953171 5.096791
5.991091 5.145958
5.983916 5.222195
5.943993 5.307294
5.876173 5.236975
5.768520 5.114177
5.682549 5.196053
5.799546 5.174109
5.835344 5.169814
5.737450 5.078914
5.588696 4.894956
5.442346 4.763784
5.408070 4.608085
5.384978 4.406717
5.269004 4.254351
5.363908 4.348208
5.389789 4.206104
5.197079 3.839520
5.021379 3.762820
4.849356 3.741867
4.711572 3.880942
4.303419 3.459105
3.555388 2.827846
3.314459 2.632027
3.060581 2.282917
2.976195 2.385538
2.826063 2.477988
2.761336 2.475531
2.681353 2.624793
2.737972 2.832314
2.861027 3.031553
3.114935 3.299569
3.287597 3.536437
3.575165 3.775337
3.874810 3.998914
4.106331 4.222308
4.378763 4.382103
4.620693 4.435169
4.925283 4.574190
5.085690 4.622227
5.330539 4.859397
5.628539 5.227478
5.890117 5.399091
5.969673 5.538514
5.990132 5.546469
6.066271 5.600704
6.084137 5.722715
6.138258 5.794454
6.155211 5.882166
6.184932 5.923829
6.222918 5.960194
6.334597 6.039714
6.412751 6.156644
6.546908 6.333850
6.718528 6.521039
6.960267 6.755218
7.167529 6.869629
7.392269 7.006376
7.444475 6.969266
7.471924 6.965771
7.584328 7.092004
7.658596 7.230950
7.683340 7.151115
7.509926 6.992910
7.061003 6.480774
6.613825 5.847720
6.101918 5.293592
5.256850 4.365770
4.171202 3.665611
3.610961 2.962093
3.666598 3.031384
3.086562 2.739268
2.725326 2.528273
2.460553 2.583343
2.457106 2.750945
2.680734 3.054543
2.906932 3.355094
3.150274 3.685503
3.403839 3.958063
3.727889 4.245564
3.876125 4.214347
3.933912 4.175068
4.188395 4.341883
4.385287 4.481514
4.550179 4.503993
4.678482 4.718557
4.825285 5.121519
4.827773 5.424451
4.717359 5.513720
4.368007 5.213065
3.679595 4.721984
2.984555 3.839166
2.406013 2.712038
2.116074 2.018011
1.977038 1.967346
2.105582 2.263159
2.265118 2.472121
2.430340 2.733819
2.485094 2.797796
2.570249 2.889053
2.657969 2.995668
2.799285 3.135369
3.003400 3.322856
3.181844 3.483981
3.251926 3.685738
3.302607 3.854782
3.187115 3.885368
2.721616 3.593501
2.529068 3.193553
2.042155 2.824992
1.969418 2.500812
1.631599 2.259733
1.421192 1.821076
1.331638 1.755954
1.246722 1.717152
1.196474 1.663165
1.193828 1.513878
1.322586 1.590608
1.424461 1.646675
1.689037 1.906479
2.041373 2.115969
2.552483 2.486196
2.897770 2.677084
3.205883 2.911867
3.502183 3.134226
3.797182 3.332065
3.947693 3.461545
4.060262 3.526628
4.079367 3.501549
4.173593 3.501498
4.341159 3.679439
4.545038 3.742271
4.456996 3.745809
4.025066 3.457616
3.514897 3.161466
2.957184 2.693245
2.263826 2.210048
1.760592 1.580588
1.667405 1.509013
1.614139 1.585186
1.807414 1.828241
1.796776 1.845411
1.801571 1.831019
1.917526 1.922204
2.045706 2.028547
2.202922 2.183240
2.421208 2.370487
2.690797 2.564246
2.969111 2.817010
3.222587 3.064204
3.451277 3.246719
3.686375 3.452053
3.646268 3.576199
3.354376 3.444028
2.987576 3.249934
2.636031 2.847695
1.982002 2.139066
1.793137 1.671681
1.708040 1.242521
1.423909 1.327805
1.288754 1.253292
1.137435 1.308294
1.207813 1.401282
1.398930 1.580436
1.630948 1.832921
1.913427 2.136390
2.182224 2.382789
2.396065 2.566878
2.491095 2.765955
2.650845 2.928114
2.767571 3.105175
2.895131 3.168625
3.196505 3.319821
3.473784 3.518922
3.634430 3.611028
3.817579 3.600027
3.917256 3.512906
3.438119 2.691448
2.589398 2.263358
1.485882 1.696615
0.920671 1.179963
0.942335 1.218725
1.086826 1.363946
1.354955 1.642547
1.672123 2.074959
2.033118 2.462871
2.402471 2.693205
2.721244 2.770641
2.971130 2.694345
3.202713 2.899088
3.404701 3.204953
3.708548 3.645809
3.949972 4.159736
3.748106 4.394009
3.278275 4.452533
2.852321 4.141790
2.274000 3.760412
1.977389 3.547089
1.838282 3.169096
1.888438 3.196359
1.835880 3.110917
1.740700 3.038583
1.621755 2.923154
1.740012 2.736564
1.781599 2.652607
1.648429 2.592447
1.745001 2.675292
1.874808 2.565786
1.947203 2.447734
2.060484 2.545445
2.228920 2.691901
2.441009 2.901174
2.672214 3.055030
3.041444 3.436022
3.499450 3.864564
3.814907 4.429249
4.075418 4.920143
4.212877 5.218268
4.073180 5.245388
3.814561 5.040344
3.520605 4.900988
3.196293 4.488882
3.023832 4.175922
3.044721 4.058255
3.060161 4.113081
3.085421 4.153416
3.060052 4.076399
2.972613 4.003566
3.053153 4.027011
3.132174 4.015034
3.258936 3.884774
3.309511 3.850268
3.465657 3.868511
3.606266 3.856822
3.606726 3.638693
3.563316 3.453371
3.505505 3.251263
3.156773 3.072387
2.945821 3.045161
2.585961 2.852747
2.230001 2.690725
2.092824 2.620577
2.051251 2.525710
1.820092 2.432638
1.659022 2.263836
1.539435 2.192057
1.609846 2.252682
1.728222 2.426402
1.872034 2.542079
1.941056 2.613110
2.035994 2.642382
2.106297 2.731554
2.252996 2.959569
2.306707 3.193679
2.475600 3.575716
2.684500 4.005650
2.930981 4.311718
3.286555 4.575078
3.640702 4.876742
3.756962 5.070197
3.667798 5.031001
2.879960 4.170966
1.897723 2.843106
1.225121 1.936208
1.072789 1.473723
0.853942 1.097459
0.944444 1.181601
1.193083 1.349988
1.484734 1.543085
1.921802 1.847835
2.323752 2.127975
2.691927 2.249130
2.916227 2.370144
3.399101 2.640593
3.308436 2.560603
3.103719 2.528382
2.735839 2.384656
2.250004 2.316049
1.772217 2.093983
1.350151 1.869040
1.163589 1.633038
0.996422 1.497805
0.969706 1.263831
0.950141 1.260296
0.997266 1.206031
1.054731 1.304326
1.168038 1.252658
1.306576 1.344443
1.465875 1.530257
1.624960 1.753155
1.761490 2.026605
1.979249 2.352973
2.179602 2.707212
2.292614 3.091056
2.374241 3.377603
2.571480 3.576042
2.719572 3.762688
2.857672 3.949176
3.102688 4.073807
3.217478 4.165983
3.348268 4.263194
3.391891 4.398008
3.528894 4.473240
3.784262 4.580334
4.059835 4.789840
4.250497 4.858437
4.366865 4.869490
4.465876 4.881960
4.581359 4.892251
4.736015 4.968937
4.798767 4.898399
4.789324 4.835672
4.631009 4.464406
4.360134 4.059845
4.115866 3.553726
3.629675 2.970398
3.104010 2.379460
2.554533 2.039103
2.020039 1.513106
1.354932 1.207027
1.050589 1.112066
1.042626 1.139170
1.059515 1.229362
1.099875 1.296884
1.214464 1.417274
1.311216 1.506499
1.436911 1.581817
1.544106 1.578377
1.616665 1.526485
1.608842 1.325518
1.537251 1.476119
1.606256 1.533935
1.500689 1.393768
1.574126 1.333468
2.046073 1.579312
2.337500 1.701126
1.941035 1.407253
1.346374 1.082916
1.089768 1.110847
1.108999 1.282684
1.233742 1.452463
1.369871 1.595159
1.459446 1.772914
1.431264 1.912107
1.347456 1.927356
1.279180 1.881933
1.177752 1.878435
1.109375 1.886370
1.179994 1.965346
1.269136 2.181981
1.390665 2.365291
1.250032 2.138118
1.174197 1.907062
1.115452 1.686503
1.132656 1.368494
1.239799 1.223207
1.357192 1.251949
1.523734 1.330064
1.672506 1.397305
1.885500 1.415636
2.053916 1.565859
2.250247 1.681521
2.451912 1.983548
2.638715 2.345228
2.897296 2.755946
3.065863 3.050916
3.282427 3.306838
3.518934 3.575419
3.803308 3.930995
4.018478 4.350896
4.044648 4.438189
3.920918 4.515495
4.020591 4.972783
3.855485 5.163326
3.665465 5.212651
3.466899 5.126259
3.357534 5.086207
3.304068 4.941320
3.182937 4.617415
2.981166 4.244610
2.714910 3.732053
2.410890 3.229548
2.201155 2.846038
1.957717 2.227874
1.456538 1.849077
1.275626 1.563441
1.126390 1.265731
1.031587 1.004344
1.129541 1.122280
1.247426 1.232523
1.396087 1.319380
1.546097 1.421347
1.742058 1.584496
1.910377 1.819535
2.190879 2.266828
2.499019 2.790504
3.243619 3.695781
4.052794 4.448220
