1.934192 1.883194
1.878469 1.792001
1.832856 1.763054
1.748703 1.757096
1.698767 1.747099
1.680958 1.736992
1.719995 1.878881
1.737378 1.969518
1.746009 2.121125
1.724701 2.279707
1.759124 2.487481
1.671521 2.588735
1.629254 2.700620
1.657492 2.739598
1.566586 2.596243
1.671725 2.572952
1.837265 2.576711
1.912876 2.630945
2.024988 2.749163
2.000871 2.669543
1.889237 2.599181
1.828254 2.515738
1.755201 2.422420
1.813153 2.447359
2.022970 2.620980
2.121493 2.722570
2.346904 2.928731
2.639999 3.197880
2.959905 3.418359
3.275848 3.685328
3.567168 3.917266
3.743012 4.016510
3.810257 4.124442
4.068348 4.375268
4.333947 4.572136
4.549009 4.784775
4.793145 5.031373
5.050174 5.309695
5.317987 5.571647
5.562587 5.792984
5.836380 6.054297
5.940243 6.210077
6.143428 6.463699
6.387122 6.742012
6.558180 6.851241
6.470038 6.583506
6.379729 6.490529
6.350676 6.344500
6.173740 6.207472
6.007231 6.020618
5.744886 5.817067
5.205433 5.463142
4.618691 5.147458
4.271227 4.619328
3.961773 4.318075
3.934913 4.150016
3.872291 4.157509
3.622170 4.135140
3.407569 4.020357
3.310601 3.976077
3.374046 4.023423
3.291847 3.958068
3.138238 3.821950
3.314660 4.039164
3.377908 4.035625
3.614744 4.284063
3.791000 4.500650
3.894503 4.630168
4.106543 4.803148
4.142677 4.888686
4.281815 5.026471
4.287002 5.093512
4.406508 5.269061
4.537976 5.291846
4.724073 5.446601
4.716426 5.498434
4.788956 5.437611
4.489174 5.176681
4.049222 4.839057
3.248945 4.262664
3.223099 4.219201
3.520545 4.749617
3.538862 4.958209
3.426658 4.798657
3.486348 5.034977
3.342394 4.446949
2.936915 3.994602
3.009845 4.028063
3.148606 4.038086
3.215416 4.093276
3.260051 4.027302
3.193000 3.841007
3.162789 3.666603
3.142638 3.530866
2.976443 3.406637
3.018610 3.418339
2.987266 3.224487
3.121373 3.371190
3.162650 3.353175
3.322206 3.476701
3.439839 3.533458
3.456395 3.474475
3.476157 3.553254
3.465552 3.559209
3.162420 3.315170
3.092613 3.321127
3.010198 3.320084
2.969679 3.344172
2.626907 3.250545
2.668208 3.281480
2.306859 3.321269
2.051066 3.069437
1.951811 2.962490
2.015775 2.864080
2.103007 2.806106
2.020252 2.700091
1.440244 2.297386
1.328496 2.141296
1.279263 2.077171
1.332681 2.037308
1.319128 2.044684
1.361964 1.938149
1.383543 1.857577
1.456063 1.823611
1.481394 1.818335
1.563998 1.924583
1.613167 2.049937
1.676633 2.114550
1.664424 2.275912
1.723430 2.413133
1.868250 2.553178
1.934731 2.757597
2.180529 2.995844
2.516052 3.258056
2.766803 3.433340
2.978963 3.531503
3.086778 3.611048
3.091033 3.570413
3.184957 3.622257
3.364295 3.751436
3.417757 3.902691
3.477415 4.007580
3.346465 3.938706
3.508693 4.135347
3.419461 4.199750
3.387472 4.100228
3.444801 3.929119
3.178497 3.699718
3.090311 3.441552
3.427476 3.885924
3.462918 4.115847
3.280292 3.845230
3.058913 3.711964
3.302059 3.733309
3.344557 3.689298
3.415270 3.772373
3.668165 3.844539
3.735290 3.839219
3.660282 3.875465
3.630428 3.764508
3.452298 3.544389
3.281941 3.350429
3.257951 3.416291
3.247398 3.362481
3.246990 3.214069
3.236761 3.174445
3.220120 3.181611
3.314781 3.293618
3.315223 3.045077
3.234928 2.914623
3.236881 2.772104
3.007850 2.513023
2.765224 2.333896
2.162195 1.925671
1.816473 1.680666
1.819693 1.704837
1.523549 1.765517
1.628755 1.914362
1.819706 2.135497
1.908006 2.207155
1.771253 2.153267
1.621615 2.152819
1.489746 2.129430
1.518241 2.304331
1.370128 2.018951
1.223417 1.839101
1.239170 1.759688
1.328030 1.713717
1.431800 1.795780
1.556809 1.924552
1.559124 2.058765
1.684834 2.297249
1.808022 2.511319
1.963548 2.788479
2.240146 3.118251
2.433511 3.401294
2.716210 3.675485
3.042227 3.941220
3.232418 4.151744
3.514532 4.286489
3.698999 4.233186
3.937944 4.377484
4.231320 4.517625
4.443944 4.389337
4.101869 3.651945
3.488853 2.807996
2.741655 2.156114
2.069144 1.690911
1.824599 1.489133
1.482247 1.392327
1.626970 1.558657
1.708058 1.653333
1.776603 1.841256
1.852420 2.045450
1.918629 2.233028
1.976626 2.422296
2.065115 2.630618
2.245428 2.835703
2.326901 3.061159
2.444051 3.270299
2.600124 3.517920
2.557271 3.477398
2.508547 3.396864
2.514830 3.329080
3.005693 3.443517
3.161958 3.159067
2.957097 2.768400
2.532413 2.362253
1.911346 2.113571
1.791383 1.877718
1.455232 1.652158
1.352314 1.513921
1.394172 1.544918
1.633722 1.790850
1.602951 1.853909
1.564904 1.982630
1.630592 2.111069
1.746744 2.280451
2.000308 2.593623
2.306271 2.911946
2.565145 3.186985
2.777302 3.316863
3.091099 3.393278
3.093236 3.233027
3.061134 2.980459
3.196484 2.884868
3.276863 2.882428
3.267490 2.893400
3.362460 3.055817
3.524885 3.497076
3.614647 3.992163
2.511357 3.220490
1.513298 2.110487
0.979571 1.365166
0.829159 1.008491
0.882301 0.822733
0.919716 0.751177
1.104913 0.876518
1.550637 1.276072
1.839222 1.509584
2.079959 1.689187
2.037777 1.774155
2.040212 1.854789
2.027188 1.897271
2.109758 1.998375
2.075331 2.180127
2.177954 2.298942
2.100044 2.356352
1.969572 2.298166
1.872690 2.066577
1.611118 1.785800
1.059334 1.660966
0.871494 1.564624
0.861986 1.536592
1.111069 1.575121
1.091579 1.553517
1.070734 1.553256
1.104523 1.559792
1.200029 1.608735
1.226023 1.711497
1.318502 1.925487
1.490387 2.020385
1.792625 2.343332
2.149567 2.727715
2.549518 3.035856
2.752869 3.151526
2.957692 3.252058
3.059952 3.283430
3.048608 3.320618
3.016543 3.199096
3.043771 3.210775
2.803430 3.051148
2.578276 2.948971
2.810535 3.183065
2.806582 3.303393
2.710933 3.375325
2.317720 3.047581
2.111509 2.634211
1.939877 2.621155
1.893821 2.292017
1.824209 2.307956
1.455087 1.758447
1.360661 1.498933
1.520958 1.579933
1.557071 1.676373
1.582699 1.773088
1.594619 1.923269
1.655782 2.014821
1.713285 2.104448
1.809381 2.271812
1.938897 2.392876
2.035088 2.432284
2.110892 2.393904
2.287702 2.497002
2.262508 2.474452
2.354047 2.385244
2.015146 2.370874
1.788458 2.329323
1.142303 1.992436
0.973784 1.667322
0.736577 1.513174
0.785005 1.626193
0.992431 1.621488
0.897113 1.465196
0.907939 1.340580
0.994152 1.455708
1.254836 1.629276
1.520326 1.908154
1.831084 2.244509
2.056945 2.516550
2.220411 2.685684
2.334290 2.686385
2.403785 2.715922
2.342805 2.729357
2.321391 2.672377
2.314771 2.662560
2.419695 2.825011
2.304382 2.670586
2.291942 2.564774
2.328743 2.770245
2.278390 2.739745
1.448354 1.945422
1.190104 1.342303
1.059442 1.023646
1.150672 0.992874
1.375388 1.186445
1.673399 1.541100
2.030572 1.917738
2.306684 2.251363
2.539278 2.486112
2.554068 2.715030
2.517333 2.846243
2.785236 3.134179
3.217816 3.365923
3.925952 3.535021
4.741970 3.679667
5.193082 3.345699
4.483149 2.634367
3.260204 1.833303
2.194094 1.481454
1.953024 1.414757
1.330905 1.573609
1.315117 1.741222
1.383753 1.742685
1.274779 1.911975
1.263155 2.040500
1.377544 2.284413
1.276584 2.170309
1.255340 2.135089
1.251990 2.150033
1.471834 2.472650
1.740420 2.580282
2.024336 2.713847
2.258158 2.964039
2.525050 3.183473
2.797074 3.407462
3.184144 3.824137
3.657037 4.295293
4.004373 4.600336
4.231913 4.771774
4.321108 4.931450
4.305019 4.964894
4.340446 4.749131
4.358261 4.611348
4.402143 4.510766
4.393900 4.452163
4.301454 4.427838
4.403865 4.441985
4.524473 4.424819
4.707132 4.397383
4.835066 4.406884
5.005676 4.380371
5.196211 4.408292
5.288826 4.495198
5.379577 4.645109
5.345023 4.786301
5.275164 4.828443
5.201952 4.882138
5.121438 4.815309
4.834141 4.658247
4.427097 4.353138
4.211161 4.234836
3.563757 3.872816
3.012397 3.485590
2.750221 3.253530
2.240379 2.855598
1.838340 2.732800
1.754061 2.616055
1.638506 2.543809
1.749906 2.621997
1.894133 2.759631
1.899531 2.808453
2.036078 2.889372
1.969675 2.892569
2.032457 2.975903
2.179293 3.133778
2.256377 3.239001
2.360495 3.544465
2.665080 3.913260
3.001445 4.232731
3.527731 4.598826
3.783785 4.821026
3.781280 4.899156
3.755715 4.971114
3.733808 5.209193
3.483398 5.273794
3.151114 5.252219
2.984590 5.185363
2.779721 5.134462
2.758740 4.978036
2.971498 4.937662
3.100745 4.874430
3.345296 4.861161
3.453716 4.752858
3.290681 4.467962
3.450822 4.531791
4.001394 5.015148
3.994507 4.704519
3.681302 4.180562
3.209603 3.390543
2.428041 2.756673
1.654601 1.940738
1.429808 1.754857
1.013012 1.428948
0.844057 1.432359
0.883528 1.585468
0.987553 1.874638
1.086388 2.126807
1.269462 2.460885
1.517640 2.901042
1.581930 3.196601
1.703804 3.498852
1.949905 3.862131
2.289624 4.238079
2.812430 4.596218
3.251660 5.028374
3.633591 5.330745
3.866781 5.543074
3.921810 5.631782
3.974126 5.659146
4.185622 5.745061
4.232240 5.849316
4.145486 5.842238
4.073539 5.761951
3.964038 5.712360
3.817933 5.616894
3.706739 5.496195
3.665926 5.413819
3.737643 5.453856
3.920297 5.505562
4.060029 5.534264
4.209287 5.521072
4.302764 5.573862
4.249604 5.472628
4.041684 5.169916
3.690357 4.542485
3.239118 3.652744
2.821814 3.321748
2.442276 2.765578
1.943806 2.438922
1.674437 2.182733
1.433786 1.835863
1.176625 1.512800
1.107317 1.448784
1.117755 1.456002
1.143321 1.598772
1.257354 1.835673
1.380728 2.207803
1.463984 2.541221
1.670563 2.876128
1.895859 3.220620
2.151066 3.493946
2.212372 3.545182
2.228674 3.515379
2.251825 3.509315
2.178064 3.391756
2.376674 3.530546
2.843762 4.071476
3.288846 4.296164
3.096683 3.724932
2.673429 2.730001
2.533811 2.477836
2.517962 2.627291
2.591421 2.752507
2.651428 2.837968
2.628846 2.825759
2.488514 2.759665
2.364340 2.632748
2.223112 2.555586
1.885542 2.381688
1.709993 2.097944
1.466372 1.866751
1.216866 1.598361
1.047947 1.366935
0.936485 1.271109
0.825336 1.136146
0.808399 1.063876
0.862604 0.969782
0.931019 0.954710
1.045512 0.955080
1.110136 0.998595
1.161597 0.938342
1.244874 0.935577
1.426697 0.984664
1.582857 0.950794
1.769134 0.994804
1.958231 1.004726
2.204831 1.141521
2.406930 1.283076
2.659605 1.552233
2.872540 1.849397
2.972436 2.103162
2.961432 2.365334
2.807574 2.421265
2.650141 2.240318
2.716486 2.390076
2.645483 2.343406
2.511516 2.269452
2.468631 2.108608
2.474869 2.144843
2.608773 2.330488
2.686932 2.384172
2.509704 2.281172
2.297857 1.991461
1.967084 1.739714
1.736893 1.527293
1.424334 1.342785
1.213623 1.222312
1.061890 1.224656
0.953481 1.155132
0.854838 1.105301
0.834591 1.056541
0.810361 1.018345
0.822183 0.986941
0.872165 0.944152
0.974736 0.988222
1.095036 1.048908
1.275518 1.115582
1.576985 1.256897
2.288154 1.649660
3.069004 2.145596
