0.159237
0.187519
0.312346
0.450117
0.558455
0.702227
0.682627
0.675864
0.933504
1.060388
1.251712
1.285016
1.332697
1.565544
1.613066
1.607168
1.428294
1.321971
1.300887
0.891467
0.475971
0.393966
0.748659
1.165504
1.591000
2.201177
2.655279
3.202973
3.570861
4.111732
4.689771
5.261904
5.696122
6.301043
6.646953
7.213480
7.618817
8.272206
8.638532
9.025834
9.540954
9.917101
10.490764
10.843284
11.203156
11.288958
11.272585
11.399601
11.473593
11.215848
11.022436
10.845649
10.715180
9.989952
9.628856
8.991112
8.374809
7.948335
7.571624
7.178007
6.601692
6.203190
5.811417
5.176307
4.744488
4.317233
3.648256
3.223567
2.648998
2.277006
1.927715
1.515486
1.288046
1.306161
1.440641
1.627191
1.877224
2.431723
2.506307
2.260205
1.941963
1.711687
2.057956
2.158801
2.128466
1.929053
1.632958
1.457641
1.259282
1.364247
1.504154
2.006095
2.335477
2.653301
3.010122
3.561612
4.052010
4.464810
5.072611
5.259739
5.888305
6.282873
6.680093
7.017627
7.531276
7.849118
8.151806
8.578777
8.961849
9.340953
9.940489
9.978465
10.120316
10.160697
10.319029
10.051229
9.920331
9.912684
9.761208
9.757435
9.733445
9.080409
8.669901
8.330087
7.934736
7.361626
7.166445
6.904686
6.036337
5.722275
5.336504
4.751333
4.325691
3.892703
3.437441
2.787661
2.528916
2.118720
1.531630
1.203775
0.972058
0.900706
1.090974
1.417265
1.933152
2.299701
2.533294
2.714435
2.649851
2.604120
2.214106
2.308120
2.330161
1.543504
0.934952
0.338535
0.446010
0.805438
1.213401
1.554749
2.159836
2.585391
2.996486
3.627833
4.079938
4.514294
4.945029
5.517829
5.938949
6.556254
6.986058
6.935457
6.975908
7.352084
7.736008
8.316122
8.764348
9.355754
9.743408
10.159146
10.175451
10.370716
10.705847
10.843235
10.694808
10.583261
10.409885
10.347655
10.325636
10.386649
10.412266
10.503190
10.572765
10.830754
11.035716
11.264222
11.613448
11.890512
12.308513
12.660574
12.909429
13.553152
14.311068
14.771512
14.412076
14.906175
14.288684
13.599223
13.108046
12.838551
12.351098
11.743245
11.522705
11.426009
11.329425
11.249126
11.259656
11.183075
11.142826
11.107989
11.159193
11.031731
11.144903
10.938409
10.303471
10.303206
10.720181
10.956791
11.306395
10.749143
10.487775
10.414330
10.457091
10.269160
9.929330
10.093522
10.138534
10.178167
10.274252
10.358205
10.595681
10.750443
10.893392
10.959215
10.964926
11.082553
11.193455
11.802223
12.430748
12.816278
13.367995
13.784185
13.749781
13.393450
12.857918
12.163402
11.820600
11.363317
10.526479
10.023498
9.416010
9.395045
9.510915
9.555312
9.727402
9.704350
9.887658
10.042234
10.210897
10.478581
10.680444
11.187664
11.686982
12.192241
11.552754
11.222179
11.072734
10.918371
10.865902
10.669746
10.377469
10.137902
9.899451
9.760043
9.614104
9.545764
9.548503
9.652387
9.893620
10.499827
11.142121
11.397873
11.988096
12.045597
12.809970
13.334366
13.772299
14.053043
13.839688
13.907047
13.297592
12.954172
12.477661
11.779367
11.777878
11.782363
11.321574
11.219355
11.150026
11.091412
11.088871
11.112295
11.151179
11.239277
11.310786
11.403977
11.341968
11.564372
11.921764
12.204706
12.658482
12.889170
12.089102
11.566333
11.334965
10.961447
10.743249
10.272717
9.905989
9.684713
9.576906
9.469672
9.328184
9.354678
9.449294
9.771611
10.454509
11.022760
11.766086
12.245655
12.938819
13.976538
13.233473
12.893322
12.305723
11.748760
11.163174
10.353741
9.863147
9.529541
9.474227
9.681419
9.930045
10.182473
10.430488
10.715496
10.712927
10.695817
10.620160
10.792475
11.159183
11.463479
12.031807
12.042789
12.307009
12.669901
13.166062
13.181340
13.176245
13.591579
14.095703
14.476957
14.967133
15.301566
16.016199
16.472651
16.947745
17.571608
18.046799
18.253759
18.151589
18.118125
18.232693
17.955710
17.720787
17.033409
16.400737
16.394524
16.435779
16.417676
15.821077
15.407349
15.005722
14.675538
14.152492
13.769223
13.409260
13.023265
12.648843
12.267845
11.758834
11.405105
11.324820
11.384581
11.532282
11.380923
11.162308
10.699183
10.289099
10.014347
9.552760
9.212465
8.919735
8.567456
8.648144
8.695483
8.660587
8.737989
9.097921
9.594722
10.201085
10.108836
10.573352
10.811618
11.500313
11.673547
10.675997
10.032613
9.526008
9.036087
8.628223
8.443050
8.147937
7.841634
7.625291
7.458919
7.434484
7.809261
8.169863
8.481490
8.811833
9.362923
9.494775
9.985438
10.241293
10.474958
10.856879
11.458335
11.821160
12.488421
13.148355
13.780932
14.418229
15.164687
15.869456
16.568897
17.137711
17.437918
17.428199
17.450130
17.595867
17.638720
17.617503
16.929475
16.975258
16.982525
16.596042
15.960107
15.334053
14.903486
14.285781
13.858554
13.247243
12.851691
12.487636
12.511714
12.535851
11.993565
11.608371
11.150407
10.795091
10.592713
10.188382
9.996843
9.785897
9.556230
9.384610
9.109323
8.974067
8.964127
8.913772
9.209676
9.634535
9.484991
9.846325
10.430556
10.940976
11.479862
11.856281
11.918791
11.341757
10.972810
10.702072
10.466312
10.082366
9.816536
9.639735
9.609315
9.683194
10.010044
10.244392
10.493408
10.737112
11.052681
11.181143
11.213429
11.444751
11.874370
12.233469
12.805630
13.167890
13.762379
14.268712
14.497033
15.079484
15.449291
15.868301
16.444506
16.857259
17.513793
17.950231
18.431630
18.886012
18.810426
18.315147
18.263779
17.731173
17.435424
16.926165
16.507054
15.673422
15.088804
14.692164
14.055975
13.645795
13.294995
12.933698
12.612810
12.324213
11.960937
11.512652
11.299996
10.964257
10.607166
10.359779
10.125373
9.816994
9.476329
9.239772
8.828910
8.597815
