2.097634 2.093886
2.004203 2.042845
1.837228 2.016486
1.731698 1.990975
1.675143 2.027483
1.627173 2.027830
1.716148 2.279283
1.768043 2.449174
1.869524 2.651462
1.951461 2.816831
2.117118 3.085673
2.083307 3.101571
1.983532 3.161881
1.861001 3.241160
1.802514 3.068639
1.986936 3.057101
2.264369 3.214856
2.572493 3.450004
2.759317 3.601088
2.752191 3.575658
2.653541 3.458846
2.554894 3.396927
2.595671 3.457334
2.692638 3.577763
3.059873 3.950219
3.267546 4.136874
3.522474 4.442023
3.782649 4.759063
4.096670 5.162466
4.428447 5.487611
4.722804 5.775628
4.990350 5.956144
5.214261 6.160356
5.484900 6.398516
5.775166 6.628048
5.996429 6.813312
6.240514 7.035447
6.535348 7.264373
6.749854 7.462646
6.968120 7.668286
7.183263 7.757745
7.444860 7.920037
7.683740 8.127012
7.944395 8.294925
8.027143 8.407258
8.056026 8.472113
8.124580 8.487357
8.182531 8.544608
8.195791 8.557561
8.193705 8.571892
8.183452 8.589032
8.225620 8.512169
8.181820 8.544742
8.115432 8.513797
8.129308 8.506863
8.169812 8.538659
8.212148 8.593353
8.256625 8.561727
8.269866 8.573123
8.279713 8.542731
8.351645 8.595368
8.454016 8.696796
8.464114 8.509139
8.601650 8.588866
8.718648 8.663782
8.835850 8.757724
9.039799 8.946851
9.159625 9.061773
9.298681 9.187128
9.437051 9.326173
9.595078 9.449023
9.731208 9.568348
9.888709 9.708668
9.896429 9.748900
10.040570 9.893186
10.190128 10.029701
10.374498 10.215362
10.534484 10.341223
10.673808 10.441455
10.678792 10.422966
10.587137 10.377231
10.561617 10.363698
10.663204 10.442729
10.693361 10.446368
10.738729 10.471956
10.662499 10.324188
10.599756 10.294390
10.625624 10.331409
10.672557 10.560683
10.742015 10.663597
10.793859 10.718021
10.891773 10.810479
10.957177 10.873715
11.039729 10.940799
11.113754 11.025626
11.220933 11.121729
11.396553 11.262270
11.493184 11.354629
11.593342 11.444508
11.643748 11.307112
11.775670 11.441831
11.884025 11.538631
12.002128 11.659755
12.135886 11.772526
12.299152 11.908018
12.417453 12.007015
12.551183 12.119956
12.597428 12.127789
12.744144 12.234372
12.881739 12.349450
12.823195 12.448756
12.831931 12.480322
12.846083 12.535831
12.747707 12.449813
12.455768 12.369245
12.457614 12.170258
12.469649 12.178311
12.415392 12.217809
12.341694 12.245950
12.354776 12.198290
12.406976 12.167534
12.416338 12.164885
12.426701 12.158949
12.392139 12.118544
12.444238 12.143933
12.424756 12.075294
12.332200 12.113882
12.010263 12.028008
11.883198 11.780448
11.701147 11.632501
11.602097 11.551282
11.621192 11.567631
11.645799 11.618190
11.670008 11.684127
11.718606 11.747473
11.775427 11.802636
11.943250 12.172149
11.994283 12.146805
12.027298 12.233242
12.126988 12.356822
12.216911 12.456968
12.195013 12.543722
12.245227 12.637920
12.352810 12.773837
12.457473 12.901441
12.540890 13.006687
12.617863 13.041249
12.646529 13.075697
12.633781 13.020595
12.606141 12.952170
12.556958 12.947217
12.477327 13.012252
12.453177 13.063027
12.469995 13.008908
12.521370 12.981808
12.552460 12.981654
12.624851 13.017690
12.702827 13.393452
12.865466 13.513102
13.079906 13.565356
13.150012 13.635657
13.237183 13.705307
13.307719 13.762902
13.402350 13.844958
13.500643 13.916106
13.580640 13.983039
13.686723 14.095058
13.783497 14.186164
13.882863 14.273425
13.986661 14.369620
14.088146 14.468941
14.134671 14.651553
14.157327 14.751930
14.133014 14.775193
14.062666 14.706434
13.887532 14.668821
13.821028 14.605877
13.803496 14.672946
13.806916 14.737700
13.831900 14.827831
13.842231 14.860181
13.696036 14.755270
13.464703 14.552307
13.512248 14.607319
13.487203 14.354617
13.484648 14.065085
13.529450 14.053566
13.519587 13.952811
13.554956 13.993661
13.605724 14.041066
13.523229 13.901213
13.229312 13.400782
13.323214 13.358096
13.375324 13.296552
13.429418 13.354712
13.470489 13.433520
13.505861 13.502505
13.562248 13.565906
13.599641 13.648043
13.664502 13.733566
13.711391 13.756203
13.717411 13.761072
13.710842 13.772420
13.732530 13.771510
13.589569 13.785613
13.309798 13.682665
12.642375 13.207352
12.035576 12.365319
11.261992 11.485430
10.684581 10.923377
10.619153 10.692521
10.444010 10.705283
10.455502 10.732949
10.465355 10.749235
10.497189 10.789818
10.540304 10.847512
10.582501 10.884068
10.519566 10.958354
10.569414 10.944374
10.418970 10.801703
10.509093 10.883124
10.607545 10.930005
10.509329 10.923866
10.560094 10.723618
10.708721 10.777469
10.773668 10.829760
10.851224 10.860373
10.929016 10.933502
10.924538 10.924495
11.030464 10.916132
10.986696 10.949792
10.936687 10.769145
10.831533 10.764939
10.801816 10.690609
10.543671 10.568942
10.008708 10.455323
10.003119 10.476798
10.016979 10.456311
10.062206 10.527936
10.137489 10.610809
10.128657 10.662570
10.212228 10.750784
10.335112 10.859541
10.361229 10.843749
10.405245 10.870378
10.475166 10.925634
10.514393 10.990898
10.488036 11.068897
10.539100 11.074497
10.590893 11.116273
10.263890 10.717891
9.969930 10.003713
9.297375 9.510457
8.346319 8.572149
7.717406 7.606767
7.127327 6.655292
6.644326 6.215053
6.322983 6.098537
6.377287 6.216403
6.569616 6.405058
6.669358 6.615671
6.729831 6.661947
6.764680 6.689544
6.829279 6.560733
6.891497 6.580401
6.850575 6.621016
6.965356 6.719625
7.076112 6.832437
7.208339 6.957495
7.358831 7.121168
7.515166 7.279000
7.669116 7.452817
7.824826 7.592996
7.833386 7.555872
7.452500 7.350499
7.235402 7.157025
6.922958 6.877298
6.459451 6.775986
6.327002 6.584555
6.015045 6.411643
6.002181 6.358137
5.894291 6.236071
5.991706 6.343190
6.070533 6.486071
6.263649 6.685799
6.380521 6.811700
6.507256 6.954413
6.611000 7.105810
6.741612 7.084631
6.729083 6.987616
6.672936 6.960423
6.519351 6.675832
6.494201 6.718447
6.567434 6.785372
6.584767 6.787756
6.829127 7.012460
6.629116 6.743577
6.254979 6.578389
5.901808 6.232257
5.377827 5.557153
4.607237 5.091796
3.925899 4.671318
3.682249 4.331760
3.771090 4.320874
3.999551 4.430752
4.041022 4.436700
4.221943 4.620438
4.319072 4.712832
4.439442 4.794592
4.591798 4.924220
4.765637 5.039004
4.995695 5.208107
5.174238 5.366708
5.339458 5.546160
5.546051 5.726009
5.706255 5.918240
6.034521 6.222042
6.276665 6.471240
6.535324 6.721684
6.538915 6.801904
6.655897 6.993014
6.787596 7.169250
6.618282 7.075807
6.319002 6.916889
6.138057 6.695872
6.073097 6.506727
5.890517 6.308340
5.948193 6.391034
5.856399 6.442275
5.919886 6.462625
6.002322 6.566855
6.043582 6.574690
5.973463 6.509987
5.972318 6.510821
6.028105 6.561048
6.068570 6.686781
6.088417 6.661451
6.014184 6.601226
6.078271 6.672758
6.231895 6.767027
6.288489 6.770411
6.051527 6.526375
5.574074 5.872148
4.843825 4.815550
4.531351 4.079169
4.482754 3.945850
4.679200 4.059853
5.027058 4.294352
5.383898 4.465358
5.657946 4.614727
5.825555 4.703397
5.961203 4.781868
6.262984 4.876207
6.423256 4.979122
6.645196 5.190624
6.857432 5.409580
6.838446 5.442207
6.872029 5.443673
6.771778 5.438187
6.813574 5.493183
6.853902 5.594577
6.830723 5.551417
6.872791 5.571373
6.914932 5.566531
6.843470 5.601136
6.822605 5.594988
6.861791 5.553079
6.750234 5.531320
6.789558 5.552749
6.639409 5.477676
6.634573 5.496099
6.571856 5.378240
6.532015 5.385310
6.518094 5.448459
6.470424 5.507057
6.505724 5.478847
6.641255 5.587630
6.952503 5.741249
7.049323 5.839866
7.152263 5.896519
7.058872 6.168232
7.075454 6.242459
7.141633 6.279821
7.104332 6.259626
7.099846 6.016113
7.012838 6.036201
6.837772 5.990602
6.845443 6.087682
6.901203 6.170121
6.923028 6.226830
6.929155 6.256914
6.978983 6.301290
7.060986 6.345922
7.096749 6.372521
7.225426 6.651232
7.347264 6.755675
7.438136 6.853740
7.546087 6.969941
7.670239 7.082530
7.821518 7.198185
7.886420 7.228571
8.010464 7.382002
8.104348 7.455692
8.092905 7.358724
7.906132 7.348356
7.881144 7.260380
7.713259 7.313005
7.455157 7.144225
7.179398 7.071638
7.203997 7.090073
7.161277 7.037414
6.965453 6.758121
6.858527 6.726385
6.747115 6.565528
6.621021 6.253622
6.512652 6.175689
6.362557 6.219090
6.334074 6.314906
6.463139 6.258606
6.655565 6.423103
6.774737 6.507603
6.950608 6.574712
6.761461 6.429184
6.560179 6.332063
6.056537 5.895895
5.462648 5.112029
4.633569 4.783715
3.616054 3.930247
3.091665 3.485829
2.943072 3.416013
3.014554 3.498678
3.327722 3.785071
3.793962 4.096978
4.107366 4.458342
4.554885 4.808821
4.762379 4.975259
5.028166 5.202379
5.181365 5.339629
5.406770 5.554854
5.631488 5.738061
5.839021 5.901438
5.963628 6.057978
6.142961 6.167470
6.296109 6.310168
6.435585 6.322580
6.489844 6.361001
6.669723 6.476583
6.750732 6.565683
6.838388 6.570196
6.967820 6.719204
7.032830 6.795458
7.195817 6.996388
7.357395 7.205853
7.458539 7.341568
7.672021 7.530728
7.855916 7.727737
8.057202 7.908902
8.159400 7.977468
8.220979 8.042917
8.421630 8.174562
8.511930 8.385642
8.416829 8.270540
8.227091 8.090352
8.226504 7.887056
8.139090 7.756316
7.910141 7.458316
7.812415 7.151859
7.703335 7.057882
7.734908 6.989823
7.803334 7.006621
7.879146 7.059785
7.959062 7.107104
8.070521 7.210850
8.163236 7.301660
8.287979 7.421009
8.304977 7.455670
8.394442 7.509737
8.415975 7.547509
8.326706 7.485013
8.305001 7.451852
8.257715 7.347054
8.338099 7.282649
8.348240 7.201110
8.311027 7.037361
8.357414 6.977509
8.375901 6.959538
8.431787 6.920311
8.486151 7.045132
8.454271 7.166357
8.401968 7.269665
8.483721 7.430789
8.371949 7.524563
8.413850 7.620527
8.568925 7.750805
8.447665 7.720174
8.327713 7.640145
8.265908 7.668358
8.297733 7.743003
8.409992 7.908709
8.128877 7.656903
7.580740 7.426728
7.531378 7.322776
7.595740 7.346692
7.649272 7.366391
7.876708 7.510062
8.087720 7.836913
8.210831 7.900972
8.309232 7.951957
8.429974 8.082581
8.549726 8.141599
8.673662 8.224642
8.796171 8.298282
8.885120 8.375566
8.884310 8.431916
8.799965 8.428956
8.658241 8.330886
8.583608 8.325591
8.484239 8.189232
8.429215 8.054855
8.024585 7.887430
8.059663 7.908551
8.026043 7.701556
7.742769 7.701900
7.725644 7.580373
7.790757 7.562376
7.901882 7.689440
7.976676 7.813699
8.085264 7.940662
8.186918 8.069576
8.280954 8.178190
8.412479 8.305646
8.541294 8.442666
8.651110 8.514521
8.574235 8.225487
8.500950 8.170279
8.492460 8.174177
8.265149 7.904227
8.059138 7.621921
7.916537 7.285267
7.765954 7.110818
7.779029 7.152730
7.837949 7.173793
7.875403 7.238258
7.983202 7.392580
8.132282 7.585604
8.284984 7.767722
8.343431 7.869769
8.450443 7.978396
8.556573 8.065143
8.636207 8.132371
8.616015 8.040150
8.637505 8.021734
8.683353 7.967666
8.764185 7.954913
8.742772 7.982193
8.810099 8.109508
8.870210 8.160817
8.981905 8.212840
9.215265 8.485347
9.781335 8.844865
10.094664 8.963807
