30
50
60
90
110
130
150
160
190
210
240
220
240
230
230
230
230
230
230
230
230
230
230
230
230
230
230
230
230
230
230
240
220
240
220
240
220
240
220
240
230
230
230
230
230
230
230
230
230
230
230
230
240
220
240
220
240
220
240
220
240
230
230
230
230
230
230
230
230
230
240
230
230
230
230
230
230
230
240
230
230
240
230
230
230
230
230
230
230
240
230
230
240
230
230
240
230
230
240
230
240
230
240
230
240
230
240
230
240
230
240
240
230
240
240
230
240
240
230
240
230
240
240
240
230
240
240
230
240
240
230
240
230
240
240
240
230
240
240
230
240
240
230
240
240
230
240
240
230
240
230
240
230
240
240
240
230
240
230
240
240
240
230
240
240
230
240
240
240
240
230
230
240
240
230
240
240
240
240
240
240
230
240
240
240
240
240
240
240
240
240
240
240
240
240
240
240
240
240
240
240
230
240
240
240
240
240
240
240
240
230
240
240
230
240
240
240
230
240
230
240
230
230
240
230
240
230
240
230
230
240
230
230
240
230
230
240
230
230
240
230
230
230
240
230
230
240
230
230
240
230
230
230
230
230
240
230
230
230
230
240
230
230
230
240
230
230
230
240
230
230
230
230
240
230
230
230
230
230
240
230
230
230
230
240
230
230
230
230
230
240
230
230
230
230
230
230
230
230
230
240
230
230
230
230
230
230
240
230
230
230
230
230
230
240
220
240
230
230
230
230
230
230
240
230
230
230
230
230
230
240
220
230
230
230
230
230
230
230
230
230
230
230
230
230
230
230
230
240
230
230
230
230
230
230
240
220
240
230
230
230
230
240
220
240
230
230
230
230
230
230
240
220
240
220
240
230
230
230
230
230
230
230
230
230
230
230
230
240
220
240
230
230
230
230
230
230
230
230
230
230
230
230
230
230
230
230
230
240
230
230
230
230
230
230
230
240
230
230
230
230
230
230
230
220
240
230
230
230
230
230
230
230
230
230
230
230
220
240
220
240
230
230
230
230
230
230
230
230
230
230
230
230
240
220
240
220
240
230
230
230
230
230
230
230
230
240
230
230
230
230
230
230
240
230
230
230
230
230
230
240
230
230
230
230
230
220
240
230
230
230
230
240
230
230
230
230
240
220
230
230
230
230
230
240
230
230
230
230
240
230
230
230
230
240
230
230
230
230
240
230
230
230
230
240
230
230
230
230
240
230
230
240
230
230
230
230
230
220
240
230
230
230
230
240
230
230
230
230
240
230
230
240
230
230
230
240
230
230
230
230
