1.980520 2.000508
1.969081 1.993548
1.933285 1.987176
1.790888 1.919461
1.728446 1.910918
1.684325 1.981301
1.754018 2.217243
1.773485 2.384851
1.829336 2.595031
1.853899 2.770074
1.943530 3.018805
1.840256 3.055232
1.938334 3.214033
2.083749 3.313559
2.041515 3.125296
2.139900 3.135169
2.372733 3.307721
2.705560 3.572433
2.872498 3.720869
2.887106 3.740077
2.821375 3.587391
2.800708 3.489539
2.710785 3.304778
2.721916 3.333571
2.913982 3.435036
3.052987 3.532026
3.206502 3.654168
3.516517 3.872327
3.815887 4.066155
4.139457 4.248672
4.431097 4.422558
4.588846 4.497988
4.752394 4.593054
4.973492 4.831845
5.234434 4.992334
5.405781 5.156266
5.632295 5.370122
5.893071 5.603029
6.102437 5.805712
6.297668 5.932610
6.517473 6.136072
6.724194 6.299530
6.905870 6.462358
7.037730 6.559794
7.085291 6.633266
7.037040 6.590247
6.986381 6.532277
6.998561 6.494727
6.984802 6.416840
6.939948 6.363847
6.922402 6.334884
6.752669 6.071878
6.664692 5.994139
6.720767 5.907953
6.767651 5.816483
6.793281 5.859143
6.800355 5.797575
6.848643 5.821791
6.896604 5.785797
6.813153 5.513666
6.881100 5.514422
6.859191 5.567386
6.888142 5.482218
6.987550 5.573839
7.082111 5.669886
7.181618 5.811928
7.282984 5.926874
7.323990 5.985445
7.323116 6.060172
7.372405 6.099826
7.476613 6.211121
7.479710 6.293525
7.594497 6.421228
7.683327 6.538574
7.797007 6.679126
7.751024 6.744872
7.884863 6.914294
7.898042 6.894092
7.906164 6.785542
7.660134 6.641282
7.581876 6.596552
7.770038 6.760868
7.968366 6.948318
7.964681 7.056868
7.932023 7.110786
7.824183 6.831802
7.667611 6.621634
7.718815 6.650738
7.793418 6.662560
7.907632 6.781849
7.980146 6.849921
8.129490 6.980211
8.212246 7.057998
8.322965 7.138052
8.354662 7.183447
8.457610 7.305140
8.470242 7.392975
8.633691 7.538577
8.668222 7.531179
8.787247 7.590266
8.869140 7.645608
8.927969 7.671669
8.945936 7.680327
9.089560 7.777232
9.193068 7.840884
9.284457 7.875181
9.205375 7.795060
9.268668 7.857796
9.270481 7.860040
9.395776 7.988023
9.460055 7.928026
9.425618 7.666460
9.410371 7.376261
9.188892 7.178078
8.819019 6.895509
8.592861 6.499631
8.098068 6.207465
7.907662 5.809130
7.241263 5.360782
6.956460 5.014855
6.537189 4.734863
6.372076 4.450790
6.057857 4.367836
5.780256 4.164769
5.488007 3.907080
5.267909 3.935159
5.236092 3.807835
5.065377 3.531195
4.925112 3.557715
4.809039 3.616454
4.905496 3.736668
5.006257 3.841177
5.123584 3.999319
5.297656 4.196782
5.380722 4.347735
5.495008 4.505477
5.599703 4.679807
5.613678 4.793375
5.683089 4.886788
5.775652 5.043753
5.921545 5.159866
6.026146 5.274064
6.199259 5.366057
6.337827 5.384249
6.268720 5.425511
6.375259 5.484820
6.296207 5.337304
6.233876 5.177749
5.997431 4.985466
6.393627 5.566351
6.691779 5.962999
6.923340 6.132412
7.044983 6.250862
7.064939 6.136727
6.964443 5.980097
6.969922 6.016301
6.854488 5.972689
6.876474 5.978850
6.896217 6.049198
6.905120 6.071833
6.924079 6.157221
6.980090 6.266360
7.111099 6.392983
7.162014 6.504333
7.114532 6.628805
7.040270 6.584312
7.036722 6.673762
7.048573 6.786848
6.927801 6.780265
7.024859 6.859755
7.061836 6.812732
6.945676 6.711130
6.765038 6.611180
6.435166 6.125913
6.182334 5.875247
5.939872 5.393782
5.830712 5.137647
5.736437 4.806930
5.607630 4.688194
5.499023 4.458551
5.394622 4.246346
5.128714 3.951395
4.699289 3.701679
4.722793 3.439872
4.524523 3.146253
3.922145 2.869281
3.776958 2.488732
3.620164 2.180232
3.305859 2.061635
3.142103 1.986108
3.167549 1.929882
3.144026 1.914924
3.061221 2.014711
3.125821 2.136945
3.379637 2.373179
3.606643 2.585209
3.908072 2.855444
4.138515 3.138063
4.373921 3.346917
4.619806 3.589238
4.735906 3.745837
4.743543 4.007343
4.893570 4.211389
4.860834 4.360940
4.556161 4.272786
4.221601 4.091855
4.004136 3.853412
3.789122 3.528938
3.569008 3.387039
3.470164 3.292796
3.682140 3.504222
3.739288 3.414493
3.861169 3.542779
3.995632 3.628991
4.108798 3.765360
4.226126 3.911674
4.346291 4.069451
4.433934 4.179447
4.481999 4.329838
4.583650 4.452374
4.743865 4.633035
4.790036 4.689963
4.745867 4.807302
4.748521 4.859238
4.876285 4.956285
4.956500 4.882067
4.991212 4.766534
4.873599 4.566272
4.728000 4.312494
4.598875 4.175939
4.405220 3.831743
3.954125 3.404528
3.643730 3.084739
3.700884 3.143508
3.327785 2.949823
3.193689 2.773202
3.069560 2.776305
2.990763 2.828200
3.180342 3.045674
3.423147 3.283178
3.693611 3.507823
3.852784 3.677488
4.127962 3.936234
4.142491 3.970798
4.229551 3.970834
4.267655 4.055927
4.348564 4.057042
4.439913 3.998511
4.576862 4.224517
4.766046 4.618173
4.971776 4.810699
4.824950 4.900410
4.599522 4.802252
4.290231 4.557337
4.035796 4.349742
3.899455 4.293789
3.849333 4.297080
3.837119 4.401996
3.982156 4.647555
4.170443 4.745575
4.323366 4.862734
4.375513 4.908558
4.463561 4.940997
4.547969 5.037245
4.636964 5.003977
4.688793 5.039367
4.794516 5.092002
4.815137 5.022740
4.811863 5.021975
4.703271 4.912257
4.619424 4.691287
4.497693 4.491630
4.366049 4.212170
4.262027 4.048029
4.257030 3.791463
3.740645 3.276016
3.419514 2.746564
3.124698 2.385501
2.944873 2.180460
2.531716 2.021659
2.502853 2.157942
2.480124 2.240496
2.633400 2.461102
2.934213 2.805173
3.227079 3.227745
3.394136 3.497759
3.630493 3.715273
3.734357 3.914087
3.798503 4.053900
3.813087 4.050955
3.885543 4.019763
3.944028 3.928214
4.038559 3.911596
4.315764 4.241706
4.356920 4.329345
4.595522 4.522883
4.413614 4.421650
4.294675 4.110342
4.262230 4.013144
4.004138 3.690354
4.164724 3.860961
3.607521 3.340432
3.311426 2.875572
3.306814 2.895511
3.396897 2.927920
3.456462 2.953983
3.608370 3.047434
3.728191 3.178544
3.867449 3.305401
4.016449 3.566418
4.167385 3.796379
4.266581 4.033907
4.301574 4.216085
4.423228 4.439697
4.471841 4.693772
4.716981 4.828927
4.966968 4.876345
5.108622 4.950911
5.154569 4.832822
5.084584 4.586711
5.015827 4.369187
4.974961 4.110122
4.711195 3.813919
4.301922 3.213422
3.979291 2.680736
3.848304 2.653429
3.668652 2.777440
3.704076 2.849727
3.816425 3.128669
3.954821 3.303221
4.110856 3.565531
4.133984 3.690821
4.222770 3.858963
4.305023 4.030478
4.405771 4.149789
4.498100 4.257090
4.598558 4.304206
4.636382 4.097471
4.678506 4.105628
4.956410 4.526876
5.196306 4.742382
5.123366 4.682784
4.511342 4.332449
3.885195 3.746782
3.404029 3.328737
3.319063 3.311338
3.535730 3.523761
3.829492 3.782055
4.056504 3.910907
4.255261 4.038401
4.393362 4.366186
4.449702 4.488038
4.554620 4.573193
4.695089 4.556040
4.811299 4.630223
5.030594 4.695421
5.002610 4.344092
4.954756 4.041527
4.831653 3.477631
4.775322 2.904271
4.702611 2.806812
4.529427 2.572143
4.536949 2.483219
4.407092 2.484804
4.271961 2.397976
4.081050 2.311574
3.984303 2.359767
3.902760 2.397773
3.765151 2.447598
3.655809 2.320295
3.593112 2.364153
3.365946 2.153380
3.182604 2.223809
3.009695 2.267421
3.051079 2.182870
3.069396 2.322051
3.338032 2.606581
3.938684 3.138640
4.380797 3.549647
4.617061 3.777977
5.053551 4.069371
5.170067 4.248790
4.980905 4.374294
4.838711 4.354240
4.677382 4.355875
4.743660 4.423327
4.808621 4.499672
4.835846 4.520441
4.864073 4.605713
4.928627 4.584646
4.958921 4.614705
5.015018 4.661487
5.086968 4.674747
5.054553 4.701783
5.181107 4.741547
5.246869 4.746156
5.238906 4.724745
5.234343 4.682743
5.191295 4.562538
5.013091 4.365846
4.657101 3.945462
4.479218 3.662300
4.057480 3.395299
3.814345 3.242879
3.630730 3.138593
3.353379 2.976240
3.233849 2.765147
2.842968 2.551756
2.496363 2.178847
2.396105 2.046534
2.235565 2.001588
1.970917 1.954755
1.991109 1.810685
2.036247 1.944263
2.112436 2.039836
2.268291 2.220388
2.313088 2.296651
2.500972 2.525352
2.827502 2.841124
3.173574 3.084694
3.395193 3.363473
3.731808 3.878693
3.698040 3.939501
3.769885 3.951770
3.755630 3.911347
3.633410 3.763335
3.613714 3.806073
3.453665 3.675999
3.356341 3.661929
3.402570 3.662178
3.586735 3.856578
3.721610 3.978839
3.896109 4.178051
4.006205 4.233030
4.086824 4.245674
4.216300 4.261704
4.528519 4.488345
4.480668 4.385001
4.442260 4.276954
4.239752 4.035644
3.906909 3.547532
3.586057 3.157457
3.091023 2.975056
2.954219 2.600120
2.767166 2.483635
2.666489 2.176636
2.631558 2.217742
2.715167 2.193291
2.848616 2.381710
3.078419 2.531624
3.209124 2.674209
3.356661 2.803640
3.642938 2.921270
3.917774 3.121819
4.300163 3.386596
4.695851 3.743746
4.855356 3.963090
4.937373 4.169146
5.173502 4.459562
5.360281 4.713967
5.534483 4.971753
5.577078 5.057643
5.519982 5.071078
5.431418 5.070684
5.165132 4.976883
4.900904 4.748208
4.626518 4.493567
4.555375 4.371682
4.617410 4.417068
4.738962 4.578721
4.884993 4.691915
5.012867 4.836289
5.087836 4.938866
5.210632 4.974643
5.272476 4.997999
5.257577 4.899078
5.121266 4.678829
4.878709 4.348527
4.594720 4.033136
4.167141 3.437105
3.851060 3.122154
3.463798 2.872448
3.029708 2.624800
2.827803 2.444477
2.688678 2.380874
2.662991 2.232414
2.466402 2.197395
2.661645 2.395854
2.753008 2.462106
2.948360 2.654402
3.170998 2.811751
3.391148 3.006495
3.558762 3.092116
3.790575 3.432718
3.885896 3.741248
3.697172 3.555034
3.693033 3.624017
3.860500 3.986960
4.229776 4.631106
4.287873 4.702524
4.522705 4.777235
4.310322 4.827229
4.367726 4.970620
4.498434 5.033121
4.634674 5.077282
4.739351 5.051069
4.763921 4.912795
4.675926 4.752478
4.555907 4.509018
4.494938 4.162165
4.279280 3.832637
4.019203 3.266298
3.634961 2.880214
3.305456 2.550419
3.033861 2.105070
2.483996 1.753508
2.250232 1.638028
1.921536 1.582812
1.826890 1.544152
1.733471 1.418084
1.830304 1.538509
1.796360 1.641000
1.746737 1.835162
1.899466 2.004763
1.978127 2.223310
2.136823 2.433474
2.327227 2.701163
2.652706 3.011944
2.991739 3.271724
3.380571 3.544887
3.653360 3.872643
3.868469 4.125989
4.031995 4.334260
3.996856 4.326348
3.748311 4.272690
3.711789 4.345031
3.559019 4.269033
3.384646 4.274470
3.225094 4.284549
3.176313 4.375793
3.269904 4.425377
3.367411 4.476137
3.455835 4.435548
3.461988 4.350828
3.284048 4.091281
3.123424 3.761462
2.787837 3.219927
2.451495 2.764301
2.223877 2.286586
1.895197 1.947315
1.780205 1.733638
1.748247 1.830834
1.807706 1.731189
1.863721 1.801763
2.001120 1.963738
2.187570 2.115599
2.441506 2.338298
2.800918 2.618441
3.144465 2.912973
3.890921 3.580323
4.505637 4.128413
