0.325275
0.388064
0.359804
0.210117
0.075373
0.177590
0.459744
0.748354
1.086838
1.437677
1.810366
2.120257
2.421584
2.605582
2.867203
3.184795
3.463582
3.853476
4.335302
4.764146
4.951282
4.831346
4.426525
3.887667
3.374867
2.866385
2.428258
2.026973
1.640754
1.336056
1.192086
1.334062
1.605436
1.846398
2.296285
2.806747
3.352864
3.860543
4.464229
5.249744
5.868466
6.462328
6.503174
6.545794
6.146869
5.773723
5.400546
4.944113
4.407475
3.715423
2.995157
2.473586
2.010837
1.871825
1.888816
2.148271
2.625651
3.355664
3.975226
4.617241
5.120872
5.599349
5.977779
6.020587
5.830284
5.439156
4.948529
4.497519
4.135929
3.816732
3.551433
3.412997
3.359650
3.372454
3.477571
3.782634
4.073564
4.494108
4.948708
5.521746
6.239348
7.087485
7.795223
8.500875
9.302339
9.989879
10.707881
11.538510
12.253874
13.135036
13.863180
14.405046
15.008725
15.531627
16.124659
16.787782
17.399716
18.030547
18.603159
19.199646
19.799303
20.182146
20.611831
20.600163
20.404119
20.043583
19.751106
19.349947
19.128676
18.713257
18.360960
18.008615
17.674790
17.318460
17.128600
16.815973
16.570799
16.497851
16.594515
16.366726
16.185907
15.888371
15.557597
15.429781
15.333497
15.424879
15.834631
16.368471
16.976628
17.546676
18.046779
18.427875
18.993720
19.653142
20.306251
20.880329
21.487846
22.094930
22.367566
22.870086
23.487055
23.903308
24.493357
25.036625
25.627198
26.344342
26.885873
27.408694
27.847545
28.278526
28.643977
29.184467
29.644881
30.161563
30.813710
31.293230
31.868757
32.432148
33.331694
33.866006
34.649797
35.187833
35.855833
36.439880
36.804998
37.459347
38.136599
38.599268
39.087116
39.305589
39.629301
39.766655
39.553999
39.084637
38.570047
38.037628
37.573530
36.977716
36.608237
36.313397
35.959551
35.653507
35.548426
35.433368
35.200050
34.951767
34.557700
34.392055
34.112952
33.774473
33.483773
33.278847
33.034879
32.667885
32.336090
32.204732
31.770964
31.348778
30.786110
30.151510
29.888596
29.783600
29.952671
30.095878
30.457874
30.872504
31.210431
31.543001
31.937544
32.322507
32.640479
33.014303
33.253357
33.843424
34.388504
34.999340
35.514870
36.123699
36.668662
37.220428
37.719822
38.111797
38.667237
38.938712
39.353355
39.567668
39.533340
39.170535
38.771424
38.188404
37.663206
37.118140
36.882590
36.571756
36.513718
36.317151
35.966404
35.820082
35.597845
35.258234
34.747902
34.121788
33.527676
32.933175
32.382928
31.795025
31.238733
30.773957
30.121111
29.335657
28.850120
28.200337
28.050398
28.228507
28.628851
29.111408
29.533912
29.846224
30.263364
30.676252
31.037301
31.336990
31.764593
32.364252
33.079756
33.907479
34.778609
35.652528
36.566423
37.304990
37.779222
38.182211
38.471928
38.745027
39.119542
39.622438
39.859103
39.832488
39.479404
38.996806
38.553407
38.200013
37.750941
37.376799
36.917777
36.413545
36.178284
35.867313
35.691376
35.419071
34.939106
34.445488
34.154623
33.783838
33.271743
32.757824
32.277884
31.774589
31.297038
30.800514
30.340067
29.706414
29.178372
28.500748
28.001583
27.951870
28.053308
28.405980
28.766618
29.028730
29.301794
29.568960
29.822482
30.281794
30.576222
31.053603
31.656844
32.275993
33.121715
33.948874
34.749230
35.662712
36.654006
37.644138
38.370466
38.886053
39.270556
39.522144
39.572603
39.714396
39.838604
39.869709
39.921259
39.947844
40.028038
40.147010
