50
90
120
140
170
190
220
260
290
330
520
550
560
550
550
550
550
540
550
560
550
550
550
540
550
550
550
550
540
550
560
550
550
550
560
550
560
550
550
540
560
550
560
560
550
550
550
550
550
550
550
560
540
550
550
540
550
540
550
560
550
560
550
550
540
550
550
550
540
550
560
550
550
560
550
550
550
550
560
550
560
550
560
550
550
550
560
550
550
550
550
550
550
560
550
550
550
550
560
560
560
550
540
560
550
560
540
550
560
550
550
560
550
560
550
560
540
550
560
550
570
550
550
550
560
560
550
540
550
550
550
550
550
560
550
550
550
550
550
560
550
550
550
570
550
550
550
560
550
550
550
550
560
550
560
550
550
550
560
560
560
550
540
560
540
540
540
560
550
550
560
550
550
550
550
550
550
550
550
550
560
560
550
550
780
840
850
840
850
850
840
840
840
850
840
730
560
550
550
560
560
550
560
540
550
550
550
550
600
570
540
560
590
570
530
540
540
540
530
540
540
550
540
530
590
560
550
640
480
460
700
840
850
850
850
850
850
850
840
560
540
540
530
540
540
530
540
550
550
540
540
530
540
550
560
550
550
560
780
850
860
850
640
530
530
530
530
530
540
530
540
530
550
530
540
540
530
540
530
540
530
540
530
540
620
830
690
530
530
530
560
530
540
530
550
540
540
530
560
540
530
540
550
550
560
550
550
550
550
530
540
530
530
530
530
530
530
540
530
530
540
560
530
530
540
590
530
540
530
540
540
540
530
540
540
530
