0.318437
0.415809
0.419850
0.340801
0.203421
0.084134
0.250819
0.528564
0.809429
1.118907
0.814823
0.730421
0.831953
0.950833
1.156376
1.505018
1.868693
2.326236
2.591492
2.843696
2.913807
2.850227
2.570815
2.153566
1.759124
1.362031
0.875978
0.489944
0.680005
1.051096
1.645650
2.220377
2.816014
3.323439
3.683043
3.924421
4.049740
4.166434
4.094825
4.179897
4.170342
4.042456
3.523752
3.098348
2.515027
2.098050
1.632478
1.424643
1.505513
1.539766
1.344587
0.997064
0.674606
0.442244
0.225365
0.069494
0.205871
0.392571
0.725397
1.018125
1.439688
1.707193
1.961575
1.995596
1.853221
1.604952
1.448663
1.345871
1.307374
1.506367
1.673549
1.970036
2.427697
2.860724
3.310378
3.611509
3.883678
3.873121
3.687783
3.465882
3.309191
3.342314
3.666408
4.160257
4.707998
5.359936
6.034850
6.825291
7.511139
8.168271
8.833381
9.518880
10.252234
10.928630
11.569879
12.437201
13.135364
13.989212
14.728776
15.414786
15.958837
16.263394
16.472317
16.273111
15.771461
15.184079
14.625663
13.958485
13.492550
12.988121
12.443640
11.766851
11.226301
10.497836
9.945392
9.288926
8.781351
8.246345
7.776881
7.314287
6.766225
6.265432
5.808527
5.145992
4.680132
4.436391
3.861164
3.601876
3.485246
3.525932
3.613747
3.852990
4.263676
4.658133
5.014190
5.351691
5.741133
6.314576
6.728051
7.118505
7.613840
7.794948
8.014920
8.421277
8.718974
9.032300
9.355756
9.709685
10.106286
10.518742
10.854406
10.807795
10.740008
10.636761
10.619560
10.404169
10.103000
9.796483
9.484541
9.337879
9.168161
9.176591
9.353020
9.600134
9.801855
9.990073
10.038242
9.964076
9.804728
9.661697
9.711968
9.626271
9.366312
9.048290
8.670712
8.358524
8.033020
7.606324
7.273796
6.954914
6.910983
6.959548
6.996496
7.072451
7.295614
7.636060
7.879052
8.061152
8.336072
8.547191
8.756648
9.072885
9.322652
9.555880
9.609304
9.765617
9.754147
10.166224
10.455676
10.566300
10.199847
9.743426
9.126766
8.580011
7.961496
7.426511
6.859048
6.420099
6.138585
5.851279
5.558117
5.242181
5.057151
5.035785
4.908980
4.857712
4.698492
4.587681
4.397551
4.249679
3.975102
3.889536
3.828718
3.822050
3.936094
4.055772
3.872923
3.652654
3.439290
3.154699
2.923777
2.692119
2.739141
2.983651
3.171845
3.424041
3.651695
3.992934
4.350973
4.683841
4.995561
5.282892
5.604235
6.012233
6.339559
6.590497
6.855023
6.960813
7.061623
7.152951
7.246673
7.082130
6.780439
6.250897
5.728811
5.121676
4.754267
4.590151
4.378071
4.285058
4.025836
3.448521
2.934904
2.575016
2.510175
2.308602
2.155677
2.013082
1.715667
1.480470
1.395834
1.278107
1.212061
1.252864
1.474084
1.787517
2.112568
2.393612
2.606564
2.723003
2.578098
2.145946
1.493369
0.952693
0.510843
0.949351
1.371379
1.754218
2.031916
2.388961
2.772351
3.305378
3.868366
4.435049
5.071567
5.542406
5.974330
6.436630
6.728763
7.054171
7.292198
7.555110
7.881461
7.961302
8.042879
7.935893
7.527998
6.846664
6.106939
5.292303
4.536485
3.716127
3.129834
2.634343
2.322779
2.199152
2.428088
2.578937
2.575056
2.272567
1.780072
1.465517
1.196302
1.289443
1.251896
1.207791
1.267026
1.152010
1.115036
1.199348
1.550932
1.724932
2.020406
2.411922
2.827572
3.199511
