0.347653
0.425568
0.407944
0.320027
0.149951
0.067394
0.316720
0.581670
0.864317
1.180813
1.118138
1.194794
1.247639
1.301935
1.365931
1.751796
2.026487
2.511477
2.830374
3.271057
3.296108
3.342356
2.985876
2.552539
2.075630
1.618546
1.255636
1.080375
1.196596
1.585966
2.097949
2.549593
2.956947
3.323910
3.632112
3.899085
4.169940
4.374085
4.527640
4.692970
4.716426
4.649166
4.205717
3.573142
2.972159
2.342256
1.724311
1.104560
0.693104
0.427542
0.416956
0.464180
0.402826
0.237592
0.072255
0.083048
0.305100
0.548360
0.838529
1.033043
1.340721
1.859396
2.241977
2.398781
2.304558
2.032751
1.782000
1.593728
1.501714
1.622383
1.897362
2.199002
2.579084
2.869778
3.133817
3.342579
3.548900
3.807445
3.918243
3.953118
3.997072
4.261884
4.602616
5.186877
5.925127
6.713188
7.394062
8.071284
8.721958
9.431044
9.999593
10.516677
11.166535
11.807083
12.364783
13.106982
13.636466
14.306464
14.897584
15.487233
16.059443
16.411454
16.659764
16.560725
16.235708
15.761923
15.293018
14.809994
14.321268
13.842482
13.356219
12.883429
12.420845
12.057071
11.588049
11.078240
10.550378
10.061790
9.645529
9.260240
8.822015
8.330083
7.863368
7.385181
6.863800
6.730171
6.683224
6.963523
7.276594
7.701233
7.896444
8.305326
8.689598
9.091763
9.521424
9.817887
10.056629
10.517630
11.068368
11.561004
11.721246
12.197088
12.757054
13.099198
13.607929
14.068453
14.580376
14.986945
15.452907
15.913233
16.228113
16.376911
16.639999
16.848607
16.924606
17.112422
17.339584
17.581145
17.776335
17.969028
18.356534
18.545140
18.860181
19.200738
19.556126
19.682059
19.922875
19.619943
19.548974
19.611783
19.781495
19.859993
19.652925
19.070784
18.677671
17.967307
17.589046
17.108767
16.702914
16.411560
16.028670
15.755267
15.512231
15.191758
14.807651
14.549717
14.423915
14.243822
14.165035
14.162776
14.202917
14.192508
14.351932
14.410354
14.490116
14.549761
14.802326
14.828372
14.784726
14.557760
14.096328
13.543424
12.995735
12.509397
12.113885
11.617625
11.392354
11.206750
10.867710
10.340709
9.928712
9.742069
9.194202
8.941976
8.730187
8.213858
8.155120
8.155741
8.162698
8.114296
7.814204
7.371575
7.276655
6.935470
6.750948
6.615177
6.304398
5.827862
5.404269
4.974363
4.788356
4.546143
4.348693
4.440032
4.673275
5.127648
5.482337
5.997807
6.435813
6.899497
7.323154
7.837516
8.286534
8.677312
9.013515
9.495693
10.024167
10.463204
10.983050
11.327108
11.520376
11.451338
11.168617
10.653364
10.047838
9.505221
8.965948
8.419398
7.939813
7.345518
6.852584
6.429922
6.189790
5.885574
5.515888
5.175559
4.889381
4.485744
4.028019
3.626124
3.186749
2.821463
2.583899
2.407422
2.207392
2.124741
2.218390
2.601594
2.968044
3.183848
3.357164
3.507445
3.754547
3.994199
4.232851
4.551540
4.792690
5.251021
5.610210
6.010315
6.446058
6.915419
7.316713
7.833237
8.368804
8.851329
9.303774
9.645462
10.042214
10.466026
10.934198
11.324248
11.816401
12.044573
12.312534
12.418133
12.227580
11.675720
11.212901
10.763304
10.298063
9.901947
9.558434
9.193381
8.620212
8.263876
7.859782
7.547208
7.240110
6.873060
6.614793
6.551989
6.400558
6.110318
5.727577
5.515427
5.331637
4.910258
4.499740
4.025581
3.588974
3.164771
2.834234
2.411784
1.901499
1.540607
