0.337665
0.343700
0.280787
0.195346
0.126464
0.144027
0.139836
0.284545
0.584160
0.740160
0.911708
0.903184
0.795993
0.633433
0.314782
0.218076
0.679472
1.242035
1.812447
2.301401
2.519017
2.366398
2.005947
1.485988
0.981541
0.696929
0.854602
1.253968
1.722217
2.144906
2.535782
2.947057
3.452375
3.939556
4.486691
4.973421
5.399829
5.887964
6.425213
6.953008
7.471130
7.514741
7.441009
7.176511
6.689785
6.241333
5.862389
5.473476
5.091538
4.673225
4.188387
3.732344
3.302186
2.909164
2.720982
2.673212
2.551604
2.624884
2.674746
2.754565
2.915856
3.117843
3.478505
3.925444
3.840605
3.633356
3.550202
3.525829
3.620495
3.762251
3.894755
4.100157
4.339436
4.627399
4.963503
5.204635
5.489478
5.736519
6.072300
6.433969
6.723882
6.941907
7.235191
7.505634
7.894689
8.196371
8.614323
8.846472
9.237717
9.642926
9.977730
10.350699
10.625715
11.000764
11.438838
11.837776
12.383186
12.923905
13.285326
13.744948
14.058868
14.532551
14.646407
14.607229
14.402638
13.987111
13.460773
12.860237
12.461378
11.963866
11.523277
11.096125
10.740626
10.321392
9.868196
9.442734
8.997365
8.556617
8.105250
7.695229
7.375957
6.983054
6.561086
6.301907
6.134893
6.003941
6.247266
6.585894
6.894476
7.082664
7.337504
7.640639
8.022308
8.327744
8.729083
9.049667
9.427340
9.877868
10.245482
10.660895
10.992826
11.471068
12.023338
12.576648
13.084242
13.519740
14.077508
14.483256
14.975664
15.532493
15.867764
16.144245
16.378942
16.531057
16.874799
17.229109
17.468852
17.764179
18.047489
18.347680
18.651346
18.988349
19.467903
19.817821
19.954446
20.328188
20.521762
20.996451
21.303425
21.742308
22.211889
22.458155
22.348662
21.994427
21.515011
21.069017
20.570402
20.099704
19.654200
19.255542
18.752499
17.961624
17.508665
17.326394
16.805723
16.545272
16.157017
15.999078
15.704296
15.437181
15.146130
14.853880
14.608484
14.465376
14.321820
14.274890
14.182774
14.040601
13.842482
13.444648
13.081953
13.083094
13.297263
13.606992
13.884139
14.035218
14.284675
14.606819
14.965241
15.269015
15.496021
15.806631
16.106099
16.372918
16.647498
16.809080
17.074689
17.370893
17.580913
17.738727
17.921015
17.887529
18.160811
18.431573
18.768073
18.655032
18.512596
18.085636
17.701036
17.320861
16.835051
16.272958
15.743215
15.333356
14.961546
14.622290
14.182240
13.758934
13.309568
12.889411
12.619866
12.217018
11.814310
11.471486
11.153478
10.763645
10.490472
10.194384
9.960521
9.758832
9.448899
9.158652
9.015944
9.097739
9.312844
9.618277
10.058445
10.302454
10.735888
11.104399
11.475595
11.855235
12.250011
12.574586
12.977831
13.414070
13.792860
14.047012
14.430989
14.733240
14.934864
15.150085
15.527715
15.862782
16.248995
16.646599
16.888422
16.737578
16.224371
15.767753
15.305905
14.717443
14.231378
13.818133
13.324652
12.805889
12.303113
11.873076
11.230494
10.918035
10.584091
10.247701
10.098243
9.824679
9.582662
9.316859
8.864720
8.522699
8.178901
7.800292
7.512485
7.271948
7.185265
6.973780
6.608025
6.464297
6.427503
6.755712
7.092576
7.312975
7.639150
7.942235
8.294729
8.735110
9.181244
9.564351
9.883010
10.244492
10.561931
10.818983
10.997785
11.211400
11.551873
11.668696
12.208915
12.690656
13.112667
13.377283
13.645063
13.840479
14.033184
14.244065
14.447516
14.740332
15.001346
15.269355
