2.021379 2.144908
2.000446 2.158910
1.937362 2.217571
1.997817 2.384743
1.900806 2.529184
1.793157 2.542537
1.671496 2.641657
1.615862 2.584531
1.572376 2.473952
1.713748 2.649215
1.899703 2.890041
2.201287 3.146984
2.513003 3.389214
2.736898 3.586519
2.947231 3.691920
3.194162 3.752326
3.393167 3.824905
3.509070 3.859159
3.711802 4.061028
3.947503 4.252944
4.058605 4.333763
3.879691 4.183650
3.648125 3.946756
3.523185 3.657596
3.346197 3.606458
3.358728 3.585280
3.392196 3.696056
3.489231 3.871892
3.714775 4.076492
3.961489 4.229087
4.075087 4.306680
3.965917 4.408014
3.816992 4.262809
3.699511 4.234167
3.781966 4.255482
3.731847 4.221450
3.758065 4.228274
3.931297 4.374607
4.184658 4.566112
4.388152 4.716787
4.581012 4.892641
4.710143 4.985833
4.723863 4.969941
4.655729 4.850218
4.587578 4.758525
4.571376 4.763157
4.423395 4.508468
4.390987 4.368064
4.376621 4.381672
4.289644 4.344687
4.103362 4.281794
4.081528 4.282235
4.224562 4.358660
4.442852 4.592728
4.764608 4.888483
5.023958 5.219996
5.096984 5.462740
5.092163 5.470902
4.848034 5.373696
4.632540 5.013306
4.503253 4.996052
4.149968 4.818227
3.799895 4.636741
3.567210 4.253509
3.340394 3.755281
3.217877 3.495613
3.192754 3.389227
3.303368 3.449278
3.488159 3.580875
3.725777 3.798623
3.929603 4.016202
4.073312 4.094762
4.302483 4.302571
4.384423 4.406450
4.581794 4.684045
4.724792 4.907304
4.913194 5.108236
5.180224 5.368925
5.313544 5.473339
5.247257 5.502911
5.263391 5.496228
5.288165 5.451073
5.329995 5.396781
5.489681 5.467569
5.763973 5.708173
5.982487 5.900751
6.175080 6.154573
6.358552 6.369669
6.637644 6.634497
6.847172 6.810683
6.900579 6.922180
6.990700 6.964107
7.069899 6.929678
7.093525 7.042655
7.232195 7.137325
7.206204 6.973865
7.053408 7.078673
6.917998 6.901880
6.988290 6.652028
7.050718 6.661501
7.178781 6.634996
6.931815 6.509518
6.983849 6.584658
6.966633 6.549198
6.821196 6.365004
6.614481 6.251275
6.489706 6.160715
6.461952 6.057276
6.193983 5.950882
6.069617 5.832599
5.918007 5.742959
5.588412 5.660381
5.461503 5.559048
5.127652 5.390124
4.918320 5.212617
4.907573 4.904768
4.735609 4.841203
4.654052 4.842165
4.767874 4.825626
4.736625 4.796793
4.925576 4.873409
4.990738 4.854040
5.105474 4.892898
5.205774 4.947143
5.229578 5.125808
5.241096 5.218322
5.221367 5.127780
4.850509 4.895870
4.589696 4.654644
4.384332 4.477822
4.189587 4.406699
4.109967 4.400553
4.065771 4.169275
3.930317 4.179860
3.703731 4.094604
3.558030 4.058081
3.573505 3.981647
3.612673 3.891497
3.591581 3.869703
3.680862 3.877874
3.692192 3.927329
3.743351 3.945885
3.650620 4.036952
3.807600 4.115204
3.965875 4.323187
4.086852 4.512063
4.322580 4.702799
4.628573 4.978553
4.868173 5.278888
5.186409 5.684714
5.502447 6.045179
5.650035 6.233431
5.741294 6.400222
5.861602 6.500584
5.981607 6.644127
6.062370 6.655057
6.169149 6.718695
6.248354 6.712983
6.298419 6.674174
6.308788 6.531489
6.335394 6.476646
6.310319 6.499738
6.351955 6.574127
6.514038 6.744948
6.698345 6.926982
6.899801 7.141306
7.099933 7.384315
7.286648 7.554417
7.511450 7.753770
7.677933 8.037757
7.837371 8.159729
7.936856 8.293959
7.693121 8.013341
7.529979 7.802247
7.324718 7.575026
7.082151 7.277742
6.922835 6.938676
6.711053 6.914431
6.657551 6.798550
6.523207 6.655384
6.471424 6.582834
6.404979 6.566564
6.099428 6.637736
6.098337 6.589080
5.936870 6.588546
6.074986 6.750291
6.218254 6.754997
6.382027 6.925399
6.498124 6.991887
6.593718 7.210327
6.748788 7.320576
6.728887 7.245532
6.903013 7.387456
6.979978 7.317652
6.851625 7.355224
6.953012 7.422485
7.137710 7.577599
7.349196 7.854553
7.503602 8.042728
7.668215 8.252946
7.643805 8.249944
7.487048 8.139522
7.335164 7.943330
7.187939 7.659952
7.169355 7.668453
7.179249 7.697468
7.240142 7.692598
7.285063 7.747126
7.363356 7.739963
7.333586 7.787163
7.431475 7.816019
7.380091 7.884575
7.305317 7.721144
7.346278 7.751261
7.343044 7.767693
7.549564 7.899709
7.760489 8.055815
7.953609 8.188839
8.147528 8.320807
8.269605 8.171396
8.450347 8.351904
8.468231 8.352294
8.299031 8.263251
8.360428 8.275166
8.574522 8.424937
8.463473 8.237373
8.539472 8.274099
8.386492 8.211736
8.093393 7.886598
8.002941 7.724177
7.917748 7.517046
7.765437 7.370498
7.620050 7.330645
7.252431 7.322712
7.036757 7.070913
6.966652 6.872957
6.700684 6.350964
6.529973 6.361712
6.409595 6.289428
6.323898 6.243604
6.039643 6.068229
6.049461 6.121314
6.029649 6.143014
6.036979 6.219935
6.043686 6.253870
5.942693 6.293758
5.855139 6.358242
5.847586 6.397022
5.824013 6.346631
5.833677 6.166455
5.621634 5.995533
5.618720 5.867622
5.538470 5.696672
5.209990 5.612301
4.826202 5.419156
4.572812 5.343994
4.573834 5.354043
4.619182 5.339808
4.503783 5.256390
4.341139 5.152610
4.187218 5.038237
3.961339 4.655071
3.947235 4.510460
4.042844 4.628770
4.186037 4.690037
4.290578 4.835591
4.534253 4.992836
4.632775 5.135537
4.774633 5.281028
4.921096 5.257843
4.962696 5.220484
5.068942 4.952516
5.109123 4.925740
5.266027 5.037327
5.455195 5.195329
5.811786 5.517801
6.070408 5.762290
6.237569 5.974819
6.383296 6.072962
6.436002 6.110840
6.337023 6.028322
6.161664 5.821004
6.095747 5.700421
6.000386 5.584505
6.004791 5.611031
5.854624 5.475432
5.652373 5.292063
5.333442 5.143560
5.025563 5.020423
4.615038 4.832507
4.515390 4.706185
4.366377 4.521208
4.206961 4.403081
4.058541 4.453485
4.190246 4.605722
4.274358 4.752564
4.417335 4.812887
4.483134 4.739850
4.566458 4.778614
4.679017 4.748807
4.699104 4.855016
4.698208 4.890831
4.573052 4.815065
4.522015 4.918044
4.454545 4.879953
4.192842 4.706676
3.945821 4.372859
3.786277 4.216451
3.719101 4.170330
3.673547 4.016477
3.589666 4.051077
3.630078 4.108609
3.738881 4.090245
3.835981 4.022734
3.896001 4.092464
3.812350 3.999706
3.843833 3.902103
3.776800 4.006177
3.831129 4.136025
4.089638 4.319351
4.228642 4.582863
4.191303 4.596975
4.239359 4.594197
4.185215 4.566524
4.200355 4.551330
4.153145 4.653002
4.220043 4.645685
4.180733 4.506205
4.136407 4.284995
4.108980 4.174607
4.134719 4.145168
4.057023 4.142544
4.030680 4.033943
4.005009 4.086541
3.910628 3.985189
3.868093 4.041941
