3630
3380
3100
3070
3130
3120
3120
3130
3230
3200
3060
3100
3100
3130
3120
3080
3190
3070
3070
3190
3950
3050
3040
3060
3220
3170
3060
3270
3160
3300
3080
3120
3140
3100
3090
3120
3070
3060
3080
3180
3180
3060
3060
3440
3080
3100
3130
3120
3070
3190
3120
3140
3980
3300
3590
3050
3070
3060
3090
3370
3080
3100
3430
3070
3070
3230
3920
3080
3090
3380
3690
3210
3100
3740
3270
3070
3090
3050
3070
3170
3060
3070
3070
3070
3100
3110
3080
3150
3070
3180
3090
3100
3070
3080
3480
3990
3400
3490
3090
3210
3120
3060
3180
3070
3060
3140
3830
3190
3090
3200
3150
3080
3600
3080
4340
3430
3050
3100
3110
3510
3110
3920
4100
3240
3070
3060
3120
3100
3080
3160
3090
3050
3060
3060
3070
3060
3070
3100
3300
3930
3070
3200
3170
3060
3060
3080
3080
3490
3140
3200
3110
3110
3110
3140
3060
3060
3110
3160
4300
4440
4300
3280
3060
3050
3050
3070
3060
3010
3240
4530
3320
3060
3070
3120
3060
3450
3490
3070
3060
3200
3080
3060
3070
3790
3070
3100
3090
3060
3090
3150
3120
3050
3090
3100
3080
3080
3070
4080
4310
3890
3110
3130
3120
3130
3130
3120
3130
3140
3120
3240
3110
3130
3130
3100
3110
3120
3110
3120
3110
3220
3120
3120
3120
3130
3840
3120
3070
3070
2930
3140
3550
3090
3090
3090
3110
3130
3120
3130
3110
3220
3130
3100
3110
3130
3110
3110
3110
3100
3110
3230
3140
3070
3060
3060
3100
3500
3080
3070
3050
3180
3080
3740
3060
3060
3070
3050
3070
3070
3070
3170
3050
3060
3040
3070
3060
3460
3050
3050
3080
3160
3060
3060
2220
2680
3060
3080
3070
3070
3060
3190
3110
3120
3130
3110
3110
3100
3080
3040
4020
4370
3110
3040
3060
3120
3070
3320
3070
3380
3070
3210
3050
3080
3140
3060
3130
3160
4500
3520
3060
3620
3420
3060
3050
3060
3060
3060
3070
3040
3070
3160
3060
3060
3070
3080
3060
3070
