2.021379 2.144908
2.031444 2.201663
1.988199 2.237999
1.939937 2.318818
2.091625 2.557502
2.335223 2.900110
2.366138 3.169451
2.366442 3.486550
2.493799 3.879092
2.562303 4.248100
2.587016 4.511269
2.391517 4.593508
2.237748 4.754022
2.165443 4.793700
2.186841 4.859695
2.136456 4.808875
2.334421 4.961388
2.594240 5.202672
2.758689 5.347114
2.836147 5.368006
2.820295 5.198777
2.660594 4.938682
2.461356 4.634604
2.400635 4.408025
2.352648 4.162983
2.339877 4.112500
2.470259 4.156362
2.608513 4.084952
2.702505 4.170947
2.841373 4.198458
2.932353 4.205218
2.918575 4.167417
3.008908 4.329851
3.129386 4.579678
3.436947 4.945418
3.876723 5.313939
4.395066 5.847602
5.001739 6.295764
5.573672 6.847069
6.074705 7.150471
6.417486 7.374387
6.596851 7.434761
6.647610 7.383293
6.622999 7.258447
6.507355 7.099845
6.320297 6.994283
6.299955 6.994003
6.308967 7.114868
6.306827 7.309091
6.376755 7.397253
6.466586 7.550918
6.521282 7.602371
6.634241 7.571738
6.725622 7.649788
6.635871 7.645684
6.712466 7.497206
6.478843 7.481826
6.110771 7.354128
6.089740 7.224983
5.770137 7.000459
5.515882 6.800130
5.199571 6.482540
4.942001 6.289813
4.469844 5.792009
3.985941 5.560862
3.606946 5.080957
3.272954 4.786135
3.142978 4.507733
3.174515 4.404914
3.182303 4.528236
3.279847 4.541376
3.218831 4.446819
3.282768 4.537011
3.245349 4.619302
3.384362 4.795911
3.591928 5.111835
3.980639 5.399878
4.418599 5.694179
4.866014 5.978885
5.148445 6.230958
5.360453 6.393794
5.540727 6.559757
5.707826 6.736415
5.853970 6.791374
5.909031 6.858589
6.022498 6.987827
5.945934 7.084222
5.967278 7.125153
5.955966 7.045731
6.027009 6.969716
5.933503 6.990055
5.933883 6.967607
5.800558 6.896507
5.553079 6.744925
5.372075 6.549076
5.443464 6.647973
5.145865 6.405639
4.941041 6.347706
4.843430 6.308645
4.850980 6.216554
4.900173 6.256529
4.814784 6.135141
4.832992 6.015456
4.767213 5.995313
4.484668 5.750318
4.376531 5.701272
4.217750 5.661454
4.161869 5.624855
4.185253 5.483667
4.086000 5.338390
4.043497 5.260715
3.995982 5.152569
3.968272 5.030165
3.596021 4.938503
3.645662 4.884690
3.579562 4.933731
3.391473 4.890625
3.502312 4.833958
3.621071 4.787309
3.627270 4.859749
3.761731 4.801147
3.791318 4.898374
3.863998 5.027585
3.903837 5.025628
3.991944 5.013508
3.884218 5.023951
3.837211 5.015058
3.713758 4.828586
3.661097 4.808355
3.531851 4.697439
3.481699 4.653128
3.489635 4.571723
3.529641 4.573439
3.543991 4.548649
3.453711 4.507409
3.383820 4.533444
3.431132 4.502936
3.395886 4.492686
3.479962 4.566057
3.487245 4.579556
3.557078 4.509994
3.614072 4.573844
3.759440 4.521183
3.897574 4.673822
4.009811 4.682871
4.124054 4.760093
4.255286 4.811996
4.368483 4.897401
4.451668 5.068631
4.650083 5.244762
4.723258 5.276252
4.533716 5.160707
4.523353 5.167141
4.556440 5.207996
4.646035 5.367922
4.689806 5.447196
4.808108 5.463801
4.986359 5.656958
5.166058 5.830745
5.385194 6.067015
5.603507 6.301401
5.716923 6.526878
5.834546 6.604066
6.062567 6.734227
6.279714 6.930376
6.447631 7.102058
6.565615 7.196089
6.548693 7.242287
6.775198 7.434540
6.982210 7.675809
7.257102 8.079041
7.364844 8.286118
7.671309 8.452811
7.603024 8.539428
7.486482 8.395049
7.199738 7.965929
6.914606 7.617407
6.865762 7.478249
6.858274 7.482571
6.866241 7.405488
6.870794 7.451661
6.584588 7.340834
6.241423 7.261107
6.295334 7.324423
6.381476 7.419664
6.419532 7.354416
6.596797 7.435534
6.657814 7.552095
6.676009 7.638388
6.833301 7.773520
7.033074 8.083738
7.399036 8.579766
7.575346 8.755251
7.706373 8.938467
7.870136 9.132266
7.616304 9.024639
7.756246 9.217779
7.905822 9.399836
7.945692 9.340196
7.937992 9.257283
7.924130 9.235863
7.836092 9.105063
7.620364 9.005325
7.485407 8.701188
7.488246 8.650919
7.316492 8.597670
7.372061 8.666315
7.247375 8.547149
7.335618 8.664843
7.368501 8.701129
7.412479 8.776170
7.517307 8.908197
7.635563 8.851393
7.807333 9.018571
7.960888 9.202447
8.156796 9.349826
8.332214 9.415207
8.444247 9.545247
8.589731 9.690132
8.732685 9.880073
8.823963 10.026561
8.706168 10.098839
8.358944 9.899234
8.495631 10.068709
8.649490 10.240008
9.078917 10.606264
9.377605 10.921538
9.591452 10.938459
9.509632 10.933354
9.374918 10.779005
9.242841 10.581376
8.983714 10.387700
8.831328 10.234007
8.654206 9.999548
8.530732 9.932656
8.593911 9.952072
8.692571 10.020674
8.797157 10.083951
8.783187 10.057282
8.759589 9.961998
8.902890 10.061959
8.924637 9.925299
8.907096 9.905974
8.992143 10.055679
9.126527 10.161038
9.425135 10.475843
9.754007 10.723702
10.074527 10.884631
10.255729 11.005261
10.237931 10.951416
10.223301 11.017983
10.159312 11.066225
10.017023 10.873424
9.691416 10.656928
9.596309 10.547535
9.490227 10.352807
9.377111 10.296040
8.931741 10.100693
8.857643 9.947100
8.884680 9.999031
8.906462 10.006699
8.789428 9.854779
8.810708 9.891165
8.915818 10.014624
8.985395 10.120808
9.089087 10.174568
9.079824 10.125328
8.791453 9.864845
8.751754 9.845840
8.900823 9.942897
9.035453 10.012884
8.648350 9.644601
8.556027 9.512403
8.718143 9.631919
9.035193 10.017466
9.352386 10.250392
9.639784 10.476737
10.131931 10.653548
10.443162 10.984333
10.468510 11.054344
10.371088 11.030425
10.139810 10.959673
10.112151 10.909982
10.138794 10.879497
10.211613 10.895073
10.256769 11.023660
10.293737 11.117888
10.381589 11.268665
10.476584 11.464914
10.559623 11.542572
10.520743 11.604623
10.332573 11.425584
10.160703 11.095615
10.136980 11.104807
9.932009 11.163755
10.034851 11.291296
10.197790 11.508813
10.324246 11.661647
10.759961 12.143983
11.006605 12.478804
11.173102 12.646516
11.314903 12.782741
11.339452 12.609087
11.316458 12.523352
11.300241 12.421183
11.181419 12.086975
10.961065 11.894000
10.770373 11.653358
10.679233 11.507352
10.727026 11.506977
10.803313 11.530196
10.688719 11.400749
10.653455 11.362135
10.401765 11.235678
10.342947 11.043524
10.415913 11.171200
10.511907 11.278362
10.631311 11.425824
10.709046 11.764644
10.838279 11.903433
10.938905 11.821813
10.748279 11.671078
10.828718 11.667659
10.594175 11.426370
10.457264 11.283240
10.250873 11.104499
10.340316 11.174700
10.357680 11.231513
9.989538 11.230034
10.009263 11.292044
10.010314 11.298096
10.012439 11.370934
9.732165 10.973254
9.246340 10.574270
9.120392 10.182356
8.765198 9.778332
