0.325275
0.388064
0.359804
0.210117
0.075373
0.177590
0.459744
0.748354
1.086838
1.437677
1.810366
2.237234
2.605626
3.000400
3.438314
3.842355
4.320046
4.951807
5.376597
5.706153
5.786152
5.586911
5.291551
4.924796
4.436105
3.893413
3.354023
2.914607
2.418809
1.881516
1.480705
1.152014
0.962072
0.969927
1.089620
1.493077
2.059569
2.504206
2.970723
3.476428
3.829740
4.157845
4.126817
3.924850
3.339837
2.972111
2.586532
2.174225
1.841282
1.584266
1.551181
1.673198
1.814500
2.013836
2.324020
2.729163
3.138234
3.530592
3.981324
4.524407
4.865050
5.284358
5.533572
5.575540
5.349502
5.082553
4.766923
4.457281
4.129095
3.817359
3.463953
3.307472
3.092814
2.830976
2.803034
2.950045
3.082393
3.276387
3.478135
3.680335
3.878758
4.468202
4.861561
5.104833
5.660514
6.194074
6.680526
7.132121
7.704273
8.006904
8.623145
9.175087
9.901809
10.419978
10.990277
11.370856
11.894150
12.511782
13.073660
13.469251
13.954088
14.376456
14.593558
14.540585
14.220520
13.644568
13.096540
12.578290
12.010179
11.446288
10.892204
10.329033
9.764380
9.318503
8.831397
8.320815
7.794257
7.381055
6.992363
6.641003
6.410836
5.968328
5.672363
5.282706
5.104582
5.197530
5.501799
5.888218
6.186623
6.326746
6.485995
6.763371
7.021055
7.416232
7.623703
8.009190
8.373127
8.958400
9.285006
9.589742
10.025121
10.389072
10.746239
11.096676
11.523260
12.018997
12.536559
12.845369
13.240954
13.914611
14.268615
14.607341
14.705468
14.908672
15.200509
15.536313
15.593598
15.938946
16.338210
16.609285
16.959195
17.203443
17.379977
17.722276
17.899842
17.928401
18.097520
18.371031
18.632196
18.970815
19.148493
19.301819
19.278366
19.017234
18.541628
18.129675
17.719604
17.308219
16.954760
16.466880
16.269801
15.939025
15.851753
15.682945
15.616112
15.434539
15.189346
15.234457
14.884890
14.590757
14.484828
14.279459
14.423366
14.319187
14.290438
14.157608
13.974339
13.976231
13.618485
13.219786
12.818768
12.759634
12.795549
12.956782
12.860816
12.994623
13.030361
13.208741
13.557034
13.931010
14.365926
14.675147
15.090841
15.287149
15.814537
16.088353
16.293406
16.607639
16.898414
17.242279
17.740020
18.097356
18.497828
18.953788
19.153181
19.320434
19.297731
18.986668
18.587871
18.257870
18.119830
18.149200
17.815676
17.624641
17.283403
16.790633
16.239363
16.049454
15.425109
15.111439
14.977087
14.898071
14.907410
14.615451
14.363217
14.126546
13.604243
13.466651
13.360263
13.255270
13.164518
12.734666
12.612341
12.563682
12.752198
12.942572
13.175434
13.440333
13.666084
13.906907
14.076974
14.333725
14.401496
14.568652
14.780749
14.792413
14.992881
15.364048
15.724534
15.540097
15.591712
15.740827
16.336418
16.690971
17.203345
17.538775
17.706832
17.770906
17.408713
17.379378
17.015075
16.729030
16.603134
16.286111
15.821583
15.464884
15.119639
14.792943
14.336748
13.851017
13.552772
13.197492
13.109755
12.557287
12.382551
12.203356
11.719872
11.584184
11.335546
11.236034
10.908626
10.782227
10.516831
10.391241
10.008964
9.801119
9.747831
10.256722
10.583363
10.868463
11.216181
11.479741
11.955760
12.393451
12.917661
13.184732
13.544471
14.010101
14.482848
14.811256
14.762839
15.099883
15.361468
15.514077
15.894744
16.213899
16.640324
16.651959
16.974493
17.486268
17.844500
18.260781
18.673341
19.051237
19.323027
19.671202
