0.319308
0.412469
0.369698
0.322375
0.278192
0.305146
0.304161
0.384773
0.335439
0.207870
0.185914
0.159491
0.368883
0.554125
0.793195
0.945471
1.221992
1.432695
1.804588
2.166848
2.340420
2.197102
1.975753
1.489974
0.937492
0.603977
0.716109
1.095033
1.604856
2.212101
2.660314
3.053369
3.510847
3.927709
4.370348
4.778498
5.262466
5.678524
5.990815
6.346992
6.538946
6.555881
6.336444
5.902360
5.426664
4.782268
4.092570
3.539821
2.952553
2.467650
2.028533
1.682742
1.609356
1.719459
1.920471
2.064531
2.207627
2.236926
2.291062
2.213293
2.180882
2.256090
2.598493
2.786000
2.710432
2.518959
2.353594
2.380145
2.489444
2.725948
3.096897
3.466658
3.769976
4.071164
4.417504
4.678724
4.809842
4.985791
5.028745
5.152282
5.425838
5.753158
6.242825
6.793145
7.426624
7.991723
8.722999
9.498116
10.175735
10.791837
11.540246
12.038297
12.627551
13.293778
13.909466
14.573733
15.139426
15.779771
16.622712
17.375850
17.880062
18.248508
18.310243
18.149445
17.738550
17.372393
16.929032
16.491181
16.281105
15.906551
15.288065
14.889102
14.516213
14.139504
13.786086
13.433041
13.097706
12.823900
12.304813
11.867582
11.551043
11.039616
10.647444
10.365439
10.024841
9.762209
9.386671
9.145399
9.178366
9.419842
9.711740
9.964825
10.242361
10.494233
10.857369
11.206787
11.556201
11.890844
12.300320
12.747621
13.165207
13.463539
13.975858
14.398134
14.782649
14.974468
15.386635
15.585494
15.910297
16.192778
16.252466
16.139887
15.817410
15.434998
15.125978
14.870303
14.770987
14.649865
14.558867
14.581832
14.543702
14.700541
14.692213
14.665706
14.683718
14.754508
14.811467
14.800805
14.636464
14.583868
14.447459
14.144953
13.756958
13.434904
13.088527
12.844720
12.583920
12.420726
12.253974
12.176517
12.186476
12.309250
12.589069
12.783553
12.867272
13.099106
13.256622
13.360977
13.378973
13.223434
13.116181
13.280597
13.434729
13.504827
13.594223
13.768728
13.925203
14.259175
14.407285
14.315623
13.912029
13.364577
12.759780
12.136773
11.677458
11.205327
10.764479
10.365856
9.899164
9.648864
9.127218
8.639132
8.304947
7.939649
7.830180
7.704905
7.832523
8.058656
8.210936
8.331885
8.048843
8.020499
7.828637
7.669402
7.713937
7.651909
7.458097
7.262903
7.029090
6.787264
6.371082
6.127209
6.124196
6.298694
6.503455
6.898545
7.008958
7.235339
7.518787
7.518475
7.257628
7.224514
7.405093
7.462061
7.634797
7.811254
7.961224
8.167511
8.561470
8.933561
9.041811
8.980492
8.633094
7.947337
7.384666
6.938111
6.360967
5.798161
5.405988
5.094870
4.617328
4.239985
3.912640
3.517237
3.243167
2.928125
2.604650
2.365341
2.265410
2.253369
2.068219
1.875660
1.766301
1.957301
2.178045
2.542958
2.848983
2.868058
2.781683
2.778903
2.655525
2.419603
1.886236
1.607150
1.423675
1.610074
2.157174
2.779546
3.258020
3.647763
4.078090
4.544990
4.864529
5.270348
5.786733
6.079111
6.330211
6.688392
6.995952
7.379721
7.836213
8.200837
8.774004
9.037056
9.272077
9.164214
8.933240
8.392018
7.922836
7.402944
7.001089
6.507939
6.079440
5.704249
5.446839
5.095294
4.865039
4.684044
4.582949
4.478541
4.531223
4.526275
4.880083
5.021871
4.964114
4.862736
4.584462
4.085103
3.557833
3.079335
2.676347
2.203372
1.811045
1.190959
0.552353
0.178122
