2.004494 2.132087
1.919133 2.121493
1.865623 2.236115
1.939926 2.377967
1.970314 2.563404
2.100073 2.814058
2.229787 3.053202
2.348558 3.293964
2.413247 3.529363
2.420371 3.733628
2.292297 3.814406
2.214994 3.932436
2.022106 3.874036
1.886364 3.884778
1.921192 3.873457
2.039872 3.921624
2.100213 4.045009
2.124720 4.124878
2.248060 4.281968
2.343591 4.431089
2.309836 4.297365
2.151170 4.018640
1.990618 3.722522
1.812516 3.432782
1.839069 3.231102
1.886904 3.047660
1.927652 2.874034
1.992924 2.908685
2.014437 2.993420
2.150657 3.047042
2.247515 3.264576
2.292021 3.427679
2.484710 3.614191
2.728820 3.850125
3.034559 4.168183
3.511076 4.567174
4.076880 4.926341
4.726435 5.186088
5.302119 5.281660
5.870595 5.313163
6.190556 5.216459
6.301836 4.993669
6.066122 4.696335
5.703789 4.398952
5.274874 4.172244
4.946329 3.859538
4.701236 3.782412
4.457304 3.709686
4.220669 3.857650
3.926709 3.929807
3.635601 3.971654
3.267324 3.865571
2.621333 3.690953
2.203734 3.575206
1.863983 3.566797
1.616819 3.283409
1.709018 3.375316
1.754465 3.313712
1.789978 3.426624
1.861334 3.509339
2.001299 3.577546
2.069661 3.653047
2.086871 3.561235
1.934811 3.384040
1.752123 3.125580
1.596172 2.950862
1.570805 2.840439
1.621107 2.857891
1.718583 2.846440
1.850187 2.958225
1.911059 3.042626
1.975044 3.096866
2.160461 3.274210
2.419981 3.426809
2.707354 3.582117
3.087850 3.863158
3.601910 4.274318
4.243929 4.535778
4.836813 4.624921
5.182818 4.627170
5.380487 4.523356
5.624830 4.461240
5.816917 4.384820
6.058836 4.413857
6.306084 4.419512
6.486785 4.367687
6.704416 4.491916
6.929934 4.547686
7.186600 4.630858
7.470524 4.774977
7.844972 4.993528
7.763254 5.025140
7.564349 5.021667
7.253367 5.043686
6.981759 5.002371
6.810821 4.960695
6.520501 5.013383
6.028176 5.083928
5.772961 5.114133
5.445188 5.195997
5.610290 5.401298
5.392547 5.428275
5.073613 5.278904
4.624049 5.039733
4.101097 4.847509
3.858542 4.582271
3.732887 4.546348
3.520513 4.438800
3.529608 4.514963
3.653882 4.432671
3.821771 4.535521
3.623294 4.598446
3.716587 4.700812
3.831620 4.813978
3.609073 4.883286
3.783415 4.936024
3.846057 4.946080
3.842759 4.897052
3.914351 5.023775
4.032851 5.040712
4.197174 5.059383
4.163830 5.151615
4.153131 5.140865
4.160808 5.095271
4.265799 5.240847
4.235007 5.208450
4.122011 5.102371
3.900320 4.932885
3.654792 4.753374
3.367276 4.561960
3.294440 4.335154
3.275079 4.154327
3.199922 4.143529
3.041324 4.079167
3.107695 4.113980
3.130984 4.129557
3.157485 4.107378
3.255342 4.235945
3.326409 4.324145
3.371133 4.306864
3.478778 4.326429
3.443287 4.428373
3.611583 4.541656
3.677960 4.538775
3.760655 4.650019
3.771065 4.755526
3.819572 4.873392
3.839065 4.924500
3.926617 4.988623
3.965676 5.112885
4.048546 4.980682
4.102159 4.930667
4.066570 4.810805
4.009884 4.684468
3.906335 4.495500
3.824441 4.338683
3.796895 4.341718
3.727726 4.409420
3.636436 4.504749
3.514926 4.623839
3.496174 4.823769
3.307670 4.940258
3.007449 4.806872
2.916989 4.707214
2.874269 4.714969
2.812390 4.551597
2.742299 4.460246
2.899441 4.484119
3.160182 4.491437
3.427921 4.617054
3.801552 4.711836
4.122059 4.757338
4.273586 4.695776
4.350059 4.533941
4.195587 4.197738
3.947170 3.956772
3.679758 3.701004
3.498447 3.663731
3.116376 3.677929
2.900797 3.625936
2.871601 3.716099
2.697562 3.727809
2.579942 3.886140
2.547478 3.832516
2.494188 3.880193
2.494844 3.955684
2.649528 4.028324
2.766272 4.155549
3.079366 4.278996
3.483136 4.447586
3.841479 4.648845
4.210909 4.851702
4.549971 4.867611
4.779466 4.867892
4.922170 4.750244
4.845790 4.758872
4.854549 4.882242
4.930680 5.078356
4.801476 5.205630
4.650349 5.214198
4.236300 4.941425
3.953917 4.677706
3.763591 4.406776
3.736733 4.288451
3.781951 4.207479
3.747113 4.079712
3.889764 4.021677
3.933051 3.939469
3.972276 3.876251
4.006606 4.016205
4.050653 4.174350
3.950872 4.320333
3.777719 4.451310
3.620018 4.579709
3.384277 4.510593
3.160423 4.661830
3.010682 4.817946
2.942975 4.692787
2.981788 4.741573
2.968230 4.620658
3.165934 4.596672
3.293332 4.535357
3.363487 4.556170
3.600618 4.640292
3.918496 4.783928
4.294234 4.843154
4.605758 4.905164
4.785918 4.878835
4.817146 4.647190
4.633342 4.428681
4.465777 4.203680
4.120802 4.040080
3.727992 3.858660
3.427684 3.786683
3.141810 3.920019
3.068346 4.031612
3.041161 4.204566
3.079236 4.181715
3.049924 4.280963
2.921535 4.278572
3.033760 4.322546
3.201559 4.315990
3.420243 4.405136
3.639788 4.458658
3.975852 4.596045
4.387955 4.886517
4.777127 5.151083
5.222974 5.240769
5.405019 5.423424
5.476391 5.595790
5.283590 5.611185
5.075589 5.445378
4.817793 5.232089
4.596832 5.011132
4.438461 4.727174
4.321031 4.321220
4.230281 4.079738
4.047200 3.906180
4.022040 3.878533
4.099837 3.936523
4.118811 4.064461
4.170415 4.153306
4.020906 4.226878
3.663954 4.207094
3.499575 4.225125
3.271650 4.270134
2.977992 4.369491
2.841380 4.353807
2.836559 4.280603
2.774929 4.256026
2.928993 4.329203
2.854708 4.339667
2.978480 4.396779
3.235753 4.505923
3.636857 4.725721
4.168201 5.059611
4.847845 5.415793
5.473894 5.668996
5.845166 5.476483
5.971899 5.231662
5.705581 4.933323
5.427966 4.564624
5.143522 4.414566
4.849776 4.267862
4.268004 4.291741
3.714537 4.265391
3.195583 4.249108
2.749988 4.025118
2.471577 3.682570
2.330030 3.527908
2.312992 3.575336
2.217019 3.438399
2.341470 3.539639
2.573791 3.769971
2.835689 3.854898
3.309317 4.036924
3.809847 4.243320
4.407756 4.472384
4.879624 4.617273
5.308226 4.766094
5.525413 4.811382
5.688997 4.937139
5.812374 5.092123
5.695087 5.040128
5.535158 4.868671
5.326985 4.764785
5.089881 4.548472
4.864130 4.347278
4.581866 4.304153
4.492564 4.155425
4.412113 4.072230
4.282717 3.971805
4.300650 4.053206
4.312966 4.177296
4.412620 4.395714
4.389529 4.507814
4.324705 4.542745
3.903733 4.645845
3.677397 4.670278
3.387829 4.672273
3.282517 4.675260
2.891187 4.452706
2.529826 4.167031
2.208124 3.921856
2.203925 3.894159
2.261734 3.864018
2.520240 3.939720
2.544128 3.908676
2.671266 3.815701
2.867785 3.560067
3.095140 3.658566
3.248500 3.531763
3.464287 3.579109
3.631492 3.502835
3.846567 3.444064
4.046556 3.516019
