2.021379 2.144908
1.959388 2.204313
1.867618 2.248345
1.880735 2.383991
1.962313 2.584378
2.076740 2.797262
2.204701 3.096503
2.283000 3.468139
2.265896 3.776051
2.240300 4.019868
2.041997 4.096577
1.662588 4.150207
1.650575 4.066349
1.471538 3.865893
1.508107 3.628585
1.608859 3.619849
1.734640 3.731205
1.969493 3.798865
2.096683 3.862718
2.283409 3.957773
2.263536 3.959365
2.111402 3.782471
1.907926 3.537092
1.747726 3.286785
1.701580 3.123643
1.693192 2.942744
1.777384 2.871718
1.810481 2.690604
1.907959 2.592972
1.971152 2.616539
2.059654 2.765329
2.069423 2.862944
2.292893 3.078426
2.596399 3.404279
2.981222 3.871969
3.502443 4.334053
4.178328 4.759280
4.794564 5.157077
5.450734 5.390334
6.053378 5.544178
6.462513 5.682963
6.717827 5.604356
6.780382 5.363784
6.640245 5.137874
6.483158 4.849148
6.282044 4.632647
6.152914 4.529422
6.067926 4.539093
6.046939 4.651250
6.126903 4.890560
5.954210 5.082808
5.871879 5.046046
5.602728 4.982138
5.248817 5.017931
4.783455 4.838051
3.910685 4.692096
3.474593 4.562111
3.102993 4.418930
2.849608 4.343584
2.768622 4.211943
2.857155 4.138760
2.642795 3.971186
2.553746 3.777108
2.437307 3.530740
2.167130 3.141861
2.016818 2.860470
1.936287 2.774216
2.036361 2.680176
2.111024 2.640429
2.127522 2.630139
2.136717 2.756747
2.202511 2.777871
2.399959 2.967553
2.523232 3.223962
2.752636 3.496119
3.115346 3.924744
3.629197 4.449535
4.297186 4.912047
4.938505 5.248954
5.372888 5.373303
5.655965 5.506632
5.974283 5.580673
6.226523 5.741601
6.508207 5.790091
6.711036 5.889819
6.915209 5.966052
7.077798 6.016629
7.173227 6.056144
7.320954 6.116569
7.379776 6.105596
7.539166 6.299855
7.602788 6.344120
7.463552 6.416157
7.419478 6.458251
7.451425 6.509574
7.325053 6.508521
7.149225 6.446022
7.053274 6.336384
6.895750 6.141914
6.794451 6.157263
6.743011 6.141412
6.426731 6.064916
6.009647 5.919218
5.770711 5.727848
5.494574 5.430429
5.287493 5.362059
5.180572 5.334147
5.072952 5.200944
4.978583 5.087314
4.463510 4.992476
4.502995 4.958838
4.215952 4.744748
4.169416 4.624618
4.122794 4.572570
4.126740 4.449126
4.106435 4.300554
3.777073 4.260904
3.804382 4.244110
3.841035 4.318911
3.916707 4.238749
4.086593 4.309574
4.240385 4.336505
4.348360 4.446451
4.371802 4.488746
4.472376 4.526742
4.497826 4.506736
4.415030 4.413660
4.292065 4.312295
4.015056 4.096685
3.865737 3.929940
3.757512 3.927273
3.740376 3.787158
3.723420 3.731012
3.640464 3.749816
3.602189 3.726635
3.586241 3.769431
3.609405 3.806639
3.647410 3.780272
3.529280 3.900803
3.522969 3.865354
3.484646 3.870529
3.449050 3.964764
3.416254 4.126171
3.474203 4.192509
3.426525 4.335863
3.454510 4.396690
3.588968 4.347105
3.699222 4.540125
3.781385 4.597403
3.892699 4.753723
3.939857 4.756483
3.859703 4.670183
3.849830 4.600864
3.812466 4.550917
3.935885 4.606988
4.035558 4.713442
4.217335 4.888020
4.484443 5.102885
4.719251 5.319451
5.140507 5.686724
5.582669 6.005780
5.849924 6.160173
5.886477 6.276968
6.026825 6.165460
5.930219 6.190146
5.882190 6.195111
5.811375 6.077468
5.675965 5.990258
5.699962 6.043790
5.850182 6.239948
6.118618 6.632263
6.256363 6.782849
6.288020 6.883600
6.290444 6.908828
6.152853 6.730301
6.021486 6.538093
5.806855 6.265965
5.745671 6.220392
5.685867 6.163997
5.650978 6.202088
5.409927 6.144019
5.140111 5.828043
4.895838 5.671264
4.480764 5.304721
4.394532 5.219795
4.297357 5.110509
4.162247 4.937292
4.235721 4.993890
4.320588 5.094141
4.507301 5.439025
4.913439 5.744087
5.113604 5.961265
5.371585 6.193400
5.564528 6.343868
5.673652 6.530770
5.644744 6.634786
5.689955 6.709514
5.606243 6.746189
5.713302 6.892494
5.773384 6.973099
5.717549 6.963398
5.282846 6.650934
4.971481 6.480065
4.753918 6.178517
4.722313 6.075774
4.793323 6.020278
4.748033 5.996609
4.773417 5.980471
4.791674 5.861442
4.690070 5.829437
4.648985 5.835636
4.712849 5.871858
4.734394 5.886839
4.904243 6.036740
5.124081 6.257400
5.180110 6.281932
5.264274 6.375184
5.008894 6.314843
4.881374 6.168329
4.422219 5.884331
4.131549 5.785305
3.869759 5.687756
3.943729 5.736485
4.064020 5.993817
4.364198 6.363472
4.636941 6.696552
4.941850 6.992898
5.219304 7.167072
5.237771 7.170215
5.116606 7.055404
4.856901 6.854848
4.531825 6.655376
4.335283 6.520700
4.206365 6.601955
4.029397 6.714544
3.925170 6.658761
3.878896 6.574412
3.472179 6.279194
3.201143 5.931230
3.048115 5.647858
3.174797 5.556637
3.199475 5.352025
3.437649 5.424647
3.734648 5.546368
4.090683 5.881884
4.584244 6.317013
5.031515 6.666490
5.442241 6.902872
5.722965 7.106166
5.884552 7.068081
5.892446 6.761644
5.698024 6.506218
5.370108 6.280296
5.167267 6.066094
4.815381 5.768842
4.576852 5.585005
4.479533 5.382904
4.500495 5.178936
4.430630 5.206712
4.508748 5.271434
4.616640 5.266723
4.528638 5.236143
4.554270 5.259845
4.676008 5.374825
4.695525 5.577820
4.702471 5.798285
4.413913 5.985585
4.216497 6.173123
4.146910 6.111619
3.981955 5.964910
3.812837 5.852018
3.677271 5.786329
3.707441 5.946535
4.053874 6.256656
4.399900 6.698993
4.941204 7.302866
5.443680 7.808486
5.894982 8.260682
6.232857 8.387241
6.321231 8.396001
6.195347 8.290688
5.929919 8.132413
5.868184 8.107452
5.912319 8.119197
6.032043 8.224243
6.087824 8.393010
6.090502 8.470283
5.851829 8.433990
5.521540 8.293319
4.939956 7.944609
4.374078 7.435044
3.908453 6.712972
3.623366 6.347599
3.658438 6.153463
3.822988 6.263032
4.079920 6.416845
4.428837 6.735572
4.907167 7.120641
5.312673 7.408304
5.722407 7.589566
6.015550 7.775237
6.150036 7.907879
6.104034 7.904376
6.109095 7.237122
5.877675 7.083882
5.705259 6.596774
5.563155 6.331255
5.392888 5.949695
5.309981 5.683589
5.308837 5.389803
5.383061 5.209906
5.406328 5.150327
5.355606 5.213613
5.287024 5.123776
5.397827 5.282719
5.502366 5.446912
5.662033 5.685503
5.839194 5.960990
6.033323 6.287041
6.161912 6.589775
6.009909 6.595008
5.507173 6.428225
5.050830 5.965063
4.467482 5.570104
4.049747 5.328750
3.863451 5.258385
3.877739 5.335320
4.029223 5.400034
3.983352 5.470497
3.971727 5.464903
4.015113 5.554922
4.093772 5.513024
3.983198 5.468325
4.039924 5.351163
3.975689 5.241918
4.006770 5.269204
