1.994461 2.123836
1.998333 2.179975
2.050535 2.297553
2.144617 2.498183
2.291347 2.721955
2.456642 2.975145
2.654978 3.270574
2.843850 3.571255
3.073888 3.847554
3.315538 4.104006
3.267273 4.185833
3.199654 4.190199
3.125706 4.406015
2.981284 4.548616
2.644923 4.529417
2.640566 4.568416
2.613711 4.705822
2.620212 4.740010
2.616493 4.856683
2.700187 4.879156
2.611972 4.742416
2.510222 4.502781
2.244037 4.161823
1.966868 3.933899
1.900100 3.677877
1.872898 3.547769
1.830903 3.419747
1.901749 3.361117
1.999161 3.403195
2.175803 3.535003
2.303853 3.441158
2.401817 3.520196
2.618946 3.599070
2.830864 3.769634
3.136229 3.942047
3.576156 4.256494
4.118842 4.558585
4.680960 4.822144
5.157704 5.066267
5.651057 5.135159
6.041760 5.178865
6.234750 5.021885
6.166792 4.845425
6.058005 4.626916
5.871649 4.508174
5.702481 4.439654
5.465688 4.371564
5.147643 4.399448
4.801518 4.502002
4.527974 4.530728
4.097734 4.304074
3.536105 4.046100
2.801352 3.671164
2.293079 3.458268
2.027633 3.307253
1.790236 3.224322
1.544214 3.087903
1.545237 2.973956
1.639956 3.032448
1.747154 3.054841
1.889787 3.235950
2.002316 3.226225
2.062917 3.238497
2.009292 3.060821
1.862973 2.873195
1.702803 2.722709
1.615388 2.571012
1.690136 2.570998
1.788496 2.625724
1.831222 2.717313
2.017760 2.830073
2.114556 2.853830
2.233664 3.076120
2.423373 3.206891
2.643737 3.450404
3.033719 3.752060
3.551193 4.057894
4.188675 4.311623
4.587754 4.356269
4.821453 4.253687
5.010250 4.133315
5.101755 4.020953
5.196441 3.995817
5.388810 4.011402
5.570148 4.055547
5.707384 4.160329
5.991577 4.295892
6.244259 4.359587
6.719745 4.521732
7.072948 4.787614
7.461965 5.005730
7.666776 5.152171
8.143360 5.396853
8.417831 5.550386
8.883147 5.802268
9.418760 6.038808
9.867797 6.277531
10.334762 6.476521
10.729172 6.676991
11.295370 6.870288
11.454271 7.043691
11.616948 7.230780
11.513806 7.337456
11.202128 7.281987
11.125908 7.179018
10.731154 7.044795
10.611557 7.017279
10.481951 7.010531
10.304499 6.979101
10.226739 7.007635
10.316020 7.004809
10.247218 7.028232
10.078261 7.101479
10.027126 7.123144
9.767052 7.224016
9.664704 7.166147
9.343309 7.146330
9.160686 7.169862
8.846707 7.179589
8.741682 7.320588
8.510216 7.340809
8.477180 7.286355
8.076020 7.168249
7.769468 6.991291
7.573166 6.834794
7.297585 6.759927
7.145488 6.691455
6.594666 6.499473
6.258231 6.236364
6.009891 5.891405
5.545426 5.615876
5.322541 5.367069
5.110304 5.236231
5.047596 5.334536
5.009480 5.379508
4.982816 5.154894
4.963380 5.021177
4.763391 5.145359
4.876342 5.270217
4.820483 5.318358
4.935827 5.444628
5.064224 5.458017
5.014579 5.279710
5.077622 5.307262
5.148407 5.343459
5.249884 5.357018
5.251834 5.412064
5.335882 5.503133
5.113392 5.561496
5.211888 5.661563
4.936487 5.537801
4.657364 5.396229
4.485584 5.277652
4.391880 5.139863
4.302177 4.972397
4.208938 4.961023
4.181178 5.000228
4.115623 5.052159
4.072938 5.200734
4.030773 5.308202
4.019303 5.621305
3.940585 5.696012
3.918173 5.893622
3.879166 6.090949
3.864003 6.253843
3.947023 6.327987
3.751732 6.360183
3.733159 6.294543
3.794723 6.123143
3.893576 5.883995
4.164322 5.777288
4.240364 5.584999
4.436263 5.466047
4.505574 5.356412
4.393287 5.028827
4.149583 4.654094
3.972147 4.471983
3.696040 4.418888
3.357963 4.472945
3.197994 4.500969
3.100207 4.504681
3.059293 4.717149
3.068257 4.871014
3.011662 4.964190
3.079905 5.057301
3.138421 5.037793
3.248069 5.044920
3.265327 5.057987
3.437019 4.964790
3.559428 4.874819
3.872986 4.971435
4.301436 5.195169
4.803971 5.285775
5.254736 5.359255
5.678725 5.338802
5.944450 5.390446
5.918944 5.501686
5.863351 5.610916
5.731814 5.577784
5.374459 5.535850
4.923182 5.315258
4.614270 4.980342
4.499342 4.733913
4.488597 4.559077
4.621221 4.506540
4.821307 4.589051
4.941575 4.631962
5.074669 4.778956
5.087788 4.869719
5.054834 4.761528
5.000426 4.696372
4.792541 4.662779
4.528189 4.570960
4.164447 4.487218
3.846040 4.421949
3.700019 4.595219
3.563618 4.845326
3.455790 4.983019
3.280627 5.187113
3.082208 5.147251
3.198165 5.165228
3.317751 5.119583
3.406249 4.855499
3.604078 4.810433
3.940193 4.801905
4.252730 4.937748
4.453009 5.090020
4.570575 5.104920
4.557965 4.879098
4.436686 4.505149
4.186636 4.289190
3.913916 4.158476
3.618268 4.079958
3.367728 3.994836
3.255036 4.027368
3.217932 4.155928
3.154280 4.354294
3.273837 4.429484
3.297057 4.428336
3.207830 4.495953
3.221128 4.520942
3.253077 4.573701
3.455430 4.496756
3.699169 4.541123
4.101492 4.628719
4.514604 4.775930
4.912298 4.982121
5.257913 5.091077
5.587979 5.100071
5.725617 5.123024
5.785387 5.085322
5.701286 4.934372
5.509945 4.780794
5.258268 4.682980
5.109239 4.518724
4.857131 4.464927
4.731392 4.481621
4.682403 4.477026
4.641859 4.531414
4.529480 4.546838
4.389076 4.623310
4.261779 4.723361
3.924411 4.484810
3.613662 4.489364
3.274425 4.514136
3.058667 4.584814
2.901499 4.615751
2.879642 4.868057
2.893993 5.009354
2.847010 5.012871
2.817032 4.824489
2.742034 4.568997
2.831718 4.399895
3.021308 4.329660
3.448746 4.550199
3.955396 4.930484
4.484727 5.479224
5.045938 5.835012
5.449084 6.053252
5.677763 6.024306
5.599071 5.901650
5.476505 5.563839
5.249938 5.258930
4.805322 5.027010
4.333728 4.604027
3.941077 4.465544
3.629681 4.468034
3.529898 4.614687
3.425361 4.684416
3.428114 4.638448
3.259804 4.621259
3.211102 4.513166
3.025736 4.375064
3.039404 4.253708
3.073247 4.230899
3.326835 4.343254
3.681624 4.582643
3.975999 4.762849
4.395039 4.901385
4.849387 5.129461
5.225363 5.311433
5.530136 5.304833
5.689905 5.235154
5.756170 5.185349
5.709178 5.004838
5.473724 4.930561
5.297950 4.713823
5.143481 4.440724
5.093251 4.386166
5.154532 4.369473
5.266369 4.512142
5.247819 4.643235
5.265854 4.509235
5.258544 4.514245
5.085759 4.413232
4.832144 4.342912
4.576272 4.225505
4.221509 4.057588
3.927423 4.058497
3.756271 4.260938
3.756136 4.545470
3.816069 4.767416
3.924179 5.068956
3.943343 5.247368
3.849238 5.209310
3.594689 4.809653
3.427912 4.729537
3.388068 4.312852
3.266844 4.084926
3.239697 3.975256
3.368903 3.797024
3.440889 3.662023
3.619729 3.641787
3.776410 3.723652
3.923683 3.690998
4.022779 3.672121
