200
190
190
190
190
190
180
190
190
190
190
270
370
370
370
390
370
380
370
370
380
450
550
540
640
630
630
630
630
640
650
630
730
730
720
720
730
730
720
730
730
720
720
730
720
720
730
730
720
710
740
820
810
820
810
810
910
1000
1010
1000
1010
1080
1100
1070
1090
1270
1220
1180
1690
1530
1180
1200
1220
1220
1210
1220
1220
1210
1220
1210
1220
1220
1220
1330
1340
1330
1330
1330
1340
1330
1340
1340
1340
1330
1330
1340
1330
1450
1440
1450
1460
1440
1440
1540
1540
1560
1550
1530
1550
1540
1560
1540
1540
1540
1510
1510
1510
1500
1500
1510
1510
1490
1500
1500
1510
1600
1610
1600
1630
1700
1980
1700
1700
1820
1820
1820
1850
1880
1800
1810
1820
1810
1810
1800
1810
1810
1820
1820
1810
1830
1860
1850
2040
1820
1800
1820
1810
1820
1820
1840
1840
1800
2180
2080
1960
1920
1920
1920
1920
1900
1910
2350
2120
2090
2190
2320
3170
2750
2490
2680
3250
2350
2400
2350
2360
2350
2370
2720
2430
2340
2360
2360
2340
2480
2340
2520
2520
2490
2540
3360
2440
3520
2540
2770
2460
2490
2790
2460
2470
2450
2560
2540
2580
2550
2560
2560
2550
2580
3990
2920
2670
2690
2710
3110
2690
2750
2760
2770
2730
2700
2660
2690
2760
2680
3490
4280
4300
4460
3100
2930
3710
2990
3000
3220
3110
3340
2940
2930
2980
3000
2950
2920
2920
2890
2920
2920
2930
3010
2990
3010
3020
3100
3030
3040
3050
3020
3130
3150
3110
3160
3150
3170
3150
3330
3300
3460
3400
3380
4080
4570
3380
3570
3500
3480
3580
3510
3820
3480
5020
5090
3650
3590
3730
3730
3730
3860
3790
3730
3920
3870
3830
3850
3860
3870
5860
4460
4960
4780
3970
4110
4120
4220
4120
4130
4080
4100
4200
4260
4270
4260
4320
4360
4350
4410
4480
4460
4470
4470
4480
4470
4480
4480
4470
4490
4770
4350
