2.073093 2.154410
2.123840 2.247803
2.165987 2.417661
2.223055 2.617130
2.334729 2.826769
2.456144 3.070974
2.635030 3.343412
2.869083 3.669128
3.099679 3.958591
3.402800 4.274000
3.547315 4.460744
3.644036 4.733838
3.811127 5.005203
3.964666 5.248791
3.898070 5.391941
3.843797 5.551052
3.813142 5.653913
3.565628 5.739978
3.620672 5.768502
3.594940 5.811139
3.407167 5.647077
3.198121 5.239865
2.631705 4.741340
2.361893 4.397123
2.252048 4.151790
2.263873 4.021464
2.252817 4.001691
2.314439 4.121962
2.503011 4.292785
2.651837 4.392040
2.757549 4.512270
2.817690 4.595435
2.893313 4.667786
3.125995 4.659188
3.299272 4.638668
3.552792 4.681238
3.772688 4.857206
4.188472 5.156584
4.771170 5.600406
5.347785 5.939691
5.798843 6.182007
6.157566 6.364444
6.275405 6.461391
6.335752 6.445845
6.284797 6.356464
6.277710 6.287583
6.204423 6.223297
5.936404 6.221716
5.662876 6.167737
5.340767 6.011407
4.964062 5.827720
4.620195 5.864411
4.326125 5.809878
4.145030 5.852010
4.101740 6.076382
4.054209 6.127290
3.985074 6.078349
3.608150 5.873813
3.163320 5.504226
2.802851 5.236178
2.564302 5.126086
2.531280 4.965125
2.476102 4.501496
2.364930 4.204243
2.043847 3.865982
1.939760 3.604223
1.890243 3.393111
1.930394 3.498277
2.064331 3.727717
2.258923 4.011863
2.490101 4.356960
2.668575 4.649958
2.873200 4.912001
3.077161 5.047656
3.155975 5.155003
3.387173 5.279155
3.632993 5.486497
3.994684 5.738845
4.316784 6.034316
4.580062 6.297655
4.890861 6.442349
5.323082 6.701320
5.704209 6.957715
6.009306 7.222336
6.430744 7.475033
6.840587 7.692945
7.264662 7.987978
7.657741 8.359944
8.044874 8.689984
8.479247 9.007250
8.869658 9.362924
9.361306 9.625084
9.626164 9.939364
9.877087 10.139458
10.174782 10.430159
10.446451 10.728212
10.685918 11.004546
10.954094 11.156732
11.329179 11.382672
11.511095 11.643691
11.685530 11.918478
11.908296 12.077068
11.971585 12.125402
12.027903 12.141320
12.028749 12.077939
11.944663 12.008982
11.960374 11.936565
11.956918 11.883581
12.093194 11.850712
12.149045 11.829384
12.198374 11.857917
12.312055 11.919762
12.387202 12.112215
12.482877 12.184631
12.564032 12.315680
12.706961 12.441473
12.840257 12.565241
12.955572 12.664269
13.057692 12.871405
13.127875 12.967284
13.199503 13.095575
13.297667 13.233247
13.609147 13.344194
13.882178 13.438995
14.074352 13.628603
14.309285 13.699670
14.409041 13.751227
14.400913 13.761332
14.435322 13.700038
14.405561 13.698378
14.433219 13.703524
14.495000 13.700564
14.518223 13.721861
14.569285 13.784069
14.720205 13.845331
14.826004 13.904936
14.867429 13.930408
14.930803 13.958524
15.090050 14.083004
15.190971 14.095880
15.330623 14.147962
15.409705 14.213963
15.499397 14.251386
15.629434 14.312530
15.708656 14.372621
15.842376 14.476910
15.967203 14.574708
16.133553 14.634599
16.248356 14.727242
16.388231 14.824198
16.505946 14.890854
16.571034 14.933963
16.661538 14.948782
16.620804 14.803755
16.714539 14.852396
16.819490 14.916595
17.133705 14.978290
17.242291 15.090823
17.428176 15.272813
17.776661 15.450995
17.886608 15.539353
18.162973 15.831423
18.382225 16.056307
18.662817 16.313240
18.908308 16.625330
19.096697 16.703676
19.289301 16.776732
19.401518 16.869781
19.466865 16.996894
19.594505 17.110940
19.716883 17.233848
19.761865 17.309795
19.794561 17.340903
19.788304 17.312403
19.809148 17.288807
19.823305 17.269082
19.857874 17.258695
19.897050 17.256610
20.015067 17.301356
20.203034 17.377258
20.387341 17.456091
20.659332 17.483814
20.777469 17.534987
21.029473 17.544009
21.093242 17.619902
21.136083 17.665728
21.169396 17.747232
21.218335 17.852941
21.257503 17.919072
21.299186 18.001341
21.349178 18.088251
21.401322 18.177623
21.437562 18.291675
21.487874 18.382908
21.554724 18.499980
21.603943 18.601153
21.729211 18.715070
21.831928 18.802839
22.044936 18.859685
22.127592 18.854309
22.173792 18.882193
22.181725 18.808967
22.181271 18.735202
22.180671 18.687023
22.195417 18.647980
22.187498 18.639726
22.187022 18.597975
22.229051 18.599047
22.234914 18.609895
22.300751 18.633292
22.377547 18.626960
22.467172 18.643409
22.546326 18.648804
22.718806 18.822730
22.801077 18.978113
23.017063 19.141545
23.312283 19.272980
23.399146 19.389707
23.411518 19.526959
23.447673 19.632611
23.553512 19.670321
23.700764 19.796806
23.716201 19.903793
23.744105 19.999640
23.838678 20.096561
23.882228 20.160798
23.923100 20.189676
23.961209 20.212738
23.975620 20.220501
23.987825 20.171174
24.034663 20.226170
24.054006 20.218943
24.067149 20.197559
24.150354 20.254684
24.330677 20.369023
24.428584 20.490991
24.518980 20.538470
24.560248 20.618901
24.609746 20.683325
24.675761 20.729860
24.722968 20.799358
24.764503 20.855842
24.720011 20.923900
24.717836 20.964790
24.725130 20.796600
24.777618 20.845586
24.843690 20.922637
24.900823 20.965527
24.950872 21.002592
25.051898 21.068283
25.100294 21.121533
25.119466 21.155839
25.156725 21.198309
25.126624 21.169317
25.109129 21.140736
25.124636 21.183326
25.137580 21.220565
25.157999 21.233360
25.168184 21.282649
25.194674 21.330789
25.331132 21.394517
25.466106 21.437552
25.551029 21.621914
25.808511 21.797403
25.949535 21.846943
26.037124 21.910561
26.099923 21.977344
26.177040 22.040961
26.241982 22.116641
26.404402 22.228657
26.334049 22.298599
26.247915 22.299515
26.314769 22.354442
26.362455 22.463210
26.372434 22.544643
26.435253 22.625127
26.498340 22.697961
26.516771 22.720165
26.518917 22.745671
26.525256 22.738280
26.518633 22.682198
26.507822 22.663217
26.515104 22.654041
26.562087 22.649443
26.624649 22.648338
26.688184 22.658233
26.772864 22.716247
26.845740 22.738400
26.934660 22.782885
27.037200 22.798264
27.149469 22.744151
27.252871 22.838245
27.144719 22.799123
27.164371 22.841128
27.218180 22.886666
27.241310 22.956805
27.218858 22.949323
27.264336 23.052987
27.289540 23.125504
27.310863 23.099483
27.231077 23.147492
27.247132 23.328147
27.243581 22.920052
27.283389 22.864560
27.148698 22.804924
27.116025 22.786147
27.036683 22.694618
27.003709 22.646595
26.953213 22.605636
26.983453 22.586977
27.041966 22.564962
27.009888 22.394020
27.061843 22.372067
27.060780 22.202321
27.093982 22.173081
27.182775 22.172679
27.104066 22.187391
27.112805 22.140106
27.236668 22.116056
27.368042 22.142365
27.491977 22.192543
27.604013 22.230560
27.725588 22.202663
27.549710 22.236401
27.464943 22.144636
27.400267 22.102167
27.204953 22.015547
27.125358 21.991664
27.033516 21.813231
26.880824 21.804390
26.707947 21.649699
26.624118 21.725062
26.513274 21.611628
26.312306 21.578352
26.241319 21.491988
26.128415 21.376495
