0.325275
0.388064
0.359804
0.210117
0.075373
0.177590
0.459744
0.748354
1.086838
1.437677
1.810366
2.173535
2.582881
2.750323
2.953935
3.237816
3.537348
3.898372
4.265150
4.620771
4.831385
4.708542
4.348004
3.775257
3.246277
2.775910
2.477740
2.075996
1.762615
1.384392
1.142709
0.863768
0.817604
0.836354
1.134644
1.487542
1.873861
2.290674
2.786931
3.181462
3.629435
3.901616
3.897641
3.552556
3.112383
2.647424
2.162042
1.862306
1.541896
1.343994
1.138648
1.133859
1.451841
1.642693
1.964172
2.247003
2.623432
2.982449
3.513429
4.121254
4.528111
5.015463
5.205609
5.187609
5.009982
4.617156
4.234207
3.802127
3.540542
3.239285
3.042340
2.916485
2.924836
2.977456
3.190949
3.403451
3.817558
4.285925
4.927954
5.517746
5.897164
6.318263
6.840326
7.436595
8.037191
8.523749
9.216914
9.801917
10.406717
11.189020
11.730388
12.396891
12.858090
13.360973
14.068275
14.731764
15.049415
15.737131
16.316303
17.005198
17.580184
18.000008
18.452438
18.870073
18.754010
18.696742
18.484656
18.202533
18.059518
17.853164
17.692927
17.502158
17.371079
17.311899
17.186372
16.899341
16.686703
16.542103
16.353094
16.278898
16.244787
16.074364
15.969349
16.167412
16.037893
16.338270
16.894624
17.436513
17.793194
18.240681
18.564931
19.007223
19.395367
20.078474
20.656445
21.217467
21.539446
21.887196
22.470477
22.934105
23.465005
24.159110
24.721906
25.281061
25.807783
26.291529
26.736811
27.142279
27.626983
28.020803
28.294347
28.723385
29.235808
29.657765
30.123706
30.532438
31.172428
31.715740
32.239005
32.808016
33.503183
34.220717
35.034500
35.522320
35.948462
36.563730
37.199174
37.781682
38.493795
38.789086
39.398953
39.553255
39.548291
39.295758
38.944350
38.648250
38.255881
37.834631
37.456658
37.202496
36.866256
36.399631
36.231026
35.974417
35.427632
35.101397
34.633519
34.268956
33.767740
33.105565
32.587196
32.197932
31.776289
31.323391
30.912114
30.452567
29.954102
29.569966
29.295376
28.821815
28.651748
28.694857
29.145030
29.300511
29.717995
30.114652
30.485441
30.866552
31.220815
31.629398
31.970885
32.471819
33.006588
33.545217
34.215211
35.041260
35.760190
36.447115
37.139439
37.728313
38.429565
38.808395
39.061006
39.369649
39.901949
40.047908
40.056519
39.765161
39.360091
38.913638
38.431915
37.848474
37.333685
36.976902
36.723138
36.432572
36.050051
35.728257
35.351721
34.661684
34.053424
33.553146
32.875265
32.389125
31.872838
31.345860
30.886243
30.380194
29.904174
29.375145
28.952699
28.677616
28.528355
28.603217
28.998400
29.468628
29.969451
30.391960
30.773676
31.170605
31.363305
31.870658
32.450761
33.126486
33.811878
34.371717
34.954619
35.576562
36.227586
36.827699
37.446497
37.912561
38.465967
38.909268
39.403193
39.849268
40.383907
40.563730
40.153103
39.710401
39.672859
39.576100
39.282101
39.145043
38.826232
38.460735
38.097216
37.579902
36.942583
36.495181
35.893793
35.251289
34.664340
33.981765
33.438652
32.895981
32.358729
31.892513
31.390950
30.935452
30.492695
29.907088
29.446093
28.966865
28.454907
28.359172
28.565148
28.921589
29.229878
29.631872
30.075001
30.472440
30.970043
31.332958
31.629759
32.042241
32.378891
32.794926
33.329373
33.906415
34.507145
35.298867
35.991865
36.583849
37.157122
37.626975
38.166853
38.473576
38.596065
38.681082
38.770448
38.936601
39.101793
39.311864
39.435330
39.495229
