2.027822 2.136405
2.096544 2.230545
2.063678 2.319997
2.049578 2.443742
2.175726 2.682397
2.411393 3.010598
2.497425 3.324456
2.551173 3.577748
2.697652 3.895840
2.882077 4.202875
2.932741 4.424007
2.921300 4.554211
2.888078 4.677195
2.778076 4.742261
2.877050 4.858663
2.746598 5.070088
2.855721 5.179523
2.971497 5.322563
3.039815 5.394484
3.074345 5.411125
3.031356 5.328126
2.668258 5.104240
2.467801 4.886862
2.329828 4.653110
2.189001 4.416032
2.173022 4.279469
2.235160 4.225232
2.299263 4.159336
2.339305 4.135684
2.448148 4.127770
2.550348 4.136399
2.626270 4.230513
2.723772 4.376989
2.945753 4.453532
3.220406 4.754257
3.514565 5.037923
3.931975 5.305530
4.504647 5.694319
5.117254 5.993551
5.685213 6.295038
6.048600 6.465259
6.316832 6.455183
6.392828 6.242852
6.390227 6.116988
6.383982 5.975676
6.298928 5.829376
6.203384 5.817873
6.126356 5.892721
5.881889 5.776160
5.519467 5.739968
5.364995 5.666869
4.876554 5.666424
4.339287 5.411085
3.772563 4.926442
3.356935 4.797556
3.291831 4.657688
3.058251 4.402699
2.828923 4.241024
2.759197 4.074379
2.574415 4.035524
2.344871 4.062816
2.402471 4.081738
2.316510 3.986039
2.240233 3.778588
2.049927 3.521207
1.914115 3.248665
1.879132 3.137096
2.010903 3.142080
2.139726 3.134393
2.235955 3.171445
2.320204 3.314922
2.456503 3.354231
2.623097 3.492199
2.802262 3.648795
3.060962 3.907687
3.403904 4.270378
3.792275 4.622805
4.355801 5.014201
4.788902 5.299346
5.079369 5.447791
5.327051 5.501544
5.585199 5.642835
5.882017 5.790954
6.127583 5.993594
6.416497 6.130308
6.712005 6.318066
6.984463 6.561465
7.320071 6.758217
7.609721 6.844475
7.951824 6.961853
8.355729 7.217421
8.631645 7.369872
8.910412 7.386714
9.153923 7.476762
9.341378 7.555975
9.442202 7.495509
9.466133 7.435786
9.479530 7.384009
9.397373 7.154187
9.466483 7.204542
9.762930 7.369816
9.788270 7.199164
9.698013 7.049147
9.619482 6.850816
9.455095 6.755688
9.268038 6.637594
8.771377 6.566381
8.659103 6.541828
8.425215 6.521316
8.273497 6.475577
8.323174 6.610116
8.121050 6.740455
7.904077 6.748484
7.675018 6.546426
7.623981 6.679090
7.501633 6.780984
7.412288 6.787992
7.126549 6.786549
6.976966 6.795104
6.669593 6.841255
6.704891 7.014368
6.859425 7.233947
6.772408 7.267756
6.524231 7.357894
6.590984 7.393091
6.441043 7.373608
6.181737 7.353282
6.140069 7.331335
5.935904 7.210588
5.736485 7.035669
5.717941 7.003155
5.712009 7.015114
5.618817 7.027642
5.584965 7.045122
5.499786 6.974966
5.591345 7.032670
5.660325 6.807692
5.695891 6.887510
5.763594 6.801427
5.784898 6.714674
5.849616 6.814943
5.837454 6.950465
5.984994 7.070786
6.065947 7.173799
6.055716 7.138226
6.170464 7.183893
6.187174 7.228407
6.269643 7.175348
6.347381 7.099632
6.334306 7.157125
6.384506 7.187416
6.386129 7.139688
6.224337 6.994597
6.137746 7.010747
6.185878 6.863087
6.114742 6.763880
5.849928 6.720460
5.785660 6.857463
5.759693 6.882264
5.707276 6.970344
5.687177 7.138528
5.615858 7.163267
5.526653 7.065031
5.526894 7.095905
5.162756 7.129872
5.221650 7.236295
5.192288 7.270664
5.251074 7.367904
5.341377 7.250084
5.502345 7.401254
5.640631 7.418674
5.780179 7.476633
5.783727 7.433505
5.722310 7.179238
5.554583 7.009508
5.472955 6.854246
5.301684 6.621377
5.178782 6.560356
5.038869 6.617012
4.882369 6.584663
4.928919 6.641272
4.881101 6.748935
4.794235 6.642210
4.831276 6.671598
4.759709 6.567173
4.721235 6.504258
4.816881 6.365768
4.940556 6.472573
5.045615 6.520978
5.293497 6.622907
5.562573 6.768963
5.843121 6.783909
6.069250 6.851501
6.250698 6.984283
6.366681 7.041917
6.483939 7.099707
6.400755 7.181930
6.379383 7.239048
6.292395 7.256784
6.157328 7.103284
5.854915 6.908576
5.721457 6.716050
5.665309 6.600305
5.547931 6.410281
5.539841 6.332279
5.604604 6.254357
5.563117 6.104731
5.523649 6.020713
5.567957 6.024107
5.535394 6.121248
5.564130 6.128044
5.542293 6.270519
5.317801 6.320491
5.283270 6.552088
5.199927 6.820815
5.017548 6.953003
5.013660 6.719481
5.038218 6.730914
5.003766 6.768451
4.999966 6.680794
5.037099 6.675780
4.975951 6.796733
4.896918 6.781247
4.899834 6.907744
4.870759 6.988162
5.125687 7.173072
5.332993 7.341480
5.374841 7.318349
5.187398 7.059274
4.850705 6.532936
4.627325 6.406559
4.507693 6.269433
4.228095 5.850833
4.135471 5.692153
4.197162 5.602574
4.239295 5.485902
4.284653 5.544138
4.352990 5.372736
4.403993 5.450302
4.366048 5.500213
4.484288 5.510458
4.581406 5.591959
4.664816 5.636833
4.792766 5.671689
4.853170 5.879827
5.120210 6.111848
5.535098 6.418295
5.890089 6.606514
6.164142 6.853701
6.291621 7.002179
6.234024 7.057328
6.106702 7.107321
5.930087 7.040216
5.499760 6.597029
5.437887 6.387704
5.378038 6.231979
5.287494 6.137984
5.220302 6.065563
5.261941 6.007169
5.206973 5.980871
5.243497 5.664894
5.249201 5.595321
5.166386 5.703343
4.917167 5.643709
4.664455 5.700663
4.500197 5.582403
4.352963 5.462241
4.242197 5.566793
4.287695 5.547956
4.340994 5.554584
4.439392 5.583923
4.412701 5.523408
4.441049 5.512319
4.547051 5.649273
4.785954 5.871565
5.326026 6.270146
5.788598 6.417952
6.239402 6.531363
6.618135 6.477630
6.614151 6.295194
6.379675 6.186044
6.139317 6.080220
5.944531 5.922568
5.676210 5.976908
5.489794 5.998306
5.237441 5.914290
5.056933 5.827594
4.889879 5.684973
4.636530 5.559904
4.581814 5.541789
4.471192 5.531330
4.324852 5.337691
4.277952 5.247674
4.300191 5.331817
4.443105 5.436074
4.640482 5.584199
4.880242 5.502320
5.209424 5.647026
5.586788 5.929204
5.886754 6.175124
6.097064 6.335602
6.153136 6.440041
6.215406 6.608220
6.062324 6.579540
5.806123 6.496680
5.626251 6.453087
5.457388 6.273455
5.159561 6.013860
5.079318 5.873141
5.117984 5.851293
5.177276 5.840170
5.256627 5.799349
5.375613 5.734697
5.457048 5.823986
5.332555 5.789637
4.988997 5.731967
4.813177 5.676692
4.690623 5.688234
4.468961 5.697580
4.502955 5.699614
4.592256 5.711963
4.477596 5.611845
4.447277 5.672483
4.436820 5.529613
4.425309 5.576379
4.503629 5.526825
4.654831 5.341796
4.667763 5.285167
4.656258 5.095244
4.578290 5.189330
4.405743 5.064739
4.476024 5.095540
4.427687 5.028234
4.293016 4.975818
4.342728 5.077528
4.209345 5.007633
