1.994461 2.123836
1.998333 2.179975
2.050535 2.297553
2.144617 2.498183
2.291347 2.721955
2.456642 2.975145
2.654978 3.270574
2.843850 3.571255
3.073888 3.847554
3.315538 4.104006
3.493093 4.282615
3.646789 4.445434
3.897250 4.733596
4.132797 5.035423
4.310099 5.203572
4.421124 5.173080
4.203746 5.028570
4.102653 4.717490
3.828881 4.408754
3.495579 4.172816
3.345878 3.846616
2.990524 3.393977
2.689560 2.918234
2.501817 2.524827
2.292949 2.350638
2.275059 2.373005
2.436746 2.518835
2.689788 2.761421
2.944773 3.030705
3.171523 3.329940
3.362695 3.596656
3.441610 3.796017
3.210398 3.889158
3.054147 3.694393
3.032204 3.487935
2.945338 3.329752
2.971045 3.258624
3.165241 3.388100
3.400639 3.629237
3.769709 4.054497
4.137570 4.423098
4.336420 4.698856
4.431730 4.941090
4.460107 5.017459
4.397445 4.951526
4.250327 4.819902
3.991710 4.564443
3.681572 4.005619
3.213000 3.560827
2.934548 3.165106
2.813746 3.018861
2.777767 2.962108
2.947991 3.105802
3.256918 3.430094
3.703342 3.803849
4.111144 4.214402
4.382422 4.491830
4.458586 4.508251
4.398972 4.384886
4.274046 4.054030
3.968858 3.750198
3.597834 3.259053
3.225559 2.969495
2.831177 2.595820
2.578989 2.270123
2.382152 2.114545
2.332869 2.178842
2.499714 2.334657
2.757909 2.610617
3.202441 3.034195
3.635733 3.514754
3.996404 3.871121
4.307698 4.192412
4.444783 4.321757
4.605320 4.296277
4.538073 4.215713
4.462872 4.050683
4.313141 3.982318
4.192757 3.949985
4.179902 3.949262
4.203203 4.061275
4.457879 4.354205
4.776571 4.771755
5.220397 5.213270
5.870493 5.688509
6.357870 6.311883
6.928858 6.777217
7.564050 7.098804
8.131132 7.429061
8.594063 7.658834
9.081886 7.947770
9.539071 8.238034
9.969686 8.415172
10.449966 8.541895
10.960972 8.741332
11.323229 8.953894
11.831543 9.081391
12.192115 9.300722
12.526149 9.559292
12.862529 9.702505
13.105570 9.916410
13.210807 10.072615
13.414334 10.161114
13.355961 10.164255
13.250769 10.112198
13.250743 10.132446
13.173732 10.054020
13.121302 10.006807
13.082324 10.071022
13.084106 10.142306
13.165631 10.222238
13.234560 10.338594
13.345061 10.528909
13.425970 10.596414
13.536781 10.727576
13.670931 10.907778
13.723976 11.091676
13.807466 11.238570
13.983589 11.337958
14.097200 11.521275
14.205115 11.687442
14.372830 11.860205
14.449704 12.002417
14.569453 12.143626
14.923461 12.379659
15.153862 12.552738
15.188652 12.626535
15.198166 12.634173
15.111217 12.605626
15.099563 12.576870
15.044945 12.589208
15.051929 12.637647
15.075465 12.740906
15.043020 12.903931
15.047756 13.019767
15.035878 13.123563
15.118053 13.189221
15.124536 13.240610
15.144046 13.282780
15.046603 13.193714
14.992970 13.303552
15.116620 13.382674
15.036460 13.515543
15.143807 13.614320
15.276058 13.713086
15.413629 13.784207
15.535124 13.896683
15.677628 14.026665
15.815307 14.182400
15.996893 14.425754
16.076035 14.480824
16.107367 14.464809
16.111883 14.427019
15.993653 14.385928
15.637004 14.154613
15.398214 13.840574
14.871341 13.495272
14.391430 13.034215
13.967883 12.771208
13.557605 12.203952
12.845840 11.793346
12.318626 11.493112
11.664568 11.356510
11.513497 11.568808
11.739865 11.895080
12.280852 12.726072
13.077151 13.406539
13.697862 14.011186
14.257258 14.314637
14.519313 14.897317
14.683289 15.123805
14.831562 15.263922
14.870771 15.304557
14.898276 15.544392
14.891477 15.534234
14.913233 15.528359
14.915653 15.558258
14.946037 15.614550
14.918872 15.612783
14.898181 15.562495
14.699714 15.557144
14.546243 15.587068
14.578099 15.506346
14.625514 15.553716
14.523516 15.645998
14.559887 15.734065
14.675582 15.830774
14.764117 15.955607
14.730790 15.969964
14.726534 16.018776
14.441843 15.798697
14.087621 15.217821
13.982911 14.914524
13.467076 14.713345
13.507571 14.678497
13.668043 14.954345
14.089780 15.610135
14.283737 15.784562
14.355431 15.933828
14.357132 16.004524
14.361595 15.993928
14.206739 15.604820
14.070652 15.387820
13.955375 14.855105
13.796287 14.418410
13.713450 14.322407
13.576043 14.084708
13.531441 14.036866
12.924562 13.858761
12.896137 13.851941
12.607226 13.498521
12.163970 12.804746
11.914926 12.663603
11.362319 12.338576
10.913612 11.637376
10.640769 11.219647
10.014067 11.057696
9.807365 10.474325
9.561671 10.334250
9.245819 10.137608
8.987311 9.350222
8.414876 9.245341
7.567392 8.816539
7.371167 8.397256
7.155622 7.812148
7.103018 7.651699
6.358048 7.201125
6.213755 6.313363
5.771905 6.082417
5.102579 5.802800
4.487268 5.490193
4.210512 4.777768
3.923603 4.495821
3.667145 4.522228
3.727813 4.626618
3.735323 4.663756
3.725835 4.738760
3.738597 4.673019
3.861763 4.731493
3.944795 4.621831
4.155672 4.011574
4.231543 3.996360
4.396948 4.094252
4.427868 4.125949
4.588483 4.232322
4.720269 4.371143
4.948247 4.464522
4.938743 4.580147
4.957895 4.455531
4.893231 4.278588
4.543391 3.974009
4.230675 3.648836
3.919788 3.333701
3.466311 3.064139
3.086808 2.653304
2.925222 2.509121
2.926872 2.537604
3.006151 2.640446
3.037054 2.753396
3.110976 2.842823
3.287153 2.931563
3.303602 2.883021
3.354701 2.929257
3.389532 3.027369
3.456411 3.101226
3.601338 3.194204
3.594799 3.361080
3.590231 3.633944
3.602822 3.949308
3.575113 4.238759
3.651349 4.235729
3.545123 4.246794
3.515688 4.117071
3.690654 4.059841
3.901935 4.080725
4.220971 4.341259
4.536879 4.616065
4.830851 4.824989
5.047858 5.026100
4.962764 4.998959
4.796220 4.786469
4.510461 4.336053
4.192118 3.832212
3.822608 3.501522
3.568550 3.479248
3.315059 3.474748
3.174460 3.489052
3.140354 3.474110
3.035495 3.488203
2.971661 3.404203
3.011136 3.356471
3.100239 3.271967
3.117366 3.156155
3.235767 3.130350
3.354917 3.180831
3.477636 3.261585
3.683124 3.290648
3.881733 3.338903
3.995199 3.410289
4.133280 3.387478
4.051884 3.461804
4.040633 3.366502
4.005964 3.306396
3.892379 3.205620
3.593912 3.111418
3.418182 2.927896
3.217797 2.666134
2.928350 2.410721
2.826629 2.285941
2.833151 2.342643
2.967586 2.389815
3.073713 2.541183
3.294071 2.753896
3.463526 2.822761
3.678786 3.010150
3.835481 3.073512
3.900243 3.129155
3.902814 3.172993
3.853194 3.308847
3.797826 3.373970
3.762717 3.506376
3.793366 3.662441
3.897919 3.841921
3.927404 3.986344
3.957792 4.037840
3.936744 3.955967
3.878058 3.813739
3.730225 3.533226
3.604288 3.218968
3.498393 3.064547
3.518038 2.883660
3.448048 2.826863
3.348337 2.820942
3.351843 2.768448
3.312139 2.728829
3.355176 2.737353
