60
80
120
150
160
190
230
250
280
340
520
550
550
550
560
560
550
550
560
540
550
560
550
550
560
550
550
560
550
550
550
560
550
560
550
550
550
550
550
550
560
560
550
550
550
550
550
550
550
560
550
550
560
550
550
550
560
540
550
550
560
560
550
550
550
550
560
550
560
560
550
550
560
550
550
550
550
550
550
550
550
550
550
550
540
550
550
550
550
550
550
550
560
550
540
540
550
550
550
540
560
550
540
550
560
550
540
550
550
550
560
550
550
550
560
550
550
550
550
550
550
540
550
550
550
550
560
550
550
540
550
540
550
550
560
550
560
550
550
550
550
540
560
550
550
550
550
550
550
550
560
560
550
540
550
550
560
550
550
550
550
550
540
550
550
550
540
560
540
550
560
550
550
560
540
550
560
540
560
550
560
550
540
620
610
530
540
690
850
580
800
840
840
830
520
570
750
700
560
530
540
530
680
850
840
850
840
850
840
850
850
840
840
850
840
840
850
850
840
850
850
850
830
560
530
530
490
320
330
330
340
340
340
340
380
420
470
540
540
550
550
550
560
550
550
560
550
540
550
550
550
550
540
550
550
550
550
540
550
550
560
550
550
550
560
540
540
550
550
550
550
550
540
550
560
550
540
550
550
550
560
550
550
560
530
530
530
540
530
540
540
530
550
540
540
530
540
540
530
540
550
560
530
530
540
530
540
530
540
530
540
540
530
540
530
540
530
530
540
530
530
540
530
540
540
530
540
530
540
530
550
560
560
560
550
560
