1.845486 1.838234
1.734920 1.828896
1.582464 1.755568
1.508463 1.727364
1.464371 1.678852
1.363639 1.703087
1.282257 1.734613
1.232489 1.818176
1.104687 1.908187
1.052349 1.998835
0.994334 2.058731
0.883825 2.100803
0.818829 2.101317
0.752549 2.070669
0.696687 1.981919
0.701439 2.016816
0.672061 2.026698
0.691364 2.093103
0.691513 2.191087
0.690307 2.274015
0.675626 2.257953
0.713674 2.074671
0.703326 1.840849
0.679862 1.627089
0.651231 1.422532
0.629649 1.326527
0.664930 1.321854
0.720687 1.352050
0.779349 1.471729
0.862439 1.585212
0.963927 1.743108
1.095077 1.948222
1.169439 2.210722
1.191566 2.482465
1.157238 2.660699
0.974521 2.759221
0.903046 2.924204
0.858232 2.970011
0.871486 3.000084
0.846327 3.074347
0.862298 3.121804
0.922411 2.959990
0.945349 2.615138
0.878148 2.279198
0.769768 1.980118
0.707902 1.729287
0.677347 1.595859
0.628538 1.528718
0.599856 1.550351
0.597536 1.572071
0.613146 1.656574
0.589490 1.629266
0.602019 1.655736
0.613485 1.721316
0.613162 1.802792
0.651928 1.911099
0.675834 2.043108
0.736540 2.208291
0.800469 2.401422
0.898960 2.630843
0.994498 2.819870
1.000824 2.965494
0.914184 2.992839
0.793469 2.841070
0.699828 2.524413
0.628568 2.187793
0.571542 1.818250
0.581139 1.526524
0.667205 1.325720
0.804431 1.247380
0.996788 1.238597
1.144041 1.247753
1.290706 1.279417
1.441485 1.365535
1.639496 1.497207
1.802948 1.684079
1.943672 1.909404
1.980487 2.048709
1.993435 2.150539
1.953017 2.058094
1.878988 1.895177
1.852873 1.820597
1.702411 1.707074
1.720085 1.613790
1.668170 1.520791
1.658254 1.428458
1.695677 1.329479
1.708861 1.154351
1.643844 1.104267
1.635370 1.083534
1.719927 1.055157
1.716468 1.047990
1.610910 1.011212
1.614733 1.020005
1.622381 1.031157
1.547722 1.002931
1.559192 1.015100
1.545947 1.027778
1.547942 1.030823
1.569331 1.057345
1.591437 1.081704
1.585772 1.073510
1.556402 1.025066
1.505175 0.995234
1.347347 1.005269
1.230469 1.017903
1.088734 1.038881
1.031262 1.062470
0.990717 1.103490
0.984296 1.144368
1.033635 1.188854
1.067012 1.238245
1.058004 1.270772
1.081271 1.309294
1.119805 1.361270
1.182356 1.355942
1.222963 1.385304
1.270762 1.407525
1.362693 1.410360
1.375150 1.357076
1.366844 1.355387
1.444071 1.347473
1.474843 1.354238
1.526479 1.314411
1.554404 1.286485
1.529227 1.280603
1.448791 1.312718
1.269384 1.205180
1.102026 1.141903
0.984655 1.050189
0.918139 0.996288
0.913101 0.944769
0.942794 0.911921
0.992147 0.868805
1.080713 0.850373
1.146905 0.876034
1.243586 0.920385
1.348481 0.962835
1.431193 0.937215
1.541541 0.943240
1.592807 0.960141
1.637168 0.947404
1.683210 0.931913
1.706647 0.919182
1.711371 0.826129
1.753381 0.825254
1.818710 0.835871
1.820463 0.842760
1.912652 0.840837
1.978065 0.838537
2.021047 0.807670
1.925768 0.756816
1.754522 0.726953
1.681984 0.785678
1.607541 0.866114
1.564627 1.009173
1.549676 1.195985
1.534888 1.423801
1.459098 1.628360
1.337158 1.845868
1.224190 2.011110
1.080105 2.164657
1.014983 2.234067
0.961150 2.335412
0.905377 2.338163
0.900826 2.405177
0.921878 2.499090
0.924186 2.623788
0.939225 2.800355
0.972389 2.955526
0.959446 3.088140
0.867295 3.015990
0.730631 2.905533
0.673275 2.607880
0.626079 2.368684
0.589069 2.170922
0.571173 1.934313
0.549634 1.839056
0.530349 1.759460
0.542869 1.728820
0.542710 1.697096
0.558056 1.672010
0.599927 1.688237
0.636255 1.714757
0.717467 1.767486
0.806307 1.896910
0.845080 2.001003
0.826116 2.150960
0.783395 2.272685
0.733070 2.387762
0.741463 2.555240
0.750677 2.650281
0.780174 2.765623
0.804013 2.832366
0.848691 2.911560
0.904143 2.990659
0.971737 3.027696
1.044208 3.138029
1.123749 3.189809
1.160954 3.008830
1.184413 2.709333
1.096746 2.365751
0.916682 2.019531
0.830945 1.825122
0.788652 1.750076
0.759392 1.700374
0.736674 1.657533
0.726879 1.624954
0.732730 1.725677
0.757804 1.855208
0.820908 1.995977
0.784339 2.128790
0.755022 2.311783
0.705073 2.440570
0.686025 2.448321
0.692678 2.514122
0.701306 2.612108
0.699337 2.761748
0.720253 2.848543
0.770337 3.006447
0.848132 3.203375
0.909967 3.328216
0.949164 3.408987
0.961755 3.525681
0.964827 3.631773
0.909934 3.465130
0.763293 3.392745
0.609860 3.087615
0.548258 2.618219
0.508765 2.328198
0.472592 2.100626
0.475185 1.884751
0.472976 1.768971
0.478447 1.713765
0.478105 1.651003
0.503126 1.559094
0.556518 1.515057
0.639771 1.486764
0.743943 1.587428
0.827958 1.759322
0.886240 1.931833
0.927832 2.093290
0.940692 2.248613
0.917070 2.368811
0.924605 2.453853
0.946454 2.538740
0.957731 2.619615
1.025958 2.682505
1.094511 2.824644
1.193596 3.011913
1.332241 3.028724
1.459298 2.738198
1.451922 2.374160
1.355680 2.097634
1.149569 1.805249
1.025362 1.649265
0.941877 1.497759
0.873427 1.440815
0.858670 1.437057
0.871910 1.464336
0.909035 1.540318
0.942074 1.674051
0.954410 1.800689
0.929295 1.932033
0.942310 2.012200
0.931879 2.081937
0.903954 2.094630
0.933523 2.152681
1.013187 2.261206
1.115917 2.316682
1.221395 2.425522
1.344146 2.585814
1.433476 2.751369
1.460236 2.885023
1.344424 2.933824
1.254207 3.018617
1.082889 2.916011
0.991573 2.940734
0.843643 2.804097
0.738956 2.566147
0.675593 2.322677
0.633897 2.133670
0.632793 2.030853
0.618101 2.028778
0.595763 1.991747
0.585805 1.946409
0.584557 1.848638
0.623790 1.820957
0.677224 1.760988
0.784775 1.738830
0.900272 1.798901
0.967031 1.838198
1.017970 1.958227
1.010050 2.042395
0.969026 2.151391
0.903044 2.237510
0.896206 2.210787
0.876266 2.334360
0.931739 2.451760
0.973065 2.503007
1.005350 2.600066
1.085541 2.705485
1.149723 2.711843
1.255804 2.626274
1.340489 2.451403
1.360579 2.243195
1.240243 1.962604
1.024978 1.635944
0.893274 1.493131
0.793813 1.434888
0.724332 1.381658
0.701912 1.390587
0.709970 1.429472
0.772570 1.540526
0.827682 1.717689
0.862002 1.861347
0.823360 1.950435
0.852618 2.062622
0.778082 2.142122
0.756538 2.136017
0.737565 2.068633
0.744062 2.012027
0.793943 1.997060
0.855441 2.057201
0.943095 2.115143
1.008039 2.191068
1.031577 2.255121
1.121842 2.249816
1.194195 2.140496
1.255694 2.015988
1.311055 1.944713
1.373543 1.816041
1.398816 1.681263
1.386142 1.582575
1.324780 1.458986
1.366571 1.397285
