110
150
200
260
310
370
420
470
520
590
640
650
640
640
640
640
640
650
660
670
670
680
670
670
680
680
670
680
680
680
680
670
680
670
670
680
670
680
670
680
680
670
680
680
670
680
680
680
680
670
680
680
680
670
680
680
680
670
680
680
680
670
680
680
680
670
680
680
680
670
680
680
680
670
680
680
680
670
680
680
680
670
670
680
680
670
680
680
680
670
680
680
680
670
680
680
670
680
680
670
670
680
680
670
680
680
680
680
670
680
680
680
680
670
680
680
670
670
680
680
680
670
680
680
680
670
680
680
680
670
680
680
680
670
680
680
670
680
680
680
680
680
670
680
680
670
670
680
680
670
670
680
680
680
670
680
680
680
670
680
680
680
680
670
680
680
670
680
680
680
680
670
680
680
680
670
670
680
680
680
680
680
670
680
680
680
680
670
680
680
680
670
680
680
680
670
680
680
670
680
680
680
670
680
680
670
680
680
680
670
680
680
680
670
680
680
680
670
680
680
680
680
680
670
680
680
680
680
670
680
680
680
680
680
670
670
680
680
680
680
680
670
680
680
680
680
680
670
680
680
680
680
670
680
670
680
670
670
680
670
680
680
680
680
670
680
680
680
670
680
680
680
680
680
680
680
670
680
680
680
680
670
680
680
680
680
670
670
680
680
680
680
670
670
680
680
670
680
680
680
680
680
670
680
680
680
670
670
680
680
680
680
670
680
680
680
680
670
680
680
680
680
670
670
680
680
680
670
680
680
690
670
680
680
680
670
