1.845486 1.838234
1.776982 1.757056
1.758066 1.733023
1.661989 1.732142
1.423373 1.712108
1.247064 1.675265
1.159333 1.620081
1.084816 1.547328
1.051695 1.563549
1.022719 1.630755
0.970724 1.744318
0.929217 1.845080
0.906853 1.918645
0.898828 1.955297
0.904277 2.026791
0.880709 2.160778
0.873040 2.227928
0.829447 2.229578
0.777666 2.168626
0.708324 2.037960
0.684881 1.930173
0.641258 1.655130
0.609909 1.398737
0.587476 1.292513
0.541239 1.241732
0.513311 1.236584
0.501230 1.269954
0.484538 1.331227
0.473146 1.377328
0.492387 1.474739
0.527030 1.571442
0.549797 1.684668
0.548074 1.772512
0.490079 1.758718
0.456715 1.731117
0.469205 1.719864
0.466194 1.759206
0.472377 1.885414
0.477176 1.999548
0.505422 2.157900
0.530861 2.216278
0.545218 2.042555
0.572664 1.852867
0.553462 1.646891
0.494099 1.444524
0.461464 1.286830
0.424465 1.156406
0.399715 1.133864
0.384283 1.141442
0.371247 1.136934
0.398426 1.218666
0.410794 1.336437
0.410186 1.461954
0.415152 1.571785
0.425293 1.667395
0.453759 1.760925
0.465170 1.894183
0.475422 1.975002
0.501804 2.081307
0.481850 2.066534
0.477184 2.086816
0.460456 1.925005
0.476218 1.810300
0.505938 1.504253
0.522654 1.346662
0.469193 1.218967
0.427104 1.158349
0.407709 1.150350
0.391496 1.170017
0.408700 1.195131
0.429815 1.245789
0.461339 1.306895
0.488522 1.424600
0.493324 1.508254
0.496594 1.599700
0.455536 1.632179
0.461922 1.663473
0.486460 1.710598
0.492493 1.776229
0.497916 1.797720
0.555976 1.773804
0.685551 1.728232
0.802165 1.682996
0.945051 1.690656
1.102099 1.656311
1.250743 1.661184
1.334308 1.649666
1.488918 1.648364
1.651785 1.631596
1.788226 1.578256
1.835237 1.513480
1.864011 1.489759
1.845747 1.446964
1.726279 1.387304
1.638937 1.240562
1.542844 1.166206
1.524644 1.113416
1.513342 1.115409
1.558788 1.112997
1.610459 1.101322
1.696446 1.098826
1.639909 1.093477
1.456080 1.123687
1.344786 1.155495
1.170267 1.137749
1.028767 1.004929
0.948881 0.950780
0.935866 0.920340
0.943717 0.878441
0.991378 0.830985
1.030180 0.821076
1.044835 0.772798
1.075259 0.765366
1.123236 0.750571
1.176394 0.748986
1.238004 0.740948
1.288379 0.734823
1.363346 0.721304
1.448292 0.703637
1.569551 0.698278
1.667901 0.698137
1.685914 0.671956
1.723874 0.665540
1.759939 0.650962
1.772715 0.628738
1.805875 0.628691
1.701385 0.652346
1.545725 0.659055
1.344879 0.641741
1.143398 0.616166
0.974953 0.595249
0.837565 0.571977
0.798540 0.578160
0.842315 0.603260
0.916000 0.628025
0.994714 0.661454
1.094101 0.681936
1.219420 0.722284
1.309925 0.742738
1.413973 0.776008
1.484927 0.788292
1.478536 0.761238
1.500865 0.760034
1.526131 0.788519
1.518629 0.774526
1.528715 0.764641
1.609348 0.757342
1.747059 0.755956
1.801721 0.753187
1.966332 0.759803
2.097228 0.794773
1.869374 0.793819
1.749041 0.862507
1.559390 0.958127
1.338787 0.907428
1.205511 0.932332
1.101635 0.943730
1.040170 0.970384
0.998335 1.039991
0.959927 1.147576
0.902777 1.218180
0.860253 1.281905
0.818508 1.375475
0.802748 1.474756
0.778882 1.614591
0.746693 1.667244
0.703918 1.783025
0.683960 1.838337
0.673569 1.901545
0.617676 1.849230
0.613778 1.905406
0.599556 1.813432
0.585311 1.664435
0.622391 1.457099
0.605166 1.257481
0.593604 1.079718
0.595561 1.015177
0.604161 0.997244
0.625610 1.014342
0.650330 1.121053
0.678672 1.224408
0.683906 1.326054
0.676299 1.452986
0.649959 1.575415
0.667970 1.764227
0.706203 1.944090
0.736645 2.091251
0.746646 2.159338
0.735871 2.271561
0.755401 2.371830
0.773577 2.496298
0.796210 2.601326
0.820804 2.646335
0.859426 2.723330
0.875394 2.800898
0.921187 2.926356
0.947811 2.977212
0.984086 3.106351
1.055163 3.078320
1.095793 2.904357
1.150932 2.726899
0.974324 2.338376
0.848327 1.978856
0.762954 1.687932
0.696643 1.515139
0.661117 1.448489
0.579440 1.396273
0.574889 1.330655
0.563508 1.332839
0.546949 1.417603
0.544158 1.460779
0.567185 1.504842
0.554680 1.575626
0.575474 1.630592
0.567485 1.688441
0.541670 1.732549
0.505742 1.742539
0.493864 1.828902
0.500572 1.880922
0.512321 1.988863
0.520422 2.048176
0.513395 2.018103
0.523519 2.068542
0.545764 2.137120
0.551914 2.194936
0.543042 2.179627
0.512414 2.062764
0.514121 1.810211
0.503457 1.622869
0.476968 1.395304
0.455228 1.213302
0.416312 1.043141
0.412144 0.965029
0.421913 0.964064
0.474171 0.997175
0.536259 1.059462
0.632227 1.187528
0.721761 1.329194
0.775231 1.473171
0.821160 1.640423
0.836311 1.799180
0.812650 1.939515
0.875061 1.941261
0.900650 2.049486
0.947390 2.061679
0.956495 2.141059
1.020644 2.221829
1.051641 2.306466
1.092218 2.409847
1.165238 2.558512
1.232894 2.610803
1.258203 2.434449
1.182189 1.966909
1.046833 1.708842
0.885750 1.414365
0.817262 1.307546
0.755622 1.206683
0.729282 1.182318
0.697368 1.164157
0.687293 1.225520
0.698094 1.341669
0.702434 1.466322
0.716170 1.602506
0.696695 1.682609
0.714084 1.775191
0.692936 1.785088
0.673936 1.710331
0.677753 1.747564
0.685866 1.807801
0.551688 1.767278
0.537736 1.804389
0.551236 1.858781
0.584077 1.926712
0.616728 1.958131
0.648229 2.057064
0.643645 2.137478
0.592061 2.128911
0.481654 2.102736
0.442971 1.960161
0.450128 1.780489
0.422379 1.573618
0.396909 1.361614
0.393974 1.216299
0.393841 1.098329
0.401497 1.066210
0.421758 1.039356
0.449598 1.048695
0.511425 1.089147
0.551482 1.114865
0.607850 1.206426
0.659332 1.276510
0.707370 1.351690
0.767923 1.453104
0.820386 1.565321
0.850610 1.606950
0.864152 1.648501
0.905241 1.642512
0.935125 1.747827
0.967002 1.835939
1.020625 1.852457
1.075954 1.953079
1.098397 2.002003
1.139879 2.024452
1.130692 1.886090
1.144500 1.636631
1.079263 1.403480
0.943388 1.210531
0.815969 1.111909
0.725289 1.079714
0.682288 1.079375
0.654468 1.105191
0.653371 1.174379
0.665375 1.249789
0.691844 1.319231
0.759713 1.420131
0.819395 1.531265
0.857139 1.662419
0.878849 1.811565
0.897391 1.957170
0.934864 2.084199
0.962403 2.163390
0.811981 2.075523
0.782139 2.043795
0.796595 2.085762
0.804271 2.078975
0.835024 2.156852
0.899594 2.201451
1.011705 2.153255
1.164486 2.025583
1.295207 1.937798
1.378413 1.838398
1.335883 1.653969
1.330407 1.534977
1.280166 1.426645
1.275088 1.307303
1.307005 1.213257
