80
70
80
70
80
100
110
100
110
100
110
100
110
100
110
100
110
100
110
100
110
100
110
110
100
110
100
110
100
110
100
110
110
130
130
130
160
160
160
160
170
160
160
160
160
160
160
160
160
150
170
190
190
190
180
190
220
250
250
240
280
310
300
310
300
300
310
300
310
300
310
300
310
300
310
300
300
300
300
340
330
340
330
330
340
360
360
370
360
360
400
400
400
400
400
400
430
430
430
430
430
430
440
430
430
430
460
460
470
460
460
470
460
460
460
470
460
460
460
460
460
500
500
490
500
580
530
520
530
530
530
530
530
520
530
530
530
520
520
530
530
530
530
530
520
530
530
530
530
520
530
530
530
530
530
520
530
530
530
530
560
570
560
560
560
570
560
560
570
560
560
570
560
560
570
560
560
560
570
560
570
560
560
560
570
560
560
560
570
560
570
560
600
590
600
590
590
600
600
590
600
590
620
660
700
730
740
770
760
770
770
770
790
800
830
840
830
840
830
840
840
830
840
830
840
830
840
830
840
830
840
830
880
900
940
950
980
980
980
980
1010
1010
1000
1020
1000
1010
1010
1010
1010
1010
1010
1010
1010
1010
1050
1050
1050
1050
1050
1050
1050
1060
1090
1090
1090
1090
1100
1090
1100
1090
1100
1090
1100
1090
1100
1120
1130
1130
1130
1130
1130
1170
1210
1200
1210
1210
1210
1210
1250
1240
1250
1250
1240
1250
1250
1240
1250
1240
1280
1290
1330
1340
1330
1330
1340
1330
1340
1330
1330
1330
1340
1330
1330
1340
1330
1330
1330
1330
1370
1370
1370
1370
1370
1370
1370
1370
1370
1370
1410
1420
1410
1410
1410
1420
1410
1410
