0.148240
0.324864
0.515025
0.698337
0.878878
1.055278
1.234048
1.410626
1.586516
1.755227
1.773727
1.951109
2.153151
2.227744
2.167645
2.053077
1.920196
1.485492
0.628806
0.606143
0.661194
0.856714
1.289133
2.082753
2.746502
2.999044
2.987013
2.980936
3.158960
3.456933
3.774583
3.389184
1.928146
0.448984
0.786686
1.082934
1.302128
1.486133
1.547714
1.574379
1.561930
1.438362
1.224219
1.022305
0.874947
0.874028
0.813105
0.791406
0.852946
1.012485
0.999384
0.991012
1.094900
1.190272
1.229729
1.251337
1.289791
1.425989
1.709430
2.157830
2.575807
2.810200
2.836038
2.692484
2.504992
2.310047
2.079983
1.847082
1.624819
1.462328
1.343126
1.289474
1.230199
1.099664
0.970453
0.985544
1.050806
1.239382
1.255930
1.080528
0.878468
0.832005
0.866710
1.050812
1.307600
1.606585
1.890887
2.195884
2.490936
2.786628
2.828512
2.913719
2.992371
3.078623
3.150274
3.222236
3.316301
3.405616
3.480400
3.593389
3.782255
3.938061
4.055464
4.077274
3.953112
3.800231
3.679750
3.522830
3.330247
3.185513
2.971153
2.812666
2.673398
2.513541
2.432256
2.331550
2.235558
2.137235
2.079121
2.033813
1.912369
1.904048
1.824099
1.794474
1.683606
1.545535
1.510333
1.602200
1.719431
1.892037
2.165424
2.481468
2.768781
3.010660
3.198765
3.377892
3.550904
3.685135
3.845926
3.990495
4.173721
4.327239
4.473786
4.631905
4.827320
4.990321
5.172816
5.353072
5.548763
5.727223
5.865013
5.862354
5.831016
5.838383
5.854391
5.911272
6.003176
6.017584
6.074251
6.125499
6.059617
5.974449
5.954019
5.951899
5.898365
5.850817
5.812062
5.796200
5.777278
5.739431
5.538551
5.304170
5.001869
4.743204
4.623055
4.596975
4.608895
4.718711
4.749432
4.780484
4.757324
4.809634
4.915649
5.040532
5.174849
5.331449
5.486337
5.699419
5.979573
6.301935
6.614798
7.046716
7.312453
7.522384
7.530866
7.430708
7.076707
6.303061
5.173013
4.250553
3.907722
3.915915
4.017598
4.205139
4.449684
4.699327
4.997010
5.263651
5.468232
5.566114
5.570604
5.445571
5.278571
5.172505
5.121364
5.196666
5.318574
5.418496
5.490115
5.579107
5.605049
5.627081
5.647385
5.641287
5.625465
5.542512
5.353376
5.138630
4.906957
4.767995
4.801652
4.812204
4.857296
4.868325
4.881639
4.869816
4.862255
4.878736
4.862737
4.787968
4.690027
4.559214
4.392710
4.264140
4.221518
4.191680
4.188562
4.220591
4.165519
4.216364
4.077476
3.889220
3.794306
3.775089
3.752276
3.705164
3.663984
3.617671
3.583471
3.510653
3.416013
3.285476
3.134613
3.106269
3.220378
3.662815
4.269154
4.654210
4.847360
4.999331
5.079037
5.210361
5.359285
5.540420
5.688274
5.825958
5.897641
5.892706
5.803622
5.705001
5.611892
5.572830
5.550961
5.470062
5.376427
5.281589
5.170169
5.125211
5.098883
5.060888
5.043452
4.995183
4.919042
4.811311
4.672575
4.581637
4.535813
4.545089
4.567373
4.604743
4.613262
4.679331
4.758384
4.755108
4.742057
4.736162
4.767903
4.803905
4.813783
4.826291
4.863739
4.890186
4.981701
5.094653
5.227380
5.350090
5.371142
5.465953
5.622060
5.724350
5.889460
5.961634
6.029414
6.123373
6.202857
6.317060
6.479910
6.612583
6.726848
6.796155
6.849015
6.909082
6.935573
6.978660
6.994856
7.024710
