0.148218
0.222722
0.279241
0.384694
0.546573
0.884176
1.249801
1.556318
1.842261
2.084109
2.254738
2.286319
2.332260
2.343069
2.348247
2.393366
2.436651
2.524996
2.621482
2.671841
2.682869
2.614848
2.494749
2.383913
2.345852
2.341185
2.329595
2.326884
2.365935
2.451050
2.592651
2.720263
2.770122
2.655135
2.450849
2.228477
2.096143
2.047755
2.071350
2.162599
2.254555
2.417106
2.427408
2.217964
2.089190
2.024120
1.972395
1.970087
1.996544
2.031739
2.112219
2.184359
2.281090
2.404719
2.499728
2.615268
2.704481
2.801888
2.896309
3.011480
3.180787
3.326120
3.500537
3.596273
3.573439
3.432581
3.348393
3.278713
3.261856
3.334854
3.527580
3.864237
4.233540
4.513682
4.657675
4.643957
4.564208
4.453638
4.309591
4.175682
4.097464
4.046913
4.107088
4.269769
4.509469
4.790069
5.096867
5.476077
5.773801
6.086377
6.447816
6.773717
7.097077
7.323639
7.622171
7.862712
8.057300
8.257873
8.450584
8.655217
8.873841
9.021409
9.157311
9.151347
9.044022
8.801441
8.626076
8.391284
8.211565
8.049940
7.879255
7.735931
7.562454
7.362291
7.164391
6.944054
6.727756
6.481448
6.242046
5.979895
5.746405
5.521314
5.299956
5.091752
4.879723
4.804603
4.947322
5.179071
5.411174
5.624909
5.795109
5.935852
6.048571
6.157885
6.264034
6.361065
6.472085
6.598678
6.765240
6.912210
7.119635
7.291265
7.458720
7.633987
7.780954
7.940292
8.089887
8.243915
8.387481
8.528474
8.581178
8.614920
8.681566
8.734582
8.803179
8.888083
8.947975
8.848633
8.647706
8.452278
8.348828
8.382867
8.524827
8.717924
8.914949
9.135105
9.285144
9.441369
9.516575
9.639080
9.645293
9.738055
9.736970
9.846250
9.892026
9.790423
9.659802
9.527256
9.356745
9.240297
9.120461
8.997637
8.850528
8.671629
8.413924
8.170091
7.979960
7.909943
7.901397
7.920309
7.925755
7.850239
7.603467
7.335022
6.989483
6.693800
6.491744
6.350262
6.282789
6.325783
6.425004
6.527637
6.628248
6.703544
6.844151
6.975116
7.142575
7.257845
7.391609
7.495561
7.582997
7.603568
7.644464
7.729321
7.926331
8.154137
8.360783
8.529745
8.792686
9.015068
9.246800
9.428314
9.639643
9.757479
9.803687
9.967354
9.914229
9.955799
10.061427
10.012711
9.898137
9.699539
9.508217
9.371126
9.213082
9.060725
8.830184
8.541574
8.176776
7.842670
7.610137
7.427821
7.277422
7.069298
6.861276
6.615452
6.323664
6.008009
5.624502
5.326768
4.953000
4.511455
4.427947
4.563090
4.865309
5.170124
5.495695
5.786761
6.083801
6.421701
6.729236
7.003383
7.234385
7.398068
7.679933
8.030466
8.395932
8.894386
9.339257
9.870094
10.372182
10.758627
11.050684
11.121709
11.004319
11.014658
11.096973
11.112789
11.143924
11.009843
10.766863
10.447484
10.097255
9.625495
9.235586
8.859731
8.535456
8.277577
7.986096
7.654643
7.276960
6.914889
6.597197
6.333965
6.170270
6.061845
5.783152
5.683470
5.448874
5.154970
4.875906
4.520936
4.052288
3.650921
3.325725
3.332282
3.557242
3.961578
4.371935
4.728239
5.039290
5.313546
5.576965
5.814736
6.063122
6.294586
6.464706
6.668140
6.902957
7.208236
7.565658
8.080948
8.556577
9.092084
9.535144
9.809948
9.848536
9.732789
9.587417
9.497986
9.473039
9.544851
9.601418
9.617630
9.600774
9.600776
