0.152374
0.339436
0.535056
0.722658
0.898405
1.073804
1.247486
1.419717
1.585350
1.749425
1.855211
1.969586
2.099590
2.131305
2.071752
1.999947
1.926020
1.868969
1.855178
1.815963
1.926940
2.046892
2.066623
2.039168
1.900873
1.715380
1.580480
1.566896
1.594140
1.633028
1.600080
1.521332
1.302955
1.084529
0.929993
0.865368
0.856215
0.800378
0.830001
0.797180
0.833913
0.843986
0.752321
0.800207
0.694690
0.557586
0.385181
0.222078
0.240797
0.369812
0.519204
0.713874
0.981932
1.213163
1.412016
1.546232
1.671771
1.803390
1.984607
2.209737
2.456334
2.629644
2.641033
2.576012
2.429195
2.260223
2.067494
1.835993
1.615204
1.435866
1.318708
1.213823
1.106515
0.967281
0.812044
0.676204
0.644440
0.590722
0.528467
0.469475
0.486784
0.655879
0.959308
1.365689
1.742921
2.179476
2.534779
2.956621
3.262095
3.579130
3.622081
3.703492
3.778915
3.870956
3.947947
3.973616
4.013644
4.031333
4.059969
4.061407
4.267533
4.458814
4.589027
4.577737
4.400891
4.207742
4.038156
3.808359
3.595062
3.341234
3.127409
2.899809
2.725239
2.553030
2.354794
2.199413
2.160666
2.107878
2.107376
2.130635
2.117587
2.127726
2.225737
2.235018
2.204644
2.241847
2.277244
2.171391
2.036614
1.923615
1.825729
1.728560
1.692287
1.679138
1.680131
1.754010
1.855382
1.943747
2.043145
2.128350
2.255532
2.390975
2.500540
2.632306
2.759580
2.945909
3.187324
3.451173
3.790517
4.117206
4.360955
4.557326
4.739616
4.849734
4.986021
5.084418
5.150448
5.198084
5.239247
5.302756
5.370558
5.474114
5.510128
5.552732
5.551445
5.517911
5.559908
5.567145
5.549856
5.563160
5.638247
5.661354
5.595198
5.519965
5.486460
5.442224
5.461965
5.473542
5.517942
5.532086
5.565224
5.668940
5.797893
5.874776
5.951876
6.014871
6.063160
6.070615
6.071585
6.012576
6.008426
6.020575
6.053875
6.104067
6.004885
5.868414
5.495214
4.876645
4.146687
3.670137
3.623286
3.733253
3.842821
4.017701
4.222517
4.426682
4.654311
4.852706
5.022879
5.193917
5.326004
5.446444
5.600756
5.819865
6.018390
6.239492
6.465051
6.701369
6.954381
7.148226
7.268958
7.390716
7.481825
7.593069
7.689615
7.722498
7.714081
7.645062
7.525750
7.346350
7.138040
7.023558
6.987070
6.946193
6.896424
6.919164
6.926925
6.912283
6.923731
6.884466
6.765836
6.598364
6.229197
5.904419
5.538553
5.187240
4.857401
4.571106
4.358778
4.057640
3.915571
3.879994
3.938837
4.046254
4.210718
4.344770
4.477974
4.587224
4.686777
4.771471
4.872502
5.000151
5.270200
5.609355
5.923109
6.254043
6.563588
6.840604
7.080380
7.315487
7.497543
7.666394
7.839556
8.031223
8.231498
8.422705
8.598449
8.689727
8.691229
8.582553
8.398474
8.196271
7.972705
7.722076
7.526611
7.368427
7.235755
7.104165
6.998981
6.894357
6.781110
6.683676
6.534646
6.313026
6.076839
5.813888
5.551337
5.264139
5.020659
4.808429
4.658404
4.544013
4.462474
4.382433
4.379813
4.418494
4.539790
4.670358
4.772087
4.884606
5.056729
5.179522
5.284007
5.398248
5.515808
5.733920
5.990129
6.414706
6.777201
7.065020
7.248676
7.440411
7.645453
7.843339
8.048024
8.238816
8.397121
8.435655
8.450696
8.438018
8.397044
8.360694
8.257888
8.191473
8.157445
8.131238
