0.147844
0.329774
0.462731
0.565992
0.657159
0.833825
1.064171
1.270280
1.539003
1.727990
1.856308
1.938495
1.983261
2.032118
2.108265
2.204273
2.249094
2.311535
2.406742
2.515252
2.571343
2.525909
2.400208
2.279674
2.135409
1.986323
1.836542
1.714123
1.609126
1.530480
1.464514
1.408641
1.347406
1.228417
1.048836
0.810576
0.620434
0.383170
0.165475
0.151384
0.229863
0.308147
0.311335
0.274104
0.226575
0.179152
0.095540
0.123245
0.259407
0.460792
0.679249
0.881384
1.058323
1.240095
1.403637
1.559674
1.683740
1.813110
1.981462
2.106297
2.268370
2.355960
2.352839
2.244383
2.107772
1.958994
1.790390
1.645908
1.514181
1.401246
1.289514
1.191937
1.125209
1.027258
0.943710
0.846945
0.818647
0.884397
0.961904
1.026845
1.129368
1.338029
1.503510
1.726680
1.975814
2.238448
2.443600
2.633199
2.731534
2.901696
2.983037
3.062942
3.173848
3.250925
3.327655
3.444440
3.524015
3.560041
3.611272
3.685284
3.789746
3.905840
3.900311
3.863936
3.705244
3.551117
3.435490
3.318397
3.201966
3.106120
2.985315
2.905394
2.768505
2.638363
2.517389
2.474743
2.433442
2.389969
2.426322
2.483137
2.589868
2.679449
2.798548
2.961239
3.115624
3.229047
3.300843
3.324883
3.239436
3.105142
2.979332
2.862590
2.750518
2.659775
2.557263
2.475271
2.351026
2.260539
2.199490
2.096056
1.964345
1.808292
1.712561
1.684412
1.634065
1.618233
1.571345
1.529904
1.633456
1.718481
1.886211
2.062057
2.246095
2.373780
2.413603
2.364246
2.143146
2.047187
2.077069
2.188247
2.468298
2.950787
3.335615
3.671001
3.832128
3.825582
3.846823
3.931614
3.996114
4.153907
4.376505
4.591247
4.706006
4.683738
4.636823
4.481745
4.307123
4.071357
3.788000
3.537445
3.315893
3.230013
3.197989
3.178259
3.152850
3.132345
3.092662
2.964264
2.785134
2.573730
2.344121
2.205431
2.095308
2.001979
2.033940
2.116055
2.137851
2.169658
2.217541
2.168921
2.179395
2.240643
2.314753
2.324396
2.367303
2.396167
2.386520
2.399306
2.409109
2.367740
2.383769
2.437283
2.607124
2.782872
2.935128
3.124761
3.224854
3.318542
3.372373
3.430904
3.465000
3.546404
3.700516
3.920110
4.099776
4.296991
4.426557
4.482254
4.444969
4.338157
4.208133
4.044419
3.841704
3.644411
3.462141
3.304108
3.186443
3.108367
3.049591
2.973567
2.865981
2.700578
2.525081
2.319811
2.105134
1.864742
1.692189
1.514236
1.355184
1.226256
1.169062
1.142576
1.151862
1.240474
1.370031
1.416519
1.493101
1.556171
1.639749
1.742364
1.864779
2.074022
2.306829
2.579490
2.815988
3.028797
3.210168
3.338077
3.447093
3.509818
3.587575
3.724689
3.918049
4.191742
4.437805
4.654773
4.807799
4.867326
4.859550
4.852950
4.751125
4.643704
4.474115
4.264514
4.041423
3.860393
3.691105
3.542507
3.420335
3.322743
3.253406
3.203986
3.107089
2.967958
2.799022
2.566176
2.330636
2.148654
1.994790
1.862866
1.716576
1.585919
1.453737
1.310748
1.330502
1.388991
1.474928
1.601681
1.703744
1.848229
1.997336
2.112264
2.210200
2.320567
2.519507
2.755173
3.030108
3.370678
3.623513
3.834009
3.988001
4.125480
4.239270
4.364981
4.482436
4.641275
4.792680
4.841690
4.859734
4.895999
4.917890
4.944063
4.970653
4.992425
4.994664
4.936553
