0.153881
0.327839
0.513259
0.822140
1.221296
1.534285
1.669983
1.652270
1.560704
1.505191
1.546110
1.671173
1.795766
1.883734
1.973895
2.012094
2.056830
2.105078
2.187290
2.237167
2.188885
2.056826
1.875427
1.705056
1.438393
1.173830
0.958522
0.814675
0.745875
0.679917
0.455650
0.075155
0.585475
0.880871
1.095503
1.274323
1.470021
1.620972
1.750519
1.828095
1.883828
1.996004
2.063069
2.057072
1.956934
1.782851
1.483083
1.320088
1.258436
1.245282
1.263269
1.165738
1.077502
1.089691
1.210453
1.290256
1.372616
1.354133
1.309460
1.229007
1.578876
1.855900
1.909393
1.878215
1.888404
1.871736
1.819430
1.767634
1.799279
1.906865
2.094866
2.249342
2.384759
2.455359
2.443842
2.547841
2.645690
2.742430
2.671831
2.451952
2.282698
2.107485
2.016431
2.107334
2.309374
2.401673
2.506716
2.690250
2.825839
2.989446
3.078381
3.089478
3.117156
3.150655
3.161696
3.181031
3.264838
3.276914
3.294891
3.351505
3.415607
3.409372
3.467968
3.483157
3.403926
3.313806
3.118233
2.946457
2.722626
2.563780
2.378247
2.251904
2.189837
2.131573
2.042453
2.053690
2.077781
2.244470
2.396930
2.593350
2.945698
3.184050
3.308147
3.400278
3.452334
3.424829
3.379035
3.207932
2.956498
2.711477
2.536654
2.315182
2.136645
1.981633
1.869261
1.723640
1.611260
1.575124
1.535654
1.510348
1.472771
1.478543
1.500050
1.590936
1.729365
1.880012
2.045368
2.227790
2.384710
2.581183
2.648376
2.654490
2.687240
2.726699
2.711438
2.759836
2.844842
2.935520
2.982468
3.028132
3.445700
3.670068
3.772893
3.877409
3.988653
4.041907
4.071719
4.097356
4.144505
4.197069
4.236546
4.215207
4.154272
4.087270
4.039907
3.988960
3.772651
3.639492
3.385471
3.014289
2.704800
2.513344
2.432959
2.433482
2.529707
2.653349
2.906395
3.169720
3.524725
3.841454
4.214108
4.481777
4.895650
5.358395
5.639429
5.647802
5.508306
5.075058
4.569186
4.392083
4.406188
4.404773
4.532536
4.557979
4.621913
4.661173
4.782359
4.902336
5.012277
5.128402
5.160040
5.231335
5.320408
5.394155
5.493299
5.595521
5.691241
5.817470
5.977292
6.113357
6.190120
6.241545
6.288845
6.344638
6.394647
6.463807
6.531727
6.545828
6.459614
6.325049
6.221759
6.075654
6.378015
6.669286
6.940162
7.121996
7.223673
7.329928
7.372673
7.374670
7.276066
7.149224
6.980917
6.788351
6.630977
6.508863
6.354694
6.203337
5.912268
5.582677
5.350279
5.337733
5.345599
5.320736
5.286538
5.289016
5.303612
5.343197
5.374916
5.371681
5.391612
5.400227
5.465900
5.566162
5.754148
6.052311
6.444324
6.776378
7.029731
7.214792
7.377934
7.464792
7.541994
7.675614
7.813182
7.995880
8.092389
8.139462
8.091688
8.029301
7.973812
7.910017
7.716127
7.442782
7.219734
7.073954
6.992684
6.931817
6.861164
6.802201
6.723947
6.600261
6.416076
6.230335
6.031252
5.829396
5.648109
5.458404
5.267863
5.074136
4.909558
4.749099
4.591058
4.509536
4.511537
4.625650
4.759404
4.922438
5.083640
5.217815
5.374786
5.521853
5.631562
5.761293
5.856247
5.954042
6.075967
6.259674
6.535117
6.828580
7.134058
7.338428
7.492461
7.603954
7.710476
7.833808
7.889710
7.834344
7.773336
7.714611
7.667641
7.595818
7.559073
7.500986
7.452696
7.473579
