1.846542 1.838352
1.846859 1.839517
1.848876 1.851735
1.853644 1.867688
1.860823 1.891398
1.859755 1.929532
1.863807 1.984663
1.874759 2.053421
1.881221 2.131845
1.889847 2.226069
1.900128 2.335939
1.920954 2.469671
1.940956 2.616834
1.962094 2.784099
1.982958 2.955943
2.009721 3.144745
2.036020 3.342558
2.067291 3.555491
2.101150 3.777933
2.146149 3.940888
2.190110 4.005792
2.236966 3.934875
2.241437 3.772397
2.217011 3.559284
2.198277 3.363770
2.189449 3.192314
2.180309 3.048042
2.178130 2.928612
2.184061 2.842690
2.196924 2.787092
2.220326 2.770151
2.247142 2.797922
2.281907 2.862287
2.318514 2.960391
2.368255 3.095711
2.424785 3.260118
2.486384 3.452635
2.548146 3.665667
2.621314 3.886977
2.700392 4.128719
2.785973 4.306050
2.874883 4.391086
2.928971 4.318552
2.907628 4.139699
2.838400 3.907262
2.780079 3.700484
2.729821 3.519778
2.692516 3.378152
2.662936 3.273040
2.643946 3.208000
2.640385 3.186304
2.651151 3.208836
2.666312 3.288002
2.694512 3.412054
2.736414 3.575910
2.790208 3.775818
2.857314 4.003557
2.932276 4.255695
3.016738 4.532192
3.108060 4.823341
3.205630 5.129334
3.325174 5.352857
3.467833 5.442032
3.564211 5.348711
3.553208 5.137406
3.461786 4.851683
3.387753 4.588324
3.328402 4.352093
3.281012 4.138875
3.248510 3.963459
3.235938 3.825713
3.234808 3.731329
3.252434 3.682344
3.289151 3.679120
3.345735 3.728236
3.418206 3.832793
3.512540 3.980158
3.616016 4.168305
3.755025 4.336186
3.926846 4.429080
4.154717 4.486101
4.415073 4.563627
4.700077 4.653134
5.008304 4.751145
5.331077 4.856710
5.672026 4.976514
6.031883 5.103701
6.385698 5.241672
6.759600 5.387814
7.133429 5.543476
7.509921 5.712778
7.896772 5.884383
8.283355 6.068287
8.672611 6.257189
9.073832 6.455692
9.476021 6.660679
9.891901 6.875453
10.302420 7.089197
10.718418 7.305918
11.140458 7.532341
11.557956 7.760180
11.856182 7.976366
11.978297 8.154624
11.852128 8.197031
11.561459 8.069387
11.161058 7.835987
10.770544 7.618458
10.382763 7.406574
10.013833 7.206665
9.652498 7.012753
9.305776 6.831167
8.971743 6.661864
8.650176 6.503957
8.343141 6.357636
8.054942 6.227398
7.785078 6.115964
7.529462 6.021498
7.295750 5.945586
7.089812 5.892756
6.899069 5.860739
6.738729 5.848998
6.605191 5.853135
6.505919 5.875632
6.439213 5.911774
6.402170 5.973246
6.429347 6.084810
6.511347 6.245706
6.582170 6.372038
6.620895 6.391720
6.651638 6.349775
6.721908 6.322722
6.822033 6.319538
6.956827 6.325442
7.121099 6.352532
7.308566 6.398725
7.523834 6.459863
7.757166 6.540279
8.012963 6.641237
8.285639 6.762180
8.577325 6.901113
8.879035 7.064444
9.190665 7.240881
9.511162 7.435698
9.850364 7.641034
10.199548 7.864168
10.557944 8.090009
10.921363 8.325488
11.292270 8.571806
11.664214 8.818985
12.042346 9.080716
12.324722 9.315345
12.460187 9.494467
12.517086 9.664404
12.580013 9.853239
12.652343 10.068973
12.735563 10.293080
12.831127 10.530791
12.943849 10.783158
13.070295 11.057063
13.207615 11.341569
13.360310 11.637762
13.524474 11.946390
13.697871 12.257341
13.882194 12.578837
14.076811 12.908100
14.273949 13.242175
14.482810 13.585710
14.694993 13.939658
14.909558 14.296528
15.130764 14.655415
15.359728 15.021885
15.439531 15.239686
15.309912 15.240406
15.044294 15.021588
14.802177 14.715489
14.560585 14.355745
14.325794 13.998331
14.102391 13.647274
13.882978 13.312105
13.674325 12.990794
13.480607 12.677187
13.295264 12.378363
13.117329 12.085828
12.950157 11.810676
12.792499 11.554985
12.646299 11.320089
12.512580 11.101510
12.400498 10.894094
12.307076 10.707799
12.226739 10.545762
12.168512 10.405878
12.127976 10.289016
12.103523 10.199508
12.094025 10.134107
12.101488 10.095952
12.117720 10.078074
12.148754 10.093629
12.195695 10.132644
12.153394 10.118813
11.994595 10.018832
11.799770 9.898081
11.693872 9.826144
11.643894 9.792538
11.606684 9.789890
11.585397 9.816127
11.582665 9.866501
11.596217 9.933121
11.634025 10.026399
11.691212 10.141194
11.763516 10.282056
11.851273 10.433176
11.958588 10.610452
12.071935 10.807932
12.197757 11.015170
12.334678 11.240417
12.488779 11.483026
12.645930 11.741834
12.811991 12.002048
12.993715 12.277292
13.184936 12.570778
13.383787 12.877876
13.593009 13.191867
13.809431 13.510861
14.031854 13.839926
14.261888 14.169534
14.378974 14.383799
14.350268 14.413255
14.185160 14.241938
13.968420 13.975992
13.737995 13.652226
13.517908 13.343353
13.308931 13.048086
13.108093 12.765088
12.916946 12.502067
12.747765 12.257413
12.589835 12.031301
12.444414 11.823228
12.318271 11.626598
12.209771 11.445522
12.112326 11.281596
12.033559 11.141101
11.972772 11.019205
11.931045 10.915886
11.905085 10.837816
11.898762 10.784994
11.905910 10.755698
11.935736 10.746807
11.980924 10.759431
12.035469 10.794333
12.117838 10.857799
12.148766 10.895379
12.097976 10.888466
12.001964 10.840424
11.917234 10.769364
11.845681 10.708133
11.794794 10.662798
11.769843 10.636651
11.757632 10.625984
11.762166 10.635331
11.782908 10.679877
11.828699 10.736224
11.886889 10.819839
11.956681 10.923715
12.045407 11.044974
12.150428 11.186606
12.264694 11.350467
12.398201 11.534019
12.548982 11.732541
12.709337 11.948295
12.887239 12.180384
13.067623 12.431408
13.260777 12.695711
13.474190 12.972470
13.695058 13.260774
13.922670 13.557809
14.158874 13.866742
14.319683 14.093232
14.360761 14.181925
14.257859 14.088638
14.071281 13.861126
13.827849 13.550415
13.600737 13.252227
13.387618 12.968826
13.186892 12.702066
12.997499 12.447783
12.822009 12.208202
12.659342 11.978842
12.520385 11.769117
12.391108 11.575059
12.271525 11.400757
12.168664 11.245964
12.082239 11.111882
12.004439 10.999649
11.942982 10.908076
11.902155 10.839039
11.878568 10.791249
11.873389 10.765317
11.886074 10.761859
11.910132 10.778946
11.957234 10.822477
12.020198 10.886286
12.105265 10.974810
12.204638 11.083434
12.285300 11.187366
12.316543 11.268172
12.284600 11.279138
12.208738 11.204401
12.116868 11.103867
12.033344 11.017874
11.967769 10.945782
11.923791 10.895809
11.892347 10.877823
11.883472 10.876082
11.898078 10.892976
11.929327 10.938704
11.980801 11.006457
12.059979 11.095669
12.147003 11.200945
12.257670 11.331941
12.386926 11.477866
12.524323 11.627368
12.678325 11.803844
12.850629 11.994472
13.040112 12.200377
13.235337 12.428236
13.446405 12.663314
13.589773 12.830129
13.629689 12.874408
13.611275 12.855071
13.610768 12.854744
13.622096 12.874438
13.646788 12.906249
13.687164 12.959014
13.738701 13.027874
13.814640 13.119101
13.907465 13.230981
