90
120
120
130
120
170
170
170
160
170
180
160
170
170
170
170
160
160
170
170
170
170
170
170
170
170
170
170
160
170
170
170
170
210
220
210
260
260
260
260
270
260
260
260
260
260
180
160
160
160
160
190
190
190
190
190
220
250
250
250
280
300
310
300
310
310
300
300
310
300
310
310
300
310
300
310
300
310
300
330
340
340
330
340
330
360
370
360
360
370
400
400
400
400
400
400
430
430
430
440
430
430
440
430
430
430
470
460
460
460
460
470
460
460
470
460
470
460
470
460
470
500
500
490
500
500
530
530
530
530
530
530
530
530
530
530
530
530
530
530
530
530
530
520
530
530
530
570
530
520
530
530
530
530
530
520
520
530
530
530
570
570
560
560
570
560
570
560
560
570
570
560
560
560
560
570
560
560
570
560
570
560
570
560
570
560
570
560
560
570
570
560
590
600
600
590
600
600
590
590
600
600
630
660
690
750
730
770
760
770
770
760
790
800
840
830
830
830
840
830
830
840
830
830
830
840
830
830
840
830
830
840
870
910
940
950
980
1020
980
980
1020
1010
1020
1010
1020
1010
1020
1020
1010
1020
1020
1010
1020
1010
1060
1060
1050
1060
1050
1060
1050
1050
1100
1100
1090
1100
1090
1100
1100
1090
1100
1100
1090
1100
1090
1130
1130
1130
1130
1130
1130
1170
1210
1210
1210
1220
1210
1210
1240
1250
1250
1250
1280
1240
1250
1240
1250
1240
1280
1290
1340
1330
1330
1330
1330
1330
1330
1330
1330
1340
1320
1330
1340
1320
1330
1340
1330
1330
1370
1370
1370
1380
1370
1370
1370
1370
1370
1370
1410
1410
1420
1410
1410
1420
1400
1410
