0.147844
0.283693
0.503003
0.874493
1.218716
1.439918
1.600233
1.647701
1.648674
1.700712
1.840304
2.022790
2.150374
2.231118
2.306277
2.457202
2.696346
2.939084
3.143679
3.251641
3.394070
3.349423
3.276010
3.165306
3.017694
2.795253
2.562696
2.355244
2.214585
2.089636
1.918135
1.671763
1.346198
1.084203
0.892539
0.745422
0.598678
0.437626
0.252706
0.072833
0.127833
0.237879
0.312249
0.289530
0.247194
0.265552
0.424211
0.587836
0.717656
0.847256
1.017091
1.236097
1.466108
1.702390
1.932485
2.097750
2.254997
2.406185
2.608187
2.770806
2.924077
3.035518
3.077814
3.029608
2.908397
2.714230
2.473302
2.228847
1.998507
1.794598
1.642537
1.545316
1.419809
1.275241
1.123834
0.997384
0.881774
0.747300
0.489596
0.664203
0.972811
1.132034
1.217571
1.324174
1.510314
1.710670
1.906885
2.093415
2.295592
2.499242
2.666455
2.869764
3.035654
3.205992
3.345470
3.479252
3.602046
3.705094
3.817297
3.912632
4.048147
4.187147
4.271220
4.277603
4.227263
4.134807
4.015155
3.893006
3.764184
3.640350
3.506694
3.356031
3.223691
3.071072
2.911271
2.729193
2.550970
2.390464
2.228351
2.084249
1.900638
1.755884
1.610897
1.464935
1.301136
1.251242
1.307204
1.456640
1.556619
1.673534
1.802840
1.944913
2.087192
2.245089
2.408430
2.566862
2.749361
2.917152
3.068819
3.229159
3.410137
3.561277
3.741277
3.928873
4.139019
4.385276
4.648340
4.917174
5.159090
5.407627
5.609713
5.722182
5.817991
5.897149
5.916640
5.934976
5.943653
5.925950
5.876375
5.827912
5.739239
5.689523
5.607045
5.555613
5.598017
5.633030
5.697727
5.722806
5.724586
5.764678
5.583778
5.443204
5.229809
5.161564
5.171522
5.221397
5.242234
5.323350
5.397145
5.434571
5.251796
5.229510
5.128271
5.045939
4.961122
4.920477
4.871911
4.878507
4.942843
5.138507
5.378092
5.705627
6.005397
6.146797
6.158658
6.046190
5.811762
5.495959
5.065400
4.566370
4.151164
4.068577
4.170086
4.372417
4.655629
4.915583
5.104632
5.257135
5.346867
5.303256
5.171207
5.005246
4.862251
4.683656
4.616811
4.708362
4.850376
5.125590
5.368081
5.630321
5.711372
5.827830
5.994780
6.070558
6.118978
6.098280
5.940916
5.818322
5.738202
5.636051
5.593106
5.597919
5.609709
5.561940
5.490369
5.372502
5.208277
5.029092
4.806193
4.567548
4.352439
4.139398
4.013535
3.880814
3.779456
3.702587
3.663406
3.641038
3.585345
3.503393
3.397208
3.338677
3.341522
3.488372
3.625731
3.744661
3.862196
3.922747
3.958453
3.953280
4.010708
4.071683
4.146172
4.270198
4.454937
4.658027
4.850891
5.039963
5.088711
5.099785
5.188722
5.305956
5.471066
5.753293
5.985054
6.225307
6.362184
6.382199
6.351941
6.278952
6.206176
6.138086
6.012817
5.877145
5.727785
5.603652
5.468051
5.325345
5.199633
5.076017
5.009778
4.866858
4.699324
4.535416
4.396530
4.233313
4.064617
4.017099
3.952608
3.940601
4.095107
4.200802
4.251828
4.265396
4.227042
4.236275
4.358034
4.417472
4.473858
4.542622
4.671185
4.761402
4.876875
4.973820
5.105183
5.226410
5.267758
5.393590
5.530784
5.725114
5.934892
6.091302
6.204406
6.335464
6.417672
6.574233
6.760998
6.877589
6.989863
7.049161
7.050212
7.036591
7.007032
6.985293
7.007980
7.036754
