1.976936 1.869355
1.992081 1.893367
2.010037 1.952462
2.001314 2.031797
2.003589 2.149147
2.035286 2.285829
2.067766 2.440798
2.108898 2.585744
2.175946 2.767443
2.266225 2.965059
2.379242 3.232105
2.521155 3.462542
2.686510 3.757478
2.804025 4.062489
2.860468 4.146574
2.812390 4.060425
2.862200 4.060899
3.082064 4.239080
3.214223 4.331894
3.305621 4.392127
3.314317 4.380861
3.399208 4.429917
3.450903 4.443205
3.515559 4.532442
3.662300 4.693649
3.821633 4.846878
4.006017 5.007970
4.201216 5.182599
4.401098 5.359373
4.599090 5.531287
4.870514 5.755464
5.086523 5.937741
5.289949 6.114802
5.557849 6.317297
5.815232 6.564680
5.995700 6.729896
6.249782 6.968549
6.454917 7.174724
6.641355 7.369042
6.848678 7.558128
7.063880 7.785736
7.303153 8.011589
7.504449 8.220135
7.726526 8.441529
7.760108 8.572502
7.754792 8.620876
7.758268 8.662791
7.815473 8.719074
7.858055 8.774126
7.906892 8.819493
7.903568 8.757818
7.914796 8.757020
7.860811 8.679625
7.909739 8.686968
7.915219 8.738071
7.933317 8.759112
7.989777 8.766689
8.038082 8.794414
8.133900 8.781498
8.168767 8.820347
8.238562 8.864739
8.341641 8.949522
8.397405 8.974564
8.561864 9.083425
8.667946 9.161046
8.841030 9.248738
9.004852 9.383615
9.122109 9.529394
9.307410 9.673657
9.478509 9.819562
9.631709 9.937239
9.795320 10.054479
9.972289 10.189037
10.139465 10.342729
10.314159 10.438530
10.463082 10.575634
10.633632 10.754019
10.816216 10.796843
10.908031 10.918289
10.886773 10.806860
10.789364 10.584122
10.848926 10.545569
10.943204 10.671759
11.020823 10.804443
11.097203 10.776420
11.131306 10.706784
11.167225 10.610026
11.199283 10.618417
11.212314 10.637413
11.246513 10.643152
11.293724 10.646741
11.471043 10.684899
11.571683 10.695341
11.655241 10.709431
11.754430 10.743046
11.873066 10.808807
12.003385 10.882403
12.170179 11.178586
12.293783 11.281390
12.423390 11.379385
12.535011 11.474176
12.648153 11.552964
12.721867 11.682619
12.839371 11.671224
12.915506 11.788956
13.023764 11.889216
13.132687 12.031619
13.221040 12.142748
13.335253 12.268662
13.443929 12.413702
13.441282 12.295563
13.457778 12.322653
13.472149 12.323029
13.537573 12.295825
13.527147 12.214811
13.357311 11.964538
13.245208 11.819101
13.172779 11.743418
13.085677 11.707133
12.882011 11.562221
12.828093 11.365330
12.661057 11.363099
12.537565 11.413122
12.540868 11.464648
12.543497 11.464404
12.532926 11.524870
12.474039 11.549708
12.408115 11.377174
12.418286 11.126242
12.245604 11.076056
12.086589 11.033331
12.048934 11.115315
12.107264 11.207020
12.213638 11.337263
12.298035 11.447533
12.382566 11.571548
12.558989 11.756418
12.628325 11.864168
12.712788 11.967181
12.816902 12.068114
12.812813 12.061153
12.920078 12.161971
12.916483 12.256899
12.945113 12.366075
13.074140 12.473686
13.191728 12.550301
12.964926 12.453377
12.854417 12.305378
12.748840 12.190374
12.818801 12.237527
12.874090 12.401943
12.916078 12.413893
12.942555 12.480932
12.960529 12.495737
12.795393 12.480507
12.800557 12.534675
12.655180 12.420438
12.601605 12.503603
12.621704 12.561809
12.646257 12.516802
12.709285 12.606217
12.771432 12.764491
12.837024 12.852014
12.957103 12.994397
13.067995 13.158374
13.141706 13.270697
13.238010 13.403821
13.156916 13.445610
13.242842 13.513511
13.208718 13.609351
13.325104 13.678019
13.110176 13.349741
13.161985 13.248004
12.804481 12.998210
12.719669 12.932749
12.613341 12.887924
12.469098 12.868591
12.449042 12.875718
12.471425 12.943314
12.531151 12.892181
12.204311 12.346239
11.974225 11.932932
11.697262 11.639580
11.489587 11.308402
11.107546 11.127652
10.681658 10.787809
10.400585 10.461496
10.140409 10.319824
9.677064 10.032493
9.552897 9.576283
9.325324 9.125480
9.122822 9.150854
9.037674 9.142311
9.109669 9.208074
9.203010 9.303241
9.249214 9.246214
9.362100 9.365548
9.500752 9.492520
9.606842 9.525274
9.741362 9.572804
9.856161 9.630187
10.070253 9.869139
10.195043 10.014939
10.375455 10.327951
10.516579 10.550184
10.713412 10.652353
10.858824 10.652075
11.035066 10.942076
11.068913 10.952732
11.139279 11.015286
11.185867 11.072834
11.332337 11.268820
11.320644 11.274527
11.352150 11.288820
11.443424 11.302568
11.540609 11.464934
11.637521 11.487477
11.705333 11.603884
11.766037 11.672999
12.003281 11.901458
12.115833 11.957823
12.161774 12.004177
12.271756 12.012814
12.262158 11.996578
12.277660 11.991728
12.111654 11.901211
12.099503 11.901490
12.000278 11.889704
11.956252 11.775063
11.889035 11.672599
11.703199 11.535327
11.511500 11.380355
11.014910 10.847682
10.972865 10.865869
10.572964 10.583051
10.485778 10.237304
10.253023 9.976854
10.076656 9.813695
10.096920 9.819865
10.161711 9.900568
10.240203 9.987990
10.287075 10.055728
10.447683 10.188759
10.471996 10.256489
10.458695 10.310909
10.504448 10.368714
10.513793 10.408384
10.490357 10.323488
10.619125 10.330271
10.797576 10.464962
10.825611 10.454908
10.741076 10.347838
10.648961 10.144255
10.537266 10.026649
10.421773 9.801146
10.099325 9.378176
10.015524 9.280958
10.125762 9.400347
10.444410 9.807917
10.462494 9.870834
10.524674 9.918945
10.529513 9.962427
10.477225 9.999403
10.466375 10.042888
10.472210 10.011767
10.537148 10.098331
10.568774 10.167140
10.603118 10.187361
10.608271 10.170209
10.598442 9.860430
10.579447 9.873289
10.439235 9.837902
10.119213 9.863224
10.042356 9.850862
9.928359 9.451413
9.729709 9.266872
9.208577 8.793081
8.849132 8.467756
8.705753 8.127758
8.389202 7.622020
8.273790 7.487909
7.860030 6.898096
7.935832 6.972303
8.184613 7.200669
8.337633 7.396413
8.707525 7.549702
8.809598 7.644990
8.967493 7.775496
9.075118 7.893419
9.137388 7.991875
9.149555 8.059572
9.100166 8.048361
9.135809 8.167596
9.178995 8.373316
9.255650 8.465605
9.292886 8.480543
9.300090 8.466672
9.126302 8.298563
9.130602 8.258601
8.762091 8.104454
8.246597 7.625855
8.047381 7.394436
7.973766 7.290452
8.177462 7.479673
8.155066 7.489060
8.185161 7.741138
8.203911 7.849291
8.278451 7.891456
8.347053 7.967386
8.398116 8.021557
8.438656 8.140913
8.504559 8.293415
8.571721 8.396836
8.666071 8.437471
8.717810 8.522478
8.635326 8.438231
8.744895 8.500849
8.741559 8.437738
8.537595 8.146207
8.496217 7.828947
8.063764 7.414425
7.866509 7.036800
7.591980 6.941116
7.476239 6.746872
7.270194 6.343189
7.099613 6.123275
7.004627 6.122541
6.988518 6.038655
7.031026 6.169041
6.937873 6.203513
7.001452 6.283092
6.968331 6.359110
7.051120 6.481408
7.133978 6.598246
7.240992 6.713422
7.377630 6.809464
7.430402 6.838679
7.475007 6.862226
7.580264 6.955430
7.797664 7.136177
7.874497 7.118226
7.813106 6.939698
7.368892 6.342403
6.749038 5.756859
6.425179 5.332498
6.350575 5.366172
6.484425 5.639722
6.630884 5.734157
6.754170 5.821282
6.898014 5.873736
6.973712 6.009399
7.036740 6.133987
7.114825 6.194619
7.223782 6.255574
7.277445 6.360965
7.391489 6.403115
7.244531 6.263196
7.101567 5.927958
6.968418 5.501629
6.505856 4.984931
6.453094 4.839389
6.491423 4.697019
6.445912 4.766930
6.391264 4.718611
6.289189 4.656018
6.267972 4.688500
5.894936 4.695088
5.507957 4.485192
5.365382 4.450745
5.391981 4.427316
5.446124 4.390005
5.500552 4.238851
5.550990 4.263480
5.627570 4.243968
5.624866 4.264240
5.725346 4.320257
5.788807 4.377599
6.074124 4.555290
6.353601 4.844872
6.441144 4.985613
6.681002 5.367934
6.737506 5.580863
6.877034 5.603511
6.993246 5.695599
7.137415 5.760985
7.295712 5.876738
7.333746 5.972945
7.353297 6.050400
7.394285 6.023093
7.436964 6.133604
7.477705 6.117447
7.492578 6.132442
7.524060 6.168730
7.533901 6.191632
7.526078 6.218446
7.516942 6.175113
7.520142 6.207722
7.458871 6.236679
7.490040 6.249054
7.259535 6.276727
7.143901 6.173045
7.115172 6.088851
6.887889 5.857329
6.619865 5.778147
6.438761 5.684650
6.312811 5.492021
6.333386 5.325167
5.838066 5.184582
5.563499 4.782332
5.397495 4.625829
5.336848 4.601298
5.390467 4.495506
5.208828 4.414786
5.085796 4.439600
5.067784 4.484142
5.060026 4.516430
5.071615 4.535800
5.256225 4.625808
5.416830 4.773330
5.550482 4.964331
5.700327 5.126535
5.872256 5.317738
5.960859 5.418743
5.999280 5.454611
6.051882 5.348689
5.902722 5.087664
5.432663 4.974631
4.805332 4.796001
4.014358 4.586240
3.644325 4.388782
3.727937 4.414618
3.825366 4.560823
4.008566 4.723239
4.238345 4.882866
4.486440 5.070256
4.654573 5.148723
4.859359 5.320722
5.022362 5.450213
5.188797 5.468406
5.257108 5.539510
5.290198 5.564622
5.373267 5.272596
5.389182 5.273454
5.410589 5.289825
5.470662 5.145900
5.322210 4.853676
5.401304 4.752854
5.383725 4.593505
5.274047 4.431618
5.411636 4.406027
5.224245 4.396351
5.249136 4.440302
5.319037 4.501186
5.498947 4.740634
5.868399 5.041676
6.198514 5.361430
6.393540 5.481196
6.486250 5.630280
6.713024 5.767116
6.934997 6.049309
7.153083 6.343030
7.342507 6.504194
7.346120 6.626575
7.309996 6.786951
7.338848 6.853300
7.383576 6.894354
7.290314 6.938111
7.289252 7.002513
7.364777 7.111232
7.470981 7.154517
7.584690 7.243323
7.676445 7.352052
7.824529 7.452768
7.941675 7.506830
7.985538 7.450753
7.916494 7.386394
7.877131 7.265803
7.509575 7.045931
7.169442 6.819512
6.906588 6.640746
6.522307 6.204608
6.121281 6.017587
5.839450 5.830689
5.513589 5.661752
5.400071 5.407372
5.256329 5.122409
5.216361 4.836445
5.093712 4.609733
5.054233 4.612074
5.021577 4.537999
5.080488 4.587106
5.220291 4.705847
5.275838 4.724645
5.453234 4.897420
5.684276 5.121182
5.645675 5.076489
5.702814 5.138587
6.073598 5.469876
6.189278 5.865987
6.009452 5.838633
5.498592 5.701799
5.311354 5.628257
5.452156 5.614081
5.571125 5.692270
5.676808 5.706436
5.706217 5.743006
5.710069 5.790298
5.784326 5.796499
5.803503 5.825202
5.819760 5.720146
5.841737 5.477138
5.864992 5.416328
5.919672 5.202263
5.946268 5.058803
5.793872 4.806172
5.670920 4.669322
5.663917 4.563664
5.762115 4.514024
5.733880 4.597936
5.735793 4.460560
5.703402 4.420314
5.702417 4.308630
5.684289 4.337983
5.666594 4.435338
5.619697 4.494644
5.596094 4.466149
5.593901 4.478672
5.731368 4.647371
5.810938 4.783030
6.048898 4.977235
6.359023 5.198556
6.628671 5.420510
6.721894 5.562668
6.737746 5.595780
6.591141 5.550854
6.533378 5.589631
6.255286 5.543769
5.975027 5.402090
5.718135 5.357716
5.703257 5.336814
5.761379 5.377330
5.822927 5.393301
5.815372 5.254940
5.764874 5.205017
5.723065 5.089285
5.658906 4.876595
5.577291 4.765503
5.377756 4.616529
5.452911 4.535037
5.472693 4.544722
5.509766 4.410468
5.589124 4.391108
5.544928 4.407220
5.545143 4.463863
5.529804 4.451057
5.396745 4.395554
5.343953 4.443504
5.390218 4.578157
5.638353 4.848830
6.146605 5.594745
6.549216 6.122580
