1.984917 1.867654
1.958212 1.848530
1.891998 1.793023
1.854401 1.748222
1.859713 1.737429
1.835466 1.778792
1.941801 1.983512
1.983307 2.144583
2.044622 2.362428
2.114626 2.537875
2.223562 2.800474
2.206315 2.987205
2.243482 3.164912
2.265095 3.327011
2.208425 3.262532
2.301248 3.314388
2.444246 3.404159
2.730392 3.620094
2.844951 3.760783
2.881234 3.795169
2.834142 3.805762
2.743173 3.709011
2.652879 3.583703
2.740689 3.626208
2.967778 3.848490
3.106371 3.954159
3.303010 4.117958
3.620569 4.370598
3.857512 4.536390
4.187288 4.718906
4.482901 4.949886
4.708595 5.121135
4.923023 5.236893
5.160665 5.467525
5.418790 5.732128
5.614556 5.920834
5.877720 6.161826
6.116633 6.395255
6.318744 6.624398
6.530949 6.834497
6.759971 7.048889
6.992770 7.261424
7.231226 7.472919
7.426970 7.684552
7.535331 7.817010
7.574273 7.841061
7.636061 7.893194
7.722561 7.950364
7.763034 7.978278
7.853193 8.030609
7.808860 7.978645
7.563367 7.882722
7.486121 7.756804
7.485910 7.663019
7.437579 7.498898
7.391018 7.431390
7.380509 7.422076
7.318148 7.433106
7.207977 7.267572
7.124323 7.084648
7.118730 7.041045
7.163491 6.919770
7.020842 6.826856
7.196824 6.953362
7.290983 7.044362
7.469648 7.224179
7.665857 7.356015
7.807328 7.490421
8.039424 7.641484
8.166923 7.796358
8.310515 7.935417
8.378024 7.999580
8.520655 8.154366
8.574564 8.125582
8.732280 8.274061
8.894961 8.280883
8.987098 8.370452
9.108559 8.465089
9.079417 8.378493
8.861398 8.265268
8.828499 8.227868
8.931054 8.350545
9.235671 8.585440
9.379015 8.621436
9.508197 8.698833
9.502561 8.463335
9.465277 8.362850
9.473094 8.323719
9.533295 8.306182
9.595693 8.373499
9.647438 8.400810
9.768644 8.498713
9.848403 8.552873
9.940115 8.607533
10.038578 8.669968
10.168064 8.742905
10.302341 8.823263
10.404671 8.896203
10.453099 8.982733
10.573233 9.075271
10.643178 9.158723
10.729122 9.247096
10.861682 9.351436
10.960771 9.423990
11.055257 9.513305
11.108206 9.546882
11.250295 9.655690
11.359443 9.700218
11.412041 9.768739
11.444122 9.829792
11.528668 9.665147
11.389518 9.537339
11.207078 9.282411
10.940443 9.100573
10.685282 8.972825
10.511897 8.722672
10.059346 8.058102
9.467826 7.577594
8.486763 7.147783
7.799925 6.821397
7.195948 6.364199
6.647822 5.857128
6.135548 5.475204
5.916729 4.911160
5.202539 4.258624
4.686676 4.149524
4.549342 4.013154
4.381573 3.832520
4.165051 3.832647
3.996154 3.664920
4.046718 3.814972
4.146208 3.940957
4.308905 4.112080
4.522065 4.334663
4.733198 4.497573
4.975399 4.765003
5.185296 4.793824
5.299793 4.972662
5.466199 5.132978
5.633307 5.282874
5.853124 5.524363
6.036585 5.747512
6.234880 5.936505
6.468755 6.080883
6.621699 6.264986
6.681247 6.438670
6.774400 6.488816
6.869696 6.437647
6.826563 6.288860
6.843092 6.454925
6.956576 6.516495
6.968454 6.514796
7.021133 6.619256
7.044205 6.531979
7.131338 6.418141
7.185533 6.356912
7.252675 6.315211
7.300943 6.298143
7.348756 6.349944
7.414000 6.415770
7.510061 6.496942
7.577148 6.596848
7.714828 6.746050
7.789584 6.892726
7.897029 7.002024
8.016165 7.133733
8.134466 7.248748
8.160024 7.310049
8.023843 7.428824
8.045764 7.439902
7.909877 7.361211
7.742139 7.092626
7.306645 6.831712
6.884777 6.423285
6.468316 5.954322
5.930452 5.468270
5.748315 5.009053
5.686904 4.909443
5.577064 4.870052
5.138866 4.710778
4.854398 4.291359
4.296119 3.660645
3.975857 3.278145
3.920685 2.975179
3.134918 2.815232
2.691012 2.240811
2.312998 2.174910
2.172884 2.120394
1.919668 2.125484
1.957671 2.135308
1.928400 2.060074
1.958700 2.115059
2.089327 2.126391
2.270680 2.300942
2.533348 2.525001
2.800326 2.674398
3.113845 2.903940
3.406793 3.140638
3.608550 3.306831
3.767136 3.503552
3.924596 3.639488
4.039258 3.801250
4.210561 4.052845
4.344020 4.135946
4.332022 4.091231
3.801382 3.403596
3.559250 2.816369
3.140487 2.612605
2.811586 2.289078
2.634000 2.134649
2.743463 2.271596
2.713424 2.322950
2.818100 2.418990
2.911249 2.537631
3.001916 2.615202
3.139835 2.707707
3.243129 2.857538
3.324058 3.012203
3.420434 3.120662
3.506459 3.221019
3.659961 3.441048
3.702896 3.551628
3.658481 3.563501
3.619470 3.592687
3.792681 3.726085
3.913691 3.847673
4.019459 3.863466
4.225472 3.970008
4.372093 4.104028
4.410317 4.106315
4.149491 3.922659
3.933152 3.503856
3.688733 3.252896
3.725339 3.314512
3.494995 3.176006
3.357132 3.034153
3.333827 2.991032
3.356568 2.882601
3.503479 3.082337
3.734124 3.319354
3.820839 3.398140
3.988713 3.603797
4.209136 3.839456
4.247858 3.911267
4.249436 3.940458
4.217218 4.026202
4.169671 4.121305
4.219853 4.184458
4.420674 4.425516
4.661929 4.616405
4.894974 4.638753
4.629910 4.427794
4.063869 4.162504
3.477266 3.858742
3.033320 3.565431
2.450176 3.378444
2.230828 3.264887
2.220776 3.186532
2.454169 3.346403
2.685773 3.473481
2.901234 3.586902
2.939414 3.604973
2.997361 3.624769
3.029159 3.597366
3.070373 3.640296
3.041127 3.746449
3.186097 3.782482
3.428822 3.740003
3.681865 3.684742
3.966488 3.597428
4.226820 3.453512
4.311613 3.426889
3.997931 3.253746
3.821562 3.029603
3.778622 3.070523
3.399023 2.845408
2.957619 2.495294
2.626389 2.294393
2.356518 2.212885
2.211733 1.933139
2.179421 1.954019
2.257923 2.029148
2.516481 2.305612
2.792339 2.628767
3.237534 3.061966
3.539495 3.310748
3.750172 3.575374
4.011412 3.817509
4.186340 4.029178
4.299203 4.199278
4.393885 4.333998
4.409822 4.382107
4.498284 4.467181
4.703102 4.878874
4.804671 4.884110
5.003454 4.941594
4.874733 4.841842
4.730084 4.628244
4.723398 4.609647
4.488740 4.426611
4.563367 4.107390
4.172376 3.794405
3.899655 3.625566
3.889479 3.641283
3.967006 3.693859
3.978989 3.725834
4.033880 3.767660
4.137921 3.839452
4.218131 4.000178
4.340148 4.159615
4.418359 4.329396
4.553649 4.529595
4.640651 4.631268
4.768196 4.781100
4.901674 4.740243
4.987028 4.671038
4.991733 4.500418
4.944472 4.297427
4.704632 3.940013
4.210656 3.299690
3.755916 2.853928
3.457980 2.718875
2.984396 2.598626
2.352646 2.085671
2.069945 1.970811
1.899387 2.002400
1.997038 2.174727
2.220672 2.368025
2.420380 2.619929
2.655751 2.857516
2.844869 3.034851
2.987661 3.169798
3.193996 3.320273
3.358160 3.178363
3.490063 3.379867
3.641953 3.613792
3.748383 3.741458
3.745089 3.755712
3.874846 3.830675
4.122768 4.151786
4.374910 4.207134
4.262089 3.907071
3.677263 3.433096
3.066364 2.938127
2.520059 2.679941
2.296181 2.769427
2.439603 2.956464
2.822220 3.284820
3.087842 3.542756
3.370784 3.829966
3.466076 4.085710
3.547385 4.240608
3.776071 4.372535
4.078366 4.459766
4.447391 4.493929
4.883380 4.233964
4.754916 3.719241
4.434690 3.007375
3.851024 2.404655
3.338293 1.989750
3.055436 1.646614
2.679859 1.415127
2.693237 1.570966
2.633608 1.547183
2.274416 1.485468
2.294094 1.543888
2.295750 1.610345
2.223681 1.700135
2.129298 1.696712
2.151524 1.698173
2.080953 1.673691
2.067635 1.700208
2.085905 1.728745
2.213883 1.861232
2.334465 2.021760
2.519643 2.156213
2.873550 2.467809
3.367301 2.989263
3.779561 3.440882
4.090151 3.688791
4.560329 3.979427
4.711952 4.189852
4.961725 4.253111
4.949970 4.264301
4.893795 4.243816
4.871651 4.301663
4.905009 4.355661
4.982704 4.509498
5.126862 4.564819
5.198984 4.699092
5.230266 4.725633
5.230758 4.752082
5.223852 4.821826
5.199391 4.905579
5.251931 5.006530
5.320996 5.047885
5.363447 5.133570
5.322072 5.127373
5.132975 5.004431
4.854584 4.722666
4.403887 4.265984
4.060672 4.058008
3.539558 3.518035
3.097407 2.862506
2.890270 2.789922
2.796668 2.288932
2.634791 2.115383
2.310770 1.697192
1.976560 1.443635
1.772799 1.470067
1.707789 1.575783
1.708520 1.692251
1.820757 1.797355
1.869843 1.898002
1.974869 1.968254
2.113433 2.107595
2.157840 2.100594
2.372336 2.357182
2.652516 2.640292
2.931348 2.966207
3.277647 3.373027
3.695260 3.712163
3.732710 3.768092
3.779733 3.655450
3.669375 3.613913
3.358600 3.570406
3.128803 3.595675
2.885837 3.460441
2.625079 3.400901
2.606826 3.439638
2.829241 3.595541
2.933042 3.640696
3.140423 3.708370
3.372452 3.718486
3.544068 3.619849
3.593194 3.615857
3.809536 3.875095
3.870684 3.767308
3.980300 3.574692
3.932121 3.187154
3.654260 2.819466
3.029495 2.306701
2.449481 1.970704
2.161098 1.827707
1.855894 1.809437
1.723401 1.814840
1.807514 1.709700
1.996090 1.772144
2.219102 1.918916
2.433337 2.170618
2.688461 2.337622
2.950493 2.492712
3.265500 2.681036
3.626026 2.895204
4.035124 3.306566
4.454249 3.713241
4.829395 3.935760
5.048239 4.123364
5.280147 4.270267
5.491388 4.473644
5.722338 4.667946
5.839401 4.653387
5.871654 4.678969
5.851212 4.687908
5.837146 4.677077
5.862352 4.622786
5.894799 4.556885
5.901998 4.530199
6.009429 4.634607
6.074093 4.664367
6.152562 4.726627
6.165644 4.749537
6.107538 4.748842
5.959875 4.637286
5.628752 4.317434
5.352450 3.995135
4.886911 3.648064
4.444955 3.106968
3.824596 2.495682
2.960883 2.280150
2.375363 1.866526
2.007987 1.584313
1.818940 1.625900
1.604484 1.438130
1.353713 1.472823
1.382310 1.581695
1.516748 1.691926
1.774268 1.887464
1.984790 2.080851
2.288745 2.292500
2.608762 2.527692
2.833789 2.755875
2.994383 2.906592
3.413712 3.287447
3.567723 3.341850
3.452504 3.141229
3.481178 3.159696
3.849683 3.512861
4.347393 4.010362
4.354369 4.013909
4.551791 4.028703
4.538000 4.002014
4.625245 4.066063
4.693729 4.134480
4.796004 4.228973
4.793855 4.276357
4.789190 4.321109
4.738814 4.246242
4.496793 4.090409
4.009947 3.805778
3.399380 3.302663
2.703855 2.815774
2.265083 2.324087
2.054737 2.148378
1.605895 1.563441
1.248032 1.215919
1.139925 1.111140
1.174920 1.167859
1.339697 1.260250
1.507354 1.398567
1.647519 1.526196
1.734388 1.648709
1.856599 1.781403
1.999182 1.883723
2.128294 1.962449
2.291263 2.111398
2.502022 2.272105
2.779701 2.520113
3.032897 2.779378
3.364003 3.144483
3.715925 3.438295
4.059706 3.697510
4.354304 3.878335
4.436194 3.811825
4.339540 3.664435
4.370092 3.650821
4.339013 3.519105
4.351472 3.455449
4.373131 3.400148
4.441956 3.429668
4.540751 3.492031
4.570532 3.565777
4.499953 3.508204
4.180701 3.363275
3.858476 2.958827
3.288369 2.619270
2.757038 1.863864
2.291293 1.585352
1.966217 1.376209
1.661302 1.407534
1.529935 1.373820
1.695991 1.424712
1.745732 1.484896
1.894888 1.634069
2.071326 1.787057
2.284562 1.820597
2.488874 1.971085
2.838032 2.238773
3.196465 2.533260
3.954133 3.238119
4.490063 3.888356
