1.929703 2.043125
1.933001 2.054883
1.935671 2.074279
1.930326 2.108062
1.927058 2.149698
1.930688 2.201083
1.927460 2.263812
1.930460 2.342986
1.938662 2.438212
1.941467 2.545490
1.942332 2.664352
1.949078 2.794462
1.950496 2.936925
1.959208 3.084415
1.964690 3.241934
1.974220 3.401887
1.979675 3.579650
1.993152 3.768237
2.017310 3.955491
2.035709 4.096925
2.074158 4.152764
2.118722 4.083716
2.133847 3.936889
2.116727 3.749841
2.108418 3.574957
2.107667 3.419491
2.108881 3.290945
2.119614 3.186386
2.144334 3.117521
2.171454 3.083439
2.202850 3.084650
2.240566 3.119841
2.284764 3.194488
2.340731 3.307322
2.400341 3.453317
2.460914 3.625765
2.533900 3.821604
2.614160 4.042702
2.694980 4.282416
2.786794 4.540821
2.879122 4.737259
2.964638 4.820353
3.020274 4.737639
2.997799 4.553896
2.920712 4.312010
2.853180 4.083654
2.794366 3.879494
2.738541 3.706372
2.701568 3.567310
2.675763 3.465740
2.658842 3.413012
2.650759 3.412751
2.658521 3.456638
2.684102 3.541720
2.723370 3.668662
2.777354 3.829603
2.846822 4.025086
2.935597 4.247668
3.032270 4.493604
3.147607 4.762393
3.262909 5.049079
3.388752 5.265446
3.524846 5.362143
3.609451 5.286506
3.577131 5.086588
3.482849 4.816421
3.401523 4.579660
3.334222 4.368189
3.281582 4.189881
3.245026 4.054514
3.223755 3.966220
3.218659 3.920721
3.231462 3.922363
3.261962 3.968135
3.310416 4.063852
3.379065 4.203465
3.464744 4.378938
3.567062 4.585544
3.718461 4.767517
3.914841 4.861235
4.166234 4.911303
4.448145 4.970538
4.752462 5.042931
5.077839 5.124837
5.412594 5.217734
5.762887 5.323947
6.118777 5.436022
6.483506 5.557304
6.859767 5.686473
7.239752 5.826896
7.623624 5.975482
8.017108 6.134461
8.411458 6.303269
8.801227 6.482426
9.197968 6.672120
9.594480 6.870609
9.990116 7.074899
10.386460 7.281096
10.787248 7.496304
11.186057 7.717287
11.585271 7.939570
11.882112 8.142307
12.022897 8.291940
11.929820 8.314047
11.655880 8.196761
11.262389 7.980451
10.870091 7.776930
10.488136 7.586066
10.113805 7.396098
9.744359 7.218218
9.385169 7.052673
9.030764 6.900718
8.682305 6.765486
8.354307 6.635754
8.043476 6.527792
7.746716 6.434959
7.466125 6.356724
7.209938 6.297550
6.977439 6.259711
6.768582 6.239704
6.586043 6.239999
6.433258 6.261677
6.312548 6.299767
6.223633 6.357490
6.169077 6.430884
6.187113 6.547479
6.267595 6.710558
6.353060 6.826623
6.402390 6.821428
6.456645 6.748163
6.540794 6.694848
6.660763 6.658350
6.809010 6.647410
6.981614 6.660017
7.185815 6.687156
7.417945 6.731795
7.669721 6.799370
7.939128 6.882146
8.226168 6.982319
8.528191 7.099859
8.847853 7.237284
9.176374 7.382376
9.525817 7.545801
9.881443 7.717828
10.241436 7.902049
10.617647 8.099123
10.992951 8.307645
11.379238 8.525311
11.777517 8.745566
12.180012 8.973121
12.480068 9.198104
12.629037 9.385146
12.685044 9.567975
12.750409 9.772189
12.831902 9.995670
12.928047 10.232757
13.040598 10.487044
13.161845 10.759034
13.294699 11.045108
13.433746 11.346371
13.589512 11.655749
13.750587 11.973885
13.920569 12.306086
14.094522 12.647066
14.277605 12.993041
14.473402 13.344136
14.671466 13.704189
14.874529 14.073925
15.094121 14.443777
15.319811 14.818947
15.556747 15.200617
15.634977 15.426528
15.500279 15.442255
15.234588 15.242572
14.986257 14.938711
14.748116 14.568310
14.520151 14.208162
14.299535 13.858340
14.094110 13.515628
13.895363 13.184530
13.706962 12.865713
13.534413 12.560659
13.373430 12.263535
13.220991 11.977285
13.084774 11.710477
12.965167 11.461070
12.865013 11.227797
12.769817 11.013398
12.693371 10.813215
12.639744 10.627705
12.592514 10.463612
12.564792 10.321892
12.556084 10.198585
12.559695 10.097907
12.578998 10.011969
12.611019 9.949750
12.657033 9.911714
12.712400 9.900296
12.677070 9.862985
12.508474 9.762114
12.303635 9.663236
12.190789 9.632209
12.132706 9.650382
12.081579 9.690559
12.048403 9.755072
12.034939 9.848481
12.035590 9.961816
12.056844 10.100738
12.096534 10.258444
12.143660 10.442148
12.207560 10.637489
12.281110 10.855258
12.371754 11.091161
12.471048 11.334339
12.580315 11.586252
12.705804 11.856332
12.845100 12.139792
12.995945 12.442447
13.160647 12.750968
13.336495 13.070811
13.524761 13.396620
13.725297 13.730534
13.931552 14.071306
14.145454 14.421256
14.357486 14.777616
14.457159 14.999758
14.388194 15.032556
14.204492 14.856606
14.004403 14.578218
13.798578 14.228661
13.597705 13.894752
13.411382 13.565717
13.240267 13.258051
13.079721 12.959658
12.931260 12.672478
12.790855 12.405505
12.666297 12.150756
12.556726 11.914112
12.465326 11.694542
12.386535 11.495200
12.323474 11.299549
12.279321 11.130492
12.248497 10.981378
12.227598 10.848262
12.224116 10.733797
12.246288 10.642297
12.268576 10.578998
12.308571 10.534174
12.363244 10.519243
12.440533 10.525559
12.444051 10.518299
12.357280 10.487015
12.240129 10.444105
12.153197 10.417752
12.086008 10.412193
12.032338 10.426401
12.003558 10.464311
11.997691 10.528031
12.002052 10.614851
12.024108 10.724662
12.069050 10.857087
12.138455 11.002847
12.222364 11.169029
12.328912 11.354317
12.448732 11.554666
12.579862 11.765734
12.728045 11.984939
12.886750 12.215263
13.055468 12.456867
13.237892 12.708688
13.442701 12.970930
13.648709 13.235327
13.871953 13.505581
14.106577 13.797305
14.350187 14.092325
14.599663 14.403310
14.762311 14.610597
14.788057 14.668639
14.668056 14.547005
14.466298 14.316441
14.217720 14.011617
13.973274 13.725637
13.739314 13.456605
13.520567 13.203890
13.309501 12.967698
13.112543 12.747958
12.928089 12.538721
12.761709 12.351774
12.613348 12.181058
12.482969 12.032716
12.370668 11.896261
12.278645 11.780856
12.200087 11.686482
12.138327 11.612844
12.094800 11.558884
12.065036 11.522304
12.045554 11.496612
12.044105 11.495176
12.060594 11.514957
12.095283 11.553321
12.151035 11.619803
12.223119 11.696361
12.309062 11.788655
12.371531 11.857173
12.385917 11.876213
12.335753 11.844551
12.254670 11.767787
12.153684 11.685126
12.075692 11.622912
12.019356 11.591575
11.977824 11.575040
11.956255 11.574704
11.956869 11.597463
11.979116 11.647022
12.016131 11.717142
12.066353 11.805825
12.130958 11.908265
12.216595 12.030765
12.311569 12.167914
12.434164 12.322582
12.573241 12.496274
12.732376 12.680335
12.903225 12.888443
13.085884 13.108012
13.277157 13.343671
13.483445 13.584759
13.638671 13.774587
13.712539 13.857326
13.749260 13.886468
13.802023 13.924338
13.868017 13.982190
13.947987 14.050547
14.049583 14.135594
14.164842 14.239281
14.298675 14.351749
14.448635 14.476136
