1.926741 2.041996
1.856972 1.995975
1.833547 1.984489
1.832521 2.068809
1.884995 2.185398
1.873970 2.321371
1.800304 2.388371
1.756677 2.501341
1.706455 2.582619
1.685164 2.707034
1.651747 2.831482
1.656739 2.967053
1.666733 3.109610
1.674204 3.264535
1.682980 3.421629
1.507494 3.342434
1.390625 3.405920
1.358085 3.516756
1.343496 3.690629
1.331752 3.818376
1.325846 3.873026
1.191492 3.434551
1.078168 2.816873
1.005943 2.484463
0.983735 2.214652
0.938756 1.962818
0.910777 1.867972
0.926223 1.824423
0.906734 1.856874
0.927004 1.926557
1.013282 2.068645
1.170250 2.295392
1.390219 2.604199
1.678138 3.018610
1.988647 3.544652
2.263620 4.060420
2.506071 4.545641
2.692392 4.877390
2.816326 5.095102
2.831502 5.121055
2.665250 4.877493
2.438357 4.525334
2.181490 4.137812
1.885220 3.666192
1.529719 3.159683
1.349249 2.836302
1.301391 2.660532
1.285674 2.574718
1.267252 2.515670
1.284216 2.475108
1.344364 2.444910
1.256765 2.229474
1.139515 2.123752
1.070323 2.127402
1.015180 2.171227
0.997506 2.278824
0.987973 2.389315
1.029959 2.555513
1.100726 2.646786
1.060882 2.728179
1.034194 2.745898
0.975896 2.736338
0.811249 2.624345
0.835880 2.468282
0.840593 2.202651
0.815286 1.937627
0.794123 1.697265
0.732512 1.570115
0.718387 1.505118
0.689132 1.532668
0.700050 1.621481
0.758526 1.785462
0.826086 1.972530
0.888617 2.103698
0.953730 2.256794
0.959017 2.300272
0.901041 2.329966
0.864711 2.390198
0.816365 2.381530
0.810719 2.309845
0.858342 2.235011
0.904270 2.132166
0.968337 2.087346
1.111119 2.098704
1.184960 2.034599
1.316080 2.082677
1.395963 2.089748
1.500738 1.966227
1.584312 1.921486
1.677284 1.899726
1.762112 1.853881
1.851287 1.861276
1.943995 1.839846
2.053431 1.842586
2.169594 1.804862
2.300906 1.786666
2.414808 1.748337
2.411613 1.687339
2.432976 1.673508
2.473674 1.663812
2.534101 1.628908
2.529744 1.643990
2.466945 1.682395
2.332513 1.716522
2.194461 1.704466
2.002547 1.633573
1.830619 1.560569
1.714908 1.503362
1.628973 1.415856
1.547419 1.376388
1.544892 1.335674
1.630469 1.335275
1.713266 1.332311
1.798641 1.359813
1.955998 1.432415
2.121977 1.472034
2.223819 1.467961
2.376611 1.539066
2.371971 1.563575
2.355842 1.582498
2.266338 1.546483
2.174173 1.533819
2.121242 1.513119
2.110399 1.473601
1.946385 1.443236
1.784333 1.357022
1.655530 1.326700
1.546604 1.259998
1.411998 1.236610
1.134867 1.115253
1.045793 1.104663
1.037423 1.096888
1.084437 1.110815
1.183200 1.118201
1.310383 1.130310
1.486610 1.139193
1.703001 1.163522
1.905125 1.167667
2.110389 1.153341
2.331871 1.177117
2.538552 1.150365
2.767819 1.189515
2.994827 1.215343
3.231885 1.264445
3.496302 1.312125
3.783746 1.359175
4.057382 1.388577
4.433791 1.487535
4.820950 1.574652
5.238253 1.679176
5.587839 1.750542
5.971521 1.855548
6.253562 1.990646
6.351439 2.181398
6.382643 2.423308
6.378344 2.718114
6.287543 2.948543
6.193827 3.238072
6.179145 3.533478
6.072418 3.729054
6.004133 3.983315
6.011700 4.300140
5.976399 4.539693
6.021859 4.857032
6.051721 5.128411
6.045068 5.384864
6.001441 5.697923
6.016003 5.869806
6.093777 6.200360
6.139664 6.501438
6.213349 6.863594
6.189888 7.156744
6.073969 7.347201
5.901196 7.336397
5.764022 7.146188
5.663335 6.817649
5.550569 6.487306
5.441662 6.008289
5.393734 5.625145
5.264141 5.236258
5.233264 4.885665
5.190652 4.551092
5.187945 4.280203
5.191672 4.039531
5.181118 3.794328
5.202995 3.508067
5.153554 3.326539
5.128062 3.245780
5.088898 3.101188
5.105793 3.036832
5.160715 3.077452
5.273760 3.151607
5.470184 3.274722
5.666296 3.416208
5.814128 3.520458
5.904105 3.741957
5.836878 4.096227
5.533625 4.441130
4.901890 4.561477
4.048329 4.263728
3.301056 3.729758
2.735747 3.084607
2.361093 2.505898
2.330084 2.126667
2.362146 2.068228
2.246812 2.042517
2.119460 2.107225
1.978456 2.149237
1.927741 2.301833
1.949858 2.491057
2.057500 2.696574
2.252508 2.924840
2.255029 3.066328
2.279043 3.186417
2.324230 3.391438
2.379846 3.572783
2.301442 3.749872
2.135626 3.992671
2.142620 4.253185
2.236405 4.584801
2.336363 4.885369
2.038304 4.852061
1.764798 4.868470
1.771290 4.927385
1.813279 5.035248
1.685775 5.021778
1.310360 4.897478
1.296381 4.593898
1.221078 4.232023
1.072105 3.789191
0.993880 3.340527
0.946281 3.062555
0.924059 2.888089
0.848749 2.569127
0.833332 2.353594
0.840028 2.130441
0.842452 2.071523
0.921370 2.090226
1.042642 2.220397
1.226039 2.405245
1.440228 2.623030
1.638882 2.871848
1.794766 3.131476
1.930667 3.338213
1.974423 3.480999
2.040727 3.711694
2.045461 3.777979
2.050613 3.833851
2.005018 3.887061
1.991527 3.688099
1.856144 3.539665
1.778176 3.165693
1.630911 2.765275
1.369518 2.472411
1.155586 2.167910
0.914206 1.996733
0.832880 1.878815
0.809509 1.818474
0.783109 1.799348
0.801859 1.828889
0.829701 1.902143
0.870374 1.949347
0.889586 2.057170
0.919768 2.118361
0.905305 2.073674
0.885404 2.060190
0.852403 2.033186
0.776011 1.984870
0.761001 2.073422
0.762691 2.189681
0.735103 2.156701
0.718303 2.131943
0.728264 2.251654
0.726926 2.303068
0.702404 2.425770
0.671201 2.516781
0.634590 2.556205
0.629456 2.594630
0.656194 2.518551
0.649307 2.351698
0.650412 2.194585
0.571585 1.930512
0.564790 1.697822
0.556908 1.639614
0.557657 1.635448
0.548515 1.625250
0.547889 1.561924
0.569755 1.620331
0.621596 1.726725
0.695591 1.897287
0.784001 2.094369
0.887232 2.413874
0.993930 2.728599
1.106622 2.978903
1.219148 3.115898
1.317246 3.166062
1.381042 3.013777
1.395546 2.831502
1.324642 2.738340
1.215308 2.581831
1.150879 2.543830
0.883557 2.320229
0.777497 2.292408
0.767146 2.283798
0.755783 2.180096
0.788090 2.003893
0.772235 1.799851
0.700334 1.610441
0.647318 1.505491
0.623486 1.469587
0.631177 1.448498
0.653415 1.444472
0.702953 1.472987
0.758068 1.603383
0.791679 1.770923
0.845310 1.940453
0.837697 2.076038
0.793769 2.108261
0.769772 2.083630
0.720817 1.998489
0.671709 1.913235
0.664155 1.916949
0.592681 1.872072
0.538136 1.849663
0.537098 1.840885
0.523137 1.865826
0.502311 1.910487
0.519035 1.870363
0.586539 1.815981
0.685450 1.664824
0.769646 1.581580
0.847164 1.521029
0.901554 1.501810
0.936405 1.453668
1.013011 1.430324
1.007396 1.419731
