1.922840 2.041430
1.900187 2.004257
1.822792 1.996702
1.743182 1.975294
1.499443 1.876733
1.343735 1.762111
1.193720 1.744854
1.107195 1.654618
1.019864 1.626211
1.007698 1.629732
1.015303 1.720264
0.983384 1.790700
0.963282 1.889214
0.953473 1.978133
0.955159 2.038519
0.939554 2.012346
0.890402 2.014261
0.827018 1.989803
0.765874 1.995971
0.687956 1.922275
0.673175 1.631470
0.687544 1.403800
0.666462 1.204386
0.632274 1.100268
0.595235 1.020426
0.556754 0.994443
0.533678 1.033882
0.511697 1.116213
0.495130 1.224290
0.490411 1.320977
0.504379 1.429748
0.504348 1.432952
0.480776 1.378375
0.453180 1.397255
0.443593 1.430507
0.449846 1.514120
0.452063 1.620868
0.464837 1.728220
0.480219 1.885320
0.492285 2.056705
0.510066 2.139494
0.506343 2.026423
0.545959 1.828801
0.567359 1.701552
0.544474 1.498593
0.529943 1.357208
0.513145 1.245161
0.502223 1.181990
0.492397 1.092220
0.499205 1.088750
0.528535 1.167796
0.551965 1.305886
0.501697 1.405356
0.473534 1.504164
0.463824 1.621947
0.485472 1.732889
0.484933 1.814266
0.445042 1.884448
0.403235 1.910962
0.401830 1.886003
0.394172 1.836403
0.379604 1.763589
0.402823 1.669351
0.481657 1.564527
0.506108 1.447646
0.495687 1.359118
0.487526 1.287009
0.470132 1.273035
0.448899 1.270003
0.441130 1.290986
0.441786 1.367509
0.441595 1.425021
0.462656 1.512219
0.463183 1.576596
0.445155 1.603067
0.441513 1.601671
0.453243 1.666142
0.483749 1.777975
0.520772 1.846011
0.633404 1.903156
0.843196 1.883371
1.083918 1.830048
1.296784 1.863507
1.468309 1.933865
1.675608 1.978905
1.858153 2.021320
2.014665 2.061134
2.211374 2.059079
2.394941 2.058817
2.532976 2.025550
2.571323 1.978705
2.505809 1.822378
2.419739 1.666713
2.468683 1.600228
2.499381 1.604075
2.546319 1.489969
2.522406 1.399790
2.495096 1.319349
2.438127 1.298458
2.471147 1.297086
2.552104 1.304067
2.530775 1.260710
2.375775 1.236335
2.196662 1.256950
2.033195 1.257187
1.820170 1.238834
1.612846 1.202245
1.477420 1.184983
1.319097 1.155381
1.257271 1.143381
1.262603 1.148667
1.211191 1.162076
1.209472 1.152159
1.241023 1.149094
1.354072 1.172270
1.434409 1.150255
1.511920 1.139218
1.576305 1.157178
1.686975 1.151900
1.744193 1.175530
1.732247 1.178107
1.673288 1.166356
1.542349 1.011572
1.474470 0.981006
1.410762 0.971114
1.131777 0.913168
1.027179 0.917371
0.902150 0.885927
0.780649 0.856659
0.697562 0.805405
0.683043 0.777611
0.727401 0.752079
0.824005 0.730145
0.934273 0.734960
1.043149 0.741999
1.148193 0.732656
1.248344 0.713287
1.299546 0.716585
1.351673 0.724487
1.390483 0.731094
1.400314 0.731589
1.404270 0.746747
1.441177 0.742694
1.501595 0.747768
1.550307 0.741552
1.617012 0.746126
1.718143 0.746432
1.819606 0.734488
1.940984 0.741352
2.080784 0.755367
2.118955 0.735205
2.014726 0.732858
1.850539 0.748530
1.663140 0.823370
1.483103 0.893190
1.413172 0.964982
1.344336 1.092838
1.313426 1.226339
1.273732 1.377574
1.244541 1.496688
1.194057 1.616364
1.164494 1.770123
1.098075 1.856405
1.054528 1.979332
1.028803 2.137184
1.028138 2.295137
0.961128 2.373818
0.970116 2.503483
0.964706 2.586143
0.984179 2.681999
0.979981 2.735563
0.946043 2.745305
0.892933 2.675287
0.857690 2.437434
0.812684 2.078896
0.757020 1.766760
0.742046 1.543400
0.727967 1.404680
0.712973 1.372472
0.738416 1.380506
0.782671 1.423208
0.814779 1.481997
0.862742 1.587863
0.898978 1.682670
0.941135 1.771031
0.945908 1.867729
0.959619 1.969808
0.983684 1.942676
0.991411 1.954543
0.997126 2.014618
1.032907 1.999364
1.066977 1.978110
1.064123 1.927898
1.039792 1.854327
0.980687 1.769624
0.956458 1.704708
0.987693 1.771086
1.029506 1.685981
1.091711 1.715053
1.170739 1.434563
1.082844 1.207827
0.990819 1.036417
0.914053 0.958015
0.805899 0.893626
0.758116 0.893775
0.738982 0.935055
0.742308 1.005012
0.750574 1.056312
0.771323 1.155269
0.772420 1.223714
0.792149 1.321644
0.755814 1.408757
0.712393 1.485410
0.696292 1.562769
0.677720 1.627015
0.669346 1.746329
0.655923 1.794580
0.644030 1.795489
0.628859 1.821823
0.639399 1.859287
0.621329 1.954282
0.624890 2.005607
0.619872 1.923123
0.634552 1.911587
0.650214 1.915328
0.619245 1.919792
0.546916 1.846075
0.529125 1.694992
0.547426 1.539961
0.568526 1.382141
0.599258 1.260711
0.634213 1.191758
0.659528 1.136909
0.703331 1.113666
0.771720 1.124912
0.804717 1.171720
0.849291 1.267951
0.919906 1.392709
0.938087 1.518722
1.006393 1.677138
1.155105 1.963463
1.198952 2.105510
1.268411 2.119657
1.309799 2.143584
1.348994 2.117999
1.401685 1.964106
1.372765 1.919684
1.371895 1.902212
1.347348 1.827035
1.200742 1.737314
0.899126 1.468281
0.915255 1.342142
0.881836 1.170004
0.847612 1.048139
0.793325 0.970994
0.766421 0.945977
0.741239 0.927303
0.732793 0.911275
0.717464 0.929041
0.694631 0.998130
0.690176 1.118812
0.694457 1.194283
0.687293 1.264880
0.676315 1.351344
0.661209 1.457089
0.653788 1.524912
0.667471 1.630547
0.635069 1.690661
0.619038 1.716290
0.614233 1.786848
0.615405 1.786731
0.601147 1.861763
0.616011 1.953207
0.655947 2.112206
0.697085 2.239025
0.717112 2.334795
0.655686 2.389382
0.578391 2.393427
0.533565 2.273069
0.516370 2.103630
0.493511 1.927090
0.489675 1.757234
0.480414 1.616302
0.465492 1.526104
0.466154 1.421380
0.496954 1.386179
0.544454 1.380456
0.604946 1.367820
0.673953 1.392172
0.756442 1.432152
0.884972 1.544901
0.970706 1.644224
1.053058 1.657518
1.156147 1.782361
1.266779 1.912370
1.373913 1.992728
1.444615 2.104493
1.466328 2.176181
1.512636 2.176663
1.530785 2.193947
1.317696 1.997403
1.055257 1.804694
0.914832 1.756194
0.868844 1.613386
0.852921 1.516114
0.853059 1.367976
0.768157 1.211844
0.696197 1.106734
0.669371 1.084445
0.637775 1.100588
0.626822 1.151953
0.627074 1.232594
0.655435 1.356650
0.686526 1.478824
0.678367 1.576217
0.683448 1.685000
0.661387 1.784360
0.661092 1.799211
0.644674 1.825269
0.583242 1.729699
0.584239 1.645837
0.586955 1.616499
0.566749 1.551475
0.552205 1.526722
0.549070 1.564603
0.559089 1.661105
0.567891 1.703057
0.617731 1.685257
0.710992 1.617096
0.831444 1.578434
0.932476 1.470496
1.020408 1.386375
1.093580 1.306216
1.135591 1.205838
1.220381 1.173025
1.298207 1.109619
