1.926702 2.044233
1.927776 2.051786
1.927790 2.062865
1.932899 2.080678
1.936898 2.110324
1.938375 2.151425
1.944136 2.202371
1.945627 2.263148
1.952572 2.343105
1.956406 2.438949
1.747662 2.433185
1.574594 2.434406
1.466723 2.472568
1.311118 2.491148
1.298931 2.507419
1.271708 2.610426
1.274394 2.794946
1.217388 2.918134
1.212946 3.120200
1.250906 3.242127
1.253122 3.109839
1.268829 2.820496
1.229960 2.524620
1.205010 2.264517
1.148993 2.008696
1.140501 1.772922
1.102660 1.669561
1.097664 1.571309
1.084363 1.540780
1.078151 1.584299
1.073569 1.716194
1.090413 1.867672
1.106920 2.081161
1.132492 2.307340
1.128219 2.564413
1.130966 2.780634
1.095779 2.889228
1.061616 2.944773
1.060256 3.106764
0.977344 3.201617
0.922840 3.181171
0.944963 3.189074
0.950352 2.994405
0.873115 2.661177
0.827414 2.405692
0.789729 2.175549
0.759117 1.945422
0.748591 1.823201
0.760454 1.684988
0.758737 1.572740
0.756330 1.583860
0.721815 1.594048
0.722570 1.671825
0.710689 1.688104
0.694353 1.702599
0.697379 1.754211
0.685113 1.845730
0.730092 1.991204
0.769843 2.096437
0.797087 2.209952
0.841763 2.371619
0.867074 2.488795
0.909297 2.530924
0.966241 2.410127
0.970725 2.212534
0.926233 1.885863
0.897366 1.685846
0.892312 1.520975
0.890445 1.399932
0.911027 1.371755
0.927070 1.383953
0.931892 1.474813
0.950866 1.586727
0.921561 1.705192
0.945890 1.876649
0.888932 1.984696
0.767844 2.087071
0.754663 2.207352
0.728283 2.241055
0.754569 2.200531
0.819001 2.120673
0.929714 2.082305
1.018962 2.068660
1.103809 2.128557
1.199198 2.119779
1.303949 2.125564
1.378175 2.175621
1.477040 2.186525
1.566452 2.192627
1.680296 2.163515
1.709356 2.063846
1.786173 1.931418
1.853236 1.882133
1.934837 1.884722
2.008651 1.796938
2.097958 1.792233
2.150018 1.786488
2.171610 1.756873
2.218890 1.726301
2.211407 1.677316
2.211871 1.594284
2.049411 1.521372
2.008953 1.546262
1.920324 1.579209
1.770784 1.577281
1.591864 1.559322
1.482110 1.530382
1.417694 1.531384
1.418924 1.533498
1.444457 1.549234
1.516525 1.538862
1.559539 1.534488
1.660193 1.560124
1.750888 1.581426
1.860754 1.588012
1.961721 1.575640
1.965138 1.612875
1.924422 1.612967
1.881637 1.588684
1.862716 1.572633
1.798307 1.563705
1.764947 1.542702
1.767519 1.550283
1.711701 1.513121
1.647985 1.511070
1.564589 1.481610
1.405534 1.452796
1.271645 1.470623
1.111120 1.458135
0.902076 1.403542
0.881685 1.403461
0.898251 1.397869
0.969290 1.395213
1.098454 1.381055
1.223174 1.374459
1.364434 1.340147
1.496374 1.319751
1.633330 1.311876
1.730896 1.309178
1.828313 1.324675
1.927234 1.331342
2.065265 1.310754
2.175444 1.330977
2.235438 1.359343
2.342275 1.379995
2.447640 1.409674
2.515875 1.406551
2.684520 1.429641
2.838411 1.469722
3.013803 1.504763
3.057015 1.505817
3.040521 1.506562
2.881296 1.500516
2.795182 1.581823
2.688130 1.683297
2.622989 1.815795
2.495779 1.911209
2.493980 2.062015
2.446444 2.210846
2.402955 2.334747
2.260591 2.478847
2.170553 2.603406
1.993256 2.705776
1.737751 2.791551
1.674260 2.950129
1.649521 3.126783
1.647296 3.270166
1.692267 3.497716
1.684668 3.721177
1.718627 3.962666
1.720796 4.176526
1.667238 4.337211
1.588329 4.380610
1.541589 4.263553
1.446566 4.054843
1.400364 3.835972
1.377032 3.581602
1.306082 3.361309
1.191110 3.040420
1.142009 2.806905
1.094772 2.638212
1.082406 2.486505
1.082631 2.318853
1.087406 2.298052
1.133730 2.323268
1.203675 2.403462
1.280394 2.552569
1.390582 2.683113
1.454056 2.748425
1.477285 2.844005
1.392653 2.855473
1.331345 2.999339
1.303867 3.118335
1.332339 3.314977
1.361934 3.571972
1.381083 3.843956
1.412199 4.086623
1.371273 4.300658
1.444784 4.418163
1.542476 4.383846
1.547973 4.183571
1.469988 3.853158
1.345437 3.533158
1.210420 3.234177
1.147636 3.004870
1.086105 2.840714
1.031688 2.656109
1.003274 2.520529
0.987560 2.451774
1.024537 2.446824
1.065217 2.494114
1.070793 2.506914
1.082031 2.470871
1.045923 2.505360
1.004542 2.514119
0.962878 2.394381
0.953089 2.397714
0.957646 2.428296
0.977523 2.576724
1.010940 2.698116
1.074583 2.860828
1.134055 2.992871
1.183479 3.156259
1.186289 3.328295
1.230472 3.498296
1.143291 3.567664
0.983198 3.430712
0.897381 3.289110
0.839487 3.040664
0.769666 2.756227
0.742235 2.562710
0.723154 2.357105
0.720488 2.178254
0.723436 2.070772
0.724295 1.959373
0.732367 1.896298
0.726467 1.903964
0.754178 1.929091
0.812166 2.029822
0.846169 2.148827
0.939304 2.310538
1.019067 2.480872
1.061922 2.599619
1.036842 2.610086
0.964482 2.625466
0.877475 2.713199
0.870832 2.870679
0.856291 2.902047
0.872149 3.030130
0.906061 3.230436
0.931726 3.338157
1.028799 3.350667
1.126866 3.222312
1.131920 2.965962
1.064606 2.731322
1.002840 2.495978
0.927526 2.333722
0.863882 2.147145
0.819976 2.008301
0.830695 1.930214
0.847517 1.928244
0.873335 1.980267
0.856961 1.988666
0.799375 1.984703
0.776149 2.001917
0.758052 2.006263
0.761990 2.050389
0.763002 2.042409
0.755128 2.047517
0.766231 2.065230
0.796434 2.215687
0.847817 2.355804
0.863870 2.499196
0.801879 2.562678
0.825306 2.710578
0.798438 2.806938
0.763551 2.873837
0.715769 2.886231
0.685660 2.763809
0.660906 2.554276
0.633553 2.315663
0.617072 2.137155
0.613683 1.996723
0.617524 1.903059
0.602235 1.816229
0.563506 1.762924
0.536452 1.696714
0.551270 1.607713
0.569709 1.648879
0.608641 1.784218
0.651548 1.942079
0.702744 2.091933
0.752738 2.257367
0.788898 2.391234
0.799136 2.517316
0.768160 2.607263
0.756400 2.683280
0.782465 2.820626
0.756703 2.846756
0.727607 2.908291
0.734964 3.077943
0.772640 3.223175
0.799975 3.403941
0.842089 3.504793
0.927566 3.546954
1.020975 3.416182
1.026803 3.225054
0.996180 3.031915
0.970212 2.849782
0.924342 2.637420
0.867157 2.432252
0.840509 2.301608
0.854964 2.203133
0.859403 2.154635
0.861244 2.169331
0.829312 2.201455
0.755898 2.196822
0.707965 2.191276
0.694287 2.171486
0.677528 2.132817
0.666260 2.098385
0.689736 2.095487
0.705369 2.133932
0.734352 2.242218
0.793435 2.381878
0.824859 2.510890
0.845955 2.511223
0.868811 2.446184
0.950635 2.376331
1.045204 2.277829
1.210187 2.285828
1.318078 2.246792
1.441236 2.238268
1.468363 2.224252
1.584526 2.258244
1.694264 2.243847
