0.275906
0.464619
0.581590
0.894570
1.244616
1.526464
1.722863
1.869371
2.001256
2.134574
2.296432
2.463651
2.572038
2.643215
2.680324
2.775181
2.928466
3.139634
3.329523
3.476900
3.529399
3.496619
3.454452
3.363734
3.206388
3.026488
2.843078
2.684423
2.571598
2.498970
2.457223
2.367228
2.190591
2.022288
1.903637
1.805876
1.732239
1.669491
1.595946
1.603331
1.739450
1.858883
1.899718
1.800842
1.733910
1.720988
1.709497
1.744440
1.832142
1.940176
2.061682
2.203691
2.338901
2.491377
2.623219
2.745476
2.905599
3.082403
3.283853
3.506932
3.734451
3.935954
4.088350
4.129664
4.103629
3.899210
3.666724
3.441588
3.238948
3.068055
2.914821
2.814342
2.744635
2.615285
2.464120
2.338266
2.255271
2.221138
2.271749
2.328877
2.351899
2.378077
2.391405
2.490850
2.665031
2.793535
3.001471
3.223145
3.480162
3.811936
4.124080
4.284879
4.445266
4.660918
4.840695
4.955408
5.066338
5.221862
5.348957
5.532250
5.701274
5.875384
5.954313
5.944834
5.863244
5.743977
5.613323
5.474637
5.366526
5.250984
5.151663
5.040078
4.909377
4.761815
4.597338
4.430435
4.265270
4.108410
3.927270
3.731363
3.530405
3.335603
3.173205
2.970858
2.775109
2.670802
2.724297
2.875795
3.075056
3.279649
3.459303
3.600581
3.692663
3.761212
3.823133
3.873088
3.941684
4.003471
4.057815
4.139284
4.271937
4.371238
4.425039
4.517043
4.609518
4.705447
4.850677
4.979059
5.140097
5.296778
5.372410
5.408208
5.434195
5.492224
5.574875
5.615081
5.642449
5.594057
5.504273
5.379886
5.299235
5.302349
5.432045
5.541744
5.601239
5.672626
5.792275
5.870134
5.943666
5.968380
5.987731
5.965052
6.005703
6.153595
6.236028
6.201049
6.131676
6.062909
5.945973
5.855383
5.778762
5.747160
5.645309
5.547031
5.448325
5.342654
5.273100
5.204420
5.084333
5.043505
4.984151
4.769519
4.650367
4.484994
4.325547
4.164796
4.054833
3.987866
3.967758
3.932816
3.867253
3.981052
4.006485
3.987874
4.123476
4.212519
4.288252
4.378395
4.433668
4.490962
4.504181
4.587452
4.632714
4.696789
4.806991
5.019659
5.141646
5.292783
5.479848
5.625312
5.746939
5.923822
6.151582
6.343904
6.559274
6.579957
6.537511
6.564660
6.561881
6.411843
6.276763
6.134742
5.973140
5.813233
5.678618
5.529886
5.371204
5.174027
4.905615
4.608737
4.372630
4.074604
3.778634
3.521728
3.239043
2.966468
2.630267
2.276775
1.905433
1.451428
1.144951
0.864131
0.919175
1.123149
1.422785
1.690127
1.941911
2.172106
2.393940
2.597805
2.841829
3.128136
3.415437
3.655488
3.978654
4.251009
4.605596
4.933155
5.268686
5.577304
5.824924
6.152333
6.522728
6.688913
6.875826
7.070699
7.182437
7.300607
7.340251
7.201523
6.997523
6.708176
6.452371
6.118990
5.825501
5.566346
5.289515
5.036954
4.747738
4.465108
4.185320
3.860269
3.517341
3.222992
2.909436
2.580130
2.261433
1.985244
1.691614
1.366414
1.085176
0.831374
0.834597
1.103774
1.469662
1.563873
1.532122
1.504484
1.565405
1.670749
1.839678
2.032518
2.226256
2.453982
2.720277
2.963039
3.229562
3.555990
3.838180
4.171781
4.510032
4.899094
5.345128
5.706511
6.028181
6.346667
6.529698
6.464518
6.311351
6.256387
6.185212
6.171177
6.123990
6.060193
5.994210
5.941240
