2210
1940
1940
1950
1930
1950
1930
1950
1930
2010
1960
1960
1950
1970
1960
1960
1970
1970
1960
2030
1970
1970
1960
1970
1970
1970
1970
1960
1970
2030
1970
1960
1960
1970
1960
1960
1970
1970
1960
2040
1960
1970
1960
1960
1960
1960
1970
1960
1970
2030
1970
1970
1980
1970
1990
1970
1970
1960
1970
2050
1960
1970
1960
1970
1960
1990
1970
1960
1960
2040
1990
1960
1970
1960
1970
1960
1980
1970
1960
2040
1960
1990
1960
1970
1960
1970
1970
1970
1960
2030
1970
1960
1970
1960
1970
1960
1990
1970
1960
2040
1960
1980
1960
1970
1960
1970
1960
1970
1960
2040
1970
1990
1960
1970
1970
1960
1960
1970
1960
2040
1960
1970
1960
1960
1970
1980
1970
1960
1970
2040
1970
1960
1970
1960
1970
1960
1970
1960
1970
2030
1970
1960
1970
1970
1970
1960
1970
1960
1970
2030
1970
1960
1970
1970
1960
1980
1960
1980
1970
2040
1960
1970
1960
1970
1960
1970
1960
1970
1960
2050
1960
1970
1970
1980
1970
1970
1960
1970
1960
2040
1970
1960
1970
1960
1960
1970
1960
1970
1960
2040
1960
1970
1960
1970
1960
1970
1960
1970
1970
2040
1960
1970
1960
1970
1970
1970
1970
1960
1970
2030
1970
1970
1960
1960
1980
1970
1970
1970
1960
2040
1960
1960
1960
1970
1970
1960
1970
1960
1960
2040
1960
1980
1960
1960
1970
1960
1970
1970
1960
2040
1960
1970
1960
1980
1960
1980
1960
1970
1970
2040
1960
1970
1960
1970
1960
1970
1960
1970
1970
2040
1970
1980
1960
1980
1960
1960
1970
1970
1970
2030
1980
1970
1980
1960
1970
1970
1970
1970
1960
2040
1960
1980
1960
1980
1970
1980
1960
1970
1970
2040
1960
1970
1960
1970
1970
1960
1960
1970
1960
2030
1970
1970
1960
1980
1960
1970
1970
1960
1970
2030
1970
1970
1960
1970
1960
1970
1970
1970
1970
2040
1970
1960
1970
1980
1970
1960
1970
1960
1960
2030
1970
1960
1980
1960
1970
1960
