1.924169 2.049721
1.880366 2.019526
1.767022 1.994388
1.722303 2.005478
1.592683 2.021800
1.433718 2.002490
1.291137 1.987060
1.208105 1.901710
1.162363 1.896611
1.128286 1.887511
1.070968 1.956417
1.015057 2.031719
0.977746 2.083101
0.962692 2.092965
0.959039 2.160731
0.946931 2.201432
0.931988 2.299469
0.899737 2.337378
0.825422 2.307143
0.797743 2.267044
0.809556 2.054674
0.795342 1.876298
0.760899 1.630395
0.710726 1.479970
0.684945 1.414589
0.663821 1.399015
0.624350 1.427319
0.608564 1.490668
0.590867 1.574143
0.604441 1.652995
0.611025 1.769497
0.628354 1.872806
0.631618 1.975950
0.599374 2.043273
0.620726 2.056030
0.607184 2.081992
0.612127 2.132197
0.626040 2.232335
0.646938 2.367077
0.659630 2.504842
0.642046 2.547033
0.664630 2.489330
0.659318 2.298631
0.681080 2.142570
0.669356 1.940129
0.668620 1.773352
0.623750 1.599139
0.618186 1.463662
0.578041 1.383306
0.571616 1.350638
0.595590 1.381337
0.584416 1.484760
0.561962 1.610264
0.551615 1.703033
0.552310 1.803877
0.573331 1.952259
0.565217 2.040929
0.597085 2.147255
0.597415 2.213561
0.578630 2.225358
0.570619 2.156528
0.563903 2.100304
0.541394 1.968359
0.570015 1.871004
0.579048 1.702129
0.570647 1.562390
0.557501 1.461739
0.559094 1.426866
0.549963 1.395739
0.556198 1.420818
0.564750 1.493958
0.569524 1.599969
0.546320 1.643192
0.552945 1.707557
0.526538 1.793029
0.523792 1.840603
0.527193 1.834529
0.546719 1.933816
0.570677 2.031329
0.664287 2.066114
0.827165 2.019796
1.011045 1.987762
1.133348 1.945292
1.273996 1.909665
1.363223 1.899834
1.482720 1.912191
1.596232 1.920028
1.636972 1.861694
1.703993 1.866091
1.796182 1.839648
1.853117 1.800077
1.925498 1.808367
1.875991 1.738990
1.902930 1.710470
1.939092 1.660079
2.001438 1.647853
2.041973 1.591980
2.082710 1.562307
2.164626 1.547469
2.234484 1.537365
2.299511 1.515016
2.281972 1.514345
2.209113 1.540070
2.087656 1.565328
1.887511 1.512602
1.720259 1.469364
1.594760 1.441001
1.529204 1.431936
1.465252 1.381610
1.465064 1.331907
1.445299 1.308670
1.436566 1.300252
1.490300 1.284170
1.601601 1.265923
1.669794 1.300260
1.758668 1.305470
1.862081 1.331604
1.942894 1.333585
1.977058 1.311241
2.005382 1.314504
1.863644 1.328315
1.716614 1.300167
1.562408 1.224659
1.423813 1.185902
1.207469 1.125169
1.112450 1.056967
1.025622 1.066808
0.890606 1.058337
0.735328 1.039915
0.684446 1.011235
0.714099 0.999844
0.803702 0.997141
0.927054 0.980719
1.059129 0.986094
1.230097 0.996629
1.357537 0.988478
1.479853 1.007823
1.603972 1.026213
1.763339 1.061622
1.878756 1.099486
1.989828 1.128853
2.056534 1.142736
2.092316 1.141340
2.174753 1.171017
2.306869 1.200966
2.430790 1.222469
2.628856 1.263635
2.818419 1.276266
3.079336 1.321362
3.315940 1.381498
3.534337 1.394529
3.476403 1.315503
3.380457 1.289870
3.186799 1.288313
2.969412 1.324931
2.779314 1.412248
2.569718 1.501885
2.505635 1.653252
2.256368 1.817138
2.082492 1.992786
1.946314 2.118353
1.779696 2.154984
1.502037 2.204738
1.385373 2.312112
1.273527 2.403231
1.207094 2.424172
1.188806 2.576160
1.184063 2.740685
1.145452 2.901661
1.085705 3.029646
1.046279 3.147856
0.982499 3.113191
0.951560 3.022077
0.863120 2.779819
0.823770 2.513719
0.787362 2.256752
0.763819 2.034025
0.731830 1.836951
0.736114 1.720975
0.722143 1.573268
0.741166 1.506066
0.756113 1.479627
0.781893 1.562129
0.813813 1.635952
0.847666 1.810109
0.903217 1.998730
0.918703 2.187796
0.923690 2.390059
0.979150 2.581864
0.996903 2.633605
0.979036 2.663980
0.930234 2.658351
0.939567 2.652365
0.950930 2.625960
0.972295 2.717973
1.028825 2.931158
1.094175 3.182096
1.156601 3.349874
1.189032 3.335867
1.212041 3.035451
1.255253 2.360252
1.177037 1.918704
1.076899 1.636074
1.018209 1.410186
0.966430 1.301838
0.918199 1.299856
0.871853 1.331807
0.869875 1.396950
0.869537 1.463564
0.889068 1.564607
0.921994 1.686919
0.907725 1.737090
0.897462 1.823036
0.837790 1.819006
0.805511 1.834735
0.775342 1.852392
0.769259 1.823004
0.748428 1.853580
0.742064 1.878356
0.729767 1.983064
0.712298 2.058980
0.688072 2.045981
0.685753 2.088492
0.672174 2.093596
0.666350 2.136876
0.641712 2.096205
0.582627 2.057070
0.567566 1.953550
0.568050 1.797722
0.574565 1.611646
0.571658 1.452760
0.574034 1.359571
0.561487 1.291594
0.584842 1.309417
0.613273 1.306771
0.657466 1.365822
0.710760 1.429367
0.755496 1.535442
0.794714 1.675054
0.852996 1.775450
0.946285 1.999342
1.011250 2.168076
1.036736 2.159381
1.088479 2.139248
1.081376 2.062890
1.029672 2.018510
0.984638 2.008790
0.987399 1.820739
0.913666 1.809252
0.859045 1.751221
0.832696 1.686750
0.855194 1.527982
0.874015 1.360801
0.858235 1.231167
0.764802 1.090952
0.726914 1.036499
0.717348 1.032427
0.687927 1.062613
0.693947 1.158068
0.709003 1.282168
0.732488 1.429276
0.727085 1.557303
0.713076 1.596394
0.692359 1.657766
0.636362 1.662189
0.631229 1.678608
0.645790 1.725412
0.660254 1.765207
0.689800 1.900160
0.690602 2.003211
0.695260 2.082293
0.704411 2.172110
0.737833 2.172338
0.735371 2.166163
0.707478 2.156290
0.712751 2.237345
0.666271 2.241914
0.596338 2.179567
0.555778 2.043425
0.548020 1.885552
0.528590 1.744725
0.543924 1.578579
0.544749 1.497608
0.561096 1.441546
0.579186 1.392976
0.556571 1.333432
0.581749 1.302459
0.629076 1.333366
0.669653 1.408578
0.708906 1.476921
0.778728 1.573050
0.833793 1.668890
0.875461 1.793794
0.937598 1.900391
0.989914 2.060834
1.003233 2.098442
0.999201 2.099857
1.010715 2.117589
1.050718 2.113032
1.030624 2.101351
0.983149 2.034719
0.950558 1.954026
0.896366 1.885470
0.846422 1.768462
0.846317 1.657612
0.871021 1.526698
0.844473 1.390114
0.801162 1.290854
0.726383 1.245739
0.687227 1.237505
0.625617 1.265747
0.616578 1.354567
0.621977 1.428220
0.641080 1.592240
0.677389 1.673758
0.668491 1.700681
0.626889 1.676048
0.645302 1.757394
0.608109 1.632045
0.582669 1.647120
0.573574 1.670035
0.558834 1.641190
0.532234 1.678442
0.503916 1.732271
0.512534 1.783108
0.531764 1.831738
0.561031 1.850649
0.599011 1.772825
0.686104 1.683612
0.775485 1.563885
0.871002 1.504774
0.941384 1.375435
1.001261 1.293427
1.040356 1.248687
1.097964 1.207819
1.159649 1.185981
