0.277127
0.469586
0.654845
0.837056
1.013841
1.189673
1.365686
1.541590
1.705872
1.869712
1.931669
2.072743
2.224712
2.354697
2.324494
2.207908
1.863412
1.301908
0.834706
0.757594
0.926222
1.165767
1.307722
1.156902
0.926479
0.803570
0.795201
0.872231
0.915656
0.906805
0.646965
0.742950
1.108385
1.429833
1.691948
1.877769
2.029392
2.150824
2.274020
2.329993
2.352810
2.388389
2.393145
2.328574
2.242120
2.212088
2.334915
2.626750
2.922740
3.014437
2.958706
2.937496
3.102680
3.296223
3.241321
3.000525
2.777079
2.780740
3.060063
3.533934
4.068453
4.416862
4.596995
4.655191
4.597346
4.464840
4.218795
3.907592
3.620932
3.413283
3.316577
3.260233
3.188871
3.035605
2.864550
2.688629
2.580728
2.530145
2.520143
2.513511
2.473833
2.448665
2.362803
2.218708
2.001635
1.742420
1.539706
1.313018
1.138337
0.979595
0.996340
1.095869
1.230420
1.389748
1.554156
1.681096
1.848637
1.967249
2.072967
2.213324
2.451430
2.525458
2.497628
2.396643
2.298721
2.257445
2.192917
2.173234
2.135842
2.112019
2.096191
2.077320
2.051840
2.037210
2.011566
1.987764
1.957079
1.885572
1.825014
1.754273
1.671716
1.609710
1.485636
1.360027
1.246269
1.142077
1.169424
1.344241
1.575711
1.877114
2.213383
2.503712
2.809664
3.088820
3.342001
3.544539
3.774328
3.971994
4.121596
4.261839
4.353828
4.455999
4.583303
4.710430
4.834439
5.006658
5.185507
5.359588
5.541437
5.710068
5.832631
5.894748
5.928716
5.966380
6.049897
6.147497
6.223343
6.299567
6.427410
6.521352
6.599744
6.661062
6.528926
6.509867
6.490982
6.460507
6.480696
6.500913
6.459093
6.513824
6.433132
6.244401
5.932069
5.757258
5.769945
5.787865
5.790415
5.807429
5.890317
5.923358
5.946119
6.032426
6.085197
6.150187
6.144756
6.144433
6.147053
6.106806
6.182778
6.242501
6.192892
6.185234
6.302305
6.260670
6.131520
5.775604
5.213390
4.452997
3.497638
2.798146
2.488893
2.635060
2.911266
3.219113
3.575389
3.935055
4.294990
4.618986
4.908132
5.102871
5.230055
5.327707
5.461780
5.642275
5.922986
6.219385
6.540197
6.865380
7.166034
7.617682
7.880704
8.181416
8.399236
8.530764
8.663484
8.694465
8.649949
8.472247
8.340080
8.107029
7.995523
8.026897
8.022431
7.977945
7.912899
7.801384
7.684711
7.510607
7.239169
6.969277
6.717477
6.485986
6.195370
5.901663
5.514015
5.056706
4.532698
4.056478
3.572009
3.222281
3.000774
2.914752
3.034657
3.230462
3.460203
3.659554
3.841680
4.006524
4.125487
4.219480
4.292987
4.373892
4.436630
4.589755
4.908499
5.415565
6.131990
6.835049
7.538191
8.061990
8.313439
8.654627
9.013347
9.377186
9.678807
9.975391
10.197153
10.321915
10.315614
10.163716
9.995936
9.778959
9.546563
9.298062
9.040435
8.794760
8.519569
8.269271
7.946000
7.643514
7.278185
6.925253
6.570160
6.259869
5.989964
5.668230
5.403923
5.136041
4.952211
4.745300
4.535327
4.297374
4.064477
3.873700
3.815964
3.930952
4.182356
4.464313
4.719459
5.013971
5.338644
5.685359
6.102155
6.504405
6.948141
7.321774
7.674398
7.978444
8.168087
8.335135
8.515348
8.680866
8.934813
9.242303
9.575725
9.972115
10.319004
10.483110
10.491714
10.431142
10.355804
10.266699
10.135374
9.972359
9.828508
9.697040
