0.282480
0.410051
0.617250
0.899336
1.243682
1.516657
1.598922
1.639053
1.620406
1.709999
1.829038
1.986484
2.106481
2.178977
2.261854
2.407107
2.678341
2.932581
3.127074
3.242058
3.301626
3.236062
3.187258
3.105205
2.955349
2.725455
2.476186
2.283339
2.127234
2.006081
1.847998
1.662718
1.425275
1.241439
1.100117
0.972425
0.847971
0.692181
0.541435
0.398812
0.271163
0.164551
0.114356
0.151938
0.229851
0.356288
0.534582
0.723294
0.895235
1.055064
1.213640
1.425557
1.693718
1.929443
2.094483
2.220651
2.373117
2.544151
2.753622
2.959059
3.175755
3.331210
3.392678
3.358375
3.241979
3.077743
2.863781
2.652099
2.426531
2.234394
2.059422
1.955540
1.861659
1.746006
1.589405
1.419058
1.251110
1.084188
0.940491
0.893503
0.931428
0.978709
0.887266
0.724644
0.680660
0.698194
0.828871
0.992954
1.135128
1.303842
1.498640
1.745184
1.951156
2.093798
2.210943
2.356588
2.503116
2.618620
2.717947
2.803981
2.894445
2.999209
3.078735
3.115816
3.071557
3.010809
2.931516
2.836170
2.699388
2.591781
2.481689
2.385190
2.325148
2.240038
2.162532
2.075567
1.966973
1.863366
1.781987
1.657075
1.498695
1.373072
1.250610
1.129199
1.030590
1.043913
1.138222
1.187355
1.206437
1.261250
1.305340
1.390409
1.512283
1.649148
1.817372
2.006277
2.200486
2.405072
2.598699
2.810890
3.015001
3.199659
3.384637
3.561921
3.771744
3.960230
4.160380
4.365543
4.564521
4.755817
4.906862
5.002061
5.146974
5.295262
5.447841
5.592267
5.686290
5.749773
5.799139
5.822473
5.870606
5.870214
5.929481
6.046222
6.192083
6.332568
6.420944
6.549545
6.721830
6.907157
6.897687
6.901013
6.820406
6.767671
6.766897
6.743960
6.661976
6.620629
6.501798
6.408830
6.256117
6.117624
5.947862
5.785785
5.609892
5.377351
5.168019
4.866416
4.695008
4.657416
4.732783
4.771319
4.884102
5.067644
5.065339
4.835142
4.459220
3.811665
3.151434
2.519220
2.292099
2.356978
2.606460
2.925901
3.259489
3.616880
3.940665
4.196128
4.407533
4.510512
4.561022
4.563359
4.524966
4.571313
4.735819
4.974655
5.270793
5.641320
5.979046
6.215988
6.557856
6.760774
7.013241
7.280496
7.608140
7.795781
7.921251
7.923855
7.870590
7.638821
7.386483
7.104772
6.850648
6.564661
6.276595
6.037553
5.749165
5.466585
5.196553
4.892885
4.652297
4.321070
3.945481
3.631820
3.343093
3.021543
2.760792
2.544709
2.334881
2.221618
2.149143
2.075102
2.203172
2.451898
2.729274
2.986566
3.218465
3.403298
3.538818
3.641737
3.817793
3.927738
4.005614
4.079819
4.191742
4.327613
4.559561
4.862891
5.131705
5.325876
5.513215
5.803704
6.193668
6.623776
7.028221
7.302500
7.417470
7.436067
7.359184
7.310360
7.281115
7.229034
7.080076
6.848045
6.589858
6.297467
6.034401
5.765038
5.520414
5.277098
4.986642
4.702192
4.379338
4.109879
3.849586
3.576336
3.354666
3.162499
2.979047
2.861277
3.124905
3.244067
3.248638
3.229219
3.145205
3.187029
3.340228
3.536273
3.705849
3.872547
4.145227
4.378170
4.555361
4.734813
4.872307
4.949338
4.982085
5.017548
5.087376
5.199317
5.383120
5.534645
5.675665
5.894771
6.122768
6.378303
6.690727
6.948227
7.119886
7.260046
7.407667
7.489259
7.555513
7.576667
7.581648
7.574442
