40
5690
5850
5980
6140
6300
6420
6570
6730
6870
4250
5680
5870
5820
5950
6080
6250
6370
6530
6700
4100
5490
5640
5780
5920
6070
6210
6360
6520
6670
4110
5530
5680
5790
5940
6100
6240
6360
6500
6740
4100
5510
5640
5830
5950
6100
6270
6380
6530
6650
4110
5510
5660
5800
5950
6100
6250
6370
6510
6700
4110
5510
5640
5790
5930
6120
6240
6400
6520
6670
4110
5520
5660
5780
5920
6110
6200
6350
6520
6660
4120
5520
5670
5800
5940
6090
6270
6410
6520
6670
4110
5510
5640
5790
5950
6080
6220
6360
6530
6660
4110
5510
5660
5820
5930
6070
6240
6360
6520
6650
4120
5530
5710
5810
5980
6110
6250
6390
6550
6680
4120
5530
5650
5820
5940
6120
6240
6420
6520
6660
4110
5530
5670
5790
5930
6090
6220
6380
6520
6660
4120
5520
5680
5810
5950
6100
6250
6430
6530
6710
4130
5530
5660
5810
5980
6090
6250
6410
6530
6710
4120
5510
5640
5790
5920
6070
6240
6360
6510
6650
4110
5530
5640
5800
5930
6070
6210
6360
6520
6650
4130
5510
5670
5800
5930
6080
6220
6390
6510
6660
4120
5510
5670
5790
5940
6070
6250
6390
6510
6690
4120
5500
5660
5810
5940
6100
6290
6380
6570
6650
4110
5560
5680
5800
5950
6130
6290
6420
6550
6700
4140
5530
5710
5840
5970
6100
6260
6410
6560
6680
4130
5500
5650
5790
5950
6100
6220
6400
6540
6660
4100
5520
5670
5820
5950
6100
6230
6380
6510
6660
4110
5520
5640
5790
5960
6080
6230
6390
6550
6660
4110
5500
5650
5810
5950
6070
6220
6370
6510
6650
4130
5540
5690
5830
5960
6100
6260
6410
6550
6700
4130
5540
5650
5820
5940
6100
6240
6370
6590
6670
4110
5530
5660
5810
5960
6070
6230
6370
6510
6680
4100
5510
5670
5790
5940
6080
6220
6370
6540
6680
4120
5520
5670
5810
5980
6160
6290
6460
6580
6740
4140
5580
5700
5880
5980
6130
6270
6430
6590
6730
4110
5570
5720
5860
6010
6190
