1.926741 2.041996
1.823977 1.968257
1.828842 1.990527
1.861316 2.068247
1.894067 2.191827
1.839436 2.363490
1.743688 2.457417
1.685844 2.605387
1.680945 2.701200
1.641896 2.838132
1.644984 2.964486
1.653985 3.103876
1.662561 3.249856
1.680580 3.410219
1.701754 3.573984
1.607438 3.483954
1.566652 3.454253
1.582245 3.600818
1.596743 3.749556
1.592249 3.873325
1.569140 3.836244
1.215270 3.107371
1.017179 2.503854
0.908500 2.216223
0.857216 1.925084
0.840729 1.803089
0.838597 1.751097
0.833778 1.812200
0.853823 1.905481
0.857500 2.022411
0.881742 2.181624
0.935267 2.357371
1.019164 2.649115
1.076781 2.973808
1.198971 3.319834
1.345516 3.721096
1.503122 4.154058
1.677193 4.562739
1.825305 4.829789
1.957777 5.054680
2.031983 5.110763
2.032392 4.911019
1.987143 4.600570
1.873858 4.169195
1.679921 3.683754
1.594623 3.427428
1.617300 3.289786
1.650678 3.216675
1.700976 3.108726
1.762733 2.952511
1.770576 2.825355
1.600198 2.511516
1.431208 2.378285
1.325907 2.441055
1.277032 2.661065
1.299787 2.951039
1.371203 3.146489
1.483652 3.201202
1.602512 3.205193
1.604461 3.144039
1.336118 2.886462
1.065537 2.701193
0.874277 2.518500
0.816565 2.285507
0.805275 2.033149
0.776767 1.816380
0.783534 1.672473
0.781472 1.594913
0.759970 1.598640
0.725281 1.670979
0.710699 1.890207
0.736891 2.121082
0.770420 2.350960
0.817201 2.479709
0.856588 2.532291
0.899335 2.633239
0.892070 2.574172
0.876649 2.551882
0.896884 2.540791
0.974494 2.524382
1.120497 2.516786
1.210564 2.458071
1.332175 2.443278
1.379764 2.411352
1.501419 2.497589
1.619747 2.547766
1.684536 2.591365
1.711287 2.486950
1.845553 2.470762
1.959507 2.362411
2.112996 2.364631
2.229090 2.339765
2.353662 2.284989
2.511442 2.290932
2.666590 2.240762
2.756664 2.266554
2.957773 2.293274
2.906734 2.193444
2.679484 2.070629
2.654626 2.048427
2.670005 1.982953
2.526680 1.929599
2.463058 2.003031
2.347854 2.052451
2.121669 1.956834
1.922257 1.827334
1.700857 1.591184
1.545189 1.546838
1.453568 1.453404
1.402189 1.330505
1.460327 1.303141
1.568235 1.298725
1.684910 1.278933
1.835449 1.307748
2.028012 1.324707
2.173594 1.321095
2.394511 1.355370
2.616278 1.399343
2.758387 1.423614
2.772469 1.372682
2.750383 1.361548
2.640394 1.314127
2.514773 1.285650
2.374363 1.233120
2.232186 1.189835
1.968100 1.144410
1.782688 1.128532
1.622066 1.121160
1.470069 1.086599
1.334471 1.071140
1.254227 1.036777
1.235716 1.026671
1.257099 1.006072
1.312144 0.998542
1.435990 0.999335
1.600629 1.020769
1.781044 1.045012
1.978217 1.087353
2.183392 1.126907
2.291039 1.155492
2.465032 1.219242
2.610187 1.289074
2.650229 1.333954
2.726721 1.382679
2.865593 1.427856
2.967347 1.502277
3.152044 1.615006
3.470634 1.794583
3.832394 2.042127
4.279797 2.340988
4.752195 2.629577
5.216585 2.840004
5.536818 2.955990
5.835251 3.042019
6.150248 3.099943
6.446280 3.178616
6.212231 3.142985
6.018806 3.192914
5.777795 3.242837
5.561835 3.364793
5.305716 3.454111
5.106438 3.631423
4.983839 3.834390
4.954589 4.096184
5.052370 4.377804
5.021029 4.637886
4.921173 4.889273
4.965626 5.128710
4.731962 5.191426
4.553160 5.354443
4.427658 5.471422
4.392681 5.515276
4.129811 5.442156
3.834249 5.114616
3.467347 4.721112
3.127437 4.332459
2.954374 4.000555
2.878780 3.764818
2.704733 3.577720
2.635614 3.416982
2.621713 3.295429
2.624358 3.197333
2.633767 3.180658
2.627726 3.190168
2.648821 3.207152
2.680257 3.256788
2.579130 3.323021
2.564707 3.262760
2.487426 3.196705
2.234481 3.030747
2.291174 3.004811
2.222926 2.944622
2.241732 2.838688
2.315086 2.804443
2.411661 2.879028
2.572436 2.986919
2.785203 3.448552
2.987795 3.915842
2.928583 4.179594
2.286846 3.659900
1.683380 2.867107
1.478710 2.202972
1.399218 1.897953
1.359292 1.832003
1.419289 1.878433
1.289817 1.699181
1.232450 1.709230
1.185950 1.650686
1.159319 1.734090
1.187552 1.833761
1.217822 1.977798
1.250672 2.161281
1.168194 2.265631
1.143805 2.440101
1.170254 2.703160
1.233541 2.999348
1.345652 3.396293
1.483517 3.803905
1.640874 4.195384
1.835303 4.605188
2.012104 4.986662
1.997881 5.042914
1.833963 4.919458
1.683149 4.718752
1.624202 4.690618
1.553775 4.676229
1.541038 4.578061
1.445733 4.210940
1.356645 3.879753
1.042877 3.260544
0.930783 2.848104
0.879577 2.544884
0.852229 2.393989
0.818894 2.087269
0.850731 1.931019
0.896279 1.905530
0.948248 1.890981
1.082071 2.011952
1.207388 2.158514
1.327560 2.295806
1.359103 2.454911
1.468819 2.734400
1.623205 2.973408
1.821291 3.267076
2.057902 3.575029
2.319179 3.873976
2.631295 4.109652
2.982228 4.323886
3.352224 4.252901
3.627492 4.117053
3.916043 3.655700
4.151970 3.395897
4.275072 3.194417
4.159214 2.702458
3.882501 2.278149
3.632417 2.055969
3.383298 1.710743
3.173006 1.538274
2.912949 1.361090
2.660163 1.214007
2.395214 1.205433
2.151779 1.301892
1.905042 1.425575
1.652030 1.557380
1.498779 1.587030
1.296490 1.537189
1.183228 1.291649
1.154349 1.002880
1.171973 0.909789
1.208438 0.730754
1.229611 0.749850
1.160381 0.683791
1.193183 0.685907
1.261263 0.677626
1.443092 0.712267
1.676254 0.760405
1.911257 0.884600
2.013918 1.029613
1.938031 1.157914
1.784225 1.202539
1.555674 1.154651
1.305423 1.055015
1.114888 0.927496
0.987111 0.793444
0.936727 0.750740
0.972016 0.745974
0.976307 0.693498
1.056486 0.715765
1.153373 0.746637
1.250576 0.814245
1.350269 0.825462
1.471012 0.841991
1.599706 0.874026
1.589963 0.839328
1.625077 0.807759
1.657757 0.785862
1.613221 0.743331
1.647277 0.729721
1.675455 0.702568
1.673091 0.629767
1.669172 0.636453
1.660102 0.626983
1.658826 0.639983
1.710708 0.630390
1.641470 0.635801
1.564028 0.640243
1.408942 0.648149
1.252413 0.613994
1.158649 0.624269
1.096500 0.643866
1.106789 0.688906
1.155101 0.735012
1.244417 0.799278
1.341458 0.874346
1.446691 0.937512
1.556913 1.010967
1.607550 1.067710
1.646448 1.112366
1.649983 1.065159
1.530492 1.001852
1.381323 0.869982
1.268700 0.766657
1.188201 0.712951
1.145860 0.668291
1.121229 0.643793
1.111068 0.610480
1.120890 0.573794
1.110938 0.569294
1.086435 0.621711
1.047685 0.724165
1.006136 0.801543
0.967978 0.920925
0.975288 1.006583
1.007759 1.095490
1.054456 1.264297
1.093118 1.341064
