30
4030
4130
4230
4320
4430
4500
4620
4690
4820
3170
4050
4150
4220
4330
4440
4510
3870
3380
3430
2100
2870
2930
2980
3060
3150
3210
3270
3380
3450
2130
2860
2930
3000
3070
3150
3220
3300
3370
3440
2120
2850
2940
3000
3080
3140
3220
3300
3370
3470
2120
2880
2940
3000
3060
3150
3210
3290
3360
3440
2120
2850
2920
3010
3070
3140
3220
3290
3360
3460
2110
2850
2930
3000
3070
3160
3220
3300
3380
3450
2120
2840
2910
2990
3060
3140
3210
3280
3380
3440
2120
2870
2920
3000
3090
3140
3220
3290
3380
3450
2100
2850
2900
2980
3050
3120
3190
3270
3350
3430
2110
2860
2920
3000
3090
3140
3220
3290
3370
3440
2100
2830
2900
2980
3070
3140
3200
3270
3340
3430
2110
2850
2920
3000
3070
3140
3210
3290
3370
3440
2120
2850
2930
3000
3080
3150
3220
3300
3380
3450
2130
2860
2930
3000
3070
3160
3220
3310
3370
3470
2120
2850
2920
2990
3070
3140
3220
3280
3380
3440
2120
2840
2910
2990
3060
3140
3230
3310
3390
3460
2120
2850
2920
3010
3070
3140
3210
3290
3390
3440
2120
2840
2910
2990
3070
3140
3230
3290
3360
3440
2120
2850
2920
3010
3080
3160
3220
3290
3360
3440
2110
2840
2910
3000
3070
3140
3220
3290
3370
3430
2120
2850
2930
2990
3060
3140
3210
3280
3360
3440
2120
2850
2930
2990
3110
3160
3240
3290
3370
3450
2130
2850
2920
3010
3070
3140
3210
3290
3390
3440
2130
2850
2960
3020
3080
3140
3210
3290
3360
3440
2120
2850
2910
2990
3090
3180
3210
3280
3360
3430
2130
2850
2910
2990
3070
3130
3210
3290
3360
3440
2120
2850
2920
3000
3090
3170
3210
3300
3390
3430
2120
2830
2900
2980
3050
3150
3190
3280
3340
3430
2110
2850
2910
2980
3050
3150
3200
3290
3350
3430
2110
2870
2930
2980
3060
3120
3210
3270
3350
3450
2110
2830
2900
2970
3050
3140
3200
3260
3350
3420
2130
2860
2940
3010
3080
3160
