160
250
250
260
250
260
250
260
250
250
260
250
260
250
250
350
340
220
220
210
220
260
270
270
270
270
270
270
270
270
280
260
280
270
260
270
270
270
270
270
270
270
270
270
330
380
380
390
380
390
380
440
500
500
500
500
500
500
500
490
500
500
500
500
500
560
550
560
560
550
560
560
560
550
560
560
610
620
610
620
610
680
670
680
670
680
670
730
740
730
730
740
730
730
730
730
730
810
800
800
810
860
870
870
870
870
860
860
870
870
870
870
860
870
870
870
860
870
870
930
940
930
930
930
1000
1000
1000
1000
1000
1000
1000
1000
1000
1000
1000
1000
1000
1000
1000
1000
1000
1000
1010
990
1000
1000
1000
1000
1000
1000
1000
1000
1000
1000
1000
1000
1300
1050
1060
1640
1500
1130
1120
1140
1130
1190
1190
1190
1250
1250
1260
1240
1250
1250
1240
1320
1320
1320
1320
1320
2050
1740
1320
1330
1320
1320
1330
1390
1390
1390
1400
1390
1400
1390
1400
1390
1390
1400
1390
1390
1400
1390
1390
1390
1390
1470
1460
1470
1460
1470
1470
1460
1540
1540
1540
1540
1540
1540
1540
1540
1530
1600
1600
1670
1670
1750
1750
1750
1750
1750
1750
1750
1750
1810
1810
1820
1810
1810
1810
1820
1810
1810
1820
1810
1810
1810
1820
1810
1810
1890
1890
1900
1880
1970
2030
2110
2110
2110
2190
2190
2190
2190
2190
2200
2190
2190
2190
2190
2190
2190
2190
2190
2200
2250
2250
2250
2250
2250
2250
2250
2260
2250
2250
2260
2250
2250
2340
2330
2340
2330
2340
2340
2330
2340
2340
2330
2340
2330
2340
2330
2340
2420
2420
2420
2420
2410
2420
2490
2570
2570
2580
2570
2580
2570
2570
2570
2580
2570
2570
2580
2570
2580
2570
2660
2650
2740
2720
2740
2730
2810
2810
2820
2810
2820
2810
2810
