2.099929 2.071869
2.025283 1.970662
2.032997 1.869304
2.115706 1.806490
2.249454 1.785526
2.519763 1.808513
2.776103 1.897303
3.099678 1.958732
3.433385 1.989536
3.599360 1.993681
3.874080 2.144394
3.669495 2.037012
3.581269 1.843739
3.535323 1.710553
3.521253 1.714871
3.635085 1.758540
3.782883 1.913861
3.830767 2.092578
3.823161 2.221134
3.617070 2.201948
3.358008 2.110486
2.981547 1.948924
2.682695 1.854178
2.496453 1.800680
2.406206 1.824316
2.477991 1.897479
2.617025 2.011852
2.739998 2.107304
2.951784 2.338190
3.181944 2.668278
3.548551 3.072596
3.840023 3.493969
4.098723 3.822577
4.264123 4.077660
4.393450 4.237118
4.383711 4.361739
4.423887 4.330061
4.295012 4.206201
4.188772 3.884706
3.870515 3.631319
3.725474 3.564333
3.136539 2.934318
2.788503 2.521845
2.565672 2.204022
2.465615 2.111628
2.471763 2.122471
2.547018 2.166624
2.643682 2.345026
2.750242 2.600999
2.654157 2.635942
2.960373 2.883654
2.826477 2.768835
2.708248 2.083380
2.601953 1.629037
2.555012 1.572761
2.509155 1.639747
2.575717 1.722279
2.461894 1.791803
2.252425 1.798354
2.083056 1.709769
1.958843 1.704263
1.881486 1.733914
1.924062 1.759412
2.116451 1.927971
2.278889 2.131147
2.566100 2.425830
2.815848 2.742730
2.942061 2.785821
2.838028 2.747067
2.672124 2.467503
2.853915 2.579308
2.768752 2.201145
2.722661 1.973987
2.724439 1.643631
2.671063 1.538221
2.574394 1.221337
2.538349 1.173107
2.599118 1.233253
2.702311 1.308827
2.902748 1.389116
3.171765 1.639797
3.196623 1.501375
3.216490 1.493866
3.216128 1.556694
3.204379 1.694669
3.086156 1.687148
3.062373 1.740331
2.950593 1.790047
2.974464 1.941355
2.826237 2.110382
3.020380 2.389320
2.985477 2.570898
2.895736 2.803111
3.020225 3.008919
3.275305 3.174098
3.531134 3.329754
3.796699 3.564274
3.938375 3.855071
3.939273 4.097253
3.673399 4.030345
3.383933 3.949837
2.984763 3.434615
2.616193 3.059498
2.565585 2.635399
2.566218 2.390967
2.639855 2.146000
2.690925 1.697954
2.608621 1.341333
2.676539 1.160191
2.641931 1.139198
2.732134 1.230067
2.490070 1.135960
2.272517 1.075625
2.108443 1.066322
1.970773 1.198603
2.055146 1.300560
2.169058 1.279375
2.272707 1.191278
2.268021 1.250477
2.329579 1.043465
2.570330 1.250353
2.551512 1.306788
2.578509 1.213468
2.580970 1.246136
2.558625 1.239205
2.675553 1.383079
2.630546 1.395838
2.548506 1.406233
2.315876 1.409734
2.136787 1.352727
2.078599 1.361660
1.997821 1.418355
2.030052 1.627660
2.061624 1.847064
2.116441 2.031557
2.265347 2.216870
2.442709 2.140443
2.651694 2.171181
2.788657 1.911225
2.887754 1.719454
3.225196 1.916785
3.276580 1.562409
3.212121 1.392770
3.235504 1.399773
3.319713 1.164556
3.238716 1.100413
3.126664 1.115149
2.887157 1.095574
2.768921 1.082255
2.689719 1.173232
2.745162 1.385543
2.697401 1.469803
2.755000 1.542484
2.856509 1.574056
2.833421 1.714559
2.801870 1.660512
2.629283 1.603073
2.593730 1.444953
2.471356 1.312760
2.365677 1.147386
2.596695 1.329790
2.367794 1.295697
2.100376 1.301447
1.907976 1.176665
1.707224 1.147669
1.627229 1.208367
1.755577 1.328846
1.907208 1.513361
2.114774 1.614602
2.233374 1.444498
2.560091 1.676383
2.610531 1.554512
2.505992 1.251062
2.571299 1.252217
2.680215 1.177868
2.777478 1.154079
2.947358 1.209968
3.084285 1.182513
2.931680 1.201645
2.848693 1.150730
2.758667 1.347284
2.573033 1.474789
2.491576 1.540801
2.583585 1.624576
2.603114 1.833340
2.612929 1.979836
2.618915 2.012249
2.382678 1.758881
2.323223 1.751908
2.213157 1.685701
2.377965 1.730063
2.418520 1.694121
2.415630 1.386766
2.380904 1.156194
2.367392 1.253078
2.436859 1.381105
2.459126 1.434651
2.517179 1.473933
2.637656 1.516353
2.634760 1.590712
2.872214 1.810945
2.935994 1.922984
2.928815 2.045499
3.006308 2.172349
3.154912 2.287351
3.272748 2.445962
3.457419 2.617872
3.656492 2.716762
3.805031 2.777435
3.981583 2.836098
4.353227 3.086080
4.454353 3.109471
4.370388 3.163044
4.336433 3.205094
4.171156 3.361121
4.209823 3.391016
4.232697 3.373332
4.261714 3.466147
4.306012 3.434201
4.272832 3.443513
4.356578 3.573957
4.245582 3.462536
4.091596 3.225640
3.846770 3.248558
3.782289 3.288548
3.816529 3.211858
3.885297 3.220057
4.052963 3.079651
4.155082 3.089269
4.283752 3.182815
4.432846 3.363315
4.514190 3.388349
4.671903 3.398405
4.673933 3.378426
4.871172 3.291790
4.945914 3.297225
4.992602 2.986926
5.030391 2.787609
5.103214 2.538421
5.121952 2.491905
5.453060 2.710493
5.429782 2.686188
5.437592 2.651495
5.247807 2.589360
4.933661 2.352680
4.473312 2.114334
4.060869 1.663330
3.624832 1.534985
3.219805 1.437376
2.864349 1.543183
2.847878 1.770127
2.678219 1.871292
2.473534 1.864634
2.564111 1.859807
2.582917 1.823112
2.586179 1.873898
2.637669 1.912768
2.845035 1.932053
3.082023 1.987965
3.357239 2.102712
3.658642 2.360102
3.877865 2.340520
4.144290 2.346140
4.310518 2.470270
4.446595 2.571368
4.450312 2.694507
4.434944 2.805165
4.380655 2.767196
4.312112 2.716836
4.296619 2.640986
4.323271 2.739975
4.195297 2.661459
3.925073 2.586126
3.693522 2.534751
3.476276 2.594585
3.465884 2.717561
3.336957 2.772203
3.310553 2.794208
3.205470 2.741136
3.246143 2.763862
3.460294 2.935123
3.557907 2.726957
3.661414 2.675022
3.802849 2.635277
3.873224 2.672375
4.012081 2.689663
4.189580 2.769192
4.358154 2.970122
4.485755 3.123936
4.594212 3.198245
4.830363 3.427954
4.968804 3.384169
4.839973 3.253089
4.614278 3.148436
4.386595 2.953336
4.158454 2.738634
3.679980 2.470368
3.321181 2.290024
2.957775 2.057720
2.646651 1.886315
2.529651 1.830473
2.449807 1.826111
2.428900 1.874936
2.524561 1.986106
2.515643 2.128314
2.658353 2.285139
2.896377 2.398367
3.026689 2.505439
3.131632 2.538452
3.296954 2.714338
3.552566 2.993153
3.728568 2.964457
3.890604 2.904253
3.977889 2.983310
4.093170 2.909794
4.047568 2.923771
3.868435 2.820571
3.747338 2.801523
3.806307 2.842434
3.889770 2.858303
4.072620 3.003182
4.007462 2.994025
3.902971 2.950579
3.845260 2.972295
3.767347 2.945177
3.732668 3.005870
3.726702 3.040437
3.808094 3.084148
3.841584 3.192833
3.942719 3.316545
4.114352 3.577778
4.053784 3.441116
4.050968 3.411821
4.095213 3.324448
3.982672 3.346883
3.780314 3.298072
3.600057 3.171575
3.543448 3.000141
3.490770 2.908361
3.570950 2.734280
3.771693 2.890255
3.738000 2.717231
3.830089 2.680497
4.021181 2.680269
4.133576 2.503635
4.447954 2.408484
4.751832 2.378320
4.924998 2.471590
5.109114 2.378250
5.278736 2.419941
5.578944 2.657282
5.682783 2.562517
5.325529 2.402807
4.751455 2.149229
4.083528 1.809854
3.556775 1.520855
3.205548 1.414566
3.074259 1.394325
2.989168 1.504103
3.068615 1.601186
3.223646 1.930209
3.387814 2.033963
3.530620 2.088524
3.519171 2.095075
3.599023 2.083819
3.705253 2.019235
3.710471 2.020093
3.641288 2.086423
3.750097 2.138693
3.823408 2.283869
4.064996 2.433955
4.076727 2.573166
4.095809 2.624578
4.061464 2.679060
4.012483 2.670550
3.867077 2.651680
3.741203 2.521596
3.606260 2.516101
3.429689 2.516945
2.934096 2.496699
2.876447 2.529156
2.624593 2.457743
2.528489 2.536255
2.501206 2.557378
2.531697 2.575220
2.524764 2.621538
2.642562 2.595196
2.787706 2.584280
2.924301 2.620375
3.150078 2.646790
3.461425 2.833128
3.602438 2.779706
3.829252 2.632014
3.969023 2.517112
3.969360 2.386120
3.956905 2.410752
3.938480 2.457798
3.868733 2.455008
3.929411 2.515712
3.993451 2.569875
4.249407 2.744813
4.338463 2.795831
4.460458 2.692066
4.591117 2.753078
4.636384 2.855079
4.757639 2.934363
4.746814 2.908518
4.736039 2.907721
4.748707 2.793386
4.596182 2.671472
4.820553 2.796214
4.635413 2.530487
4.357242 2.268185
4.000065 1.983681
3.551816 1.774107
3.111128 1.603438
2.856616 1.532954
2.621701 1.544814
2.546716 1.688135
2.579787 1.879906
2.747582 2.162863
