200
35320
36810
37300
37560
38470
39050
39720
40740
42160
2590
35520
35630
37130
37230
38490
39490
40600
40040
41350
2260
35240
36190
36300
38510
38090
39780
39430
41220
41190
2240
35890
36380
36890
38450
38090
39560
40580
41400
41410
2230
34870
36000
37460
37060
38030
39560
38800
41040
42050
2230
35720
35720
38010
38370
37750
40100
40740
40750
41800
2590
35310
36240
36550
37800
38650
39760
39080
41470
41220
2590
34680
35420
37070
37370
38810
38510
39790
40730
41890
2420
35810
36530
36700
38860
38210
39700
38870
40870
41880
2320
35020
36240
36780
37270
38230
39240
40250
40970
42350
2230
35270
35860
37120
37830
37810
39120
40890
40610
40610
2610
35660
35830
36490
37640
38440
39840
40120
40500
41000
2230
34860
36100
37430
37800
37920
39080
40140
40350
41480
2230
35390
36170
36390
37950
38150
39370
39860
42050
41370
2300
34960
35890
36930
37400
38100
39490
40120
41170
41570
2350
35010
36120
36260
37890
37990
38540
39530
40590
41500
2280
35600
36110
37390
37390
38900
39750
40110
41640
41060
2310
35030
35980
36920
37870
38500
38960
40150
41150
41570
2290
34940
36020
37190
37940
38440
39120
40760
40370
41510
2280
35940
37210
37380
37710
37730
39090
40260
40640
41700
2240
35070
35150
36080
37220
38950
39190
40530
40500
40880
2260
36160
35470
35740
37220
38110
39190
38270
41250
42010
2430
35960
35470
36590
38210
37850
39290
40280
40580
42810
2450
35940
35750
36900
38130
39330
40720
40650
40590
41310
2240
35940
38070
37590
37690
38380
40810
39830
40880
41530
2680
35210
36110
36080
37000
37840
38710
41030
41620
40910
2310
35980
36790
36380
37790
38410
39830
39600
42120
42510
2290
35240
36080
37000
37950
38390
39020
41440
41160
41740
2290
36190
36310
37710
37720
38290
39120
39580
41050
41700
2290
35870
35280
37370
37900
38570
39250
40060
40820
41700
2560
35530
35980
36560
37760
38240
39280
40160
40470
41190
2280
35440
35730
37070
37890
38290
39220
39610
41340
42470
2500
35390
36070
36990
37450
38240
38740
39920
40770
41520
2620
35040
36380
36000
37520
37930
39150
40350
41160
41090
2320
34760
35800
36940
36500
38590
38840
39470
40460
41270
2380
35370
35690
37310
38420
38520
39080
39550
41700
41490
2260
35310
36260
36140
37220
37890
39110
40530
40670
41090
2390
35490
35920
37030
37550
38130
38570
40390
41420
41870
2260
34900
36320
37770
37640
38500
39280
39050
41280
41350
2280
35610
36620
37100
38460
38120
39410
40080
41870
41900
2410
34640
36070
36640
38820
38930
39320
40220
41680
41840
2310
35350
36560
36260
37910
38320
38520
40050
41860
41650
1960
