0.147067
0.181808
0.140306
0.007556
0.065735
0.117545
0.208450
0.336773
0.374197
0.411824
0.414560
0.403394
0.465630
0.560303
0.590554
0.660039
0.864701
0.976345
1.017066
0.911670
0.763438
0.649694
0.663283
0.920880
1.154174
1.324859
1.444000
1.348218
1.234473
1.026957
0.848231
0.647923
0.627841
0.650906
0.670234
0.785356
0.914358
1.042697
1.229251
1.387113
1.430707
1.399692
1.453890
1.510133
1.554838
1.610849
1.648226
1.648718
1.640454
1.478061
1.370051
1.238406
1.220201
1.282313
1.384064
1.412846
1.440832
1.574133
1.779294
1.968614
2.093709
2.321271
2.466821
2.567877
2.731496
2.827601
2.784951
2.625755
2.387591
2.158635
2.145612
2.231707
2.414328
2.609733
2.695003
2.940671
3.298137
3.685365
4.170755
4.604138
4.911076
5.368720
5.887432
6.193808
6.540489
6.828165
7.206245
7.654221
8.227250
8.816203
9.380682
9.905369
10.518522
11.205885
11.849940
12.639104
13.301947
14.065108
14.916849
15.541896
15.861729
15.784275
15.372457
15.059740
14.681198
14.297720
13.945490
13.669832
13.264406
13.263483
13.571524
13.937365
14.199071
14.476728
14.816233
15.153194
15.544657
15.912221
16.363392
16.912256
17.416482
17.931454
18.415107
18.889909
19.427515
19.957685
20.286170
20.208508
19.833500
19.384832
18.831798
18.360457
17.864962
17.275322
16.692490
16.156370
15.566611
15.030938
14.433096
13.873887
13.351866
12.891756
12.340510
11.647130
11.148962
10.571961
10.234888
10.276981
10.611077
11.102169
11.436913
11.770752
12.294928
12.838882
13.368552
14.010884
14.647825
15.405620
16.198152
17.067308
17.695680
18.440031
18.719042
18.623483
18.258095
17.768091
17.228340
16.594445
15.996845
15.326016
14.600602
13.914238
13.240812
12.518523
11.600036
10.799847
9.902893
9.268939
9.126291
9.415481
9.964385
10.153806
10.698537
11.212398
11.805364
12.627365
13.244067
13.969677
14.738554
15.550548
16.241013
17.112017
18.010411
18.788159
19.872396
20.884091
21.921602
22.917399
23.790655
24.445667
24.953943
25.723719
26.338234
26.817436
27.483609
28.019898
28.555699
29.020172
29.518765
30.053508
30.507637
30.990835
31.619175
32.159231
32.719545
33.370365
33.987887
34.611994
35.181812
35.795491
36.252274
36.974689
37.831435
38.795892
39.586126
40.303961
40.966675
41.659727
42.484768
43.146999
43.665480
44.429677
45.260473
46.184034
46.879494
47.625006
48.286366
48.960771
49.582847
50.189373
50.716952
51.329443
51.991675
52.543977
53.038207
53.297547
53.209482
52.817890
52.435089
52.155114
51.699826
51.281832
50.992588
50.708548
50.496865
50.293024
49.837058
49.537060
49.149937
48.850314
48.465684
47.980548
47.597025
47.099702
46.676781
46.195202
45.675952
44.983917
44.250628
43.654469
43.242684
42.513963
41.691447
40.628076
39.901615
39.169335
38.584149
37.870047
37.354137
36.782129
36.430321
35.856069
35.253575
34.683556
34.251555
33.805128
33.378880
32.919106
32.433471
31.869482
31.585467
30.896468
30.302132
29.787025
29.045382
28.524244
27.736124
27.026576
26.736734
26.836420
27.066480
26.922317
26.763868
26.781387
26.986465
27.138921
27.333566
27.645846
27.932960
28.184762
28.493555
28.976145
29.388419
29.886774
30.345800
30.926631
31.165526
31.369506
31.475299
31.711419
31.762004
32.200306
32.934759
33.899954
34.953160
35.839301
36.881666
37.810222
38.641436
39.329133
39.792608
40.735022
41.678005
42.391399
43.146061
43.885844
44.505813
45.161544
45.778491
46.364958
46.905076
47.480383
48.118842
48.840199
49.271398
49.774950
50.231197
50.785417
51.279999
51.837161
52.304475
52.729720
52.687844
52.498098
52.186540
52.001474
51.907226
51.690699
51.499748
51.311858
50.942392
50.860129
50.621068
50.222077
49.807582
49.333854
48.879190
48.298327
47.649253
47.025887
46.461854
45.789428
45.120115
44.483654
43.980406
43.303550
42.694554
42.019032
41.598733
41.533103
41.932747
42.086183
42.150716
42.532769
42.591423
42.504735
41.925809
41.491133
41.038362
40.608397
40.242404
39.790772
39.427688
39.026468
38.549009
38.288136
37.960571
37.569763
37.204104
36.902690
36.662109
36.133311
35.672694
35.423978
35.133807
34.868941
34.492489
34.156152
33.815542
33.648445
33.490438
33.005834
32.234174
31.768610
31.432643
31.166202
31.482125
31.935683
32.166200
32.576687
33.048169
