1.957797 1.993581
2.016830 2.028674
2.121319 2.066275
2.298894 2.152834
2.505702 2.260054
2.748594 2.384984
3.028504 2.530234
3.327650 2.691823
3.643500 2.890414
4.010842 3.093348
4.366051 3.328807
4.701924 3.568260
5.054259 3.842164
5.382930 4.107789
5.718420 4.382986
6.030601 4.666814
6.350527 4.923772
6.583561 5.125559
6.683963 5.238005
6.614964 5.249411
6.468601 5.148013
6.299412 5.008270
6.144124 4.950617
6.060126 4.945004
6.015831 4.965151
5.984495 5.026052
6.003073 5.117944
6.060745 5.275390
6.167399 5.459791
6.274713 5.630865
6.403074 5.825111
6.561231 6.043322
6.741091 6.268899
6.951159 6.490666
7.150401 6.723366
7.359068 6.931056
7.579241 7.166846
7.769125 7.356017
7.886949 7.456574
7.903277 7.435124
7.815257 7.364057
7.694386 7.254861
7.655022 7.171354
7.632777 7.121381
7.639714 7.090101
7.700409 7.080439
7.754950 7.081055
7.836216 7.124803
7.902830 7.209427
8.018631 7.295014
8.142262 7.426962
8.249380 7.541976
8.431120 7.685862
8.579296 7.848253
8.753959 8.034653
8.935302 8.221986
9.080695 8.378971
9.159125 8.450722
9.124616 8.414751
9.075258 8.308388
8.973004 8.212128
8.919606 8.148609
8.864699 8.088724
8.840807 8.042959
8.849847 8.052869
8.898888 8.078485
8.965432 8.130338
9.071654 8.211804
9.193121 8.312766
9.330642 8.408382
9.478647 8.550814
9.633825 8.720786
9.783034 8.858644
9.967087 9.004872
10.074080 9.104553
10.144382 9.179585
10.221057 9.244920
10.294721 9.370532
10.396091 9.458092
10.491285 9.593985
10.600516 9.690568
10.718962 9.803067
10.881550 9.909320
11.050695 10.028032
11.214919 10.176265
11.306804 10.264568
11.352203 10.362403
11.392195 10.463340
11.478425 10.569799
11.535178 10.705580
11.607334 10.874486
11.660248 11.035560
11.769560 11.202728
11.890762 11.395163
12.041251 11.594092
12.141210 11.786941
12.282663 11.975756
12.422708 12.154453
12.570257 12.335447
12.686058 12.466548
12.767005 12.517994
12.797869 12.508839
12.759831 12.417852
12.748996 12.355586
12.764620 12.317224
12.792370 12.278024
12.841276 12.236722
12.896437 12.233735
12.961330 12.254834
13.058683 12.305578
13.123066 12.372785
13.172870 12.422014
13.138168 12.432803
13.035488 12.413757
12.964510 12.396981
12.903729 12.390092
12.861475 12.421130
12.832640 12.480031
12.821015 12.550965
12.847677 12.604548
12.895760 12.648563
12.950228 12.728387
13.031590 12.828203
13.129959 12.924403
13.235351 13.008372
13.337327 13.115386
13.423580 13.209587
13.474907 13.248312
13.461677 13.246641
13.408988 13.193433
13.347534 13.158505
13.333880 13.132360
13.357029 13.153181
13.388498 13.197100
13.433844 13.273288
13.482436 13.351309
13.530133 13.457661
13.606863 13.567431
13.679077 13.674051
13.744723 13.776714
13.846396 13.889209
13.962656 14.039652
14.064044 14.179128
14.176234 14.278508
14.284528 14.363255
14.329755 14.406952
14.306389 14.388086
14.270870 14.334407
14.202553 14.235641
14.197009 14.163931
14.211460 14.083323
14.265385 14.035203
14.304246 14.038760
14.376576 14.043929
14.429343 14.051700
14.491742 14.061378
14.562290 14.092348
14.636615 14.125143
14.733141 14.175632
14.854150 14.211432
14.971644 14.265955
15.064601 14.291926
15.124838 14.312765
15.099955 14.316447
15.045119 14.325984
15.006247 14.335635
15.017122 14.385171
15.036758 14.434259
15.075645 14.485377
15.153619 14.551080
15.190806 14.635646
15.260075 14.707987
15.356029 14.776959
15.456154 14.874219
15.556330 14.978401
15.667895 15.085849
15.781028 15.175914
15.796288 15.235805
15.779527 15.305632
15.710491 15.305920
15.665654 15.289650
15.604074 15.284870
15.558186 15.303576
15.534869 15.339420
15.550908 15.374047
15.592420 15.384825
15.637381 15.440977
15.687990 15.478002
15.742614 15.523504
15.807928 15.599476
15.909455 15.680470
15.993463 15.815502
16.066630 15.924462
16.154751 16.076261
16.231582 16.206841
16.320063 16.317613
16.423467 16.448724
16.513381 16.572361
16.610281 16.736694
16.685496 16.825254
16.785064 16.919288
16.890169 17.003681
17.019080 17.087501
17.142978 17.196841
17.271025 17.286493
17.369695 17.390477
17.447500 17.517362
17.570940 17.643520
17.684595 17.767606
17.820397 17.893182
17.940883 18.020463
18.051946 18.174795
18.126108 18.310714
18.229619 18.441948
18.360040 18.594309
18.480925 18.730813
18.588181 18.877693
18.715495 19.024581
18.845019 19.158853
18.965628 19.218769
19.089024 19.320428
19.208715 19.430948
19.309285 19.556877
19.408028 19.678776
19.500458 19.782270
19.613563 19.869371
19.731331 19.960329
19.859665 20.063544
19.974158 20.137106
20.083449 20.213252
20.195335 20.299206
20.311872 20.387769
20.437260 20.477237
20.557080 20.543421
20.685076 20.615664
20.823487 20.702647
20.931534 20.802895
21.049228 20.887121
21.170594 20.949516
21.283232 21.031406
21.410565 21.125596
21.533808 21.215516
21.653162 21.305008
21.742843 21.368756
21.783081 21.390037
21.772551 21.337359
21.724850 21.284546
21.673523 21.188878
21.640552 21.119803
21.605136 21.084407
21.583306 21.058683
21.587887 21.031485
21.623891 21.002145
21.665408 21.011483
21.713894 21.014296
21.767491 21.050888
21.790398 21.122397
21.833178 21.174632
21.880191 21.235193
21.942066 21.263555
22.029966 21.286129
22.124391 21.341891
22.202279 21.405393
22.275274 21.473510
22.378245 21.570691
22.461059 21.649647
22.533997 21.712520
22.618193 21.798327
22.696610 21.859566
22.787078 21.967571
22.876189 22.086251
22.953505 22.209551
23.055271 22.359115
23.131393 22.504863
23.221945 22.609229
23.332159 22.716330
23.448933 22.812220
23.556227 22.907892
23.674199 23.003078
23.764882 23.110226
23.844373 23.214478
23.935128 23.319801
24.010316 23.408236
24.096151 23.525618
24.195148 23.618481
24.281929 23.744787
24.401413 23.871337
24.516523 23.988704
24.622626 24.129108
24.735968 24.266065
24.859307 24.397438
24.968924 24.512458
25.093713 24.630318
25.228025 24.752701
25.364255 24.859959
25.452058 24.933737
25.492010 24.967715
25.447784 24.937992
25.354565 24.915555
25.277887 24.868052
25.238911 24.816430
25.199452 24.796238
25.167095 24.800748
25.135110 24.824459
25.119075 24.834454
25.147748 24.859173
25.168529 24.900860
25.197058 24.952409
25.211586 25.010041
25.243692 25.060442
25.285220 25.122767
25.319604 25.192880
25.355610 25.275492
25.423379 25.366998
25.509797 25.446250
25.564286 25.546315
25.605365 25.591612
25.644156 25.629965
25.717092 25.700924
25.725775 25.754693
25.756060 25.781565
25.793387 25.813338
25.809192 25.871271
25.877227 25.917497
25.972446 25.988172
26.056455 26.028478
26.174225 26.091484
26.290668 26.154390
26.384190 26.212943
26.509138 26.282775
26.617109 26.305515
26.695889 26.345248
26.785119 26.380226
26.871688 26.392856
26.967090 26.419674
27.072524 26.445083
27.158780 26.463497
27.227401 26.506631
27.310170 26.572230
27.386421 26.634995
27.474311 26.666438
27.561608 26.727550
27.627694 26.789894
27.680048 26.818521
27.729474 26.832955
27.778786 26.908885
27.835125 26.992632
27.901734 27.088409
27.978636 27.172580
28.029585 27.279691
28.091073 27.386332
28.096897 27.469116
28.086124 27.509485
28.006096 27.497129
27.947703 27.422189
27.877011 27.365602
27.836628 27.333110
27.825613 27.269975
27.837583 27.238382
27.855583 27.185771
27.877934 27.176160
27.865051 27.160898
27.871783 27.167104
27.864518 27.173600
27.888041 27.206126
27.913303 27.245114
27.955571 27.290008
28.002355 27.349642
28.042922 27.379415
28.115295 27.432775
28.181975 27.453265
28.237564 27.478767
28.311618 27.515659
28.361584 27.540737
28.444717 27.626072
28.526627 27.658260
28.609025 27.712790
28.709734 27.765005
28.776576 27.780716
28.773085 27.771774
28.796283 27.743071
28.803835 27.730120
28.835876 27.719951
28.871733 27.713507
28.904446 27.711431
28.951764 27.739312
28.991743 27.797579
29.032410 27.881574
29.062973 27.958401
29.111652 28.019080
29.161361 28.077502
29.187498 28.133009
29.213727 28.223792
29.254739 28.318012
29.319328 28.432773
29.339455 28.536927
29.405906 28.634667
29.451095 28.758578
29.501682 28.895026
29.572045 28.976882
29.652883 29.074943
29.741901 29.168609
29.854789 29.236807
29.939126 29.333169
30.035010 29.419584
30.122208 29.519569
30.219198 29.621747
30.308419 29.726721
30.436244 29.827275
30.529731 29.932516
30.599361 30.018603
30.638285 30.096511
30.664702 30.169113
30.654373 30.192491
30.601892 30.126158
30.549328 30.058630
30.523231 29.983244
30.508810 29.947957
30.496153 29.875624
30.507155 29.834859
30.533884 29.802606
