30
5260
5740
5440
5560
5670
5820
5950
6080
6190
3950
5250
5350
5440
5570
5700
5830
5930
6090
6260
3960
5200
5320
5450
5580
5730
5810
5950
6080
6220
3960
5200
5340
5460
5580
5710
5830
5830
6090
6230
3950
5200
5320
5450
5560
5700
5820
5960
6060
6220
3970
5280
5360
5450
5610
5780
5810
5960
6090
6220
4040
5210
5330
5210
4820
4920
5040
5160
5270
5390
3510
4480
4580
4700
4810
4920
5030
5150
5300
5370
3400
4490
4330
4300
4750
5640
4520
5180
5260
5420
3350
4510
4620
4710
4840
4990
5060
5150
5260
5470
3370
4470
4620
4720
4860
4950
5030
4340
5310
5390
3360
4480
4590
4700
4820
5370
5090
5170
5300
5420
3350
4530
4600
4730
4810
4970
5030
5150
5280
5460
3360
4520
4610
4710
4820
4950
5050
5150
5320
5380
3410
4500
4680
4720
4820
4920
5100
5150
5270
5380
3360
4510
4580
4690
4810
4980
5120
5210
5280
5390
3400
4470
4590
4700
4810
4950
5040
5150
5270
5380
3360
4480
4580
4740
4810
4940
5060
5190
5270
5400
3380
4510
4580
4700
5300
4970
4510
4960
5260
5410
3360
4470
4580
4730
4810
4960
5090
5190
5270
5400
3360
4500
4650
4700
4820
4930
5070
5170
5260
5400
3400
4470
4650
4700
4810
4930
5070
5160
5300
5410
3350
4500
4590
4700
4860
4930
5090
5200
5260
5390
3350
4470
4580
4730
4860
5270
5040
5150
5310
5390
3390
4500
4580
4700
4800
4920
5070
5170
5290
5420
3340
4470
4580
4700
4810
4920
5050
5150
5320
5380
3380
4470
4590
4710
4830
4960
5050
5180
5270
5390
3370
4510
4600
4720
4830
4920
5070
5160
5650
5380
3380
4500
4580
4730
4840
4930
5070
5150
5270
5390
3380
4490
4610
4990
4820
4940
5080
5170
5280
5440
3350
4480
4590
4710
4820
4980
5040
5160
5330
5390
3360
4480
4590
4750
4880
4930
5070
5220
5290
5470
3370
4480
4620
4700
4830
4970
5070
5200
5270
5390
3420
4000
4630
4730
4820
4970
5040
4890
6120
6320
4050
5310
5450
5570
5810
5790
5910
6090
6160
6310
4070
5290
5590
5530
5670
5780
5980
6080
6180
6320
4030
5290
5410
5530
5670
5820
5920
6060
6180
6310
4030
5370
5410
5540
5700
5830
5950
6100
6190
6350
4070
5290
5460
5540
5640
5770
5920
6030
6150
6320
3090
3620
5140
5170
5410
4720
5920
6040
6180
6310
4030
5330
5440
5540
5740
5800
5920
6110
6200
6750
4030
5500
5590
5640
5930
5910
5920
6050
6230
6310
3950
