2.106251 2.018918
2.024639 1.923418
1.938648 1.866130
1.902432 1.803821
1.992743 1.777358
2.129655 1.771643
2.307963 1.795242
2.448007 1.830201
2.553231 1.812359
2.660099 1.917224
2.733179 1.977245
2.838237 2.073023
2.971820 2.231490
3.168053 2.445302
3.489871 2.696565
3.885394 3.030442
4.306850 3.341747
4.599223 3.587869
4.691743 3.723668
4.626454 3.728796
4.378385 3.566952
4.029503 3.377821
3.744490 3.082549
3.530623 3.022220
3.270265 2.861207
2.896844 2.579314
2.607943 2.419992
2.307277 2.234111
2.038952 1.990008
1.921510 2.029273
1.829179 1.966839
1.881604 1.909143
1.899323 1.864842
2.072540 1.885096
2.325785 2.060338
2.595558 2.234215
2.855434 2.521471
3.048773 2.721939
3.136298 2.832171
3.063871 2.854708
2.846276 2.658196
2.447635 2.390916
2.188206 2.140121
2.006904 1.942206
1.853811 1.862757
1.709036 1.794803
1.663658 1.768572
1.796097 1.744587
1.916938 1.773496
2.014757 1.918370
2.185007 2.131193
2.386569 2.392618
2.619417 2.630119
2.935633 2.931403
3.219397 3.270354
3.567020 3.621029
3.805838 3.710373
3.832772 3.774319
3.705943 3.679000
3.420408 3.410657
3.041266 3.157736
2.712384 2.778495
2.399686 2.614274
2.239758 2.402450
2.133554 2.271270
2.005942 1.987863
1.940325 1.807047
1.807401 1.735249
1.845789 1.692277
1.877244 1.689335
1.994968 1.744001
2.181611 1.932313
2.394384 2.115871
2.616634 2.446050
2.783897 2.706771
2.839293 2.834503
2.800960 3.060414
2.890902 3.212745
2.985709 3.415134
3.101167 3.718308
3.263480 4.050898
3.457168 4.327442
3.691256 4.567090
3.957097 4.857507
4.256860 5.219953
4.463440 5.428743
4.759243 5.683563
5.112929 5.994019
5.512317 6.342438
5.946424 6.728717
6.422175 7.092627
6.725576 7.416434
7.054853 7.665026
7.345878 7.737988
7.526749 7.740048
7.792737 7.863274
8.076432 7.794696
8.342478 7.874031
8.440680 7.971992
8.387168 7.802774
8.280590 7.707976
7.859349 7.177466
7.298602 6.552888
6.774808 6.185568
6.097276 5.828932
5.554935 5.521224
4.991581 5.122675
4.434704 4.612243
4.069028 4.394721
3.638111 3.808578
3.262169 3.655606
2.756144 2.867480
2.526237 2.309259
2.264726 1.932625
2.026272 1.715233
1.946321 1.636006
1.974080 1.753987
2.090514 1.970634
2.291505 2.251690
2.576647 2.654315
2.708313 2.976337
3.019388 3.333174
3.412810 3.701140
3.907200 4.059590
4.434691 4.383123
4.916940 4.715051
5.000300 4.918311
4.639524 4.950013
4.157515 4.615422
3.712014 4.190417
3.074137 3.913082
2.852006 3.879852
2.640427 3.958053
2.596037 4.051008
2.362487 3.935008
2.147292 3.740426
2.101737 3.539704
1.914470 3.143052
1.558604 2.677795
1.517912 2.416028
1.456818 2.322612
1.375954 2.076518
1.373337 2.016088
1.469477 2.032824
1.552910 2.110277
1.588427 1.996745
1.496057 1.893196
1.352704 1.662507
1.287147 1.470993
1.337171 1.440959
1.480638 1.548183
1.606661 1.698789
1.817389 1.883475
2.078380 2.122197
2.388445 2.504417
2.812628 2.942998
3.270723 3.373410
3.696270 3.696100
3.922701 3.932565
3.986226 4.051247
3.587107 3.934873
2.996566 3.749849
2.483149 3.340810
2.294966 3.101201
1.820882 2.759565
1.520816 2.605130
1.450271 2.630257
1.537765 2.765034
1.577598 2.885504
1.515117 2.984055
1.440901 3.031337
1.392599 2.688427
1.292695 2.343754
1.213782 2.153169
1.228612 2.039041
1.311184 2.019894
1.324869 1.986894
1.342516 1.911899
1.343187 1.703190
1.309229 1.570875
1.332628 1.435535
1.401487 1.379755
1.471497 1.442876
1.527222 1.514730
1.554364 1.573748
1.653472 1.683088
1.848692 1.966532
2.097360 2.337120
2.461743 2.857314
2.812681 3.342644
2.989059 3.767494
3.153401 4.096840
3.203914 4.301224
3.347286 4.414828
3.173466 4.243741
2.802134 3.925250
2.054632 3.507445
1.574527 2.998621
1.337199 2.647210
1.239857 2.380734
1.247287 2.161556
1.233697 2.131248
1.336215 2.182581
1.426088 2.234923
1.576642 2.351365
1.723443 2.433227
1.850647 2.496690
1.948178 2.552467
2.072956 2.544550
2.050165 2.606307
2.022257 2.668472
2.050375 2.677595
2.149184 2.699955
2.223651 2.805198
2.353923 2.911821
2.484915 2.904049
2.530015 2.996824
2.775856 3.128660
2.901691 3.291615
3.043553 3.360808
3.345206 3.568036
3.512399 3.599489
3.649366 3.620012
3.711016 3.531829
3.628887 3.494139
3.579676 3.184982
3.157052 3.015316
2.836236 2.874531
2.469615 2.834536
2.272083 2.865488
2.174730 2.907533
2.164060 2.937079
2.298973 3.101785
2.478158 3.287765
2.649931 3.429370
2.538247 3.636578
2.563482 3.773018
2.646171 3.954047
2.709770 4.079238
2.731560 4.239125
2.783675 4.492665
2.809445 4.731271
2.880503 4.897337
2.877070 5.036092
2.841691 5.021367
2.648141 4.782904
2.368125 4.510289
2.164953 4.154235
2.024260 3.919070
1.966782 3.723098
2.020580 3.540541
2.079332 3.435832
2.125164 3.256686
2.156767 3.120255
2.086535 2.907308
2.148773 2.907685
2.182361 2.873916
2.179556 2.855841
2.208711 2.781447
2.145268 2.949233
2.071042 2.981106
1.879308 2.960402
1.809225 2.925318
1.753391 2.889991
1.679054 2.845238
1.624083 2.793505
1.646612 2.738806
1.696840 2.744150
1.856195 2.839328
1.941972 2.980002
2.082906 3.037413
2.089930 3.097133
2.201927 3.150002
2.275867 3.251923
2.312160 3.320380
2.413852 3.326268
2.477294 3.442260
2.623004 3.506462
2.818409 3.559635
2.990617 3.609722
3.118215 3.478443
3.197494 3.428474
3.069190 3.451095
2.828070 3.332467
2.538090 3.152282
2.364623 2.969430
2.229356 2.885361
2.262665 3.019222
2.448390 3.107883
2.548771 3.270284
2.560073 3.294288
2.572839 3.425653
2.524608 3.507561
2.576619 3.539932
2.645741 3.647965
2.586062 3.648239
2.510346 3.551963
2.314193 3.251636
2.107250 2.937847
1.858409 2.593851
1.660982 2.335826
1.520572 2.128201
1.506943 2.099523
1.551340 2.169614
1.681863 2.278955
1.824317 2.355480
1.957402 2.524751
2.169037 2.735611
2.319372 2.900601
2.372606 3.116398
2.442330 3.333928
2.429601 3.481023
2.450833 3.678775
2.513201 3.855537
2.551071 4.045486
2.559963 4.171225
2.500267 4.184264
2.467592 4.148513
2.491480 4.077630
2.510804 4.083027
2.525260 4.060016
2.477304 3.871048
2.318496 3.599397
2.266773 3.438688
2.245227 3.407613
2.265405 3.305689
2.342720 3.354097
2.445339 3.311825
2.621924 3.222534
2.775561 3.222644
2.789189 3.238616
2.622097 3.052462
2.361238 2.895025
2.202750 2.740901
2.013914 2.559135
1.964342 2.532797
2.002562 2.532563
2.173269 2.554885
2.283244 2.584780
2.445390 2.678835
2.672977 2.762097
2.860826 2.871113
3.004205 3.040457
3.134279 3.197192
3.099126 3.300095
3.057100 3.424588
3.140944 3.541696
3.087267 3.802637
2.940160 3.920476
2.898803 4.094983
2.637427 4.312297
2.490533 4.356391
2.356582 4.303995
2.127931 4.109683
1.733603 3.813935
1.529106 3.557372
1.514635 3.368518
1.487891 3.167827
1.571382 3.177349
1.687272 3.166439
1.733827 3.200298
1.819543 3.277110
1.784216 3.274115
1.697707 3.292047
1.723993 3.212305
1.847575 3.135664
1.866611 3.059193
1.990546 3.042956
1.988883 2.961020
1.947154 2.955056
1.821917 2.789863
1.773193 2.705663
1.844398 2.583828
1.778662 2.533156
1.753709 2.548708
1.789025 2.521978
1.788000 2.600527
1.879680 2.664700
1.903240 2.724274
1.827685 2.781068
1.747721 2.656481
1.688601 2.536136
1.708420 2.548789
1.760801 2.547843
1.770881 2.510612
1.736847 2.490783
1.776786 2.425654
1.843800 2.470932
1.941387 2.496386
2.012817 2.571330
2.119675 2.730324
2.256100 2.786540
2.403591 2.895545
2.506522 2.986705
2.631158 3.082058
2.707584 3.134735
2.793340 3.251486
2.805227 3.269611
2.772198 3.281148
2.772451 3.379111
2.608137 3.216173
2.477825 3.148529
2.476443 3.185817
2.386717 3.195120
2.363793 3.272421
2.321884 3.441548
2.221600 3.563195
2.152103 3.693034
2.301247 3.706414
2.385973 3.826989
2.470663 3.857526
2.439546 3.852094
2.403495 3.691491
2.355208 3.530926
2.180127 3.307681
1.950628 3.142076
1.780258 3.029630
1.704210 2.973299
1.614461 2.940769
1.639324 2.755451
1.687683 2.583198
