0.083602
0.193211
0.270194
0.288350
0.249543
0.139013
0.049839
0.122665
0.306596
0.511582
0.280493
0.426115
0.740470
1.084505
1.373407
1.785799
2.096160
2.203562
2.251859
2.183205
1.924165
1.735283
1.579433
1.486623
1.480648
1.629475
1.998936
2.299536
2.656828
2.925017
3.091898
3.043075
2.727747
2.173492
1.628136
1.361831
1.194502
1.082278
1.362085
1.678523
1.920476
2.112807
2.488372
2.812132
3.128491
3.309603
3.455688
3.576440
3.559180
3.403486
2.994449
2.207316
1.756065
1.561364
1.610416
1.708360
1.846915
1.850443
1.635541
1.337482
1.115149
0.834536
0.544666
0.461887
0.346014
0.292589
0.249766
0.957111
1.843131
2.603725
3.140622
3.573109
3.898112
4.227779
4.432662
4.768356
5.223702
5.782701
6.406344
7.027291
7.483148
8.051203
8.650659
9.124270
9.587260
9.922118
10.341277
10.881278
11.414114
11.916454
11.909444
11.912868
11.876532
11.945087
12.035682
12.189681
12.309021
12.534208
12.575860
12.617913
12.624451
12.422783
12.090753
11.864672
11.894023
11.973509
12.156206
12.413802
12.750879
13.045163
13.441441
13.767474
13.843608
13.819081
13.793396
13.648382
13.375010
13.141696
12.938024
12.837062
12.643853
12.505770
12.288031
12.015793
11.822761
11.617353
11.453320
11.241155
11.141983
11.012921
11.033531
11.014853
11.010981
10.962564
10.909283
10.882570
10.818920
10.993942
11.290260
11.733096
12.133956
12.565749
12.943183
13.331331
13.592101
13.603778
13.529387
13.531713
13.575374
13.559186
13.505189
13.297171
12.979094
12.692803
12.354281
12.008452
11.618648
11.310125
10.994488
10.834418
10.579658
10.387010
10.179758
9.941715
9.811696
9.671251
9.616403
9.512242
9.479480
9.608711
9.932815
10.275345
10.576111
10.936389
11.236766
11.552147
11.871051
12.164320
12.424769
12.686942
12.860078
13.049244
13.209985
13.340615
13.482252
13.584529
13.716923
13.745453
13.865894
13.861004
14.000674
14.207395
14.378646
14.587177
14.938835
15.358554
15.736785
16.142557
16.613180
17.073820
17.576599
18.095362
18.564052
19.085968
19.524530
20.033028
20.464171
21.053008
21.622778
22.250155
22.721815
23.255794
23.821445
24.282785
24.772582
25.255157
25.777166
26.219092
26.555660
27.040416
27.537245
27.973348
28.499195
28.949152
29.283814
29.732534
30.019965
30.414173
30.884162
31.454485
32.008282
32.677704
33.449775
34.048130
34.592580
35.302604
36.031637
36.727052
37.591887
38.332978
39.039442
39.830198
40.492464
40.797664
40.868263
40.560590
39.920091
39.189323
38.486145
37.883137
37.258992
36.692623
36.012651
35.276007
34.534111
33.834142
33.108448
32.295831
31.474664
30.734820
29.893356
29.089070
28.322119
27.476983
26.824154
26.248305
25.798940
25.694772
25.623883
25.561008
25.436539
25.344595
25.140645
24.911035
24.680293
24.286244
24.037317
23.774749
23.527197
23.120708
22.757540
22.507076
22.013495
21.550793
21.083115
20.601286
20.088243
19.434910
18.755735
17.920485
17.314347
16.618505
15.819218
15.163410
14.573545
14.074520
13.856475
13.899373
14.407370
14.984894
15.523474
16.177982
16.666944
17.207668
17.743715
18.166500
18.754573
19.253731
19.861566
20.374009
20.884882
21.397643
21.957799
22.441147
23.004379
23.572819
23.871536
24.265144
24.615575
24.950509
25.285674
25.615628
25.826143
26.245259
26.515602
26.853120
27.163379
27.609011
27.877462
28.246562
28.605382
28.830236
28.942760
29.114794
29.170968
29.327998
29.388764
29.500056
29.611748
29.747017
29.808569
30.055936
30.392175
30.594356
31.031164
31.673767
32.368843
33.178270
34.012539
34.866232
35.565406
36.210969
36.589798
36.652840
36.370366
36.092315
35.793681
35.318863
34.749090
34.127884
33.532178
32.904517
32.174551
31.698691
31.245027
30.713600
30.318745
29.876421
29.455822
29.023111
28.643683
28.311185
28.061588
27.861475
27.501597
27.266771
26.846435
26.549806
26.225660
26.096416
26.055290
26.008017
25.958571
25.949420
25.847545
25.621870
25.115581
24.624562
24.205128
23.855286
23.603567
23.384662
23.220692
22.952119
22.627391
22.284263
21.884081
21.555691
21.205697
20.746758
20.231291
19.747506
19.335850
18.896983
18.579407
18.167422
17.589013
17.090999
16.490841
15.785876
14.915727
14.309785
13.855281
13.937627
14.270044
14.743207
15.145759
15.584274
15.935379
16.344712
16.785927
