30
4970
4840
4790
4840
4950
5110
5200
5140
5420
3440
4580
4700
4810
4870
4960
6490
6730
5310
5430
3390
4560
4690
4750
4840
4980
6030
5220
5330
5470
3320
4800
6500
5320
4840
4880
5060
5210
5350
5500
4000
5210
5370
5360
5640
6350
6000
6140
5280
5390
3370
4480
4240
4750
4850
4930
5040
5200
5340
5490
4280
5570
5410
5560
5690
4930
5040
5150
5330
5380
3370
4490
4600
4710
4980
4970
5060
5160
5290
5390
3390
4470
4640
4740
4920
5070
5040
5160
5280
5390
3370
4480
4590
4710
4810
4930
5050
5150
5560
6010
3400
4480
4580
4700
4830
4950
5100
5160
5280
5420
3410
4570
4640
4710
4870
4970
5050
5190
5280
5460
3300
4400
4530
4670
4780
4890
5070
5130
5400
5450
3380
4480
4660
4730
4830
4930
5130
5210
5320
5430
3390
4480
4610
4710
4810
4930
5060
5180
5280
5390
3360
4500
4600
4720
4860
4990
5090
5200
5320
5440
3430
4510
4620
4710
4820
4950
5040
5200
5310
5410
3370
4480
4590
4720
4820
4970
5050
5170
5270
5410
3370
4490
4580
4710
4820
4940
3910
5200
5320
5430
3400
4510
4580
4710
4860
4990
5090
5150
5960
5400
3340
4420
4530
4660
4750
4860
5010
5130
5210
5330
3310
4480
4320
4650
4810
4940
5010
5110
5230
5380
3380
4800
5420
5090
5660
5140
6000
6010
6110
6240
3990
5270
5330
5470
5590
5790
5830
5970
6100
6240
4000
5230
5350
5540
5610
5730
5890
5980
6120
6240
3980
5230
5390
5480
5590
5730
4970
5980
6150
6240
3980
5230
5330
5480
5600
5730
5850
5970
6120
6240
4000
5230
5350
5460
5630
5720
5930
5970
6110
6250
4010
5240
5440
5460
5600
5720
5870
5970
6110
6310
4530
5250
5340
5460
5710
5770
5850
5970
6110
6240
3990
4570
5340
4660
5910
6120
6140
6360
6440
6500
4270
4550
5670
5800
5850
6020
6220
6320
6430
6610
4310
5490
5600
5810
5960
6040
6120
6390
6440
6530
4250
5560
5700
5820
5910
6080
6110
6250
6490
6640
4230
5500
5640
5790
5920
6030
6180
6000
6450
6570
4160
5400
5590
5380
5870
5980
6060
6260
6430
6570
4220
5410
5540
5680
5770
5940
6020
6250
6380
6560
4190
5400
5560
5700
5870
5990
6100
6240
6300
6460
4260
5550
5660
5790
5930
6020
6200
6290
6570
6620
4210
4120
5650
5800
5880
6090
6200
6350
6400
6570
4200
5500
5590
5830
5860
6020
6200
6280
6450
6550
4270
5550
5580
5840
6160
6050
6190
6260
6470
6580
4050
