0.078217
0.037372
0.099489
0.150554
0.139817
0.099641
0.039547
0.196802
0.505426
0.791887
1.082647
1.310332
1.381123
1.513398
1.601957
1.696570
1.780356
1.954788
2.127766
2.104748
2.081031
1.858113
1.707979
1.680293
1.736194
1.912472
2.015069
2.063783
2.027802
1.920807
1.663783
1.223117
1.118789
1.097510
1.129176
1.334667
1.591809
1.799203
2.021000
2.103500
2.141652
2.000428
1.905959
1.797633
1.776204
1.840159
1.938534
2.063285
2.337414
2.697933
3.028407
3.308383
3.625136
3.804060
3.982542
4.276229
4.454127
4.586765
4.559127
4.338357
4.030895
3.651019
3.230282
2.871793
2.764540
2.809699
2.852973
2.874099
2.991453
3.110302
3.242147
3.282025
3.303413
3.300201
3.438761
3.720468
4.016450
4.317753
4.682271
5.065909
5.428257
5.845349
6.152223
6.557113
6.863991
7.088204
7.314253
7.514868
7.727370
7.959235
8.153727
8.385303
8.851556
9.139994
9.493372
9.909645
10.342736
10.872659
11.347894
11.712046
11.929940
11.907700
11.638463
11.435541
11.282414
11.187663
11.092592
11.023381
10.998830
11.116651
11.470202
11.754920
11.818962
11.759076
11.626048
11.566055
11.595760
11.612547
11.642591
11.747845
11.911191
12.159688
12.385952
12.534597
12.509979
12.748590
12.924990
12.702909
12.224412
11.677110
11.271301
10.944037
10.645437
10.327680
10.097659
9.805102
9.669554
9.517481
9.427448
9.336228
9.270090
9.272827
9.269399
9.292249
9.175338
8.800753
8.436897
8.245413
8.093883
8.089952
7.980208
8.082445
8.045459
8.084854
8.216221
8.381835
8.566748
8.724542
8.855771
9.031010
9.315323
9.527803
9.366377
9.123131
9.001829
8.907717
8.632216
8.459362
8.259418
8.112101
7.970930
7.965300
7.886637
7.862931
7.925418
7.958919
8.026405
8.287025
8.667659
8.921563
9.150231
9.400558
9.695537
9.959764
10.282254
10.704303
11.067385
11.490318
11.995007
12.352680
12.768147
13.304609
13.661525
14.063963
14.339520
14.648084
15.087120
15.711230
16.526208
17.341279
18.117303
19.680014
20.886752
21.849340
22.629311
23.275685
23.944379
24.504908
25.091255
25.642094
26.277307
26.890868
27.586626
28.254005
28.968861
29.673722
30.412213
31.015945
31.712983
32.329573
32.997646
33.699488
34.363375
35.338626
35.981992
36.605646
37.245442
37.817568
38.298812
39.070372
39.655970
40.378682
41.146847
41.705461
42.387731
43.090947
43.714587
44.247295
44.844145
45.411163
45.980729
46.634250
47.287927
48.026353
48.313189
48.412712
48.308464
47.976962
47.743680
47.696883
47.341388
47.222112
47.285172
47.349803
47.493086
47.643187
48.109853
48.282104
48.117261
48.139929
48.057206
47.909298
47.871490
47.467828
47.211294
46.669475
46.492781
46.254759
45.931541
45.501456
45.138344
44.768428
44.313383
43.862378
43.472577
43.020222
42.564988
42.040599
41.569297
41.125918
40.688541
40.245366
39.896703
39.583579
39.251625
39.106179
38.751436
38.583006
38.240819
37.920142
37.704426
37.765560
37.642800
37.248129
37.670577
37.963159
38.234129
38.525575
39.291972
40.001108
41.223097
44.478415
46.934193
48.431301
49.463541
50.205558
50.798118
51.251846
51.661123
51.966363
52.292128
52.559607
52.988779
53.359179
53.729096
53.970844
54.169201
54.292575
54.377632
54.390846
54.342314
53.974388
53.891091
54.140802
54.190033
54.080751
54.190231
54.176148
54.106443
54.131892
54.124313
53.568205
53.252468
53.227239
53.324205
53.290490
53.323715
53.654421
53.940564
54.252103
54.474184
54.704564
54.985797
55.315778
55.625439
55.836864
56.054505
56.366317
56.586032
56.924499
57.284267
57.292917
56.991447
56.436977
55.890896
55.347664
54.845474
54.317490
53.852398
53.370903
52.912700
52.588089
52.171659
51.920634
51.472775
51.044270
50.679375
50.476763
50.232712
49.968698
49.711641
49.689062
49.612765
49.531660
49.467373
49.252668
49.087025
48.940159
48.951655
48.935558
48.983063
49.199610
49.269882
49.381927
49.372332
49.217954
48.811420
48.498845
48.150596
47.796832
47.369966
46.940927
46.560566
46.159493
45.835922
45.384633
44.903596
44.568587
44.152082
43.653567
43.166735
42.567147
42.047487
41.544217
40.947458
40.376600
39.748083
39.319040
39.074157
38.555352
38.224570
38.429045
38.606021
39.358691
40.233467
40.968170
41.591327
42.252707
42.658995
42.961094
43.214545
