40
6170
5390
5290
6780
6930
7110
7250
7370
7530
320
4500
6360
6510
5960
5540
6140
6230
6440
6500
420
5490
5680
5530
5590
5360
5910
6000
6170
6310
380
5250
5410
5440
5620
5760
5800
5920
5800
6290
370
5100
5400
5450
5660
5720
5780
6090
6340
6210
370
5170
5360
5340
5540
5670
5810
5990
6050
5580
340
5190
5390
5400
5540
5670
5870
6000
6040
6170
380
5170
5420
5410
5630
5330
5880
5980
6100
6220
350
5300
5380
5440
5540
4900
5920
6370
6480
5790
230
4530
4620
5130
5620
5690
5920
5980
6110
6200
370
5190
5400
4470
5560
5480
5800
6000
6110
6230
370
5210
5440
5320
5630
5830
5250
5780
5720
5360
320
4470
4840
5520
5340
6120
6210
6340
4290
5940
450
4840
6090
5140
5160
5600
5500
6010
6140
5250
410
5220
5340
5430
5600
5690
5820
6040
5320
6280
360
5270
5320
5100
5310
5000
5000
5140
5360
5360
320
4570
5570
6530
6660
5790
4430
4920
6130
5530
320
4490
4690
4710
5240
5750
5860
6030
6150
6270
370
5280
5270
5460
5570
5810
5890
5980
6130
6100
380
5170
5380
5490
5700
5720
5890
5450
5330
5380
310
4420
4520
4680
6590
6840
6760
5990
6290
5490
370
5160
5170
4880
5820
6040
6180
5650
6220
6350
400
5210
5370
5630
5620
5800
6070
5960
6180
6240
380
5280
5310
5440
5650
5900
5950
5970
6130
6230
350
5270
5300
5430
5650
5720
5940
6040
6100
6240
400
4960
4070
5460
5590
5780
5850
5210
5190
5360
320
4440
4700
4650
5270
4870
5080
5190
5650
6320
380
5280
5300
5500
5570
4720
5810
5920
6040
6190
360
5160
5320
5420
5540
5680
5760
5940
5950
6230
370
5200
5310
5490
5610
6010
5850
5990
6150
6280
380
5280
5330
5410
5590
5530
6040
6040
6340
6600
390
5530
5390
5390
5920
5810
5960
6250
5580
5880
400
5560
5510
5910
5990
6080
6270
6340
6040
6520
250
4960
5250
5770
6220
5950
5980
6300
5990
6410
360
5590
5750
5910
5870
5980
6070
5990
6430
6680
350
5400
5680
5770
5900
5090
6010
6180
6200
6340
450
5580
5680
5780
5980
5650
5400
5830
5790
6440
400
5530
5480
5670
5740
5990
5960
6120
6180
6530
410
5200
5760
4680
5470
5920
5960
6190
5770
6160
370
5390
5580
5510
5670
5800
5890
6060
6190
6490
370
5000
5380
5580
5800
5480
5870
6020
6140
6400
410
5230
5500
5580
5660
5840
5730
6040
6300
6380
260
