1.968632 1.974658
2.007545 2.029939
2.122459 2.088230
2.278342 2.151399
2.490639 2.214820
2.750719 2.321995
3.077167 2.447300
3.402118 2.637882
3.721619 2.836921
4.041602 3.078134
4.338645 3.192612
4.655444 3.270479
4.989525 3.290377
5.304358 3.387693
5.536972 3.257507
5.821785 3.384981
6.085079 3.340238
6.186121 3.322713
6.045013 3.304593
5.683088 2.843010
5.369975 2.548373
4.994577 2.058694
4.661918 1.872498
4.416310 1.770310
4.170716 1.770971
3.947923 1.804463
3.723569 1.903490
3.768760 1.996588
3.857793 2.247318
3.856809 2.487016
3.920443 2.749884
4.092260 3.053029
4.164620 3.414532
4.195395 3.621310
4.118720 3.758322
4.094555 3.736167
4.060238 3.659688
3.929165 3.369670
3.738287 2.992022
3.297155 2.558750
3.013983 2.021271
2.751189 1.599833
2.582127 1.612547
2.651521 1.602702
2.710299 1.637356
2.893719 1.738964
3.099047 1.762291
3.261041 1.909586
3.337890 2.102168
3.409234 2.140263
3.471515 2.179240
3.427771 2.038017
3.285014 1.808366
3.292203 1.561878
3.371752 1.575194
3.483993 1.649559
3.427302 1.791870
3.272779 1.906554
3.053183 1.838321
2.708354 1.608695
2.526314 1.425316
2.410483 1.419184
2.402135 1.412942
2.438499 1.577410
2.493887 1.644708
2.646182 1.841209
2.798221 2.069802
2.861410 2.331208
2.867585 2.587886
2.794074 2.595028
2.741560 2.576272
2.699814 2.439803
2.660109 2.312875
2.797605 2.210500
2.771812 2.060720
2.822198 2.022333
2.824406 1.833860
2.921240 1.548999
2.988405 1.518943
3.170812 1.640452
3.398302 1.699746
3.682174 1.767837
3.902740 1.901514
4.224006 2.027101
4.491547 2.042218
4.700457 1.950091
4.842954 1.883128
5.151744 1.881291
5.424272 1.935603
5.681968 1.978197
5.901851 1.955929
6.084737 2.026422
6.281298 2.073381
6.269392 2.121645
6.249293 2.190892
6.207577 2.137353
6.027833 2.081964
5.799977 2.031773
5.537938 2.011168
5.359788 1.807255
5.039559 1.643521
4.495763 1.511563
3.995949 1.487053
3.630736 1.515551
3.282833 1.625602
3.135226 1.703575
3.135642 1.744863
3.274810 1.754560
3.468043 1.829947
3.603360 1.767911
3.696332 1.618217
3.726603 1.487738
3.591166 1.251233
3.445613 1.183745
3.361482 1.234144
3.261462 1.355060
3.134331 1.442991
3.053024 1.517468
3.077369 1.568079
3.112452 1.620919
3.173660 1.586326
3.157301 1.688940
3.133417 1.798357
3.186105 1.871810
3.170969 1.941907
3.154739 1.866272
3.056041 1.745401
2.815228 1.586793
2.556089 1.340935
2.329649 1.239277
2.098335 1.188500
1.992812 1.338407
2.002935 1.540266
2.129941 1.612701
2.210604 1.668740
2.362603 1.644348
2.423418 1.506188
2.622657 1.509352
2.809723 1.452463
3.091399 1.442366
3.373909 1.408489
3.607373 1.547930
3.979069 1.605119
4.220198 1.699974
4.395462 1.840196
4.477412 1.901451
4.232025 1.782680
3.853086 1.609831
3.537563 1.494928
3.285781 1.531312
3.130972 1.615186
3.005281 1.711738
2.930282 1.752818
2.816662 1.710336
2.696019 1.669669
2.629885 1.666873
2.547027 1.678731
2.615827 1.768039
2.568616 1.875138
2.690797 2.030521
2.809385 2.090455
2.817539 1.963583
2.657185 1.545134
2.385772 1.379040
2.134634 1.188286
1.891965 1.072260
1.797047 1.198306
1.878807 1.340325
2.016520 1.445663
2.201126 1.427920
2.371209 1.478870
2.449974 1.460233
2.651848 1.479515
2.968237 1.394352
3.290461 1.413077
3.591716 1.525140
3.902245 1.617245
4.236699 1.613128
4.371085 1.469242
4.272489 1.301085
4.029981 1.166105
3.869643 1.133492
3.759743 1.256289
3.638277 1.403263
3.544309 1.516305
3.414978 1.473831
3.234886 1.487878
3.072004 1.459178
3.003334 1.596947
3.086284 1.678129
2.933695 1.692913
2.980922 1.787761
3.010571 1.794170
3.030283 1.806591
3.091380 1.888104
3.056367 1.912588
2.997461 1.887701
3.039403 1.754070
3.157993 1.915248
3.255180 1.940525
3.271254 2.096230
3.450010 2.203318
3.570927 2.286405
3.780309 2.351208
3.747492 2.442562
3.875398 2.530598
3.905580 2.552744
4.022874 2.621568
4.007108 2.669818
4.199727 2.575263
4.261768 2.607193
4.433712 2.587132
4.581726 2.605528
4.699570 2.634773
4.803598 2.644982
4.915017 2.615302
4.979285 2.546168
5.006614 2.442340
4.943799 2.387349
4.864690 2.424414
4.838458 2.425847
4.948671 2.437013
5.027510 2.371626
5.086930 2.476883
5.219360 2.595375
5.428940 2.783389
5.611095 2.936765
5.797204 3.029474
5.832905 3.160849
5.878923 3.116997
5.727714 3.040758
5.727665 2.995556
5.690984 2.979101
5.684046 2.841700
5.546848 2.873108
5.311494 2.863852
5.074873 2.812437
4.800399 2.835438
4.547000 2.644001
4.056628 2.341642
3.732424 2.201980
3.708172 1.935406
3.503110 1.882732
3.314441 1.579671
3.377607 1.380721
3.372530 1.291307
3.421489 1.225996
3.491324 1.206619
3.698030 1.267300
3.809677 1.437755
3.800931 1.498021
3.966295 1.655650
4.080641 1.842998
4.169889 2.071199
4.438702 2.273623
4.646604 2.468036
4.712632 2.678136
4.855847 2.730828
4.955443 2.782820
5.185642 2.827286
5.366711 2.791582
5.556570 2.681869
5.757619 2.444831
6.081945 2.458026
6.417311 2.441630
6.724399 2.351249
6.895287 2.368636
7.190280 2.364509
7.367709 2.461639
7.501725 2.394657
7.621279 2.222537
7.536076 2.207828
7.349383 2.221208
7.193766 2.114915
6.874008 2.026750
6.507687 1.900375
6.201205 1.761565
5.821797 1.714430
5.624795 1.769488
5.554344 1.791985
5.548858 1.790093
5.586190 1.873432
5.878916 1.921590
6.040366 1.986122
6.297409 1.993902
6.382335 2.017240
6.401114 2.078466
6.240990 2.147008
5.938913 2.185421
5.628101 2.303373
5.280131 2.410434
4.814159 2.438759
4.478231 2.384635
4.149397 2.297463
3.939557 2.235030
3.681991 2.125576
3.294302 2.089910
3.168780 1.969672
2.934340 1.799656
2.796632 1.611338
2.702461 1.550395
2.727604 1.650530
2.778479 1.784295
2.963137 1.930433
3.148396 2.115752
3.387196 2.245705
3.573894 2.352514
3.794325 2.440957
3.991542 2.502238
4.115544 2.640136
4.312881 2.727130
4.534890 2.621391
4.677438 2.597724
4.848908 2.558751
4.849742 2.518958
4.865089 2.556573
4.894041 2.437568
5.037574 2.476759
5.348007 2.568506
5.640175 2.632836
5.747401 2.680889
5.824894 2.743487
5.789596 2.553758
5.726144 2.577419
5.808361 2.546338
5.869636 2.465851
5.861478 2.450657
5.898289 2.572683
5.891242 2.680781
5.887875 2.738529
5.967143 2.811599
5.699149 2.689430
5.524925 2.543495
5.488065 2.426454
5.474681 2.391410
5.612690 2.363396
5.591046 2.463053
5.617152 2.519520
5.696954 2.733836
6.243984 3.359614
7.436140 4.233230
7.690124 4.012936
7.011304 2.761089
6.650105 2.204984
6.421168 1.772524
6.434010 1.821769
6.506512 1.941861
6.622509 2.058539
6.689936 2.239606
6.859881 2.403531
7.009946 2.565152
7.107894 2.792367
7.094465 2.890237
7.033457 2.924143
6.973151 3.080280
6.920408 2.966471
6.930880 2.919307
6.964020 2.922868
7.082419 3.007410
7.176742 3.111776
7.297301 2.924677
7.475802 3.121716
7.704989 3.330872
7.860801 3.538772
8.019460 3.789960
8.194559 4.096091
8.179893 4.592588
7.869007 5.011876
7.224675 4.978486
6.496939 4.478503
5.916062 3.763250
5.383841 3.111716
4.938796 2.590194
4.776528 2.425406
4.784105 2.248005
4.739860 2.225859
4.792984 2.387176
4.929169 2.214567
4.948330 2.225942
4.967196 2.171573
4.874339 2.115725
4.802897 2.136856
4.630193 2.102504
4.437202 2.353143
4.693782 2.934929
5.061148 3.594256
5.422670 4.226835
5.591268 4.926749
5.772412 5.586036
6.006683 6.027468
6.196103 6.065109
6.322763 5.922494
6.497634 5.241436
6.623979 4.569363
6.490526 3.647251
6.111618 2.892424
5.483480 2.499275
4.704048 2.084322
4.106925 2.051401
3.522314 1.774364
3.040279 1.727330
2.508530 1.697613
2.563758 1.755199
2.693329 1.848622
2.759065 1.891027
2.962734 1.921293
3.100650 1.930624
3.218051 1.948282
3.260330 1.867210
3.330828 1.834603
3.461914 1.833770
3.546383 1.765636
3.424044 1.724810
3.302538 1.684113
2.961562 1.581252
2.749585 1.456347
2.538216 1.360424
2.381165 1.367770
2.369522 1.500884
2.435760 1.579331
2.526094 1.756111
