0.083602
0.193211
0.270194
0.288350
0.249543
0.139013
0.049839
0.122665
0.306596
0.511582
0.981294
1.472467
1.947111
2.430715
2.923395
3.339654
3.616646
3.895061
3.922725
3.784580
3.362454
2.950928
2.601685
2.393935
2.243430
2.094477
1.997440
1.895882
1.646263
1.430170
1.280343
1.318817
1.492690
1.862685
2.388442
2.893275
3.373530
3.686177
3.755932
3.594549
3.234633
2.715136
2.103486
1.509749
0.907146
0.586394
0.685640
1.138197
1.617917
2.093537
2.644054
3.170218
3.733486
4.234936
4.679017
4.987353
5.146923
5.048782
4.774493
4.408579
3.798013
3.307438
2.885754
2.599603
2.206251
1.733433
1.382763
0.872452
0.376940
0.215847
0.680962
1.087302
1.607162
2.069793
2.411831
2.537815
2.740663
2.987221
3.386199
3.878681
4.320766
4.882089
5.676448
6.534505
7.305176
7.871672
8.202668
8.453002
8.676575
8.807547
8.976744
9.038007
9.233526
9.370130
9.649299
9.881458
10.067810
10.324798
10.525100
10.679872
11.007096
11.199509
11.239250
11.405877
11.572536
11.661466
11.879528
12.061784
12.311540
12.584006
12.728381
12.551326
11.735714
10.578269
9.005211
7.604472
6.535356
5.490280
4.790953
4.385006
3.908292
3.807909
3.855722
4.070819
4.353523
4.966274
5.483233
6.012903
6.638949
7.717456
8.547246
9.074780
9.510909
9.848498
10.103534
10.010305
9.744206
9.071135
8.024248
6.283489
4.310859
2.526049
2.007671
2.576518
3.210969
3.811862
4.384470
4.572796
4.745266
4.856902
4.988520
5.125015
5.263446
5.418506
5.586067
5.745996
5.929305
6.116769
6.295442
6.456256
6.679308
6.800574
6.797087
6.608094
6.358212
6.096176
5.818144
5.544299
5.293791
5.014384
4.651059
4.420178
4.373476
4.507323
4.865118
5.144792
5.523916
5.579794
5.322754
4.887008
4.452473
4.061769
3.701787
3.448281
3.242047
3.142742
3.164006
3.303195
3.478050
3.730193
4.162972
4.710587
5.390979
6.155133
7.087906
8.161612
9.447197
10.912027
12.374055
13.844375
15.188483
16.526160
17.587867
18.659868
19.681138
20.586861
21.342372
22.195879
22.965024
23.571055
24.288287
24.977935
25.733942
26.444489
27.045422
27.574342
28.038451
28.352514
28.676663
28.900120
29.164256
29.370717
29.580952
29.737192
29.920961
30.010357
30.363317
30.828039
31.190845
31.706395
32.190776
32.630081
32.988268
33.304987
33.628158
33.898665
34.196102
34.554836
34.901394
35.235855
35.620000
35.970316
36.501476
37.005290
37.222912
37.086735
36.725336
36.391448
35.825866
35.406802
34.963259
34.648437
34.212189
33.701209
33.277745
32.850501
32.521078
32.220323
31.876764
31.642298
31.440236
31.236118
31.080769
30.806299
30.463629
30.055430
29.678955
29.337278
29.060505
28.831193
28.548702
28.306667
28.090427
27.805775
27.686921
27.499003
27.162034
26.715009
26.190551
25.477988
24.481846
23.322553
22.194292
21.238033
20.254537
19.437151
18.771031
18.241286
17.765152
17.374040
17.054645
16.673749
16.306186
15.820648
15.294625
14.974657
14.709810
14.705108
15.007535
15.575466
16.135501
16.691926
17.169264
17.650918
18.230270
18.679678
19.223595
19.708866
20.243797
20.816863
21.475028
22.135886
22.813297
23.614926
24.314724
25.001509
25.538698
26.022993
26.397291
26.740798
27.031307
27.273097
27.538174
28.085855
28.582399
28.919794
29.169407
29.532442
29.788238
29.908074
30.025392
29.956284
29.928593
30.004817
30.173561
30.366311
30.612543
30.878470
31.285286
31.522187
31.788871
32.007460
32.204172
32.455074
32.701137
33.107825
33.535238
33.920756
34.384373
34.914253
35.394039
35.868297
36.084590
36.054421
35.947813
35.701133
35.405779
35.178839
34.897158
34.762336
34.515146
34.226651
33.948086
33.599193
33.134184
32.550922
31.996461
31.478279
30.864729
30.506802
30.197081
29.835665
29.544828
29.350639
29.273030
29.105770
28.986895
28.933635
28.903247
28.961241
29.184984
29.339627
29.347544
29.267056
29.041212
28.528174
27.997586
27.498870
27.030903
26.560915
26.127709
25.749571
25.139188
24.480849
23.959295
23.209592
22.351505
21.637542
20.875922
20.117731
19.349272
18.644387
18.012543
17.474428
17.006765
16.653830
16.351035
16.039542
15.763804
15.368955
14.957642
14.473675
14.102767
14.037854
14.270102
14.642079
15.150252
15.707014
16.180756
16.814744
17.475938
