1.961654 1.964456
2.012898 1.980266
2.109707 1.984634
2.138092 1.879399
2.218700 1.787372
2.378829 1.765137
2.470936 1.818081
2.702895 1.893882
2.886676 2.062000
3.232079 2.315228
3.576850 2.604804
3.970384 2.921651
4.313063 3.238945
4.681126 3.568631
5.053283 3.911630
5.400594 4.219494
5.624778 4.132307
5.752025 4.006782
5.626003 3.684377
5.312785 3.302847
4.996874 3.049088
4.684406 2.688660
4.411917 2.441670
4.225726 2.392752
4.101079 2.463605
4.004577 2.555455
3.936043 2.623328
4.015125 2.722549
4.128352 2.917060
4.234638 3.157808
4.356046 3.437482
4.340498 3.595910
4.352181 3.853158
4.221597 4.018756
4.097309 3.988727
3.961231 3.899378
3.948840 3.882643
3.765688 3.653255
3.353865 3.487907
3.056807 3.268640
2.748582 2.881192
2.431733 2.489986
2.293215 2.142889
2.209433 1.955450
2.282664 1.995464
2.491309 2.180030
2.718968 2.395020
3.019909 2.654665
3.279190 2.832523
3.588446 3.015116
3.854789 3.059624
4.049242 3.086220
4.148668 3.117393
4.370026 3.087928
4.546391 3.183182
4.724339 3.159125
4.804048 3.213164
4.864141 3.033426
4.764013 2.812489
4.596352 2.620829
4.269333 2.449918
4.129257 2.368933
3.956337 2.326606
3.847385 2.247477
3.838149 2.336867
3.850536 2.415906
3.677827 2.425519
3.678205 2.435807
3.671753 2.480035
3.732812 2.656289
3.633922 2.857055
3.611236 2.908605
3.416443 2.880932
3.228310 2.831040
3.043251 2.591104
2.851847 2.504465
2.649273 2.232477
2.475985 2.123650
2.433566 2.204044
2.411617 2.162712
2.546127 2.383122
2.689097 2.566948
2.669124 2.727727
2.867787 2.759717
3.059777 2.682078
3.147945 2.744249
3.164458 2.631312
3.318705 2.413618
3.566487 2.347445
3.654617 2.376191
3.821591 2.404731
3.887619 2.376569
3.999550 2.430399
4.064836 2.326220
4.228978 2.394570
4.288009 2.389653
4.293392 2.426134
4.305507 2.502612
4.330582 2.533059
4.287856 2.571935
4.187924 2.495750
3.920899 2.287752
3.733962 2.088261
3.622379 1.888351
3.482100 1.907012
3.378908 1.944717
3.347869 2.067491
3.393465 2.150457
3.502274 2.217361
3.469451 2.250583
3.495266 2.239111
3.281999 2.084578
3.131732 1.767587
2.879365 1.598004
2.780828 1.461542
2.696429 1.543966
2.682020 1.717269
2.700343 1.975217
2.785405 2.177749
2.975811 2.267782
3.187666 2.289747
3.327589 2.265898
3.446608 2.346021
3.624733 2.329948
3.867402 2.401304
4.124421 2.435967
4.219060 2.327508
4.099089 2.246288
3.876500 2.033823
3.441009 1.809353
2.922780 1.604093
2.737208 1.555639
2.466941 1.607725
2.319088 1.645866
2.222415 1.648813
2.210404 1.713797
2.236814 1.735999
2.447196 1.905005
2.737086 2.040853
3.009976 2.121048
3.312810 2.218256
3.565667 2.263914
3.834008 2.350534
3.954934 2.430878
3.982370 2.339136
3.881529 2.284789
3.563106 2.014822
3.234579 1.727770
2.916426 1.543139
2.707698 1.497792
2.545405 1.558001
2.349802 1.587858
2.263634 1.696063
2.355941 1.754618
2.421973 1.862215
2.486572 1.972463
2.558769 2.089126
2.667175 2.148654
2.916634 2.161618
3.118977 2.207059
3.345655 2.319330
3.433145 2.333434
3.427206 2.160509
3.181178 1.954974
2.761238 1.692511
2.413601 1.492704
2.160109 1.468696
2.002616 1.547069
1.896134 1.636331
1.915438 1.707965
2.046596 1.858231
2.246692 1.925233
2.538091 1.960735
2.858372 2.033295
3.192754 2.143401
3.558653 2.250270
3.857405 2.342485
3.927501 2.332027
3.860996 2.311878
3.570013 2.172681
3.296092 2.010774
3.072000 1.866224
2.913064 1.695171
2.681131 1.774810
2.592546 1.868067
2.507358 1.953780
2.411753 2.025099
2.344154 2.084750
2.454840 2.143467
2.614485 2.126204
2.776792 2.204416
2.901878 2.252683
3.142278 2.223219
3.364292 2.340687
3.629672 2.343222
3.881263 2.505764
4.048106 2.650142
4.155442 2.695841
4.202521 2.748166
4.181600 2.633979
4.141743 2.648627
4.193109 2.733139
4.376993 2.977092
4.559500 3.298238
4.790975 3.615696
4.947503 3.943333
4.961424 4.249432
4.842490 4.437583
4.745901 4.647413
4.920129 5.034617
5.258970 5.769534
5.702277 6.666824
6.184106 7.809757
6.662722 8.925589
7.144657 9.917689
7.432860 10.782976
7.900730 11.400648
8.216313 11.935054
8.515814 12.390454
8.661615 12.861494
8.724858 13.266941
8.736148 13.573733
7.939627 14.233296
7.428148 14.518533
7.015001 14.673012
6.418256 14.748813
6.254207 14.617332
6.222351 14.774984
6.397065 14.781822
6.455745 14.799826
6.679813 14.894181
6.889134 15.118734
7.109302 15.279584
7.364762 15.532358
7.601858 15.753273
7.882161 16.059764
8.085111 16.267666
8.348284 16.498600
8.549795 16.863790
8.788267 17.236438
9.029678 17.541732
9.245381 17.704489
9.429218 17.830801
9.585687 17.795958
9.592304 17.620703
9.487788 17.214245
9.300147 16.670304
8.820684 15.954773
8.554301 15.435297
8.249275 14.973714
7.862045 14.602102
7.506712 14.019509
6.928855 13.473287
6.664653 13.059152
6.523985 12.910672
6.528672 12.779692
6.699687 13.112898
6.973955 13.931585
7.329060 14.815574
7.493142 15.528200
7.603494 16.187377
7.564349 16.592597
7.531089 16.776562
7.254753 16.716711
6.740240 16.340244
6.420542 16.003078
5.798467 15.739300
5.243803 15.737209
4.833494 15.726296
4.553895 15.761706
4.585810 15.528151
4.315946 14.976865
4.468291 14.476287
4.578060 14.177598
4.697082 13.985161
4.949537 13.847044
5.217435 13.782327
5.407392 13.861328
5.648806 14.019956
5.944713 14.050934
6.184486 14.455985
6.305415 14.496938
6.490750 14.576426
6.745614 14.712922
6.958906 14.924143
7.108610 14.949492
7.449899 14.751397
7.728998 14.071346
7.444482 12.698532
6.631133 10.292831
5.118201 8.037633
3.847787 5.490663
2.862575 3.623488
2.563972 2.111769
2.440122 1.443008
2.322090 1.250352
2.219782 1.139877
2.074585 1.140581
1.967315 1.179001
1.846435 1.217280
1.847261 1.339350
1.913114 1.451008
2.057647 1.624174
2.258561 1.732303
2.410732 1.903297
2.659475 2.126961
2.950760 2.386094
3.147388 2.539696
3.152811 2.652927
3.013434 2.377651
2.884675 2.156980
2.758747 1.959410
2.742682 1.955600
2.921367 2.109512
3.231804 2.355539
3.521930 2.545979
3.639215 2.900336
3.766877 3.414860
3.885029 3.597111
3.854581 3.304086
3.810521 2.910684
3.717710 2.436664
3.790388 2.010999
3.673728 1.901267
3.386616 1.295719
3.077962 1.310693
2.883589 1.356105
2.683984 1.477265
2.736481 1.525378
2.769749 1.441571
2.826925 1.469280
2.832540 1.527764
2.879139 1.585965
2.981677 1.685346
3.043496 1.926916
3.277320 2.260371
3.629900 2.700300
4.001288 3.239169
4.316186 3.838422
4.659983 4.444891
4.868526 5.070444
5.118132 5.687973
5.211610 6.330646
5.311142 6.961476
5.427985 7.433085
5.572484 7.805367
5.544266 8.099228
5.403244 8.088222
5.139530 7.555964
4.821879 6.812414
4.229809 6.068983
3.514535 4.742536
2.975594 3.051883
2.433146 2.462897
2.040143 1.710986
1.746789 1.035084
1.749750 1.073169
1.842878 1.198984
1.897698 1.256228
2.026895 1.408130
2.171504 1.517043
2.493722 1.510609
2.841417 1.616070
3.045386 1.676787
3.292177 1.616144
3.468598 1.616984
3.564914 1.520197
3.488546 1.476118
3.267782 1.353123
3.041854 1.290505
2.875295 1.220857
2.766907 1.170766
2.620481 1.176327
2.518261 1.187973
2.515139 1.263234
2.565786 1.336296
2.526967 1.443527
2.521939 1.511539
2.406452 1.534211
2.134327 1.530410
2.061547 1.541346
2.107464 1.456600
2.142956 1.544862
2.335528 1.680936
2.609387 1.842627
2.825741 2.021747
3.089568 2.323091
3.349508 2.735863
3.632663 3.225554
3.915795 3.733536
4.267779 4.198025
4.408192 4.692241
4.612706 5.144691
4.683456 5.616255
4.809055 6.089004
5.015408 6.487909
5.176732 6.913533
5.427459 7.307061
5.799234 7.887766
6.105965 8.501996
6.208832 8.623286
5.545782 7.863278
4.512102 6.017724
3.525774 4.378966
3.059216 3.065101
2.643827 2.332699
2.640028 1.760417
2.585856 1.205700
2.577574 1.211976
2.532823 1.156949
2.535977 1.175022
2.415383 1.099582
2.295001 1.146706
2.081588 1.150297
1.883981 1.124283
1.695076 1.035768
1.714047 1.031020
1.832951 1.168674
2.045834 1.442983
2.315486 1.722176
2.501375 1.708096
