2.115036 2.099483
2.154006 2.104005
2.251525 2.118452
2.402883 2.201342
2.591612 2.248920
2.836116 2.357145
3.078407 2.502735
3.345761 2.681210
3.630718 2.902329
3.946874 3.125442
4.133415 3.088179
4.249748 2.968344
4.352295 2.954516
4.483411 3.069443
4.714683 3.137783
4.959577 3.225513
5.198771 3.330089
5.420362 3.500625
5.513645 3.581308
5.473466 3.539712
5.191176 3.390676
4.786528 3.179838
4.416794 3.002598
4.129434 2.927522
3.835778 2.837547
3.675171 2.748816
3.344592 2.724598
3.074172 2.705791
2.968928 2.603467
2.821784 2.662796
2.570047 2.670135
2.560525 2.606230
2.414639 2.552515
2.318378 2.506134
2.264334 2.410679
2.256811 2.278224
2.419405 2.147263
2.547583 2.096018
2.540735 1.919374
2.370825 1.831881
2.109762 1.689438
1.921890 1.469103
1.750553 1.399088
1.694641 1.440803
1.720466 1.543372
1.839792 1.580698
2.002584 1.682521
2.201613 1.752919
2.360121 1.941512
2.556137 2.078464
2.727819 2.115131
2.779070 2.203092
2.990847 2.237027
3.193607 2.346084
3.374805 2.465426
3.399051 2.369689
3.496002 2.551693
3.520820 2.602260
3.457437 2.549732
3.182862 2.389068
2.973050 2.289425
2.842984 2.178234
2.834075 2.249676
2.791066 2.282243
2.855405 2.382823
2.844718 2.519138
2.818125 2.573095
2.772749 2.626808
2.646476 2.642786
2.486508 2.330084
2.269685 2.255067
2.295814 1.989840
2.070243 1.731688
2.084546 1.657593
2.038033 1.543151
2.004657 1.309498
2.077980 1.323490
2.207907 1.443311
2.451775 1.569319
2.768793 1.641289
3.066164 1.735097
3.416062 1.808259
3.773045 1.893416
4.139231 2.058144
4.519017 2.289124
4.739647 2.424876
5.050314 2.545687
5.294073 2.705466
5.587064 2.783996
5.860935 2.918546
6.097968 3.097051
6.448401 3.202672
6.758265 3.345041
7.058993 3.409832
7.374720 3.576247
7.646077 3.724226
7.925448 3.761294
8.218361 3.939686
8.441847 4.053989
8.689217 4.002940
8.750391 4.012521
8.645701 3.974326
8.495253 3.927657
8.446693 3.985158
8.417745 4.115324
8.453961 4.265703
8.468506 4.407123
8.528581 4.507516
8.622430 4.727904
8.703815 4.936771
8.819790 5.067342
8.880738 5.039886
8.890837 4.932548
8.839615 4.777662
8.816229 4.711745
8.819103 4.627977
8.807972 4.613728
8.802734 4.612541
8.856172 4.693700
8.959341 4.819041
9.047099 4.926600
9.135746 5.124043
9.276412 5.182303
9.412426 5.340156
9.548708 5.570335
9.669320 5.815134
9.764363 5.951420
9.814354 6.038417
9.904109 5.973212
9.837093 5.883042
9.778425 5.745828
9.687130 5.687761
9.638757 5.614198
9.617647 5.648784
9.610663 5.729120
9.634639 5.826016
9.737132 5.910746
9.796168 6.065926
9.879394 6.206578
10.029352 6.382235
10.155618 6.529570
10.312811 6.660563
10.508722 6.811463
10.683741 7.035650
10.802303 7.157806
10.823722 7.252071
10.771098 7.221035
10.689179 7.111893
10.627304 6.975482
10.566455 6.893009
10.585721 6.811687
10.667184 6.797986
10.701485 6.815864
10.766596 6.893497
10.901012 6.898424
11.097113 6.888733
11.220241 6.952565
11.341072 6.965779
11.456098 7.036453
11.609464 7.089730
11.770007 7.246986
11.893807 7.340276
12.015332 7.354352
11.997394 7.306404
11.927320 7.204767
11.927701 7.008008
11.925622 6.926960
11.877125 6.904335
11.873397 6.916340
11.894671 6.946288
11.941732 7.028939
12.080216 7.092219
12.274752 7.193379
12.368350 7.323562
12.536867 7.468993
12.709164 7.670562
12.848269 7.849075
12.968833 7.956660
13.010384 8.010949
12.976203 7.995800
12.938615 7.978145
12.897547 8.003860
12.866222 8.053167
12.893315 8.111675
12.975303 8.155598
13.031545 8.255021
13.114987 8.322161
13.149520 8.459933
13.267900 8.515657
13.368108 8.657868
13.434884 8.810350
13.533528 8.936609
13.635171 9.108766
13.816807 9.251273
14.055772 9.346935
14.193156 9.478765
14.280894 9.603624
14.391110 9.752053
14.510161 9.949854
14.588817 10.076209
14.683423 10.036009
14.767219 10.253096
14.910945 10.347135
15.032260 10.476250
15.304490 10.623722
15.386158 10.735174
15.491113 10.883205
15.665976 11.059251
15.770757 11.244019
15.869636 11.416377
16.007925 11.503071
16.267570 11.392053
16.649633 11.504163
16.809794 11.630350
17.053264 11.697771
17.182717 11.848231
17.296658 12.009010
17.438957 12.033891
17.570911 12.174991
17.684214 12.355645
17.811347 12.532951
17.982494 12.668571
18.068099 12.799543
18.156140 12.978323
18.325758 13.019434
18.545406 13.117173
18.746928 13.278200
18.926220 13.402671
19.099858 13.433477
19.224088 13.619056
19.343827 13.740410
19.457541 13.883598
19.619588 14.015724
19.736052 14.159365
20.031153 14.348099
20.218541 14.434686
20.344119 14.579346
20.470675 14.704012
20.622201 14.842539
20.770305 14.969580
20.931618 15.137462
21.052323 15.282716
21.215536 15.406661
21.295788 15.502715
21.379553 15.570160
21.378979 15.568460
21.330134 15.512913
21.242571 15.411439
21.243573 15.276816
21.188147 15.239608
21.145386 15.216299
21.105824 15.198765
21.072638 15.200980
21.028996 15.207817
21.014424 15.209333
20.988403 15.241853
21.008399 15.269292
20.996852 15.331168
21.041372 15.402842
21.043304 15.470687
21.100042 15.672822
21.312316 15.760771
21.310075 15.848998
21.448690 15.729382
21.499813 15.833981
21.538660 15.917917
21.596377 15.997526
21.642696 16.066506
21.690146 16.164645
21.754364 16.291505
21.843618 16.413059
22.076290 16.479313
22.162113 16.582925
22.251257 16.694464
22.336958 16.799972
22.394732 16.889799
22.472358 16.990429
22.547031 17.181799
22.679467 17.209674
22.759237 17.299643
22.836844 17.383853
22.919331 17.482759
22.974472 17.573264
23.065940 17.638412
23.185072 17.685606
23.314203 17.706155
23.453526 17.772768
23.552766 17.889849
23.670059 17.984468
23.779387 18.020660
23.947681 18.126530
24.121868 18.210725
24.340069 18.296044
24.505588 18.283299
24.660888 18.326573
24.783753 18.336510
24.796991 18.380786
24.789548 18.392946
24.756190 18.347523
24.737920 18.225322
24.717354 18.247834
24.690930 18.224698
24.684334 18.232350
24.677897 18.249418
24.674584 18.269201
24.701847 18.270457
24.704255 18.318876
24.701054 18.348917
24.698636 18.400109
24.678649 18.450601
24.643418 18.508051
24.636420 18.582805
24.626923 18.650060
24.619854 18.769780
24.655065 18.899657
24.928299 18.873750
24.980844 18.864347
25.010014 18.927917
25.075440 19.018531
25.110311 19.112309
25.142130 19.207339
25.159851 19.223296
25.143386 19.286507
25.181951 19.371147
25.326896 19.379957
25.414155 19.435217
25.449786 19.464661
25.513806 19.586409
25.589670 19.702765
25.634534 19.810939
25.684593 19.956818
25.689001 20.064233
25.682449 20.173279
25.719379 20.292360
25.727672 20.394885
25.824907 20.464365
25.998350 20.482489
26.098052 20.576711
26.169641 20.650338
26.264879 20.758890
26.401862 20.863475
26.483236 20.993946
26.563742 21.067985
26.697302 21.112138
26.772274 21.205414
26.912944 21.274630
26.960094 21.352582
27.057017 21.448905
27.203829 21.471554
27.285963 21.555773
27.374777 21.611317
27.431362 21.669452
27.437707 21.691780
27.399135 21.667530
27.354425 21.625191
27.296862 21.569924
27.256389 21.503158
27.236380 21.474366
27.280801 21.329222
27.272760 21.295491
27.287664 21.273319
27.322463 21.256065
27.349809 21.278006
27.414049 21.284339
27.457617 21.299380
27.717778 21.229834
27.806904 21.299312
27.973900 21.270582
28.134596 21.236524
28.234284 21.248246
28.316926 21.288787
28.390466 21.331674
28.457874 21.382118
28.523980 21.410598
28.588312 21.463782
28.651802 21.508138
28.746387 21.518262
28.774542 21.567811
28.859983 21.555494
28.873980 21.555506
28.916953 21.400504
28.860837 21.448929
28.834472 21.520294
28.928841 21.516736
28.997555 21.609421
29.024346 21.656208
29.061553 21.698184
29.107868 21.774677
29.132709 21.859774
29.169259 21.969844
29.208852 22.079966
29.346505 22.239983
29.408086 22.321982
29.478300 22.429269
29.588330 22.508868
29.621695 22.592790
29.714399 22.694552
29.759064 22.768663
29.825829 22.864097
29.920781 22.947920
30.007043 23.031110
30.093990 23.141181
30.173620 23.248777
30.246433 23.327261
30.542469 23.405261
30.606155 23.497986
30.757419 23.685113
30.831759 23.793231
30.938484 23.889794
31.036110 23.987589
31.145859 24.071041
31.289599 24.090731
31.322210 24.109787
31.274295 24.095714
31.190713 24.036586
31.145281 23.958170
31.092554 23.881849
31.062360 23.827864
31.040149 23.829855
31.083022 23.890924
31.036155 23.877707
