1.961654 1.964456
2.012898 1.980266
2.109707 1.984634
2.004086 1.783853
1.995358 1.562353
1.993066 1.521078
1.986538 1.516236
1.894915 1.518129
1.945170 1.572365
2.126007 1.723052
2.273649 1.889248
2.484783 2.120124
2.683994 2.330253
3.008934 2.574520
3.240311 2.883592
3.474268 3.165229
3.648477 3.467214
3.806799 3.607489
3.828116 3.596964
3.698144 3.394336
3.520148 3.180039
3.318975 2.963492
3.192443 2.790588
3.026286 2.685688
3.026879 2.627381
2.857935 2.552932
2.678739 2.442474
2.462116 2.136024
2.174430 1.944140
1.923262 1.929855
1.941612 1.863380
1.949905 1.937639
1.969958 2.021172
2.099370 2.005761
2.240159 2.090426
2.368035 2.228653
2.651958 2.411885
2.851319 2.618939
2.920293 2.770022
2.835620 2.761998
2.607772 2.542628
2.289637 2.225782
2.005158 1.932701
1.766417 1.767737
1.667931 1.647743
1.749411 1.657356
1.808874 1.751040
1.965302 1.979325
2.152248 2.195575
2.405681 2.496569
2.746503 2.909768
3.094599 3.315134
3.447358 3.758705
3.798493 4.135751
4.095435 4.430790
4.427534 4.716017
4.583972 4.875905
4.682386 4.829761
4.595602 4.729982
4.412393 4.537653
4.282138 4.275450
4.186364 4.218715
4.134978 4.213265
4.192360 4.261368
4.220518 4.292091
4.216882 4.272546
4.062883 3.962102
3.862984 3.603952
3.519324 3.299630
2.988910 2.794309
2.741701 2.426188
2.484232 2.259978
2.522922 2.250322
2.625609 2.379519
2.832203 2.542645
3.061050 2.775935
3.407824 2.986010
3.723165 3.288220
4.062933 3.584206
4.380155 3.907030
4.707043 4.178730
5.032332 4.451952
5.385826 4.586836
5.714787 4.767840
5.948203 4.894083
6.092882 5.024611
6.205050 5.041128
6.232482 5.192481
6.103871 5.154573
5.917092 5.146467
5.805961 5.273574
5.719027 5.336467
5.886748 5.543503
6.192438 5.860432
6.683125 6.232870
7.003687 6.672065
7.535852 7.282477
7.951428 7.761758
8.436106 8.234225
8.848895 8.702564
9.092018 8.968566
9.176195 8.963771
9.144206 8.898369
9.106861 8.841331
9.094369 8.806044
8.937038 8.564824
8.910104 8.403146
8.917792 8.179610
8.918250 8.119243
8.709324 7.934029
8.692682 7.679420
8.644808 7.603482
8.508822 7.477115
8.355781 7.282483
8.194380 6.957858
8.208924 7.018582
8.350547 7.080591
8.579714 7.178596
8.888032 7.489481
9.324471 7.762550
9.731413 8.162202
9.844639 8.065485
9.906609 8.018352
9.986322 7.947705
9.901947 7.737432
9.738917 7.279651
9.329936 7.061786
9.083569 7.059155
8.786488 6.426130
8.390112 6.290462
8.088466 6.089619
7.822746 5.484291
6.813747 5.159190
5.914376 4.717244
5.294298 4.362997
4.874413 3.593434
4.952612 3.724779
5.125208 3.986908
5.387870 4.322182
5.697250 4.723416
6.031734 5.115427
6.381663 5.825753
6.561638 6.174161
6.606639 6.505281
6.490872 6.492323
6.131288 6.316471
5.644039 5.813090
5.096668 5.084765
4.707590 4.511659
4.579572 4.111365
4.200475 3.874259
4.299029 3.941140
4.531130 3.995349
4.824522 4.333519
5.259574 4.388595
5.292280 4.335688
5.438968 4.173823
5.429796 3.733660
5.244283 3.547045
4.889051 2.974604
4.767056 2.660971
4.507636 2.602765
4.516061 2.596146
4.301558 2.394867
3.964135 2.224874
3.596847 2.050301
3.364220 2.134628
3.179731 2.215388
3.053631 2.309194
3.071201 2.539721
3.118034 2.827554
3.267186 3.107769
3.549353 3.453573
3.768352 3.812312
3.973182 4.066194
4.110909 4.127269
3.914859 4.117714
3.838105 3.724574
3.661529 3.267389
3.392471 2.963891
3.239806 2.788574
3.172892 2.694003
3.226842 2.747503
3.247811 2.790673
3.376681 2.872333
3.531275 3.012554
3.697499 3.106050
3.877880 3.061993
4.063181 2.786129
3.897642 2.379790
3.690167 2.240351
3.446577 1.757914
3.578805 1.826030
3.450949 1.856926
3.508846 1.789926
3.433815 1.870573
3.395918 1.815361
3.540634 1.789788
3.608224 1.700597
3.575950 1.707797
3.556783 1.809356
3.555452 1.960847
3.556845 2.060134
3.503868 2.131123
3.600081 2.298457
3.714486 2.425808
3.832226 2.633750
3.958379 2.821725
4.123304 3.045995
4.350307 3.295183
4.569637 3.573221
4.764953 3.906221
4.869305 4.217437
4.943507 4.527622
4.756184 4.644182
4.389628 4.520977
3.981800 4.103719
3.606862 3.529756
3.485610 3.347094
3.149809 2.745048
2.883129 2.314106
2.786683 1.837820
2.728395 1.882887
2.554918 1.514424
2.461320 1.506303
2.459290 1.463609
2.371280 1.473199
2.204094 1.425549
2.217214 1.398076
2.160969 1.444981
2.243240 1.526823
2.360236 1.613718
2.468810 1.740570
2.705462 1.899089
2.896312 2.183234
3.135775 2.505674
3.415129 2.855943
3.696631 3.236571
3.915998 3.506945
4.090864 3.796846
4.286670 4.037895
4.420876 4.139795
4.574251 4.261268
4.643710 4.319297
4.504957 4.209975
4.195752 3.777696
3.774483 3.248414
3.284416 2.698836
2.833057 2.346207
2.469578 2.101518
2.302387 1.947873
2.179866 1.802402
2.183726 1.767605
2.217473 1.748319
2.259688 1.754239
2.352294 1.807980
2.459170 1.953219
2.587610 2.176117
2.783762 2.296194
2.948201 2.398261
3.081123 2.585038
3.261510 2.803715
3.545187 3.054501
3.774945 3.360061
3.989178 3.667963
4.257460 3.919586
4.536149 4.137937
4.819817 4.389269
5.100339 4.561576
5.243222 4.752808
5.541587 4.928549
5.709143 5.205561
5.950999 5.445150
6.226526 5.624330
6.514669 5.822853
6.846274 6.080725
7.148930 6.404255
7.450103 6.794927
7.656674 7.152430
7.710763 7.451748
7.610388 7.499518
7.309679 7.227149
6.748748 6.860345
6.182264 6.155875
5.569829 5.509518
5.107578 4.379305
4.526019 3.229702
4.173059 2.458918
3.689547 2.022377
3.440171 1.603444
3.403428 1.710290
3.287003 1.738809
3.217930 1.760015
3.221114 1.670591
3.305245 1.788463
3.487364 1.749067
3.434444 1.631357
3.178096 1.427155
2.807985 1.222041
2.478977 1.103117
2.266125 1.155405
1.860626 1.173393
1.639358 1.268940
1.712895 1.333487
1.924222 1.375540
2.164223 1.489632
2.472098 1.699456
2.840994 1.951653
3.166398 2.239045
3.490075 2.580915
3.702865 2.953504
3.959954 3.331243
4.222354 3.638842
4.487833 3.882856
4.729697 4.216587
4.862519 4.565997
4.865118 4.782210
4.880576 4.972902
4.703187 5.026935
4.290142 4.682694
3.814905 4.219905
3.302798 3.393431
2.999573 2.907150
2.491522 1.979482
2.330967 1.782304
2.260874 1.836627
2.148959 1.381865
2.137782 1.363681
2.132442 1.300282
2.034406 1.315659
2.067987 1.322485
2.072160 1.264590
2.060507 1.290892
2.138960 1.382487
2.158593 1.478017
2.304757 1.598280
2.444077 1.744896
2.496865 1.888483
2.671494 2.038013
2.866455 2.259960
3.015379 2.466049
3.030459 2.766458
3.123143 3.023809
3.333106 3.215365
3.393656 3.409867
3.314242 3.469460
3.290129 3.472302
3.230191 3.329494
3.163101 3.194609
3.201064 2.900240
3.008374 2.760745
2.749973 2.444236
2.397139 2.129654
2.123524 1.809848
1.862797 1.666702
1.654757 1.524681
1.650884 1.592103
1.777736 1.727388
1.970112 1.879916
2.222809 2.058376
2.428612 2.230904
2.696049 2.418433
2.871074 2.602779
2.917684 2.701430
2.862666 2.783609
2.842273 2.654737
2.854141 2.493356
2.914294 2.371990
2.841285 2.259454
2.748573 2.048227
2.675019 1.917371
2.619994 1.901966
2.583867 2.020028
2.628104 1.975606
2.690764 1.985792
2.751843 2.075987
2.796247 2.215191
2.846288 2.328563
2.726315 2.394048
2.528413 2.408952
2.468680 2.461660
2.561020 2.699657
2.826363 3.067865
3.180757 3.640703
3.546506 4.192809
3.864081 4.508275
4.112485 4.865089
4.396266 5.341686
4.776455 5.794744
5.105689 6.277924
5.375298 6.770740
5.585611 7.217498
5.644503 7.581900
5.610780 7.784918
5.564563 7.600280
5.515095 7.017527
5.480531 6.685276
5.259940 6.179290
5.004971 5.572749
4.974421 4.568894
4.845738 3.615173
4.671980 2.769955
4.357637 2.537382
4.007067 2.274023
3.564246 1.556472
3.052181 1.468120
2.576215 1.340944
2.412730 1.282742
2.244541 1.285839
2.245501 1.377849
2.409213 1.554062
2.494336 1.601606
2.373492 1.562530
2.149348 1.380976
1.817096 1.145585
1.527167 1.044671
1.416573 1.037202
1.504132 1.140898
1.625604 1.380158
1.860455 1.704652
2.185947 2.151235
