0.110163
0.217246
0.267297
0.259069
0.203031
0.130160
0.010313
0.170332
0.309595
0.529559
0.772659
1.046032
1.332276
1.645273
1.956819
2.294418
2.655207
2.922970
3.074136
3.029152
2.794534
2.377159
1.991861
1.673998
1.404845
1.246761
1.213722
1.339946
1.600052
1.933078
2.321131
2.709613
3.111675
3.538829
3.951650
4.398690
4.849211
5.207664
5.447230
5.456595
5.208370
4.779924
4.344697
3.922616
3.492648
3.104888
2.762514
2.498101
2.311231
2.227271
2.290297
2.462449
2.736812
3.080170
3.459557
3.863187
4.265920
4.607610
4.703515
4.557941
4.224954
3.892827
3.652248
3.412355
3.259259
3.193911
3.210454
3.307535
3.462200
3.697491
3.985984
4.320358
4.645500
4.978724
5.321519
5.671355
6.041370
6.392329
6.758560
7.178416
7.595879
8.022971
8.456527
8.891271
9.356240
9.625615
9.815346
10.017733
10.237876
10.500805
10.785117
11.064462
11.364776
11.665014
12.000604
12.348610
12.718339
13.100244
13.489287
13.856019
14.228918
14.399045
14.399109
14.424306
14.479392
14.538243
14.592687
14.693466
14.772376
15.002694
15.394292
15.751478
15.847793
15.770522
15.693550
15.655745
15.632654
15.648129
15.663319
15.694063
15.745358
15.814825
15.904239
16.004683
16.112772
16.227754
16.179837
15.837661
15.434061
15.170747
15.074871
14.973827
14.903259
14.848122
14.799063
14.783893
14.776109
14.774962
14.781980
14.831075
14.903560
15.013319
15.122123
15.220788
15.190723
14.883468
14.520004
14.280836
14.169333
14.086088
14.033144
13.996918
13.984202
13.941358
13.944082
13.933069
13.947762
13.957787
13.998712
14.056068
14.120242
14.049382
13.750698
13.363699
13.128879
13.050583
13.006117
12.955868
12.905430
12.860408
12.856411
12.859507
12.910992
12.943878
13.004506
13.079886
13.204172
13.403745
13.745892
14.043494
14.277374
14.526079
14.809630
15.111247
15.420582
15.731003
16.026295
16.351057
16.687352
17.024689
17.388543
17.761487
18.106438
18.413096
18.761161
19.099043
19.447161
19.769564
20.067432
20.368542
20.803565
21.230515
21.674091
22.090849
22.518247
22.941627
23.381050
23.848147
24.308802
24.771294
25.230174
25.670626
26.102607
26.542012
26.994169
27.443098
27.891430
28.373529
28.882050
29.369500
29.872992
30.343170
30.811006
31.298124
31.779912
32.286403
32.778226
33.290780
33.806028
34.350071
34.887022
35.435845
35.975148
36.493794
37.030637
37.566378
38.108500
38.626232
39.147673
39.660769
40.176290
40.720577
41.262111
41.669762
41.903008
41.813404
41.465819
40.923944
40.400597
39.890925
39.382791
38.881336
38.386902
37.898996
37.393324
36.878980
36.381080
35.893221
35.392756
34.887755
34.399878
33.915636
33.449109
32.965688
32.507143
32.040473
31.576663
31.118548
30.668237
30.179754
29.690565
29.214944
28.755209
28.268358
27.779630
27.276538
26.805543
26.325039
25.873433
25.390453
24.910658
24.447831
23.990083
23.560417
23.110140
22.655079
22.216002
21.746105
21.274393
20.802159
20.317785
19.836355
19.352603
18.860471
18.362749
17.960391
17.677176
17.708592
18.030501
18.541680
19.066932
19.628067
20.165878
20.706984
21.229241
21.714554
22.225826
22.683185
23.138247
23.596892
24.042609
24.498598
24.953608
25.402965
25.869416
26.340640
26.682989
26.968323
27.283026
27.588060
27.907797
28.232852
28.582144
29.085991
29.586656
30.113193
30.644024
31.143779
31.640516
32.142667
32.629046
33.008888
33.357171
33.736628
34.130578
34.547946
34.956808
35.384498
35.813556
36.227169
36.668959
37.118893
37.547236
37.968388
38.335211
38.831998
39.299106
39.761502
40.226861
40.702959
41.187631
41.518483
41.612814
41.420772
41.066795
40.586973
40.092929
39.596319
39.096737
38.593838
38.104919
37.591956
37.076402
36.654854
36.220415
35.786154
35.336097
34.907551
34.499758
34.097529
33.677364
33.299066
32.905809
32.528672
32.021421
31.498286
30.984989
30.484578
30.119637
29.961931
29.988427
30.002909
30.031060
30.079215
29.980273
29.607489
29.094731
28.566732
28.033362
27.506466
26.957420
26.446569
25.932947
25.418760
24.925530
24.436124
23.932532
23.441673
22.945730
22.451722
21.986468
21.498954
21.003204
20.511334
20.023745
19.545990
19.075007
18.598787
18.106319
17.617669
17.150927
16.776118
16.534179
16.583747
16.899104
17.263537
17.673291
18.096683
18.496746
18.912967
19.338724
