0.086974
0.107708
0.100916
0.150856
0.123276
0.014975
0.050555
0.171818
0.443821
0.751543
0.972274
1.256183
1.515859
1.744785
2.027665
2.234619
2.391285
2.594729
2.543922
2.286079
2.035075
1.603940
1.076634
0.656335
0.383802
0.296828
0.348130
0.464527
0.615683
0.582692
0.518977
0.453417
0.274252
0.085842
0.290979
0.674962
1.157650
1.548005
1.851398
1.885023
1.666955
1.373029
1.192899
0.911233
0.776669
0.976843
1.222748
1.520610
1.862384
2.153705
2.535062
2.785363
2.960731
3.230661
3.230885
3.329488
3.317431
3.284904
3.090438
2.697591
2.171321
1.522094
0.876118
0.328473
0.370406
0.886456
1.285181
1.403929
1.624692
1.677656
1.828942
1.878355
2.031539
2.306941
2.485569
2.630781
2.815166
3.029208
3.262337
3.505467
3.893768
4.243795
4.605171
5.102045
5.557408
5.839072
6.049421
6.297457
6.695625
7.066396
7.261819
7.763618
8.248527
8.571729
8.924259
9.190222
9.437847
9.577557
9.739787
10.096961
10.462810
10.742618
10.831208
11.000570
11.242592
11.429802
11.485389
11.788749
12.147136
12.480489
12.777413
13.101584
13.231120
13.090389
12.943947
12.816260
12.620095
12.423835
12.317455
12.177798
12.072205
11.966432
12.056634
12.086231
12.053271
11.969524
11.701917
11.459232
11.322378
11.389056
11.639871
11.792233
12.003736
12.408843
12.805247
13.214581
13.600771
13.888512
14.152564
14.448279
14.601156
14.887889
14.973485
15.068534
15.007104
14.956271
14.439296
14.149632
13.721612
13.465342
13.151114
12.959963
12.888855
12.806658
12.755804
12.640880
12.487887
12.386041
12.126987
11.995675
11.914220
11.763621
11.572371
11.511785
11.638352
11.934558
12.246032
12.437701
12.724317
13.076004
13.387871
13.634110
13.834045
14.098813
14.161983
14.064739
13.983484
13.962905
13.656158
13.511575
13.418967
13.506803
13.744779
13.910622
14.110977
14.335791
14.641570
14.958151
15.264286
15.528310
15.534756
15.644348
15.912123
16.097237
16.307776
16.514730
16.717160
17.063888
17.313592
17.480906
17.677875
18.300289
18.711956
19.037908
19.344983
19.631726
19.907638
20.208181
20.512777
20.870306
21.162158
21.540047
21.837720
22.309813
22.837655
23.435742
24.094096
25.079016
26.123058
27.115135
27.885190
28.618550
29.444034
30.020618
30.713940
31.512086
32.453223
33.303663
34.094419
34.949836
35.566160
36.205195
36.916758
37.503190
37.978034
38.406779
38.831100
39.069304
39.081019
39.126041
39.229725
39.063282
39.030125
39.044217
39.144626
39.181666
38.991993
38.660964
38.258437
37.856724
37.517754
37.268354
37.000167
36.623227
36.363660
36.060212
35.730819
35.378401
34.977650
34.505241
34.106493
33.504252
32.865835
32.245569
31.550690
30.753551
29.882101
29.037231
28.126557
27.320980
26.510980
25.552358
24.783441
24.035891
23.424303
22.891533
22.500840
22.004319
21.453893
21.017917
20.583569
20.029352
19.371592
18.854347
18.154911
17.464116
16.987041
16.388809
15.977925
15.729105
15.325343
15.039045
15.011336
15.029938
15.003757
15.164388
15.581784
16.194478
16.578904
17.119551
17.526065
18.111003
18.472370
18.796606
19.145907
19.596763
19.966143
20.402054
20.853032
21.353694
21.861416
22.360265
22.882097
23.393873
23.946663
24.552338
25.092051
25.762400
26.352025
27.006394
27.513989
28.091962
28.370328
28.649095
28.675116
28.601354
28.697931
28.999964
29.468563
30.207623
30.798512
31.357292
31.876369
32.377716
32.811772
33.173709
33.534557
33.885193
34.247644
34.441373
34.702516
34.648298
34.532477
34.463655
34.304658
34.432347
34.743083
35.139755
35.910882
36.815763
37.167770
38.200987
38.952205
39.218197
39.158842
38.932221
38.554769
38.042590
37.487908
36.876494
36.287973
35.609643
34.953372
34.432771
34.073094
33.912810
33.654245
33.418645
33.236307
33.016049
32.574259
32.395338
32.081501
31.736466
31.208423
30.551067
29.907532
29.134380
28.503514
28.100070
27.932963
27.714020
27.454214
27.205595
26.804562
26.228158
25.447723
24.684728
24.003834
23.359673
22.869479
22.143887
21.369190
20.651122
19.919608
19.309293
18.686054
18.072211
17.408372
16.729288
16.193728
15.400033
14.746118
13.977787
13.318626
12.538047
11.862402
11.569814
11.396696
11.131864
10.694733
10.651450
11.028997
11.650001
12.209926
12.677349
13.142970
13.604018
13.747617
13.812474
13.816754
