0.134917
0.134617
0.151780
0.071428
0.094887
0.193506
0.296087
0.472464
0.604384
0.778705
1.027446
1.298303
1.562577
1.771576
1.945947
2.125029
2.354557
2.474435
2.431109
2.244375
1.819802
1.273706
0.757206
0.538560
0.449738
0.410721
0.475405
0.395585
0.473902
0.518485
0.501159
0.561478
0.639121
0.785724
1.090721
1.350595
1.678911
1.896256
2.042852
2.015419
1.907406
1.595693
1.334004
0.982595
0.731696
0.691180
0.820304
1.082563
1.285855
1.537456
1.759805
1.977745
2.097011
2.289847
2.363431
2.439917
2.411724
2.316980
2.246154
2.003736
1.692024
1.429068
1.502931
1.638168
1.688828
1.819605
1.849270
2.023123
2.106744
2.089627
2.021584
2.071146
2.170535
2.304011
2.456916
2.683190
2.996259
3.277230
3.604491
3.894567
4.314111
4.871958
5.458133
5.930571
6.465732
6.715866
6.805002
6.821386
6.886563
6.879420
6.900912
6.761802
6.747783
6.645856
6.535174
6.551674
6.584501
6.682437
6.712318
6.710028
6.427153
5.832394
5.343400
5.093879
4.724380
4.594149
4.765307
4.947365
5.345021
5.442239
4.548401
4.942516
5.246287
5.212291
5.213159
5.036519
4.745176
4.305811
3.837924
3.379668
2.920594
2.753324
2.734221
3.006292
3.515358
4.436087
5.696124
6.898216
7.653502
7.964761
8.143179
7.817592
7.317292
6.590558
5.945855
5.256954
4.576250
4.017942
3.669639
3.597254
3.245329
3.799999
4.398038
5.127643
5.487994
5.608141
5.287674
4.872992
4.405970
3.940396
3.129990
2.479719
1.842262
1.244409
0.947805
1.139748
1.809541
2.727164
3.886503
5.280185
6.887727
7.995092
8.631820
8.517695
8.290539
7.895924
7.333639
6.648277
5.764333
4.737256
3.832272
2.935576
2.161658
1.591551
1.618901
2.165384
2.865158
3.510862
3.953206
4.029828
3.758764
3.735181
3.806713
4.096334
4.337661
4.619112
4.827655
5.127605
5.505494
5.935144
6.626946
7.694551
8.972335
10.354327
12.084404
13.748677
15.454149
16.890671
18.093507
19.025547
19.958799
20.808218
21.656998
22.453645
23.163406
23.842995
24.488756
25.121874
25.788791
26.527097
27.039891
27.721173
28.484207
29.321440
30.141505
30.901961
31.714944
32.355642
32.977912
33.636420
33.768308
34.295826
34.725962
34.831537
34.762500
34.592408
34.349473
34.157905
34.061348
34.057241
34.016028
34.008569
34.106688
34.185908
34.328549
34.372391
34.504562
34.753366
35.055242
35.313924
35.806578
36.100126
36.571743
36.995377
37.221518
37.101160
36.772375
36.373048
35.869383
35.432772
34.970127
34.651714
34.333580
34.067876
33.806793
33.425639
33.141814
32.891513
32.699600
32.727288
32.867675
32.956153
32.998835
33.056290
33.048303
33.014732
32.843431
32.545341
32.158768
31.861239
31.497967
31.254348
30.962795
30.812056
30.555843
30.297378
29.935093
29.392616
28.781940
28.136741
26.808385
25.750574
24.647872
23.518557
22.549893
21.754187
21.044711
20.619252
20.302930
20.041917
19.783916
19.553675
19.220982
18.769980
18.301260
17.693399
17.137378
16.850617
16.947608
17.442986
18.039628
18.640573
19.221989
19.775904
20.269358
20.822924
21.269139
21.630552
21.994032
22.472952
23.006930
23.552925
24.222679
25.003095
25.789755
26.553331
27.221248
27.785660
28.395331
29.005136
29.524549
30.160629
30.795880
31.502810
32.211853
32.888966
33.436001
33.861364
34.164437
34.323790
33.767729
33.430920
33.306166
33.335599
33.361893
33.606287
33.823440
34.088019
34.249886
34.375617
34.535300
34.550578
34.531471
34.527711
34.460566
34.515475
34.708663
34.839536
34.853033
35.005413
35.228125
35.451624
35.552405
35.415414
35.128668
34.727975
34.349766
33.959397
33.621571
33.352350
33.307975
33.167724
33.158110
33.127080
33.078425
32.977807
33.004162
32.985344
33.103419
33.252089
33.317928
33.277043
33.168578
33.024411
32.754980
32.568267
32.352244
32.088025
31.939207
31.953849
31.908605
32.010304
32.036017
32.032840
31.841415
31.564636
31.140508
30.774652
30.538810
30.240351
29.564769
29.021136
28.419096
27.890322
27.238185
26.499898
25.699624
24.816228
23.875148
23.058371
22.007981
21.229347
20.538370
20.009292
19.622574
19.345290
19.114884
18.818329
18.409259
17.822213
17.058507
16.524774
16.088160
16.078641
16.328737
16.669228
17.170631
17.738101
18.426132
19.143274
20.030456
