2500
3070
3050
3050
3060
3190
3160
3410
4450
4540
3170
3090
3030
3060
3510
4440
3930
3020
3890
4310
4200
3040
3150
3080
3040
3040
4140
3050
3030
3150
3630
4460
4440
2910
3670
3040
3050
3220
3600
3760
3590
3590
3680
3630
3630
3620
3640
3590
3780
3710
3630
3690
3690
3690
3430
3640
3600
3640
3290
3450
3780
3890
3040
3010
3090
3970
4440
4440
4440
4310
3020
3050
3040
3040
3130
3040
3020
3020
3770
4040
3850
3850
3880
3870
3180
3020
3020
3060
3030
3140
3260
4510
4500
4520
4500
4530
3710
3040
3060
3590
4060
3090
3020
3020
3040
3010
3020
3020
3420
3290
3030
3020
3020
3010
3040
3040
3040
3030
3050
3160
3040
3070
3030
3020
3040
3030
3060
3040
3030
3560
4500
4210
3110
3960
3320
4280
4490
4490
3820
4140
3050
3020
3020
3030
3020
3020
3020
3020
2220
3080
3010
3030
2600
3030
3610
4290
3020
3020
3020
3170
3040
3020
3060
3050
3010
3040
3050
3050
3020
3160
3020
3010
3040
3510
3020
3460
3810
3020
3410
4050
3060
3060
3060
3050
3020
3030
3020
3020
3120
3130
3020
3010
3800
3320
3020
3020
3020
3020
3020
3130
3030
3020
3020
3030
3020
3020
3480
4500
4510
3640
3050
2130
3050
3020
3080
3090
3040
3030
3070
3140
3050
3030
3020
3020
3040
2920
2610
3040
3040
3150
3070
3040
3040
3030
3060
3050
3070
3730
3410
4440
4050
3040
3050
3040
3020
2870
4340
3320
3060
3170
3040
3040
3040
3040
3030
3050
3020
3050
3020
4230
4500
4500
4460
4510
4500
4510
4100
3020
3030
3130
3010
3020
3020
3020
2660
2970
3040
3010
3020
3140
3030
3010
3020
3020
3020
3010
3020
2560
4030
3800
3030
3080
3360
3560
3600
3590
3590
3600
3610
3730
3640
3610
3630
3590
3680
3580
3580
3580
3680
3720
3580
3610
3580
3610
3600
3600
3560
3690
3580
3700
3610
3590
3580
3590
3590
3600
3590
3610
3020
3140
3150
3050
3180
3820
3440
3710
3840
2600
3010
3790
4430
4000
3190
3100
4430
4440
3500
3920
3100
3350
3060
3140
3020
3020
3020
3050
4230
4440
4430
4590
4100
3040
3050
3150
3140
3030
3020
3020
3020
3180
3060
3040
3040
3050
3020
4260
4430
4430
3310
3140
3020
3050
2730
3740
4150
3390
3020
2740
3010
3130
3020
3140
3020
3020
3020
3020
3010
4310
4430
4020
3040
3020
3040
3010
3150
3150
3010
3030
3150
3260
3020
3020
3030
3810
4430
4430
3350
3270
3020
3290
3010
