3080
3070
3060
3040
3070
3060
3050
3060
3090
3180
3130
3080
3060
3100
3070
3090
3650
3550
3710
3850
3700
3650
3700
3670
3660
3040
3630
3060
3080
3160
3120
3080
3050
3090
3060
3060
3070
3060
3160
3170
3340
3060
3050
3070
2880
3070
3060
3070
3060
3180
3210
3060
3120
3460
3640
3690
3660
3670
3650
3770
3580
3630
3670
3620
3470
3660
3040
3610
3660
3640
3730
3630
3630
3650
3600
3590
3620
3670
3690
3760
3650
3590
3060
3080
3050
3080
3090
3060
3860
4660
4520
4510
4450
4510
3180
3110
3070
4080
3550
3250
3060
3070
3050
3060
3060
3210
3470
3110
3060
3190
3060
3070
3090
3090
3070
3080
3110
3080
3100
3170
3070
3070
3060
3110
3080
3070
3340
4500
4170
3420
3830
3480
4140
4500
4490
3780
4240
3080
3080
3170
3060
3060
3060
3090
3060
2280
2960
3060
3080
2720
3070
3690
4250
3060
3050
3070
3110
3080
3060
3210
3090
3090
3070
3080
3090
3070
3090
3050
3070
3210
3540
3060
3900
3410
3060
3870
3550
3140
3060
3200
3070
3060
3060
3070
3060
3140
3060
3060
3060
4140
3150
3060
3050
3060
3080
3050
3060
3060
3060
3170
3060
3060
3060
3910
4510
4520
3140
2880
2390
3180
3060
3180
3100
3100
3060
3090
3100
3080
3060
3170
3070
3080
2480
3080
3080
3110
3060
3110
3090
3190
3090
3080
3120
3190
3910
3610
4500
3450
3080
3210
3060
2930
3700
4010
3090
3070
3070
3110
3110
3190
3090
3060
3090
3090
3060
3640
4500
4510
4460
4680
4510
4510
4500
3110
3060
3080
3060
3060
3050
3180
2930
2760
3060
3080
3060
3070
3080
3060
3050
3160
3060
3050
3070
2600
3900
3820
3070
3110
3420
3780
3640
3640
3670
3640
3630
3660
3700
3640
3640
3790
3690
3670
3640
3650
3680
3630
3660
3640
3630
3770
3650
3640
3650
3690
3650
3670
3640
3630
3640
3760
3640
3650
3670
3490
3060
3060
3310
3060
3310
3720
3880
4470
3090
3090
3080
3060
2350
3000
3050
3200
3320
3060
3590
3740
3080
3730
3070
3080
3100
3170
4330
3860
3050
3690
3070
3070
3580
3080
3060
3300
3290
3650
3700
3720
3620
3680
4360
3710
3620
3800
3180
2960
3580
3730
3690
3780
3620
3620
3690
3860
3630
3710
3650
3680
3620
3650
3740
3720
3710
3750
3640
3680
3630
3670
3620
3590
3040
3120
3410
3840
3710
3730
3770
3740
3740
3720
3710
3780
3720
3290
3080
3050
3070
3060
3060
3060
3070
3060
3070
3190
3080
