1.974117 1.983905
1.941887 1.775253
1.916879 1.653490
1.888166 1.525271
1.959442 1.473807
1.991458 1.395903
2.121989 1.375678
2.192485 1.305259
2.237507 1.350085
2.335909 1.454952
2.549738 1.668888
2.815006 1.828138
3.153339 2.057949
3.571272 2.343971
3.918970 2.627198
4.187995 2.777453
4.570175 2.946459
4.769739 2.967531
4.827140 2.950290
4.768987 2.898532
4.508166 2.644445
4.006926 2.187706
3.481931 1.721556
2.989468 1.524586
2.655983 1.398098
2.438117 1.409621
2.335935 1.472329
2.250199 1.541749
2.154529 1.405877
2.112649 1.302345
2.185076 1.273290
2.250872 1.276319
2.244306 1.277796
2.316528 1.278931
2.451952 1.330691
2.653532 1.545928
2.953052 1.736319
3.232774 1.969437
3.387565 2.105669
3.395545 2.117272
3.113955 1.981292
2.702444 1.716129
2.204835 1.485801
1.924894 1.378370
1.745977 1.345073
1.695980 1.414983
1.828808 1.562339
2.044191 1.707569
2.305124 1.844070
2.591726 2.058573
2.893268 2.317324
3.291684 2.603313
3.708188 2.879493
4.163766 3.134922
4.601702 3.501411
5.097313 3.818859
5.519280 4.050998
5.795216 4.204990
5.856524 4.212761
5.767745 4.113998
5.582251 3.769226
5.311837 3.419534
4.843620 3.186762
4.425601 2.894293
4.041662 2.641868
3.654568 2.316758
3.275206 2.014775
2.905165 1.889167
2.715967 1.925246
2.344337 1.925802
2.280732 1.945920
2.161539 2.002365
2.098636 2.148706
2.174190 2.208638
2.299688 2.274288
2.349421 2.260419
2.511247 2.317067
2.719728 2.436697
2.994513 2.647213
3.298729 2.876046
3.606524 3.121558
3.930464 3.328707
4.249174 3.528184
4.531644 3.726190
4.887054 3.931174
5.106373 4.069968
5.430307 4.214040
5.755610 4.454075
6.149994 4.732897
6.418118 5.090352
6.755846 5.428818
7.021038 5.687964
7.345083 5.942216
7.557913 6.193003
7.823039 6.459591
7.996272 6.715326
8.221271 6.899203
8.432637 6.964009
8.373742 7.070585
8.392495 7.134160
8.222917 7.003517
7.957424 6.459524
7.304113 6.081150
6.908658 5.500316
6.376404 5.416619
6.106409 5.215404
5.687615 4.982183
5.646120 4.835308
5.562855 4.929143
5.620824 4.914700
5.628699 4.868601
5.427272 4.686246
4.982030 4.449822
4.646913 4.110399
4.400305 4.030341
4.389853 4.066245
4.454517 4.153358
4.522061 4.198810
4.497336 4.238657
4.603192 4.275562
4.647764 4.327290
4.548431 4.205646
4.512174 3.955042
4.407353 3.823595
4.438482 3.869804
4.351489 3.942926
4.380874 4.002986
4.300548 3.916837
4.083173 3.529035
3.820789 3.229691
3.530286 2.907283
3.256650 2.690026
3.042700 2.435453
2.926526 2.368099
2.830351 2.351114
2.901315 2.189163
2.973311 2.270298
3.026312 2.314571
3.101918 2.353348
3.184189 2.488118
3.391926 2.709688
3.612320 2.998665
3.965210 3.390693
4.354794 3.859491
4.758290 4.263013
4.902594 4.544442
4.977736 4.606828
4.899407 4.463009
4.665383 4.078212
4.332398 3.679765
4.027568 3.373716
3.785083 3.253225
3.535205 2.991191
3.317366 2.737662
3.107616 2.616550
2.883674 2.416444
2.830282 2.345341
2.728618 2.381563
2.704698 2.387691
2.798633 2.452008
2.933645 2.615557
2.963618 2.613596
2.917557 2.620357
2.603791 2.501013
2.380955 2.316318
2.165358 2.078603
2.066044 1.978169
1.927370 1.970948
2.004547 2.063284
2.129054 2.054034
2.317476 2.085673
2.429758 2.213806
2.605599 2.384099
2.823386 2.516114
3.112178 2.793192
3.532276 3.166455
3.976770 3.623344
4.220129 4.074938
4.362740 4.420268
4.342655 4.442843
4.197231 4.274292
4.094920 4.081507
3.891635 3.734308
3.684518 3.409988
3.523766 3.221801
3.475232 3.077730
3.441032 2.964363
3.353274 2.810440
3.322716 2.791605
3.365736 2.908011
3.383495 2.806547
3.214509 2.643110
3.068910 2.598047
3.182633 2.751475
3.144028 2.905024
3.274668 3.019540
3.405579 3.132334
3.595807 3.240494
3.805947 3.344892
3.875427 3.432059
4.027939 3.439290
4.124011 3.452483
4.235564 3.456711
4.299525 3.493957
4.456872 3.584232
4.601252 3.627673
4.782526 3.728604
4.845291 3.944780
5.077897 4.065070
5.225185 4.252513
5.341010 4.433753
5.202302 4.577984
5.195943 4.564888
5.249549 4.526359
5.220507 4.415032
5.143442 4.402442
5.054885 4.374800
4.842559 4.516545
4.726939 4.635892
4.732632 4.657169
4.569679 4.683201
4.349261 4.483838
4.179403 4.398748
4.175256 4.372127
4.091932 4.404732
4.164710 4.416205
3.941411 4.329211
3.887749 4.387793
3.801841 4.307511
3.776891 4.259141
3.869625 4.356622
3.889406 4.420469
3.932848 4.454163
3.814652 4.503373
3.872028 4.542123
3.824154 4.581667
3.908614 4.502819
3.969887 4.564958
4.154474 4.659931
4.223588 4.774286
4.365403 4.914935
4.432671 4.943387
4.464234 5.022898
4.483936 4.894543
4.374060 4.591222
4.177091 4.363467
3.739297 4.135242
3.319137 3.952247
2.990326 3.833314
2.834667 3.750642
2.903084 3.728455
2.814981 3.487310
2.782791 3.369348
2.832216 3.196114
2.972233 3.120918
3.065338 3.155578
3.093547 3.147544
3.135643 3.248932
3.257024 3.303951
3.380526 3.388445
3.422511 3.544611
3.458506 3.416492
3.553611 3.402619
3.481429 3.402631
3.524571 3.323861
3.556644 3.362624
3.553036 3.372797
3.555589 3.297907
3.671790 3.309537
3.712542 3.152821
3.767240 3.166139
3.746372 3.002050
3.812285 2.813549
3.726263 2.632313
3.736695 2.611073
3.622436 2.401214
3.689348 2.480270
3.768201 2.465750
3.799461 2.596378
3.955105 2.805971
4.027470 3.020860
4.044331 3.160687
4.154950 3.246279
4.194450 3.243392
4.294183 3.436630
4.309302 3.630599
4.422197 3.721934
4.522789 3.894227
4.639594 4.001370
4.765674 4.058721
4.886338 4.211391
4.972912 4.133274
4.984915 4.112480
5.048680 4.028706
5.045348 4.040907
4.968043 3.792651
4.721262 3.373733
4.276144 2.977403
3.904728 2.651611
3.545122 2.302042
3.304604 2.107295
2.965372 2.055095
2.809284 1.911776
2.704038 2.004760
2.770880 2.136431
2.838179 2.211477
3.002567 2.291860
3.037411 2.419031
3.158450 2.507112
3.305323 2.693190
3.470887 2.831702
3.491948 2.891343
3.500470 2.928664
3.555664 2.936145
3.540806 2.971554
3.543585 2.885861
3.631383 2.803453
3.655719 2.692956
3.707399 2.712423
3.796033 2.670192
3.862306 2.770251
3.951931 2.628037
3.914409 2.627104
4.002363 2.517387
4.064770 2.523241
4.053854 2.510269
4.151456 2.473180
4.231105 2.509572
4.253939 2.448524
4.279703 2.536924
4.362441 2.634802
4.100816 2.514975
3.976448 2.394337
3.911182 2.415745
3.922566 2.365339
3.912437 2.462924
3.825864 2.478241
3.925875 2.571553
4.031540 2.683141
4.102343 2.726312
4.200942 2.782193
4.318945 2.836802
4.259149 2.899267
4.336572 3.023903
4.414820 3.032223
4.401053 3.031304
4.407170 3.090962
4.537191 3.154502
4.651544 3.148837
4.641477 3.297706
4.717287 3.458525
4.632691 3.433634
4.301124 3.181508
4.000993 2.681441
3.555832 2.356393
3.339451 2.215638
3.157369 2.171127
3.091168 2.212210
2.988721 2.252512
3.014906 2.324276
3.128021 2.315554
2.973517 2.351178
2.973292 2.403062
2.909540 2.374867
2.850408 2.474199
2.833472 2.545270
2.913519 2.708725
3.036191 2.792838
3.159714 2.854742
3.318471 2.954774
3.429642 3.164419
3.543851 3.172623
3.603532 3.340639
3.655201 3.353135
3.706649 3.285278
3.883211 3.282986
3.985929 3.313180
4.172769 3.437715
4.144450 3.376149
3.988562 3.185581
3.833317 3.079857
3.636163 2.828135
3.455736 2.696248
3.290815 2.520041
3.190714 2.445029
3.176859 2.399776
3.226025 2.451173
3.283119 2.515929
3.363937 2.642602
3.409461 2.768631
3.452885 2.882201
3.502642 3.007887
3.581484 3.042080
3.650116 3.170907
3.812499 3.231962
3.794522 3.360099
3.888978 3.446328
4.015817 3.524702
4.290026 3.600560
4.386949 3.772696
4.496392 3.898375
4.628644 4.011613
4.678088 4.096587
4.828106 4.190922
4.981704 4.114293
5.043431 4.208937
5.136225 4.345620
5.196881 4.501769
5.341309 4.677106
5.538661 4.810528
5.620745 4.955328
5.452608 4.932400
5.121293 4.772067
4.979604 4.431619
4.650819 4.108751
4.272127 3.784789
3.920318 3.651122
3.774666 3.589318
3.656754 3.491142
3.611496 3.426017
3.453205 3.487579
