330
600
570
750
810
960
1090
1220
1330
1480
1580
1600
1950
1590
1630
1640
1640
1660
1650
1670
1650
1770
2030
1680
1670
1680
1650
1670
1670
1670
1670
1680
1670
1670
1650
1670
1680
1670
1680
1670
1680
1670
1680
1680
1670
1670
1670
1660
1680
1680
1680
1670
1660
1670
1690
1670
1620
1630
2220
2540
2540
2540
2530
2540
2530
2530
2530
2530
2540
1710
1670
1690
1620
2390
1680
2370
1960
1620
1620
1620
1620
1660
1620
1630
1670
1630
1630
2100
1970
1630
1680
2540
1840
1620
1670
1620
1630
1610
1680
1630
1620
1630
1630
1640
1920
2380
2560
2570
1790
1640
1620
2420
1950
1630
1620
1660
1620
1630
1620
1660
1630
1630
1620
1620
1620
1630
1620
1620
1620
1620
1630
1650
1620
1660
1640
1620
1620
1620
1630
1630
1620
1650
1610
1630
1630
1750
2060
1620
1660
1640
1640
1970
2530
1750
2150
2200
1640
1630
1620
1620
1640
1640
2000
2540
1720
1670
1660
1620
1620
1660
1630
1620
2470
2540
2540
2540
1810
1620
1620
1620
1620
1620
1620
1610
1650
1620
1640
1640
1620
1680
1620
1640
1620
1880
1680
1680
1680
1680
1680
1650
1960
2530
2320
2580
2580
2620
2590
2560
2560
2570
2570
2560
2560
2550
2560
2560
2550
1940
1630
1630
1630
1440
1630
1620
1630
1630
1630
1620
1630
1630
1630
1640
1660
1650
1620
1670
1620
2160
1660
1640
1710
1650
1650
2280
1700
2110
2540
2540
2540
1940
1670
1670
1670
1680
1670
1970
1620
1650
1810
1800
1630
1640
2230
1610
1620
2210
2030
1720
1610
1620
1620
1620
1620
1650
1650
1620
1620
1610
1810
1640
1620
1620
2290
2290
2410
1720
1620
1620
1620
1640
1670
1670
1660
2200
2050
2530
1810
1630
1940
1620
1640
1630
1620
1620
1610
2240
2390
2400
2390
2400
2400
2400
2400
2430
2470
2460
1670
1360
1660
1620
1620
1620
1620
1630
1620
1620
1620
1730
1620
1620
1630
1620
1620
1620
1620
1620
1620
1860
2460
2470
2420
1640
1830
2560
1970
1620
1630
1640
1650
1610
1620
1610
1620
1730
1670
1610
1610
1610
1620
1650
1820
1620
2280
2450
2450
1890
2460
2450
1770
1620
1620
1620
1620
1620
1620
1620
1620
1630
1620
1620
1660
1680
1650
1630
1630
1620
1620
1630
1620
1620
1620
1620
1650
1620
1610
1620
1620
1620
1620
1610
1630
1610
1620
1620
1620
1620
1610
1620
1620
1620
1650
1620
1620
1620
1630
1640
1660
1630
1620
1630
1710
1620
1650
1630
1620
1630
1650
1620
1630
1620
1630
1650
1630
1640
1630
1630
1630
1630
1620
1640
1640
1620
1630
1630
2050
2410
2410
2400
2410
2290
1790
1610
1620
1640
1620
1630
1660
1620
1660
1680
1680
1660
1680
1680
1690
1690
1660
1640
1620
2470
1630
1610
1640
1610
1620
1940
2460
2470
1970
1620
1620
1620
1620
1620
1620
1610
1620
1620
1620
1620
1620
1620
1620
1620
1630
1620
1660
1630
1650
1660
1630
2200
2110
1670
1620
1620
1610
1620
1620
1820
2470
2220
1620
1610
1680
1620
1620
1630
1630
1610
1290
1630
1610
1610
1620
1620
1620
1610
1620
1620
1630
1610
1610
1620
1620
1620
1620
1640
2450
2480
2500
2480
1620
1660
1670
1680
1690
1680
1690
1680
1680
1690
1660
1630
1660
1620
1620
1620
1620
1610
1620
