80
11400
11630
11900
11800
12420
12700
12980
13260
13510
8240
11440
11680
12000
12210
12470
12770
13000
13250
13590
8280
11510
11690
11990
12220
12480
12690
13030
13240
13470
8250
11430
11690
11960
12190
12460
12670
12930
13220
13480
8250
11420
11700
11990
12160
12480
12670
13010
13220
13460
8260
11470
11650
11920
12180
12410
12680
12940
13210
13390
8290
11380
11650
11900
12170
12520
12730
12920
13210
13480
8250
11410
11670
11900
12190
12470
12650
12940
13260
13430
8260
11420
11670
11980
12180
12410
12670
12930
13210
13410
8260
11430
11690
11970
12240
12400
12670
12910
13160
13480
8270
11460
11640
11900
12140
12400
12700
12970
13180
13480
8220
11390
11630
11600
12140
12380
12670
12910
13190
13450
8240
11410
11640
11910
12160
12420
12690
12910
13190
13420
8210
11380
11630
11950
12160
12450
12670
12910
13160
13440
8180
11390
11650
11870
12120
12430
12640
12940
13170
13430
8200
11380
11660
11920
12180
12430
12740
13020
13310
13540
8230
11430
11700
12030
12230
12530
12760
13040
13390
13610
8370
11500
11870
12120
12440
12660
12970
13190
13450
13740
8280
11500
11750
12040
12330
12630
12900
13180
13600
13820
8400
11560
11870
12100
12440
12690
13000
13210
13650
13890
8400
11590
12020
12450
12490
12840
13100
13390
13680
14020
8560
11730
11990
12270
12600
12870
13270
13550
13840
14090
8430
11770
12120
12350
12590
13000
13090
13360
13730
14070
8430
11670
11920
12260
12440
12700
12950
13230
13540
13880
8410
11630
11880
12180
12540
12830
13050
13400
13750
14110
8410
11670
12010
12330
12640
12870
13220
13480
13830
14080
8440
11700
12020
12320
12580
12850
13160
13480
13860
14130
8470
11750
11990
12400
12670
13040
13290
13600
13930
14170
8480
11670
12000
12290
12680
12960
13290
13570
13740
14130
8410
11670
11900
12200
12400
12740
13050
13440
13700
14110
8460
11660
11930
12220
12550
12820
13020
13410
13560
13930
8330
11470
11760
12000
12320
12560
12860
13140
13410
13730
8330
11530
11690
11960
12160
12420
12710
12970
13170
13490
8210
11390
11630
11900
12150
12520
12760
12930
13140
13480
8270
11440
11760
11940
12190
12450
12710
12960
13270
13550
8220
11460
11680
11950
12180
12480
12770
12990
13240
13510
8280
11430
11670
11960
12250
12480
12750
12970
13230
13500
8280
11550
11720
11950
12210
12470
12730
13020
13330
13580
8270
11470
11790
12000
12200
12470
12710
12970
13200
13530
8270
11450
11700
11980
12190
12450
12780
12970
13220
13550
8250
11470
11740
11990
12240
12500
12770
13040
13310
13590
8260
11440
11700
12000
12260
12500
12770
13050
13330
12600
8280
11510
11780
12000
12280
12540
12820
13130
13390
13600
8310
11510
11700
12020
12240
12540
12810
13070
13360
13640
8320
11520
11780
12040
12280
12560
12850
13100
13410
13730
8380
11600
11820
12110
12410
12720
13060
13200
13720
14010
8460
11720
12100
12410
12660
12860
13110
13380
13580
13920
8350
11610
11740
12080
12310
12590
12860
13150
13480
13740
8370
11530
11830
12070
12380
12620
12840
13120
13450
13640
8320
11510
11750
12020
12300
12580
12780
13110
13390
13630
8280
11500
11790
12040
12270
12580
12800
13180
13360
13630
8300
11580
11750
12090
12340
12610
12900
13140
13390
13660
8260
11540
11700
12030
12290
12550
12830
13230
13450
13730
8300
11580
11810
12110
12380
12570
12850
13110
13390
13620
8310
11450
11770
11960
12220
12510
12740
13040
13260
13570
8270
11430
11660
11970
12190
12520
12770
12970
13280
13530
8160
