0.219584
0.305916
0.437471
0.447291
0.467880
0.534677
0.571997
0.597344
0.853788
0.974975
1.512297
1.763565
2.140126
2.757025
2.905222
2.849567
2.577957
2.616018
2.795962
2.362619
2.072731
1.738988
1.704220
1.635477
1.650058
1.864265
2.124485
2.406543
2.681634
3.001484
3.425518
3.782292
4.042054
4.519456
4.809449
5.315282
5.645518
5.941751
6.273624
6.619404
7.078465
7.453197
8.018068
8.347333
8.680544
8.788034
8.896395
9.109741
9.169316
9.078259
8.845068
8.699719
8.568170
8.025587
7.748036
7.170813
6.617191
6.211336
5.794483
5.319623
4.646623
4.102433
3.556904
2.906345
2.400910
1.978859
1.391338
1.018834
0.637307
0.609639
0.707085
1.159848
1.487981
1.856173
2.439245
2.782498
3.161505
3.757453
4.113303
4.076825
3.689417
3.368828
3.734732
3.686006
3.408659
2.686291
2.338948
2.041166
1.712492
1.359825
1.122968
1.195243
1.424590
1.780947
2.164598
2.695102
2.998162
3.341115
3.853554
4.123780
4.628316
5.078388
5.258775
5.576979
5.982669
6.313538
6.646925
7.195101
7.578461
7.989120
8.321926
8.507657
8.666084
8.783268
8.855163
8.555403
8.526305
8.522472
8.578003
8.624875
8.717096
7.814847
7.218433
6.629862
6.191990
5.622993
5.189255
4.778480
4.053732
3.504906
2.902981
2.276803
1.903417
1.250282
0.938063
0.658453
0.748960
1.030787
1.696513
2.088189
2.315525
2.782994
3.004442
2.991683
3.068382
2.908802
2.976405
2.931771
2.841468
2.813322
2.908324
2.387943
1.663474
1.656041
2.195291
2.793309
3.378345
3.741973
4.206224
4.592900
5.033325
5.291614
5.629327
6.224675
6.527499
6.937764
7.259020
7.861308
8.295940
8.902746
9.347108
9.383056
9.429686
9.809235
10.229772
10.844654
11.234105
11.926578
12.300156
13.044137
13.342334
13.584373
14.112750
14.702310
14.063514
14.005978
13.747645
13.337920
12.992243
12.833473
12.600932
12.443508
12.250011
11.759967
11.440729
11.123094
10.593219
10.407913
10.448699
10.849151
11.405921
12.363949
13.641972
14.380582
14.558251
15.147417
15.028041
14.508841
13.884575
13.564489
12.984440
12.288108
12.147348
11.942074
11.765779
11.767392
11.673739
11.737787
11.700066
11.852405
12.054172
12.437805
12.739752
12.844764
12.358266
12.600578
13.168412
13.719871
14.181760
13.843085
13.869752
13.961826
14.264245
14.088533
13.696425
13.678464
14.039749
13.790112
13.232139
12.946418
12.649154
12.110301
11.841852
11.788077
11.773706
11.514625
11.273054
11.321550
12.093528
12.322610
13.014874
13.575966
13.895832
13.282018
12.647814
12.144758
11.626915
10.908945
10.001049
9.537945
8.946873
9.071896
9.118538
9.426996
9.719145
9.873715
10.496652
11.032437
11.496280
12.433696
13.387122
15.013441
16.244360
17.203410
16.746331
16.770617
16.768464
16.435306
16.335793
16.323083
15.748528
15.081647
14.538070
14.017861
13.269226
12.572342
11.914897
11.476933
11.058884
11.157500
11.166004
11.191218
11.444124
11.276611
11.805345
12.151818
12.302618
12.703641
12.699959
12.380201
11.709072
11.535151
11.229422
11.034918
10.899536
11.082427
11.144580
11.435598
11.836551
12.199351
12.711232
13.312204
13.846332
14.585747
15.115398
15.558217
16.204824
16.984670
17.853727
18.410150
19.202700
19.693745
18.871569
18.410824
18.045540
17.501330
16.938839
16.201975
15.368609
14.536873
13.967775
13.434857
12.866576
12.388089
11.972587
11.593868
11.638704
11.854921
12.456191
12.905568
13.528455
14.256041
13.730930
13.232843
12.527608
11.689691
10.854142
9.769289
8.740517
7.745723
7.198456
6.982573
7.231053
7.893745
8.814190
9.871868
10.522310
11.370249
11.804984
12.534523
13.588461
14.312330
15.109344
15.320219
15.888280
16.411595
17.134090
17.136999
17.160056
17.577390
18.196138
18.582985
19.174674
19.728249
20.546021
21.153368
21.815019
22.769525
23.676266
24.421000
24.953993
25.640534
26.581896
26.729164
26.665556
26.349072
26.048676
26.202541
26.312495
26.393520
25.584398
24.937409
24.156629
23.399458
22.302849
21.471760
20.698210
19.944596
19.224028
18.507375
17.577266
16.909001
16.790231
16.617526
16.524796
16.480919
16.455388
16.059517
15.643637
15.288429
14.651635
14.206641
13.686358
13.320378
12.912385
12.581816
12.427953
12.181106
12.093824
12.191094
12.671918
12.414153
12.534505
12.890825
13.408772
13.546929
12.988846
12.009363
10.949447
9.831372
8.983727
8.372616
7.493427
6.613846
6.144315
5.640634
4.988724
4.611571
4.413862
4.207413
3.977295
3.892758
3.877144
4.367207
4.932109
5.688484
6.667038
7.854952
8.957160
10.188483
11.350501
12.603293
14.131680
15.846761
17.426608
18.943336
20.429784
21.322890
21.855705
22.408414
22.876401
23.494599
23.620942
23.248895
23.428015
23.614749
23.358503
22.920172
22.535194
22.238800
21.659880
21.294797
20.629104
20.159914
19.711233
19.492805
19.356606
18.548843
18.017997
17.448618
16.836101
16.309083
15.675126
15.093359
14.649812
14.180596
13.642398
12.978739
12.496214
12.166818
11.754917
11.776110
12.011181
12.038520
12.109331
12.380310
12.640264
13.002156
13.210571
13.152409
12.650682
12.152797
11.744996
11.395945
11.090802
10.769948
10.416167
10.142844
9.994463
10.067591
9.904525
9.632568
9.549192
9.370500
9.445963
9.546896
9.782519
10.183216
10.648283
11.224448
11.808750
12.899475
13.753536
14.595815
15.624906
16.721373
17.808967
19.171168
20.361207
21.612013
22.551762
23.443274
24.223552
24.263591
23.717059
23.711787
23.234284
22.909059
22.201061
21.681753
20.774635
20.145750
19.749236
19.077989
18.697342
18.250242
17.670117
17.056635
16.544296
16.058775
15.319122
14.775936
14.262271
13.536498
12.907547
12.247184
11.636654
10.857169
10.237898
9.536563
8.996893
