1.989464 2.093499
1.915430 2.041808
1.856696 1.983047
1.833518 2.044792
1.805682 2.109415
1.760538 2.105888
1.744449 2.182252
1.690242 2.178474
1.680194 2.230807
1.680913 2.236689
1.703942 2.364988
1.707176 2.483673
1.744044 2.621224
1.860385 2.683671
1.881145 2.799383
2.136732 3.140488
2.615451 3.626081
3.178628 3.983132
3.401076 4.012949
3.677503 4.184203
3.799951 4.275977
3.832374 4.303572
3.802487 4.316187
3.751912 4.316888
3.781173 4.358872
3.867895 4.372312
3.916809 4.438523
4.154320 4.636380
4.396123 4.876562
4.644553 5.099436
4.904643 5.345712
4.986471 5.502585
5.048864 5.679131
5.226557 5.723997
5.356573 5.809295
5.428697 5.868846
5.538716 5.985545
5.638428 6.087989
5.742665 6.133074
5.919099 6.247840
6.009681 6.377246
6.163729 6.485428
6.298585 6.672577
6.320066 6.710236
6.409036 6.635664
6.360738 6.574376
6.361160 6.491501
6.421858 6.516221
6.470742 6.578777
6.513359 6.600879
6.577248 6.605769
6.593290 6.625014
6.571813 6.613624
6.573777 6.682925
6.580831 6.704594
6.628389 6.755278
6.677358 6.806140
6.729872 6.882800
6.794411 6.947432
6.947615 7.127872
7.054792 7.313017
7.165778 7.456944
7.286392 7.569317
7.435715 7.724580
7.519888 7.808444
7.651625 7.943738
7.779931 7.974938
7.835875 8.049859
7.846813 8.136156
7.820288 8.015729
7.867044 7.976768
7.595723 7.723986
7.621563 7.631087
7.597174 7.687736
7.481171 7.710436
7.396649 7.724106
7.390862 7.630740
7.414194 7.601682
7.584817 7.697495
7.628594 7.703375
7.673897 7.784516
7.820686 7.863792
7.983202 7.935191
7.962394 7.935314
7.785462 7.946968
7.765425 7.781562
7.720847 7.762945
7.712773 7.781537
7.771158 7.775869
7.693907 7.642457
7.669189 7.631152
7.656258 7.647918
7.442654 7.453023
7.177787 7.216103
7.077107 7.025126
6.970481 6.950087
6.920775 6.957274
6.949735 7.020876
7.084108 7.144542
7.223600 7.264953
7.384001 7.406229
7.500025 7.498637
7.566063 7.576805
7.633608 7.588284
7.636502 7.396489
7.719920 7.183416
7.873496 7.346700
8.023780 7.491030
8.207827 7.674676
8.337414 7.806288
8.446624 7.874184
8.329993 7.813841
8.268234 7.804041
8.056907 7.603835
7.964996 7.540286
7.654487 7.442797
7.800777 7.582169
7.823310 7.601329
7.855729 7.636214
7.881733 7.669504
7.927762 7.721657
7.576923 7.230845
7.374050 6.882511
7.212805 6.654028
6.877522 6.495224
6.777944 6.271108
6.643534 5.998902
6.394370 5.685489
6.334986 5.667651
6.448473 5.764467
6.559940 5.903228
6.652922 6.009501
6.537681 6.051176
6.595639 6.196301
6.649666 6.246320
6.556556 6.324352
6.622856 6.356747
6.765183 6.500571
6.924561 6.688870
7.270445 7.078878
7.619313 7.556100
7.775857 7.747043
7.915083 7.898504
7.910241 8.031127
7.813816 7.968851
7.896703 7.952356
7.690822 7.822768
7.635410 7.714156
7.498960 7.557169
7.414263 7.487275
7.357379 7.359536
7.301438 7.082183
7.030157 6.937673
6.611585 6.644250
6.141721 6.324134
5.863605 6.067893
5.632419 5.886620
5.621303 5.880551
5.586256 5.936990
5.468357 5.797197
5.525635 5.862825
5.566929 5.678731
5.273029 5.561081
5.305912 5.600325
5.281499 5.572564
4.977391 5.500966
4.923709 5.349119
4.958378 5.446077
4.959720 5.315339
4.877182 5.282503
4.911331 5.428272
4.903801 5.412351
5.054042 5.251121
4.793807 4.982320
4.654686 4.848263
4.436804 4.660741
4.240962 4.495132
4.150159 4.369816
4.006165 4.177023
3.954801 4.131044
3.807302 4.010659
3.808970 3.924366
3.785210 3.830666
3.675619 3.867357
3.540592 3.736813
3.669670 3.909496
3.767776 4.088921
3.900641 4.233468
3.870939 4.145986
3.716273 4.000145
3.651835 3.969442
3.524932 3.917725
3.642014 4.113292
4.064863 4.535373
4.550389 5.094794
5.125147 5.769098
5.870804 6.384714
6.658725 7.101668
7.295124 7.642827
7.865570 8.149714
8.172556 8.364947
8.266575 8.520939
8.310823 8.572681
8.266789 8.622457
8.246364 8.745133
8.455105 8.942896
8.664514 9.116737
9.028624 9.353314
9.270698 9.610597
9.512975 9.794535
9.738595 10.008534
9.778566 10.102719
9.768286 10.111859
9.762896 10.122768
9.648416 10.114946
9.686036 10.172894
9.636438 10.191997
9.673896 10.255491
9.704162 10.281125
9.738004 10.374233
9.836956 10.448393
9.806458 10.367716
9.839331 10.413819
9.744852 10.262928
9.749343 10.311218
9.661026 10.322534
9.542757 10.246595
9.557772 10.267378
9.529093 10.337023
9.400238 10.202456
9.327973 10.207672
8.949385 9.768287
8.383307 9.529005
7.803880 9.430262
7.420669 9.059882
7.196622 8.948900
7.121037 8.895169
7.051282 8.891251
6.986021 8.932209
7.130509 9.016948
7.220308 9.123957
7.299102 9.215313
7.397398 9.361491
7.443370 9.384910
7.484239 9.397042
7.512538 9.470716
7.448008 9.518057
7.349639 9.580462
7.411552 9.661198
7.395223 9.585368
7.373801 9.618322
7.301388 9.564578
7.159208 9.246986
6.974170 8.917153
6.951305 8.845956
6.888006 8.771356
6.810930 8.612379
6.710858 8.331369
6.652136 8.363898
6.687662 8.306081
6.670926 8.382142
6.570711 8.336132
6.474343 8.216640
6.416475 8.050276
6.383837 8.034976
6.377045 7.960871
6.439124 7.898067
6.511962 7.973633
6.634002 8.044688
6.760472 8.182603
6.938808 8.299753
7.009882 8.217315
6.911443 7.929465
6.465262 7.320495
5.996246 7.010831
5.964758 6.720212
5.884004 6.544343
5.575583 6.154958
4.877588 5.830569
4.553847 5.291080
4.417267 5.140546
4.279531 5.018216
4.323792 4.941407
4.451235 4.997642
4.715552 5.205345
4.872751 5.328154
5.187107 5.510001
5.517610 5.783206
5.981257 6.132676
6.600154 6.484666
6.930925 6.672141
7.061013 6.928854
7.129366 7.034646
7.211514 7.220586
7.223510 7.161391
7.247590 7.196363
7.303186 7.274585
7.550046 7.497816
8.216634 7.800224
8.567083 7.933350
8.724080 8.022940
8.680270 8.048773
8.684845 8.030988
8.634863 7.871846
8.558320 7.872299
8.511673 7.774662
8.352093 7.627654
8.271171 7.512276
8.110837 7.314104
7.865247 7.130133
7.855804 7.031805
7.691706 6.835591
7.335212 6.565191
7.170994 6.214402
6.846124 5.987757
6.680120 5.833671
6.511736 5.569683
6.139115 5.362196
5.947999 5.265479
5.658069 4.971504
5.497969 4.658379
4.951513 4.139405
4.585363 3.790646
4.211657 3.303629
3.892720 3.132336
3.718558 2.906274
3.634761 2.845152
3.524086 2.714860
3.555018 2.769237
3.560646 2.863021
3.600129 3.108235
3.745090 3.283433
3.969529 3.673889
4.384064 4.112272
4.855580 4.610166
5.370111 5.090623
5.809003 5.611884
6.169682 6.047913
6.520218 6.524274
6.868888 6.809811
7.288244 7.136498
7.593795 7.396763
7.659365 7.339466
7.687079 7.257938
7.653156 7.177760
7.564490 7.154862
7.574997 7.101234
7.555785 7.166483
7.578184 7.183202
7.686727 7.265612
7.754761 7.315180
7.774487 7.344418
7.698917 7.329862
7.693425 7.374483
7.744880 7.388653
7.700557 7.315727
7.645588 7.227137
7.562392 7.187043
7.434233 7.167319
7.451516 7.184355
7.376589 7.196222
7.418944 7.228175
7.248778 7.076280
6.984977 7.048010
6.768419 6.817643
6.787713 6.695011
6.783307 6.577107
6.705677 6.460130
6.588088 6.495564
6.562271 6.205301
6.459130 6.147649
6.407858 6.200228
6.392713 6.170891
6.341152 6.136800
6.554321 6.275825
6.874408 6.514628
7.207438 6.729300
7.363128 6.908366
7.543065 7.052540
7.513601 7.074986
7.307725 7.013639
6.770345 6.258584
6.073727 5.868505
5.545428 5.481004
5.155526 5.087766
4.582975 4.916984
4.413656 4.724354
4.146206 4.680638
4.052663 4.549419
4.022418 4.406565
3.834273 4.263337
3.557454 4.176368
3.407625 4.028187
3.182851 3.859395
3.277824 3.877706
3.384125 3.952587
3.590962 4.111468
3.847891 4.353274
4.046328 4.532022
4.299645 4.735151
4.479974 4.901528
4.514875 4.946005
4.219003 4.833461
4.085642 4.711509
4.050913 4.433376
4.016264 4.293452
3.894028 4.021807
3.699849 3.800552
3.488672 3.659462
3.349499 3.566798
3.219021 3.385277
3.199762 3.379069
3.168159 3.382562
3.208072 3.433452
3.296644 3.511967
3.424853 3.641846
3.621538 3.821042
4.081511 4.256149
4.563347 4.592941
4.818886 4.830533
4.944700 4.994305
5.112714 5.299987
5.022576 5.252780
4.899695 5.184867
4.873279 5.061888
4.814551 5.029021
4.843142 5.233288
4.854447 5.297814
4.893439 5.298943
4.931701 5.287719
4.943772 5.297331
4.954585 5.088819
4.972594 5.175454
4.925812 5.244572
4.770322 5.088299
4.712993 4.831413
4.775120 4.771901
4.589061 4.677615
4.565557 4.679356
4.534621 4.575026
4.537686 4.656963
4.307226 4.713700
4.244467 4.767736
4.380949 4.957376
4.489241 5.121395
4.278092 5.171627
4.425576 5.220570
4.493525 5.236659
4.546387 5.240379
4.681106 5.255709
4.692955 5.366126
4.765683 5.363988
5.086955 5.651745
5.344537 5.885877
5.693134 6.161268
6.137523 6.526184
6.505537 6.801751
6.827434 6.952318
7.122204 7.193736
7.272433 7.218659
7.398007 7.349953
7.253655 7.099088
7.160381 6.804539
6.870763 6.392377
6.542222 6.008267
6.234842 5.903025
5.905112 5.484023
5.584678 5.166563
5.348604 4.826716
5.186513 4.638955
5.056308 4.608505
4.899666 4.266043
4.745279 4.145151
4.644859 4.095765
4.569173 4.117215
4.542194 4.158705
4.529496 4.116324
4.341642 3.961522
4.384334 4.056034
4.444324 4.170739
4.417674 4.140535
4.096819 4.072651
3.853358 3.853241
3.703428 3.849568
3.493686 3.762426
3.539975 3.712979
3.576634 3.784925
3.623387 3.724579
3.573776 3.858405
3.613573 3.889076
3.787852 4.037738
3.736626 4.019902
3.817341 4.038154
3.932952 3.967786
4.025953 4.247623
3.846899 4.146727
3.807043 4.103315
3.864029 4.073076
3.866385 4.217719
3.673925 4.216452
3.688795 4.209442
3.672504 4.191665
3.635204 4.069654
3.704965 4.141269
3.761731 4.193440
3.831063 4.293790
3.912225 4.218708
3.949448 4.198641
3.966247 4.189764
4.004456 4.285914
4.075767 4.257846
4.034149 4.149528
3.977582 4.129677
4.021836 4.027722
3.893530 3.821549
3.768414 3.779311
3.632092 3.748950
3.692534 3.728221
3.849021 3.853515
4.079508 4.049823
4.385354 4.246730
4.440584 4.302149
4.489848 4.158138
4.484405 4.303665
4.406498 4.377454
4.495470 4.481557
4.670124 4.548086
4.904593 4.772821
5.132670 4.971166
5.358941 5.264252
5.656653 5.405046
5.788055 5.479520
5.822526 5.474953
5.613143 5.330260
5.312719 4.951550
5.225173 4.828054
5.037531 4.640566
4.845201 4.439015
4.694377 4.252207
4.461438 4.101527
4.348219 4.039067
4.210700 3.944516
4.108903 3.888876
4.044377 3.839780
3.897957 3.686710
3.872685 3.672318
3.907971 3.801475
3.883695 3.816952
4.001340 4.109557
4.186301 4.331177
4.312857 4.440852
4.410094 4.601853
4.481750 4.713682
4.504727 4.754116
4.619530 4.895280
4.831303 5.077433
5.033188 5.294109
5.332152 5.529934
5.539237 5.695666
6.149194 6.204543
6.789965 6.750511
