1.988992 2.095277
1.991145 2.101621
1.994233 2.111487
1.952713 2.102318
1.903884 2.137623
1.916215 2.186047
1.942788 2.311652
1.857989 2.328596
1.897298 2.489348
1.971593 2.638858
1.921235 2.766366
1.930774 2.868913
2.003868 3.058324
2.112713 3.250108
2.104436 3.275470
2.215423 3.381350
2.585531 3.725149
3.081625 4.228765
3.397088 4.557240
3.736452 4.748150
3.879349 4.735992
3.978289 4.744285
4.052444 4.736099
4.142936 4.686320
4.295933 4.805771
4.415524 4.921737
4.591065 4.937446
4.674887 5.012638
4.845954 5.114122
5.010841 5.209787
5.025032 5.290774
4.936144 5.291738
4.870942 5.297239
4.782329 5.290380
4.805484 5.304994
4.813109 5.233346
4.699386 5.155772
4.555408 5.167597
4.556283 5.177259
4.628069 5.105767
4.473971 5.042151
4.514200 4.964282
4.609699 5.059248
4.688717 5.194111
4.680445 5.262802
4.680689 5.176087
4.674186 5.169341
4.772495 5.272623
4.864128 5.343588
4.986219 5.470557
5.550089 5.795575
5.936770 6.138799
6.430317 6.411004
6.662212 6.362081
6.684965 6.337174
6.694256 6.320726
6.646893 6.110163
6.614298 5.936566
6.396138 5.838847
6.105013 5.745545
5.794904 5.688091
5.626837 5.545145
5.273698 5.389710
4.983742 5.384162
4.967110 5.273129
4.703741 5.047930
4.430741 4.898244
4.310212 4.872578
4.311415 4.768431
4.054925 4.507292
3.966677 4.499001
3.842057 4.352759
3.725622 4.415790
3.765464 4.372961
3.836164 4.184675
3.758078 3.999208
3.934976 4.143593
4.098100 4.290779
4.322132 4.507882
4.421537 4.561285
4.447488 4.721133
4.837195 5.233027
5.410967 5.833899
5.750866 6.007233
6.051634 6.194691
6.187302 6.153170
6.375313 6.202296
6.403165 6.147801
6.438644 6.070894
6.380042 5.983767
6.354967 5.961950
6.446488 5.976260
6.576489 6.086030
6.602511 6.144708
6.630420 6.151590
6.635038 6.090939
6.625299 6.039286
6.642684 6.045649
6.558087 6.004573
6.394962 5.781385
6.005002 5.712457
5.771141 5.627211
5.576140 5.491312
5.238557 5.359590
5.248523 5.225310
5.186096 5.187165
5.247233 5.192946
5.438363 5.404489
5.548544 5.495609
5.722244 5.604180
5.414968 5.608934
5.227553 5.337353
5.134046 5.238676
5.048665 5.244152
4.918010 5.296521
4.855067 5.122226
5.394318 5.469651
5.780998 5.818202
5.938130 6.067159
6.093325 6.175087
6.164962 6.151142
6.185575 6.133123
6.126558 6.015629
6.135159 5.906316
6.152923 5.806267
6.148998 5.817920
6.270654 5.814287
6.337987 5.724162
6.243162 5.669048
6.281025 5.655419
6.248519 5.619295
5.918231 5.476894
5.840833 5.322243
5.869398 5.136736
5.877385 5.107806
5.911232 5.009302
6.130935 5.219898
6.370743 5.394307
6.693230 5.634746
7.021488 6.007101
7.513196 6.344799
7.717294 6.617961
7.891496 6.808079
8.011545 6.969861
8.015736 7.081910
8.111326 7.180222
8.133243 7.281541
8.342385 7.529942
8.380263 7.729972
8.396739 7.854874
8.322134 7.978483
8.182498 7.927424
7.818392 7.801681
7.698217 7.532507
7.315832 7.408577
7.088150 7.369020
6.734512 7.204083
6.740816 7.194336
6.822386 7.113136
6.860522 7.126988
6.893686 7.154347
6.904018 7.065541
6.749423 7.006973
6.551957 7.020318
6.594258 6.876425
6.635405 6.866785
6.432018 6.793007
6.574185 6.863437
6.553032 6.935613
6.719539 6.959264
6.800544 6.853915
6.756110 7.053335
6.746364 7.185284
6.503946 6.877938
6.358956 6.757135
6.191531 6.587673
6.031783 6.447159
5.984848 6.505857
5.929123 6.536685
5.826885 6.107450
5.795022 6.010844
5.669230 5.680670
5.600760 5.581098
5.660991 5.481438
5.586629 5.491376
5.760114 5.707414
5.866177 5.816706
5.799671 5.813625
5.665048 5.866452
5.631499 5.712459
5.619618 5.772791
5.644684 5.776755
5.589528 5.808890
5.538500 5.843695
5.706179 6.031061
5.888230 6.268645
6.315133 6.705691
6.867956 7.411952
7.221657 8.081737
7.448592 8.784529
7.397635 9.072202
6.929722 9.027059
6.651821 8.918832
6.483215 8.854716
6.447408 9.005037
6.514367 9.158979
6.653097 9.267456
6.817387 9.367223
6.898669 9.405186
6.999077 9.412116
7.126896 9.387562
7.139253 9.209791
7.113842 9.244756
7.070492 9.210065
7.032773 9.163606
7.026070 9.190852
6.985162 9.200062
7.001717 9.205832
6.938873 9.144867
6.945512 9.093772
6.898660 9.062905
6.662190 8.778918
6.515515 8.508904
6.350678 8.217029
6.086196 8.081683
6.018516 7.790126
5.804874 7.377122
5.657915 7.258705
5.598320 7.274637
5.527979 7.203744
5.636835 7.505352
4.987229 7.319390
4.426177 6.775694
3.956578 6.265804
3.364432 5.800247
3.177917 5.517267
3.199816 5.208871
3.236646 5.065092
3.373673 4.941841
3.653094 5.062592
3.833015 5.014117
4.048363 5.082090
4.369188 5.279896
4.404069 5.358027
4.428906 5.255370
4.549454 5.363976
4.683663 5.459299
4.819131 5.520954
4.929423 5.586530
5.077021 5.734303
5.229323 5.865637
5.348180 5.811870
5.345997 5.616183
5.165669 5.377683
5.024949 5.153405
4.935105 4.917463
4.853583 4.768181
4.845989 4.743378
4.968911 4.803715
5.020902 4.951487
4.940367 5.040349
4.735840 4.862377
4.626256 4.822876
4.501541 4.831285
4.452766 4.805828
4.423528 4.772055
4.300467 4.725179
4.266293 4.864227
4.282380 4.984826
4.185758 5.138881
4.143252 5.399549
4.200802 5.674673
4.076263 5.807948
3.884919 5.918986
3.795312 5.760318
3.343691 5.650394
3.041651 5.451582
2.789361 5.191649
2.551122 4.943075
2.522971 4.715570
2.748571 4.749861
2.836709 4.679612
2.985878 4.495455
3.074831 4.487331
3.324923 4.545280
3.588717 4.629500
3.775914 4.750617
4.140826 4.982716
4.497411 5.210604
4.871431 5.322735
5.196464 5.392124
5.415016 5.397166
5.665066 5.290683
5.934290 5.553293
5.984084 5.619642
6.083592 5.764910
5.910121 5.645127
5.667282 5.700238
5.511011 5.915508
5.367154 6.052086
5.152808 6.085363
4.831259 5.824073
4.544225 5.596152
4.318143 5.472224
4.032541 5.315028
3.837013 5.150032
3.707653 4.932192
3.640128 4.827405
3.547818 4.858452
3.504045 4.942043
3.370198 5.008813
3.279141 4.911448
3.061167 4.632440
2.938678 4.526589
2.823791 4.316502
2.625355 4.264035
2.591198 4.188086
2.641902 4.132455
2.749017 4.245583
2.817902 4.236257
2.952788 4.441044
2.925333 4.380980
2.642738 4.056034
2.246653 3.645780
1.967978 3.348928
1.803647 3.019007
1.765523 2.914764
1.825500 2.881665
1.952845 2.847347
2.099951 2.959473
2.294158 3.087074
2.460588 3.145532
2.703424 3.288195
2.950328 3.528343
3.314902 3.785693
3.647652 4.111689
3.993570 4.429894
4.289341 4.741996
4.587209 5.061501
4.850467 5.523522
4.626626 5.847631
4.489753 6.078248
4.453264 5.952747
4.566655 5.880151
4.623055 5.790000
4.762023 5.733877
4.945592 5.827321
5.229743 5.913297
5.582620 6.042075
5.860709 6.155842
6.066144 6.269629
6.246440 6.389086
6.270005 6.499713
6.171634 6.606438
6.094726 6.699698
6.141556 6.912316
6.015139 6.932525
5.837587 6.902059
5.826529 6.857916
5.690231 6.874277
5.819506 7.035524
5.942685 7.152561
6.055825 7.147435
6.145146 7.099075
6.223221 7.125378
6.348392 7.196700
6.535665 7.294950
6.547835 7.298133
6.579084 7.171304
6.654052 7.175662
7.005218 7.283648
7.128546 7.291478
6.959964 7.308340
6.676691 7.359357
6.192872 7.413793
5.387030 7.261398
5.189327 7.384124
5.086299 7.517261
4.949487 7.629016
4.842826 7.578625
5.026132 7.746768
4.546011 6.954960
4.088693 6.175878
3.565586 5.323328
3.355918 5.014252
3.315724 4.778540
3.184169 4.538733
3.190353 4.578117
3.241855 4.478338
3.199587 4.424078
3.229038 4.436062
3.116913 4.263590
2.941477 4.049009
2.895237 3.917086
2.919953 3.934604
3.008047 3.969372
3.068179 4.026558
3.256641 4.136216
3.452252 4.267707
3.654368 4.352767
3.886283 4.538408
4.031581 4.720869
4.122023 4.760500
4.104052 4.590855
4.055457 4.549617
4.093077 4.515903
3.998549 4.499762
3.896147 4.478834
3.742254 4.466726
3.681273 4.365313
3.774025 4.455405
3.847829 4.504655
3.888588 4.536937
3.921269 4.558523
3.923105 4.564878
4.085845 4.591504
4.190938 4.646044
4.425694 4.852899
4.710703 4.942848
4.879963 5.100234
5.004007 5.256344
5.274733 5.350141
5.219956 5.355795
5.214822 5.338874
5.149444 5.393559
5.096540 5.321582
5.201896 5.321332
5.323442 5.270789
5.342965 5.121707
5.331676 5.130626
5.643023 5.159746
5.699317 5.200983
5.974001 5.278160
6.201695 5.220222
6.390073 5.193339
6.600925 5.183949
6.856498 5.191974
7.056468 5.160791
7.310258 5.190981
7.612128 5.153145
8.001472 5.238029
8.315943 5.280191
8.600907 5.304681
8.770366 5.373689
8.923361 5.374155
9.196036 5.424945
9.463528 5.485106
9.683350 5.445013
9.978139 5.510160
10.220643 5.592227
10.705325 5.724449
10.898102 5.880343
10.778257 6.102797
10.454960 6.519227
9.449592 6.849014
8.503275 7.269220
7.692902 7.520360
7.031896 7.617723
6.592511 7.647028
6.323847 7.711889
6.022788 7.872242
5.719714 7.640934
5.408837 7.421513
4.987995 7.243887
4.653492 7.045669
4.224083 6.845991
3.922962 6.420340
3.771014 6.183270
3.654327 6.211455
3.566158 5.979035
3.628272 6.115088
3.522371 5.996020
3.426239 5.887921
3.431318 5.712148
3.549479 5.683924
3.600008 5.550891
3.392869 5.311005
3.403776 5.191181
3.410512 5.158936
3.489321 5.008926
3.532960 5.096190
3.594404 5.062935
3.656552 5.000142
3.716160 5.027534
3.787146 4.915335
3.840791 4.855254
3.939120 4.750293
4.048351 4.757115
4.115962 4.832036
4.111273 4.878782
4.240057 5.032631
4.396404 5.141743
4.496684 5.200283
4.677090 5.288521
4.711312 5.569055
4.497932 5.467391
4.337232 5.292964
4.359108 5.233845
4.416038 5.318504
4.415773 5.375109
4.395962 5.360028
4.324984 5.336782
4.277254 5.350953
4.275395 5.306045
4.398189 5.393168
4.516577 5.491737
4.668784 5.457813
4.836448 5.316673
4.954061 5.414250
5.129549 5.525364
5.315767 5.656778
5.426284 5.783306
5.422017 5.761708
5.537078 5.810531
5.454336 5.655315
5.341560 5.611274
5.293163 5.588304
5.250708 5.625862
5.141237 5.629761
5.111836 5.735719
5.250859 5.845998
5.201964 5.856663
5.278013 5.757881
5.271930 5.689665
5.182693 5.700792
5.163079 5.717338
5.184512 5.768854
5.159406 5.921863
5.089886 5.873542
5.138852 5.931118
5.247570 6.092168
5.123872 5.941491
4.952963 5.633339
4.796559 5.344451
4.462397 5.015797
4.253429 4.848453
4.070880 4.573974
3.867050 4.400873
3.636863 4.277653
3.601826 4.196455
3.691872 4.281431
3.549491 4.077062
3.333876 3.793826
3.303209 3.739124
3.284292 3.741681
3.309054 3.703022
3.385565 3.746627
3.440815 3.790981
3.591670 3.920236
3.711239 3.976062
3.819284 4.184488
4.035012 4.326086
4.212299 4.472847
4.384818 4.667069
4.602470 4.797705
4.802333 4.969652
4.946916 5.085310
5.235354 5.326738
5.473494 5.551917
6.032918 6.038952
6.571121 6.450665
