130
17050
17470
17810
18170
18630
18950
19340
19740
20130
12290
17070
17470
17790
18200
18570
18970
19330
19740
20150
12270
17060
17480
17780
18200
18560
18970
19310
19740
20070
12280
17100
17410
17790
18210
18620
18900
19290
19770
20120
12250
17050
17380
17740
18140
18560
18930
19340
19690
20030
12260
17030
17390
17830
18150
18530
18950
19300
19660
20050
12250
17030
17380
17830
18190
18580
18930
19280
19680
20070
12310
17090
17470
17810
18210
18570
19030
19340
19720
20090
12260
17060
17380
17840
18160
18560
18930
19370
19710
20110
12260
17050
17390
17780
18150
18520
18960
19350
19780
20100
12280
17000
17450
17810
18190
18530
18980
19290
19780
20080
12260
17100
17430
17870
18170
18640
17930
19340
19710
20100
12300
17090
17410
17800
18200
18630
19010
19330
19720
20200
12280
17100
17410
17850
18230
18620
18990
19360
19720
20130
12310
17090
17490
17830
18210
18630
19100
19370
19760
20130
12300
17080
17410
17900
18200
18640
18990
19310
19750
20080
12300
17040
17440
17830
18210
18560
18980
19380
19720
20150
12300
17050
17490
17830
18240
18610
19000
19350
19760
20090
12310
17140
17450
17820
18230
18580
18980
19360
19730
20120
12300
17120
17450
17870
18070
18470
18940
19410
19770
20190
12320
17170
17560
17850
18230
18610
19050
19390
19770
20180
12410
17130
17520
17910
18300
18610
19090
19390
19870
20210
12400
17160
17530
17910
18290
14820
12620
12890
13180
13460
8210
11390
11620
11860
12130
12350
12630
12860
13200
13390
8200
11350
11650
11900
12130
12390
12690
12890
13170
13430
8200
11360
16860
17850
17870
14230
12670
12860
13140
13400
8200
11380
11660
11880
12170
12350
12500
12740
13030
13250
8040
11260
11450
11720
11970
12240
12520
12780
13020
13250
8130
11250
11490
11710
12340
12190
12510
12790
13000
13180
8090
11280
11450
11710
11940
12280
12410
12710
13060
13230
8130
11270
11550
11700
11970
12180
12470
12710
13000
13160
8110
11240
11530
11770
11910
12190
12460
12700
12970
13170
8110
11280
11420
11660
11980
12180
12440
12680
13030
13170
8080
11240
11400
11780
11970
12300
12480
12760
12930
13260
8120
11440
11540
11770
11970
12180
12500
12810
13010
13330
8140
11330
11580
11900
12250
12560
12910
13150
13520
13800
8410
11580
11820
12200
12580
12850
13190
13560
13950
14170
8460
12010
12090
12510
12850
13360
13920
14460
14920
15490
8930
12350
12950
13330
13740
14180
14710
15190
15720
16340
8830
11970
12430
12900
13370
13820
14340
14870
15530
16050
8780
12160
12690
13300
13800
14450
14830
15330
15780
16470
8890
12270
12790
13360
13990
14720
15320
15890
16630
17730
9380
12700
13480
13980
14480
14980
15480
16210
16600
17160
9160
12420
12930
13620
13990
14490
14740
15370
15890
16200
8870
12170
12620
12950
13370
13650
14070
14530
14800
15370
8750
12040
12460
13030
13630
14260
15000
15650
15980
16570
9520
12920
13440
14060
14510
15170
15650
16120
16630
17270
8970
12320
12900
13420
14000
14610
14900
15590
16110
16720
9010
12290
12890
13470
14050
14610
15200
15710
16440
17130
9050
12310
13120
13790
14640
15040
15680
16290
16980
17740
9340
12570
13280
14040
14510
15290
15880
16690
17100
17830
9440
12820
13600
14210
14790
15530
16380
16950
17590
18300
9650
13220
13870
14740
15340
16180
17060
17930
18670
19700
10240
14250
14700
15640
16210
17150
18020
19100
19700
20340
9930
13560
14390
15350
16270
16960
17840
18850
19740
20730
10080
13980
14610
15580
16130
16910
17690
18200
19190
19450
10150
