280
360
410
470
540
710
710
810
930
990
1120
1420
1700
1700
1680
1090
1120
1100
1080
1080
1080
1080
1110
1100
1090
1130
1700
1710
1130
1090
1030
1470
1520
1270
1080
1080
1080
1080
1080
1080
1080
1080
1080
1080
1080
1080
1080
1080
1080
1080
1080
1080
1080
1080
1080
1080
1080
1080
1070
1080
1100
1100
1120
1080
1090
1700
1700
1710
1700
1700
1710
1700
1700
1700
1700
1710
1700
1700
1400
1650
1700
1340
1690
1690
1650
1100
1070
1470
1160
1090
1090
1080
1080
1080
1080
1080
1070
1070
1110
1130
1120
1120
1110
1130
1120
1080
1070
1570
1110
1120
1120
1080
1190
1080
1080
1560
1120
1420
1700
1370
1090
1080
1080
1080
1120
1080
1540
1700
1690
1700
1690
1700
1700
1280
1080
1080
1120
1120
1080
1080
1080
1080
1080
1090
1080
1210
1160
1090
1470
1690
1220
1090
1690
1690
1690
1700
1690
1470
1120
1110
1120
1100
1080
1100
1130
1110
1120
1130
1120
1120
1130
1110
1120
1120
1120
1110
1110
1120
1120
1120
1120
1130
1120
1120
1120
1120
1120
1130
1110
1120
1100
1120
1110
1110
1080
1080
1080
1080
1080
1120
1090
1090
1130
1120
1230
1700
1610
1080
1080
1080
1090
1080
1080
1170
1710
1700
1710
1700
1700
1710
1230
1080
1080
1080
1080
1080
1070
1070
1080
1430
1700
1690
1090
1120
1110
1110
1110
1110
1100
1440
1110
1090
1100
1080
1080
1080
1090
1080
1070
1080
1510
1170
1080
1400
1710
1710
1710
1700
1710
1470
1090
1070
1080
1080
1080
1080
1080
1080
1080
1080
1080
1080
1090
1090
1080
1080
1080
1120
1100
1080
1080
1100
1130
1110
1110
1110
1080
1080
1080
1090
1090
1100
1080
1080
1100
1090
1080
1120
1120
1120
1140
1120
1120
1110
1110
1120
1130
1110
1110
1110
1110
1130
1130
1110
1120
1120
1120
1110
1110
1130
1120
1120
1110
1120
1110
1120
1110
1120
1080
1090
1140
1090
1090
1110
1110
930
1090
1090
1080
1080
1100
1110
1080
1080
1090
1100
1100
1110
1110
1090
1120
1080
1120
1080
1100
1090
1100
1140
1110
1090
1580
1080
1080
1110
1100
1100
1090
1080
1120
1120
1110
1100
1090
1130
1120
1120
1120
1120
1110
1120
1130
1100
1080
1080
1670
1690
1690
1690
1480
1080
1080
1190
1550
1260
1080
1080
1110
1080
1080
1110
1110
1080
1070
1080
1330
1490
1090
1080
1080
1080
1090
1070
1080
1080
1090
1110
1120
1080
1080
1080
1090
1080
1090
1130
1110
1080
1630
1630
1530
1430
1120
1110
1110
1100
1080
1080
1090
1130
1140
1130
1130
1110
1330
1080
1100
1080
1080
1110
1080
1070
1080
1070
1080
1080
1080
1080
1080
1100
1670
1130
1110
1100
1110
1130
1090
1080
1080
1080
1080
1070
1090
1080
1080
1070
1070
1080
1080
1120
1110
850
880
1120
1540
1710
1710
1720
1720
1710
1720
1710
1720
1270
1110
1110
1120
1120
1110
1120
1120
1120
1140
1110
1110
1110
1110
1110
1120
1110
1120
1110
1120
1130
1110
1100
1120
1110
1110
1120
1110
1120
1120
1090
1080
1080
1080
1080
1080
1080
1080
1090
1090
1110
1090
1140
1650
1270
1070
1080
1370
1650
1290
1360
1390
1080
1080
1080
1070
1080
1440
1120
1080
1080
1080
1080
1080
1070
1080
1080
1110
1090
1080
