80
9330
9560
9800
10000
10900
10720
11070
11020
11640
7600
10500
9590
9670
9990
10260
10870
11320
10870
11930
7530
11320
10060
10730
10020
10220
10580
10750
10970
11290
8240
10560
10140
10660
10010
10500
11250
10640
11180
11480
7210
9440
10200
10330
10880
10080
11180
11170
10980
11210
6990
9310
9570
9760
10030
10450
11410
10820
11730
11930
7430
9290
10330
9850
10690
10600
11760
11040
11300
12230
7460
9550
9640
10200
10070
10740
11030
11240
11550
11130
7250
10210
9880
9840
10360
11620
13000
12290
11000
11890
6990
9970
9780
9760
10000
10250
11400
13200
11900
11140
7050
9640
10200
10170
10040
10510
10440
11350
12570
11210
6990
9300
9510
9750
10000
10230
10430
10700
10920
11140
7010
9290
9490
9770
9960
10200
10440
10710
10970
11180
7020
9340
9540
9810
10060
10240
10510
10830
10980
11220
7050
9280
9500
9750
9970
10240
10460
10710
10940
11160
7070
9320
9530
9740
10040
10240
10540
10650
10870
11160
7000
9320
9530
9760
10010
10260
10480
10670
10960
11160
7090
9340
9610
9830
10060
10280
10510
10760
11020
11240
7020
9310
9510
9750
9970
10210
10440
10690
10950
11180
7040
9310
9590
9820
10040
10210
10490
10720
10960
11150
7040
9320
9620
9810
10020
10260
10460
10730
10920
11160
7110
9380
9580
9830
10050
10350
10560
10750
11010
11210
7040
9330
9550
9730
9990
10240
10410
10680
10870
11130
7000
9260
9540
9770
9970
10210
10410
10660
10850
11140
7010
9300
9480
9770
10060
10230
10450
10650
10910
11180
7000
9290
9510
9750
9970
10230
10440
10680
10930
11130
7030
9330
9530
9770
10020
10230
10410
10690
10880
11130
7040
9290
9530
9780
9970
10190
10450
10750
10890
11110
7000
9280
9590
9750
9990
10250
10430
10670
10940
11160
7000
9270
9520
9750
9980
10230
10460
10690
10930
11160
7030
9280
9540
9770
10010
10210
10420
10710
10910
11180
7010
9310
9520
9710
9970
10240
10480
10660
10950
11180
7000
9320
9540
9740
10020
10210
10130
10750
10960
11190
7060
9310
9570
9790
10020
10260
10480
10680
10930
11150
7080
9340
9540
9760
9990
10230
10460
10680
10930
11230
7020
9270
9510
9770
10050
10210
10430
10690
10920
11180
7020
9290
9510
9720
10000
10260
10450
10700
10900
11150
7040
9320
9530
9730
10030
10240
10450
10690
10940
11150
7060
9340
9520
9780
10050
10230
10450
10680
10890
11170
7050
9350
9580
9780
10020
10250
10480
10690
10910
11160
7050
9340
9530
9770
9980
10220
10570
10700
10950
11190
7070
9360
9570
9780
10040
10290
10520
10770
10990
11190
7020
9310
9600
9780
9990
10240
10470
10260
10400
11270
7060
9310
9570
9760
9990
10240
10500
10720
10930
11160
7090
9330
9560
9770
10000
10260
10470
10700
10930
11200
7060
9300
9560
9800
10000
10270
10530
10700
10960
11200
7120
9370
9550
9770
10080
10250
10530
10740
10990
11180
7030
9350
9500
9740
10030
10220
10430
10670
10920
11170
7070
9320
9570
9770
10030
10250
10450
10700
10960
11190
7070
9380
9540
9730
10000
10270
10440
10680
10950
11160
7080
9310
9560
9820
9990
10240
10490
10700
10950
11170
7070
9380
9580
9800
10020
10270
10490
10760
10950
11230
7020
9330
9540
9860
10030
10260
10470
10730
10930
11190
7020
9270
9500
9740
9960
10180
10400
10660
10870
11100
7020
9370
9640
9830
10010
10310
10530
10720
10980
11210
7070
9430
9630
9810
10030
10310
10480
10790
10980
11240
6980
