0.226333
0.312122
0.421110
0.465427
0.500427
0.586278
0.609701
0.616825
0.884237
1.017988
1.299526
1.464240
1.741453
2.133003
2.202850
2.177392
2.029846
2.127463
2.181685
1.643792
1.282774
0.751235
0.437887
0.399008
0.664356
1.203492
1.589404
2.115427
2.484577
2.869872
3.389108
3.812797
4.213209
4.803450
5.169450
5.719300
6.101638
6.635398
6.957494
7.299458
7.826938
8.159864
8.721782
9.080342
9.433457
9.490020
9.567515
9.706659
9.765572
9.528994
9.328033
9.197706
9.094306
8.481911
8.096105
7.460060
6.802900
6.407703
6.009819
5.587975
5.030173
4.676814
4.331913
3.767174
3.363491
2.972780
2.421999
1.950089
1.554284
1.242196
1.174360
1.269323
1.477732
1.745748
2.171511
2.448984
2.802409
3.375871
3.562295
3.537900
3.113270
2.805690
3.295860
3.513048
3.524685
3.039274
2.556554
2.231067
1.917013
1.626087
1.423948
1.454713
1.716617
1.969820
2.280056
2.803308
3.177807
3.619909
4.257769
4.673319
5.319406
5.715567
5.974622
6.338273
6.872737
7.352694
7.684205
8.189303
8.603033
8.977267
9.383207
9.425435
9.547805
9.667879
9.668427
9.401033
9.297307
9.218092
9.202413
9.231194
9.322180
8.642566
8.240436
7.861010
7.370238
6.606335
6.176779
5.853168
5.269193
4.866383
4.492358
3.905140
3.444981
3.048754
2.717222
2.212837
1.926639
1.663699
1.209952
1.289886
1.489548
1.942763
2.309106
2.654127
3.170718
3.576853
3.962832
4.182154
4.361657
4.150022
3.738831
3.972689
3.953332
3.070188
2.559562
1.900869
1.307509
0.917459
0.642259
0.528471
0.881105
1.231012
1.614978
2.231352
2.691349
3.128198
3.550454
4.156835
4.631786
5.317420
5.817092
5.878884
5.845429
6.214041
6.612881
7.207010
7.609733
8.038339
8.510547
9.006823
9.036958
8.827087
9.111055
9.329267
9.019869
8.808645
8.632020
8.569077
8.523757
8.643828
8.788123
9.051803
9.220924
9.523536
9.802373
10.108748
10.549062
10.876041
11.372429
11.772089
12.043618
12.668623
13.295015
13.703978
13.904804
14.690457
14.472340
13.855182
13.445538
12.879450
12.381023
11.595927
11.198582
10.964684
10.743689
10.531267
10.249145
10.086421
9.952125
9.793724
9.713512
9.725690
9.745992
9.320192
8.469492
8.341053
8.573775
8.727838
8.900697
8.428592
8.543101
8.807687
8.869025
9.022575
9.291851
9.553835
9.766959
9.934810
10.144310
10.371222
10.399216
10.657329
10.913942
10.894804
10.892921
11.159737
11.442454
12.085674
12.606351
13.048252
13.663270
14.009815
13.998730
13.388568
12.784047
12.203071
11.819237
11.151902
10.071185
9.517128
8.710102
8.406169
8.104010
7.820216
7.560997
7.473840
7.213982
7.170483
7.088113
6.975380
7.063693
7.380536
7.723267
8.112390
7.481854
7.463312
7.090060
7.153076
7.329744
7.512856
7.490234
7.361508
7.375809
7.509317
7.738943
8.084008
8.327271
8.899735
9.486981
10.034718
10.583255
10.950405
11.406625
11.408126
11.846896
11.927501
12.081761
12.168237
12.046607
12.202944
12.041360
11.696648
11.331473
10.563705
10.578684
10.780219
10.201563
9.972437
9.552114
9.311266
8.946790
8.603742
8.462504
8.186175
8.026810
7.867569
7.601200
7.418798
7.502344
7.530410
7.700821
7.794405
7.350343
7.296407
7.286577
7.687132
7.821467
7.853621
7.955379
8.194345
8.099027
8.353732
8.731421
9.017674
9.376262
9.978434
10.734047
11.179045
11.704260
12.024904
12.628252
13.444876
13.080709
13.030675
12.645172
12.289801
11.967630
11.550238
11.518981
11.779376
12.100216
12.692771
12.955954
13.406913
13.837974
14.483558
14.514534
14.496606
14.822456
15.304390
16.042196
16.481082
17.142683
16.912244
17.319569
17.742280
18.378564
18.372607
18.306708
18.711637
18.979435
19.392143
20.048472
20.431362
21.113308
21.532116
21.949172
22.127352
22.403417
22.474560
22.590329
22.602029
22.957208
22.706290
22.465998
21.747929
21.330421
21.369984
21.342745
21.316915
20.627930
20.082650
19.640356
19.203338
18.561297
18.130691
17.695355
17.410334
16.976531
16.514157
15.927312
15.504480
15.549347
15.635990
15.616600
15.675245
15.717588
15.267685
14.860829
14.434804
13.844462
13.366700
12.775550
12.518035
12.105198
11.827121
11.678273
11.472631
11.342114
11.500102
11.918329
11.924569
12.197750
12.570183
13.297585
13.961479
13.462251
12.792573
12.304702
11.906856
11.866442
11.918642
12.255593
12.203102
12.158067
12.213764
12.534079
13.140031
13.555502
13.967919
14.423650
14.849479
15.059681
15.692150
16.208748
16.602116
17.004354
17.784641
18.223707
18.853033
19.495701
19.891425
20.512193
20.993596
21.438497
22.323630
22.776968
23.002788
23.006792
22.928762
23.024245
23.308721
23.017280
22.235755
22.248073
22.265210
21.839262
21.090797
20.459889
20.054832
19.445058
19.022410
18.380580
17.965742
17.554157
17.540394
17.623478
16.931622
16.499698
16.106082
15.616949
15.246770
14.598377
14.221391
13.817423
13.167052
13.188067
12.600734
12.230850
12.028996
11.720401
11.608416
11.802232
11.524333
11.632601
11.985716
12.275003
12.592347
12.844551
12.692321
12.347602
12.025461
11.912666
11.829341
11.721657
11.793685
11.993171
12.121969
12.311668
12.910341
13.318409
13.602309
14.104458
14.524256
14.407159
14.526882
14.940630
15.336567
15.734107
16.143185
16.358858
17.088196
17.491685
17.940383
18.500072
18.922445
19.375514
20.123529
20.542375
21.212761
21.709568
22.093793
22.610239
22.540793
22.283177
22.373710
21.958611
21.717649
21.032606
20.616290
19.793784
19.203310
18.787988
18.160272
17.749616
17.466817
16.993499
16.674611
16.254518
15.869603
15.263367
14.661070
14.653631
14.099149
13.756050
13.014136
12.645380
12.085963
11.759651
10.792893
9.923169
