90
140
180
230
260
330
390
620
690
760
840
820
830
580
570
530
530
530
530
540
550
550
560
540
540
550
550
550
560
530
530
590
830
830
830
840
830
780
540
550
550
520
530
520
530
540
530
530
530
540
550
530
530
530
540
540
500
660
760
840
750
690
530
530
540
530
530
530
530
530
540
540
530
540
540
540
540
540
550
540
550
540
550
560
550
550
550
560
550
540
550
550
550
560
550
560
550
550
560
540
560
550
550
560
560
560
560
570
550
550
560
570
570
570
570
580
580
580
570
560
570
710
880
870
860
570
560
560
550
560
560
560
570
570
570
570
570
570
570
570
560
560
560
560
640
880
890
890
880
700
580
590
610
590
590
610
590
600
590
580
580
570
580
580
580
580
580
580
580
580
600
620
620
630
630
640
630
640
630
620
620
620
610
630
620
700
720
630
590
580
590
600
610
620
640
650
650
640
820
620
600
590
590
600
600
600
590
610
600
590
590
580
590
590
610
590
590
590
580
590
570
580
580
570
600
560
560
570
560
550
560
570
550
560
580
570
570
690
870
870
880
870
880
880
890
880
890
880
880
870
870
650
550
570
570
570
570
560
570
560
540
550
590
550
550
550
550
550
550
530
540
530
530
540
530
540
530
530
530
760
530
530
640
840
850
530
530
530
540
530
530
760
830
830
820
830
820
830
820
820
830
810
810
820
810
820
810
590
530
530
530
530
530
530
530
530
530
530
530
530
540
540
530
530
530
520
530
530
540
530
530
530
530
530
530
530
530
530
530
530
530
540
530
530
530
530
530
530
530
530
780
550
550
560
550
550
550
550
550
540
560
550
530
530
530
540
550
530
540
530
540
710
840
850
810
530
520
540
530
530
530
530
530
530
530
540
540
550
550
530
540
770
810
820
810
810
810
820
810
810
820
820
810
810
820
820
810
820
810
810
530
680
840
850
850
850
580
550
560
540
530
540
540
530
540
540
630
840
840
850
840
790
540
530
530
540
530
530
540
530
540
540
550
530
530
550
550
550
550
550
560
550
540
530
530
530
560
530
540
530
560
550
550
550
540
540
530
540
530
550
560
550
540
540
530
540
540
530
530
540
530
540
530
540
530
550
540
530
530
550
540
540
530
550
540
540
570
540
530
540
540
530
550
530
540
540
540
530
550
530
550
540
540
550
580
740
540
530
530
550
540
540
800
860
850
850
860
850
860
860
860
630
560
570
540
550
540
560
590
680
860
860
860
860
870
860
870
860
860
860
860
670
550
560
540
550
550
540
540
530
540
