0.184476
0.268558
0.436977
0.484067
0.546522
0.662170
0.724891
0.760365
1.046143
1.195179
1.569231
1.724215
1.937401
2.357593
2.442390
2.350350
2.185534
2.304733
2.538895
2.135379
1.678340
1.242629
1.132350
1.008834
1.116232
1.510618
2.007698
2.432764
2.747046
3.168796
3.659409
3.958977
4.281390
4.698537
4.902466
5.404156
5.739132
6.217622
6.650938
6.959164
7.578551
7.885279
8.574886
8.967572
9.447964
9.591287
9.703081
9.977732
10.146721
10.167653
10.182161
10.293128
10.600633
10.402292
10.124469
9.496747
8.979812
8.602028
8.252951
7.859273
7.011429
6.565316
6.131335
5.328495
4.629237
3.899779
3.154572
2.229425
1.591962
1.412608
1.461034
1.906631
2.386147
3.012784
3.441981
3.915075
4.359832
4.899065
5.099807
4.982458
4.576072
4.139102
4.401192
4.393944
4.030372
3.114957
2.534293
2.126680
1.844548
1.604034
1.204139
0.912799
1.091376
1.457436
1.869967
2.613271
3.091366
3.610490
4.295798
4.708508
5.257257
5.604328
6.034287
6.256367
6.791326
7.075144
7.469664
8.172302
8.769638
9.281481
9.608888
9.558955
9.741833
9.930307
10.178476
9.925521
9.829473
9.803535
9.923567
10.130348
10.266187
9.549212
9.164426
8.778685
8.370846
7.842525
7.445917
7.170427
6.782015
6.246634
5.837743
5.083705
4.612293
4.121803
3.563541
2.861144
2.532482
2.275253
1.976365
1.851009
1.846876
1.696240
1.672019
1.785205
2.034979
2.351778
2.264439
1.999236
1.655117
0.999405
0.525118
1.376140
2.317362
2.476274
2.558563
3.019176
3.486900
3.945296
4.137765
4.388190
4.835834
5.125348
5.387736
5.930758
6.429897
6.781659
7.166338
7.533200
7.782604
8.319156
8.820726
8.823808
8.816913
9.184214
9.757841
10.377742
10.869947
11.524169
11.929613
12.410659
12.517081
12.582570
12.727232
12.912754
12.758482
12.934098
12.802579
12.779677
12.889582
13.043687
13.149941
13.286149
13.409200
13.626404
13.775323
14.075373
14.628050
15.318606
16.373984
17.463195
18.016206
19.233655
20.282880
21.002321
21.077317
21.547430
21.467610
21.173553
20.478430
20.138859
19.698900
18.927672
18.561588
18.245498
18.027785
17.725789
17.348393
17.130480
16.888031
16.754927
16.719848
16.784350
16.890812
16.411686
15.378762
14.939314
14.926547
14.933580
14.890278
14.623824
15.046553
15.546443
15.925390
16.222450
16.514660
16.597120
16.892368
16.775703
16.998151
16.965621
16.964046
17.152851
17.414242
17.413313
17.419332
17.606307
17.791566
18.525315
19.135607
19.507890
20.080439
20.365054
20.073632
19.377350
18.762820
17.979941
17.554137
17.108587
16.184402
15.434515
14.498888
13.954153
13.659042
13.402993
13.102437
12.957316
12.747036
12.810198
12.818356
12.908298
12.991037
13.292084
13.654329
14.032033
13.781935
13.910641
14.310567
14.586802
14.766297
14.895033
14.921467
14.679903
14.621467
14.554034
14.585118
14.867799
14.966994
15.226880
15.666306
16.193825
16.684501
16.858646
17.272425
17.181973
17.619924
18.017821
18.135720
18.345728
18.554892
18.716789
18.085617
17.765952
17.293929
16.463354
16.393822
16.211516
15.626521
15.246461
15.195679
15.121983
14.903175
14.610299
14.418958
14.297577
14.248333
14.285758
14.133673
13.976319
13.968779
13.988705
14.064369
14.023519
13.905108
14.616390
15.277410
15.794699
16.141086
16.268025
16.387399
16.563066
16.545873
16.649650
16.763980
16.793987
17.008384
17.488339
18.488406
19.184554
20.143637
21.075728
22.354901
23.628481
23.706371
23.310715
22.773786
22.414051
22.000532
21.403127
21.068315
20.854583
20.769494
21.115207
21.297766
21.527257
21.849161
22.327473
22.140534
21.892309
21.614819
21.569857
21.679244
21.220391
20.980124
20.471898
20.323514
20.129357
20.113290
19.685284
19.183037
19.377329
19.540945
19.759386
20.462042
21.820973
24.228605
28.691164
32.921879
36.198616
38.279786
39.345229
39.709869
40.140262
40.672720
40.507915
40.260468
39.810812
39.358260
39.560818
39.484476
39.534376
38.919308
38.566047
38.416416
38.235016
37.654340
37.286012
37.040997
36.640345
36.280070
35.889787
35.360384
35.000489
34.976539
35.078156
35.070016
35.340992
35.317560
34.908963
34.550923
34.218149
33.719844
33.341688
32.990345
32.699703
32.467587
32.241551
32.144226
31.931532
31.775330
31.854166
32.225374
32.116143
32.342163
32.604317
32.986619
33.392356
32.821880
32.218017
31.436623
30.886769
30.431305
30.091249
29.505367
28.784532
28.095185
27.224813
26.578382
26.265534
25.637045
25.175118
24.601751
24.697504
24.296818
24.717153
24.929099
24.804700
24.616358
24.737351
24.525123
24.874124
24.913961
25.544305
26.906580
28.294679
31.132256
34.169284
36.752122
38.711740
40.087608
41.123451
41.801041
42.362556
42.640986
42.251744
42.451651
42.591359
42.192335
41.741720
41.302958
40.994840
40.442574
40.377983
39.805835
39.470410
39.137520
39.049552
39.024762
38.464644
38.117913
37.863405
37.525974
37.198586
36.739203
36.442138
36.145301
35.860090
35.601293
35.189831
35.007348
34.773516
34.713784
34.791077
35.050596
34.901735
34.819507
35.213458
35.596412
36.056660
36.400003
36.236047
35.759806
35.450134
35.344395
35.294930
35.301011
35.322858
35.425387
35.490444
35.830678
36.332478
36.668473
37.023765
37.377671
37.726739
37.754344
37.978534
38.320652
38.653608
39.101121
39.565684
39.914494
40.423474
40.896749
41.499530
42.102868
42.440983
43.048743
43.648159
44.070083
44.761985
45.235030
45.741904
46.367674
46.671782
46.171354
46.194418
45.720231
45.471240
44.728440
44.261073
43.377295
42.801644
42.432251
41.843029
41.458378
41.121547
40.767644
40.438755
40.099462
39.780578
39.282671
38.969288
38.699022
38.255749
37.939166
37.620787
37.288275
36.951993
36.649504
35.814240
35.079386
