2.122890 2.029085
2.133784 2.058351
2.130345 2.087852
2.140691 2.155927
2.140658 2.245809
2.164665 2.376502
2.191610 2.510003
2.226084 2.647519
2.305848 2.834178
2.386460 3.029331
2.436969 3.198367
2.465811 3.353151
2.548076 3.470748
2.731696 3.570917
2.702303 3.529123
2.749465 3.475401
2.935497 3.671994
3.287078 4.066370
3.499715 4.222968
3.749288 4.449297
3.883502 4.542279
3.970998 4.656593
4.115851 4.727250
4.261152 4.853439
4.463996 4.999633
4.698867 5.224014
4.893763 5.394404
5.086738 5.549423
5.270687 5.722009
5.401199 5.840881
5.505648 6.010218
5.599978 6.112739
5.627639 6.192128
5.550961 6.316487
5.645266 6.276438
5.608415 6.235216
5.571732 6.192904
5.464649 6.129436
5.266848 6.118668
5.226780 6.057234
5.205937 5.973801
5.202689 6.023823
5.232653 6.119077
5.216064 6.198399
5.113487 6.074359
5.008050 5.853187
4.974616 5.703557
5.003393 5.596890
4.976593 5.545242
5.029556 5.474871
5.395755 5.793952
5.849662 6.396126
6.379498 6.747025
6.694504 7.029654
6.918696 7.334316
6.941504 7.402002
7.021238 7.485112
7.038507 7.532014
7.033499 7.487669
6.858888 7.517356
6.818657 7.484058
6.762590 7.403327
6.666671 7.436058
6.643281 7.350939
6.528580 7.276427
6.397707 7.162466
6.276457 7.020314
6.089540 6.716827
6.105785 6.575757
6.048482 6.625392
5.875617 6.222594
5.633753 5.848023
5.331386 5.701223
5.057119 5.552508
5.072592 5.566763
5.023543 5.526219
5.000866 5.556644
4.997577 5.660496
5.181523 5.720539
5.335413 5.846959
5.433673 5.946825
5.964764 6.452066
6.396675 7.120559
6.941074 7.565103
7.328715 8.128838
7.674059 8.467643
7.916562 8.667398
8.014473 8.696582
8.093011 8.714191
8.152221 8.723902
8.231840 8.756697
8.353896 8.824391
8.569230 8.916918
8.807903 9.102771
8.958148 9.280389
9.144573 9.392121
9.349822 9.537528
9.470479 9.599817
9.551349 9.668253
9.439992 9.577044
9.544781 9.628905
9.531403 9.574678
9.506353 9.271540
9.476102 9.162945
9.598378 9.123027
9.663671 9.119406
9.727916 9.104811
9.836535 9.216772
9.984762 9.305478
10.154334 9.387453
10.063737 9.320423
9.849498 9.193203
9.671893 8.971986
9.330053 8.806700
9.094387 8.612341
8.922949 8.551394
9.016387 8.818681
9.392266 9.113734
9.687860 9.449759
9.891300 9.751481
10.112122 10.022462
10.087527 10.058421
9.934278 9.908924
9.930688 9.823534
10.105186 9.899948
10.335307 10.083931
10.657450 10.280208
10.747705 10.437709
10.797813 10.495899
10.714384 10.513196
10.641689 10.455203
10.580285 10.387215
10.625024 10.423016
10.557456 10.450100
10.420563 10.404433
10.513670 10.502682
10.608312 10.621324
10.839352 11.065398
10.990207 11.326623
11.357033 11.719994
11.933306 12.146297
12.226255 12.655543
12.446092 12.894658
12.770667 13.270951
13.081044 13.505400
13.274722 13.681763
13.583888 14.049536
13.852112 14.101451
14.128084 14.250535
14.314791 14.364532
14.312108 14.490353
14.329121 14.527673
14.517809 14.574195
14.508583 14.830702
14.512016 14.920852
14.548765 14.952850
14.534511 14.981609
14.612662 15.088905
14.617496 15.138286
14.626554 15.207041
14.648028 15.234959
14.680069 15.302731
14.699629 15.365324
14.727840 15.446102
14.745061 15.511244
14.810223 15.655103
14.862866 15.776649
14.892603 15.876582
14.966779 15.985595
15.020314 16.087123
15.044497 16.169992
15.134493 16.149075
15.229221 16.212222
15.292940 16.391667
15.299416 16.388658
15.309687 16.387521
15.320852 16.456756
15.428358 16.518330
15.455160 16.525348
15.517471 16.613816
15.524352 16.639558
15.554144 16.679082
15.588259 16.731333
15.513745 16.685377
15.593774 16.703009
15.794216 16.747053
15.951393 16.941432
16.090901 17.037589
16.147595 17.164671
16.262973 17.213696
16.364058 17.279444
16.415694 17.341803
16.476370 17.390506
16.515384 17.368071
16.571929 17.427321
16.624347 17.473698
16.718335 17.514128
16.801029 17.581176
16.857532 17.627711
17.023108 17.648562
17.194510 17.926397
17.405588 18.049628
17.515208 18.115397
17.606448 18.152229
17.525454 18.166951
17.539180 18.109610
17.585384 18.166248
17.621467 18.183414
17.666643 18.212557
17.697570 18.230995
17.749085 18.253237
17.804538 18.289279
17.708307 18.166841
17.736291 18.166112
17.523470 18.078192
17.571353 18.079909
17.614181 18.063812
17.675520 18.100182
17.728247 18.137110
17.884288 18.316521
18.114965 18.457105
18.110306 18.503252
18.123280 18.558841
18.167360 18.895742
18.299572 18.984222
18.361522 19.054025
18.448751 19.106544
18.510130 19.152043
18.583711 19.196474
18.579801 19.219897
18.668567 19.477468
18.870838 19.792616
18.922656 19.867012
18.893308 20.066466
18.979053 20.116964
19.005492 20.157765
19.024194 20.200743
19.020338 20.197886
19.017064 20.232174
19.051615 20.272617
19.069628 20.309667
19.093005 20.337617
19.126929 20.374113
19.101784 20.401074
19.167984 20.387288
19.197918 20.408689
19.237885 20.416365
19.297512 20.407107
19.342977 20.409206
19.381751 20.440492
19.409684 20.425677
19.464439 20.449921
19.471296 20.345855
19.410951 20.382037
19.377944 20.396712
19.345941 20.426102
19.322973 20.441954
19.311492 20.466702
19.301860 20.511026
19.277941 20.549952
19.272208 20.570704
19.259293 20.580002
19.233799 20.594829
19.217492 20.618660
19.216871 20.677382
19.222337 20.721822
19.228029 20.761863
19.249014 20.812843
19.275905 20.875200
19.322537 20.928741
19.423441 20.992331
19.472834 21.076444
19.548272 21.099848
19.703776 21.230824
19.642612 21.150070
19.763871 21.248022
19.803215 21.225709
19.851768 21.468963
19.833743 21.541148
19.843760 21.549556
19.875707 21.542143
19.909318 21.433073
19.919415 21.469025
19.934574 21.502231
19.974301 21.554565
20.012396 21.586048
20.074837 21.636538
20.116036 21.615225
20.164363 21.678157
20.213223 21.718870
20.235372 21.753519
20.145955 21.902623
20.162924 21.946019
20.240036 21.929457
20.210144 21.946239
20.190310 21.969454
20.204581 21.995335
20.224135 22.030351
20.385581 22.005585
20.505729 22.077397
20.513898 22.117563
20.548211 22.129646
20.571095 22.156653
20.593086 22.147988
20.581017 22.149587
20.610498 22.134982
20.651338 22.132814
20.666310 22.111918
20.736946 22.103017
20.788398 22.094870
20.853634 22.125993
20.923140 22.234241
21.046257 22.277117
21.131637 22.318775
21.190812 22.355848
21.252023 22.364784
21.300525 22.395770
21.381135 22.502629
21.487272 22.544760
21.545793 22.677796
21.739290 22.901754
21.803181 22.938733
21.905791 22.844101
21.904498 22.887430
21.950436 22.886101
21.974393 22.928128
22.007930 22.960279
22.033486 23.068206
22.059689 23.004919
22.091370 23.059091
22.105823 23.170451
22.163538 23.221417
22.051746 23.155857
22.057876 23.208310
22.083825 23.290857
22.192407 23.315495
22.229170 23.341468
22.258321 23.332160
22.268339 23.324879
22.254080 23.323786
22.259081 23.311960
22.286478 23.338899
22.370580 23.331442
22.403853 23.304381
22.410503 23.300655
22.407719 23.313757
22.441236 23.307408
22.483405 23.325094
22.549493 23.363518
22.577909 23.414209
22.594636 23.437987
22.651183 23.465668
22.689678 23.492905
22.736691 23.526097
22.809006 23.577651
22.862339 23.643356
22.847274 23.679929
22.893876 23.670733
22.863653 23.692405
22.881836 23.772961
22.899974 23.803696
22.881806 23.663855
22.933725 23.714829
22.975919 23.705521
23.009128 23.736461
23.054493 23.760565
23.090929 23.755467
23.120400 23.557706
23.058154 23.487153
22.971691 23.493470
22.978863 23.442007
22.973948 23.393962
22.968087 23.378320
22.761373 23.313849
22.771971 23.353310
22.792231 23.398631
23.017787 23.448391
23.202091 23.645556
23.727200 23.908152
24.016642 23.982287
24.319141 24.229823
24.493307 24.365412
24.596456 24.451357
24.607462 24.445410
24.677499 24.596012
24.736818 24.566551
24.754318 24.543418
24.786442 24.548967
24.779703 24.493853
24.749251 24.574309
24.823765 24.560781
24.857382 24.565506
24.877538 24.540395
24.906623 24.547002
24.952291 24.551795
24.971496 24.549772
24.999991 24.566056
25.026553 24.581530
25.045915 24.600466
25.083789 24.628445
25.102599 24.674584
25.139856 24.713924
25.221660 24.757001
25.236413 24.733678
25.325648 24.808672
25.360182 24.806750
25.327065 24.867241
25.364598 24.863209
25.403295 24.888392
25.439917 24.925817
25.479641 24.834027
25.550422 24.834794
25.610018 24.854275
25.666932 24.923960
25.793557 25.005041
25.858804 25.045870
25.906312 25.059996
25.976935 25.118374
26.050977 25.189498
26.102968 25.243138
26.123835 25.260109
26.135403 25.319566
26.133256 25.349094
26.154899 25.484859
26.182146 25.498769
26.214488 25.523931
26.238022 25.462019
26.282364 25.445961
26.313646 25.487461
26.326595 25.494387
26.350780 25.520661
26.362400 25.583113
26.464215 25.743539
26.597306 25.817717
26.634505 25.841302
26.668983 25.885525
26.719750 25.944434
26.772475 25.974837
26.821208 26.009541
26.879937 26.056038
26.967022 26.080344
27.050890 26.112171
27.108863 26.142706
27.185778 26.156415
27.268429 26.184951
27.344397 26.210452
27.429629 26.230758
27.282040 26.096480
27.210806 26.032784
27.321253 26.099008
27.440986 26.173549
27.534229 26.257551
27.544709 26.323781
27.639768 26.413622
27.738896 26.519695
27.847190 26.608100
27.973129 26.641044
28.099945 26.819926
28.167773 26.874525
28.162438 27.082070
28.218475 27.038408
28.177989 27.057268
28.229135 27.039597
28.271102 27.043183
28.345888 27.045226
28.352000 27.114386
28.401805 27.228153
28.469331 27.328893
28.563509 27.364633
28.577655 27.410070
28.575044 27.407644
28.617557 27.414857
28.813404 27.543609
28.856044 27.536217
28.911344 27.526277
28.926355 27.493513
28.979452 27.513044
28.999635 27.525374
29.014379 27.505283
29.025260 27.455665
29.061919 27.471910
29.092550 27.502747
29.138574 27.515880
29.165541 27.528654
29.175493 27.551914
29.220491 27.571252
29.235327 27.456768
29.264633 27.494720
29.288170 27.527530
29.325802 27.528989
29.362761 27.480248
29.349160 27.519302
29.368960 27.461135
29.545512 27.635392
29.427689 27.702496
29.462243 27.461635
29.466095 27.337159
29.505731 27.466170
29.571014 27.576008
29.674013 27.626827
29.769284 27.679598
29.896005 27.697765
29.935185 27.731602
29.955060 27.733181
29.984704 27.753306
30.007093 27.775513
30.012353 27.822597
30.030200 27.869522
30.062528 27.894197
30.093704 27.935561
30.182851 27.968199
30.242024 27.991439
30.282741 28.014275
30.334818 28.041788
30.338569 28.046548
30.298800 28.022849
30.335174 28.044268
30.326968 27.990112
30.368379 28.045711
30.393713 28.104924
30.425489 28.156002
30.397448 28.145411
30.446718 28.207545
30.516908 28.274452
30.516221 28.361342
30.583847 28.366028
30.560797 28.440869
30.622471 28.514280
30.768029 28.640998
30.834492 28.747359
30.944128 28.926722
31.018507 28.969814
31.056219 29.110115
31.041387 29.153603
31.050344 29.107716
31.038866 29.116248
31.038454 29.100727
31.027491 29.083688
31.060201 29.068541
31.207721 29.187746
31.241460 29.215666
31.293189 29.216234
31.329991 29.218915
31.353121 29.249309
31.382019 29.256482
31.422788 29.275233
31.455280 29.287852
31.456814 29.308001
31.395634 29.120790
31.324560 29.088708
31.194644 29.087878
31.064213 29.020407
31.065296 29.031334
30.955305 28.906426
30.993432 28.961698
30.811944 28.976508
30.825802 29.039849
30.806684 29.142899
30.859402 29.234741
30.890944 29.406316
30.864376 29.545200
