1.980274 2.098555
2.001646 2.105377
2.040854 2.143254
2.069036 2.192622
2.090782 2.284891
2.132107 2.406145
2.196020 2.533081
2.244487 2.682611
2.331514 2.865880
2.436410 3.058860
2.452326 3.163197
2.403985 3.257152
2.483206 3.466795
2.590543 3.623711
2.583203 3.604387
2.695479 3.691778
3.086598 4.055454
3.707238 4.555740
4.015658 4.932281
4.430731 5.288666
4.658087 5.364013
4.856337 5.481872
5.095822 5.574849
5.210015 5.668735
5.403543 5.784018
5.605054 5.932071
5.911998 6.072290
6.100292 6.190058
6.217345 6.247600
6.359387 6.301246
6.390764 6.303111
6.357236 6.296749
6.383901 6.257061
6.257394 6.196149
6.266998 5.987023
6.084152 5.792689
6.007008 5.524517
5.891164 5.128411
5.557011 5.095650
5.286511 4.893465
5.258778 4.838801
5.145599 4.931586
5.068905 5.026311
5.067556 5.080698
5.049663 4.942421
4.917586 4.857080
4.895647 4.848382
5.020758 4.940647
5.126332 5.006074
5.384710 5.195525
5.870852 5.489958
6.343574 5.942594
6.792801 6.441183
7.158834 6.770438
7.300521 6.828467
7.386502 6.687048
7.323453 6.619948
7.287077 6.545444
7.195032 6.566886
7.094371 6.568074
7.112527 6.389914
7.065955 6.403699
6.963125 6.352786
6.952676 6.374223
6.949222 6.245205
6.796073 6.101520
6.503125 5.835894
6.319389 5.583991
5.963158 5.360979
5.561637 5.144332
5.249184 4.860941
5.153218 4.565237
4.879914 4.465136
4.694416 4.336857
4.530790 4.367020
4.390919 4.288582
4.432290 4.295477
4.346453 4.268202
4.493207 4.485690
4.566587 4.552557
4.632837 4.652653
5.132507 5.112284
5.854713 5.665963
6.425658 6.064025
6.954201 6.481211
7.171934 6.821692
7.288580 7.002419
7.232188 7.007946
7.012128 7.100177
6.809388 7.087200
6.765138 7.086474
6.737054 7.260770
6.826478 7.374885
6.958012 7.488494
7.032058 7.551497
7.125837 7.711290
7.197988 7.831215
7.228667 7.799698
7.288143 7.817587
7.283677 7.798196
7.210599 7.761976
7.105360 7.537464
7.117962 7.398222
7.050513 7.294860
6.986190 7.220435
6.710863 7.154513
6.837901 7.081305
6.869415 7.074605
6.909734 7.212177
6.806840 7.218697
6.599192 7.087720
6.366115 6.884589
6.137031 6.671843
5.965619 6.554631
5.819525 6.446425
5.826821 6.334312
6.348679 6.924814
6.824074 7.631072
6.946456 7.715762
7.067253 7.787607
7.159750 7.753331
7.160510 7.640107
7.088788 7.534001
7.027559 7.331461
6.962005 7.126060
7.030662 7.145286
7.050965 7.215926
7.086176 7.149817
6.961368 7.152192
6.968530 6.950680
6.857280 6.971979
6.529273 6.596267
6.398918 6.533328
6.403641 6.450403
6.199101 6.226523
6.173522 6.327038
6.255883 6.441135
6.208796 6.570888
6.421501 6.795024
6.724626 7.156882
7.059639 7.536789
7.187484 7.749680
7.077822 7.971499
7.166835 8.019311
7.292358 8.192409
7.426448 8.389580
7.503848 8.496965
7.647989 8.748884
7.900676 8.988723
7.926484 9.152408
7.853588 9.283427
7.838277 9.450562
7.928875 9.683295
7.971858 9.898393
7.983970 9.909385
7.967498 9.946056
7.861694 10.002391
7.753992 9.997922
7.653257 10.030406
7.641701 10.030660
7.561206 10.013270
7.389724 10.037730
7.408917 9.906341
7.291910 9.807785
7.355564 9.674633
7.319170 9.559071
7.267887 9.619005
7.294225 9.627585
7.213232 9.655037
7.241538 9.661020
7.297904 9.647306
7.376794 9.828665
7.319441 9.938547
7.250314 9.858585
7.123741 9.629863
7.058460 9.568949
7.067605 9.512785
7.180752 9.683563
7.294681 9.869773
7.423503 9.749994
7.459753 9.599762
7.368015 9.192997
7.107444 8.867194
7.063571 8.798880
6.848565 8.807758
7.284461 9.418089
7.646700 10.124187
7.836205 10.544152
7.961940 10.889619
8.030084 10.961188
7.980866 10.990245
7.844753 10.917598
7.775793 10.773828
7.630640 10.628986
7.685787 10.530638
7.733595 10.490811
7.907644 10.665848
8.252038 11.201609
8.786434 11.947812
9.392096 12.699611
9.847699 13.453578
9.941506 13.962552
10.010372 14.441499
10.168579 14.605528
10.192111 14.724153
10.156617 14.703263
10.107847 14.525955
9.987781 14.362063
9.952924 14.374464
9.919646 14.269276
9.862773 14.120833
9.895558 14.134289
9.837285 13.969696
9.770803 13.893282
9.646530 13.866327
9.468306 13.661276
9.429286 13.596123
9.302694 13.395228
9.200838 13.424385
8.996539 13.248099
8.837052 13.145900
8.665001 12.864620
8.403106 12.687754
8.299803 12.689518
8.109178 12.397418
7.986711 12.395332
7.864681 12.249891
7.821238 12.046575
7.772835 12.006180
7.768852 12.140594
8.239004 12.966900
8.423881 13.538911
8.451862 13.730996
8.365921 13.927420
8.329167 14.028964
8.402973 13.941704
8.305336 13.811824
8.176878 13.637867
8.162339 13.493939
8.236362 13.448482
8.310791 13.278926
8.309474 13.317083
8.470437 13.393664
8.477893 13.395074
8.477742 13.385528
8.515835 13.435053
8.574971 13.459637
8.616530 13.313945
8.655867 13.271921
8.703379 13.267231
8.794497 13.232436
8.759456 12.936234
8.552283 12.801793
8.220998 12.289684
7.953678 11.629768
7.756555 11.290281
7.524377 10.876097
7.411601 10.582536
7.280634 10.394694
6.934887 10.097068
6.807937 9.607717
6.383600 9.208493
6.126069 8.947435
6.118171 8.817598
6.002389 8.603172
6.059692 8.541100
6.125033 8.406545
6.055518 8.471531
6.066381 8.625711
6.119539 8.875275
6.193532 9.170175
6.332404 9.691794
6.405837 10.156851
6.579266 10.479670
6.533568 10.681325
6.611575 11.197778
6.552484 11.509375
6.555993 11.673088
6.600629 11.895140
6.539752 11.910023
6.528742 11.938050
6.532765 11.891440
6.550370 11.826108
6.420681 11.780451
6.373306 11.657597
6.284643 11.545276
6.176331 11.236060
6.323943 11.211514
6.478419 11.236505
6.598549 11.222851
6.685178 11.230363
6.746817 11.180153
6.839091 11.076283
6.870146 11.066744
6.888312 11.048729
6.921569 11.015088
6.767069 11.036564
6.670609 10.919078
6.892785 11.165711
6.928766 11.138134
6.946619 11.186849
6.919857 11.211231
6.775009 10.966322
6.555390 10.616967
6.437055 10.414429
6.167564 10.249506
6.102694 10.024746
6.103187 9.963415
6.081455 10.092995
6.136944 10.170998
6.239449 10.295938
6.348560 10.380067
6.413646 10.461959
6.408091 10.410473
6.495840 10.528513
6.459795 10.698935
6.557985 10.841660
6.730568 10.949927
6.906813 11.165433
7.062603 11.343541
7.148487 11.563269
7.258080 11.733065
7.345035 11.970809
7.449409 12.127264
7.317487 12.259843
7.184321 12.333240
7.231805 12.319063
7.277272 12.334719
7.155162 12.138465
7.053235 12.084755
6.909166 11.946099
6.791590 11.800435
6.789228 11.669417
6.735604 11.583856
6.804111 11.565459
6.867475 11.399658
7.062044 11.415201
7.081313 11.472424
7.263552 11.942750
7.753726 12.335411
8.154806 13.018649
8.527963 13.311046
8.697651 13.561449
8.656829 13.378859
8.693735 13.439611
8.843098 13.572928
8.925475 13.680254
9.022432 13.780472
9.076581 13.748338
9.145838 13.660796
9.261911 13.599827
9.348028 13.622742
9.417111 13.578392
9.641193 13.773413
9.817466 13.977027
10.049223 14.164660
10.112657 14.128661
9.987187 14.070051
9.971350 13.910242
10.034052 13.902643
9.960702 13.716040
9.562401 13.230311
9.425039 12.882656
9.157284 12.482686
8.697363 11.782309
8.429687 11.339186
7.959181 10.797983
7.743988 10.335817
7.284291 9.939158
6.887982 9.557405
6.662748 9.118971
6.670991 9.063845
6.996840 9.328274
7.820061 10.217657
9.129541 11.742146
11.327688 14.084531
12.610525 15.402224
13.104551 16.028183
13.386240 16.277644
13.425980 16.344744
13.716621 16.465001
13.656605 16.509595
13.936293 16.682624
14.058335 16.756341
14.136931 16.758992
14.212874 16.853512
14.224586 16.848443
14.237878 16.866330
14.258940 16.939606
14.364728 16.993719
14.375991 17.016779
14.438348 17.108119
14.517000 16.982292
14.626304 17.034515
14.665175 17.091178
14.687824 17.114902
14.645494 17.210758
14.665539 17.252521
14.709977 17.312647
14.767855 17.376576
14.829000 17.450238
14.889278 17.522010
14.909394 17.625114
15.088918 17.640351
15.128300 17.708882
15.304664 17.759880
15.346528 17.789331
15.338860 17.781479
15.316731 17.780478
15.386010 17.781711
15.414562 17.823490
15.441560 17.828276
15.471173 17.871208
15.503501 17.896060
15.570393 17.942314
15.614149 18.006197
15.650941 17.967840
15.713920 18.069059
15.787607 18.149876
15.882218 18.176327
15.920950 18.257093
16.023167 18.300190
16.039780 18.327155
15.997859 18.294316
16.031867 18.298835
16.054111 18.004467
15.954456 17.996696
15.701159 18.061399
15.493484 17.913615
15.321449 17.958264
15.134848 18.003645
14.962980 17.951576
14.978253 17.878603
14.645623 17.459792
14.061306 17.496608
13.819716 17.410507
13.638286 16.922034
13.337891 16.810336
12.963138 16.305383
12.740636 15.847421
12.294616 15.422607
11.997343 14.943994
11.621597 14.687199
11.534865 14.673820
11.405993 14.640966
11.384423 14.479682
11.222382 13.838620
11.218513 13.527176
11.124748 13.086079
10.895022 12.680651
10.627924 12.219568
10.837232 12.280937
11.814778 13.058876
12.868345 13.761470
14.276041 14.965766
15.347899 16.196030
16.042025 17.010111
16.500757 17.462667
16.804420 18.076575
17.030278 18.302686
17.361852 18.452819
17.433903 18.561933
17.445935 18.771273
17.475104 18.826659
17.529339 18.957909
17.606474 18.946047
17.639723 19.064638
17.642504 19.270301
17.741529 19.411968
17.762770 19.469493
17.799069 19.526798
17.909712 19.587854
17.967299 19.637633
18.016296 19.760740
18.093088 19.846291
18.079923 19.810955
18.180548 19.821829
18.232241 19.994882
18.261524 20.024762
18.295646 20.151511
18.327157 20.161503
18.350058 20.187674
18.413865 20.285784
18.473140 20.330714
18.503273 20.367245
18.558723 20.386344
18.623093 20.405946
18.785049 20.626635
18.941221 20.755671
19.009378 20.807912
19.055938 20.810872
19.108091 20.836456
19.221115 20.953100
19.209704 21.043611
19.369361 21.073048
19.383256 21.061946
19.383710 21.053594
19.415518 21.036036
19.506815 21.096056
19.509912 21.348197
19.489924 21.388401
19.469624 21.389904
19.489034 21.416202
19.500320 21.442572
19.515531 21.470826
19.531407 21.506142
19.543395 21.560885
19.590686 21.634220
19.581118 21.700876
19.639757 21.742941
19.693029 21.789681
19.738034 21.841017
19.805176 21.898590
19.878112 21.948424
19.839639 21.962808
19.982787 22.248618
20.036228 22.319667
20.091010 22.411004
20.227483 22.536339
20.301097 22.646027
20.372073 22.729173
20.457934 22.793363
20.550608 22.961943
20.575517 23.175000
20.622757 23.306107
20.675796 23.394551
20.874446 23.476628
20.991218 23.585919
21.059542 23.669323
21.132657 23.737023
21.158834 23.824649
21.263301 23.913382
21.380989 24.042813
21.342786 24.119234
21.298942 24.082608
21.286068 24.111804
21.266186 24.101646
21.273879 24.105784
21.267945 24.117127
21.269448 24.112156
21.282817 24.136116
21.276030 24.124512
21.277892 24.154051
21.301787 24.179367
21.308764 24.193041
21.318468 24.236235
21.327114 24.264294
21.353404 24.292414
21.378220 24.324254
21.410680 24.364921
21.441452 24.395544
21.484904 24.421094
21.513766 24.454798
21.547199 24.484757
21.580991 24.494645
21.600637 24.542367
21.621054 24.565739
21.669867 24.645865
21.727602 24.682352
21.927522 24.815221
22.119213 24.849940
