2.075863 1.965135
1.920138 1.927675
1.886378 1.874843
1.813171 1.776377
1.692908 1.717621
1.605604 1.639800
1.615989 1.677559
1.579287 1.670755
1.548549 1.699397
1.442879 1.700853
1.421991 1.730885
1.299999 1.668626
1.225243 1.611901
1.120774 1.516680
1.028237 1.346658
1.109233 1.390146
1.173101 1.387648
1.098490 1.306538
1.100693 1.338848
1.111331 1.272548
1.081321 1.257381
0.946468 1.157232
0.819831 1.063335
0.777813 1.063252
0.786330 1.189105
0.769290 1.309914
0.734999 1.426011
0.749945 1.567915
0.743690 1.626296
0.736876 1.703288
0.728410 1.746558
0.671000 1.660610
0.647436 1.580859
0.662745 1.709990
0.646817 1.667351
0.646453 1.762229
0.626241 1.798627
0.616106 1.772019
0.624556 1.840166
0.609699 1.803502
0.614142 1.854571
0.588858 1.749666
0.578488 1.742361
0.568431 1.727286
0.568108 1.978247
0.520476 1.730153
0.514259 1.524569
0.609156 1.486301
0.680086 1.459159
0.607883 1.307739
0.506335 1.131415
0.470446 0.941947
0.496180 0.825182
0.647109 0.796491
0.626275 0.847017
0.530342 0.883690
0.475519 0.924437
0.435670 0.965490
0.461762 1.117921
0.450483 1.180492
0.465247 1.291207
0.459610 1.321391
0.445170 1.279758
0.429106 1.280065
0.426026 1.337125
0.403503 1.254519
0.384289 1.128083
0.372987 1.061518
0.364829 1.042212
0.360903 1.101129
0.379771 1.143901
0.368175 1.095933
0.355003 1.021692
0.382932 1.133982
0.400462 1.129080
0.394809 1.067720
0.382031 1.071495
0.386362 1.058277
0.523777 1.038248
0.538014 0.940529
0.602810 0.860507
0.612790 0.768174
0.595739 0.764286
0.559321 0.733632
0.620946 0.781211
0.702393 0.627443
0.697038 0.531886
0.720926 0.491860
0.724505 0.475961
0.730276 0.498223
0.619866 0.531272
0.586554 0.600844
0.600950 0.669231
0.605011 0.747558
0.568087 0.760429
0.538089 0.838444
0.531056 0.904676
0.586983 1.085124
0.603048 1.111324
0.636830 1.187854
0.653557 1.271967
0.661089 1.312175
0.648683 1.349289
0.707668 1.487452
0.652798 1.477104
0.709897 1.575748
0.687620 1.553999
0.642438 1.530358
0.647870 1.575570
0.674186 1.671025
0.575927 1.621456
0.535999 1.423419
0.546287 1.312255
0.557194 1.183128
0.543220 1.083158
0.485819 1.059826
0.451631 0.970427
0.472238 0.887841
0.524558 0.831664
0.547189 0.810497
0.593703 0.765822
0.615176 0.782745
0.564399 0.845384
0.479558 0.876698
0.501731 0.952068
0.517790 1.021242
0.517954 1.101727
0.529259 1.190792
0.515626 1.247648
0.513545 1.298400
0.531492 1.349817
0.484793 1.325703
0.490854 1.309431
0.436659 1.187650
0.387623 1.097093
0.373465 1.017588
0.363528 0.973601
0.347102 0.933788
0.341504 0.863216
0.327487 0.803635
0.314787 0.651773
0.320058 0.689958
0.316549 0.662404
0.299293 0.644999
0.301457 0.663751
0.311972 0.714722
0.345330 0.726436
0.544132 0.797195
0.705207 0.732468
0.868739 0.649434
0.779462 0.592426
0.527939 0.518890
0.470567 0.522912
0.697401 0.543744
0.693112 0.571033
0.682128 0.634526
0.853180 0.832319
0.827709 0.813625
0.763315 0.779968
0.754995 0.821326
0.669057 0.772691
0.577697 0.768739
0.566529 0.791034
0.490337 0.758094
0.468448 0.747495
0.467158 0.765524
0.428059 0.774578
0.420895 0.790543
0.403432 0.796542
0.424648 0.855407
0.468083 0.930369
0.575810 0.902372
0.669641 0.925366
0.702293 0.925775
0.716376 0.953370
0.808522 1.039600
0.740218 1.107098
0.655942 1.234218
0.672916 1.467563
0.632526 1.496649
0.594216 1.354244
0.587345 1.200331
0.517813 1.047992
0.550373 1.006480
0.456930 0.943688
0.450046 0.860093
0.515188 0.796597
0.621237 0.719228
0.673198 0.625629
0.692179 0.594175
0.646510 0.531944
0.738173 0.507990
0.815010 0.484957
0.895758 0.471738
1.017042 0.468034
1.094568 0.457004
1.172044 0.446330
1.256578 0.440906
1.307007 0.421542
1.361675 0.438633
1.372805 0.469189
1.420958 0.585935
1.157545 0.788238
0.940759 0.917053
0.784600 0.791295
0.680885 0.722848
0.644782 0.576610
0.574199 0.550580
0.547614 0.571196
0.546012 0.639970
0.491831 0.719370
0.482327 0.868524
0.569423 0.877846
0.706361 0.884662
0.806370 0.858946
0.885902 0.819117
0.906048 0.772498
0.952256 0.732663
0.962035 0.698394
0.976018 0.672198
1.091045 0.686310
0.988543 0.602335
0.845164 0.584341
0.847625 0.591479
0.816445 0.740047
0.856890 0.782643
0.772150 0.732840
0.721454 0.652669
0.793985 0.650515
0.742073 0.781661
0.591891 0.725167
0.542635 0.673837
0.551750 0.619634
0.784154 0.643473
0.820395 0.641277
0.904648 0.621610
0.929927 0.602827
0.959463 0.583863
1.062894 0.605805
1.179339 0.615611
1.208235 0.638946
1.191367 0.638699
1.234262 0.652433
1.138251 0.592126
1.058226 0.571105
1.090454 0.567561
1.090680 0.586649
1.103412 0.554858
1.133153 0.621826
0.918855 0.673988
0.656637 0.675566
0.584987 0.706292
0.502962 0.719675
0.463322 0.597582
0.420687 0.557524
0.384670 0.554109
0.367055 0.579120
0.361330 0.649390
0.467144 0.817958
0.580468 0.872631
0.721317 0.885982
0.765370 0.761693
0.808435 0.670674
0.839612 0.602723
0.844511 0.536049
0.957385 0.501180
0.945258 0.458944
0.952067 0.443440
0.992908 0.442538
0.944848 0.433337
0.782115 0.402897
0.808071 0.443913
0.718676 0.445604
0.682145 0.433175
0.718657 0.513962
0.667781 0.523721
0.624821 0.497148
0.639464 0.477562
0.712903 0.441274
0.736291 0.414084
0.731101 0.437887
0.722862 0.451323
0.828782 0.484769
0.995357 0.549822
1.158723 0.587505
1.201244 0.593910
1.256151 0.583567
1.266114 0.585566
1.327291 0.574331
1.258562 0.541392
1.176597 0.511166
1.067820 0.451844
0.998570 0.458121
1.020870 0.492098
0.929530 0.680791
0.701529 0.712239
0.532850 0.668712
0.460058 0.663908
0.504924 0.614604
0.526832 0.533097
0.499617 0.598950
0.479272 0.707490
0.483951 0.828304
0.607206 0.963171
0.658178 0.960393
0.658777 0.927155
0.778603 0.783913
0.835204 0.692660
0.877314 0.654904
0.961301 0.624296
1.016073 0.601257
1.176240 0.614387
1.260205 0.607857
1.204476 0.573986
1.223454 0.557906
1.141583 0.548491
0.994874 0.510132
0.920119 0.515539
0.793301 0.524033
0.734707 0.515573
0.640441 0.501758
0.719835 0.504067
0.721176 0.577301
0.677787 0.607815
0.657286 0.592604
0.697469 0.513589
0.763618 0.543179
0.815467 0.590657
0.873383 0.585720
0.920011 0.557897
0.890950 0.546962
0.807868 0.489615
0.691754 0.384455
0.671084 0.379868
0.640937 0.381937
0.660146 0.383822
0.873911 0.469125
0.914604 0.449093
1.019429 0.519282
0.925921 0.578090
0.627607 0.530559
0.503402 0.568258
0.466984 0.437551
0.415959 0.433589
0.408092 0.506420
0.411089 0.670108
0.416626 0.853716
0.429783 1.012525
0.455892 1.212035
0.465451 1.318392
0.501540 1.434413
0.536639 1.337159
0.777357 1.645544
0.828460 1.624574
0.870302 1.606256
0.917923 1.621228
0.835279 1.436682
0.646898 1.199076
0.612915 1.042611
0.635327 0.986723
0.715726 1.016425
0.753955 0.945784
0.810768 0.890950
0.750595 0.836738
0.781332 0.812936
0.811112 0.762350
0.887194 0.749446
0.845013 0.684841
0.818805 0.657172
0.900909 0.620846
0.993860 0.618606
1.005332 0.583515
1.037588 0.554903
1.058595 0.531025
1.113702 0.523095
1.093043 0.496653
1.193759 0.535910
1.331214 0.653146
1.354189 0.792324
1.313221 0.836051
1.266615 0.791651
1.052967 0.684108
0.993240 0.678031
0.911956 0.761390
0.899909 0.845305
0.941940 0.983923
1.033885 1.017971
1.046888 0.965223
1.053598 0.951981
1.056502 0.922332
1.217246 0.924833
1.322963 0.844503
1.443780 0.818722
1.554377 0.809125
1.636190 0.816129
1.667222 0.720872
1.589702 0.737520
1.528595 0.691726
1.399405 0.663533
1.256951 0.628549
1.090282 0.624940
1.070698 0.640413
0.915562 0.582567
0.679836 0.485966
0.590281 0.462187
0.561720 0.436868
0.555445 0.428919
0.616578 0.439979
0.710408 0.482065
0.860775 0.544464
1.039273 0.597362
1.124943 0.628994
1.224679 0.664113
1.336004 0.720856
1.414025 0.780892
1.528730 0.858532
1.575644 0.908515
1.700351 1.025250
1.797697 1.191841
1.837027 1.329477
1.839975 1.464877
1.969485 1.510029
1.892090 1.456358
1.196687 1.039463
0.647837 0.741331
0.485424 0.686028
0.374655 0.497726
0.374333 0.509817
0.402896 0.595129
0.454686 0.755048
0.512633 0.912197
0.550654 1.058065
0.553594 1.234889
0.615513 1.545207
0.664690 1.746420
0.690991 1.777450
0.790119 2.024910
0.751774 1.816577
0.727495 1.591288
0.703495 1.254521
0.619279 1.076350
0.530249 0.897581
0.450825 0.660319
0.471058 0.602707
0.488586 0.565573
0.478112 0.547255
0.510006 0.527085
0.527187 0.514488
0.559317 0.513414
0.589559 0.497190
0.649060 0.488835
0.682411 0.447152
0.710129 0.417362
0.748633 0.379650
0.812714 0.374838
0.849135 0.370388
0.777518 0.378877
0.727673 0.398782
0.695438 0.385569
0.690853 0.384370
0.631302 0.401027
0.649476 0.523932
0.619668 0.621996
0.702388 0.662980
0.621880 0.589710
0.566673 0.565577
0.646132 0.593253
0.783152 0.647237
0.938097 0.685458
1.032465 0.669736
1.137575 0.687465
1.061830 0.595424
0.996908 0.537694
0.935193 0.478050
0.827976 0.441199
0.717276 0.386558
0.644526 0.376240
0.677104 0.383945
0.731666 0.424107
0.708557 0.437259
0.616298 0.444981
0.578799 0.431180
0.499742 0.431042
0.516872 0.424032
0.525248 0.430672
0.568718 0.446185
0.593201 0.459371
0.621064 0.461244
0.645788 0.465203
0.644913 0.477414
0.612584 0.485250
0.586187 0.508638
0.555018 0.591792
0.578549 0.534173
0.625328 0.488098
0.548566 0.545571
0.554556 0.692871
0.568840 0.873475
0.589216 0.911530
0.603853 0.764445
0.622604 0.539521
0.551971 0.493489
0.462308 0.556938
0.410137 0.627148
0.386493 0.673557
0.373214 0.749159
0.396760 0.802077
0.381030 0.810008
0.413916 0.830078
0.437853 0.804749
0.472858 0.761819
0.482514 0.674296
0.448585 0.573912
0.428211 0.517694
0.392241 0.483201
0.390489 0.452338
0.404635 0.433899
0.445011 0.434424
0.481034 0.439620
0.546177 0.456965
0.582076 0.473903
0.530897 0.461353
0.514482 0.450949
0.487126 0.423949
0.458292 0.387904
0.468921 0.362017
0.496397 0.336175
0.532019 0.324627
0.586581 0.325691
0.608280 0.319758
0.612534 0.319727
0.576463 0.302868
0.536272 0.309081
0.523655 0.324083
0.465583 0.280986
0.480983 0.299828
0.452868 0.294013
0.450171 0.336763
0.480476 0.431168
0.521165 0.506870
0.606867 0.524389
0.632110 0.461555
0.616490 0.376961
0.579229 0.317622
0.582526 0.305939
0.668935 0.310164
0.696625 0.325302
0.649043 0.326324
0.601005 0.325718
0.577547 0.327234
0.557532 0.336680
0.496183 0.329926
0.469202 0.337062
0.504056 0.347207
0.483155 0.342744
0.462186 0.331974
0.445621 0.317023
0.462778 0.328795
0.506584 0.353100
0.696940 0.509134
0.936168 0.605080
