60
40
50
50
50
80
90
80
90
80
80
130
120
120
120
120
120
120
130
120
120
120
130
120
120
120
160
150
190
190
230
230
220
230
220
230
230
220
220
230
230
260
290
290
290
300
330
330
330
330
330
330
330
330
330
330
360
370
370
360
370
360
360
360
370
370
360
360
360
370
370
360
370
400
400
440
440
430
440
440
440
440
430
440
440
440
440
430
430
440
440
440
440
430
440
440
440
440
460
470
470
470
470
470
470
470
470
460
470
470
480
470
460
470
470
470
470
470
470
460
480
470
470
460
470
460
470
470
470
470
470
510
500
510
500
510
500
510
510
500
510
510
500
500
500
510
500
510
500
500
510
510
500
540
540
540
540
550
540
540
540
540
540
550
540
540
540
540
550
540
550
540
540
540
550
540
580
580
580
580
580
580
580
580
580
580
580
580
580
580
580
620
610
660
650
660
650
650
650
660
700
690
700
690
700
690
690
700
690
700
690
700
690
730
730
730
730
730
730
730
740
740
730
730
740
730
730
740
730
720
710
750
750
750
740
750
750
740
740
750
750
750
750
750
740
750
750
750
750
740
750
750
750
750
740
750
750
750
750
740
790
790
780
790
830
820
830
820
830
830
820
830
820
830
820
830
820
830
820
830
830
820
830
860
870
860
870
860
870
860
870
870
860
870
870
860
870
860
870
860
870
860
860
870
860
870
870
860
860
870
870
860
870
870
860
870
860
860
860
870
870
860
870
860
870
860
870
870
860
870
870
860
870
870
860
870
870
860
870
860
880
860
910
910
900
910
910
910
910
900
920
900
910
910
900
900
910
950
940
940
950
990
990
990
990
990
990
990
980
990
990
1030
1030
1030
1030
1030
1020
1040
1060
1070
1070
1070
1070
1060
1080
1070
1070
1070
1070
1070
1070
1080
1070
1110
1120
1110
1110
1120
1110
1110
1120
1120
1110
1120
1110
1110
1120
1110
1160
1160
1160
1150
1160
1160
1160
1200
1190
1200
1190
1200
1200
1200
1200
1190
1200
1190
1190
1200
1200
1200
1200
1190
1190
1200
1200
1200
1240
1280
1280
1290
1290
1290
1280
1290
1290
1290
1280
1290
1290
1280
1290
1290
1280
1300
1290
1280
1290
1280
1290
1290
1290
1330
1330
1330
1340
1330
1330
1330
1340
1330
1340
1330
1330
1330
1330
1340
1330
1330
1330
1330
1340
1340
1330
1330
1330
1340
1330
1330
1330
1330
1340
1330
1330
1340
1330
1330
1380
1370
1380
1370
1380
1380
1370
1370
1380
1380
1370
1380
1420
1420
1420
1460
1460
1470
1460
1460
1460
1460
1460
1510
1510
1510
1510
1510
1510
1510
1520
1550
1550
1610
1610
1610
1600
1610
1610
1600
1610
1610
1600
1610
1610
1600
1610
1610
1600
1610
1610
1600
1610
1610
1610
1610
1600
1600
1620
1600
1600
1620
1600
1610
1610
