0.340575
0.456645
0.578739
0.611932
0.609712
0.637915
0.523713
0.416791
0.369675
0.302455
0.261178
0.243612
0.157482
0.250029
0.219602
0.364360
0.501725
0.708763
1.031348
1.290991
1.303246
1.400107
1.468533
1.533864
1.553770
1.550954
1.567867
1.541906
1.456856
1.411181
1.158179
0.967722
0.774051
0.756179
0.541061
0.630951
0.513135
0.530631
0.421707
0.315286
0.328403
0.189042
0.318000
0.295285
0.321969
0.160502
0.152478
0.362624
0.415907
0.687726
0.596068
0.583874
0.431652
0.237114
0.189162
0.323295
0.480889
0.550798
0.622060
0.621399
0.757824
0.755833
0.807302
0.845611
0.929828
0.917780
1.041137
1.093044
1.175977
1.159862
1.191369
1.284653
1.204802
1.257460
1.254845
1.222023
1.195738
1.309849
1.293331
1.257220
1.327738
1.571043
1.715606
2.139071
2.000877
1.558253
1.318768
1.116266
1.011342
1.021635
1.098830
0.993200
0.915353
1.019140
0.981593
0.743248
0.629841
0.286270
0.070555
0.243970
0.391324
0.459436
0.617066
0.431964
0.438057
0.391028
0.432077
0.383037
0.402271
0.596362
0.450122
0.618757
0.746136
0.837521
1.028083
1.130390
1.109305
0.865455
0.798617
0.597158
0.462787
0.438571
0.396280
0.366232
0.480888
0.791647
0.878806
0.815946
0.970062
0.935022
0.836980
1.022053
0.975888
0.845289
0.847020
1.047564
1.085751
1.151754
1.342197
1.317802
1.348362
1.499576
1.619074
1.446980
1.530834
1.566320
1.566178
1.826355
1.787682
2.119133
1.925767
2.429052
2.527630
1.988821
1.582640
1.297363
0.766313
0.648179
0.588860
0.443529
0.306122
0.411886
0.346558
0.185312
0.288773
0.366471
0.545208
0.551875
0.681734
0.833695
0.910147
0.763286
0.697564
0.737463
0.756647
0.765155
0.733661
0.814065
0.947823
1.159537
1.162769
1.159036
1.413494
1.451489
1.418610
1.473907
1.245217
0.941786
0.956413
0.747462
0.728103
0.565351
0.641711
0.519900
0.582960
0.644896
0.580547
0.632681
0.511826
0.453644
0.465084
0.419411
0.295655
0.348647
0.438067
0.434818
0.326681
0.421037
0.754953
0.893061
0.938988
0.977966
0.917937
0.922657
0.907323
0.856536
1.011664
0.931443
0.934270
1.132438
1.162091
1.126536
1.083382
1.168624
1.344899
1.277456
1.398771
1.273297
1.432028
1.695864
1.501838
1.282654
1.227268
1.243069
1.068363
1.044208
1.056742
1.129699
1.151195
1.269071
1.415039
1.425194
1.515875
1.570903
1.619116
1.722878
1.870932
1.933960
1.871672
1.567992
1.538332
1.846723
1.897652
1.886730
1.712332
1.416623
1.277666
1.215968
0.957385
0.637605
0.290036
0.256405
0.360648
0.567125
0.692065
0.847962
1.109951
1.149332
1.131927
1.275705
1.190558
1.433432
1.412288
1.531481
1.541531
1.469854
1.504478
1.273022
1.152112
1.071541
0.981763
0.942430
1.016193
1.091810
1.102653
0.940973
0.994489
1.085981
1.070314
1.590194
2.084068
2.144034
2.307266
2.044271
2.123275
1.725528
1.712317
1.814636
1.878580
1.961676
1.542621
1.491863
1.438421
1.173418
1.021248
0.990002
0.862231
0.850532
0.959886
0.892878
1.012853
1.189896
1.206153
1.416501
1.399758
1.425773
1.404390
1.407380
1.416476
1.399440
1.551653
1.553691
1.715001
1.502550
1.539311
1.321086
1.457652
1.438099
1.416693
1.272091
1.328202
1.294785
1.131468
1.106460
1.177845
1.234111
1.637316
1.850960
2.191495
2.045432
1.920439
2.173496
1.990742
1.991391
1.865182
1.697037
1.432076
0.970469
1.029200
1.237819
1.438109
1.776477
1.939353
2.205008
2.543942
2.818303
2.829844
2.913535
2.881281
3.091544
3.294025
3.421096
3.718051
3.741343
3.874341
4.024977
4.263859
4.264896
4.297796
4.393682
4.520593
4.598341
4.804110
4.880304
5.074965
5.131436
5.063486
5.068792
5.173157
5.140833
5.285907
5.201776
5.220697
5.033041
4.820957
4.500747
4.353676
4.413004
4.407564
4.416525
4.153655
4.045925
3.922450
3.849412
3.771873
3.856357
3.983008
3.975847
3.982349
3.948343
3.960067
3.992066
4.047691
4.126279
4.171886
4.180621
4.201372
4.127978
4.005720
3.904802
3.657150
3.518799
3.415995
3.411182
3.690353
3.806792
3.846852
3.988592
3.981376
3.846105
3.721389
3.359797
2.969192
2.298552
2.293752
2.367213
2.272162
2.126891
1.893070
1.666989
1.462592
1.500068
1.532033
1.502401
1.675929
1.757440
1.831739
2.056274
2.303641
2.472188
2.624964
2.795338
2.898029
3.000371
3.131482
3.220562
3.297170
3.474461
3.582467
3.791066
4.085510
4.333066
4.541615
4.748567
4.909749
5.053261
5.247672
5.263658
5.300130
5.308507
5.358528
5.394648
5.231516
4.752256
4.690669
4.657717
4.507503
4.307070
4.181713
4.149738
4.094792
4.129587
4.114383
4.135157
4.094761
4.131695
4.113990
4.038731
3.906229
3.711875
3.556256
3.471263
3.338908
3.238216
3.091129
2.996529
2.877988
2.771783
2.652705
2.501277
2.265934
2.293488
2.455686
2.544908
2.644912
2.984746
3.200430
3.145338
2.818862
2.902535
2.395715
2.077382
2.083769
2.177240
2.412124
2.581395
2.608697
2.865009
2.938768
3.133894
3.338104
3.520841
3.700213
3.883567
3.882994
3.899056
4.051346
4.184230
4.291461
4.380551
4.441625
4.555437
4.673660
4.786197
4.943921
5.058925
5.189320
5.294566
5.388013
5.535305
5.544091
5.461353
5.481773
5.645140
5.604030
5.452495
5.206713
5.126568
4.668562
4.675367
4.475628
4.435845
4.380390
4.193467
4.080401
3.938061
3.713913
3.470240
3.316090
3.206303
3.042784
2.950903
2.848599
2.816630
2.704973
2.568685
2.410815
2.183882
1.987573
1.546578
1.148899
