70
70
70
70
70
70
80
70
70
70
80
70
70
120
120
110
120
110
110
120
160
160
160
160
160
160
150
200
200
200
210
200
200
200
210
200
200
200
200
200
200
210
200
200
200
260
240
300
350
350
340
350
340
340
340
390
390
390
390
390
400
390
390
390
390
390
380
420
430
420
430
430
470
520
530
530
530
520
530
530
530
530
570
560
570
560
560
560
560
620
630
620
620
670
670
730
720
730
720
780
780
780
770
780
780
780
830
830
830
830
830
830
830
830
830
830
830
880
880
890
880
890
880
880
880
880
890
880
930
940
940
940
940
940
930
940
940
940
930
940
950
990
990
1000
990
990
990
1000
990
990
990
1000
990
990
990
990
1000
990
990
990
1000
990
990
990
1050
1050
1050
1050
1100
1100
1170
1160
1160
1160
1160
1210
1220
1220
1210
1210
1220
1210
1210
1210
1220
1210
1210
1220
1210
1210
1220
1210
1220
1210
1210
1220
1210
1210
1220
1210
1220
1210
1210
1210
1210
1220
1210
1210
1220
1210
1220
1210
1210
1270
1270
1280
1270
1270
1270
1270
1280
1270
1270
1270
1270
1280
1330
1330
1330
1330
1320
1330
1380
1380
1390
1440
1440
1440
1440
1440
1440
1440
1440
1440
1440
1440
1500
1500
1500
1500
1500
1500
1500
1500
1560
1610
1620
1620
1620
1610
1620
1610
1620
1620
1680
1670
1680
1740
1740
1800
1810
1870
1860
1930
1930
1930
1930
2000
1990
2060
2070
2060
2060
2070
2120
2120
2120
2120
2130
2120
2190
2190
2190
2250
2260
2250
2260
2250
2250
2260
2260
2250
2260
2250
2260
2250
2260
2260
2250
2250
2260
2250
2260
2250
2250
2260
2250
2250
2260
2240
2260
2260
2240
2260
2230
2230
2230
2240
2230
2230
2230
2230
2240
2230
2230
2230
