160
240
330
420
530
610
710
800
910
990
1100
1090
1090
1090
1060
1050
1060
1050
1050
1060
1060
1050
1050
1050
1050
1060
1050
1050
1050
1050
1060
1050
1050
1060
1050
1050
1050
1050
1050
1050
1060
1050
1050
1050
1050
1050
1060
1050
1050
1050
1060
1050
1050
1060
1050
1060
1050
1050
1060
1050
1050
1060
1050
1070
1090
1090
1090
1100
1090
1090
1090
1100
1090
1100
1090
1090
1100
1090
1090
1090
1090
1090
1100
1090
1090
1100
1090
1100
1090
1090
1100
1050
1070
1070
1060
1070
1060
1060
1060
1060
1060
1060
1060
1060
1060
1050
1060
1060
1060
1060
1060
1060
1060
1050
1060
1060
1060
1060
1050
1050
1060
1060
1060
1060
1050
1060
1060
1050
1060
1050
1060
1060
1050
1060
1060
1050
1060
1050
1050
1060
1060
1050
1060
1060
1070
1070
1080
1070
1070
1070
1070
1080
1070
1070
1070
1070
1070
1070
1070
1070
1070
1060
1060
1080
1070
1070
1070
1070
1070
1070
1080
1070
1060
1070
1070
1070
1070
1070
1070
1070
1070
1060
1050
1060
1060
1060
1060
1060
1050
1060
1060
1060
1060
1060
1060
1060
1050
1060
1060
1060
1060
1060
1060
1060
1050
1060
1050
1050
1060
1050
1060
1060
1050
1060
1060
1060
1050
1060
1050
1050
1060
1060
1050
1060
1060
1060
1050
1060
1060
1050
1060
1060
1060
1050
1060
1060
1050
1050
1060
1050
1060
1050
1060
1050
1060
1060
1050
1060
1050
1060
1060
1060
1050
1060
1050
1060
1050
1060
1050
1060
1060
1050
1060
1050
1060
1050
1060
1060
1050
1060
1060
1050
1060
1050
1050
1060
1050
1060
1050
1060
1060
1070
1070
1070
1060
1080
1070
1070
1060
1070
1070
1070
1070
1070
1070
1070
1070
1070
1060
1070
1080
1070
1070
1060
1060
1070
1070
1070
1070
1070
1070
1070
1070
1070
1070
1070
1070
1070
1060
1070
1080
1070
1060
1060
1070
1070
1060
1070
1060
1070
1070
1050
1060
1050
1060
1060
