1.974894 1.995261
1.911730 1.961840
1.819324 1.953834
1.734046 1.932043
1.655781 1.918852
1.595206 1.922134
1.560234 1.975066
1.429345 2.023547
1.330706 2.049604
1.210695 2.087414
1.150744 2.123469
1.066376 2.089216
0.976142 2.054798
0.930524 2.105746
0.922923 2.174880
0.920618 2.265440
0.904932 2.318640
0.912625 2.447273
0.920311 2.590045
0.903105 2.692211
0.940509 2.719842
0.962826 2.567620
0.964207 2.415371
0.923688 2.173051
0.893968 1.976139
0.881615 1.777586
0.841897 1.622856
0.850074 1.575401
0.872418 1.572112
0.904242 1.673283
0.965165 1.832884
1.017881 2.054734
1.080275 2.258774
1.098939 2.464105
1.117042 2.663483
1.056995 2.758301
1.092844 2.888517
1.005585 2.898564
0.910502 2.944071
0.882121 3.000313
0.880395 3.095386
0.809362 3.006501
0.815062 2.830258
0.801044 2.516404
0.759758 2.276451
0.733984 2.065860
0.748798 1.943969
0.733725 1.835692
0.724977 1.791180
0.703721 1.772826
0.687209 1.817389
0.649187 1.845501
0.676307 1.958775
0.696610 2.061258
0.708781 2.142246
0.710263 2.186733
0.738859 2.275701
0.765867 2.406424
0.800631 2.477196
0.843558 2.641605
0.880576 2.796839
0.879708 2.856036
0.922793 2.901975
0.959257 2.729708
0.964367 2.520307
0.915006 2.232913
0.872266 2.017084
0.833089 1.846637
0.805068 1.768152
0.794246 1.746739
0.804103 1.816643
0.838430 1.905980
0.888245 2.018664
0.950499 2.189119
0.966642 2.382070
0.901593 2.520155
0.873146 2.672912
0.787754 2.665621
0.710005 2.627553
0.717781 2.548655
0.801993 2.478700
0.890052 2.394972
0.989833 2.310118
1.050030 2.275842
1.102721 2.234011
1.203206 2.169573
1.292612 2.133095
1.303733 2.059628
1.351417 2.048647
1.457496 1.999474
1.565614 1.988140
1.633432 1.971567
1.712793 1.935684
1.789037 1.894748
1.845161 1.847831
1.879652 1.834320
1.943127 1.813438
1.989720 1.816399
2.076989 1.781778
2.126346 1.744081
2.223088 1.692369
2.210895 1.658750
2.108544 1.632284
1.922861 1.630620
1.736096 1.637331
1.555568 1.577086
1.422693 1.547199
1.363934 1.523643
1.328164 1.491160
1.325435 1.458252
1.408241 1.457549
1.483809 1.451278
1.603721 1.451487
1.677747 1.469645
1.814568 1.470416
1.827098 1.483085
1.907395 1.479005
1.851750 1.485406
1.901752 1.502207
1.927705 1.510048
1.892338 1.474070
1.825425 1.495077
1.648512 1.417756
1.590927 1.393016
1.582150 1.368640
1.557619 1.369614
1.356378 1.352000
1.219500 1.338045
1.071739 1.310818
0.958214 1.324917
0.944415 1.325917
0.976849 1.314785
1.070959 1.342137
1.205514 1.353661
1.315754 1.328109
1.476500 1.323687
1.649593 1.329347
1.767809 1.311252
1.872131 1.302079
1.973960 1.254954
2.044974 1.252824
2.111529 1.238617
2.202070 1.223555
2.307541 1.224302
2.414849 1.226552
2.557762 1.255622
2.715827 1.285374
2.846186 1.300562
2.923515 1.331902
3.100746 1.366121
3.088966 1.372468
3.026816 1.404078
2.850126 1.448093
2.650550 1.512900
2.583095 1.622990
2.382877 1.767666
2.331864 1.930147
2.297399 2.122872
2.299461 2.310439
2.108103 2.501929
2.007818 2.709795
1.728812 2.751598
1.566081 2.841584
1.432147 2.932193
1.250151 3.011595
1.162977 3.079607
1.139074 3.279944
1.144970 3.434456
1.145141 3.618483
1.180942 3.824387
1.210936 4.042388
1.196451 4.169426
1.143917 4.060534
1.120761 3.831545
1.110237 3.574564
1.050115 3.274776
0.975770 2.966678
0.922960 2.679249
0.862731 2.413313
0.826908 2.262181
0.768171 2.088863
0.760080 2.004607
0.767166 1.979659
0.783406 2.007861
0.825121 2.128165
0.906923 2.348294
1.006795 2.529843
1.087121 2.779036
1.069995 2.941119
1.078459 3.098244
1.063418 3.249346
1.036783 3.412314
1.045961 3.647525
1.096468 3.829892
1.138230 4.085501
1.202415 4.341105
1.251881 4.584110
1.272702 4.795287
1.299627 4.831244
1.318192 4.741660
1.314613 4.423085
1.262031 4.126077
1.135026 3.804037
1.068001 3.550595
1.013567 3.276777
0.972727 3.023168
0.969835 2.825506
0.957744 2.660900
1.019082 2.559414
1.095143 2.519099
1.175700 2.474094
1.136542 2.442365
1.106953 2.401664
0.964773 2.334281
0.794057 2.239130
0.773928 2.211648
0.788559 2.206755
0.795103 2.236815
0.816856 2.311428
0.848051 2.436987
0.890624 2.619839
0.947661 2.782322
0.963967 2.889637
0.985460 3.063605
0.943125 3.118697
0.903581 3.159144
0.848960 3.019243
0.840832 2.830256
0.727224 2.536129
0.665848 2.267550
0.657396 2.106012
0.644986 1.934854
0.641185 1.843630
0.626109 1.802416
0.592020 1.726983
0.578947 1.689887
0.609961 1.705820
0.659352 1.781920
0.700809 1.936245
0.776965 2.129793
0.838541 2.318203
0.886887 2.459845
0.859905 2.574413
0.857097 2.677917
0.853144 2.782523
0.787004 2.834817
0.767285 2.936278
0.747251 3.036349
0.786694 3.208704
0.819156 3.389675
0.858410 3.523261
0.910795 3.495481
0.970451 3.322353
0.964598 3.154402
0.901963 2.895209
0.840345 2.626803
0.795050 2.432014
0.775687 2.309719
0.783773 2.198828
0.807401 2.136504
0.806108 2.097898
0.750211 2.050269
0.735089 2.097592
0.670250 2.152093
0.630485 2.194325
0.649286 2.177298
0.658529 2.250557
0.650361 2.257553
0.658302 2.287052
0.692333 2.361332
0.724022 2.526121
0.760471 2.691630
0.783505 2.741703
0.758341 2.774586
0.708730 2.775713
0.668455 2.806199
0.640124 2.877237
0.630430 2.876342
0.619898 2.743668
0.611737 2.517067
0.603923 2.327932
0.596962 2.119961
0.580851 1.959249
0.530941 1.844098
0.497605 1.808097
0.500136 1.753270
0.501096 1.749518
0.543962 1.778705
0.581727 1.867034
0.635288 1.966231
0.675288 2.086839
0.712196 2.253512
0.769479 2.438821
0.783451 2.564709
0.741802 2.658856
0.690876 2.766439
0.734185 2.820904
0.709602 2.927850
0.727117 2.997861
0.728946 3.080735
0.753728 3.170005
0.777585 3.327235
0.784424 3.444224
0.847603 3.573050
0.949566 3.577056
1.036591 3.473859
0.992209 3.261874
0.927762 3.045934
0.850573 2.809451
0.812623 2.609963
0.784202 2.419204
0.791991 2.321050
0.804978 2.249652
0.837988 2.233045
0.866790 2.266935
0.809754 2.268870
0.697559 2.322929
0.666193 2.265144
0.640557 2.250337
0.634180 2.145184
0.643128 2.107617
0.638678 2.112731
0.645529 2.182278
0.668697 2.286372
0.674305 2.396239
0.707932 2.554247
0.716444 2.559594
0.693680 2.434775
0.741136 2.326501
0.860108 2.250736
0.952315 2.192095
1.062025 2.126576
1.178601 2.021471
1.272446 1.927425
1.364968 1.834182
1.451142 1.720012
