1.974966 1.996183
1.973105 2.006915
1.975481 2.025299
1.973522 2.051825
1.976910 2.095344
1.978779 2.145445
1.980969 2.215317
1.985392 2.303293
1.996797 2.403533
2.006533 2.521525
2.016677 2.647275
2.018830 2.789729
2.029854 2.939257
1.950473 2.992777
1.862396 2.979386
1.839988 3.134556
1.864739 3.338899
1.877624 3.569666
1.888144 3.763283
1.887426 3.920338
1.539713 3.297365
1.265376 2.721034
1.089015 2.473402
1.012492 2.147182
0.962955 1.953943
0.960433 1.861111
0.948591 1.823472
0.934798 1.810928
0.917943 1.821318
0.924694 1.850966
0.968775 1.972665
1.087278 2.143266
1.300648 2.418929
1.627610 2.845584
2.090241 3.375950
2.617907 3.912457
3.061252 4.521891
3.361462 5.076860
3.611188 5.595290
3.868666 6.045653
4.037683 6.326541
4.113908 6.393259
4.057199 6.212563
3.866448 5.849122
3.593300 5.404957
3.351803 4.971149
3.136456 4.628451
3.018230 4.086197
2.873535 3.496806
2.669374 2.992310
2.469800 2.581078
2.337928 2.259756
2.244185 2.054462
2.242685 1.970369
2.281304 2.048335
2.227092 2.119709
2.163219 2.303064
2.096202 2.604751
2.297986 3.015137
2.439592 3.363903
2.439813 3.603682
2.172193 3.697840
1.994304 3.637012
1.789118 3.391364
1.647942 3.074463
1.531511 2.690775
1.419167 2.341932
1.300084 1.996372
1.244515 1.759179
1.265658 1.586198
1.259091 1.546248
1.277446 1.604806
1.256243 1.607563
1.324795 1.840919
1.568740 2.145300
1.871749 2.406736
2.082582 2.673265
2.305904 2.963137
2.492282 3.218872
2.511493 3.428756
2.516417 3.604676
2.562446 3.773890
2.596974 3.797665
2.631173 3.861291
2.729816 3.942608
2.829459 4.046611
3.036809 4.221963
3.187763 4.357147
3.255960 4.522161
3.398731 4.579135
3.602031 4.545426
3.773807 4.584444
3.925263 4.654878
3.814910 4.261745
3.661418 3.981714
3.501157 3.415779
3.430368 3.311499
3.382975 3.179768
3.263150 3.076975
3.170681 2.667182
3.302658 2.676221
3.251811 2.488164
3.238361 2.564003
3.148574 2.645877
2.986508 2.614195
2.713721 2.507479
2.419305 2.354072
2.195823 2.163097
1.997387 1.994289
1.908615 1.913881
1.853358 1.836958
1.874369 1.807620
1.870061 1.754964
1.979182 1.741356
2.024000 1.717880
2.150560 1.739878
2.212195 1.790436
2.308508 1.774669
2.342050 1.790381
2.376165 1.804132
2.439656 1.805431
2.379596 1.768107
2.434833 1.812778
2.492498 1.858350
2.494847 1.868337
2.561914 1.909890
2.364369 1.865422
2.128294 1.817926
1.832806 1.731303
1.575958 1.687162
1.387122 1.617372
1.337514 1.551102
1.289116 1.497979
1.363236 1.472742
1.418571 1.440329
1.501384 1.432729
1.617945 1.413108
1.795041 1.422572
1.944802 1.419329
2.098621 1.441216
2.255121 1.452298
2.242876 1.443957
2.371920 1.422377
2.484512 1.408890
2.568139 1.413658
2.701851 1.435551
2.836942 1.456691
2.898553 1.475524
3.062953 1.512511
3.281251 1.553630
3.376132 1.588853
3.426786 1.656788
3.403100 1.769744
3.297101 1.950050
3.234246 2.135453
3.085880 2.347646
2.884163 2.585494
2.882821 2.827975
2.886811 3.081862
2.899149 3.323539
2.913526 3.583984
2.791127 3.848332
2.814771 4.122801
2.842501 4.400036
2.724923 4.491762
2.712189 4.720751
2.747038 4.999504
2.793096 5.282088
2.780412 5.506177
2.687428 5.638508
2.642503 5.634406
2.587303 5.636160
2.498051 5.505259
2.357230 5.187819
2.280406 4.870867
2.125735 4.351204
2.067468 4.040443
1.789760 3.766999
1.786961 3.600091
1.794865 3.479356
1.773635 3.359340
1.757097 3.243522
1.756273 3.174515
1.791321 3.156976
1.846383 3.163811
1.895592 3.172850
1.971463 3.232851
2.028502 3.336896
2.125005 3.467336
2.237745 3.643071
2.360109 3.848505
2.430005 4.042732
2.581911 4.231223
2.732306 4.510776
2.921307 4.789854
3.138189 5.111761
3.363208 5.458790
3.601436 5.865988
3.646144 6.023432
3.458364 5.677482
2.961070 4.695109
2.377353 3.789706
1.997836 2.954722
1.908975 2.606527
1.852349 2.510983
1.834667 2.479309
1.801618 2.537632
1.783830 2.585680
1.797627 2.665493
1.834327 2.744682
1.867655 2.876648
1.894314 2.992724
1.978297 3.193342
1.928986 3.194448
1.950496 3.280014
1.979897 3.428461
2.069538 3.644906
2.142412 3.875162
2.244165 4.141581
2.386899 4.476666
2.559033 4.742787
2.650012 4.961096
2.789584 5.249646
2.845858 5.407058
2.903547 5.612061
2.880078 5.691806
2.851220 5.571467
2.638685 5.266535
2.307928 4.829258
2.158824 4.198335
2.152471 3.932648
2.211257 3.696459
2.027733 3.312512
2.029715 3.064551
2.058842 2.783599
1.867574 2.465412
1.710131 2.252891
1.719293 2.151853
1.783941 2.126511
1.882263 2.323429
2.028750 2.498262
2.174296 2.736374
2.330948 2.964967
2.431993 3.274343
2.508063 3.601370
2.628204 3.899026
2.671332 4.150432
2.613864 4.379335
2.804239 4.663678
3.014880 4.673299
3.204861 4.516829
3.403571 4.170035
3.427469 3.691762
3.474838 3.294512
3.336568 2.865425
3.145715 2.454653
3.083772 2.211835
2.985952 2.028976
2.979995 1.885985
3.054381 1.777380
3.356719 1.840238
3.822009 1.990055
4.523551 2.140676
5.228947 2.374685
5.479675 2.554965
5.544779 2.797454
5.465550 3.043674
4.876094 3.079958
4.234213 3.080580
3.359968 2.872646
2.689856 2.748801
2.048658 2.588833
1.827217 2.534052
1.716014 2.642952
1.647364 2.811979
1.730936 3.048927
1.786494 3.263064
1.621100 3.242088
1.599002 3.168297
1.325910 2.885663
1.286593 2.620517
1.228764 2.339852
0.883702 2.046771
0.617894 1.797951
0.586929 1.600916
0.589202 1.456870
0.617240 1.407835
0.665732 1.389891
0.724406 1.435875
0.811800 1.544951
0.907046 1.602879
1.032293 1.736382
1.110214 1.863564
1.131909 1.943546
1.157494 2.000368
1.234958 2.110975
1.300555 2.259982
1.332375 2.362417
1.427396 2.437220
1.436140 2.421106
1.495290 2.473597
1.590951 2.566781
1.510664 2.589988
1.557051 2.558921
1.640804 2.413363
1.420274 2.275231
1.376150 2.127373
1.274625 1.931155
1.224558 1.805552
1.182090 1.713187
1.153938 1.670296
1.129957 1.676238
1.091722 1.705656
1.061410 1.776791
1.022098 1.755290
0.970935 1.819232
0.945254 1.839439
0.824557 1.819906
0.799425 1.801017
0.784215 1.756879
0.756949 1.757906
0.705044 1.701919
0.676801 1.681470
0.660858 1.630252
0.646904 1.630954
0.642443 1.680477
0.677294 1.717914
0.707159 1.679059
0.783759 1.538784
0.916318 1.460628
1.020203 1.365439
1.117431 1.281681
1.211126 1.215032
1.334227 1.157314
1.427963 1.115596
1.575737 1.096886
