0.146544
0.247964
0.330769
0.428832
0.559448
0.833704
1.201035
1.587513
1.842389
2.049517
2.181948
2.234351
2.274595
2.302503
2.337513
2.381240
2.452024
2.557070
2.667102
2.720066
2.756232
2.694681
2.588603
2.478300
2.406083
2.367533
2.361638
2.344876
2.377837
2.503391
2.623405
2.748173
2.814297
2.771599
2.626620
2.482490
2.365319
2.196540
2.137341
2.106004
2.173127
2.341563
2.343563
2.131372
1.943652
1.877227
1.846541
1.881593
1.931961
2.045147
2.161929
2.270865
2.393524
2.536528
2.674881
2.830346
2.977253
3.122931
3.244106
3.345341
3.498310
3.607166
3.754265
3.762739
3.715644
3.616940
3.497314
3.410358
3.380996
3.398362
3.524565
3.713702
3.909528
4.027369
3.997547
3.824834
3.586982
3.356884
3.229416
3.099568
3.037337
2.934416
2.926991
3.057658
3.222712
3.431972
3.735267
4.047947
4.378268
4.740606
5.079732
5.433047
5.679641
5.886187
6.106929
6.324685
6.641913
6.862441
7.057983
7.266119
7.515930
7.653157
7.749788
7.735497
7.632391
7.432349
7.269019
7.050076
6.867063
6.692240
6.536039
6.356166
6.147614
5.956473
5.751698
5.518731
5.328108
5.115531
4.884212
4.658998
4.439727
4.216214
4.029770
3.803441
3.621066
3.571442
3.775735
4.058529
4.245036
4.420132
4.580460
4.697912
4.807469
4.920840
5.025857
5.117148
5.203048
5.318771
5.446158
5.605912
5.793361
5.994597
6.196271
6.396493
6.591781
6.783549
6.988369
7.176926
7.401736
7.575027
7.683521
7.736405
7.836459
7.986193
8.135039
8.245598
8.322517
8.312021
8.202951
8.168823
8.173399
8.299817
8.596868
8.851203
9.184386
9.429867
9.652085
9.894651
10.017280
10.132926
10.080058
10.024727
9.921261
9.993814
9.964107
9.873217
9.735016
9.578071
9.425547
9.298375
9.161155
8.963816
8.718664
8.537927
8.206496
7.920197
7.799470
7.735837
7.713465
7.651344
7.697017
7.579013
7.353162
7.067789
6.828599
6.584999
6.429432
6.387769
6.436436
6.472670
6.567169
6.692483
6.782498
6.866428
7.026768
7.163626
7.285665
7.397677
7.479650
7.576856
7.648843
7.765082
7.811843
7.903339
8.074647
8.325198
8.635601
8.967999
9.255069
9.533823
9.773347
10.064107
10.332034
10.427326
10.598988
10.656756
10.683048
10.644038
10.583790
10.411688
10.329442
10.152928
9.950852
9.742688
9.584672
9.364310
9.146507
8.890194
8.540726
8.181376
7.914703
7.697813
7.518415
7.269137
7.026457
6.737283
6.481569
6.164331
5.840678
5.471808
5.138042
4.865022
4.751417
5.018525
5.360928
5.726289
6.044201
6.330016
6.510881
6.701100
6.952813
7.151817
7.337469
7.467653
7.652573
7.945655
8.220562
8.618469
9.055502
9.442427
9.909576
10.245904
10.537975
10.654928
10.737678
10.822267
11.020528
11.086342
11.165841
11.045460
10.883185
10.608756
10.331245
9.922388
9.586173
9.272348
8.959825
8.683154
8.364180
8.083966
7.783485
7.471972
7.141434
6.861991
6.707877
6.567102
6.303994
5.990293
5.639335
5.255898
4.758159
4.315189
3.793560
3.308470
3.039312
3.039467
3.309129
3.760189
4.221291
4.660177
5.034356
5.388539
5.766672
6.128313
6.447323
6.644519
6.782757
6.929325
7.147563
7.487226
7.874467
8.378711
8.903326
9.415237
9.845260
10.109638
10.127527
10.035253
9.958268
9.951555
9.998500
10.029301
10.014802
10.020809
9.952515
9.876911
