5660
5660
5660
5660
5660
5650
5670
5660
5670
5850
5430
5440
5440
5430
5430
5420
5430
5420
5440
5620
5430
5420
5430
5420
5430
5420
5440
5420
5430
5620
5440
5440
5420
5430
5420
5420
5440
5430
5420
5630
5440
5420
5430
5420
5420
5440
5420
5440
5440
5630
5440
5420
5430
5420
5440
5430
5430
5440
5440
5620
5420
5430
5420
5420
5440
5440
5430
5440
5420
5620
5420
5420
5420
5450
5430
5440
5430
5420
5420
5620
5440
5420
5440
5430
5430
5420
5420
5420
5420
5650
5430
5450
5420
5430
5420
5440
5420
5420
5430
5640
5460
5450
5450
5450
5440
5460
5430
5430
5430
5640
5420
5440
5440
5440
5430
5470
5450
5450
5460
5640
5450
5450
5450
5430
5460
5440
5430
5450
5450
5620
5450
5460
5430
5450
5440
5440
5430
5450
5440
5630
5440
5440
5440
5440
5420
5440
5470
5440
5430
5650
5460
5460
5430
5440
5440
5480
5440
5450
5430
5630
5440
5460
5440
5450
5480
5440
5430
5420
5450
5630
5460
5440
5430
5430
5430
5440
5450
5440
5440
5630
5440
5440
5430
5450
5430
5430
5440
5420
5440
5630
5440
5450
5450
5440
5440
5450
5440
5410
5460
5620
5440
5460
5420
5430
5430
5430
5420
5450
5420
5610
5440
5440
5410
5440
5440
5440
5430
5430
5430
5650
5450
5430
5440
5450
5430
5430
5450
5420
5430
5660
5430
5430
5430
5440
5430
5440
5450
5430
5440
5630
5430
5440
5430
5440
5440
5450
5430
5430
5440
5630
5440
5460
5430
5440
5460
5470
5420
5440
5440
5630
5450
5440
5440
5420
5440
5420
5440
5440
5430
5630
5440
5440
5450
5430
5450
5440
5440
5430
5420
5630
5420
5440
5450
5430
5420
5460
5430
5440
5420
5640
5430
5440
5440
5420
5450
5420
5450
5450
5440
5620
5430
5440
5430
5440
5450
5430
5430
5440
5450
5630
5450
5430
5440
5450
5430
5420
5430
5450
5420
5650
5440
5440
5440
5450
5440
5420
5440
5440
5460
5640
5430
5430
5450
5430
5440
5440
