0.147996
0.303119
0.448081
0.655801
0.975923
1.217696
1.331680
1.438634
1.524114
1.614729
1.760284
1.847335
1.916778
1.962968
1.961145
2.010017
2.130132
2.292294
2.479848
2.605705
2.640965
2.609077
2.566366
2.476569
2.344021
2.166145
1.985312
1.815303
1.706387
1.610582
1.536431
1.395195
1.206110
1.017995
0.841574
0.700487
0.565570
0.385680
0.199582
0.109797
0.264127
0.348467
0.364409
0.303208
0.242856
0.279901
0.362339
0.509344
0.654805
0.798127
0.941678
1.132983
1.355951
1.560557
1.728676
1.850439
1.987710
2.138479
2.332163
2.545627
2.766736
2.891750
2.962886
2.940083
2.849726
2.654571
2.444228
2.204524
1.993111
1.820282
1.682505
1.621516
1.538539
1.428744
1.282625
1.096139
0.939568
0.812964
0.692174
0.596210
0.486050
0.370339
0.321370
0.472526
0.686202
0.931178
1.101950
1.296704
1.439399
1.559759
1.679617
1.776837
1.852835
1.983816
2.075676
2.186069
2.243301
2.314639
2.385664
2.438068
2.517264
2.569620
2.617487
2.604195
2.534896
2.407595
2.244755
2.085368
1.948128
1.797020
1.594076
1.416556
1.250339
1.088716
0.892745
0.759098
0.603286
0.533904
0.616431
0.754333
0.834714
1.064922
1.218085
1.403367
1.515627
1.643423
1.656097
1.593901
1.416983
1.252614
1.071875
0.967127
0.921311
0.857756
0.831576
0.840272
0.885509
0.978589
1.086112
1.226110
1.395160
1.583292
1.790785
1.965363
2.133718
2.308222
2.512167
2.724374
2.941498
3.153757
3.325500
3.513421
3.685852
3.900037
4.086789
4.211023
4.293314
4.315087
4.339433
4.373011
4.372931
4.400922
4.461382
4.554086
4.668834
4.778839
4.857370
4.950515
5.005915
5.103634
5.166031
5.243563
5.251270
5.209476
5.290685
5.293793
5.247738
5.150328
5.061106
4.938739
4.853322
4.792331
4.727696
4.645662
4.533081
4.460579
4.341303
4.185838
4.107847
4.028281
4.054420
4.173562
4.305879
4.358222
4.403173
4.253079
3.979606
3.462461
2.697147
2.052052
1.753106
1.665803
1.859645
2.149681
2.466778
2.838371
3.178072
3.498967
3.798412
4.051239
4.116255
4.234484
4.321763
4.406723
4.579928
4.809844
5.056276
5.326028
5.546263
5.789505
6.062872
6.313235
6.575283
6.850260
6.997404
7.109125
7.208298
7.296370
7.215056
7.081676
6.887148
6.673848
6.464791
6.256019
6.032364
5.813908
5.596616
5.428820
5.224717
5.026195
4.775659
4.479400
4.167173
3.827944
3.494480
3.209233
2.986563
2.760733
2.559699
2.303571
2.131077
2.111310
2.213805
2.323475
2.468040
2.635833
2.779031
2.933059
3.063802
3.167704
3.372283
3.556429
3.764172
4.001309
4.282116
4.527437
4.748523
4.875339
4.966776
5.039268
5.199064
5.411871
5.745588
6.147647
6.542251
6.879177
7.077842
7.240169
7.259259
7.185631
7.102987
6.922344
6.663043
6.415670
6.147507
5.877338
5.620695
5.385818
5.158906
4.967871
4.801939
4.606709
4.406087
4.155552
3.922078
3.663705
3.448796
3.223020
3.002685
2.795671
2.607535
2.448450
2.293407
2.200562
2.186732
2.295103
2.462567
2.640236
2.804286
2.948305
3.135233
3.324767
3.544903
3.771839
4.008835
4.361070
4.659284
4.923851
5.248797
5.512250
5.732459
5.913201
6.088155
6.249374
6.462737
6.713543
6.922275
7.083589
7.128028
7.185166
7.231523
7.240879
7.258480
7.265710
7.272114
7.262191
