30
3890
3990
4050
4180
4260
4350
4460
4550
4680
3010
3900
4000
4060
4180
4290
4370
4470
4570
4700
3010
3920
3990
4090
4170
4300
4370
4480
4570
4670
3010
3900
3990
4070
4220
4280
4410
4490
4580
4680
3030
3910
4010
4070
4210
4300
4390
4490
4590
4690
2980
3880
3960
4060
4180
4270
4380
4460
4580
4670
2990
3890
3970
4090
4180
4270
4380
4470
4560
4650
3000
3890
3980
4070
4200
4310
4380
4490
4570
4670
2990
3890
3980
4080
4190
4320
4370
4480
4570
4660
3000
3890
3970
4090
4190
4270
4380
4460
4560
4650
3000
3900
3960
4060
4160
4260
4350
4450
4540
4640
3000
3880
3970
4090
4180
4290
4360
4460
4550
4650
3000
3890
3990
4110
4180
4290
4360
4460
4550
4650
3010
3900
3990
4090
4180
4290
4360
4460
4550
4640
3000
3890
3960
4070
4160
4250
4370
4440
4540
4630
2990
3880
3960
4090
4150
4250
4370
4440
4560
4630
3000
3900
3950
4060
4150
4240
4340
4440
4530
4650
3000
3880
3940
4060
4160
4310
4360
4440
4550
4640
2990
3880
3940
4060
4160
4250
4340
4450
4530
4640
2990
3870
3950
4050
4160
4240
4340
4480
4530
4630
2990
3890
3940
4060
4150
4240
4340
4480
4540
4630
2990
3880
3960
4090
4160
4260
4350
4450
4560
4640
3000
3870
3960
4070
4190
4260
4350
4450
4570
4650
2980
3860
3990
4070
4160
4250
4340
4450
4560
4640
2980
3860
3950
4060
4150
4270
4360
4440
4540
4630
2980
3860
3950
4060
4150
4240
4340
4440
4560
4640
2970
3860
3960
4090
4150
4280
4350
4470
4540
4660
2980
3890
3950
4070
4150
4250
4340
4440
4580
4650
2990
3860
3980
4050
4150
4250
4350
4440
4530
4650
2970
3850
3920
4030
4110
4210
4300
4400
4490
4580
2990
3840
3930
4050
4110
4230
4310
4410
4500
4600
2980
3840
3960
4020
4120
4210
4300
4410
4490
4590
2970
3850
3930
4030
4110
4210
4350
4430
4490
4590
2950
3830
3880
3970
4060
4160
