0.147710
0.340706
0.521915
0.707739
0.891631
1.070144
1.243386
1.420614
1.587038
1.749718
1.911895
2.069828
2.226268
2.214558
2.156742
2.092270
2.041389
1.919839
1.851020
1.711306
1.638574
1.504936
1.324591
1.174720
1.080210
1.040913
1.033703
1.062002
1.145761
1.208703
1.340556
1.518117
1.674931
1.781009
1.852313
1.771077
1.601372
1.379895
1.149176
0.956657
0.838002
0.755771
0.697721
0.668131
0.675466
0.721730
0.743913
0.834184
0.972261
1.210003
1.502817
1.780129
2.007674
2.225360
2.401498
2.507796
2.619493
2.677525
2.723186
2.776035
2.892011
3.002549
3.078281
3.032681
2.868777
2.667653
2.504512
2.476601
2.461017
2.501504
2.532846
2.621287
2.644555
2.588991
2.376783
2.062495
1.708449
1.389805
1.182607
1.090843
1.066169
1.023044
0.933586
0.884260
0.806088
0.774237
0.705219
0.643482
0.670850
0.594252
0.572517
0.689026
0.789449
0.944584
1.092101
1.245411
1.371010
1.449247
1.528961
1.592578
1.639851
1.603348
1.506093
1.375007
1.179207
0.945966
0.763685
0.607606
0.465485
0.350749
0.269451
0.257338
0.297171
0.416851
0.541662
0.703915
0.838463
0.977723
1.088081
1.199331
1.321650
1.437967
1.562707
1.637031
1.707471
1.736743
1.651008
1.465642
1.344267
1.177425
1.072219
0.983061
0.909932
0.883472
0.952362
1.086188
1.281432
1.528113
1.845958
2.151976
2.476365
2.787729
3.022562
3.254901
3.504190
3.692467
3.864521
4.025647
4.102920
4.244199
4.152506
4.092873
3.919973
3.702868
3.486967
3.493848
3.663657
3.916283
4.187480
4.436868
4.683270
4.905954
5.148586
5.428601
5.577237
5.842310
6.199688
6.609484
6.881683
7.172899
7.338800
7.346786
7.177965
6.876767
6.719564
6.650283
6.612667
6.573837
6.474550
6.337256
6.209064
6.044971
5.867192
5.624824
5.412790
5.097415
4.782868
4.375171
4.005438
3.708508
3.542532
3.497816
3.621693
3.995585
4.625272
5.279117
5.475025
5.364766
5.113200
4.874262
4.653517
4.296663
3.898556
3.516122
3.170602
2.843821
2.553042
2.311037
2.196524
2.266288
2.622146
3.020752
3.343414
3.608645
3.797108
4.045521
4.441651
4.936910
5.580465
6.260115
6.916364
7.584056
8.213521
8.776531
9.386520
9.749760
9.758912
9.520580
9.085083
8.466594
7.931372
7.460215
6.830833
6.233773
5.546816
4.599390
3.733225
2.968067
2.168749
1.555259
1.015043
0.560557
0.396631
0.698341
1.191785
1.709470
2.362138
3.006593
3.724392
4.317007
4.694777
4.705036
4.424513
3.929843
3.511198
3.154238
2.833614
2.491200
2.107945
1.658338
1.173132
0.783822
0.712201
0.936999
1.318956
1.775136
2.272594
2.788998
3.385066
4.080508
4.886922
5.633855
6.221502
6.591521
6.737965
6.879643
6.978231
7.029164
6.995770
6.812878
6.504739
6.210531
5.885721
5.548260
5.165026
4.764617
4.326444
3.834491
3.290256
2.792771
2.304968
1.916864
1.575681
1.257814
1.037230
0.823135
0.801510
1.001358
1.468179
2.027676
2.511177
2.952301
3.285709
3.435470
3.401388
3.181917
2.787154
2.324245
1.929234
1.582519
1.267331
0.991103
0.726311
0.483393
0.553978
0.993148
1.386224
1.786940
2.063495
2.396778
2.746983
3.163020
3.649959
4.255493
4.965499
5.543566
5.900699
6.011262
6.059629
6.114138
6.173363
6.301407
6.442611
6.577393
6.686271
6.793679
