2.079275 2.053140
2.079035 2.057525
2.079824 2.063915
2.081555 2.071837
2.076487 2.081059
2.076620 2.092684
2.076579 2.107306
2.073423 2.121920
2.071201 2.146691
2.073804 2.175364
2.069474 2.214116
2.071270 2.254245
2.075359 2.296874
2.082062 2.339029
2.095987 2.340995
2.110602 2.319555
2.134855 2.302938
2.108189 2.320957
2.103261 2.335501
2.130667 2.297703
2.138515 2.297822
2.149415 2.319204
2.158846 2.354676
2.173876 2.410784
2.193088 2.495859
2.213458 2.600341
2.235938 2.713568
2.261986 2.845332
2.293156 2.983150
2.330687 3.130875
2.376117 3.315842
2.412829 3.482387
2.452917 3.648123
2.505046 3.847981
2.562487 4.074304
2.606901 4.243124
2.663021 4.471399
2.720188 4.680180
2.773343 4.879538
2.830275 5.089398
2.889018 5.307754
2.949766 5.530114
3.008100 5.748288
3.078404 5.992378
3.135707 6.128484
3.174495 6.165280
3.242458 6.222202
3.330415 6.272973
3.398463 6.296545
3.309328 6.227935
3.233708 6.185839
3.190484 6.142695
3.173116 6.110909
3.132204 5.820427
3.081598 5.596400
3.032368 5.385228
2.989583 5.207499
2.965982 5.064044
2.946155 4.921617
2.931763 4.790268
2.927197 4.674208
2.930364 4.564129
2.939763 4.481843
2.961422 4.396140
2.984259 4.347502
3.016143 4.313221
3.054019 4.299022
3.093057 4.307162
3.138519 4.336520
3.196555 4.388095
3.254720 4.460091
3.315121 4.543689
3.382454 4.643774
3.455511 4.764776
3.531663 4.893369
3.615373 5.037823
3.710643 5.222785
3.800705 5.393137
3.838091 5.524203
3.846510 5.531802
3.777921 5.385994
3.730356 5.266360
3.832676 5.469640
3.848565 5.522883
3.836448 5.466313
3.775126 5.252090
3.733036 5.105561
3.684437 5.000171
3.626014 4.895813
3.589045 4.828241
3.554183 4.760090
3.524143 4.688018
3.518708 4.662116
3.525530 4.663222
3.542085 4.682288
3.574311 4.727128
3.625225 4.804983
3.672157 4.886130
3.733571 4.991138
3.812370 5.123361
3.904397 5.284391
3.989348 5.431356
4.093635 5.608969
4.208459 5.798414
4.343301 6.018735
4.461627 6.214376
4.607169 6.448273
4.739877 6.667745
4.882949 6.891943
5.046478 7.147840
5.036464 7.373953
4.998901 7.425607
5.005467 7.510857
5.046064 7.611761
5.104056 7.707623
4.976360 7.555140
4.931844 7.483266
4.917331 7.414082
4.936818 7.370943
4.969195 7.356971
5.025673 7.340765
4.841924 6.976100
4.723850 6.773872
4.607377 6.579485
4.514481 6.411702
4.421056 6.253487
4.330432 6.092584
4.249164 5.941671
4.188424 5.812670
4.143783 5.699071
4.116059 5.612245
4.098028 5.538552
4.098857 5.491077
4.111383 5.457876
4.138915 5.443980
4.191323 5.455712
4.248428 5.484461
4.320993 5.530466
4.403171 5.590879
4.507175 5.677373
4.616690 5.776231
4.740932 5.901112
4.868149 6.026905
5.015398 6.182490
5.169232 6.348222
5.319387 6.517146
5.379645 6.603156
5.439051 6.684910
5.390197 6.627903
5.325020 6.541811
5.206011 6.422384
5.336751 6.584516
5.374643 6.624092
5.099192 6.307412
4.916756 6.111109
4.777888 5.961536
4.657366 5.842120
4.576146 5.770274
4.504661 5.707569
4.453588 5.670586
4.418008 5.653899
4.391282 5.661440
4.392674 5.689462
4.406141 5.737514
4.438736 5.809234
4.479950 5.883641
4.550193 5.991307
4.629851 6.116282
4.718276 6.246945
4.849319 6.420622
4.969292 6.581432
4.977655 6.599706
5.002932 6.602621
5.117722 6.775678
5.238418 6.959451
5.382328 7.170813
5.512747 7.364522
5.705286 7.626870
5.870942 7.847662
6.013196 8.084543
6.047613 8.160373
6.143397 8.293166
6.251367 8.422853
6.386277 8.557437
6.194626 8.358481
6.080576 8.198305
6.015545 8.084514
6.004592 7.998877
6.026066 7.942524
6.088920 7.930525
6.179667 7.945795
6.304963 7.974609
6.437526 8.017085
6.580108 8.073610
6.757061 8.162673
6.956253 8.268857
7.167441 8.388984
7.409198 8.530592
7.631621 8.662841
7.895675 8.863132
8.111286 9.073904
8.317000 9.346054
8.517433 9.708667
8.724828 10.003124
8.718358 9.998807
8.961811 10.249992
8.886974 10.032053
8.695231 9.782652
8.514919 9.561163
8.371607 9.376550
8.235116 9.193432
7.876211 8.934240
7.711178 8.868076
7.566408 8.818766
7.443440 8.782212
7.317970 8.754107
7.214666 8.744029
7.123812 8.744358
7.054993 8.758594
7.006451 8.782305
6.970724 8.820837
6.976948 8.812068
6.978575 8.823300
6.860362 8.687202
6.761252 8.551265
6.793733 8.605984
6.894160 8.748558
6.997478 8.874367
7.132468 9.024429
6.991734 8.791859
6.875972 8.658133
6.832732 8.612000
6.815187 8.578199
6.813185 8.541255
6.831645 8.535148
6.900116 8.585332
6.949890 8.604532
7.018778 8.619835
7.119093 8.666211
7.235868 8.716078
7.368785 8.772371
7.495810 8.828644
7.645717 8.907180
7.652881 8.918460
7.654150 8.921474
7.812611 8.991779
7.968175 9.062046
8.166774 9.300685
8.284482 9.474750
8.408850 9.652860
8.534802 9.842054
8.671586 10.034159
8.567535 10.039581
8.396601 9.800858
8.327097 9.671864
8.239401 9.526636
8.175445 9.408348
8.095018 9.272768
7.885884 9.032089
7.732805 8.878878
7.587406 8.746001
7.476751 8.703814
7.390327 8.678423
7.328232 8.667380
7.266124 8.666557
7.218423 8.676585
7.197660 8.701082
7.189354 8.737019
7.202977 8.790209
7.242128 8.858630
7.302951 8.939242
7.423348 9.095164
7.581772 9.274309
7.748492 9.455374
7.513654 9.181464
7.401693 9.056954
7.327713 8.966338
7.275987 8.892085
7.239854 8.833606
7.216540 8.786167
7.192456 8.692285
7.198640 8.633622
7.232453 8.609919
7.277543 8.615163
7.378351 8.644919
7.468417 8.678113
7.579432 8.739082
7.700909 8.815715
7.827729 8.918316
7.935258 9.044990
8.034052 9.157506
8.080025 9.230416
8.153303 9.342365
8.149278 9.355625
8.250741 9.504527
8.369551 9.648242
8.472079 9.764689
8.575073 9.878288
8.577213 9.893683
8.537277 9.802675
8.382612 9.603100
8.283116 9.480398
8.201487 9.377925
8.057830 9.247891
8.055400 9.236705
8.066622 9.252771
7.928898 9.173904
7.824031 9.134031
7.740830 9.113180
7.675545 9.108892
7.629107 9.120114
7.600460 9.149440
7.594787 9.184635
7.609017 9.233184
7.642407 9.300040
7.687715 9.366483
7.757701 9.455207
7.882064 9.600468
8.049178 9.795212
8.175588 9.937529
8.331756 10.111463
8.466331 10.247723
8.195055 9.946372
8.070612 9.812293
7.962758 9.694026
7.865569 9.577295
7.766040 9.433491
7.723208 9.335737
7.706190 9.258198
7.727815 9.221812
7.763224 9.208673
7.801918 9.207837
7.862563 9.223425
7.933374 9.253560
8.023991 9.300339
8.136011 9.372433
8.229680 9.451679
8.298806 9.522816
8.368074 9.607305
8.450037 9.702497
8.537744 9.799997
8.724228 9.971897
8.600104 9.861220
8.528099 9.774113
8.468639 9.698577
8.452410 9.651111
8.463463 9.622989
8.515371 9.627314
8.676617 9.708529
8.896126 9.842213
9.075941 9.965627
9.267822 10.100631
9.444897 10.235719
9.615722 10.364569
9.852713 10.544808
10.120208 10.756240
10.121062 10.753960
10.119857 10.758184
10.127817 10.756356
10.374548 10.957906
10.694503 11.219543
10.942700 11.427966
11.157882 11.615374
11.161870 11.628788
11.394082 11.823890
11.595348 11.996608
11.841163 12.201675
11.840981 12.192935
11.840080 12.196713
12.085021 12.398387
12.332806 12.604002
12.571893 12.802363
12.839463 13.026781
13.078683 13.234636
13.329916 13.454128
13.537176 13.622061
13.719088 13.771137
13.862138 13.878248
13.919705 13.915983
13.956394 13.938584
13.942313 13.946284
13.939669 13.956884
14.153386 14.166830
14.109611 14.140555
14.074638 14.124774
13.913514 13.992623
13.690812 13.805026
13.696710 13.798960
13.692585 13.793506
13.696233 13.788652
13.468499 13.583897
13.308378 13.445181
13.137226 13.296948
12.973195 13.160990
12.782877 13.003326
12.614310 12.872737
12.469748 12.763009
12.323258 12.652432
12.186330 12.549009
12.055351 12.453308
11.922714 12.356089
11.809492 12.276963
11.823395 12.277767
11.818124 12.282179
11.820732 12.276959
11.839252 12.297843
11.856869 12.307823
11.772020 12.244590
11.704692 12.195721
11.642509 12.152590
11.587891 12.111531
11.553131 12.086038
11.522748 12.077692
11.500836 12.073751
11.486634 12.079605
11.487727 12.098498
11.495094 12.120311
11.522984 12.168797
11.556226 12.221639
11.592356 12.270297
11.624291 12.310574
11.624826 12.295664
11.656793 12.335484
11.702581 12.386169
11.761448 12.448902
11.815676 12.507730
11.742256 12.431852
11.689087 12.367242
11.661286 12.327214
11.632052 12.282507
11.609057 12.240676
11.598031 12.210290
11.607477 12.188807
11.630563 12.199862
11.668068 12.214844
11.707992 12.234706
11.767135 12.256038
11.809043 12.269279
11.856107 12.292086
11.918315 12.327005
11.984176 12.375067
12.063155 12.434447
12.136783 12.488681
12.225968 12.553127
12.325203 12.628452
12.419835 12.702893
12.531147 12.793448
12.652647 12.890943
12.757727 12.983778
12.902822 13.106414
13.045514 13.227314
13.207698 13.371808
13.358186 13.511540
13.526124 13.661682
13.701939 13.840865
13.867006 14.018229
13.898903 14.086417
13.916428 14.138437
13.928293 14.156114
13.945681 14.146122
13.975543 14.172447
14.145210 14.267128
14.129179 14.236625
14.024578 14.147188
14.034705 14.144074
14.032085 14.147300
13.948787 14.066963
13.856327 13.982125
13.748702 13.888878
13.664878 13.820459
13.593933 13.762989
13.534922 13.715004
13.471886 13.666317
13.431654 13.630014
13.381727 13.595391
13.373776 13.580223
13.373751 13.587887
13.345953 13.560807
13.325062 13.540531
13.313941 13.531186
13.319832 13.529475
13.333981 13.537959
13.359537 13.551782
13.400107 13.574619
13.448630 13.604228
13.503526 13.639749
13.567251 13.684559
13.664794 13.746981
13.756978 13.812468
13.852239 13.881957
13.937327 13.944712
14.006212 13.997745
14.052066 14.036858
14.060606 14.041069
14.027422 14.040665
14.061837 14.089163
14.104061 14.145952
14.160083 14.216121
14.219624 14.294473
14.265898 14.301825
14.204581 14.225380
14.160096 14.173307
14.088550 14.105117
14.008351 14.032992
13.932763 13.962426
13.869778 13.910118
13.797744 13.855035
13.731351 13.805340
13.666581 13.760510
13.599492 13.720831
13.540122 13.687683
13.489594 13.661673
13.450066 13.648783
13.421040 13.639260
13.419299 13.637442
13.418811 13.634240
13.403533 13.631864
13.395227 13.640733
13.398270 13.656397
13.409104 13.679400
13.429602 13.710924
13.456769 13.748559
13.491645 13.798376
13.534757 13.857090
13.590977 13.924701
13.656443 13.998853
13.730985 14.079306
13.806839 14.165051
13.866952 14.230246
13.931871 14.301832
13.996789 14.369453
14.071660 14.445554
14.110967 14.488932
14.080782 14.451900
14.003495 14.376260
14.014028 14.374036
13.959119 14.322644
13.916659 14.276021
13.872654 14.229631
13.812530 14.171717
13.739700 14.091564
13.668683 14.017039
13.623829 13.962769
13.583201 13.913266
13.552604 13.869786
13.524091 13.826171
13.511795 13.795194
13.512062 13.775713
13.520752 13.763451
13.536702 13.758198
13.559187 13.765349
13.597736 13.780375
13.644650 13.801281
13.702266 13.835269
13.772228 13.881251
13.853029 13.935538
13.947271 13.995444
14.064577 14.084194
14.179252 14.166373
14.505996 14.430473
14.920375 14.799875
