0.225822
0.318983
0.365043
0.370469
0.314121
0.253477
0.206006
0.226661
0.096935
0.131819
0.120819
0.223116
0.278361
0.145854
0.322374
0.231992
0.282298
0.468465
0.392314
0.148487
0.129576
0.060879
0.091860
0.132932
0.140176
0.320905
0.371752
0.547477
0.562413
0.608094
0.696786
0.765356
0.823755
0.999820
0.908990
1.120167
1.066125
1.215254
1.199914
1.176825
1.285762
1.229791
1.383128
1.336629
1.464885
1.462092
1.456638
1.435564
1.458816
1.379723
1.391679
1.394459
1.396665
1.446438
1.481673
1.289175
1.110397
1.052012
1.000248
0.975934
0.869732
0.858858
0.851455
0.829929
0.831183
0.849117
0.930918
0.948803
1.055810
1.036520
1.044918
1.184688
1.203187
1.231361
1.379651
1.337342
1.257697
1.470225
1.456987
1.388676
1.271066
1.133132
1.139563
1.350145
1.468382
1.358464
1.358913
1.262438
1.216434
1.076830
1.002891
0.863744
0.862847
0.866588
0.871858
0.928511
0.940850
1.011273
1.221758
1.269197
1.512660
1.602940
1.669262
1.689420
1.838892
1.867145
1.825360
2.002367
2.075590
2.105962
2.288480
2.218481
2.230752
2.209417
2.266794
2.187352
2.181470
2.190777
2.224423
2.288902
2.372858
2.167537
2.042627
1.946941
1.830834
1.570977
1.486715
1.435864
1.276442
1.265021
1.252954
1.248607
1.295656
1.357313
1.447602
1.628156
1.729466
1.838501
2.112445
2.207086
2.320555
2.630794
2.770531
2.885830
3.158279
3.283879
3.400736
3.409651
3.256714
3.099432
2.754531
3.032668
3.223969
2.972240
2.704851
2.393084
2.122987
1.958723
1.841227
1.707866
1.485816
1.395978
1.305769
1.222820
1.215848
1.262082
1.301249
1.484662
1.613575
1.897175
2.068551
2.083624
2.060288
2.227941
2.391393
2.695330
2.873424
3.193808
3.404557
3.573335
3.519616
3.527583
3.696226
3.798370
3.659571
3.627969
3.556362
3.569276
3.651072
3.823439
3.985644
4.287425
4.472810
4.826181
5.069229
5.305564
5.711298
5.955554
6.396625
6.668396
6.782872
7.177935
7.510922
7.732024
7.751245
8.024542
8.053754
7.860032
7.466804
7.270632
7.105541
6.555519
6.181714
5.977627
5.775131
5.582360
5.284661
5.139746
4.998592
4.820076
4.716944
4.721374
4.712765
4.380730
3.632119
3.489827
3.616499
3.746850
3.931358
3.565714
3.565380
3.699687
3.838062
3.970854
4.120495
4.331956
4.583356
4.764099
5.102617
5.331749
5.550792
5.938015
6.196510
6.189234
6.193595
6.445401
6.709109
7.214850
7.609356
7.843158
8.214281
8.628931
8.544377
8.133973
7.968120
7.635074
7.446897
7.252064
6.636588
6.265368
5.628027
5.351759
5.080043
4.790947
4.523866
4.269252
3.948958
3.775495
3.624649
3.469719
3.405643
3.532203
3.710863
3.990497
3.542502
3.454660
3.489851
3.574799
3.692443
3.830494
3.948523
3.946297
4.086429
4.324625
4.721989
5.176546
5.454334
5.787883
6.304667
6.674923
7.083121
7.192211
7.441737
7.429715
7.683993
7.879837
8.059973
8.246483
8.247250
8.397749
7.949819
7.731825
7.486198
6.951701
6.950560
6.952516
6.419773
6.117274
5.674752
5.420210
5.042842
4.682132
4.473396
4.197683
4.042639
3.910783
3.679516
3.609997
3.723071
3.866016
4.146836
4.302370
3.821393
3.656345
3.626136
3.619800
3.687739
3.709367
3.834128
4.097697
4.318185
4.578651
4.971996
5.242667
5.529193
6.066186
6.704250
7.059174
7.442274
7.655919
8.041678
8.556281
8.224186
8.016681
7.646043
7.385827
7.184204
6.943439
7.047507
7.349786
7.680484
8.217207
8.570984
8.960888
9.326585
9.898896
9.901868
9.907504
9.909186
10.299648
10.895574
11.234010
11.811271
11.801570
12.130897
12.485161
13.051669
13.038388
13.042643
13.386384
13.912121
14.239839
14.784877
15.144787
15.693081
16.016572
16.320036
16.659017
16.892796
16.985336
16.997610
16.992268
17.387210
17.227680
17.078662
16.651417
16.277567
16.278370
16.283978
16.280131
15.653292
15.238837
14.821692
14.409026
13.794056
13.410146
13.014649
12.610001
12.219186
11.795761
11.200378
10.800302
10.805218
10.785936
10.775359
10.763096
10.780345
10.332778
9.921773
9.513077
8.927421
8.500601
8.086768
7.712038
7.341278
7.070397
6.933571
6.722693
6.594986
6.773732
7.177577
7.187042
7.513577
7.847875
8.364124
8.714001
8.158842
7.701363
7.202913
6.863911
6.697796
6.696338
6.746315
6.682164
6.711149
6.770590
7.085742
7.707530
8.110658
8.530301
8.940486
9.584660
9.793813
10.430746
10.868974
11.273933
11.663619
12.304480
12.718532
13.341802
13.947629
14.567008
15.149549
15.754974
16.365861
16.958318
17.295143
17.440652
17.435421
17.420433
17.423421
17.787609
17.647212
17.036179
17.036295
17.036160
16.604949
15.972296
15.334014
14.893039
14.262786
13.838637
13.182344
12.745928
12.313865
12.307565
12.310787
11.664107
11.213383
10.785376
10.337963
9.911924
9.295562
8.865499
8.425703
8.021827
7.652007
7.061117
6.684363
6.324086
6.042389
6.044937
6.323394
6.332211
6.351074
6.755041
7.181811
7.668289
8.020107
7.903320
7.344743
6.928021
6.738488
6.623980
6.611057
6.635302
6.800808
6.900858
7.205544
7.783985
8.178217
8.578089
8.994136
9.418022
9.418291
9.417218
9.852079
10.274247
10.678205
11.111188
11.544552
12.188944
12.592226
13.045886
13.740807
14.186818
14.664489
15.296926
15.706106
16.328111
16.751161
17.158821
17.574006
17.532440
17.082423
17.079708
16.690244
16.475959
15.886750
15.473330
14.673585
14.083077
13.677933
13.036078
12.615838
12.188563
11.743970
11.323142
10.917370
10.506031
9.843921
9.427101
9.049513
8.461102
8.061928
7.667293
7.275836
6.721133
6.391052
5.604062
5.084622
