2.077181 2.052120
2.059386 1.998752
1.970356 1.868579
1.895649 1.807207
1.826347 1.713699
1.726890 1.669025
1.735596 1.740650
1.671059 1.709338
1.640653 1.731598
1.601953 1.699514
1.561947 1.736100
1.446381 1.551191
1.290789 1.518552
1.165267 1.493432
1.119597 1.346641
1.203251 1.342296
1.262681 1.328805
1.197106 1.329918
1.205973 1.374543
1.227483 1.284305
1.233383 1.229533
1.074992 1.069081
0.910220 0.889397
0.904200 0.919981
0.893374 1.029803
0.898299 1.170296
0.853591 1.191692
0.807863 1.297232
0.779263 1.357489
0.763127 1.443982
0.781289 1.586149
0.765965 1.588510
0.735343 1.556983
0.758802 1.723243
0.765476 1.848324
0.766569 1.946407
0.763037 1.977689
0.736641 1.946490
0.745266 2.018548
0.678482 1.984584
0.702238 2.104477
0.592729 1.978201
0.604815 1.974072
0.596223 1.976394
0.620687 2.097240
0.629106 1.922282
0.681919 1.729197
0.775709 1.725165
0.725887 1.640300
0.593880 1.421423
0.533310 1.323909
0.525409 1.178316
0.546963 1.077562
0.733998 0.914468
0.738238 0.882465
0.714155 0.936509
0.658324 0.960227
0.606628 0.989294
0.664828 1.171372
0.653834 1.312572
0.657553 1.409441
0.651492 1.457246
0.629040 1.492856
0.635106 1.611326
0.648520 1.707405
0.623455 1.676344
0.546136 1.531566
0.513109 1.431052
0.501977 1.396352
0.477771 1.401503
0.507501 1.524014
0.475858 1.411086
0.476078 1.408281
0.502334 1.564330
0.520099 1.518444
0.415756 1.375216
0.408312 1.348457
0.351093 1.152669
0.439144 1.110944
0.466659 1.030596
0.564744 0.971576
0.692471 0.976689
0.572522 0.853442
0.495840 0.824437
0.568130 0.828363
0.659494 0.703436
0.630294 0.552483
0.645404 0.539686
0.632983 0.567358
0.616826 0.619674
0.650714 0.717408
0.652588 0.831887
0.651448 0.898624
0.654134 0.942477
0.553853 0.925160
0.546417 1.031997
0.547252 1.105547
0.600096 1.376630
0.637729 1.475261
0.673115 1.615044
0.690708 1.732132
0.656503 1.700342
0.643604 1.781358
0.585998 1.737326
0.554718 1.682693
0.532393 1.679084
0.523305 1.638828
0.520945 1.653033
0.474368 1.658021
0.525242 1.844406
0.520487 1.902214
0.477506 1.586444
0.523524 1.325537
0.519148 1.108248
0.587759 1.054721
0.497809 0.991576
0.473085 0.919783
0.478453 0.840857
0.545453 0.784975
0.583603 0.748338
0.694251 0.748576
0.693465 0.722145
0.633996 0.752519
0.596180 0.815615
0.608106 0.868655
0.601240 0.928343
0.579302 0.970133
0.567062 1.070834
0.558433 1.131089
0.554137 1.194041
0.564956 1.324832
0.535102 1.324371
0.549226 1.343145
0.540676 1.257484
0.496712 1.116401
0.421350 0.895438
0.412528 0.913519
0.400090 0.905429
0.394545 0.760289
0.382034 0.736750
0.375511 0.798605
0.373416 0.836027
0.355943 0.807011
0.354653 0.778219
0.334745 0.762350
0.318658 0.777947
0.330470 0.785139
0.482075 0.782632
0.599690 0.699679
0.792877 0.599771
0.720369 0.556841
0.591615 0.576499
0.505575 0.600771
0.559922 0.534005
0.518786 0.585739
0.477955 0.633332
0.578512 0.833278
0.575116 0.832349
0.562576 0.852595
0.554123 0.897478
0.585586 1.026834
0.521635 0.957500
0.473896 0.969203
0.440716 0.921889
0.405985 0.899190
0.382790 0.870365
0.316178 0.906544
0.316795 0.881539
0.311506 0.819653
0.308644 0.816710
0.324570 0.898785
0.477397 0.874966
0.635649 0.920511
0.651776 0.959487
0.706942 0.975253
0.766573 1.031117
0.745338 1.108047
0.736288 1.261563
0.823878 1.538724
0.797628 1.598891
0.842176 1.583602
0.729808 1.322397
0.669675 1.095335
0.760585 1.036745
0.630012 0.940369
0.521411 0.809281
0.528193 0.709868
0.635876 0.687400
0.723060 0.643674
0.773185 0.625992
0.886988 0.623001
1.014911 0.596058
1.133193 0.565034
1.241806 0.588059
1.353507 0.588242
1.403424 0.573663
1.489530 0.580966
1.573404 0.590983
1.634376 0.601101
1.632207 0.605832
1.685454 0.664752
1.660299 0.779291
1.348054 0.968108
1.141803 1.060808
0.909527 0.934689
0.803786 0.945221
0.821615 0.787087
0.764413 0.717197
0.740869 0.674132
0.758633 0.689886
0.805908 0.803543
0.729442 0.931060
0.692856 0.974092
0.751529 1.004992
0.782187 0.932567
0.834183 0.909897
0.840513 0.874947
0.877319 0.868122
0.951141 0.908300
1.062151 0.985681
1.220264 1.039159
1.161762 1.016745
1.094002 0.991344
1.202405 1.210152
1.098939 1.266119
1.099980 1.145494
1.007726 0.962676
0.931761 0.826275
0.963767 0.771801
0.789978 0.782371
0.752522 0.749822
0.621655 0.665721
0.620500 0.595051
0.841770 0.633919
0.961997 0.657528
1.044049 0.660150
1.138070 0.643158
1.217284 0.614520
1.353605 0.587904
1.451900 0.593989
1.606563 0.605996
1.594516 0.615032
1.657052 0.637077
1.542680 0.610449
1.409667 0.590957
1.377644 0.584607
1.459719 0.612117
1.462651 0.617715
1.539303 0.723505
1.434156 0.743883
1.420167 0.886050
0.689042 0.675576
0.458766 0.642576
0.417868 0.489191
0.380061 0.441214
0.343901 0.466519
0.331503 0.509389
0.323453 0.584640
0.417066 0.753007
0.539890 0.836867
0.700845 0.895749
0.725700 0.769244
0.768060 0.690622
0.777528 0.619319
0.792127 0.545384
0.895136 0.495929
0.874611 0.444057
0.833926 0.394709
0.812485 0.378452
0.716193 0.345935
0.795336 0.327871
0.715943 0.349000
0.640334 0.361027
0.553926 0.366832
0.621894 0.455723
0.669113 0.460959
0.743710 0.458468
0.827591 0.450780
0.982783 0.462091
1.055982 0.465286
1.249062 0.597409
1.254186 0.679232
1.296605 0.729968
1.402141 0.724192
1.412673 0.738010
1.305609 0.688030
1.201119 0.647190
1.227828 0.635681
1.333403 0.641526
1.787684 0.804851
2.063632 0.935281
2.195317 1.083070
2.355362 1.363505
2.207108 1.277580
2.096089 1.273671
1.870317 1.353844
1.159735 1.273527
0.883630 1.200646
0.786952 1.003914
0.689071 0.848841
0.742808 0.894579
0.650902 0.843113
0.625444 0.910500
0.639048 1.098986
0.697839 1.168812
0.731561 1.175524
0.804300 1.184298
0.923936 1.119300
1.036545 1.020541
1.103935 0.924287
1.271172 0.911342
1.306637 0.821960
1.254553 0.708904
1.060919 0.605942
0.964549 0.528965
0.910893 0.511316
0.878610 0.512301
1.006403 0.508572
1.099046 0.497499
1.015283 0.445086
1.034932 0.449717
1.184126 0.455035
1.034153 0.596426
0.832368 0.553275
0.790038 0.487681
1.147998 0.511954
1.237525 0.602447
1.289641 0.681838
1.302302 0.755600
1.236867 0.736889
1.351456 0.750131
1.163820 0.659268
0.987221 0.562508
0.859807 0.480257
0.767305 0.427845
0.778648 0.425074
0.939583 0.557045
0.961356 0.601312
0.932771 0.655262
0.883512 0.718704
0.843030 0.794244
0.561605 0.676930
0.525523 0.513170
0.481538 0.456522
0.458217 0.491237
0.463728 0.645395
0.473818 0.880890
0.478612 1.119837
0.485778 1.298519
0.486427 1.421788
0.532085 1.554417
0.544796 1.488327
0.677074 1.630648
0.710293 1.586436
0.755495 1.556961
0.810428 1.566696
0.748157 1.365101
0.659890 1.128070
0.555955 0.897803
0.571769 0.851900
0.635450 0.907765
0.639790 0.819334
0.717868 0.781289
0.627385 0.689738
0.648537 0.680667
0.671159 0.656768
0.709758 0.636461
0.663385 0.583921
0.620229 0.548279
0.680666 0.540874
0.791705 0.582723
0.842580 0.595617
0.918867 0.605834
0.984680 0.636695
1.069577 0.606101
1.141379 0.568306
1.318791 0.561832
1.507926 0.575058
1.522603 0.606802
1.475390 0.598500
1.494446 0.557268
1.139222 0.472645
0.988603 0.537393
0.918668 0.645398
0.896673 0.749451
0.897783 0.790033
0.990512 0.725630
0.985883 0.662282
0.973475 0.630076
0.971012 0.600567
1.088887 0.597731
1.134472 0.592113
1.175427 0.608910
1.155805 0.671030
1.235221 0.765006
1.270254 0.807479
1.180695 0.810620
1.090943 0.781989
1.026259 0.843038
1.052969 0.881224
1.113734 0.926637
1.086260 0.914874
0.874954 0.808491
0.804050 0.754943
0.712304 0.722334
0.680844 0.704979
0.641153 0.658541
0.676835 0.672223
0.754406 0.727002
0.888294 0.791159
1.094122 0.938334
1.201880 1.021304
1.350120 1.067931
1.517373 1.268942
1.606987 1.485859
1.712800 1.694216
1.763818 1.865861
1.810348 2.124080
1.686166 2.215274
1.418112 2.149855
1.492910 2.318663
1.363666 2.021959
0.784454 1.403905
0.537616 1.118211
0.537616 1.168814
0.516731 1.148604
0.466746 0.888286
0.423743 0.798125
0.415098 0.806181
0.418996 0.942666
0.470652 1.186671
0.489927 1.324805
0.522860 1.490949
0.626870 1.810112
0.727353 2.032549
0.739439 2.247535
0.705923 2.470016
0.690179 2.718749
0.726149 2.928393
0.702313 3.072214
0.759914 3.183329
0.783972 2.861436
0.713305 2.351040
0.672295 1.646275
0.612979 1.348601
0.579665 0.753964
0.592862 0.646038
0.646723 0.626864
0.700137 0.500740
0.772741 0.509740
0.874335 0.511274
0.841384 0.527267
0.894012 0.540791
0.963616 0.526286
1.088328 0.548639
1.207671 0.596446
1.317252 0.699465
1.277935 0.733990
1.205176 0.681411
1.140930 0.603831
1.183329 0.631594
1.214470 0.667608
1.062551 0.757874
0.980241 0.807298
0.888691 0.722389
0.816879 0.643546
0.778061 0.649615
0.865831 0.738157
1.031250 0.825590
1.170813 0.829303
1.336999 0.874863
1.395743 0.766959
1.425375 0.654970
1.352311 0.603899
1.131984 0.556235
0.980463 0.531650
0.834047 0.503261
0.806972 0.482018
0.747889 0.463322
0.760824 0.445358
0.895391 0.461727
0.859354 0.441107
0.847081 0.442389
0.854804 0.430584
0.874067 0.412717
0.878081 0.397355
0.905649 0.402511
0.914476 0.390707
0.976507 0.390242
1.043468 0.407994
1.110355 0.470871
1.016235 0.524712
0.962001 0.572051
0.916951 0.550187
0.854631 0.520259
0.715458 0.553643
0.726597 0.712218
0.738652 0.917516
0.596796 0.929593
0.552486 0.861833
0.605914 0.775359
0.459190 0.606480
0.425916 0.624694
0.425445 0.696756
0.437367 0.812913
0.459057 0.919455
0.460127 1.013284
0.473169 1.029380
0.492661 1.001732
0.523442 1.009093
0.617625 1.059938
0.597211 0.824629
0.545261 0.746677
0.549138 0.711679
0.499960 0.654530
0.484223 0.625905
0.488276 0.612077
0.516593 0.596493
0.553176 0.582863
0.608759 0.567272
0.702417 0.580298
0.686679 0.533073
0.721445 0.517196
0.736131 0.497031
0.788294 0.480143
0.829314 0.456272
0.891125 0.440818
0.993387 0.433790
1.076929 0.417367
1.153092 0.400612
1.205089 0.407546
1.017930 0.385733
0.919560 0.375629
0.837746 0.399156
0.753468 0.349874
0.769309 0.361352
0.790516 0.351929
0.838169 0.359072
0.818394 0.404953
0.800612 0.466587
0.880594 0.532349
0.898848 0.491678
0.854312 0.444792
0.777682 0.370098
0.632366 0.325606
0.548292 0.320552
0.518086 0.330669
0.529413 0.345116
0.572452 0.362600
0.594946 0.375939
0.657435 0.392489
0.615152 0.374288
0.571775 0.377225
0.575886 0.378557
0.551652 0.376383
0.534967 0.374085
0.517498 0.351895
0.545168 0.360632
0.625522 0.391330
0.742183 0.515470
1.006217 0.686627
