10
1800
1840
1890
1910
1940
1980
2010
2050
2080
130
1820
1830
1870
1890
1940
1960
2010
2040
2070
130
1820
1840
1880
1920
1950
1970
2010
2050
2080
130
1750
1780
1820
1840
1880
1910
1950
1990
2020
130
1810
1840
1880
1910
1940
1980
2030
2040
2080
130
1810
1860
1870
1910
1950
1990
2020
2050
2080
130
1800
1840
1860
1910
1940
1960
2010
2040
2090
130
1800
1850
1880
1920
1940
1980
2020
2060
2080
130
1820
1840
1880
1910
1940
1990
2010
2040
2090
130
1820
1840
1880
1910
1940
1980
2020
2050
2100
130
1820
1840
1880
1910
1950
1970
2020
2050
2090
130
1800
1840
1870
1900
1940
1990
2010
2040
2090
130
1800
1840
1880
1910
1940
1980
2010
2030
2100
120
1810
1840
1880
1910
1930
1990
2000
2050
2090
130
1810
1840
1880
1930
1930
1990
2020
2060
2090
130
1800
1840
1880
1910
1930
1980
2020
2060
2090
130
1810
1830
1880
1910
1940
1980
2010
2040
2090
130
1810
1840
1880
1900
1940
1970
2010
2040
2080
130
1810
1840
1880
1910
1940
1980
2030
2040
2100
120
1810
1840
1870
1910
1940
1980
2010
2060
2080
130
1810
1830
1860
1910
1940
1980
2010
2040
2080
130
1810
1840
1880
1910
1940
1980
2020
2050
2090
130
1800
1850
1900
1900
1950
1980
2010
2050
2080
120
1810
1850
1870
1910
1940
1980
2010
2040
2090
130
1810
1840
1870
1910
1940
1980
2010
2060
2090
120
1810
1840
1890
1900
1950
1980
2000
2050
2100
120
1810
1850
1890
1900
1950
1990
2030
2070
2080
130
1820
1850
1870
1920
1950
2000
2020
2050
2090
130
1810
1850
1870
1920
1950
1980
2020
2060
2100
130
1740
1800
1820
1860
1880
1920
1950
2000
2020
130
1820
1840
1880
1910
1950
1980
2020
2050
2100
140
1810
1840
1880
1920
1950
1990
2000
2060
2090
130
1820
1840
1880
1920
1950
1980
2020
2060
2090
130
1820
1840
1880
1920
1960
1990
2030
2060
2090
130
1800
1840
1880
1910
1940
2000
2010
2060
2090
120
1820
1850
1870
1910
1940
1980
2010
2050
2080
130
1750
1770
1810
1840
1880
1910
1940
1990
2020
130
1820
1850
1870
1920
1940
1990
2020
2050
2110
130
1810
1840
1880
1920
1950
1980
2020
2060
2090
130
1810
1850
1890
1910
1960
1980
2010
2060
2090
130
1810
1850
1870
1910
1940
1980
2010
2050
2090
130
1820
1840
1880
1910
1950
1980
2010
2050
2090
130
1800
1850
1890
1910
1950
2000
2020
2050
2090
130
1820
1840
1880
1910
1950
1970
2030
2050
2080
130
1820
1840
1880
1920
1950
1990
2020
2060
2090
130
1800
1840
1870
1930
1930
2000
2020
2050
2090
120
1800
1850
1880
1910
1950
1980
2030
2060
2090
120
1820
1850
1870
1920
1930
1990
2010
2050
2090
130
1810
1860
1870
1920
1950
1990
2010
2070
2090
130
1820
1850
1880
1920
1950
1990
2020
2060
2090
120
1810
1850
1870
1910
1940
1980
2030
2040
2090
130
1810
1850
1880
1910
1940
1990
2020
2050
2090
130
1810
1850
1880
1900
1950
1990
2020
2060
2090
120
1810
1850
1880
1910
1950
1980
2020
2050
2080
130
1810
1850
1870
1910
1950
1980
2010
2060
2090
130
1810
1850
1880
1930
1950
1990
2020
2060
2020
90
