1.994562 1.926249
1.946705 1.910444
1.875446 1.928440
1.811325 1.961165
1.581858 1.961838
1.383484 1.872122
1.200585 1.810584
1.111282 1.705943
1.051125 1.631193
1.021990 1.675635
1.025209 1.789165
0.973176 1.861786
0.909000 1.892096
0.859343 1.878014
0.854874 1.901562
0.880919 1.949383
0.859422 2.047337
0.774429 2.043129
0.731007 2.027405
0.695089 1.966742
0.691224 1.775961
0.648185 1.495601
0.618528 1.262053
0.582658 1.098195
0.566353 1.039933
0.531645 1.049700
0.468400 1.109693
0.456913 1.197956
0.465486 1.287961
0.472246 1.306840
0.507813 1.467779
0.511765 1.557058
0.491338 1.673770
0.442630 1.673596
0.398922 1.680598
0.384213 1.689935
0.376537 1.783195
0.399016 1.879588
0.414072 2.003877
0.425585 2.068168
0.445680 2.144851
0.470555 2.055614
0.480810 1.881342
0.471396 1.671941
0.448192 1.504892
0.423605 1.345771
0.390919 1.215001
0.378888 1.174435
0.377555 1.109121
0.383223 1.094794
0.405236 1.120657
0.400445 1.168208
0.387940 1.274160
0.391551 1.352257
0.381235 1.395625
0.404683 1.493060
0.432420 1.595613
0.459963 1.699303
0.420132 1.706332
0.408426 1.767774
0.405483 1.773227
0.387131 1.632260
0.428435 1.493827
0.496953 1.366293
0.516805 1.199601
0.471600 1.102493
0.418474 1.066873
0.387597 1.060551
0.370192 1.113728
0.369967 1.167011
0.390601 1.248491
0.405706 1.321248
0.436724 1.415792
0.449979 1.530111
0.431247 1.583923
0.447090 1.636999
0.439160 1.655223
0.457902 1.679587
0.453264 1.753328
0.471908 1.764153
0.582195 1.760524
0.734505 1.741316
0.795296 1.667650
0.901771 1.615200
0.974657 1.583827
1.077217 1.520404
1.133806 1.466101
1.211650 1.430797
1.242869 1.416220
1.265018 1.415088
1.382192 1.420642
1.289523 1.339546
1.272652 1.228063
1.287069 1.186348
1.257440 1.134252
1.276321 1.087790
1.286015 1.058704
1.263232 1.018096
1.276608 0.995764
1.338751 0.965047
1.405055 0.958225
1.415848 0.936100
1.360860 0.989005
1.263602 1.045092
1.095680 1.033938
0.994849 0.976303
0.857816 0.904485
0.807513 0.852408
0.831756 0.830231
0.897604 0.789160
0.920755 0.784706
0.960822 0.774496
0.947198 0.736821
0.979154 0.732538
1.028296 0.724535
1.127253 0.717908
1.247212 0.708936
1.343471 0.651248
1.453567 0.639910
1.567949 0.617776
1.653974 0.619076
1.704049 0.601890
1.758550 0.598164
1.809042 0.573961
1.875491 0.586772
1.911347 0.587757
1.822123 0.571926
1.622491 0.568234
1.417990 0.570391
1.225147 0.557931
1.114871 0.574410
1.027411 0.584948
1.016617 0.599254
1.012788 0.636534
1.056396 0.683517
1.097312 0.725320
1.198582 0.788646
1.310185 0.840844
1.412101 0.907423
1.535740 0.967334
1.610008 0.973845
1.591923 0.995434
1.648178 0.999046
1.706422 0.948535
1.712900 0.940324
1.821773 0.964963
1.954598 0.974084
2.045125 0.968878
2.117875 0.952079
2.271443 0.991479
2.327818 1.066010
2.134251 1.116392
1.862446 1.166912
1.646040 1.201986
1.427199 1.289049
1.285904 1.309064
1.244883 1.377085
1.233010 1.458563
1.170388 1.563833
1.130142 1.632767
1.114818 1.760195
1.102823 1.881942
1.024675 1.976209
0.994888 2.095683
0.974665 2.248419
0.949657 2.391844
0.962608 2.504609
0.943797 2.559494
0.970262 2.664604
0.957072 2.694648
1.005810 2.720904
0.954979 2.677636
0.951147 2.473906
0.899661 2.222809
0.827099 1.963078
0.775266 1.781420
0.715958 1.581002
0.671601 1.444509
0.686252 1.371849
0.686560 1.315212
0.733205 1.310911
0.759140 1.382555
0.737173 1.395041
0.730130 1.478918
0.696312 1.547297
0.663888 1.633548
0.677344 1.676164
0.694085 1.759365
0.729197 1.840510
0.765527 1.886280
0.771848 1.926997
0.725918 1.980900
0.731007 2.023594
0.733674 2.061328
0.742028 2.109080
0.777326 2.209322
0.784912 2.277722
0.768569 2.323051
0.685665 2.277677
0.621537 2.197513
0.549847 2.006090
0.515477 1.726968
0.495661 1.549696
0.466387 1.354903
0.462153 1.263292
0.492864 1.216672
0.521802 1.209147
0.552822 1.189371
0.590473 1.186965
0.643639 1.272889
0.710178 1.355967
0.777053 1.437124
0.829474 1.491060
0.862924 1.603739
0.916697 1.738157
0.951294 1.838938
0.998882 1.888056
0.998959 1.955396
1.006876 2.023158
1.012271 2.056139
0.998039 2.013465
0.996095 2.006112
1.005152 1.927237
1.035526 1.997830
1.073057 2.041564
1.096212 2.029547
1.169869 1.930255
1.167756 1.768033
1.118383 1.582594
1.001989 1.429743
0.855865 1.229715
0.741406 1.121242
0.652271 1.046433
0.616168 1.014924
0.584110 1.011649
0.586676 1.067301
0.621311 1.204409
0.641447 1.354289
0.659172 1.491702
0.683747 1.623039
0.726717 1.782770
0.706860 1.867156
0.750656 2.037851
0.744729 2.088018
0.779155 2.214954
0.822019 2.327480
0.830259 2.455431
0.876144 2.636611
0.911459 2.729879
0.967840 2.878746
0.945048 2.864254
0.744684 2.740500
0.638996 2.508528
0.583121 2.273138
0.553254 2.050526
0.524782 1.841780
0.540064 1.671782
0.577361 1.597674
0.661978 1.567540
0.751828 1.485660
0.863408 1.455057
0.959599 1.434613
1.042479 1.477515
1.079949 1.435689
1.057879 1.477501
1.051949 1.558273
1.042024 1.603358
0.963794 1.624044
1.030939 1.698283
1.006220 1.738429
1.051187 1.742763
1.042087 1.699180
1.089665 1.748898
1.141133 1.791675
1.174668 1.861369
1.232075 1.937398
1.272679 1.893639
1.313414 1.790616
1.315407 1.590597
1.159891 1.419308
0.988172 1.275294
0.815493 1.109809
0.681254 1.032680
0.619372 1.008338
0.585744 0.973399
0.564024 0.966069
0.587758 1.001507
0.645437 1.091399
0.722164 1.149522
0.813930 1.277597
0.839522 1.344787
0.892386 1.434694
0.921696 1.542642
0.968238 1.576611
1.013875 1.651829
1.062705 1.735706
1.120274 1.769947
1.189976 1.872037
1.203922 1.916730
1.182880 1.974215
1.227229 2.070001
1.243611 2.106563
1.238241 2.003508
1.143523 1.918561
0.940245 1.802309
0.772207 1.646569
0.614655 1.354927
0.559756 1.120895
0.600060 0.974918
0.670639 0.895682
0.789694 0.864428
0.892872 0.866472
0.975202 0.922481
1.066924 0.954651
1.160952 1.025501
1.260213 1.113309
1.367680 1.164389
1.476311 1.283305
1.579612 1.332422
1.613698 1.362747
1.613226 1.417392
1.453478 1.347957
1.343476 1.325407
1.256823 1.216246
1.252876 1.205461
1.239573 1.201499
1.218257 1.229416
1.150719 1.277316
1.042427 1.321792
0.928988 1.333119
0.878232 1.308433
0.812384 1.272723
0.761395 1.237160
0.699048 1.236396
0.718795 1.234455
0.739618 1.193264
