1.997620 1.922649
1.997174 1.934898
1.995615 1.948435
1.993124 1.973194
1.994608 2.008137
1.995935 2.050773
1.995061 2.106961
1.993032 2.179554
1.989585 2.264971
1.991276 2.365157
1.995817 2.481011
2.000241 2.614661
2.010579 2.760033
2.015927 2.912440
2.023496 3.075335
2.037272 3.245185
2.046881 3.427576
2.056924 3.619628
2.069625 3.817873
2.080475 3.961326
2.094738 4.013478
2.115951 3.948709
2.118968 3.811325
2.103118 3.641184
2.094559 3.490201
2.086294 3.360646
2.093242 3.258330
2.100467 3.187888
2.112010 3.135703
2.127641 3.114390
2.155326 3.126955
2.183334 3.173102
2.215761 3.247336
2.252294 3.361755
2.307891 3.499525
2.366844 3.656771
2.435367 3.833343
2.506488 4.035506
2.590850 4.254393
2.673546 4.482982
2.761541 4.652044
2.853127 4.712946
2.907099 4.640540
2.886579 4.473775
2.809653 4.258930
2.740081 4.062325
2.679088 3.886180
2.634254 3.744822
2.601155 3.635275
2.583940 3.561252
2.576652 3.523360
2.584415 3.522911
2.598952 3.555023
2.624804 3.621838
2.670591 3.727174
2.733242 3.865708
2.801103 4.034079
2.883417 4.229943
2.980893 4.449328
3.088364 4.692980
3.204916 4.951511
3.329907 5.150737
3.454998 5.240823
3.516580 5.164691
3.474166 4.973224
3.364168 4.721683
3.264403 4.491405
3.174984 4.290410
3.101104 4.115665
3.045921 3.982346
3.013957 3.886496
3.001633 3.838125
3.009529 3.835620
3.040098 3.881574
3.092285 3.973315
3.162192 4.106354
3.258876 4.272911
3.377118 4.476557
3.523373 4.656427
3.688452 4.756297
3.903698 4.814548
4.148217 4.889171
4.412414 4.979449
4.706431 5.080815
5.015438 5.194648
5.335303 5.318193
5.676743 5.451682
6.021779 5.594432
6.374100 5.747450
6.734943 5.906625
7.102599 6.073652
7.476211 6.252450
7.853770 6.438595
8.240914 6.634857
8.625748 6.833963
9.015672 7.038675
9.402456 7.253295
9.798819 7.477508
10.191573 7.698811
10.593970 7.923263
10.990789 8.152618
11.284983 8.359417
11.420988 8.534769
11.326394 8.586225
11.062889 8.473400
10.680279 8.262130
10.309528 8.053192
9.951209 7.844918
9.595513 7.647605
9.249017 7.458614
8.915255 7.281132
8.592921 7.115212
8.284491 6.959915
7.986767 6.827326
7.707264 6.707202
7.445355 6.600433
7.210676 6.515041
7.002289 6.447824
6.814186 6.399117
6.655618 6.366526
6.520653 6.355197
6.408990 6.359527
6.333380 6.381424
6.291169 6.418643
6.279254 6.471873
6.315420 6.581803
6.395835 6.740960
6.469428 6.867347
6.487354 6.878591
6.501939 6.831166
6.544592 6.803532
6.613744 6.795293
6.718802 6.804405
6.840303 6.831752
6.993650 6.873351
7.172688 6.937859
7.379084 7.020772
7.608161 7.123108
7.860661 7.245707
8.133041 7.383111
8.417977 7.539144
8.713645 7.713766
9.025098 7.897150
9.347140 8.091550
9.683586 8.293473
10.022369 8.510391
10.373542 8.731916
10.730322 8.972403
11.097123 9.222022
11.460029 9.475999
11.728216 9.710752
11.848442 9.921788
11.885209 10.117791
11.933544 10.337375
11.996140 10.565388
12.065918 10.805789
12.145039 11.064754
12.237806 11.337167
12.339165 11.623236
12.453566 11.921817
12.588257 12.232343
12.728851 12.548288
12.877510 12.873729
13.036605 13.205223
13.199998 13.546130
13.378025 13.896861
13.557061 14.244437
13.743055 14.605569
13.939881 14.972194
14.143511 15.341146
14.355483 15.712756
14.433086 15.923698
14.316575 15.899244
14.078596 15.653137
13.856680 15.334836
13.649080 14.964866
13.456675 14.602406
13.269872 14.245267
13.096165 13.895856
12.932205 13.559646
12.779650 13.234055
12.636445 12.911548
12.508444 12.604135
12.392247 12.300406
12.288828 12.010711
12.195731 11.736255
12.122716 11.480854
12.063883 11.238429
12.021844 11.009999
11.995501 10.801060
11.979467 10.601515
11.975806 10.422840
11.987404 10.265054
12.006159 10.131961
12.042626 10.020672
12.098543 9.929414
12.163724 9.852316
12.236969 9.802766
12.214742 9.726343
12.054954 9.605567
11.850617 9.506050
11.727652 9.479760
11.662254 9.519026
11.610816 9.583225
11.580218 9.672121
11.565654 9.791334
11.563554 9.925719
11.575116 10.081609
11.599140 10.259670
11.641012 10.455527
11.692048 10.668802
11.761727 10.899412
11.848131 11.145554
11.950011 11.394877
12.060689 11.660519
12.182120 11.939802
12.318332 12.234317
12.464788 12.537918
12.618713 12.845664
12.784804 13.157558
12.960865 13.486949
13.145597 13.822422
13.333457 14.169296
13.532064 14.522774
13.738909 14.879433
13.844965 15.106263
13.795464 15.149571
13.623469 14.984233
13.427311 14.701506
13.217475 14.360918
13.018201 14.018556
12.828468 13.698085
12.653323 13.388326
12.488551 13.090967
12.339223 12.811269
12.201629 12.541387
12.085211 12.284943
11.985475 12.047061
11.896673 11.828185
11.827918 11.628486
11.778973 11.446012
11.748285 11.285296
11.731965 11.141182
11.737334 11.011702
11.757893 10.902204
11.797139 10.807639
11.849742 10.740389
11.920435 10.697853
12.005364 10.677436
12.100320 10.682119
12.133063 10.672634
12.073193 10.636062
11.955426 10.583777
11.854449 10.550144
11.755871 10.539491
11.680422 10.555070
11.623975 10.592206
11.590391 10.650678
11.569794 10.733584
11.569588 10.831628
11.586058 10.952702
11.622528 11.096174
11.680349 11.260894
11.751791 11.445489
11.846445 11.652463
11.953756 11.869467
12.069819 12.104436
12.200042 12.354234
12.343374 12.618723
12.502474 12.894897
12.676059 13.179469
12.862361 13.478614
13.060066 13.787645
13.266806 14.104622
13.489040 14.432209
13.728120 14.770122
13.880672 14.999057
13.904038 15.083122
13.787125 14.967835
13.594874 14.727783
13.365988 14.410858
13.140789 14.100691
12.936219 13.800479
12.745689 13.516801
12.567974 13.247450
12.401739 12.992509
12.243934 12.745597
12.105534 12.520011
11.985035 12.311008
11.882346 12.120580
11.796262 11.947932
11.736156 11.791317
11.691497 11.662162
11.667372 11.549562
11.665273 11.461248
11.679931 11.391863
11.710569 11.343425
11.757526 11.317374
11.822561 11.308121
11.905637 11.318616
11.999461 11.350292
12.114661 11.406850
12.241107 11.473211
12.328875 11.533128
12.355777 11.558668
12.306141 11.527399
12.203206 11.463086
12.071407 11.386695
11.961870 11.338195
11.863582 11.307413
11.784788 11.296720
11.726999 11.302413
11.687142 11.332948
11.667572 11.391112
11.663929 11.463493
11.677133 11.555731
11.711393 11.661819
11.766470 11.784560
11.838136 11.932308
11.929178 12.090340
12.039158 12.261109
12.172669 12.446565
12.318703 12.646329
12.481109 12.861717
12.654155 13.086592
12.843005 13.328878
12.980264 13.506848
13.037294 13.583227
13.054882 13.611683
13.095332 13.649594
13.148423 13.710045
13.215883 13.783939
13.303895 13.876569
13.407067 13.983524
13.533030 14.106277
13.669463 14.238549
