1.994456 1.926204
1.937784 1.923008
1.896786 1.887765
1.843420 1.894348
1.795107 1.920800
1.708970 1.969758
1.640324 2.027857
1.554250 2.085517
1.445194 2.161326
1.335825 2.223263
1.261926 2.277267
1.151684 2.351386
1.101303 2.325064
1.057599 2.407687
1.027812 2.515044
1.035260 2.596500
1.043531 2.651941
1.022605 2.734823
1.038584 2.851510
1.012603 2.911773
0.998939 2.797987
0.978006 2.625106
0.974764 2.401074
0.943286 2.173499
0.906813 1.958140
0.900547 1.834691
0.888854 1.729579
0.892634 1.692567
0.920243 1.715711
0.956018 1.806941
1.005174 1.949828
1.051629 2.149249
1.132922 2.367752
1.138182 2.534839
1.185767 2.767668
1.198562 2.881542
1.126103 2.977731
1.034142 2.983586
0.962825 3.005126
0.886472 3.081120
0.884512 3.124399
0.907199 3.117767
0.897176 2.972281
0.817759 2.664202
0.798832 2.380573
0.807063 2.110249
0.802766 1.892918
0.803432 1.780982
0.765399 1.702069
0.731289 1.655015
0.715308 1.672311
0.732885 1.692674
0.749497 1.651278
0.756938 1.700584
0.742053 1.740780
0.777502 1.850097
0.784256 1.932237
0.811350 2.075920
0.851266 2.239864
0.891730 2.398859
0.914974 2.501503
0.957619 2.584524
0.944630 2.537921
0.927729 2.350393
0.914004 2.180555
0.858727 1.978875
0.824159 1.785632
0.764548 1.622007
0.751934 1.531882
0.751764 1.492302
0.755728 1.517767
0.776903 1.603408
0.803253 1.723815
0.818024 1.842341
0.801445 1.949119
0.785287 2.063124
0.704764 2.150688
0.671269 2.241157
0.667010 2.254807
0.679254 2.208377
0.747700 2.120070
0.828433 2.087386
0.918727 2.090548
0.956333 2.081755
1.093184 2.131162
1.211555 2.145144
1.318779 2.162511
1.391298 2.134142
1.475872 2.104934
1.531641 2.091345
1.654588 2.131813
1.714314 2.113516
1.789441 2.073127
1.857946 1.965527
1.875830 1.888046
1.945239 1.859712
1.946254 1.856556
2.011086 1.821405
2.053868 1.799896
2.138514 1.797567
2.137526 1.783579
2.106890 1.769587
2.035437 1.779735
1.923155 1.763330
1.782306 1.731706
1.625169 1.656791
1.515825 1.609680
1.478571 1.586515
1.481948 1.544564
1.526504 1.535483
1.600604 1.521970
1.710647 1.529856
1.837022 1.534552
1.952906 1.533046
2.056088 1.552302
2.128257 1.563765
2.224661 1.563059
2.216115 1.590755
2.126829 1.575528
2.159018 1.614326
2.115626 1.603830
2.089459 1.550120
1.988282 1.476574
1.927021 1.423143
1.917969 1.416783
1.871086 1.395125
1.772238 1.373893
1.623496 1.365619
1.430344 1.383085
1.302617 1.383186
1.153595 1.388880
1.127732 1.407211
1.095355 1.413536
1.165215 1.429177
1.285092 1.448714
1.443326 1.483577
1.623538 1.497122
1.811097 1.504458
1.952722 1.519271
2.104929 1.530216
2.246842 1.476376
2.433782 1.507930
2.529225 1.456592
2.701169 1.458215
2.844947 1.491284
2.941349 1.499277
3.008021 1.482093
3.110961 1.471030
3.212623 1.462265
3.322516 1.485786
3.373572 1.538687
3.260913 1.628142
3.038341 1.765128
2.828514 1.893078
2.727206 2.030742
2.623518 2.194449
2.558533 2.357035
2.546860 2.457113
2.558196 2.678320
2.563459 2.906793
2.507262 3.131401
2.294052 3.273983
2.025084 3.395334
1.743209 3.481455
1.626079 3.547023
1.567538 3.653658
1.509306 3.727429
1.499267 3.934836
1.522830 4.134183
1.560066 4.356921
1.572864 4.575543
1.575362 4.660808
1.535924 4.620648
1.519799 4.365698
1.394880 4.061402
1.293572 3.786342
1.193665 3.417004
1.139307 3.144217
1.060614 2.873581
1.027515 2.665288
0.988540 2.428468
0.921313 2.228873
0.925538 2.104682
0.974458 1.935906
1.005801 1.912604
1.093206 1.961077
1.199359 2.021269
1.319823 2.150951
1.445154 2.285121
1.427617 2.436601
1.373709 2.543800
1.291781 2.640300
1.355034 2.833369
1.141046 3.004138
1.184948 3.165038
1.143900 3.302098
1.167923 3.426440
1.200167 3.553174
1.117497 3.564641
1.074486 3.569057
1.028666 3.453309
1.002591 3.204667
0.970905 2.939731
0.966654 2.717101
0.963821 2.524357
0.966394 2.402221
0.979403 2.289900
1.005988 2.215409
1.061720 2.150308
1.124712 2.177069
1.196485 2.212637
1.281986 2.284693
1.325257 2.326909
1.067090 2.276495
0.916938 2.215807
0.914431 2.207958
0.891654 2.155483
0.893711 2.197214
0.894447 2.321474
0.882469 2.464422
0.886132 2.609746
0.922910 2.825923
0.942315 2.993235
0.943887 3.129702
0.914780 3.226978
0.931426 3.241181
0.917348 3.156899
0.922824 2.938177
0.911242 2.720192
0.852643 2.508630
0.792049 2.343486
0.759603 2.141111
0.718395 2.039601
0.657055 1.945155
0.630723 1.846788
0.635025 1.773629
0.651935 1.780877
0.699985 1.857179
0.755878 1.942919
0.848517 2.130587
0.939124 2.220196
0.993339 2.371087
1.037845 2.509742
1.065582 2.502143
0.971872 2.599373
0.968361 2.667071
0.865008 2.735291
0.896343 2.896555
0.967678 3.073617
0.987468 3.205095
0.984789 3.328342
0.932796 3.364462
0.851284 3.222705
0.767774 2.944042
0.745070 2.732036
0.736104 2.511480
0.718041 2.313504
0.736616 2.176228
0.775366 2.072344
0.838594 1.948696
0.908749 1.915822
0.898194 1.943892
0.820001 1.926083
0.819781 1.959068
0.792360 1.991874
0.788483 2.023983
0.789228 2.081097
0.791242 2.169802
0.825619 2.300857
0.860929 2.442280
0.868436 2.603428
0.887177 2.737985
0.875835 2.832722
0.864556 2.978812
0.837983 3.094695
0.855894 3.205386
0.822862 3.202624
0.790607 3.075710
0.818158 2.914494
0.800212 2.711638
0.726562 2.536796
0.670869 2.359751
0.620684 2.226438
0.607418 2.134684
0.611978 2.086114
0.559050 2.027757
0.524898 2.009607
0.514508 1.877650
0.544710 1.829332
0.562327 1.845792
0.613880 1.872648
0.666845 1.954207
0.711281 2.078884
0.727754 2.246879
0.726190 2.372930
0.715470 2.435911
0.739371 2.541089
0.733346 2.608467
0.750443 2.758010
0.797892 2.875722
0.850935 3.023858
0.902632 3.132080
0.937751 3.286629
0.902118 3.376162
0.817644 3.387398
0.763827 3.303304
0.730966 3.041245
0.710211 2.849806
0.710886 2.642704
0.719040 2.490419
0.749321 2.307171
0.782223 2.198671
0.832758 2.094598
0.910912 2.049795
0.942947 2.040822
0.922259 2.060131
0.796732 2.100916
0.763733 2.135519
0.636281 2.069652
0.640055 2.040206
0.636744 2.039811
0.656703 2.063477
0.646743 2.107556
0.657803 2.165027
0.677463 2.249718
0.672586 2.379912
0.647790 2.413209
0.608841 2.340861
0.615117 2.256913
0.677560 2.183149
0.767507 2.104951
0.913489 2.053941
1.012649 2.002076
1.144267 1.995540
1.209616 1.896936
1.299972 1.883861
