1.991883 1.921252
1.895984 1.854635
1.852359 1.806317
1.776392 1.798875
1.676207 1.797443
1.469862 1.807936
1.347235 1.795458
1.269778 1.751682
1.214461 1.711043
1.154039 1.762423
1.094486 1.824078
1.024424 1.914904
1.012701 1.959696
0.978363 1.993434
0.930379 2.100107
0.894575 2.204400
0.883928 2.269635
0.877305 2.351736
0.849733 2.327276
0.783757 2.271082
0.766605 2.079558
0.765269 1.909671
0.725756 1.617467
0.685373 1.407424
0.667112 1.338061
0.650404 1.310359
0.614529 1.312771
0.614247 1.382926
0.602415 1.501049
0.613293 1.642309
0.644618 1.751957
0.663949 1.856569
0.664583 1.847416
0.618012 1.785035
0.596249 1.746963
0.575381 1.812986
0.581421 1.919704
0.611349 2.050930
0.649674 2.210262
0.678218 2.391310
0.643633 2.504578
0.622064 2.482229
0.657677 2.359483
0.643273 2.152595
0.603699 1.891971
0.595900 1.676672
0.609113 1.514353
0.587849 1.438624
0.571230 1.369029
0.595158 1.368725
0.593726 1.431475
0.566694 1.508694
0.558773 1.590094
0.546440 1.626055
0.542315 1.672364
0.548169 1.788648
0.569389 1.929641
0.555286 1.988418
0.566767 2.032113
0.550883 2.037452
0.526495 2.046154
0.531362 1.990742
0.576893 1.888427
0.626466 1.735438
0.645352 1.592030
0.637736 1.460265
0.600896 1.357172
0.562366 1.344137
0.534283 1.363064
0.516951 1.385748
0.505225 1.439895
0.519757 1.562091
0.544062 1.719353
0.567355 1.872072
0.582380 1.977637
0.608276 2.076587
0.577536 2.219900
0.596856 2.337524
0.568305 2.374461
0.583703 2.319184
0.688928 2.183378
0.810040 2.011974
0.924138 1.875769
1.025662 1.842236
1.145198 1.839927
1.279665 1.751212
1.356913 1.668983
1.434590 1.562644
1.501964 1.558434
1.618373 1.512660
1.626829 1.435189
1.659320 1.347480
1.656002 1.234745
1.668522 1.162101
1.687771 1.096776
1.648648 1.058044
1.692977 1.056771
1.725220 1.040277
1.783185 1.025971
1.821712 1.036844
1.849666 1.043896
1.866209 1.030030
1.791213 1.021617
1.666876 1.020608
1.472445 1.004477
1.292086 0.967461
1.203838 0.957714
1.160880 0.952808
1.184311 0.944811
1.232037 0.955623
1.290241 0.960596
1.390873 0.962157
1.413817 0.973791
1.494813 0.947652
1.569273 0.943735
1.661560 0.932200
1.725800 0.917757
1.794695 0.902793
1.787135 0.847060
1.800506 0.840554
1.755501 0.832325
1.714081 0.823702
1.690478 0.803465
1.683987 0.798795
1.606318 0.786560
1.565242 0.787346
1.395843 0.797684
1.301392 0.848300
1.155704 0.873079
1.007978 0.777987
0.978324 0.769422
0.983915 0.755949
1.054046 0.749396
1.143783 0.756348
1.253284 0.772532
1.377993 0.787037
1.501822 0.812218
1.576244 0.801360
1.686775 0.815026
1.779371 0.833663
1.837874 0.832388
1.811809 0.807353
1.838548 0.817320
1.844013 0.806930
1.895919 0.797404
1.971488 0.818431
2.083608 0.836098
2.217442 0.859292
2.350997 0.868101
2.525854 0.895429
2.597072 0.915398
2.492798 0.953290
2.248414 1.031822
1.996088 1.058509
1.820788 1.161660
1.686556 1.266944
1.569824 1.362795
1.520445 1.515995
1.404404 1.622245
1.328077 1.731880
1.300906 1.886580
1.116108 1.953616
1.086739 2.064219
1.028014 2.177708
1.008729 2.317264
0.978213 2.434825
0.968538 2.531948
0.948704 2.669930
0.895621 2.777974
0.896691 2.856597
0.892622 2.926873
0.870158 2.934594
0.865085 2.851587
0.862011 2.612461
0.821640 2.336931
0.758462 2.061584
0.739709 1.859574
0.704269 1.686138
0.704673 1.645345
0.697485 1.606602
0.713745 1.620180
0.708476 1.610073
0.706413 1.658038
0.739068 1.723665
0.756666 1.854814
0.763819 1.960304
0.788518 2.090236
0.794652 2.226993
0.812310 2.322987
0.815078 2.384545
0.777938 2.367711
0.793551 2.340766
0.798550 2.301556
0.771673 2.266790
0.772113 2.224757
0.781407 2.325310
0.794389 2.434705
0.779956 2.558013
0.765971 2.551048
0.796300 2.332978
0.877389 2.038300
0.877468 1.593512
0.836642 1.399164
0.792440 1.295775
0.719036 1.178471
0.688817 1.169937
0.684560 1.194677
0.671812 1.234975
0.667532 1.315371
0.681285 1.466502
0.708613 1.637919
0.707712 1.739983
0.687751 1.843073
0.688194 1.978063
0.655652 2.088258
0.695673 2.276537
0.728386 2.398899
0.753342 2.427734
0.773784 2.552775
0.788764 2.690444
0.778728 2.761377
0.779246 2.785628
0.756069 2.744939
0.713442 2.707739
0.646911 2.673457
0.616147 2.642273
0.623540 2.664349
0.655329 2.529677
0.620169 2.233183
0.584940 2.004454
0.571525 1.805176
0.558283 1.662717
0.533227 1.555627
0.537608 1.486818
0.538278 1.509461
0.556289 1.560832
0.577698 1.648788
0.623530 1.762482
0.700805 1.949269
0.776593 2.056628
0.855769 2.181711
0.923362 2.221308
0.962461 2.264482
0.971393 2.186370
1.009229 1.998883
0.985453 1.876559
1.000903 1.925384
1.026426 1.909205
1.067750 1.998212
1.079520 2.009131
1.078087 1.980069
1.083718 1.876008
1.084526 1.691698
1.046978 1.500021
0.974633 1.368079
0.936598 1.298052
0.894038 1.239705
0.851509 1.223379
0.857664 1.278936
0.833966 1.355175
0.817837 1.435361
0.787921 1.460164
0.754857 1.464358
0.716491 1.506691
0.690755 1.540246
0.648459 1.530755
0.638476 1.596367
0.627688 1.703318
0.633257 1.779371
0.619650 1.928274
0.604989 2.083528
0.598485 2.263871
0.603079 2.363145
0.614257 2.422269
0.631304 2.513983
0.607273 2.550899
0.583423 2.554561
0.522934 2.533767
0.506921 2.438328
0.517283 2.301230
0.536397 2.079906
0.537668 1.886650
0.537969 1.757393
0.505562 1.680175
0.477188 1.528486
0.483096 1.495309
0.503741 1.467514
0.530807 1.478090
0.570754 1.468402
0.624959 1.525724
0.711133 1.569162
0.770024 1.646300
0.800329 1.699165
0.829514 1.721469
0.790482 1.684649
0.785621 1.700064
0.795184 1.659315
0.800851 1.701777
0.808120 1.735006
0.815323 1.776406
0.757181 1.794795
0.714275 1.795695
0.687881 1.871493
0.735756 1.951354
0.746679 1.909138
0.808471 1.829569
0.762835 1.638760
0.728278 1.488856
0.699716 1.366842
0.698750 1.311376
0.693483 1.307557
0.708879 1.349881
0.707073 1.380454
0.729359 1.449941
0.745298 1.517555
0.722022 1.573913
0.700731 1.621196
0.651218 1.600570
0.620535 1.580197
0.596874 1.642995
0.589591 1.657053
0.554383 1.660348
0.546167 1.656239
0.537693 1.763107
0.523087 1.872951
0.528497 1.994185
0.542825 2.072307
0.586936 1.998128
0.684812 1.911959
0.828951 1.806839
0.912341 1.736613
0.995867 1.567779
1.049734 1.451327
1.134248 1.404220
1.177311 1.343530
1.238996 1.315413
