160
150
150
160
240
240
250
240
340
330
420
420
420
410
420
410
420
420
410
410
510
500
510
500
590
600
590
590
590
680
780
770
780
770
780
770
870
860
870
860
870
870
860
870
860
860
870
860
870
860
870
860
870
860
870
960
960
960
960
960
970
960
960
960
960
960
960
960
960
960
1060
1060
1060
1050
1060
1060
1160
1160
1160
1150
1160
1150
1160
1160
1150
1160
1160
1150
1160
1160
1160
1150
1160
1160
1150
1160
1160
1160
1150
1160
1160
1160
1150
1150
1160
1160
1150
1160
1150
1160
1160
1160
1150
1160
1150
1160
1160
1150
1160
1250
1250
1250
1250
1250
1250
1250
1250
1350
1350
1350
1350
1340
1340
1450
1440
1450
1440
1450
1440
1440
1440
1450
1540
1550
1550
1540
1550
1550
1540
1560
1550
1540
1540
1540
1540
1540
1540
1540
1650
1650
1650
1640
1650
1650
1650
1650
1650
1640
1650
1640
1650
1650
1650
1640
1740
1750
1750
1750
1750
1740
1750
1750
1860
1860
1860
1860
1860
1860
1860
1860
1870
1860
1860
1960
1970
1960
1970
1970
1960
1970
1970
1970
1970
1970
1960
1970
1970
1970
1970
1960
1970
1970
2070
2080
2070
2070
2080
2070
2070
2080
2190
2180
2180
2190
2180
2290
2300
2410
2410
2410
2520
2510
2520
2510
2520
2520
2630
2630
2630
2620
2630
2630
2750
2740
2750
2740
2750
2750
2740
2750
2860
2860
2860
2860
2850
2860
2860
2860
2860
2970
2990
3090
3100
3210
3210
3210
3210
3210
3210
3210
3340
3330
3450
3450
3450
3450
3460
3450
3450
3460
3460
3570
3580
3570
3570
3570
3580
3570
3570
3700
3700
3700
3690
3820
3820
3820
3820
3830
3820
3820
3950
3950
3950
3950
3950
3940
3950
3950
3950
3940
3950
4080
4070
4070
4080
4070
4070
4080
4070
4210
4210
4200
4210
4200
4200
4210
4200
4210
4330
4460
4460
4460
4470
4460
4470
4460
