50
7710
7930
7990
8120
8300
8510
8670
8870
9050
5960
7620
7790
7990
8160
8330
8550
8750
8900
9090
5900
7590
7760
7950
8130
8310
8530
8700
8880
9110
5920
7600
7770
7990
8140
8330
8540
8720
8890
9080
5910
7600
7770
7960
8120
8340
8500
8710
8870
9070
5900
7590
7790
7950
8140
8320
8510
8720
8880
9090
5910
7590
7780
7980
8140
8340
8510
8690
8890
9080
5930
7590
7770
7960
8140
8340
8510
8700
8880
9100
5920
7600
7780
7950
8180
8390
8540
8710
8910
9080
5910
7600
7780
7980
8140
8340
8560
8700
8890
9100
5910
7610
7790
7970
8160
8340
8530
8760
8900
9160
5920
7630
7800
7980
8170
8380
8540
8730
8920
9130
5930
7610
7800
8000
8190
8400
8530
8720
8910
9150
5920
7640
7800
8000
8230
8350
8560
8720
8940
9100
5920
7600
7790
7970
8150
8330
8520
8740
8890
9090
5920
7640
7800
8000
8160
8340
8530
8720
8920
9100
5930
7630
7790
7960
8160
8360
8550
8710
8910
9090
5920
7620
7870
7980
8160
8350
8560
8740
8910
9100
5920
7610
7800
7990
8150
8340
8540
8710
8900
9090
5920
7600
7820
7960
8150
8330
8550
8720
8900
9080
5920
7630
7790
7970
8170
8340
8580
8730
8900
9120
5930
7620
7780
7990
8150
8360
8520
8710
8920
9110
5920
7630
7790
7970
8170
8340
8520
8710
8910
9090
5910
7610
7790
7970
8150
8340
8540
8720
8900
9090
5910
7610
7830
7960
8150
8340
8520
8700
8920
9110
5930
7600
7790
7990
8150
8340
8540
8720
8910
9110
5920
7600
7790
7970
8160
8330
8530
8710
8940
9100
5930
7640
7800
7980
8190
8390
8540
8720
8960
9100
5930
7630
7800
7970
8160
8350
8560
8720
8910
9100
5950
7650
7810
8000
8170
8370
8550
8760
8950
9110
5930
7640
7790
7980
8160
8390
8530
8720
8960
9140
5960
7630
7810
7990
8180
8360
8570
8780
8920
9120
5960
7630
7810
8000
8170
8360
8550
8740
8970
9110
5880
7650
7800
7990
8210
8350
