1.972109 2.111058
1.956553 2.168028
1.976710 2.287236
2.035373 2.499930
2.125578 2.788040
2.268048 3.064133
2.240599 3.231974
2.201768 3.317264
2.206846 3.471026
2.349497 3.709333
2.565230 3.956664
2.653727 4.128207
2.797231 4.349900
2.779641 4.546653
2.678764 4.517315
2.570008 4.515026
2.562051 4.523590
2.773657 4.710396
2.995602 4.751967
2.965069 4.658020
3.009192 4.489928
2.852564 4.277036
2.576953 3.898815
2.400164 3.577521
2.233197 3.425185
2.143991 3.444684
2.210057 3.553091
2.310058 3.753771
2.472751 3.899752
2.614631 4.050756
2.808903 4.190974
2.936988 4.299489
3.082687 4.270414
3.303387 4.305558
3.621043 4.439062
3.870367 4.521283
4.207759 4.671157
4.661574 4.936395
5.104378 5.348010
5.693473 5.662374
6.121690 5.962745
6.377839 6.045556
6.484233 6.053602
6.517574 5.946057
6.580352 5.809594
6.598394 5.710950
6.579555 5.580275
6.400298 5.532282
6.147709 5.440340
5.892845 5.291514
5.534540 4.995762
5.104566 4.944659
4.777515 5.006205
4.559222 5.129114
4.360951 5.348571
4.050414 5.483604
3.410257 5.528537
2.988637 5.235566
2.939892 4.838260
2.802223 4.575062
2.898236 4.219810
2.965427 3.953791
2.838938 3.704407
2.756552 3.344548
2.678239 2.905926
2.518371 2.709150
2.404305 2.658746
2.307089 2.775157
2.284226 2.959664
2.289108 3.290494
2.371478 3.691179
2.391509 3.886502
2.502683 4.069100
2.623547 4.190184
2.888451 4.211784
3.249770 4.311011
3.685830 4.497202
4.140387 4.689908
4.503521 4.863784
4.755909 4.993334
4.951537 5.304195
5.140760 5.621183
5.422349 5.936139
5.887740 6.313368
6.294966 6.611862
6.715790 6.901400
7.182077 7.174727
7.638172 7.421089
8.008059 7.725137
8.384316 7.997056
8.784691 8.207445
9.222825 8.455589
9.659220 8.644505
9.998323 8.824666
10.363073 8.937791
10.659666 9.230212
10.941493 9.419765
11.293525 9.613775
11.645153 9.738886
11.874827 9.985171
12.137460 10.236216
12.386211 10.372103
12.531324 10.437904
12.492681 10.223744
12.404432 10.126760
12.340898 10.040213
12.240816 9.899196
12.189487 9.770742
12.219529 9.644223
12.207413 9.460015
12.294565 9.463592
12.275264 9.442481
12.350541 9.512762
12.363989 9.590277
12.323384 9.661854
12.395546 9.655715
12.335747 9.643398
12.392698 9.677111
12.559735 9.639177
12.555656 9.703631
12.726148 9.876490
12.833375 10.061171
12.956808 10.224475
13.024075 10.355644
13.065711 10.459318
13.134787 10.480833
13.065588 10.432816
12.994390 10.307124
12.745449 10.229886
12.572639 10.090089
12.596162 10.056801
12.609389 10.035306
12.622391 9.924649
12.664773 9.812561
12.613085 9.799064
12.654370 9.792548
12.683328 9.762626
12.657016 9.637887
12.542509 9.508648
12.534857 9.506503
12.649483 9.597413
12.666756 9.570837
12.405073 9.568289
12.360981 9.659429
12.347204 9.698186
12.282657 9.634437
12.014660 9.649970
11.847724 9.709986
11.728035 9.697046
11.730517 9.768168
11.769937 9.801790
11.653043 9.809820
11.700211 9.831764
11.600936 9.904281
11.674851 9.805930
11.735250 9.889654
11.887951 9.989357
12.046641 10.093207
12.133867 10.005232
12.279806 10.121272
12.661215 10.206883
12.779311 10.239668
12.548715 10.321543
12.360043 10.445443
12.371478 10.592412
12.321311 10.743464
12.353273 10.868304
12.252998 11.013470
12.194272 11.147406
11.924401 11.323906
11.997638 11.506536
12.025352 11.613744
11.937409 11.628217
11.896102 11.592479
11.849657 11.527632
11.516184 11.445207
11.465036 11.389796
11.386580 11.338491
11.366066 11.223414
11.164526 11.224390
11.137123 11.290853
10.773704 10.987244
10.445910 10.944227
10.275894 10.976673
10.157159 10.734823
9.816750 10.676382
9.850268 10.690088
9.774582 10.556341
9.841226 10.570790
9.898287 10.689048
9.934745 10.739594
10.062794 10.886779
9.992616 10.838561
10.152451 10.943127
10.300539 11.078248
10.417281 11.171231
10.403570 11.295486
10.480789 11.416316
10.505737 11.516725
10.592356 11.737281
10.746158 11.899962
10.705499 11.860059
10.548251 11.653575
10.586955 11.603652
10.637663 11.590035
10.701871 11.627204
10.767526 11.650167
10.779388 11.647864
10.829701 11.698573
10.632156 11.620023
10.732855 11.705230
10.813911 11.732933
10.846222 11.773976
10.894702 11.884762
10.869588 12.002213
10.548638 12.008367
10.285996 12.024796
10.315051 12.031007
10.214114 11.876212
10.186007 11.991448
10.265654 12.065441
10.294177 12.103281
10.205689 11.895650
10.297571 11.880691
10.281215 11.950740
10.366341 11.996262
10.369325 12.019756
10.330181 12.046424
10.257066 12.054214
9.969866 12.006592
9.937427 12.013060
9.926455 12.041861
9.723432 11.914217
9.371910 11.729640
9.101017 11.161712
8.802653 11.073805
8.739025 10.927452
8.643040 10.830531
7.654147 10.839631
7.543784 10.772994
7.706868 10.874850
7.803719 10.872429
7.937140 10.956462
7.819960 10.797546
7.964037 10.911217
8.118428 11.049668
8.270940 11.188880
8.186646 11.131704
8.380929 11.215812
8.496475 11.343436
8.564516 11.402301
8.564804 11.410765
8.496384 11.354202
8.391152 11.166103
7.827246 11.068502
7.721908 11.042005
7.625990 11.046407
7.646035 10.872538
7.680041 10.726651
7.588641 10.388695
7.692683 10.495250
7.716112 10.606400
7.526705 10.617297
6.938004 10.479684
6.963798 10.537980
7.012257 10.331756
6.763918 10.034543
6.893695 10.051155
6.833044 9.796756
6.863559 9.731255
6.998157 9.881600
6.923883 9.879345
6.747482 9.895644
6.790521 9.900743
6.913615 10.074893
7.219807 10.495173
7.383515 10.839946
7.550138 11.032263
7.688629 11.135266
7.685330 11.114964
7.658383 11.044674
7.682340 10.995403
7.684141 10.976524
7.605680 10.775852
7.474848 10.733798
7.267532 10.283424
7.119031 10.180162
7.194756 10.163117
7.136165 10.126216
7.246067 10.211492
7.395464 10.270746
7.386300 10.240554
7.265082 9.823352
7.165375 9.741877
7.167559 9.643051
7.165834 9.650778
7.355948 9.799628
7.441779 9.941061
7.602054 10.087215
7.718879 10.204087
7.913872 10.375683
8.039871 10.584575
8.150031 10.530197
8.199744 10.524302
8.035973 10.419749
7.800852 10.353382
7.559568 10.125826
7.407431 10.003155
7.374823 9.959728
7.343324 9.876693
7.374354 9.903463
7.463652 9.982956
7.468137 9.930380
7.520832 9.939650
7.616489 9.857009
7.739468 9.916023
7.758116 9.844032
7.747273 9.822103
7.656753 9.917877
7.553876 9.970882
7.663986 10.097470
7.581875 9.852397
7.490260 9.519201
7.272867 9.454869
7.154189 9.324855
7.193054 9.329088
7.250462 9.344897
7.259083 9.376418
7.200568 9.203797
7.151155 9.255988
7.185197 9.362265
7.047979 9.284286
7.082250 9.130125
7.032277 9.081353
7.076096 8.972445
6.991008 8.996222
