0.362345
0.421451
0.408672
0.474692
0.599904
0.848366
0.933201
0.803232
0.660851
0.572965
0.395020
0.316112
0.374615
0.516136
0.677139
0.966095
1.629722
2.466293
3.170258
3.540083
3.487614
3.110059
2.586138
1.983010
1.574307
1.146984
0.871794
0.818398
0.973324
1.342865
1.785025
2.247793
2.589954
3.101088
3.619518
4.131224
4.556711
5.022732
5.425163
5.956065
6.227234
6.308830
6.109482
5.889438
5.402550
4.997427
4.487855
4.037642
3.536776
3.036603
2.501092
2.083475
1.695569
1.404386
1.229296
1.040953
1.317160
1.792473
2.189905
2.482689
3.047698
3.405397
3.973121
4.062754
3.793593
3.497767
3.299166
2.927247
2.624588
2.402306
2.264692
2.252149
2.249846
2.571507
2.724337
3.096708
3.506140
3.948949
4.391318
4.748466
5.076929
5.496447
5.796339
6.162667
6.583326
6.977813
7.409259
7.856357
8.328867
8.794212
9.265369
9.804096
10.270265
10.770228
11.180772
11.658605
12.129399
12.559547
12.948485
13.545578
14.039374
14.357682
14.602195
14.564955
14.258878
13.813630
13.409978
12.847079
12.401575
11.960361
11.481827
10.880335
10.535420
10.279025
9.797216
9.611813
9.086097
8.706403
8.309679
8.085206
7.716526
7.279648
6.903799
6.530187
6.295975
6.128115
6.248238
6.610696
6.954228
7.208937
7.493466
7.832253
8.236453
8.631121
9.110059
9.547565
9.910793
10.264157
10.713276
10.986911
11.320395
11.696213
11.853472
12.269654
12.714835
13.217469
13.645078
14.069203
14.759601
15.238882
15.658011
15.966408
16.125832
16.380005
16.647965
16.949883
17.108391
17.174442
17.643358
17.903054
18.156502
18.567970
18.821575
19.159223
19.494651
19.871873
20.185258
20.534947
20.820308
21.236201
21.624957
21.856178
21.766858
21.440452
21.240014
20.965747
20.575527
20.209104
19.849876
19.481695
19.137155
18.817755
18.534812
18.178588
17.863133
17.576578
17.265458
16.922802
16.631571
16.368208
16.062275
15.739796
15.595796
15.360776
15.112381
14.961485
14.802482
14.651520
14.317298
13.980147
13.685479
13.658488
13.843275
14.071853
14.363943
14.606465
14.845566
15.097634
15.386453
15.672598
15.978724
16.349809
16.661055
17.064549
17.443801
17.834225
18.185551
18.559292
18.930424
19.325262
19.715082
20.131599
20.426296
20.830812
21.387669
21.637568
21.612506
21.347419
20.997581
20.594695
20.057753
19.613030
19.277734
18.935132
18.372889
17.882973
17.476841
17.097533
16.708128
16.260633
15.867912
15.464529
15.084660
14.665418
14.190297
13.799328
13.396919
12.958647
12.657041
12.349070
12.066068
11.660152
11.325907
11.150141
11.361260
11.759302
12.015989
12.194433
12.520885
12.832624
13.098666
13.375923
13.718156
14.027957
14.096509
14.424203
14.705019
15.119390
15.530088
15.960096
16.325091
16.684982
16.952672
17.175556
17.604509
17.995141
18.265467
18.250599
18.070469
17.705088
17.276563
16.856866
16.423865
16.003006
15.786293
15.385248
15.034821
14.768464
14.454601
14.080026
13.732150
13.449100
13.087238
12.723816
12.405055
12.066968
11.735913
11.433697
11.171889
10.727579
10.523326
10.224913
10.060753
9.692241
9.191392
8.911212
8.499200
8.803879
9.109186
9.297192
9.619561
9.971051
10.300912
10.668588
10.991274
11.311631
11.691531
11.843109
12.120911
12.234891
12.492193
12.960661
13.236389
13.660902
14.130044
14.544105
15.070838
15.388807
15.781715
16.082046
16.544024
16.975821
17.244940
17.515947
17.864010
18.102978
