1.962988 2.089821
2.006425 2.148093
2.069998 2.291013
2.135911 2.483758
2.249577 2.720109
2.403132 2.956187
2.582925 3.259110
2.798881 3.526532
3.041191 3.791596
3.317913 4.058182
3.615995 4.333362
3.897665 4.613880
4.181314 4.872920
4.446469 5.115885
4.725814 5.342542
5.003151 5.587198
5.267428 5.744565
5.495240 5.870461
5.553019 5.872869
5.615748 5.983299
5.616475 6.035215
5.536178 6.008926
5.429811 5.888327
5.346979 5.723301
5.259430 5.638071
5.141808 5.583712
5.020271 5.574188
5.071046 5.648364
4.997166 5.670337
5.061676 5.771982
5.228690 5.890895
5.344283 6.020147
5.427957 6.106693
5.650094 6.284935
5.792571 6.469458
5.730796 6.411603
5.751538 6.489461
5.837023 6.537830
6.061885 6.757251
6.434916 7.015057
6.667062 7.272921
6.868458 7.417553
7.015099 7.537133
7.095257 7.689291
7.083080 7.654982
6.897459 7.538444
6.616293 7.173286
6.457514 6.911618
6.235009 6.481111
6.140136 6.326172
6.053409 6.296157
6.027592 6.268670
6.149279 6.352640
6.291836 6.438563
6.473366 6.664517
6.629655 6.799273
6.795514 6.982778
6.853168 6.948310
6.784185 7.019519
6.782809 7.039387
6.856305 7.102282
6.773710 7.199969
6.690477 6.813491
6.189357 6.411630
5.830605 6.149648
5.543782 5.806304
5.383174 5.643238
5.334662 5.596855
5.443933 5.691566
5.667402 5.904998
5.936930 6.062435
6.189301 6.260310
6.330390 6.389895
6.515220 6.498227
6.406969 6.542454
6.329147 6.562015
6.231333 6.639948
6.312159 6.661743
6.235777 6.595554
6.238493 6.615442
6.336290 6.651271
6.442875 6.734977
6.699199 7.018999
7.078916 7.366266
7.361333 7.613395
7.767157 7.918316
8.215759 8.397308
8.630339 8.775748
9.124508 9.255037
9.608425 9.896178
10.192045 10.387607
10.749584 10.638305
11.167517 10.992058
11.666579 11.219881
11.996309 11.426064
12.411238 11.664271
12.770139 12.023928
13.145122 12.320557
13.335850 12.687894
13.580187 12.968070
13.821675 13.155218
14.020489 13.309089
14.082095 13.397609
14.183803 13.428132
14.103029 13.396626
14.204597 13.408900
14.182132 13.475401
14.252444 13.534063
14.316633 13.609965
14.376073 13.660700
14.475115 13.838124
14.585028 14.042738
14.845746 14.249954
15.073302 14.453062
15.190594 14.632394
15.337591 14.787658
15.523031 14.940728
15.655308 15.164849
15.887909 15.296970
16.186038 15.456663
16.384036 15.604576
16.622707 15.801579
16.813848 15.899227
16.877280 16.045891
17.035014 16.238983
17.124800 16.334197
17.173701 16.413367
17.192294 16.332663
17.233046 16.358461
17.194780 16.327654
17.173517 16.318357
17.144655 16.354454
17.070410 16.415877
17.028382 16.497794
17.016232 16.561705
17.009455 16.635149
17.007517 16.707945
16.950845 16.739793
16.989349 16.724349
16.799548 16.756075
16.798070 16.865478
16.918540 16.897850
17.004777 16.944815
16.838812 16.874195
16.904118 16.823900
16.973479 16.761209
16.918653 16.728721
17.006865 16.789030
17.097470 16.805714
17.202798 16.877424
17.277668 16.948820
17.283973 16.984260
17.368040 17.010464
17.531886 16.994271
17.526065 17.063480
17.915903 17.072933
17.904036 17.083280
18.012095 17.122622
18.049011 17.210035
18.142420 17.279177
18.235889 17.307267
18.344272 17.366848
18.435548 17.388001
18.512968 17.450938
18.687578 17.559319
18.888575 17.760987
19.079733 17.887337
19.231499 17.982444
19.349332 18.137092
19.585677 18.281803
19.709718 18.525384
19.807164 18.575894
19.830157 18.553335
19.895347 18.501296
19.864773 18.536816
19.805113 18.581287
19.695036 18.560494
19.568032 18.611646
19.510530 18.678515
19.625812 18.781284
19.600801 18.753738
19.623958 18.791952
19.632526 18.953025
19.638743 19.012536
19.664214 19.055527
19.489006 19.040603
19.518077 19.109950
19.988415 19.590664
20.116985 19.762449
20.194729 19.858959
20.290869 19.988835
20.415138 20.058121
20.709376 20.306442
20.787572 20.403262
20.873399 20.516235
20.948954 20.617410
21.048886 20.698350
21.174956 20.820514
21.237190 20.910445
21.239366 21.059695
21.291582 21.079725
21.230167 21.093521
21.171934 21.044621
21.131796 20.980640
21.074141 21.010945
21.056988 21.043211
21.059311 21.091376
21.047514 21.096752
21.042761 21.142259
20.978381 21.218818
20.921213 21.280923
20.956273 21.338327
20.975701 21.465312
20.979942 21.525813
20.899505 21.529925
20.963423 21.694520
21.013452 21.760098
20.942302 21.709133
21.090243 21.777966
21.283632 21.996307
21.479402 22.258503
21.558236 22.342648
21.610224 22.434441
21.753863 22.646108
21.829930 22.749340
21.794882 22.689386
21.797565 22.766858
21.692266 22.673490
21.644026 22.644475
21.614309 22.595074
21.575037 22.594139
21.781192 22.754760
22.096620 23.148606
22.479966 23.515165
22.677836 23.601550
22.703023 23.628113
22.751276 23.667821
22.817921 23.697560
22.870239 23.724060
22.829361 23.716353
22.851233 23.779724
22.737376 23.793148
22.755306 23.833611
22.798601 23.862134
22.645060 23.587029
22.700412 23.617612
22.783986 23.644943
22.720633 23.590251
22.805410 23.709871
22.876529 23.818449
22.937813 23.887940
23.049083 23.922311
23.065807 23.887447
23.059366 23.617509
23.034083 23.554503
22.867330 23.386055
22.721802 23.333873
22.408878 23.334648
22.364871 23.394847
22.177235 22.838671
21.955482 22.838208
21.795941 22.838035
21.724709 22.798417
21.725917 22.858469
21.755728 22.946199
21.789090 23.024927
21.904548 23.125181
21.967563 23.167099
22.747869 23.661911
23.065230 24.212348
23.326937 24.401148
23.413833 24.478430
23.536177 24.564163
23.649596 24.614053
23.742960 24.707195
23.824913 24.786642
23.911092 24.819778
23.964097 24.822856
24.064811 24.813490
24.040747 24.764474
23.943012 24.733119
23.959541 24.699656
23.952337 24.653591
24.008792 24.651586
24.063163 24.654073
24.071339 24.659441
24.319524 25.190099
24.361658 25.269822
24.401899 25.267327
24.451919 25.281946
24.478935 25.123412
24.232823 24.700916
23.664120 24.413015
23.708312 24.368972
23.782614 24.285044
23.759733 24.334939
23.558814 24.015149
23.439307 23.993835
23.493842 24.075506
23.443848 23.989940
23.496501 23.896688
23.250226 23.859841
23.309975 23.967485
22.975647 23.689487
23.013341 23.620965
22.875506 23.427621
22.718500 23.265805
22.650288 23.142921
22.395276 22.796326
22.254651 22.456061
22.121505 22.274585
21.984411 22.307645
21.540608 22.181399
21.368540 21.910541
20.869075 21.657184
20.576252 21.463190
19.986640 21.215920
19.863506 21.207303
19.734868 21.146434
19.814494 21.192945
19.859441 21.238799
19.966865 21.326448
20.069378 21.393537
20.250416 21.487442
20.450743 21.687078
20.584442 21.722832
20.643819 21.544269
20.701791 21.517542
20.267867 21.368626
20.228647 21.064756
19.974545 20.986487
19.955789 20.914303
19.879047 20.712678
19.412637 20.431898
19.473043 20.454923
19.197045 20.346491
