0.344362
0.406214
0.397692
0.361481
0.310275
0.266967
0.349987
0.531848
0.768272
1.064529
1.117130
1.277892
1.327530
1.464143
1.582647
1.915361
2.236206
2.571261
2.957924
3.259164
3.370761
3.386557
3.217214
2.924229
2.478131
2.043285
1.490152
0.855335
0.198714
0.644435
1.235542
1.755741
2.303546
2.787515
3.065661
3.384351
3.536572
3.890713
4.109573
4.347619
4.521481
4.564136
4.558095
4.207436
3.620180
3.280291
2.922434
2.488038
2.082469
1.753784
1.599903
1.427906
1.291351
1.358172
1.501948
1.778672
1.892360
1.935736
1.931071
2.103309
2.481826
2.838636
3.106761
3.152020
3.047746
2.738427
2.355175
2.053580
1.839879
1.795554
1.978876
2.407318
2.806176
3.102052
3.526266
3.883732
4.296486
4.708940
5.073876
5.339015
5.594439
5.905054
6.421991
6.761395
7.336775
7.828957
8.419197
8.943969
9.483136
10.117298
10.618358
11.046853
11.651141
12.227074
12.854564
13.486594
14.089719
14.719542
15.442668
16.101218
16.605789
17.116116
17.405920
17.448965
17.163820
16.638300
16.141626
15.622442
15.153344
14.604543
14.120348
13.530017
13.164842
12.802502
12.474235
12.170067
11.983657
11.798961
11.608158
11.334599
11.012079
10.650902
10.450969
10.350112
10.062755
9.957745
10.158420
10.577853
10.930697
11.186274
11.513541
11.802189
11.869128
12.184814
12.509894
12.830966
13.164389
13.503108
13.829817
14.215271
14.546097
14.918145
15.228904
15.627897
16.013751
16.409982
16.887740
17.373089
17.819247
18.272600
18.639374
18.931867
19.230948
19.416144
19.662728
19.979570
20.243626
20.608930
20.990179
21.340319
21.416761
21.675082
22.279473
22.658100
23.087344
23.401473
23.734581
24.005388
24.102974
24.102727
24.402249
24.559454
24.433850
24.095354
23.766541
23.377242
22.983569
22.654354
22.155807
21.785307
21.420289
21.097203
20.695514
20.164389
19.833277
19.414441
19.048211
18.744239
18.467394
18.222501
17.988339
17.790212
17.595302
17.362224
17.156614
16.994015
16.844658
16.653633
16.320340
15.908006
15.581362
15.532775
15.756766
15.834145
16.060810
16.306992
16.524716
16.814874
17.146972
17.467354
17.763671
18.030836
18.392309
18.606201
18.758020
19.050466
19.337727
19.617628
19.816222
20.268257
20.623489
20.947953
20.789391
20.970472
21.363987
21.386245
21.310839
20.936235
20.483445
19.961140
19.546979
19.056197
18.275718
17.758580
17.317644
16.750756
16.419803
16.030911
15.718470
15.366281
15.110371
14.711409
14.131811
13.920436
13.737015
13.639734
13.450340
13.286236
13.140475
13.032958
12.687031
12.053848
11.693588
11.594652
11.704124
11.814401
11.975236
11.985363
12.180351
12.282476
12.417130
12.486706
12.590066
12.533543
12.544502
12.708208
12.948054
13.105354
13.073264
13.412983
13.497569
13.227685
13.365412
13.754702
14.165197
14.581977
14.992132
15.244387
15.081085
15.049247
14.682686
14.002919
13.359027
12.451025
11.744751
10.821685
10.075637
9.428435
8.756368
8.262414
7.492212
6.679472
6.197424
5.620675
5.339815
5.147023
4.943468
4.967333
5.221655
5.485115
5.795924
6.318121
6.754767
7.139737
7.232568
6.987982
6.653645
6.510033
5.991511
5.416795
4.953002
4.389487
4.161093
3.826197
3.920182
4.184855
4.280271
4.468282
4.419017
4.264828
4.495781
4.375851
5.002526
4.897587
4.803047
4.784002
4.844081
4.723875
4.202543
3.694984
3.518788
3.202286
3.115915
2.798108
2.685609
2.412114
