0.362345
0.421451
0.404962
0.272505
0.169220
0.208599
0.273858
0.117900
0.155951
0.397228
0.609324
0.846754
1.121935
1.459232
1.706991
1.953254
2.578241
3.402525
3.917086
4.364895
4.528945
4.275621
3.851073
3.340596
2.743530
2.279690
1.827453
1.404101
1.050809
0.819744
0.919254
1.119988
1.527598
1.946796
2.382128
2.782519
3.257030
3.715730
4.245762
4.725149
4.957848
5.166754
5.098846
4.797503
4.244529
3.747004
2.999722
2.539510
2.158737
1.912095
1.522135
1.315185
1.253446
1.364214
1.625137
1.908508
2.310881
2.713964
3.010478
3.520449
4.066046
4.464607
4.652952
4.851945
4.632771
4.269529
3.851885
3.479324
3.126447
2.828997
2.703346
2.530399
2.397373
2.355946
2.396870
2.557171
2.809830
3.011212
3.389520
3.871803
4.339605
4.817824
5.085997
5.604128
5.807896
6.192360
6.694401
7.059324
7.528064
8.072278
8.641041
9.180251
9.788054
10.185059
10.709292
11.291486
11.850652
12.375953
12.881884
13.256010
13.780866
14.137052
14.269369
14.182574
13.928340
13.491488
13.053043
12.587774
12.108133
11.640409
11.168694
10.689847
10.356978
9.912782
9.478945
8.896949
8.351021
7.911280
7.302856
6.904259
6.565540
6.200852
5.827412
5.334230
4.946044
4.803923
4.845272
5.093619
5.482579
5.924680
6.380729
6.760605
7.248393
7.701460
8.149108
8.636805
9.074406
9.591479
9.916073
10.463854
10.997949
11.464682
11.982052
12.516019
12.997251
13.543130
14.051204
14.662742
15.171234
15.688025
16.050570
16.252990
16.283168
16.417227
16.570102
16.602303
16.650846
16.744061
16.878176
16.993992
17.176182
17.287301
17.473911
17.666963
18.023262
18.307199
18.539453
18.790494
19.089517
19.293142
19.564915
19.659459
19.426434
18.988154
18.669162
18.339763
18.014093
17.773518
17.489671
17.335102
17.129290
16.906292
16.684431
16.515637
16.535025
16.411136
16.283205
16.185030
16.045633
15.928323
15.875914
15.782471
15.695061
15.565303
15.379825
15.383244
15.329132
15.275685
15.128747
14.666018
14.290520
14.132329
14.138742
14.122346
14.121716
13.923179
14.012948
14.127697
14.271708
14.417355
14.615003
14.796135
14.939489
15.138481
15.401160
15.569075
16.108983
16.383236
16.665167
16.932943
17.209972
17.506342
17.807471
18.073474
18.334322
18.459599
18.353600
17.980332
17.596825
17.222050
17.388549
16.964809
16.633633
16.367944
15.951950
15.689334
15.549166
15.301004
15.190532
15.007957
14.865026
14.678948
14.500842
14.319068
14.197061
14.122341
14.201486
14.085501
13.997435
13.921266
13.772414
13.394178
13.009556
12.866903
12.824051
12.880583
13.015839
13.152888
13.505017
13.577902
13.739397
13.921330
14.134761
14.371049
14.622296
14.878120
15.172860
15.480306
15.786625
16.151158
16.498282
16.835245
17.167593
17.489983
17.727990
18.039471
18.202540
18.071237
17.695027
17.491555
17.169928
16.852380
16.539627
16.417688
16.124895
15.685449
15.423014
15.108632
14.723694
14.478473
14.253612
14.074383
13.927009
13.794628
13.702206
13.622073
13.557230
13.453375
13.394741
13.362200
13.330926
13.370201
13.359818
13.245561
12.866514
12.537711
12.462704
12.429847
12.446609
12.480941
12.527414
12.611199
12.728894
12.853092
13.005826
13.145171
13.266753
13.449694
13.620646
13.830856
14.194764
14.466890
15.068617
15.332481
15.595564
15.866472
16.186599
16.551399
16.986009
17.407281
17.754002
18.213476
18.615650
19.002918
19.289478
19.630825
