7430
7420
7420
7860
8040
8500
7990
7430
7410
8870
8390
7970
7630
7480
7490
7860
7580
7480
7520
7760
8700
7470
7490
7500
7640
7680
7480
7490
7470
7750
7530
7480
8090
8060
7570
7510
7990
7500
7480
7730
7490
7530
7730
8020
7680
8610
8150
7460
7470
8820
7520
7490
7490
8570
7880
7740
7080
7650
8590
8660
7640
8650
7820
7570
7490
8400
8810
8150
8830
8780
7470
7840
7490
7470
7860
7520
7490
7860
7480
7720
7720
7520
7510
7520
7510
7520
7500
7490
7470
7730
7750
7790
7400
8210
7480
8440
8490
9000
8970
9280
8160
7490
7490
7470
7490
8380
8190
7460
8090
7800
7490
7470
7490
7600
7510
7750
8680
8230
6700
6080
7480
7460
8090
7490
7470
7480
7890
7990
7470
8350
7960
8920
7630
7460
7460
7470
7470
7470
7500
7770
7510
7500
7510
7500
7500
7500
7500
7510
7530
7730
7120
5740
7470
7480
7490
7480
7480
7480
7520
7600
7560
7400
7730
7810
7410
7470
8370
8340
8260
7780
7520
7520
7520
7490
7960
7670
7500
7490
7520
8120
8010
8120
7470
7680
7480
8390
8870
7590
7740
7770
7500
7490
8120
8920
8090
7490
7480
7490
7470
7730
6830
6240
8990
9020
8920
7500
8080
7500
7510
7740
7490
7480
7490
7460
7480
7610
8490
8410
7480
7720
7480
7470
6340
7740
8490
7630
7510
7490
7490
7740
7470
7470
7490
7470
7480
8500
8260
5860
8720
9320
7620
7460
7480
7480
7500
7470
7500
7490
7490
7740
7790
7490
7480
7920
7460
7510
7500
7510
7490
7770
7510
7510
7540
7490
7470
7490
7470
7480
7490
7740
7520
7500
7500
8070
7450
7490
7590
7490
7470
7730
7540
7480
7460
7500
7510
8220
8260
8140
7490
7750
7480
8120
7920
8110
8050
7460
7470
7460
7470
7710
7090
6100
7460
7460
7490
7480
8360
7750
8820
8030
7480
7530
7690
7720
7950
7510
7760
7710
7980
7800
7760
7550
8370
7870
8280
7550
7400
8240
7540
7790
7490
8040
7740
7790
8180
7500
