0.372233
0.388607
0.367019
0.363523
0.521046
0.734420
0.834447
0.819017
0.724569
0.504132
0.317431
0.334094
0.518372
0.775015
1.005962
1.322830
1.803671
2.404624
2.929850
3.353151
3.508647
3.450223
3.068420
2.697385
2.403323
1.896377
1.389839
0.850720
0.436575
0.529891
0.926094
1.328305
1.850940
2.250700
2.674321
3.292694
3.827384
4.276382
4.794717
5.411256
5.679826
5.786878
5.657564
5.428967
4.868041
4.424950
3.992063
3.437493
2.878289
2.285950
1.552679
0.986577
0.519988
0.129479
0.545705
1.040758
1.552567
1.930839
2.301994
2.897631
3.294473
3.816883
3.935933
3.823984
3.546896
3.162288
2.697700
2.160899
1.660917
1.271061
1.189838
1.380684
1.600445
2.053632
2.448020
2.926056
3.688392
4.233586
4.609855
4.890882
5.181118
5.434767
5.885031
6.307351
6.819908
7.610455
8.224184
8.922194
9.531702
10.262332
10.699672
11.633685
12.250751
13.131879
13.911456
14.828065
15.811123
16.707277
17.423686
18.404122
19.007583
19.628992
20.079093
20.187776
19.920693
19.497556
19.075780
18.802621
18.494931
18.292086
17.773179
17.575554
17.279517
17.026271
16.796118
16.543886
16.248717
16.134987
16.007388
15.875424
15.537659
15.270056
14.942696
14.660066
14.462481
14.287926
14.684691
14.981925
15.441559
15.917396
16.347909
16.773879
17.226293
17.651209
18.289282
18.804773
19.471358
20.088764
20.755233
21.276927
21.814819
22.341511
22.812581
23.354628
23.944097
24.520501
24.986304
25.596385
26.037555
26.446366
26.707786
26.897368
27.010585
27.003416
26.999936
26.817326
26.737196
26.415959
26.108228
26.211427
26.129880
25.811018
25.790845
26.064364
27.064082
28.125767
28.786147
29.354618
29.807314
30.467883
30.938536
31.187559
30.973791
30.696847
30.462033
30.323379
30.178215
30.024237
29.945259
29.779487
29.581310
29.387100
29.204405
29.042952
28.853625
28.768015
28.573972
28.348489
28.011530
27.837654
27.521727
27.099983
27.094275
26.942187
26.695686
26.665846
26.901656
27.022295
27.201238
27.030846
26.867568
26.975227
27.070713
27.132514
27.179807
27.422484
27.583317
27.701202
27.740945
27.912594
28.079564
28.123592
28.319622
28.704436
28.986021
29.189889
29.397478
29.638533
30.112768
30.456084
30.881967
31.255216
31.584274
31.821353
32.095154
32.216718
32.005812
31.619969
31.339240
31.402612
31.191070
31.053166
30.876068
30.884415
30.880190
30.764032
30.604219
30.417881
30.249931
30.137067
29.990813
29.943304
29.862336
29.738801
29.605100
29.580953
29.540631
29.442571
29.355526
29.339107
29.323317
29.127678
28.885787
28.973173
29.001892
29.119591
29.225413
29.341338
29.784837
29.923234
30.070859
30.445205
30.623914
30.970804
31.159221
31.393312
31.666637
32.049223
32.338123
32.625495
32.876600
33.209440
33.425941
33.621383
33.845886
34.024520
34.039300
33.766964
33.372584
33.065122
33.048795
32.920415
32.727696
32.637731
32.460703
32.508245
32.457953
32.328891
32.158673
31.977682
31.794192
31.602280
31.475730
31.331599
31.308652
31.191010
31.078317
30.979402
30.919532
30.995033
30.910860
30.825628
30.745174
30.551281
30.111253
29.855704
29.858261
29.912673
29.956682
30.014518
30.072402
30.145258
30.222195
30.304692
30.301567
30.495068
30.834198
31.046017
31.173255
31.319643
31.506348
31.937764
32.350357
32.620664
32.951352
33.430040
33.695634
34.090036
34.665177
35.010524
35.658323
36.091421
36.624315
37.053139
37.605932
37.980570
