2.045315 2.073597
2.089967 2.137481
2.150365 2.250880
2.231208 2.430835
2.363529 2.651676
2.516620 2.903931
2.693171 3.177256
2.866370 3.476962
3.057778 3.768717
3.303963 4.071970
3.380950 4.228385
3.153656 4.329967
3.011866 4.339773
2.848038 4.436627
2.691124 4.522024
2.541683 4.660079
2.362521 4.816855
2.390535 4.869509
2.500328 4.993628
2.428298 4.934753
2.456707 4.793296
2.357383 4.525605
2.069797 4.127278
1.794111 3.679171
1.748683 3.380197
1.704135 3.199646
1.838350 3.168152
1.982110 3.273521
2.079519 3.236586
2.218760 3.302272
2.259796 3.456223
2.393764 3.559645
2.526687 3.787691
2.704716 4.011681
2.933423 4.272698
3.258693 4.509288
3.740052 4.820592
4.364687 4.996188
4.874752 5.137780
5.447297 5.165632
5.877244 5.251728
6.014243 5.115635
6.016515 4.879471
6.018086 4.530613
5.831091 4.342631
5.681542 4.085285
5.538106 4.016098
5.236784 3.936511
5.027947 3.982825
4.637632 4.026575
4.406210 4.037549
3.850377 4.089193
2.998895 4.064467
1.998964 3.870252
1.699903 3.606341
1.571486 3.273735
1.539704 3.162733
1.638754 3.058142
1.745226 3.114202
1.871128 3.093579
2.074782 3.201922
2.201737 3.247648
2.186204 3.214600
2.075010 3.117644
1.824241 2.988824
1.708881 2.806634
1.671737 2.730125
1.653374 2.581849
1.727521 2.542110
1.841212 2.587737
1.956112 2.718875
2.049182 2.875670
2.244397 3.093433
2.365178 3.310496
2.654956 3.638680
3.004174 3.981626
3.480930 4.283231
4.080285 4.662655
4.669205 4.827858
5.095122 4.771893
5.395603 4.587584
5.673665 4.450474
6.060766 4.441748
6.465228 4.535182
6.860619 4.620339
7.285713 4.719870
7.760532 4.846454
8.197514 5.055936
8.724142 5.174346
9.199517 5.348880
9.502121 5.559529
9.877792 5.734609
10.304100 5.987277
10.755878 6.203012
11.218068 6.499293
11.662632 6.738707
12.116781 7.090438
12.453656 7.423994
12.850326 7.681257
13.304115 7.947005
13.809369 8.224713
14.057918 8.443854
14.149447 8.547330
14.065794 8.532986
13.959717 8.410899
13.842795 8.300324
13.797706 8.225083
13.821014 8.156418
13.851300 8.141202
13.902358 8.140640
13.968879 8.180528
14.024864 8.226627
14.097812 8.317135
14.218731 8.364154
14.319677 8.389570
14.450412 8.491953
14.552407 8.610254
14.601107 8.761781
14.738053 8.821012
14.838804 8.943652
14.910792 9.069301
15.070511 9.189798
15.144201 9.336007
15.163767 9.396250
15.170895 9.578752
15.129672 9.652192
15.060303 9.729874
14.948597 9.644251
14.723286 9.575271
14.386192 9.432854
14.180056 9.327179
14.036410 9.257492
14.009864 9.124679
13.625949 8.888691
13.538425 8.688777
13.375403 8.621341
13.222028 8.545392
13.201623 8.525073
13.117353 8.603758
12.986789 8.605419
12.786984 8.649655
12.677663 8.725004
12.606243 8.611900
12.610981 8.710166
12.541197 8.708095
12.286050 8.506544
12.019481 8.463170
11.980047 8.472011
11.933589 8.574872
11.935031 8.603108
11.583431 8.593356
10.993389 8.397231
10.680402 8.085036
10.166810 7.822345
9.822992 7.720851
9.675266 7.767925
9.461753 7.788697
9.494028 7.932720
9.808463 8.135481
9.915403 8.482958
10.004240 8.726905
10.090641 8.922942
10.258646 8.953653
10.267022 9.082020
10.156188 9.172284
9.975954 9.317817
9.982686 9.384253
9.758640 9.312499
9.100644 9.325836
8.831628 9.207038
8.773068 8.815220
8.823197 8.852445
8.545849 8.849064
7.692404 8.576105
7.407550 8.327409
7.308674 7.962694
6.918619 7.734222
6.547118 7.191171
6.332316 6.983640
5.822045 6.642875
5.473233 6.415834
4.953214 5.955190
4.916963 5.709022
4.590908 5.340164
4.574492 5.245177
4.470935 5.130027
3.030461 4.954731
3.177391 4.987798
3.407000 5.051261
3.654046 5.089233
4.028065 5.324797
4.417314 5.591812
4.837770 5.817712
5.206411 5.974041
5.512504 6.146243
5.719304 6.265593
5.755184 6.257282
5.819660 6.416982
5.587834 6.448758
5.318998 6.482375
4.891209 6.222304
4.495766 5.730518
4.335401 5.488463
4.194085 5.299388
4.215052 5.271832
4.356678 5.327798
4.497835 5.329551
4.618565 5.349368
4.721708 5.318881
4.730945 5.354620
4.604662 5.387659
4.382295 5.354348
4.154629 5.320446
4.025022 5.233646
3.749323 5.217627
3.350006 5.190089
3.078619 5.056447
2.926269 4.907095
2.731109 4.930147
2.654121 4.891677
2.556718 4.706766
2.753436 4.749789
2.951652 4.629460
3.291307 4.750406
3.713612 4.883046
4.058561 5.071799
4.222214 5.224282
4.308806 5.198036
4.238221 5.017734
4.023001 4.715545
3.763117 4.467690
3.378085 4.177175
3.085868 4.033107
2.893930 3.933658
2.713286 3.917596
2.693522 3.836715
2.529336 3.738599
2.509253 3.629691
2.543460 3.605933
2.641053 3.635571
2.808632 3.456013
2.991594 3.570839
3.180866 3.690825
3.510724 3.877895
3.792573 4.119107
4.213920 4.383352
4.543833 4.663661
4.871990 4.927295
5.189657 5.128714
5.340450 5.290960
5.351946 5.394175
5.245674 5.349699
4.930023 5.211707
4.694412 4.984870
4.596936 4.775079
4.556564 4.656406
4.584312 4.582776
4.613071 4.526997
4.657128 4.518284
4.517271 4.462154
4.312424 4.389923
4.158970 4.261779
3.916427 4.202535
3.775390 4.085669
3.309805 3.918395
2.942260 3.859841
2.739899 3.844100
2.643589 3.829508
2.598360 3.706906
2.550792 3.649536
2.569014 3.440174
2.553124 3.413830
2.690702 3.498538
2.973181 3.619262
3.319705 3.973877
3.830354 4.569264
4.238758 5.140350
4.647170 5.571852
4.949561 5.848259
5.101100 5.880057
5.159811 5.716392
5.094742 5.507484
4.859530 5.197186
4.513893 4.809094
3.978173 4.381216
3.564769 3.962677
3.162086 3.798817
2.964719 3.542462
2.849160 3.476881
2.645250 3.343141
2.413853 3.293915
2.418713 3.284502
2.431771 3.396270
2.504908 3.396587
2.674908 3.377027
2.966532 3.451318
3.343659 3.720630
3.749193 3.994756
4.152614 4.287672
4.536909 4.459771
4.837833 4.634503
4.964587 4.794326
4.987365 4.859818
4.916194 4.925566
4.666750 4.884100
4.350390 4.767220
4.124155 4.587202
3.892115 4.394620
3.823460 4.311192
3.845065 4.337656
3.917420 4.350487
3.947187 4.435328
3.863152 4.380452
3.715794 4.184091
3.675802 4.229099
3.527933 4.027764
3.525308 3.987465
3.487753 3.923589
3.273751 3.788491
3.173502 3.715298
3.293977 3.726879
3.366677 3.669693
3.139279 3.722212
3.036770 3.675290
2.945501 3.502941
2.829668 3.435262
2.682134 3.418241
2.635040 3.430127
2.498682 3.361688
2.500706 3.335745
2.654316 3.439309
2.788961 3.456973
2.991907 3.488068
3.186902 3.569287
3.276088 3.573058
3.499886 3.545326
