2.030941 2.062582
2.075536 2.193117
2.151279 2.344056
2.205440 2.522221
2.301999 2.757588
2.432629 3.011657
2.587662 3.270535
2.800276 3.545513
2.691605 3.488027
2.809395 3.554339
2.990923 3.778326
3.272838 4.096802
3.623260 4.418708
3.878385 4.714013
4.001090 4.888464
4.048781 4.949923
3.814344 4.853956
3.418340 4.579471
3.161125 4.015628
2.925825 3.724121
2.586896 3.360390
2.302575 3.078857
2.008448 2.828389
1.915753 2.602741
1.952263 2.598062
2.093307 2.681624
2.372218 2.962066
2.797210 3.411653
3.194288 3.841592
3.636042 4.193514
3.883478 4.514235
4.038364 4.656592
3.896305 4.705204
3.618359 4.667123
3.341377 4.523344
3.217455 4.531920
3.263532 4.557029
3.402081 4.778677
3.682648 5.131010
4.153828 5.580574
4.520424 6.020972
4.768005 6.370389
4.970731 6.681384
5.097474 6.876691
5.124512 6.878538
5.062526 6.803715
4.940812 6.580805
4.616207 6.005481
4.200667 5.345394
3.909944 4.739943
3.673829 4.443121
3.695256 4.433922
4.015717 4.685977
4.398191 5.039741
4.930745 5.547634
5.390145 6.095142
5.777683 6.360027
5.856250 6.457629
5.756882 6.308894
5.304680 5.710679
4.775929 5.170897
4.139241 4.532131
3.763819 4.080435
3.445165 3.792117
3.242839 3.560379
3.092274 3.505622
3.098057 3.524336
3.205777 3.728709
3.425171 4.071843
3.813206 4.524385
4.320416 5.036777
4.791296 5.582292
5.165796 5.944397
5.348811 6.095140
5.435806 6.158471
5.429788 6.093285
5.281290 5.863680
5.346661 5.939981
5.531175 6.011263
5.618685 6.070754
5.778907 6.236167
6.029577 6.581469
6.338328 6.850198
6.854523 7.246365
7.299695 7.793349
7.852252 8.323980
8.458524 8.889699
9.032275 9.409138
9.735111 9.965619
10.270095 10.247441
10.711142 10.549134
11.337856 10.872794
11.888748 11.256692
12.406543 11.680782
12.802108 11.999068
13.115975 12.264528
13.465049 12.540122
13.778188 12.791200
14.058723 13.026697
14.296616 13.240592
14.579618 13.368062
14.855361 13.470168
14.941096 13.548782
14.975526 13.596083
14.962591 13.534114
14.920203 13.463538
14.974826 13.441123
15.035119 13.439916
15.186808 13.462615
15.319230 13.512361
15.408529 13.566213
15.535675 13.637527
15.763410 13.840770
15.887904 13.945284
16.011056 14.136167
16.145562 14.266439
16.254950 14.439459
16.399122 14.548738
16.549538 14.635558
16.648614 14.784050
16.926729 14.850308
17.032831 14.948869
17.237039 14.977436
17.278325 15.001187
17.387457 15.114599
17.418652 15.213192
17.240583 15.155342
17.167089 15.120527
17.186856 14.991290
17.172894 14.790631
17.234676 14.608605
17.283576 14.423177
17.208338 14.361372
17.202141 14.273792
17.254409 14.198710
17.373083 13.975348
17.350276 13.907064
17.371648 13.876603
17.438840 13.675556
17.487357 13.656093
17.653482 13.505432
17.760555 13.356564
17.788191 13.217256
17.900196 13.178119
17.929109 13.100517
17.912409 13.053226
18.044763 12.958133
18.138105 13.020416
18.267683 13.096450
18.369941 13.217467
18.361271 13.299236
18.285496 13.588612
18.066697 13.719546
17.879595 13.774284
17.640516 13.795956
17.312258 13.682703
16.994036 13.532407
16.809683 13.367139
16.303350 13.331869
16.055754 13.000570
15.712480 12.811847
15.484283 12.599438
15.563195 12.731811
15.894479 12.977357
16.368310 13.312272
17.057293 13.959205
17.921985 14.681333
18.407093 14.949022
19.063099 15.169693
19.351954 15.309399
19.565157 15.415391
19.680648 15.417788
19.671716 15.414149
19.632875 15.421848
19.491704 15.087396
19.680145 14.918749
19.852231 14.754133
19.914672 14.579211
19.804078 14.325725
19.790557 14.055567
19.622244 13.641169
19.407594 13.616090
19.477914 13.577558
19.407313 13.601334
19.410350 13.623925
19.485602 13.716870
19.556130 13.805370
19.627647 13.905023
19.682015 14.024609
19.736238 14.129630
19.822721 14.243504
19.752814 14.356783
19.687201 14.426816
19.643238 14.415035
19.700517 14.593989
19.751263 14.639849
19.897398 14.910264
19.954209 14.989842
20.067494 15.079191
20.112087 15.113399
20.211589 14.948950
20.086671 14.871164
19.912727 14.536687
19.980042 14.311860
20.083995 13.863980
20.119585 13.749081
20.208813 13.632459
20.308240 13.633568
20.211119 13.433489
20.061996 13.465110
19.978323 13.466384
20.039090 13.421171
20.072089 12.970533
20.193082 12.917783
20.181963 12.793775
19.889946 12.599448
19.857797 12.289219
19.763447 12.004080
19.851843 12.041543
19.974500 12.152330
19.897826 12.076004
19.794481 11.957946
19.798964 11.986643
19.733607 11.998517
19.651155 11.842854
19.433276 11.725878
19.403671 11.703126
19.258066 11.583465
18.949970 11.250850
18.588152 11.059520
18.485448 10.861896
18.402747 10.593514
18.121223 10.513507
17.739248 10.318055
17.518625 10.237555
16.962874 10.080909
16.730125 10.057703
16.198158 9.890277
15.695546 9.841237
15.397333 9.836334
15.313862 9.632318
15.291450 9.614825
14.887136 9.601540
14.560442 9.453049
14.435312 9.500189
14.277176 9.115967
14.109056 9.027273
13.788437 9.047603
13.255826 8.842693
12.629295 8.696686
12.194193 8.644036
11.681614 8.617892
11.005646 8.380074
10.645127 8.000269
10.152522 7.730232
9.902804 7.430575
9.548220 7.299908
9.099560 7.192953
8.878590 6.953375
8.239990 6.796844
7.654484 6.760603
7.463579 6.796822
7.127390 6.782801
7.174946 6.826724
6.845956 6.760373
6.697283 6.759427
6.585382 6.839135
6.333774 6.894850
6.062643 7.016172
6.087603 6.963326
5.715622 7.058891
5.738968 6.926930
5.705611 6.938325
5.668566 6.786876
5.734783 6.923529
5.942860 7.123475
6.286550 7.297760
6.504845 7.361523
6.552317 7.349994
6.522624 7.255331
6.045017 7.043781
5.698121 6.820410
5.435301 6.652430
5.229723 6.435353
5.105518 6.279002
4.615959 6.317907
4.560781 6.253656
4.506676 6.251455
3.808928 6.365196
3.849247 6.403670
3.797441 6.201971
3.746248 6.207449
3.796723 6.254806
3.776866 6.149161
3.884704 6.084475
3.943718 6.174883
3.961037 6.014058
4.022184 6.064544
4.103640 5.940635
4.132344 5.892239
4.019144 5.851614
3.913446 5.980009
3.908943 5.900021
3.813239 5.903660
3.507900 5.852845
3.273895 5.621049
3.180955 5.273776
2.977032 5.105357
2.958196 5.009380
2.954149 4.864337
3.053250 4.842201
3.112903 4.822888
3.242501 4.889809
3.323306 4.940647
3.434806 4.875227
3.517108 5.011416
3.583731 4.930641
3.485944 5.016241
3.455604 5.013524
3.541144 4.882054
3.696123 4.945660
3.757887 5.142393
3.880925 5.319648
3.986630 5.539084
4.051212 5.616155
4.085300 5.648603
3.891855 5.617491
3.779645 5.392770
3.628311 5.209220
3.538178 5.122196
3.475956 5.007912
3.509566 4.922550
3.503887 4.791419
3.475555 4.806409
3.494030 4.803011
3.348206 4.769192
