220
340
550
710
840
970
1100
1270
1390
1540
1700
1690
1670
1680
1690
1690
1690
1690
1700
1690
1700
1690
1710
1700
1690
1700
1690
1710
1690
1760
1750
1680
1870
1700
1700
1690
1750
1690
1920
1730
1880
1710
1710
1730
1730
1720
1720
1730
1740
1740
1730
1790
1800
1800
1760
1760
1800
1730
1820
1730
1730
1740
1790
1790
1790
1780
1790
1790
1780
1800
1720
1760
1740
1750
1770
1740
1750
1750
1730
1740
1710
1700
1710
1720
1770
1750
1760
1970
2620
2610
2610
2080
1730
2140
2640
2640
2640
2620
1710
1710
1700
1720
1730
1730
1750
1270
1750
1740
1720
1700
1690
1690
1700
1710
1700
1700
1700
1700
1680
1680
1670
1670
1670
1680
1690
1680
1680
1680
1670
1650
1650
1660
1650
1660
1500
1660
1670
1670
1660
1650
1650
1650
1650
1650
1660
1660
1670
1660
1660
1660
1660
1670
1680
1690
1690
1710
1700
1700
1700
1700
1670
1670
1690
1700
1700
1700
1710
1710
1710
1710
1750
2610
2640
2630
2640
2640
2120
1740
1730
1720
1720
1710
1720
1730
1730
1720
1730
1720
1720
1700
1710
1720
1740
1730
1750
1750
1740
1740
1740
1730
1710
1720
1730
1730
1740
1730
1770
1790
1730
1780
1720
1750
1790
1740
1730
1720
1930
2540
2530
2510
2220
1730
1730
1730
1750
1790
1820
1800
1810
1800
2590
2700
2320
1760
1790
1800
1560
1960
1940
1750
1730
1780
1770
1760
1760
1790
1780
1780
1760
1760
1740
1730
1740
1750
1760
2240
1740
1740
1730
1820
2500
2200
1730
1740
1760
1750
1740
1730
1720
1710
1700
1700
1860
1740
1730
1730
1750
1740
1760
1750
1910
1890
1740
1730
1730
1740
1780
2390
1960
1720
1720
1710
1740
1720
1790
1750
1730
2650
2640
2400
1880
2580
2660
2680
2670
2680
2670
2660
2660
2660
2640
2640
2660
2110
2190
1870
1840
1780
1780
1800
1810
2210
1740
1750
1780
1760
1750
1750
1740
1730
1710
1730
1750
1760
1760
1750
