0.151695
0.200890
0.180717
0.093556
0.111599
0.291595
0.541247
0.856114
1.183500
1.541378
1.891841
2.261027
2.648204
3.075778
3.467707
3.908978
4.333346
4.791916
5.226306
5.557414
5.720813
5.600466
5.276579
4.795202
4.328502
3.826765
3.333715
2.825474
2.324006
1.812079
1.370508
0.958669
0.587957
0.471306
0.730354
1.172070
1.633208
2.128961
2.636067
3.167304
3.570491
3.816337
3.809650
3.574626
3.142304
2.716115
2.312764
1.973303
1.671532
1.504512
1.497222
1.627726
1.878125
2.214184
2.604755
3.029429
3.452745
3.909814
4.356595
4.823083
5.322074
5.730750
5.978850
5.984273
5.741918
5.308777
4.872730
4.417367
4.018467
3.655108
3.297600
2.986555
2.749803
2.601771
2.529083
2.557948
2.691775
2.901520
3.191107
3.600399
4.030939
4.469541
4.933702
5.395802
5.843229
6.301393
6.769893
7.207582
7.645003
8.125975
8.616121
9.092500
9.563369
10.004165
10.440592
10.896037
11.339558
11.835338
12.327543
12.798878
13.283106
13.664472
13.859023
13.805041
13.488064
12.999619
12.511446
12.027804
11.541813
11.057715
10.553292
10.067419
9.556110
9.036108
8.486990
7.975438
7.499466
7.046560
6.613330
6.170692
5.755897
5.328463
4.908718
4.500647
4.130338
3.989864
4.198440
4.598709
4.927180
5.216328
5.544696
5.886808
6.285391
6.693736
7.076996
7.496497
7.926895
8.388515
8.809396
9.242975
9.694271
10.147956
10.598476
11.062504
11.526095
12.005071
12.505241
13.010028
13.482758
13.968412
14.350609
14.577660
14.708323
14.863251
14.987717
15.167389
15.339819
15.536574
15.753052
15.983221
16.247749
16.518202
16.776426
17.070494
17.384372
17.699046
18.042484
18.392039
18.729833
19.077760
19.411741
19.533972
19.414143
19.094670
18.789881
18.454945
18.143950
17.840785
17.505948
17.177566
16.852336
16.583497
16.245015
15.909405
15.620895
15.320393
15.026669
14.770117
14.496698
14.243432
14.005765
13.770243
13.534897
13.347064
13.169425
12.977498
12.834468
12.682093
12.453860
12.058550
11.770745
11.740363
11.949353
12.144932
12.356180
12.570626
12.762669
12.971796
13.203744
13.446008
13.706433
13.952379
14.258969
14.529313
14.854290
15.135835
15.440886
15.760337
16.080471
16.435433
16.801367
17.199122
17.568797
17.949276
18.300297
18.510645
18.440932
18.099741
17.721381
17.341935
16.993091
16.635120
16.238270
15.847976
15.506923
15.111671
14.719969
14.334177
13.945133
13.576990
13.239053
12.917941
12.590923
12.300074
12.014622
11.768185
11.530946
11.319549
11.136291
10.970646
10.698337
10.316720
9.992594
9.943234
10.128252
10.306764
10.517816
10.763951
11.053389
11.355246
11.684293
12.025039
12.411705
12.773948
13.154582
13.530694
13.875955
14.252884
14.631294
14.994958
15.396467
15.831265
16.251591
16.675792
17.082019
17.538801
17.781019
17.739568
17.439428
17.058296
16.673862
16.292275
15.912430
15.505459
15.102350
14.689664
14.283274
13.881167
13.467162
13.055081
12.650993
12.286838
11.894752
11.488887
11.109394
10.748267
10.382979
10.041111
9.729622
9.429068
9.100665
8.832204
8.582505
8.304411
7.896214
7.653692
7.696117
7.983736
8.299362
8.597099
8.898002
9.207692
9.581418
9.966430
10.375605
10.769093
11.151773
11.546692
11.938422
12.388360
12.845293
13.297688
13.743341
14.204174
14.663518
15.102739
15.506434
15.814166
16.044994
16.270415
16.521592
16.742214
16.995060
17.301026
17.623201
17.923553
