40
6250
5870
6080
6260
6730
6670
6330
5930
7580
4230
6050
6230
6480
6740
6870
6790
7240
7420
8080
4300
5850
6480
6390
7080
7720
7190
7350
7480
7750
4630
6920
6980
7510
7730
7420
8030
7810
7890
8560
4660
6150
6560
6570
6870
7170
7360
7560
7950
7910
4540
6330
6450
6800
6930
6980
7770
8560
8900
8890
4780
6390
6030
5330
6950
7140
7180
7380
7750
7950
5560
6370
7360
7630
6870
7030
7150
7200
7340
8130
4310
5880
6230
6300
6590
6770
7080
7140
6170
7640
4250
6070
6100
6430
6640
6760
7770
8130
8370
8540
4420
6400
6190
6740
6480
7560
5670
5980
7520
8360
5590
6710
6670
6890
7180
7530
7580
8130
7930
8050
4940
6750
6910
7090
7460
7820
9390
9290
9420
9550
5070
6750
6760
7120
7340
7760
8330
8090
8730
8520
5120
6980
7130
7040
7360
7420
7600
7810
8100
8310
4830
6320
6460
6760
6940
7110
7090
7340
7900
8950
5260
6390
7240
6740
6920
7310
7670
8550
7880
8250
4910
6640
6990
7260
7200
7760
6650
7130
8050
8510
5110
7880
7070
7230
7440
7620
8000
8010
8630
8240
5150
6820
7280
7500
7210
7970
8170
8220
8740
8890
4910
6340
7880
7870
7170
7440
7540
7940
8440
8820
5450
6600
6710
6710
7090
6950
7750
7760
7890
8600
5290
7350
7940
7060
7020
7480
7580
8040
7950
8780
4920
6750
7880
7140
7430
7550
9180
8160
8140
8250
5450
7140
6960
7110
7390
7580
7860
6420
7600
8660
5920
7470
7500
7300
7380
7520
8220
7830
8060
8320
4940
6450
6810
6750
7270
7320
7460
8030
8070
8470
5200
6570
6870
7400
7730
8040
8140
8300
8270
9140
5110
6890
6980
7470
7470
7910
8030
8200
8750
8430
5700
6850
7060
7040
7460
7810
8180
8440
8660
8590
5080
7350
6950
7160
7790
7780
7970
8190
8330
8340
5130
6670
6910
7000
7070
7860
7660
8000
8120
8680
5100
6680
7090
7110
7470
7610
8160
8440
8310
8610
5100
6720
7950
7440
8300
8410
