0.134214
0.080032
0.086896
0.086133
0.175972
0.319254
0.352509
0.307943
0.246200
0.455734
0.681588
0.857447
1.119125
1.373231
1.820193
2.324737
2.967008
3.601129
4.130999
4.617655
4.934583
5.045392
4.769964
4.462121
3.997204
3.420763
2.843085
2.250955
1.760170
1.283486
0.775403
0.781025
1.480785
2.315515
2.801581
3.240049
3.630166
3.960770
4.349413
4.735259
5.005232
5.012650
4.778172
4.426162
3.948488
3.487889
3.150170
2.712731
2.225298
1.753178
1.246270
0.692368
0.334945
0.204883
0.611030
1.066822
1.486582
1.910697
2.143979
2.502607
2.958293
3.293938
3.565325
3.612202
3.504747
3.027303
2.645343
2.200809
1.676182
1.243583
0.845874
0.581035
0.557325
1.049971
1.676405
2.350948
3.006157
3.422414
3.745151
4.021171
4.226588
4.444087
4.924057
5.201114
5.595609
5.999571
6.509883
7.040648
7.436471
8.142277
8.678844
9.267807
9.936158
10.660023
11.351661
12.269807
12.810248
13.474651
14.222994
14.836650
15.290589
15.799679
16.121101
16.166037
15.939392
15.515367
15.362001
14.885004
14.595189
14.420801
13.989817
13.537735
13.257139
13.019785
12.847362
12.706083
12.445056
12.205953
12.089510
11.775246
11.528826
11.281633
11.058400
10.835018
10.490026
10.231280
10.169502
10.200985
10.501381
10.869110
11.326114
11.947444
12.523572
13.261964
13.923451
14.551682
15.015758
15.475614
15.882993
16.438186
16.945967
17.405864
17.920502
18.336171
18.871155
19.399907
19.945441
20.483334
20.995361
21.413865
21.528984
21.200498
20.475059
19.686119
18.599607
17.391302
16.594610
16.098063
15.930357
16.065124
16.221276
16.526037
16.947639
17.389317
17.813780
18.231180
18.536592
19.012210
19.390945
19.726607
20.031951
20.163550
20.052842
19.573816
19.128908
18.808509
18.559167
18.257539
18.030429
17.895002
17.677541
17.489230
17.322354
17.121464
16.899735
16.707796
16.492099
16.375735
16.195548
15.815684
15.557438
15.051415
14.744575
14.391547
14.277336
14.196422
14.447971
14.745408
14.847609
14.820834
14.423494
14.358032
14.454184
14.544000
14.560646
14.542490
14.568860
14.640419
14.714327
14.829551
14.936734
15.075953
15.142870
15.477935
15.571301
15.622617
15.547092
15.779950
15.851047
15.953027
15.934072
15.810343
15.668135
15.439028
15.336977
15.200594
14.980396
14.655020
14.122970
13.602364
12.847544
12.332301
11.547772
11.029157
10.417780
9.954881
9.371162
8.854153
8.098518
7.530541
6.846007
6.415845
6.135572
5.837871
5.596688
5.319532
5.411128
5.129127
5.215922
4.852581
4.541979
4.284920
4.155689
3.935538
3.580687
3.660838
3.529141
3.446563
3.521290
3.458553
3.441603
3.779934
3.977799
4.156313
4.391769
4.647278
4.892935
5.127766
5.356062
5.787780
6.297514
6.826458
7.383789
7.884508
8.156430
8.535947
8.933741
9.449203
9.735877
9.698196
9.311657
8.855311
8.480121
8.134403
7.863255
7.876827
7.797778
7.846631
7.678065
7.603551
7.445327
7.287087
7.129753
6.999291
6.946690
6.836862
6.644852
6.691242
6.613587
6.715538
6.889244
7.061112
7.440220
7.746142
8.214454
8.463955
8.329530
7.957052
7.680873
7.531209
7.415581
7.262879
7.088649
7.010877
6.892415
6.950687
7.050331
7.257600
7.563022
7.986620
8.357172
8.735596
9.158295
9.525289
9.789854
9.978022
9.884114
9.527710
8.988522
8.643730
8.301285
7.886243
7.536119
7.175076
6.776905
6.481606
