1.962988 2.089821
2.006425 2.148093
2.069998 2.291013
2.135911 2.483758
2.249577 2.720109
2.403132 2.956187
2.582925 3.259110
2.798881 3.526532
3.041191 3.791596
3.317913 4.058182
3.615995 4.333362
3.897665 4.613880
4.181314 4.872920
4.446469 5.115885
4.725814 5.342542
5.003151 5.587198
5.218991 5.782482
5.126994 5.859576
5.075103 5.921560
5.086304 5.932088
4.980182 5.785372
4.829793 5.691471
4.725446 5.538212
4.523537 5.396170
4.385885 5.309482
4.317025 5.174051
4.178679 5.060783
4.055471 5.040480
3.996264 4.908886
3.874940 4.828190
3.750950 4.742674
3.857924 4.767645
4.014765 4.880869
4.223087 5.018095
4.488639 5.252894
4.680887 5.434389
5.045742 5.729169
5.412363 6.094127
5.930072 6.592464
6.447402 7.023936
6.868116 7.442376
7.202150 7.768056
7.474958 7.905030
7.636272 7.959727
7.753488 8.053112
7.779370 8.050816
7.724975 8.025645
7.520786 7.919874
7.343294 7.902049
7.307060 7.732467
7.080146 7.634882
6.848525 7.504807
6.708662 7.386899
6.416551 7.198571
6.075883 6.979992
5.788649 6.820793
5.596996 6.668132
5.425006 6.566982
5.219231 6.356573
4.996041 6.237765
4.798093 6.053174
4.707807 5.917996
4.244297 5.713926
3.786864 5.219628
3.349642 4.878114
3.154743 4.663530
2.989670 4.508328
2.985245 4.358735
2.986279 4.289157
3.029199 4.282095
3.046141 4.252695
3.076321 4.176689
3.146389 4.298330
3.316889 4.387504
3.442440 4.422093
3.718289 4.674336
4.016755 4.957156
4.394007 5.271654
4.722558 5.606057
5.092431 5.857487
5.433439 6.052955
5.818114 6.334272
6.354977 6.633584
6.833109 6.984390
7.401393 7.400140
7.823760 7.836750
8.287783 8.298574
8.789117 8.717951
9.175889 9.195288
9.587464 9.670554
9.998334 10.080840
10.373306 10.428360
10.686084 10.735851
11.015272 11.058716
11.325163 11.438868
11.609240 11.745286
11.852345 12.079927
12.111759 12.416832
12.411468 12.536852
12.668116 12.742637
13.215378 12.966852
13.455333 13.092760
13.450865 13.237405
13.498756 13.219199
13.555798 13.158310
13.540739 13.093107
13.506875 13.015622
13.394089 12.961082
13.345962 12.933336
13.358987 13.026702
13.356048 13.049155
13.296871 13.146432
13.343525 13.209096
13.316597 13.185857
13.344812 13.255351
13.364795 13.343626
13.418654 13.379804
13.502977 13.439547
13.552452 13.556575
13.662156 13.627115
13.724233 13.767145
13.784530 13.867475
13.793044 13.908942
13.708106 13.938966
13.791809 14.054932
13.751407 14.094962
13.685794 13.928631
13.590922 13.729286
13.399483 13.594559
13.275299 13.561121
12.950265 13.480630
12.823847 13.304882
12.691535 13.221498
12.720062 13.252840
12.615862 13.259850
12.691749 13.244153
12.755870 13.273728
12.855633 13.140479
12.910981 13.179620
12.918157 13.160480
12.926238 13.155193
12.781570 13.095646
12.552308 12.904306
12.107892 12.607405
11.766879 12.540538
11.714614 12.341017
11.643485 12.157687
11.374292 11.982062
11.324314 11.847102
11.292653 11.669239
11.168729 11.607299
10.867327 11.475685
10.830873 11.316559
10.471710 11.006328
10.347278 10.908198
10.163578 10.775751
10.169365 10.802449
10.241369 10.908614
10.551412 11.168689
10.906047 11.440029
11.173631 11.663598
11.816687 12.208039
12.262136 12.689209
12.344879 12.864695
12.418852 13.032631
12.350900 13.099421
12.195527 13.186013
11.694468 12.795136
11.449306 12.650592
11.468083 12.619891
11.262106 12.452198
11.179175 12.336246
11.185409 12.420303
11.139421 12.396783
10.517556 12.100056
9.999423 11.925209
9.559500 11.570034
8.347352 10.922880
8.132061 10.686795
7.763343 10.561587
7.480365 10.259414
7.430199 10.269539
7.355218 10.414366
7.500508 10.575389
7.249016 10.019393
7.185768 9.700493
7.243786 9.493552
7.347969 9.526773
7.048050 9.557482
7.132238 9.655651
7.253949 9.626877
7.466016 9.778609
7.676664 10.139725
7.914214 10.336315
8.150564 10.527356
8.019068 10.565801
8.039424 10.694445
8.014915 10.637702
7.642346 10.618583
7.376011 10.457491
7.102018 10.029725
6.652345 9.718630
6.308016 9.450710
6.286780 9.348405
6.371589 9.428118
6.510556 9.482129
6.613197 9.597992
6.785975 9.659775
6.915572 9.278145
6.969084 9.191122
6.679757 8.997513
6.614917 8.993782
6.511480 8.979414
6.340480 8.753998
6.247809 8.777978
6.159845 8.727917
6.141463 8.678586
6.123174 8.735534
5.990897 8.521771
5.972884 8.587463
5.995403 8.672462
6.066246 8.722459
6.083299 8.458971
6.282592 8.646311
6.471601 8.830916
6.820850 9.233492
7.081184 9.548167
7.215234 9.634534
7.354253 9.780388
7.260682 9.735904
6.984348 9.588166
6.781460 9.203823
6.561596 9.147852
6.450599 9.200992
6.253007 9.281242
5.957257 9.316128
5.872004 9.297186
5.759903 9.220642
5.449622 8.944265
5.234414 8.648072
5.012737 8.383842
5.072732 8.142785
5.197481 8.229203
5.230005 8.375074
5.348072 8.539322
5.530634 8.763194
5.750268 9.148042
6.015807 9.355713
6.260748 9.653426
6.472251 9.803391
6.562889 9.901867
6.670079 9.909167
6.657865 9.861998
6.616826 9.778445
6.576670 9.759522
6.724087 9.833267
6.887526 9.999879
7.005750 10.192307
7.095015 10.268186
7.103935 10.306051
6.935601 10.067107
6.962779 9.995279
6.718957 9.727895
6.687568 9.653384
6.726129 9.742068
6.697978 9.783988
6.728889 9.883089
6.739507 10.013203
6.649248 10.214941
6.789675 10.393324
6.635283 10.486735
6.601908 10.488125
6.774953 10.515763
7.002786 10.709282
7.310592 11.123262
7.843544 11.690082
8.299888 12.702567
8.545916 13.556091
8.685631 14.073233
8.743896 14.326332
8.720764 14.537239
8.579392 14.630935
8.390397 14.461855
8.147473 14.248888
7.651361 14.043694
7.335468 13.947042
7.170940 13.681843
6.939314 13.478385
6.657948 13.330235
6.516493 13.191618
6.351262 12.862499
6.165592 12.339200
6.027698 11.712672
5.862804 11.206116
5.809903 11.108335
5.700465 11.005664
5.911455 11.066840
6.198063 11.310930
6.548712 11.557678
7.038124 11.903597
7.258784 12.011080
7.460207 12.110705
7.643649 12.147041
7.571154 11.989828
7.404443 11.578789
7.201460 11.316101
7.025035 11.319652
6.955724 11.338460
7.034064 11.430523
7.026435 11.592527
7.201128 11.977082
7.295186 12.352644
7.360727 12.459454
7.357231 12.237211
7.196906 11.810203
6.992340 11.418386
6.881449 10.892109
6.715736 10.748552
6.438657 10.603346
6.435025 10.521509
6.216260 10.533118
6.241773 10.517850
6.253800 10.547291
6.209003 10.588740
6.081340 10.502802
6.129440 10.381103
6.211393 10.133441
6.088123 9.835956
5.990468 9.449797
5.987591 9.273813
5.911873 9.190323
5.797988 8.875948
5.882559 8.717414
5.874760 8.542695
5.922116 8.446801
5.965124 8.305978
