3760
3730
3730
3940
4180
3790
3790
3810
3790
3950
3770
3810
3850
4380
3930
3860
4600
4170
4540
4100
4650
4600
3910
3880
3900
4050
3960
3920
3960
4160
3970
3920
3920
3970
4010
4020
4020
4010
4100
4310
4250
4250
4900
4540
4240
4190
4180
4170
4300
4620
4340
4080
4010
4030
4040
4120
4160
4490
5080
4890
4120
4020
3950
3990
4010
3980
3900
3910
3920
4160
4020
3930
3970
4000
3990
3930
3940
4090
3940
4130
3970
3920
3910
3910
3910
3910
3880
3880
3890
4030
3850
3860
3850
3850
3950
3830
4440
3750
3940
4110
3990
4060
4030
4640
4890
4870
4020
3940
3910
4120
3950
4210
4940
4950
4590
4770
4920
4670
4510
4530
4400
4500
4560
4630
4630
4520
4780
4620
4670
4900
4610
4720
4950
5220
4740
4690
4690
4650
4700
4990
4680
4630
4660
4500
4360
4370
4440
4450
4630
4730
4670
5000
5160
5010
4560
4230
4830
4250
4150
4260
4090
4090
4160
4130
4180
4200
4870
5350
4410
5310
5340
4710
4380
4930
4620
4600
4510
4640
4710
5250
4820
4850
4860
5410
4760
5270
4580
4450
4860
4760
4380
4700
4300
5110
4400
4330
4340
4400
4430
4760
4420
4890
5100
4680
4370
4370
4460
4390
4480
5630
5560
5390
4880
4220
4290
4160
4580
4030
4100
4320
4370
4270
4470
4520
4950
4830
4690
4700
4650
4830
4640
4530
4520
4840
4860
4920
4920
4810
5250
5920
5650
5150
4840
4470
4550
4340
4280
4920
4460
5540
5340
5270
3800
4350
4380
4400
4380
4480
5450
4910
4390
4520
4510
4440
4490
4620
4380
4280
4360
4490
4330
4500
4670
5430
5840
4910
4450
4420
4540
4670
4430
4530
4450
4410
4450
4590
5150
5200
4960
6220
5950
5140
4980
3300
3000
3420
4720
4640
4640
4880
4620
4580
4760
4620
4580
4510
4510
4490
4520
4800
4830
4860
4330
4490
5430
5640
5730
5310
4480
4630
4460
4330
4400
4390
4480
4530
4830
5380
4680
4780
5110
4850
4820
4680
4750
4870
