40
4440
4550
4660
4890
5000
6060
5110
5230
5860
3510
4450
4560
4700
5540
5640
5840
5910
5960
6050
3930
5160
5250
5510
5530
5600
5740
5710
6040
6090
3860
5190
5430
5440
5600
5750
5880
5270
5300
5530
3430
5230
6500
5510
4960
4970
5060
7030
6420
5370
3420
4700
4480
4880
5920
5220
5150
5290
5560
5580
3580
4590
4750
4850
5090
5040
5190
5160
5290
6920
4070
5410
5430
5630
5720
5820
5880
6090
5660
5630
3330
4480
4570
4710
4490
5580
5230
5090
5550
7000
3830
4290
4660
4800
5420
5860
5530
5360
6480
7470
4410
5410
6420
6560
6680
6490
5040
6030
5220
5350
3210
4480
4590
4670
4790
4920
5050
5120
5310
5350
3310
5200
4610
4810
4940
5100
5670
7190
6540
5380
3350
4460
4560
4690
4850
4980
5450
5350
5270
5400
3370
4470
4580
4710
4810
5580
6670
6800
5560
5390
3350
4490
4590
4700
4840
5120
5250
7160
5710
5390
3390
4470
4560
4740
4780
4930
5080
5630
7380
7500
4920
6100
4590
4770
4850
4920
5060
5160
5280
5900
4910
6370
4710
4670
4830
5020
5680
5240
5940
5560
3720
5040
5010
5350
6460
6140
5060
4480
6940
7160
4670
6030
6180
6310
6490
6500
5030
5190
5390
5350
3370
4480
4660
4890
4820
4930
5750
5590
5650
6400
4170
5180
5310
4680
4820
5730
5950
6170
6200
6100
4280
4440
4710
4710
5200
4920
5090
4940
4950
5380
3350
4480
4600
4710
4820
5530
6240
5140
5310
5380
3360
4690
5420
6010
4970
6290
6370
5440
5380
6120
4760
5270
5760
6520
5880
5080
6390
5320
5360
5810
3550
4520
4580
4730
4770
4890
5000
5150
5330
5820
4870
6280
4680
5290
4860
6040
5010
5120
5380
5660
3360
4690
5660
6670
5230
4910
5030
5170
5280
5370
3380
4490
4950
5800
6370
6130
5080
5730
5660
5390
3750
5010
5390
6490
6710
6690
6820
5510
5820
5840
3920
5210
5260
5350
5390
5910
6500
5270
5730
5400
3360
4520
4770
5520
5470
4960
