0.362345
0.410981
0.342378
0.248059
0.204815
0.248556
0.298609
0.360066
0.454293
0.582775
0.554664
0.655980
0.671584
0.669263
0.577337
0.553451
0.884170
1.413639
1.960983
2.520711
2.790915
2.823267
2.550302
2.206995
1.988441
1.892496
2.044198
2.174221
2.397307
2.631116
2.960296
3.312691
3.735272
4.170934
4.725817
5.239750
5.837138
6.412175
6.982831
7.465657
7.821680
8.053899
8.155695
7.943459
7.432257
7.020460
6.601432
6.072419
5.627425
5.156593
4.746170
4.424647
4.000179
3.704181
3.400688
3.280111
3.128214
3.130382
3.192671
3.103989
3.206710
3.665130
4.007341
4.432861
4.528733
4.630387
4.760174
4.769681
4.792301
4.876920
5.002764
5.325889
5.679627
6.004700
6.353108
6.691899
6.949559
7.315474
7.671396
8.168001
8.465649
8.909833
9.319953
9.800019
10.144569
10.494806
10.885260
11.195122
11.479807
11.875969
12.260093
12.631279
13.105039
13.540763
13.931040
14.497029
15.015692
15.367102
15.853526
16.357176
16.707884
17.068750
17.461478
17.491398
17.222166
16.773156
16.362608
15.988141
15.588488
15.236808
14.909675
14.451318
14.181168
13.651075
13.092580
12.854917
12.466326
12.038622
11.528729
11.122314
10.604730
10.165782
9.790461
9.289585
8.853183
8.714464
8.889663
9.287514
9.583880
9.828443
10.075073
10.322414
10.556526
10.813687
11.015189
11.282256
11.769718
12.259452
12.558409
13.063229
13.422313
13.842997
14.272713
14.669727
15.062104
15.497211
16.021978
16.427862
16.895827
17.367768
17.700667
18.029745
18.223750
18.503352
18.788891
19.081156
19.413009
19.687100
19.879773
20.179935
20.478544
20.799657
21.135488
21.403328
21.741945
22.082907
22.432504
22.876529
23.185011
23.512689
23.884803
24.049903
23.886266
23.418039
22.956787
22.615591
22.233312
21.871369
21.530595
21.163392
20.864470
20.488247
20.307616
20.087340
19.828526
19.437408
19.291000
19.005108
18.675950
18.429725
18.202370
17.974837
17.827177
17.580001
17.530825
17.367660
17.264391
17.130256
16.838821
16.378404
16.055778
15.973635
16.268264
16.496086
16.864381
17.149484
17.413317
17.641197
17.885082
18.149506
18.485150
18.821356
18.965012
19.312136
19.656383
19.953125
20.539122
21.100399
21.501372
21.900287
22.329229
22.869632
23.379347
23.807481
24.276540
24.492838
24.538024
24.412351
24.002266
23.672134
23.130534
22.742542
22.388404
22.073818
21.693768
21.277417
20.912215
20.511326
20.199744
19.986385
19.548022
19.082808
18.777706
18.293847
17.959728
17.819751
17.721543
17.535422
17.271829
16.932713
16.621918
16.191014
16.065460
16.201070
16.501762
16.829763
17.070378
17.344338
17.604992
18.097273
18.461533
18.848957
19.275407
19.672158
20.027929
20.304218
20.667579
21.159675
21.509819
21.961313
22.394084
22.682387
23.090830
23.502625
24.033461
24.723088
25.208959
25.545290
25.402615
25.134190
24.709068
24.260392
23.804341
23.627810
23.248775
22.857942
22.467601
21.986829
21.654460
21.246846
20.520032
19.982958
19.633907
19.203415
18.809364
18.447199
18.077941
17.715860
17.388931
16.873863
16.578147
16.431117
16.124401
16.098364
15.550131
15.298049
15.373374
15.722846
16.110867
16.578267
16.818646
17.069795
17.388687
17.662426
18.111945
18.477106
18.853793
19.286467
19.693895
20.085902
20.478252
20.788645
21.310669
21.702728
22.060086
22.421220
22.787898
23.065669
23.253040
23.565608
23.707652
23.863397
24.115545
24.196827
24.710756
25.280864
