0.155827
0.206037
0.187092
0.157776
0.107719
0.204071
0.427117
0.729819
0.915762
1.195158
1.485823
1.811923
2.130095
2.498253
2.894375
3.518947
4.017081
4.610318
5.041921
5.388524
5.640084
5.653372
5.311093
4.738545
4.233925
3.705200
3.184071
2.685840
2.188267
1.642752
1.210784
0.978830
0.843774
0.833223
1.053582
1.466304
1.731406
2.075316
2.436593
2.778327
3.042577
3.169369
3.100941
2.800870
2.381271
2.045021
1.831973
1.858297
1.987953
1.830691
1.920470
2.043507
2.245216
2.551244
2.919137
3.290152
3.800327
4.270609
4.830044
5.380160
5.605172
5.737949
5.954466
6.074278
5.943391
5.560204
5.239614
4.850976
4.541285
4.236713
4.010899
3.802623
3.697976
3.522964
3.489314
3.570260
3.668280
3.898176
4.149963
4.526136
4.914821
5.497500
5.970945
6.435972
6.879030
7.356274
7.875576
8.317324
8.840612
9.547849
10.305021
11.196271
11.839449
12.580201
13.013775
13.677956
14.145696
14.726412
15.339986
16.025343
16.616572
17.203793
17.416080
17.379926
17.043013
16.522700
15.991020
15.451534
14.916643
14.408064
13.902445
13.437464
12.937290
12.451901
12.027730
11.656958
11.118818
10.690317
10.145044
9.631062
9.280903
8.879731
8.634895
8.136963
7.746297
7.632823
7.633735
7.900656
8.245218
8.686442
9.241477
9.800781
10.354206
10.905374
11.500395
12.105036
12.623950
13.028243
13.721602
14.216952
14.839393
15.302226
15.908114
16.447995
17.076452
17.540581
18.277820
18.768102
19.271996
19.612651
19.933835
20.326328
20.359132
20.339720
20.056402
19.964082
20.065409
20.106135
20.060584
20.386095
20.638812
21.124815
21.350668
21.657556
22.205116
22.741092
23.283089
23.955755
24.413973
24.810945
25.220004
25.350204
25.161525
24.819701
24.244410
24.075305
24.040948
23.632823
23.329330
22.983378
22.953591
22.793555
22.483932
22.211297
22.046486
21.793343
21.544828
21.329014
21.114245
20.897405
20.728410
20.538913
20.419012
20.377692
20.296706
20.195327
20.148901
20.086365
19.915860
19.664838
19.382106
19.427014
19.782078
19.971279
20.018627
20.245571
20.520391
20.727090
20.954334
21.158823
21.612106
22.052007
22.569960
22.829816
23.176721
23.626592
23.930201
24.377765
24.921592
25.318050
25.658064
26.186415
26.504267
26.820984
27.204793
27.608087
27.494059
27.357886
27.161525
26.965077
26.693651
26.334867
26.306650
26.089628
26.014271
26.039655
25.992480
25.860184
25.923167
25.579350
25.462928
25.254355
25.028734
24.822220
24.743252
24.851888
24.500935
24.483722
24.257943
24.512381
24.509357
24.438998
24.455831
24.862455
25.516962
25.789387
26.367602
27.023555
27.560163
28.259670
28.913270
29.325700
29.910876
30.323833
30.921467
31.399747
31.978273
32.376549
33.007929
33.516500
34.115560
34.524295
34.997523
35.329827
35.736109
36.161661
36.377897
36.406662
36.136518
35.764766
35.359525
34.917300
34.473553
33.903674
33.476020
33.017809
32.562442
32.144123
31.927905
31.430470
31.019996
30.623709
30.199213
29.830415
29.366835
28.869022
28.344039
27.887887
27.410999
26.938522
26.448303
25.981856
25.674414
25.343017
24.881592
24.742274
25.035237
25.570659
26.036108
26.511144
26.895762
27.347428
27.769899
28.234422
28.629514
29.028176
29.449451
29.877999
30.303167
30.722667
31.237996
31.853406
32.464872
33.005473
33.488946
33.931521
34.280716
34.670479
34.832895
35.056196
35.325650
35.591757
35.818114
36.141721
36.357060
36.569394
