140
220
320
470
560
660
740
830
920
1030
1120
1110
1120
1130
1110
1110
1120
1120
1130
1130
1120
1120
1140
1140
1140
1140
1130
1140
1110
1130
1120
1120
1110
1120
1120
1120
1140
1130
1120
1120
1140
1180
1130
1140
1190
1360
1180
1170
1170
1190
1160
1180
1260
1290
1200
1190
1210
1260
1160
1160
1160
1150
1160
1160
1160
1170
1160
1150
1150
1140
1130
1130
1140
1150
1140
1150
1150
1140
1130
1120
1170
1140
1150
1190
1160
1160
1190
1270
1160
1180
1170
1180
1210
1210
1200
1180
1200
1190
1190
1180
1160
1200
1180
1220
1260
1190
1210
1190
1180
1170
1170
1160
1170
1170
1180
1200
1170
1170
1180
1240
1140
1140
1150
1210
1170
1170
1190
1210
1190
1130
1250
1120
1140
1110
1160
1130
1290
1080
1090
1100
1100
1090
1100
1100
1100
1110
1110
1110
1110
1120
1110
1100
1120
1170
1020
890
890
1130
1120
1120
1130
1120
1150
1140
1150
1160
1150
1160
1160
1140
1150
1150
1170
1180
1180
1180
1180
1180
1150
1170
1150
1150
1150
1160
1160
1200
1160
1170
1170
1150
1160
1160
1190
1190
1190
1200
1210
1190
1590
1020
1160
1170
1180
1190
1200
1190
1200
1190
1180
1170
1160
1170
1170
1180
1180
1190
1190
1180
1180
1170
1160
1170
1180
1190
1200
1200
1210
1200
1190
1190
1170
1180
1190
1200
1200
1190
1190
1190
1190
1170
1170
1180
1180
1190
1200
1200
1210
1200
1190
1180
1180
1180
1180
1190
1380
1190
1200
1180
1180
1170
1190
1230
1180
1200
1210
1190
1200
1190
1190
1170
1160
1200
1170
1180
1180
1230
1230
1230
1230
1230
1200
1210
1200
1250
1830
1580
1240
1220
1220
1210
1200
1200
1190
1230
1210
1230
1230
1210
1230
1200
1190
1200
1210
1220
1220
1210
1220
1230
1250
1320
1800
1800
1820
1250
1250
1260
1260
1260
1230
1210
1180
1220
1190
1200
1200
1210
1200
1200
1220
1180
1180
1190
1200
1220
1230
1730
