60
90
120
150
210
250
340
420
460
510
550
550
550
560
560
560
540
550
550
550
550
550
550
540
550
540
560
550
550
540
550
550
540
550
550
550
550
550
550
550
550
540
560
550
540
550
560
550
550
550
560
560
550
540
550
550
540
550
550
540
550
560
540
550
540
550
550
540
550
540
560
550
550
560
540
550
550
550
550
550
550
550
550
550
550
560
620
540
550
540
570
540
560
550
560
540
580
550
630
650
660
650
550
550
580
540
540
560
530
580
560
660
550
540
550
550
550
540
550
540
540
550
550
540
560
540
550
550
540
550
550
540
550
550
540
550
550
550
540
550
560
550
550
550
550
550
550
550
550
570
550
560
550
550
570
540
550
550
570
580
550
560
550
550
550
550
550
560
560
550
570
580
560
550
550
550
550
550
550
570
550
570
560
560
550
600
560
550
550
540
580
550
580
550
540
580
550
550
550
550
590
560
570
550
550
550
550
570
570
540
570
550
540
550
550
560
540
550
550
550
550
590
570
590
550
550
560
580
550
570
560
560
540
590
590
550
550
550
580
550
550
550
530
550
550
540
550
550
560
550
610
620
550
550
540
590
560
560
550
550
550
560
540
560
600
590
730
860
810
540
530
540
530
530
530
530
540
530
530
530
550
530
530
560
520
530
530
530
530
530
550
560
530
560
530
560
540
530
550
560
540
540
540
530
530
540
530
540
530
560
570
610
840
840
840
840
840
850
840
710
610
530
530
530
530
530
530
530
540
530
540
530
540
530
530
530
