80
90
90
90
90
90
80
90
80
90
90
90
80
90
80
80
130
130
130
140
140
120
130
140
120
130
130
140
180
190
190
190
190
190
180
230
230
300
290
290
300
290
290
290
300
340
350
350
350
350
350
340
360
340
350
350
350
410
410
410
400
400
470
470
470
470
460
460
470
480
460
470
470
470
470
460
480
460
480
460
470
470
470
460
530
530
530
520
540
520
540
530
600
590
600
590
590
590
590
600
600
600
590
590
590
600
650
650
660
650
670
660
660
660
670
670
670
670
690
680
690
690
770
770
780
790
790
780
770
780
790
780
770
780
940
930
700
830
830
830
830
900
930
1010
1020
1010
1000
1000
1080
1080
1080
1080
1070
1170
1160
1170
1150
1160
1170
1160
1240
1240
1240
1330
1340
1420
1450
1550
1650
1650
1670
1670
1670
1670
1660
1680
1670
1690
1670
1820
1840
1840
1840
1820
1930
1920
1920
1930
1920
1930
1940
1930
1910
1910
1920
1910
1920
1910
1920
2010
2140
2130
2120
2110
2130
2050
2050
2060
2110
2110
2040
2060
2080
2160
2120
2250
2200
2310
2310
2360
2370
2340
2400
3010
2430
2430
2560
2560
2550
2540
2580
2580
2600
2610
2620
2650
2640
2630
2760
2750
2680
2700
2670
2730
2670
2680
3760
3860
2830
2670
2750
2670
2700
2690
2700
2680
2510
3010
2870
2940
3350
2930
2940
2910
2900
3850
3160
2860
3260
3090
3890
3490
4010
3110
3160
3140
3160
3110
3120
3090
3090
3120
3220
3430
3280
3170
3280
3240
3250
3280
3280
3480
3440
3380
3570
3460
3550
3580
3340
3480
3480
3470
3560
4240
3970
3460
3830
3450
3450
3450
3450
3440
3450
3430
3440
3440
3440
3430
3590
3580
3580
3560
3570
3890
3370
3420
5030
3990
3920
4050
4080
4080
4060
4070
4010
4240
