0.374260
0.387103
0.346973
0.254394
0.345276
0.519289
0.602409
0.645062
0.592398
0.511320
0.443054
0.410273
0.453877
0.563373
0.701266
0.892622
1.323212
1.827241
2.281012
2.616806
2.824018
2.689314
2.318770
1.970084
1.584333
1.092266
0.673231
0.681831
1.184580
1.821513
2.458998
3.047809
3.583786
4.076735
4.487167
4.982390
5.285977
5.667362
6.054644
6.468702
6.855139
6.966431
6.983079
6.715216
6.061863
5.507999
4.925382
4.472705
3.998491
3.367879
2.657527
2.158500
1.851384
1.630918
1.290645
1.061184
0.700199
0.646341
0.682040
1.082447
1.599527
1.937473
2.252526
2.326712
2.090464
1.830474
1.578030
1.516542
1.564753
1.769054
1.991989
2.422570
2.791433
3.281543
3.776263
4.193486
4.570599
4.980894
5.325456
5.614787
5.819256
6.091333
6.424536
6.834036
7.404296
7.918599
8.411141
8.785263
9.141009
9.650370
10.251247
10.749301
11.240368
11.882694
12.697786
13.225081
13.766941
14.459655
15.064121
15.674743
16.302857
16.811939
17.323897
17.614276
17.418536
17.079777
16.880947
16.704988
16.513455
16.311578
15.971117
15.728310
15.388191
15.114990
14.880231
14.774742
14.700409
14.606151
14.450276
14.489228
14.176527
13.973964
13.912631
13.953179
13.934588
13.964654
14.616689
15.167359
15.573055
15.897770
16.072306
16.339650
16.680627
17.078785
17.442318
17.755352
18.091296
18.555776
19.113710
19.517412
19.780827
20.204923
20.862746
21.312903
21.790212
22.243393
22.671880
23.175707
23.502133
23.780104
24.081774
24.394837
24.822770
25.277789
25.538165
25.835440
26.367308
26.847717
27.677879
28.258784
28.916500
29.593690
30.269273
30.956390
31.473942
32.164855
32.621855
33.315952
33.988023
34.595766
35.049702
35.247923
35.316776
35.017480
34.662829
34.329710
33.916234
33.562397
33.209130
32.940697
32.644798
32.447375
32.302120
31.954610
31.753647
31.615371
31.145659
30.870150
30.399451
29.915486
29.486679
29.061515
28.596648
28.186979
27.772475
27.445861
27.115710
26.812256
26.450152
26.154259
25.961796
26.182262
26.635848
27.074821
27.517660
27.966755
28.451189
28.848757
29.255687
29.915104
30.384118
30.957162
31.622231
32.164632
32.740441
33.485083
34.475389
34.893319
35.463298
36.087542
36.630938
37.150251
37.622444
37.992228
38.534289
38.810969
38.807524
38.509681
38.105481
37.548910
37.124307
36.702083
36.465265
36.191185
35.530894
35.130145
34.684767
34.156738
33.816379
33.336578
32.892584
32.444073
32.043444
31.553952
31.079927
30.598665
30.178266
29.843487
29.423314
29.029307
28.711566
28.526298
28.544642
28.799700
29.194250
29.626193
30.039308
30.469105
30.847763
31.312722
31.743571
32.242918
32.802888
33.381247
34.018857
34.593858
35.139720
35.610784
36.099005
36.509002
37.072532
37.635447
38.040887
38.448282
38.926768
39.445061
39.643631
39.768268
39.568598
39.222846
38.758619
38.288074
37.809285
37.405108
37.034752
36.380349
35.880734
35.465650
34.941483
34.612298
34.198498
33.723142
33.227767
32.862663
32.355174
31.929127
31.516663
31.185473
30.831742
30.537612
30.152914
29.792610
29.553625
29.262290
29.029500
29.062234
29.282411
29.750510
30.231563
30.656292
31.122746
31.622708
32.153572
32.657039
33.207494
33.750204
34.258833
34.979882
35.553503
36.333697
36.882918
37.529018
38.156508
38.581432
39.111345
39.704412
40.120918
40.460591
40.616792
40.809502
41.004202
41.196017
41.372374
41.626849
41.853435
42.021230
