20
1740
1770
1810
1830
1880
1910
1940
1980
2010
1310
1780
1800
1840
1870
1910
1940
1990
2010
2050
1310
1770
1800
1820
1870
1890
1930
1970
2010
2040
1300
1770
1810
1840
1880
1910
1940
1980
2020
2050
1300
1750
1790
1810
1850
1880
1920
1950
1980
2020
1310
1750
1790
1810
1840
1880
1920
1950
1990
2020
1310
1760
1790
1820
1860
1880
1940
1950
2000
2030
1310
1750
1780
1820
1850
1880
1910
1950
2000
2030
1300
1750
1780
1820
1840
1890
1920
1950
1990
2020
1300
1760
1780
1820
1840
1880
1920
1950
1990
2020
1310
1750
1790
1810
1860
1880
1930
1960
1990
2030
1300
1760
1780
1820
1850
1890
1920
1950
2000
2020
1300
1750
1780
1820
1850
1880
1910
1950
1980
2030
1310
1760
1780
1820
1850
1880
1930
1950
1990
2030
1300
1740
1780
1810
1840
1900
1920
1950
1980
2030
1310
1750
1780
1810
1860
1880
1920
1950
1990
2020
1310
1750
1780
1810
1850
1880
1910
1960
1980
2030
1310
1750
1780
1820
1860
1880
1920
1960
1990
2020
1300
1750
1780
1810
1850
1880
1920
1950
1990
2020
1310
1740
1780
1820
1840
1880
1920
1950
1980
2020
1310
1750
1780
1810
1840
1880
1920
1950
1980
2040
1310
1760
1780
1820
1860
1890
1920
1960
2010
2030
1310
1750
1780
1810
1840
1880
1920
1950
1990
2010
1310
1750
1780
1810
1850
1890
1910
1950
1990
2030
1310
1750
1780
1830
1840
1880
1920
1950
1990
2030
1310
1740
1780
1820
1840
1880
1920
1940
1990
2020
1310
1750
1780
1810
1850
1890
1920
1950
1990
2030
1310
1750
1780
1810
1850
1890
1910
1960
2000
2020
1290
1730
1760
1790
1830
1860
1890
1930
1960
2000
1310
1750
1780
1820
1840
1880
1910
1950
1980
2020
1300
1740
1780
1800
1840
1870
1910
1950
1970
2020
1300
1750
1780
1820
1850
1880
1920
1950
1990
2020
1300
1730
1780
1800
1840
1870
1910
1960
1970
2010
1310
1750
1770
1800
1840
1880
1910
1940
1990
2010
1310
1750
1780
1820
1850
1880
1920
1950
1990
2030
1300
1740
1770
1830
1840
1860
1920
1940
1980
2010
1300
1740
1780
1800
1850
1870
1910
1940
1980
2010
1310
1750
1780
1820
1850
1890
1920
1960
1990
2030
1310
1750
1790
1820
1850
1880
1920
1960
1990
2020
1310
1750
1780
1820
1850
1890
1920
1960
1990
2030
1310
1740
1780
1810
1840
1880
1910
1940
1980
2010
1310
1750
1790
1810
1870
1880
1920
1960
1990
2030
1310
1740
1800
1810
1850
1880
1920
1960
1980
2040
1300
1740
1770
1800
1840
1870
1910
1960
1990
2010
1310
1750
1780
1820
1850
1890
1930
1960
2000
2030
1300
1760
1790
1820
1850
1890
1920
1950
1990
2020
1310
1750
1780
1810
1840
1870
1910
1940
1990
2020
1300
1750
1770
1810
1840
1880
1920
1940
1990
2050
1300
1750
1780
1820
1850
1880
1920
1950
1990
2030
1310
1750
1780
1810
1850
1880
1920
1960
1980
2030
1320
1770
1780
1830
1860
1890
1920
1950
2000
2040
1300
1760
1790
1820
1850
1880
1930
1960
2000
2030
1300
1760
1790
1820
1850
1880
1920
1950
1990
2030
1310
1760
1780
1810
1860
1890
1920
1960
1990
2030
1310
1750
1780
1810
1850
1880
1920
1950
2000
2020
1320
1770
1790
1820
1850
1890
1920
1950
2000
2020
1290
