30
50
60
90
100
120
150
160
190
200
220
220
230
220
220
230
220
220
220
230
220
220
220
220
220
220
230
220
220
220
230
220
220
230
230
230
230
230
230
230
230
230
230
230
230
230
230
230
230
240
230
230
230
230
230
230
230
230
230
230
230
230
230
230
230
230
230
230
240
220
240
230
230
230
230
230
230
240
230
230
230
230
240
230
230
240
230
230
240
230
230
240
230
230
240
230
230
240
230
230
240
230
240
230
230
240
230
240
230
230
240
230
240
230
240
240
230
230
240
240
230
240
230
240
230
240
230
240
230
240
230
240
230
230
240
230
240
230
240
230
230
240
230
240
230
230
230
230
230
230
240
230
230
240
240
230
230
240
230
240
230
240
230
240
230
240
230
240
230
240
240
230
240
230
240
240
230
230
240
230
240
240
230
240
230
240
240
230
240
230
240
240
230
230
240
240
230
240
230
240
230
240
230
240
230
230
240
230
230
240
230
230
240
230
230
240
230
230
240
230
230
230
230
240
230
230
240
230
230
230
230
240
230
230
230
230
240
230
230
230
240
230
230
230
240
230
230
240
230
230
230
230
240
230
230
230
230
230
230
230
240
230
230
230
230
230
230
220
240
230
230
230
230
240
220
230
230
230
230
230
240
230
230
230
230
230
240
230
230
230
230
240
220
240
230
230
230
230
230
230
240
230
230
230
230
240
230
230
230
230
230
220
240
230
230
230
230
230
230
240
230
230
230
230
230
230
240
220
230
230
230
230
230
240
230
230
230
230
230
230
240
230
230
230
230
230
230
240
220
240
230
230
230
230
240
230
230
230
230
230
230
230
230
230
230
230
240
220
230
230
230
230
230
230
230
240
220
240
220
240
230
230
230
230
230
230
230
230
230
230
240
230
230
230
230
230
230
230
230
230
230
240
230
230
230
230
230
230
230
230
230
230
240
220
240
230
230
230
230
230
230
230
230
230
240
220
240
230
230
230
230
230
230
230
230
230
230
230
230
240
230
230
230
230
230
230
230
230
230
230
230
220
240
220
240
230
230
230
230
230
230
240
230
230
230
230
240
230
230
230
230
240
230
230
230
230
240
230
230
240
230
230
230
230
240
230
230
230
230
240
230
230
240
230
230
240
230
230
230
230
230
230
230
240
230
230
230
230
240
230
230
240
230
230
240
230
230
240
230
230
230
230
240
230
230
240
230
230
230
230
240
230
230
240
230
230
240
230
230
240
230
230
230
230
240
230
230
230
240
230
230
230
240
230
230
240
230
240
230
230
230
