2.135780 1.985845
2.167429 1.994033
2.183676 2.051549
2.216094 2.111617
2.222930 2.196634
2.239839 2.328870
2.268746 2.460271
2.325180 2.609466
2.402120 2.795999
2.467418 2.998844
2.474269 3.081906
2.462833 3.237054
2.526560 3.408147
2.628086 3.572831
2.668725 3.605101
2.803896 3.725721
3.226714 4.066480
3.801120 4.597204
4.144431 4.978790
4.628898 5.221446
4.788569 5.271611
5.008054 5.454461
5.234278 5.590971
5.351368 5.696711
5.496468 5.794939
5.650679 5.925190
5.862097 6.108648
5.949215 6.225044
6.008102 6.306960
6.074723 6.457757
6.074399 6.449781
5.957787 6.355034
5.901360 6.212297
5.872171 6.057457
5.736735 5.895816
5.659219 5.652670
5.539579 5.688894
5.560686 5.505160
5.321579 5.176335
5.213190 5.101797
4.960075 4.965618
4.893601 4.791760
4.984035 4.835930
5.056150 4.925179
5.074207 4.918330
4.995588 4.964188
4.885500 4.895189
5.017254 5.030822
5.188521 5.200421
5.515412 5.381687
6.063439 5.895576
6.588074 6.391775
7.027113 6.804708
7.331738 7.067358
7.396766 7.107042
7.376403 7.092685
7.443642 7.013403
7.496434 7.046325
7.537836 6.901239
7.464744 6.864184
7.421281 6.814561
7.274026 6.801561
7.028473 6.697239
6.959294 6.509251
6.743270 6.312823
6.523741 6.059442
6.167963 5.873740
5.901698 5.557588
5.597360 5.279424
5.467652 5.181446
4.894933 5.042604
4.466428 4.555569
4.183544 4.097458
3.956502 3.935444
3.533141 3.972066
3.376929 3.848799
3.492341 3.612102
3.671374 3.702772
3.860023 3.756053
3.949482 3.818350
4.065678 3.912508
4.586379 4.285540
5.182436 4.767441
5.598825 5.161489
6.137409 5.520290
6.469182 5.702314
6.691124 5.794511
6.750979 5.781448
6.748824 5.607306
6.737365 5.585013
6.693636 5.566012
6.812342 5.656896
6.940219 5.812691
7.058200 5.921119
7.091398 5.933414
7.100230 5.989773
7.045032 6.057825
6.994427 6.035799
6.863160 5.938837
6.652315 5.743913
6.430752 5.547885
6.182928 5.479616
6.038576 5.295636
5.877738 5.197818
5.798592 5.168253
5.847227 5.212922
5.872190 5.282394
5.997237 5.422052
5.992312 5.582114
6.126449 5.658453
5.989963 5.650054
5.832149 5.462013
5.612368 5.324433
5.385141 5.213541
5.445390 5.212617
5.453227 5.008319
6.060443 5.509568
6.564604 5.947379
6.807642 6.094828
6.963091 6.193595
7.097867 6.318524
6.960497 6.365200
6.880486 6.290153
6.810439 6.276172
6.787138 6.302717
6.810900 6.386799
6.916147 6.534218
6.942074 6.662076
7.008746 6.784423
7.076698 6.859930
7.079288 6.726377
6.956179 6.500962
6.868770 6.448273
6.709307 6.508728
6.708269 6.462427
6.805533 6.538648
6.903939 6.600062
7.072105 6.785232
7.262814 6.994261
7.615912 7.363794
7.995258 7.686856
8.298223 7.941949
8.472509 8.185805
8.703686 8.413709
8.848164 8.543973
8.777341 8.785962
8.902551 8.873816
9.143337 9.214951
9.269490 9.416092
9.375261 9.603438
9.481040 9.737478
9.611021 9.933133
9.839124 10.195022
9.858918 10.326618
9.906845 10.427392
9.804457 10.413328
9.641997 10.469285
9.637483 10.478041
9.553261 10.419495
9.441733 10.324683
9.281224 10.256142
9.182566 10.293984
8.933818 10.227110
8.792316 10.092123
8.743311 10.021661
8.772723 9.930165
8.537232 9.766256
8.493680 9.645490
8.402814 9.646427
8.393704 9.707404
8.291169 9.705790
8.390699 9.760035
8.381296 9.960170
8.268374 9.983418
8.314363 9.986062
8.278845 9.902456
8.166176 9.941875
8.165201 9.939599
8.161399 9.994102
8.158154 10.063842
7.934144 9.876492
7.855474 9.715894
7.584583 9.476895
7.355712 9.286934
7.277121 9.157012
7.453833 9.553095
7.506183 10.023696
7.587535 10.259070
7.599636 10.396889
7.530269 10.415661
7.430071 10.469371
7.357731 10.472162
7.315658 10.373993
7.265847 10.162868
7.392421 10.163030
7.667276 10.240575
7.953451 10.648603
8.520912 11.381089
9.377519 12.196524
10.214747 13.153301
10.807278 13.823715
11.268769 14.254678
11.606033 14.634331
11.764378 14.785121
11.874830 14.927786
11.933748 14.938456
11.809013 14.862168
11.753090 14.772683
11.708286 14.756378
11.738603 14.659431
11.713173 14.681134
11.676508 14.694561
11.680292 14.622968
11.548599 14.544971
11.566084 14.437508
11.495008 14.260746
11.400971 14.162751
11.400276 13.995286
11.346098 13.796927
11.360855 13.663845
11.325962 13.599290
11.292057 13.515612
11.052644 13.513491
10.740052 13.318043
10.690123 13.136335
10.589547 12.819193
10.445095 12.420704
10.255618 12.135842
9.924454 11.907133
9.770909 11.790710
9.946513 12.406752
9.910674 12.721318
9.793476 12.807542
9.738896 12.926035
9.527665 12.827226
9.394862 12.521992
8.972149 12.360918
8.889846 12.270349
8.702490 11.937878
8.428049 11.875886
8.419260 11.833505
8.500229 11.903089
8.610842 12.153446
8.714286 12.196165
8.801162 12.303850
8.898597 12.422269
8.958717 12.535085
8.970208 12.484441
8.932258 12.482218
8.998999 12.590032
9.005983 12.612793
9.011138 12.406297
8.760098 12.255137
8.603434 11.927755
8.298745 11.404154
8.066597 10.935862
7.840979 10.634408
7.534771 10.247804
7.458142 9.786116
7.204319 9.486324
7.085455 8.912147
6.901537 8.375657
6.701719 8.022423
6.563824 7.960897
6.401035 7.813452
6.241425 7.765759
6.277003 7.650305
6.143210 7.460040
6.216290 7.479594
6.206112 7.600198
6.191449 7.593867
6.332840 7.750635
6.283524 7.880825
6.304835 7.943263
6.354084 7.637916
6.437656 7.630480
6.447899 7.779293
6.320742 7.793293
6.223745 7.740124
6.214631 7.512311
6.146989 7.226222
6.003178 6.786167
5.955025 6.290149
5.914428 6.168844
5.844303 6.282645
5.741680 6.274808
5.683431 6.303770
5.800725 6.563700
6.066929 6.742049
6.109185 6.954001
6.214985 7.025625
6.169405 7.027493
6.136679 7.117594
6.357763 7.220232
6.414067 7.213269
6.398598 7.233526
6.349911 7.065551
6.303241 7.093797
6.379637 7.358999
6.073059 7.501844
5.862218 7.469138
5.503257 7.319738
5.248960 7.169007
5.038722 6.987840
4.829788 6.662374
4.621581 6.362915
4.580119 6.080281
4.409165 5.799058
4.352097 5.490170
4.387144 5.169709
4.385429 4.922722
4.485819 4.623765
4.443588 4.612065
4.509870 4.657225
4.485166 4.585174
4.413400 4.408867
4.469187 4.080512
4.597512 4.022647
4.678574 4.059379
4.757310 4.165223
4.617887 3.882723
4.324428 3.479747
4.212781 3.199514
4.291912 3.034942
4.272245 3.020639
4.294240 3.066284
4.210277 3.029363
3.988084 2.973169
3.908523 2.919816
3.758224 2.885550
3.408345 2.958659
3.391677 3.077368
3.485820 3.300729
3.791718 3.648195
4.074098 3.973743
4.224457 4.391533
4.380725 4.841315
4.485819 5.144378
4.660352 5.507769
4.847155 5.791454
4.946392 5.863668
5.088586 6.009204
4.849208 6.051490
4.901180 6.125350
4.888620 6.167258
4.988246 6.350671
5.140770 6.547879
5.337854 6.956282
5.682109 7.326741
5.921682 7.710285
6.098435 7.984618
6.232101 8.252329
6.443974 8.565810
6.672113 8.766909
6.975897 9.105983
7.410774 9.436242
7.538857 9.501202
7.612335 9.487348
7.632272 9.419455
7.706073 9.340963
7.654044 9.218963
7.338918 8.830088
7.109166 8.245004
6.817820 7.863856
6.530634 7.542969
6.182204 6.862059
5.606212 6.232330
5.408588 5.753083
4.845409 5.461856
4.569413 5.137997
4.331531 4.925276
4.266844 4.675111
4.289469 4.711682
4.587145 5.291311
5.224454 6.375421
6.929899 8.813786
8.475277 11.294259
8.160527 11.636633
6.221349 9.505413
5.549588 8.496530
5.602030 8.638083
5.720380 8.764536
5.825557 8.834042
5.800264 8.721689
5.870613 8.720382
5.956857 8.851795
5.978077 8.894366
6.085959 8.900056
6.105255 8.938683
6.142026 8.929891
6.158492 8.949701
6.197457 8.977966
6.178208 9.037464
6.245569 9.084345
6.308888 9.191053
6.405961 9.283817
6.504959 9.355448
6.623321 9.440845
6.730252 9.527401
6.861299 9.630290
7.008798 9.748943
7.099309 9.830452
7.200206 9.774790
7.271114 9.833302
7.424707 9.845195
7.499982 9.834182
7.591313 9.903211
7.626124 9.906518
7.586909 9.932213
7.624879 9.939565
7.724191 10.006431
7.724365 10.048012
7.817326 10.128580
7.951568 10.166061
8.034513 10.275631
8.189142 10.384180
8.305478 10.482405
8.455713 10.646923
8.662061 10.780469
8.730261 10.866375
8.805580 10.903465
8.984385 10.987929
8.906928 10.982630
8.828558 10.917859
8.832763 10.961912
8.855957 10.997525
8.952874 11.021016
8.960476 11.067901
8.998864 11.081204
9.218468 11.042690
9.263922 11.055512
9.328747 11.145392
9.413912 11.173452
9.439250 11.040940
9.579697 11.151188
9.535402 11.103158
9.301631 11.256393
8.967434 11.151373
8.800620 10.969347
8.589098 10.957900
8.368871 11.055978
8.318697 11.196196
8.359992 11.172739
8.431043 11.732296
8.518938 11.909551
8.496948 12.143522
8.586737 12.223341
8.744345 12.405396
8.840851 12.509446
9.030960 12.667692
9.137669 12.560830
9.413722 12.946413
10.164667 13.645922
10.638607 14.128239
11.107737 14.623813
11.722870 15.070844
11.768688 15.074508
12.020567 14.938732
11.943769 14.561178
11.782126 14.676276
11.763095 14.570796
11.837545 14.625111
11.935617 14.536763
11.899404 14.568466
11.928616 14.440873
12.003667 14.431566
12.088484 14.542563
12.183889 14.605017
12.213682 14.647196
12.243089 14.662379
12.303751 14.701939
12.320682 14.793430
12.432788 14.901181
12.507226 14.947305
12.547238 15.020010
12.666522 15.087922
12.745055 15.049216
12.736962 15.116765
12.743914 15.195896
12.745868 15.192864
12.759495 15.272536
12.773383 15.370157
12.790464 15.490023
12.831950 15.589312
12.872900 15.685872
12.914393 15.775503
12.955423 15.852165
13.011123 16.000139
13.053815 16.131425
13.210112 16.146290
13.283011 16.269597
13.297452 16.336875
13.350364 16.344090
13.375488 16.454533
13.672849 16.449547
13.636815 16.473561
13.610519 16.515278
13.649780 16.486168
13.650256 16.500805
13.725404 16.540264
13.732550 16.559133
13.757292 16.525931
13.812226 16.544665
13.882527 16.559258
13.972312 16.580006
14.037514 16.628284
14.102762 16.701776
14.042127 16.805474
14.116860 16.837630
14.206135 16.890499
14.225031 16.978752
14.301789 17.044072
14.368591 17.103988
14.429656 17.160073
14.438568 17.083176
14.502141 17.114146
14.518656 17.153660
14.601807 17.162967
14.681047 17.296127
14.731767 17.305184
14.793406 17.434886
14.815084 17.444762
14.868083 17.382169
14.918455 17.450283
14.984646 17.540351
15.049046 17.656289
15.144541 17.710980
15.302307 17.658333
15.376075 17.604511
15.482519 17.669433
15.626842 17.721850
15.810978 17.799646
15.841724 17.810811
15.880017 17.798353
15.837322 17.653857
15.850950 17.641483
15.848200 17.600754
15.840522 17.569004
15.825694 17.470222
15.813099 17.456403
15.873048 17.391994
15.971742 17.250661
16.033574 17.239223
16.139998 17.132389
16.063211 17.104817
16.086802 17.139396
16.144407 17.161481
16.194714 17.219681
16.246871 17.252104
16.319847 17.293593
16.388235 17.361870
16.469813 17.389526
16.491319 17.393831
16.583794 17.454023
16.654725 17.499470
16.726829 17.553373
16.822729 17.622434
16.845707 17.695316
16.952097 17.729379
17.163606 17.826877
17.304219 17.920354
