1.969238 1.931276
1.911973 1.888452
1.768284 1.891151
1.769205 1.827914
1.719475 1.837964
1.684525 1.871097
1.777019 2.021312
1.797287 2.173350
1.864012 2.376865
1.824781 2.497505
1.933793 2.762817
1.928645 2.852557
1.988378 3.048187
1.984615 3.102894
1.862164 2.999051
1.997316 3.020993
2.181305 3.293808
2.502946 3.542084
2.675560 3.779038
2.651513 3.766627
2.626940 3.659942
2.627065 3.666552
2.630197 3.529472
2.785950 3.645412
3.097333 3.880265
3.306981 4.049505
3.616758 4.280219
3.983062 4.510596
4.326566 4.804842
4.681213 5.035012
4.975339 5.275179
5.223764 5.450783
5.451660 5.639100
5.708087 5.804122
5.999063 6.052254
6.178587 6.215297
6.339917 6.356639
6.551335 6.563057
6.826149 6.783333
7.079767 7.007960
7.304957 7.220414
7.458765 7.394134
7.652852 7.610488
7.848206 7.827329
7.974552 7.984390
8.020732 8.037188
8.102808 8.117572
8.120159 8.130819
8.168108 8.175135
8.128556 8.152096
8.102704 7.995509
8.143134 7.933878
8.190649 7.875299
8.181118 7.864933
8.163469 7.898404
8.148622 7.919955
8.166326 7.982025
8.194778 8.034512
8.183739 8.062101
8.033857 7.944624
8.076602 7.991504
8.129477 7.971526
8.166395 7.938540
8.369406 8.158489
8.378405 8.185373
8.584036 8.402352
8.681674 8.516055
8.767585 8.638383
8.957242 8.763290
9.081059 8.886813
9.205570 9.031754
9.273241 9.090973
9.397291 9.237771
9.529656 9.322040
9.672169 9.462181
9.797312 9.602976
10.144620 9.854659
10.244592 9.921806
10.298397 10.013718
10.256939 9.837780
10.221397 9.762006
10.181992 9.707536
10.235186 9.781804
10.249127 9.794752
10.287196 9.839266
9.918799 9.672165
9.688883 9.355446
9.713425 9.395219
9.739946 9.441814
9.765997 9.487854
9.794359 9.553347
9.873165 9.633916
9.934650 9.719087
9.995873 9.914585
10.071921 10.018493
10.139123 10.125770
10.245797 10.253448
10.319330 10.344030
10.402302 10.458298
10.480984 10.594680
10.597662 10.735704
10.694838 10.839950
10.796480 10.955138
10.909976 11.070392
10.910974 11.272817
11.015218 11.372230
11.140794 11.511790
11.245909 11.624549
11.214169 11.682562
11.343128 11.814778
11.425627 11.975109
11.445509 12.017456
11.333429 11.974150
11.369247 12.036291
10.999647 11.930176
10.931789 11.899878
10.923659 11.880851
10.856353 11.747648
10.689244 11.470424
10.692850 11.318403
10.504900 11.125275
10.365612 10.984374
10.268334 10.839281
10.196038 10.707791
9.815975 10.657292
9.636520 10.645888
9.567605 10.650489
9.532392 10.545459
9.251281 10.452599
9.164843 10.500804
9.191910 10.545944
9.198458 10.527609
9.253358 10.616187
9.337295 10.748058
9.419333 10.859898
9.521693 11.025003
9.604303 11.141098
9.699089 11.271694
9.785743 11.395954
9.574956 11.388351
9.690769 11.477197
9.733013 11.530443
9.771794 11.650819
9.920102 11.911398
10.051247 12.090148
10.170566 12.239262
10.250940 12.309369
10.371786 12.406500
10.322709 12.311777
10.375625 12.356043
10.395290 12.322352
10.401923 12.385301
10.437200 12.431155
10.423189 12.387185
10.440632 12.424085
10.471527 12.443220
10.518499 12.501377
10.573709 12.581889
10.610907 12.636838
10.655875 12.694175
10.702819 12.749292
10.795428 12.823597
11.015601 12.937443
11.124557 12.979497
11.214790 13.075797
11.298195 13.138258
11.397079 13.219093
11.501087 13.300310
11.584643 13.379489
11.639971 13.490763
11.736314 13.588139
11.905655 13.676243
11.991950 13.557551
11.927096 13.423955
11.958256 13.367542
11.802007 13.383354
11.704884 13.390369
11.734103 13.421499
11.624932 13.236702
11.522219 13.065199
11.530073 13.089858
10.981214 12.793901
10.796444 12.176381
10.608746 12.149137
10.524872 12.145856
10.363072 12.005180
10.280109 12.032236
10.300181 12.050225
10.119102 12.041544
9.949710 11.777042
9.913166 11.747174
9.698453 11.680390
9.762352 11.738154
9.738573 11.801526
9.831806 11.886318
9.926512 11.995773
9.983486 11.866549
10.069183 11.908587
10.157147 12.002051
10.239098 11.974341
10.305045 12.007522
10.333812 12.022563
10.316473 11.995100
10.368437 12.032254
10.355169 11.614286
10.238090 10.913750
9.919608 10.105350
9.510931 9.170746
9.150458 8.041976
9.014251 7.737555
8.952216 7.623991
8.924241 7.625934
8.939249 7.708489
8.983523 7.785561
9.041136 7.839089
9.087889 7.869300
9.145637 7.945263
9.227443 8.055981
9.288956 8.078157
9.095468 7.940282
9.215493 8.077980
9.257945 8.066012
9.196689 7.912692
9.255472 7.906146
9.359394 8.070650
9.425672 8.138107
9.509770 8.219472
9.596637 8.298455
9.707066 8.411627
9.744957 8.407973
9.732480 8.098769
9.691718 7.874565
9.523023 7.854904
9.564844 7.891570
9.438568 7.594320
9.261462 7.554418
9.301656 7.574839
8.909130 7.435071
8.944113 7.496566
9.050247 7.612603
9.161104 7.739576
9.216404 7.805596
9.316210 7.949263
9.201747 7.969161
9.158976 7.988687
9.221327 8.012819
9.076687 7.737027
9.118064 7.738835
9.191749 7.792493
9.300985 7.852878
9.244963 7.666766
8.703717 7.191744
7.774314 6.658243
6.612768 5.923566
5.973213 4.745834
5.141541 4.103233
4.830767 3.920043
4.692970 3.914626
4.820360 4.089394
4.932468 4.236853
5.095602 4.391529
5.153921 4.393254
5.235143 4.461671
5.231140 4.484032
5.269788 4.476116
5.347756 4.464514
5.475572 4.592138
5.621656 4.727942
5.698828 4.839159
5.892319 5.049567
6.090464 5.259011
6.319513 5.430850
6.531324 5.612172
6.541862 5.622492
6.395225 5.497319
6.096824 5.361973
6.012050 5.204332
5.384137 5.115279
5.309774 4.967421
5.187150 4.841392
5.155826 4.817794
5.129115 4.822805
5.271597 4.947571
5.429374 5.105710
5.724618 5.388937
5.938101 5.557409
6.101015 5.714289
6.265104 5.789474
6.334603 5.868060
6.359895 5.938109
6.416350 5.994342
6.427427 6.021655
6.416029 6.035534
6.654011 6.218253
6.610329 6.282409
6.615429 6.340003
6.165486 6.088844
5.619194 5.701801
5.214082 5.346917
4.671610 4.979386
4.088700 4.558006
3.516424 4.151513
3.310893 3.936944
3.399636 4.029138
3.474440 4.071070
3.593214 4.174815
3.722815 4.326011
3.941323 4.503179
4.186767 4.803039
4.327709 4.970719
4.491394 5.120720
4.715688 5.343799
4.893837 5.481936
5.080924 5.640671
5.290006 5.807846
5.543998 5.990850
5.814016 6.226141
6.087812 6.449862
6.360842 6.598980
6.557838 6.705765
6.712316 6.778317
6.869347 6.872552
6.770754 6.778666
6.576322 6.629216
6.516913 6.429586
6.385999 6.337330
6.366401 6.366637
6.297023 6.216425
6.435519 6.355239
6.557562 6.518394
6.659226 6.659883
6.747581 6.777740
6.859491 6.944544
6.973727 7.079996
7.054458 7.221025
7.117561 7.388686
7.017459 7.306465
6.930113 7.294905
7.053239 7.341625
7.208421 7.592934
7.226308 7.604089
6.992884 7.232831
6.372413 6.650995
5.851666 6.032784
5.516088 5.361191
5.487150 5.348684
5.580990 5.514186
5.693107 5.738235
6.090067 6.315226
6.205047 6.509321
6.284029 6.599365
6.324765 6.693592
6.392883 6.799655
6.470692 6.910673
6.611582 7.079293
6.763946 7.262774
6.830151 7.279510
6.687193 7.255963
6.619926 7.264164
6.713025 7.326059
6.853346 7.378787
6.911805 7.398608
6.948772 7.446857
6.902319 7.430620
6.862872 7.349509
6.902932 7.376875
6.709224 7.313720
6.671114 7.079606
6.751238 7.090926
6.598174 6.967124
6.463969 6.880080
6.506256 6.833444
6.413793 6.808806
6.213922 6.736863
5.918046 6.751847
5.837959 6.806734
5.977239 6.911884
6.224780 7.182303
6.347408 7.286560
6.445949 7.334367
6.522501 7.384258
6.445781 7.270661
6.596772 7.183529
6.521616 6.999539
6.398165 6.876947
6.455282 6.917093
6.433918 6.957435
6.533181 6.991693
6.582775 6.939888
6.574422 6.911933
6.573445 6.934158
6.597167 6.955976
6.575249 7.007328
6.610209 7.059858
6.691856 7.163580
6.772138 7.243362
6.824087 7.332909
6.898360 7.443578
7.000865 7.572657
7.127708 7.716924
7.263101 7.869130
7.373671 7.919367
7.355823 7.911399
7.201888 7.898737
7.036116 7.884828
7.022184 7.679400
6.809166 7.625483
6.766071 7.562599
6.335218 7.318260
6.314990 7.329457
6.397995 7.425055
6.352010 7.456451
6.242562 7.286278
6.317110 7.420385
6.393013 7.385782
6.345762 7.387359
6.422425 7.494710
6.310120 7.578436
6.452197 7.775047
6.585413 7.890846
6.674454 7.948376
6.939064 8.269641
6.789227 8.020373
6.799133 7.949940
6.562635 7.815584
5.933962 7.390238
5.525379 7.094989
4.986620 6.772967
4.682545 6.391496
4.648599 6.154110
4.654177 6.172792
4.743972 6.239642
4.981685 6.407624
5.238420 6.607286
5.423370 6.743434
5.649084 6.963908
5.864825 7.140728
6.083718 7.322130
6.236528 7.528538
6.429921 7.749405
6.590632 7.882477
6.776143 8.021506
6.901353 8.136318
6.999265 8.216896
7.057637 8.240155
7.144080 8.309700
7.194722 8.240098
7.305731 8.300033
7.275473 8.392320
7.431507 8.542021
7.554052 8.359875
7.687659 8.426230
7.806108 8.564946
7.978898 8.747142
8.129676 8.953229
8.275439 9.123279
8.406316 9.460169
8.487968 9.532501
8.588331 9.538257
8.550125 9.547589
8.580591 9.361351
8.641350 9.345986
8.566378 9.220913
8.473408 9.085679
8.342915 8.921977
7.960214 8.606368
7.834315 8.275245
7.778657 8.227605
7.805056 8.224878
7.825006 8.250497
7.862784 8.290458
7.928144 8.334100
8.129754 8.417467
8.209090 8.480586
8.300449 8.584820
8.369959 8.660727
8.467364 8.732365
8.439967 8.743405
8.298813 8.655333
8.192745 8.595065
8.248381 8.646990
8.048186 8.630199
8.013884 8.665225
7.893914 8.472404
7.934074 8.553341
7.868025 8.563338
7.828826 8.544859
7.934923 8.538720
8.039519 8.607141
8.138961 8.726910
8.217577 8.842649
8.321258 8.964764
8.388977 9.049989
8.682779 9.243474
8.646242 9.408653
8.648877 9.408959
8.673057 9.407875
8.744144 9.442800
8.832148 9.493349
8.869515 9.393292
8.216714 8.914285
8.011001 8.682132
8.019846 8.714036
8.006790 8.792401
8.011923 8.837420
8.058680 8.891829
8.129399 8.954861
8.244988 9.142858
8.432216 9.302564
8.497096 9.382094
8.572817 9.484509
8.639149 9.406045
8.733478 9.490247
8.771654 9.518324
8.749413 9.543889
8.721149 9.508204
8.577665 9.455374
8.602614 9.413872
8.469062 9.163507
8.295405 9.181953
7.985912 9.018846
7.925212 8.837573
7.924572 8.672914
7.974185 8.709059
7.973872 8.744244
8.035556 8.810588
8.149122 8.936069
8.278560 9.082175
8.368307 9.185327
8.490899 9.295045
8.715284 9.595033
8.846700 9.690182
8.922557 9.764429
8.854199 9.710209
8.782122 9.499949
8.714930 9.389359
8.540754 9.038507
8.399553 8.817672
8.190213 8.574953
8.085214 8.339447
8.156607 8.389859
8.231701 8.430735
8.291085 8.478922
8.374668 8.561397
8.489339 8.665185
8.576432 8.738857
8.740683 8.842120
8.784874 8.925794
8.868695 8.999854
8.863269 9.003945
8.685146 8.848153
8.685130 8.820147
8.621336 8.760073
8.449988 8.749984
8.333865 8.724048
8.407177 8.771597
8.380226 8.715249
8.513005 8.742721
8.692407 8.867529
9.071227 9.151919
9.404938 9.538080
