2.126402 1.980699
2.135343 1.942885
2.089931 1.935523
2.027595 1.947980
1.950747 1.932448
1.929484 1.999804
1.915358 2.130005
1.878736 2.239199
1.909479 2.386269
1.888362 2.491006
1.913199 2.577730
1.915194 2.654593
1.981666 2.823088
2.071483 2.935086
2.087051 2.908822
2.235433 2.911044
2.546938 3.162825
2.995832 3.747289
3.244861 4.016109
3.450386 4.274138
3.635172 4.352696
3.750949 4.438592
3.900979 4.519722
4.030455 4.601088
4.262662 4.736502
4.443917 4.861912
4.635267 4.997406
4.901146 5.225234
5.167310 5.413391
5.350143 5.584580
5.490716 5.705643
5.593060 5.807214
5.704666 5.879293
5.808918 5.855338
5.853593 5.998379
5.911352 6.003366
5.939152 6.067668
5.918693 6.095702
5.837177 6.114346
5.845277 6.141589
5.826669 5.974953
5.808660 5.970900
5.917955 5.834871
5.846449 5.766405
5.742187 5.676096
5.584936 5.560679
5.566288 5.402661
5.280683 5.210430
5.136232 5.228135
5.194657 5.222991
5.693437 5.553838
6.057624 5.904953
6.387579 6.162924
6.638400 6.455978
6.796845 6.654317
6.941313 6.760008
7.004477 6.849249
7.065420 6.859123
7.118155 6.807273
7.136207 6.778837
7.124394 6.701610
7.189387 6.600143
7.122308 6.316879
7.005280 6.255909
6.851276 6.148488
6.872388 6.016558
6.730298 5.988490
6.631899 5.968991
6.532385 5.907069
6.374513 5.914817
6.088005 5.772282
6.069323 5.666894
5.808010 5.603185
5.769305 5.483165
5.530238 5.210151
5.570700 5.172548
5.763998 5.210714
5.890619 5.243817
5.975470 5.365469
6.130008 5.594883
6.252704 5.661314
6.542418 6.060144
7.105967 6.603631
7.622751 6.975897
8.050520 7.302263
8.357132 7.420479
8.621399 7.580423
8.703061 7.784415
8.739976 7.831267
8.956242 7.939936
9.022218 8.029842
9.151470 8.151461
9.276692 8.361222
9.381623 8.458043
9.540205 8.618043
9.664314 8.724534
9.782194 8.836752
9.815617 8.927404
9.846211 8.909522
9.863201 8.963190
9.726905 9.084033
9.689237 8.928961
9.569243 8.858534
9.420799 8.753913
9.370517 8.767818
9.421382 8.785173
9.441075 8.820874
9.585046 8.949893
9.688104 9.076124
9.820200 9.047928
9.792493 8.956022
9.607175 8.924168
9.425000 8.758816
9.125320 8.575633
8.853962 8.351654
8.558121 8.104853
8.714590 8.457652
9.168778 8.830312
9.308756 9.005849
9.418511 9.218611
9.629611 9.639828
9.615046 9.512430
9.471100 9.377649
9.319359 9.098006
9.374476 9.132294
9.665196 9.492425
10.045820 9.858526
10.164249 9.964705
10.199443 10.010685
10.228298 10.040809
10.246849 10.030508
10.148171 9.891555
9.952539 9.730573
9.900350 9.766616
9.908265 9.709615
10.008750 9.830243
10.160419 9.991356
10.284178 10.130163
10.575343 10.438900
10.885584 10.795544
11.285278 11.283432
11.566860 11.629601
11.777047 11.871684
12.066251 12.448062
12.240185 12.812554
12.414453 13.091739
12.529623 13.373022
12.842466 13.555411
12.946264 13.634792
13.205922 13.802510
13.364757 14.048357
13.425061 14.184807
13.483668 14.241313
13.414998 14.311603
13.321692 14.329806
13.289977 14.279476
13.280473 14.292554
13.154777 14.305122
13.193196 14.334131
13.233948 14.348186
13.306302 14.386369
13.266119 14.282623
13.268627 14.213053
13.277156 14.227176
13.351568 14.253868
13.381492 14.307868
13.352150 14.287152
13.438474 14.363803
13.545064 14.428865
13.665099 14.513592
13.807105 14.606964
13.773768 14.629595
13.929103 14.720290
13.884364 14.754915
13.820584 14.756039
13.766289 14.789122
13.736447 14.848929
13.689896 14.871815
13.671941 14.822765
13.500086 14.857421
13.552613 14.926961
13.635643 14.996423
13.702527 15.076470
13.711510 14.927156
13.719868 14.923013
13.714073 14.906439
13.547601 14.762496
13.305980 14.766564
13.330796 14.769264
13.274217 14.816415
13.327988 14.861512
13.302830 14.918589
13.293479 14.976880
13.336605 15.019104
13.382879 15.087274
13.400124 15.019009
13.478646 15.092766
13.619549 15.087453
13.916160 15.270335
14.192300 15.562977
14.455555 15.736026
14.542401 15.775823
14.553924 15.609640
14.514980 15.259975
14.296658 15.222152
14.194378 15.217089
14.090314 15.058986
14.180068 15.063015
14.202531 15.065167
14.214166 15.064903
14.248737 15.081350
14.246940 15.053457
14.231672 15.054393
14.251997 15.052713
14.237183 15.018365
14.081454 14.413033
14.065304 14.410885
14.122832 14.441363
14.165906 14.471725
14.192044 14.512905
14.243863 14.704760
14.321722 14.714856
14.282848 14.735689
14.306699 14.753740
14.311276 14.741793
14.185114 14.714461
14.245783 14.723701
14.263884 14.765942
14.294586 14.772718
14.194516 14.751436
14.446507 14.945646
14.418619 14.926671
14.107641 14.640930
13.425900 14.074738
12.693996 13.305656
12.455730 12.909299
12.237446 12.546735
11.943565 12.359013
11.803560 12.190323
11.873375 12.240360
11.948910 12.305692
12.030268 12.382205
12.119727 12.454026
11.990110 12.192833
11.979917 12.244060
11.926652 12.289363
11.974694 12.323769
11.959950 12.322263
11.895849 12.180495
11.929090 12.185526
11.961663 12.203879
11.752913 12.131893
11.552441 11.686496
11.413338 11.484881
11.201217 11.247814
10.512672 10.955685
10.446840 10.466768
10.476862 10.485399
10.573153 10.585126
10.643149 10.643532
10.716863 10.716172
10.720961 10.744529
10.752865 10.755451
10.773192 10.771704
10.664535 10.750402
10.689596 10.749146
10.620710 10.695747
10.600749 10.384212
10.575510 10.417982
10.634634 10.512131
10.675476 10.759909
10.570413 10.737208
10.396863 10.516100
9.874096 10.346046
9.530639 9.653868
8.974336 9.323815
8.428928 8.385744
7.825495 6.735172
7.309852 5.976427
6.813153 5.453577
6.922472 5.581292
6.658317 5.459560
6.756315 5.546254
6.725606 5.645746
6.839557 5.705702
6.902243 5.797695
6.994634 5.963001
7.133531 6.203281
7.377601 6.417080
7.562826 6.590842
7.627966 6.677430
7.546024 6.663390
7.581891 6.734628
7.447534 6.524034
7.467084 6.579119
7.512955 6.609153
7.168665 6.527730
7.129864 6.545240
7.309304 6.700184
7.299483 6.684615
7.329732 6.620069
7.155122 6.427829
6.757109 6.248294
6.691487 6.237636
6.755463 6.234471
6.631804 6.227449
6.556282 6.232823
6.576704 6.165368
6.628547 6.204563
6.629550 6.165627
6.717452 6.119440
6.634353 5.865466
6.295158 5.680470
6.070240 5.457261
5.849651 5.263167
5.499711 5.104625
5.095149 5.036223
4.783840 5.072739
4.810776 5.131007
4.641242 4.929225
4.844398 5.088983
4.838198 4.987672
4.400941 4.785100
3.761289 4.216394
3.352337 3.838358
2.946190 3.551809
2.819027 3.438226
2.766811 3.344497
2.725958 3.247451
2.723794 3.242688
2.848116 3.556142
2.952471 3.604044
3.033688 3.798984
3.181348 3.883807
3.389653 4.053103
3.632724 4.278688
3.877415 4.465178
4.076985 4.632208
4.343742 4.811788
4.753123 5.156045
4.933740 5.284505
5.083786 5.187814
4.925229 5.034727
4.881101 4.874042
4.834951 4.897426
4.882338 4.958850
4.994634 5.065521
5.157092 5.225347
5.374213 5.410448
5.515400 5.589195
5.614654 5.709382
5.569733 5.698170
5.654900 5.800265
5.748517 5.853139
5.889301 5.949981
6.073463 6.143139
6.100654 6.158992
6.025984 6.075584
6.027097 6.077559
6.072450 6.169746
6.199768 6.386352
6.143201 6.495413
6.199258 6.660119
6.166018 6.745706
6.181600 6.879397
6.102043 6.910575
6.171799 7.007500
6.157913 7.027356
6.031360 7.020777
5.945686 6.981877
6.024047 7.178081
6.092173 7.367607
6.178588 7.561040
6.217005 7.719804
6.220358 7.926784
6.121650 7.940384
6.109452 7.747345
6.235529 7.409174
6.286262 6.694490
6.173159 5.933995
6.402302 6.064899
5.813725 5.505142
4.978695 4.859316
4.437440 4.258662
4.072647 3.825416
3.920929 3.765275
3.360262 3.352313
3.370317 3.317306
3.343146 3.309770
3.367967 3.335165
3.413018 3.330809
3.236295 3.127911
2.998611 3.014684
2.951128 2.971291
3.064656 3.068601
3.151509 3.114855
3.206153 3.274841
3.301395 3.426709
3.455226 3.608740
3.664898 3.829528
3.876219 4.040266
4.041715 4.242256
4.057152 4.329628
4.224597 4.337190
4.227579 4.462680
4.258472 4.423829
4.310723 4.383473
4.322939 4.354167
4.103439 4.306452
3.964470 4.244904
4.058902 4.349242
4.166193 4.460826
4.170927 4.460690
4.229695 4.485911
4.350249 4.613450
4.483784 4.718277
4.577010 4.780375
4.737277 4.910646
4.941312 5.131137
5.118614 5.356225
5.195693 5.571945
5.466274 5.849674
5.491299 5.825790
5.341506 5.681259
5.407135 5.606433
5.158552 5.405757
5.059282 5.289841
4.925579 5.192979
4.837536 5.112586
4.763606 5.046987
4.873285 5.148001
4.992494 5.236919
5.101718 5.388129
5.205649 5.553299
5.301414 5.703475
5.337114 5.660293
5.440864 5.789857
5.425820 5.838424
5.559678 5.982095
5.695962 5.968349
5.854105 6.133482
6.032600 6.308086
6.095757 6.437715
6.260105 6.615982
6.333093 6.801640
6.460540 6.945231
6.640150 7.148602
6.754596 7.239665
6.915739 7.403238
7.072466 7.612534
7.204680 7.991621
7.424393 8.240714
7.630205 8.474474
7.871962 8.647621
8.179352 8.819586
8.395921 8.960799
8.516702 8.991001
8.570282 9.025505
8.762521 8.784831
8.933916 8.891959
9.128812 8.584060
9.118850 8.542574
8.938232 8.369601
8.737450 8.102589
8.647802 7.637866
8.480998 7.225867
8.298514 7.072948
8.153790 6.913283
7.944763 6.812904
7.939214 6.747869
8.082508 6.812392
8.042137 6.832495
7.936046 6.629743
7.888064 6.653707
7.887545 6.643748
7.737336 6.548040
7.681182 6.652123
7.486665 6.622871
7.285286 6.599989
7.304095 6.669470
7.328227 6.868816
7.194989 6.931883
7.103658 7.068242
7.110871 7.220889
7.146945 7.232112
7.147731 7.149902
7.193672 7.084118
7.254960 7.209105
7.394236 7.311681
7.350975 7.259017
7.450029 7.360874
7.553821 7.529272
7.644347 7.667161
7.808857 7.744524
7.873056 7.982098
7.925790 7.999278
7.990635 8.023898
7.953528 8.179032
8.052619 8.212233
8.126369 8.241319
8.122932 8.286195
8.084038 8.208004
8.088540 8.215058
8.089908 8.249442
8.106232 8.288383
8.084241 8.345372
8.160077 8.412577
8.228518 8.455989
8.188870 8.694636
8.194093 8.804543
8.203895 9.031254
8.301011 9.141938
8.401491 9.241042
8.526607 9.335827
8.473415 9.404432
8.382111 9.481960
8.429089 9.508548
8.447003 9.557222
8.392861 9.554498
8.435588 9.574442
8.508577 9.838835
8.621794 9.997756
8.710432 10.133916
8.737557 10.230232
8.837200 10.445156
8.920141 10.610789
8.990797 10.817031
9.052410 11.015719
9.113937 11.092150
9.247543 11.247741
9.407009 11.199871
9.332612 10.956265
9.163703 10.709742
9.064301 10.332889
8.712111 10.071312
8.546389 9.670031
8.358128 9.455779
7.977737 8.669524
7.685151 8.381192
7.608394 8.213840
7.650250 8.366845
7.634420 8.303508
7.433103 8.242507
7.277772 8.020792
7.031794 7.984083
6.990659 7.899763
6.974520 7.837792
6.880081 8.089087
6.921909 8.428669
7.037259 8.629113
7.113228 9.017234
7.204783 9.359773
7.302984 9.494764
7.415899 9.615870
7.568423 9.882751
7.767475 10.047317
7.910045 10.199901
8.140971 10.412586
8.339006 10.619258
8.782655 11.026997
9.155400 11.280358
