30
40
20
30
30
30
30
30
30
30
30
30
30
30
30
30
30
30
30
30
30
30
30
30
30
30
30
20
40
40
50
50
50
50
60
70
70
60
90
90
110
110
110
110
100
110
110
110
110
100
110
100
110
110
110
110
100
110
110
110
110
110
110
100
110
110
130
130
120
130
130
130
130
130
130
120
130
120
130
130
130
150
150
150
140
150
150
150
150
150
150
150
150
140
150
160
170
170
170
170
170
170
170
170
170
170
190
190
190
190
190
190
190
190
190
190
190
190
190
190
190
190
190
190
190
190
190
190
190
190
190
190
190
190
190
210
220
210
210
210
210
220
210
210
230
230
240
230
230
240
260
250
250
260
250
260
250
260
250
260
250
280
270
280
270
280
270
270
270
280
280
270
300
300
300
290
290
300
300
300
300
300
300
300
300
290
300
300
300
300
320
320
330
320
320
350
340
340
340
340
370
370
360
370
370
370
370
370
370
370
380
370
370
370
370
380
370
370
370
370
380
370
370
380
370
370
370
370
370
370
370
370
370
370
370
370
400
390
390
400
400
410
420
420
440
440
440
440
450
440
440
450
440
450
450
450
470
480
470
500
510
500
500
500
500
500
500
500
500
510
500
500
530
530
530
550
560
550
560
550
560
560
550
560
590
580
590
580
590
590
580
590
580
590
580
590
590
580
590
580
600
580
590
590
590
590
600
590
590
590
590
590
590
580
590
590
590
610
620
620
610
610
620
610
610
620
610
620
610
610
620
610
610
610
610
620
610
620
610
610
620
620
610
620
610
620
620
620
610
650
680
670
670
670
680
670
670
680
670
670
680
670
670
670
670
670
670
680
660
670
670
670
670
670
670
670
660
670
670
670
670
670
720
700
710
710
720
710
710
720
710
710
720
710
710
720
710
740
740
770
780
770
770
760
770
770
760
760
760
770
760
750
760
760
760
760
750
750
760
760
750
760
750
760
760
760
760
760
750
760
760
760
760
750
760
760
760
760
760
750
760
750
790
790
790
790
790
790
820
820
820
820
820
810
820
860
840
860
860
860
870
860
860
870
870
870
870
870
870
880
870
880
870
870
860
880
860
870
870
860
860
870
860
850
860
860
890
890
890
890
890
890
920
950
960
950
960
950
960
980
1000
980
990
1020
1020
1020
1020
1050
1060
1050
1050
1050
1050
1050
1050
1050
1050
1040
1040
1050
1050
1040
1050
1040
1040
1050
1040
1040
1080
1080
1080
1070
1080
1080
1080
1090
1080
1090
1090
1090
1090
1100
1080
1090
1090
1080
1090
1090
1080
1080
1090
1090
1080
1080
1080
1080
1090
1080
1080
1080
1090
