0.192773
0.263878
0.447830
0.505725
0.590830
0.716188
0.717745
0.672997
0.891574
0.991779
1.283769
1.361732
1.523618
1.903157
1.888273
1.872377
1.560644
1.364787
1.612093
1.354989
1.243237
1.260601
1.530794
1.860720
2.276820
2.828095
3.280338
3.859056
4.114520
4.496771
4.868929
5.191140
5.487607
5.946407
6.090582
6.552075
6.865507
7.174746
7.251484
7.432036
7.733567
7.866045
8.284313
8.399865
8.669896
8.669594
8.652207
8.722967
8.824022
8.715020
8.533765
8.397622
8.357329
7.814918
7.429863
6.826935
6.172257
5.732944
5.260700
4.789077
4.209260
3.899306
3.716866
3.078468
2.512119
2.074421
1.524914
1.268757
1.370248
1.452817
1.813978
2.297908
2.702959
3.135770
3.812260
4.222120
4.475959
5.039452
5.329887
5.206867
4.908727
4.534061
5.048559
5.180335
4.983609
4.233359
3.907117
3.507800
3.142195
2.619536
2.216085
1.494274
1.233419
1.083675
1.053113
1.340844
1.724240
2.020307
2.576888
2.782977
3.290083
3.497792
3.866033
4.192951
4.500592
4.800752
5.127033
5.548992
5.919421
6.253114
6.580508
6.841096
7.186181
7.304204
7.696434
7.323752
7.175645
7.247591
7.087251
7.052430
6.975178
6.100581
5.515452
5.241401
4.795789
3.892515
3.438006
2.941108
2.224682
1.734012
1.344428
0.968119
1.158625
1.348115
1.774861
2.409696
2.903614
3.464229
4.337215
4.971150
5.536210
6.408070
7.019042
7.418635
8.002333
8.674202
9.030390
9.502468
9.372183
9.010646
8.556250
8.961557
9.272099
8.673626
8.095877
7.607379
7.090056
6.894806
6.558359
6.220053
5.739310
5.679569
5.593953
5.321077
5.073522
5.010476
5.116811
4.953797
4.867391
4.811809
4.823046
4.913364
4.946780
5.268311
5.495922
5.723901
5.818038
6.034147
6.312600
6.002281
5.608081
5.258993
4.788088
4.667875
4.880310
5.246748
6.002659
6.842908
7.207610
7.847410
8.259846
8.890593
9.297345
9.950637
10.388516
10.764584
11.358881
12.070366
12.884224
13.341913
13.618406
14.434893
14.896450
15.444234
15.606055
15.864590
16.376566
16.318359
16.112930
16.025537
15.990801
15.364256
14.741615
14.354539
14.003119
13.780597
13.088576
12.677602
12.307229
11.773577
11.414506
11.617112
11.674977
11.174062
10.327290
9.980304
9.336230
8.876140
8.323252
8.672440
9.541715
10.711295
11.777452
13.394272
14.687254
15.484764
16.333503
16.980314
17.706403
18.128908
18.566590
19.193929
19.623567
19.735354
19.753988
20.196402
20.667954
21.181103
21.588030
21.627363
21.683300
21.897654
21.779962
21.534274
21.821224
22.007738
22.123948
22.050635
21.653242
21.296927
20.692226
20.246492
19.802142
19.326021
18.892860
18.401219
17.876521
17.552133
17.081927
16.387162
15.993361
15.202141
14.630077
14.028870
15.044463
15.866131
16.786805
17.942982
18.413688
19.076984
19.846224
20.184914
20.712413
21.213999
21.921999
22.607155
23.109950
23.549564
24.285946
24.528341
24.806181
24.929756
24.938995
25.098806
24.947516
24.895384
24.937949
24.926067
24.890425
25.238137
25.331713
25.322605
25.274431
25.026714
25.037451
24.931175
24.297653
23.943428
23.302055
22.893383
22.261403
21.661314
21.148407
20.528206
20.119643
19.932854
19.357103
18.513716
17.687779
17.185517
16.309046
15.969440
16.794205
17.423989
17.870041
18.665845
19.352140
20.186802
20.893181
21.546205
21.850597
22.245022
22.908772
23.315925
23.843257
24.438765
24.944424
25.144362
25.358123
25.431804
25.567561
26.014787
26.281932
26.400358
26.382388
26.411970
26.498485
26.639676
27.034612
27.622898
28.132151
28.864998
29.333956
29.885177
30.476188
31.251963
31.266521
31.427806
31.416661
31.848685
32.533261
32.991728
33.585234
33.530452
33.902452
34.361835
34.996670
34.911257
34.864333
35.229618
35.638927
35.936698
36.392068
36.796375
37.173829
37.661207
38.288177
39.058573
39.892003
40.349098
40.583567
40.456341
41.075873
40.647152
40.395071
39.977723
39.484013
39.517335
39.488435
39.597074
38.980711
38.499800
37.926742
37.422026
36.817098
36.326204
35.853243
35.436390
34.999976
34.546465
33.933950
33.540168
33.570746
33.599098
33.632942
33.604261
33.578064
33.096194
32.698115
32.190142
31.544688
31.083055
30.556613
30.016192
29.422467
28.946533
28.680120
28.193302
27.667333
27.334534
27.110986
27.075618
27.168113
27.227918
27.250123
27.474619
27.241815
27.218659
27.272363
27.315378
27.574879
27.853688
28.284460
28.507122
28.661906
28.831823
29.346559
30.125491
30.576781
30.971450
31.434703
32.098615
32.310787
33.009417
33.468114
33.910800
34.322517
35.000864
35.424357
36.014194
36.209916
36.808516
37.343165
37.958758
38.755009
39.677229
40.078172
40.359032
40.833450
40.859545
41.378382
42.114004
42.155454
41.970250
42.165087
42.176376
41.609363
41.062326
40.588666
40.163453
39.571323
39.128795
38.594307
38.131304
37.755544
37.633397
37.521784
36.834106
36.455166
36.021305
35.565867
34.976275
34.141013
33.731347
33.311714
32.925260
32.589310
31.972537
31.554118
31.209481
30.756198
30.216949
30.012441
29.947817
29.892704
29.845087
29.810435
29.714241
29.760503
29.489128
29.448244
29.599771
29.806796
30.104711
30.438750
30.670448
31.205979
31.431152
31.682874
32.335355
32.645003
33.052289
33.533258
33.945523
33.946103
33.795829
34.225651
34.641626
35.027364
35.501579
35.779284
36.435379
36.800964
37.170968
37.761240
37.951365
38.354399
38.874666
39.249585
39.901799
40.519085
41.342986
42.068618
42.362624
41.881694
42.032071
41.868059
41.702662
41.336139
41.084109
40.243571
39.558682
39.184978
38.474436
37.996797
37.484628
36.926775
36.246689
35.628197
34.885720
33.890719
33.228441
32.480387
31.562126
30.927144
30.337978
29.740113
28.998193
28.442208
26.891867
25.207567
