0.195884
0.230609
0.514848
0.572211
0.775098
1.000378
0.999765
0.980293
1.234166
1.289780
1.525950
1.537966
1.724603
1.989257
1.932224
1.970679
1.780279
1.865197
2.210348
1.866991
1.500649
1.055025
0.956718
1.090795
1.338335
1.781964
2.166546
2.747043
3.128437
3.450394
3.992772
4.432174
4.802200
5.336314
5.700057
6.244361
6.450266
6.976825
7.300030
7.683029
8.188075
8.476949
9.038423
9.418096
9.705574
9.747800
9.830744
9.908279
9.948453
9.743402
9.555295
9.415875
9.416469
8.892350
8.490932
7.846034
7.241997
6.843216
6.434950
5.998093
5.468273
5.178934
4.789149
4.331119
4.022056
3.914016
3.511094
3.287805
3.108704
3.020931
2.978563
3.073093
3.140879
3.344237
3.518978
3.662862
3.893473
4.299380
3.924785
3.767177
3.219672
2.743249
3.182604
3.836959
4.252901
4.523796
4.549210
4.369716
4.219612
4.090193
4.025748
4.054385
4.153289
4.234244
4.412401
4.738258
5.013323
5.317827
5.792762
6.112314
6.634105
6.969570
7.333462
7.644706
8.135134
8.448047
8.761225
9.240905
9.573868
9.969278
10.193043
10.016381
10.066513
10.052907
10.191746
9.906290
9.859607
9.980959
10.098069
10.282669
10.586882
9.910713
9.556058
9.099028
8.707731
8.125959
7.776672
7.437292
7.147028
6.865369
6.521869
6.019357
5.665945
5.329262
5.007473
4.513384
4.242182
3.984999
3.648277
3.529599
3.340357
3.292712
3.206373
3.198000
3.315614
3.480774
3.282347
2.754556
2.054294
1.542026
1.172635
2.014521
2.699212
2.655833
2.578242
2.680319
2.944932
3.167671
3.433649
3.698508
4.155572
4.453607
4.777174
5.366166
5.731093
6.105632
6.491164
7.012970
7.401752
8.038676
8.459772
8.444251
8.382013
8.653770
9.068526
9.602868
9.978871
10.547115
11.038883
11.355968
11.277054
11.761816
11.940702
11.989417
12.035697
12.180548
12.167597
12.272941
12.600480
12.934719
13.071401
13.548596
13.741473
14.060774
14.328670
14.601778
14.969590
15.387033
15.846683
16.255559
16.535547
17.171489
17.890020
18.367769
18.371544
19.272996
19.494380
19.622671
19.921811
19.500807
19.179387
18.523803
18.313837
18.185435
18.052722
18.009098
17.868451
17.800800
17.815852
17.933638
17.885009
17.972374
17.902409
17.464618
16.469325
16.293267
16.402788
16.533795
16.675640
16.238645
16.307230
16.635404
16.911088
16.915299
17.032373
17.491175
17.716543
18.069316
18.235431
18.374947
18.494688
18.762144
18.944702
19.010592
19.023760
19.190015
19.440304
20.122647
20.727071
21.164026
21.911081
22.769694
22.505764
21.960403
21.371075
20.707191
20.183435
19.774899
18.827974
18.327001
17.629152
17.373351
17.230131
17.027496
16.831138
16.744037
16.632748
16.579245
16.535580
16.476372
16.444815
16.570032
16.616764
16.732947
16.171805
16.160802
16.147799
16.111990
16.017335
15.845048
15.545477
15.231057
15.181809
15.257127
15.520765
15.880757
16.094933
16.315667
16.819546
17.413629
18.020555
18.250070
18.878909
18.741564
19.408422
19.882621
19.911087
20.031547
20.075304
20.051664
19.041879
18.554829
18.161954
17.388523
17.369177
17.422426
16.924863
16.718756
16.436007
16.314616
16.117542
15.967359
15.850198
15.705286
15.639520
15.643062
15.440665
15.402146
15.460978
15.606028
15.681838
15.798865
15.056108
14.950646
14.818119
14.669457
14.498232
14.278667
14.106885
14.058501
14.072391
14.134258
14.247070
14.352364
14.540318
15.016594
15.715207
16.194355
16.820366
17.217286
17.772434
18.553277
17.818583
17.196924
16.261945
15.717184
15.188078
14.533228
14.320685
14.226315
14.337660
14.752225
15.049325
15.366445
15.650816
16.018633
16.003340
16.026316
15.919422
16.184311
16.562022
16.955535
17.513526
17.482447
17.918718
18.256661
18.811873
18.592951
18.531593
18.873739
19.504756
19.875474
20.400577
20.772650
21.426565
21.818162
22.286984
22.905216
23.384675
23.647131
23.606913
23.379259
23.574496
23.188422
22.946119
22.265672
21.811096
21.753450
21.810018
21.859028
21.236418
20.766921
20.344569
19.985093
19.405010
19.067516
18.711131
18.366339
18.051526
17.701270
17.215007
16.854369
16.807038
16.822463
17.061431
17.155441
17.004846
16.657064
16.268312
15.851884
15.387280
15.012592
14.662810
14.388914
14.354158
14.231438
14.197533
14.071296
14.185941
14.539452
15.072714
15.095982
15.507109
15.802165
16.129409
16.559912
15.855770
15.031013
14.589585
14.040242
13.725460
13.581359
13.312079
13.042348
12.838735
12.662150
12.635257
13.073921
13.408166
13.721339
14.007259
14.419271
14.590698
14.951245
15.351372
15.710724
16.086524
16.605861
17.039682
17.687260
18.161313
18.798148
19.469656
20.147193
20.835610
21.527754
22.207825
22.512624
22.588863
22.626429
22.610861
22.689701
22.549041
21.556044
21.456821
21.488127
21.058429
20.409589
19.802669
19.442337
18.889486
18.500991
17.912333
17.554944
17.228028
17.213305
17.292036
16.850511
16.727403
16.578959
16.294624
16.247751
15.859439
15.609895
15.378107
15.173275
14.978123
14.620304
14.438756
14.284627
14.194323
14.446821
14.896577
15.033132
14.907497
15.417500
15.904000
16.459543
16.843334
16.680697
16.080726
15.699882
15.360298
15.123300
14.944531
14.772179
14.604521
14.592601
14.707817
15.052011
15.300402
15.550592
15.808154
16.003875
16.018678
15.972825
16.378924
16.608177
16.731849
17.044808
17.375656
17.891274
18.162319
18.538540
19.017382
19.363855
19.742552
20.314976
20.753049
21.466139
22.023731
22.511789
23.034467
23.090856
22.575852
22.619835
22.099240
21.903781
21.037664
20.401855
19.522249
18.950521
18.543568
18.017037
17.804755
17.465382
17.117993
16.732264
16.400844
16.080275
15.611552
15.200870
14.769061
14.223827
13.968017
13.673517
13.428315
12.996562
12.829432
12.515911
12.205624
