2.126047 2.002239
2.054457 1.959871
2.054333 1.979612
1.998157 1.967719
1.932266 2.017044
1.915423 2.021526
1.819592 2.093671
1.824152 2.214701
1.812571 2.311227
1.850051 2.419859
1.957164 2.634980
2.002530 2.773547
2.049758 2.950273
2.176015 3.134289
2.207811 3.089508
2.412655 3.195117
2.893334 3.601808
3.438053 4.103331
3.763411 4.327247
4.094845 4.589510
4.310794 4.677866
4.458117 4.800018
4.575407 4.842102
4.706745 4.844008
4.897560 4.926391
5.041588 4.991649
5.211807 5.088262
5.414255 5.226912
5.540152 5.346518
5.701020 5.393440
5.815591 5.477867
5.890047 5.441124
5.996003 5.450072
5.846533 5.535637
5.837794 5.526970
5.921874 5.549030
5.950231 5.535387
5.902756 5.453257
5.874441 5.378094
5.811147 5.342401
5.794038 5.405905
5.763297 5.357564
5.910379 5.410389
6.048886 5.461788
5.963844 5.471201
5.919159 5.419667
5.823762 5.370384
5.942951 5.415780
6.037111 5.501158
6.372734 5.602262
7.144831 6.033009
7.623897 6.438375
8.068176 6.679379
8.276691 6.826688
8.267253 6.846987
8.255788 6.886236
8.278832 6.935335
8.239011 6.883809
8.279346 6.929811
8.064705 6.845948
7.975503 6.749175
7.801449 6.656708
7.530937 6.403049
7.259948 6.231185
7.012886 6.118461
6.672789 5.896037
6.322865 5.600423
6.046708 5.399918
5.564276 5.208996
5.330096 5.100477
5.112667 4.919240
4.451943 4.501357
4.228517 4.307216
3.894626 3.973833
3.901633 3.916410
3.911058 3.977229
3.728065 4.018935
3.684676 4.130982
3.810741 4.426544
3.966478 4.593128
4.148115 4.697742
4.516384 5.112360
4.931839 5.754168
5.152511 6.093254
5.483014 6.412695
5.705582 6.487934
5.876055 6.516944
5.999614 6.438037
6.049725 6.300754
6.055351 6.144923
6.074790 6.026608
6.223306 6.036256
6.351676 6.075216
6.459979 6.083967
6.518347 6.026287
6.600921 5.956654
6.645201 5.924352
6.658538 5.845400
6.717002 5.907357
6.731720 5.785995
6.761592 5.649893
6.715181 5.570158
6.670885 5.600731
6.685392 5.599008
6.529844 5.503262
6.570062 5.553836
6.577095 5.673912
6.831238 5.827670
6.964319 5.852871
7.011641 5.952402
6.883013 5.829436
6.623451 5.736867
6.526370 5.682426
6.279171 5.503876
6.299009 5.411809
6.197772 5.430563
6.578227 5.703042
7.015581 6.033830
7.088028 6.194615
7.133432 6.306899
7.161362 6.409350
7.064140 6.391339
7.029332 6.246878
6.993547 6.178118
6.915916 6.235030
6.921470 6.262213
6.762380 6.286080
6.731980 6.222146
6.712496 6.169329
6.663039 6.042947
6.589192 5.956451
6.578325 5.926560
6.509033 5.815255
6.402799 5.773452
6.178784 5.804267
6.061154 5.890308
6.167614 6.056595
6.283287 6.240689
6.459896 6.507914
6.719295 6.906391
6.974985 7.278300
7.084057 7.481793
7.179146 7.743015
7.266751 7.870349
7.405353 8.086477
7.453583 8.245214
7.555463 8.420161
7.691469 8.715947
7.754655 8.878065
7.828046 9.070298
7.786687 9.156749
7.425268 9.171159
7.207333 9.153262
7.061536 8.980139
6.800386 8.830852
6.630859 8.662699
6.548440 8.412429
6.589779 8.395883
6.682606 8.338716
6.593639 8.257981
6.697272 8.226786
6.684001 8.164584
6.672734 8.176413
6.533574 8.029586
6.554385 7.892142
6.576155 7.757260
6.580144 7.650359
6.523125 7.578298
6.554916 7.477310
6.626959 7.168351
6.785467 7.138120
6.942487 7.074675
6.977592 7.024520
6.829732 6.566928
6.723163 6.422623
6.583180 5.983869
6.350405 5.729331
6.384773 5.552780
6.317681 5.461106
6.216480 5.311538
6.218962 5.324758
5.948394 5.027142
5.844000 4.811993
5.774327 4.737618
5.645585 4.433459
5.740541 4.138376
5.735313 3.886755
5.536284 3.546843
5.396276 3.413273
5.174738 3.332040
5.194622 3.425295
5.058400 3.372925
5.005093 3.557058
5.150814 3.785157
5.355841 4.038960
5.569237 4.288067
5.954385 4.743727
6.582942 5.252862
7.045025 5.477361
7.653798 5.550912
7.790097 5.444154
7.625103 5.118514
7.296471 5.024695
7.014009 5.006512
6.949233 5.191902
7.038582 5.393921
7.106354 5.468551
7.103167 5.562487
7.106877 5.717159
7.078606 5.827449
7.077090 5.932998
7.043835 6.014659
6.967020 6.128389
6.835672 6.101834
6.702767 6.158238
6.616188 6.190189
6.518211 6.241883
6.455862 6.175814
6.498702 6.210710
6.453044 6.321149
6.486392 6.426602
6.098059 6.469623
5.889568 6.429994
5.652354 6.305757
5.595619 6.155254
5.574529 6.077849
5.455313 5.953437
5.401285 5.878332
5.391420 5.868113
5.080217 5.651880
5.384137 5.476485
4.751334 4.705575
4.101373 3.983406
3.796505 3.701754
3.578165 3.380661
3.422427 3.260710
3.472070 3.292289
3.475660 3.400728
3.649919 3.559968
3.849021 3.819029
3.977806 4.033518
4.091758 4.208403
4.306611 4.407434
4.393368 4.424483
4.499635 4.477942
4.599162 4.549354
4.716323 4.637840
4.867412 4.778322
4.921235 4.901692
5.062959 5.040152
5.221565 5.304318
5.243778 5.265994
5.162143 5.200836
4.910345 5.108725
4.658836 4.909001
4.446834 4.683448
4.242349 4.548408
4.188751 4.451757
4.100235 4.480372
4.124745 4.555084
4.129340 4.678734
4.108365 4.584133
4.063362 4.544314
4.007131 4.362256
4.002979 4.040601
3.995495 3.913316
3.846138 3.803261
3.843140 3.768720
3.793993 3.643420
3.845721 3.681437
3.986537 3.773526
4.148646 3.638459
4.200913 3.587983
4.120700 3.374824
3.887600 3.173322
3.563510 2.714454
3.232976 2.574569
3.044463 2.372094
2.914811 2.243851
2.899996 2.219394
3.070875 2.355332
3.047266 2.496250
3.184303 2.710334
3.254163 2.898556
3.483587 3.265167
3.539522 3.543028
3.770254 3.874433
4.102777 4.289478
4.457382 4.685058
4.649173 5.090942
4.813529 5.241239
4.884986 5.325552
4.990479 5.461709
5.214580 5.724540
5.201826 5.785044
5.328437 5.891129
5.298300 5.767016
5.283794 5.618518
5.397587 5.639989
5.413014 5.518973
5.316265 5.355457
5.263748 4.933440
5.131003 4.704463
5.050371 4.545977
4.731387 4.217204
4.621198 4.103906
4.533031 3.882626
4.485430 3.761056
4.499716 3.668769
4.395950 3.539241
4.369803 3.502782
4.259714 3.405700
4.117586 3.207381
4.019788 3.033566
3.912863 2.904902
3.801105 2.735184
3.694023 2.633238
3.690924 2.591242
3.819495 2.645099
3.862077 2.624232
4.026746 2.670919
3.824293 2.583679
3.441412 2.383195
3.048310 2.103717
2.899427 1.891628
2.673938 1.755346
2.660375 1.926431
2.612856 2.147453
2.643829 2.290589
2.672767 2.524336
2.840351 2.687625
2.920571 2.778059
3.052512 3.034384
3.253512 3.325884
3.508916 3.622194
3.803864 4.004382
4.153589 4.345272
4.341768 4.606989
4.719339 4.856760
5.160404 5.027512
5.348904 4.941907
5.528644 4.950365
5.550043 4.701310
5.550918 4.827453
5.517436 4.902958
5.560125 5.006980
5.667369 5.179297
5.836458 5.448181
6.017509 5.773149
6.186781 6.091326
6.328587 6.324282
6.363524 6.599492
6.405892 6.854500
6.522559 7.088685
6.626621 7.473563
6.830710 7.835923
6.822836 7.898191
6.885541 8.233795
6.867615 8.413749
7.021664 8.702912
7.312964 9.203235
7.364223 9.629993
7.407643 9.888070
7.312810 10.005012
7.096328 10.143837
7.015180 10.258748
6.974967 10.161806
6.753049 10.115059
6.611818 9.974007
6.374321 9.869221
6.186760 9.476368
5.995118 9.249451
6.044317 9.417740
6.213306 9.930268
6.805204 10.816842
7.810993 11.871638
8.313607 11.481356
8.500254 9.799401
8.307919 7.360621
8.121594 6.043440
8.233745 5.739067
7.632511 4.855934
7.116878 4.200864
6.605591 3.726651
6.227178 3.388007
5.834616 3.335180
5.612719 3.292137
5.528115 3.316809
5.493715 3.399779
5.358597 3.327551
5.438820 3.415899
5.186835 3.351069
4.890056 3.267320
4.656272 3.216350
4.649892 3.326314
4.677250 3.443353
4.668569 3.604253
4.784358 3.788917
4.939251 3.880483
4.970908 4.059080
5.152771 4.308829
5.210665 4.481188
5.249555 4.497515
5.237724 4.697419
5.112183 4.692889
4.823911 4.676156
4.674609 4.633525
4.531967 4.457566
4.388757 4.386215
4.450988 4.326777
4.550854 4.405709
4.633923 4.484479
4.755610 4.584476
4.808532 4.668162
4.864571 4.800312
4.973241 4.979378
5.002486 5.058996
5.233821 5.290600
5.474407 5.475032
5.640047 5.638486
5.764816 5.762962
5.879214 5.908901
5.662590 5.881680
5.595748 5.708388
5.412275 5.615653
5.374949 5.628967
5.291393 5.664674
5.179132 5.801825
5.123551 5.844257
5.099703 5.979167
5.183180 6.271103
5.183626 6.382695
5.168357 6.539116
5.159027 6.961578
5.136655 7.202814
5.144755 7.449127
5.231663 7.782101
5.178855 7.972570
5.202966 8.243966
5.222001 8.504810
5.326532 9.019264
5.370608 9.358321
5.470012 9.689136
5.613867 9.912810
5.708006 10.143053
5.722186 10.469831
5.845237 10.789160
5.851862 10.964041
5.935560 11.286555
6.050143 11.512902
6.230331 11.823805
6.456217 12.173600
6.846048 12.478426
7.209070 12.505429
7.698320 12.164251
7.986694 11.565136
8.083533 10.697600
8.106762 9.880141
8.151088 8.908394
8.254894 8.179488
8.312226 7.713469
7.999593 7.408911
7.844193 6.759867
7.526862 6.486449
7.030570 5.788472
6.662544 5.211899
6.220686 4.997807
5.996076 4.952154
5.776161 4.745916
5.496019 4.555063
5.594843 4.666252
5.431807 4.515267
5.285779 4.514445
4.945492 4.336745
4.789034 4.406437
4.842241 4.474028
4.709422 4.430497
4.502903 4.298764
4.499951 4.361573
4.487033 4.361128
4.553180 4.413128
4.416339 4.184104
4.374873 4.218779
4.296639 4.258794
4.302189 4.278632
4.142508 4.215241
4.161517 4.258291
4.072863 4.244271
4.221609 4.200250
4.348776 4.293016
4.531902 4.499132
4.395074 4.657267
4.390465 4.617482
4.698131 4.677687
4.904126 4.819016
4.655309 4.641550
4.582150 4.531942
4.640148 4.576068
4.770441 4.685576
4.775340 4.695328
4.761887 4.648309
4.700161 4.477352
4.716087 4.502982
4.743464 4.572300
4.814077 4.647513
4.784716 4.689558
4.547090 4.643685
4.669351 4.751329
4.741228 4.810024
4.812364 4.883583
4.963500 5.009358
5.034330 5.083288
5.055276 5.115449
5.092947 5.228883
5.019259 5.230623
5.008801 5.204512
4.939048 5.138534
4.870430 5.084226
4.898188 5.002135
5.049075 5.101225
5.273501 5.108437
5.239262 5.120970
5.270592 5.105820
5.304178 5.191511
5.195435 5.230271
5.181066 5.141443
5.145225 5.161336
5.177526 5.302288
5.285950 5.443041
5.414373 5.559699
5.555858 5.657999
5.427552 5.653993
5.172126 5.589487
4.713511 5.422504
4.499801 5.112226
4.471470 5.060644
4.269758 4.927707
4.053403 4.678140
4.013251 4.621455
3.966823 4.494458
4.105762 4.589310
4.039840 4.458261
3.849231 4.330908
3.897431 4.278621
3.891584 4.185697
3.904483 4.164736
3.945348 4.274046
3.935010 4.295970
4.021637 4.337903
4.128788 4.449138
4.335821 4.631959
4.392996 4.789687
4.624741 4.928132
4.766974 5.061030
4.890844 5.265657
5.132783 5.479304
5.338264 5.673542
5.616813 5.951060
5.864051 6.196372
6.445410 6.727121
6.891269 7.408318
