0.185284
0.267278
0.397556
0.418442
0.460683
0.628790
0.545610
0.616887
0.895771
1.026769
1.332940
1.501839
1.712520
2.132195
2.200774
2.173984
1.907533
1.712904
1.778402
1.352976
1.116917
1.182836
1.491755
1.919192
2.386990
3.047493
3.568448
4.104387
4.461993
4.743863
5.087696
5.460900
5.745133
6.100934
6.330865
6.683322
6.875641
7.079227
7.210687
7.434729
7.715256
7.847484
8.347087
8.606053
8.965597
8.957388
9.011284
9.195563
9.247252
9.149708
9.321616
9.422634
9.634921
9.344558
9.047769
8.451691
7.832728
7.482514
7.107746
6.686972
6.071383
5.623006
5.363678
4.837465
4.360144
3.908612
3.413086
2.833413
2.168237
1.913492
1.853067
1.851543
2.063091
2.415442
2.881067
3.088352
3.353425
3.822155
4.004597
3.866705
3.475456
2.959635
3.208181
3.361849
3.418866
3.187548
3.136496
2.942830
2.902309
2.742387
2.807481
3.182411
3.465599
3.817276
4.291213
4.927501
5.366331
5.873404
6.333571
6.590089
7.061323
7.331502
7.501822
7.640840
8.115717
8.370694
8.618970
9.213046
9.684803
10.005644
10.439540
10.264753
10.217970
10.459091
10.528748
10.350891
10.505371
10.869904
11.095971
11.393637
11.567681
10.836804
10.377321
9.952533
9.604796
9.197278
8.888932
8.630107
8.083806
7.502466
7.074203
6.403423
5.939249
5.558193
5.148975
4.624523
4.424762
4.291156
4.065523
4.105227
4.217875
4.237968
4.249068
4.389951
4.414121
4.454593
4.258103
3.704998
3.507093
3.431521
3.770167
4.883792
6.289967
7.246800
7.897156
8.425034
9.003280
9.170545
9.413480
9.571189
9.821850
10.001206
10.195163
10.481682
10.695394
10.901455
11.138709
11.416562
11.708016
12.123077
12.397503
12.508623
12.560166
13.059159
13.459820
13.982224
14.179556
14.789332
15.298906
15.142401
14.911676
14.720998
14.408156
14.067611
14.236027
14.974353
15.656135
16.317022
16.761021
17.292498
17.621695
18.250846
18.543838
18.990261
19.377560
19.730444
20.483262
21.578532
23.143862
24.819495
25.991290
27.308025
27.924149
28.439007
28.468647
28.726313
28.683885
28.280105
27.759478
27.358796
26.959935
26.187981
25.621408
25.111794
24.687191
24.185551
23.511631
23.074488
22.623725
22.016791
21.523022
21.542122
21.376232
20.735098
19.557928
19.111371
18.666016
18.332712
17.930515
17.899743
19.113671
20.124657
20.647072
21.031005
21.284576
21.560073
21.818895
21.987442
22.330101
22.524481
22.580755
23.021379
23.338953
23.335280
23.394852
23.703655
24.027230
24.576748
24.931055
25.148167
25.442221
25.553384
25.122257
24.433858
24.028332
23.500986
23.032211
22.560116
21.483650
20.695625
19.633995
19.094183
18.660255
18.382168
17.923372
17.712176
17.380979
17.326279
17.235163
17.096209
17.154006
17.295832
17.367007
17.467227
17.484458
18.012156
18.479678
18.922434
19.168730
19.464110
19.673207
19.723311
19.861140
20.048096
20.347728
20.652002
20.787286
21.049619
21.524893
21.988467
22.368178
22.402491
22.569743
22.530943
22.635529
22.945047
22.918295
22.976672
23.205329
23.516164
23.073369
22.874836
22.465871
21.803164
21.522794
21.539482
20.672933
20.270357
20.084958
20.122358
19.946974
19.887655
19.643287
19.327821
19.264744
19.203897
18.786381
18.637107
18.496813
18.329030
18.129740
18.109993
18.464184
19.078581
19.457025
19.934016
20.450293
20.786642
21.011593
21.297352
21.356957
21.432590
21.761898
22.072854
22.376020
22.908387
23.852620
24.571436
25.503492
26.396671
27.768652
28.894522
28.889766
28.430060
27.929212
27.680887
27.444195
27.025343
26.819269
26.700223
26.771248
27.504971
27.755010
28.363742
28.850041
29.428102
29.326544
28.959049
28.710813
28.819620
28.265835
27.734024
27.357202
26.485697
26.021778
25.610695
25.295614
24.642825
23.927447
23.789380
23.378151
23.266263
23.784777
24.681117
26.815917
31.435589
36.608863
41.152154
44.440193
45.647335
46.264580
46.598637
47.014453
46.830469
46.688498
46.161997
45.805786
45.950469
45.985448
46.078096
45.565207
45.073108
44.615191
44.175724
43.579562
43.220550
42.768576
42.349603
41.923161
41.492228
40.878636
40.447030
40.546427
40.646292
40.714815
40.646550
40.551477
40.180714
39.709088
39.334077
38.764960
38.345500
37.974312
37.611334
37.202284
36.905349
36.708632
36.414308
36.059289
35.991338
36.154628
36.110573
36.274178
36.393484
36.753516
36.970572
36.388894
35.961024
35.536205
35.266129
34.972416
34.982487
34.858082
34.592709
34.428999
34.256620
34.158001
34.303434
34.252132
34.196593
33.810055
33.799150
33.422051
33.722970
33.905238
33.863693
33.570704
33.723053
33.638955
33.695618
33.562452
34.310616
35.841473
37.605282
40.586068
43.039417
45.086269
46.342895
47.393667
48.013700
48.676603
49.600287
49.724482
49.194632
49.354533
49.451572
48.987984
48.308086
47.585631
47.239903
46.673646
46.339269
45.685327
45.220344
44.883653
44.800914
44.960193
44.327976
43.932232
43.521106
43.191680
42.746326
42.214058
41.890106
41.389681
40.900451
40.598245
40.000490
39.652627
39.301943
38.936322
38.804642
38.980949
38.953629
39.103481
39.294958
39.287796
39.431762
39.529265
39.189940
38.965140
38.868811
38.924976
39.046153
39.251619
39.457256
39.843688
39.990687
40.399721
41.050822
41.472955
41.931508
42.417162
42.825755
42.875054
42.946853
43.410562
43.859916
44.168518
44.540094
45.333767
46.058896
46.593071
46.969485
47.665620
48.116052
48.538688
49.229944
49.656859
50.389738
50.903331
51.390643
51.727710
51.640826
51.184985
51.234434
50.826280
50.462662
49.913022
49.333058
48.494829
47.820303
47.353198
46.796161
46.240551
45.875791
45.436825
45.002520
44.548755
44.083827
43.402630
43.011604
42.621029
41.998670
41.525554
41.111382
40.692603
40.075048
39.697468
38.580398
36.977572
