190
290
390
470
570
670
770
860
970
1070
1170
1170
1170
1170
1170
1170
1170
1170
1170
1170
1170
1170
1170
1170
1170
1170
1160
1170
1170
1170
1170
1170
1170
1160
1170
1170
1170
1160
1170
1170
1170
1170
1170
1160
1170
1160
1170
1170
1170
1160
1170
1160
1170
1170
1170
1170
1170
1170
1160
1170
1180
1160
1170
1170
1170
1160
1170
1170
1170
1160
1180
1170
1170
1160
1160
1170
1160
1170
1160
1160
1180
1170
1180
1170
1170
1180
1170
1180
1170
1170
1180
1170
1170
1180
1170
1180
1170
1170
1180
1170
1170
1180
1170
1170
1180
1170
1170
1170
1170
1180
1170
1170
1180
1170
1180
1170
1170
1180
1170
1170
1180
1170
1180
1170
1170
1180
1170
1170
1180
1160
1180
1170
1170
1170
1170
1170
1170
1170
1180
1170
1170
1170
1170
1180
1170
1170
1170
1180
1170
1170
1170
1180
1170
1170
1180
1170
1170
1170
1180
1170
1170
1170
1170
1170
1170
1170
1170
1170
1170
1170
1170
1160
1170
1170
1170
1170
1170
1170
1170
1170
1170
1160
1160
1170
1170
1170
1170
1170
1170
1160
1180
1160
1160
1170
1170
1170
1160
1170
1170
1170
1170
1170
1170
1170
1160
1170
1170
1170
1170
1170
1170
1170
1170
1180
1180
1170
1170
1180
1180
1180
1180
1180
1180
1180
1190
1170
1180
1180
1180
1180
1180
1180
1180
1180
1170
1180
1170
1180
1180
1170
1180
1170
1170
1180
1180
1180
1180
1180
1170
1180
1170
1170
1170
1180
1170
1170
1170
1170
1170
1170
1180
1170
1170
1170
1170
1170
1170
1170
1170
1170
1180
1170
1170
1170
1170
1170
1160
1170
1170
1170
1180
1160
1160
1170
1170
1170
1170
1170
1170
1170
1170
1170
1160
1170
1170
1170
1170
1160
1170
1160
1180
1160
1160
1170
1170
1170
1170
1160
1170
1170
1170
1170
1170
1170
1170
1170
1170
1160
1160
1170
1170
1170
1170
1170
1170
1160
1170
1170
1170
1170
1170
1170
1170
1170
1170
1170
1160
1160
1170
1170
1170
1170
1160
1170
1170
1160
1160
1170
1160
1160
1170
1170
1170
1170
1170
1170
1170
1170
1170
1170
1170
1170
1170
1170
1170
1170
1170
1170
1170
1160
1180
1160
1160
1160
1160
1170
1170
1170
1170
1170
1180
1160
1160
1170
1170
1170
1170
1170
1170
1160
1180
1160
1170
1170
1170
1160
1170
1160
1170
1170
1170
1170
1170
1160
1170
1170
1170
1170
1160
1160
1180
1170
1160
1170
1170
1170
1170
1170
1170
1160
1180
1160
1170
1170
1170
1160
1170
1160
1170
1170
1170
1170
1160
1170
1160
1170
1170
1160
1170
1170
1170
1170
1160
1170
1170
1160
1170
1160
1170
1170
1170
1170
1170
1160
1170
1170
1170
1170
1160
1170
1180
1160
1170
1170
1170
1170
1160
1170
1170
1170
1170
1170
1160
1160
1170
1170
1170
1170
1160
1170
1170
1170
1160
1170
1170
1170
1160
1170
1160
1170
1170
1160
1170
1170
1170
1170
1160
1170
1170
1170
1170
1170
1160
1170
1170
1160
1160
1170
1170
1160
1170
1170
1170
1170
1170
1160
1170
1170
1160
1170
1170
1170
1160
1170
1170
1160
1170
1170
1170
1160
1170
1170
1170
1170
1170
1160
1170
1170
1170
1160
1170
1170
1160
1170
1160
1170
1170
1170
1160
1170
1170
1170
1160
1160
1160
1160
1170
1160
1170
1170
1160
