2.133362 1.986129
2.167586 1.993160
2.195939 2.021996
2.192339 2.072411
2.213707 2.158207
2.260060 2.285902
2.247724 2.323494
2.192448 2.366051
2.168045 2.472626
2.145873 2.594237
2.148849 2.746726
2.169671 2.914226
2.264050 3.110468
2.424208 3.319241
2.415491 3.245906
2.425117 3.055170
2.645694 3.225011
3.038059 3.695603
3.250695 3.929429
3.516299 4.179255
3.680267 4.374969
3.751180 4.463591
3.825136 4.588331
3.918135 4.679564
4.044161 4.820345
4.155875 4.965457
4.293059 5.072310
4.390766 5.052029
4.506532 5.086364
4.671445 5.168609
4.816775 5.267958
4.813716 5.180708
4.749403 5.072457
4.722251 4.936451
4.694133 4.843199
4.695189 4.640819
4.659861 4.554455
4.548051 4.409262
4.530618 4.422837
4.336674 4.430285
4.140216 4.382264
4.100526 4.313856
4.100001 4.383851
4.129997 4.347654
4.013070 4.210668
3.733798 4.126354
3.603418 4.095835
3.381656 4.085566
3.216033 4.057844
3.138618 4.059358
3.538316 4.382685
4.066969 4.874309
4.675745 5.400674
5.406751 5.922716
5.723015 6.199457
5.822229 6.316315
5.968874 6.451826
5.999618 6.552609
6.000146 6.539804
6.001422 6.571158
6.049339 6.544676
5.987432 6.498429
5.943622 6.441949
5.946454 6.366939
5.707635 6.172646
5.421912 5.878656
5.190534 5.582832
4.970886 5.378925
4.744686 5.205550
4.435869 4.918789
4.100065 4.738484
3.955989 4.340495
3.780463 4.099493
3.724922 3.961594
3.765649 3.900630
3.843406 3.892313
3.987850 4.081600
4.064446 4.158874
4.181947 4.371691
4.243770 4.512451
4.296941 4.538104
4.959602 5.074287
5.814800 5.620756
6.632786 6.440853
7.397238 7.131069
7.740144 7.344139
7.883358 7.463437
7.889225 7.471728
7.882903 7.502580
7.855682 7.499742
7.819769 7.438878
7.987755 7.540657
8.113677 7.611626
8.302511 7.732608
8.414845 7.944843
8.573665 8.073162
8.715280 8.221387
8.794929 8.232818
8.733338 8.272244
8.564209 8.263523
8.522677 8.258185
8.468790 7.993109
8.263984 7.840796
7.877896 7.635865
7.895410 7.531788
7.781367 7.283840
7.592628 7.219658
7.488997 7.287956
7.471216 7.262544
7.410437 7.145555
7.239788 6.921679
7.037218 6.703881
6.864623 6.407019
6.702690 6.241633
6.292041 6.006998
6.037476 5.669129
6.142643 5.765282
6.436420 5.996418
6.843941 6.117829
6.938035 6.493959
7.171908 6.824441
6.792898 6.775249
6.525916 6.566740
6.415919 6.609476
6.479643 6.696720
6.605297 6.908357
6.821526 7.223887
6.915079 7.349649
6.898261 7.320618
6.942279 7.242718
6.998851 7.289502
6.971238 7.397386
6.725266 7.328499
6.804374 7.346954
6.771584 7.442937
6.645819 7.515659
6.803759 7.789278
7.069275 8.143989
7.307488 8.465441
7.626033 8.823182
7.922517 9.262808
8.088576 9.565665
8.392105 9.983409
8.679183 10.323212
8.833953 10.668813
9.128727 10.861386
9.218483 11.000584
9.363678 11.120934
9.426666 11.317919
9.484279 11.498252
9.575867 11.775500
9.622802 12.053381
9.820792 12.420276
10.046926 12.421671
10.061376 12.466525
10.122451 12.492232
10.063682 12.442757
10.047785 12.489695
9.957632 12.519378
9.994616 12.545039
10.014872 12.533899
10.039116 12.595176
9.988042 12.678128
10.033314 12.763240
10.110391 12.841547
10.005505 12.829005
10.019034 12.818738
10.090565 12.748457
10.159615 12.758138
10.304353 12.876271
10.427835 12.985043
10.377976 13.042798
10.514560 13.005152
10.484904 12.867633
10.495419 12.844412
10.402386 12.834843
10.426048 12.743607
10.256650 12.806176
10.253209 12.748524
10.112762 12.726140
9.988435 12.351735
9.838970 12.187008
9.684882 12.030492
9.516546 11.993644
9.378389 11.728442
9.123826 11.540036
8.885741 11.593808
8.889918 11.728583
8.930141 11.783480
8.871156 11.732517
8.676826 11.545596
8.317679 11.300945
8.289080 11.186369
7.975895 11.156651
8.095070 11.257568
8.400603 11.558833
8.992333 11.929480
9.622973 12.648979
10.794403 13.569730
11.983962 14.517903
13.015425 15.568878
13.982191 16.522457
14.639462 17.219933
15.465713 17.836538
16.139833 18.367104
16.364059 18.635724
16.550560 18.827585
16.574312 18.826251
16.586589 18.806635
16.757281 18.935039
16.798062 18.929045
16.801751 18.922826
16.802708 18.934542
16.920888 19.011115
16.932147 19.034205
16.955267 19.060964
17.008721 19.107274
16.998186 19.154258
17.042511 19.214596
16.903104 19.103594
16.651160 18.862131
16.683286 18.856861
16.603182 18.903203
16.586719 18.797779
16.356743 18.769786
15.908995 18.650795
15.611546 18.375551
15.502571 18.170753
15.223852 17.936122
14.889145 17.778068
14.823699 17.758629
15.087049 17.969777
15.259760 18.278619
15.705404 18.473164
15.809413 18.616853
15.663529 18.558154
15.565903 18.587892
15.383856 18.379176
15.021011 18.184562
14.775471 18.079927
14.702321 18.117635
14.769388 18.179836
15.311714 18.399864
15.697522 18.489951
15.869613 18.608210
16.254340 18.935537
16.443723 19.170405
16.461367 19.287330
16.997597 19.504052
17.600659 19.722756
18.030206 19.917418
18.224849 20.154704
18.380558 20.299368
18.515439 20.432069
18.538106 20.419092
18.545344 20.437179
18.551154 20.428011
18.549326 20.448085
18.565618 20.462538
18.836393 20.599018
19.010260 20.669607
19.033090 20.677082
19.043201 20.692700
19.063930 20.698226
18.889655 20.534544
18.621689 20.369837
18.357338 20.120230
18.248765 19.955215
18.052553 19.646796
17.860246 19.433053
17.770527 19.360496
17.697283 19.405081
17.243170 19.260846
17.242910 19.050455
16.928300 18.880513
16.937441 19.045347
17.359346 19.318087
17.275555 19.341118
16.949096 19.140848
16.708015 18.842626
16.126313 18.549946
15.641404 18.306373
15.581714 17.919328
15.022125 17.794598
14.405121 17.534175
14.118338 17.579042
14.173380 17.625987
14.245574 17.681828
14.477514 17.771444
15.024918 18.083966
15.304064 18.409834
15.939785 18.829031
16.400396 19.162134
16.756139 19.344716
17.215171 19.603147
17.634914 19.892777
17.719243 19.908927
17.756566 19.927538
17.808690 20.014989
17.813194 20.135123
17.804675 20.124939
17.581074 20.028611
17.310352 19.979178
17.210615 19.952067
16.739292 19.736399
16.570691 19.561282
16.227554 19.475336
16.093010 19.354733
15.879395 19.211616
15.346097 19.123975
15.245252 18.999718
15.052666 18.967041
15.005437 18.959773
14.914140 18.857422
14.739069 18.765633
14.390138 18.508889
14.152945 18.251126
13.966016 17.819767
13.439082 17.516407
12.946804 17.357090
12.341161 17.109112
11.548601 16.757993
11.620973 16.506232
11.662401 16.571077
11.570867 16.752758
11.502413 16.803846
11.537299 16.816118
11.600215 16.772083
11.241257 16.466193
11.221820 16.500926
10.882681 16.355916
10.450120 16.293069
10.474200 16.209895
10.197198 16.056520
10.286911 15.964815
10.379676 16.037128
10.516514 16.124687
10.621510 16.272443
10.938017 16.481016
11.125772 16.865060
11.589160 17.567743
11.902570 18.199119
12.013705 18.503437
12.473289 18.726574
12.887083 18.863423
12.932888 19.020902
12.987180 19.167612
13.135366 19.484271
13.350236 19.593750
13.606340 20.029714
13.679530 20.072911
13.889466 20.327026
14.057418 20.516357
14.548060 21.144572
14.774193 21.430138
15.652677 21.927255
15.878375 22.197331
15.994032 22.402777
16.059520 22.606652
16.595081 22.975605
16.998465 23.506040
17.405659 23.967089
17.529642 24.128258
17.629550 24.265578
17.936695 24.531477
18.075968 24.677750
18.413152 24.888306
18.700660 25.038842
18.783357 25.101268
18.826926 25.146860
18.954056 25.288626
19.184894 25.470096
19.665647 25.856394
19.979287 26.118847
20.677442 26.709940
21.247005 27.662694
21.579632 28.219273
22.042506 28.603194
22.678913 29.112367
23.245489 29.631596
23.633116 29.964883
24.147340 30.522765
24.544551 30.920584
25.022680 31.165717
25.310907 31.335962
25.764844 31.608348
26.095262 31.838231
26.350353 32.198473
26.692008 32.476066
26.932785 32.693252
27.122055 32.947022
27.377161 33.088283
27.438332 33.100248
27.583583 33.389831
27.611151 33.477472
27.633571 33.550726
27.693425 33.686625
27.746108 33.708488
27.779213 33.728323
27.805975 33.753311
27.837069 33.795753
27.882069 33.849736
27.929562 33.886319
27.844596 33.911716
27.992744 34.035018
28.020134 34.101128
28.040514 34.132299
28.023593 34.122761
28.046602 34.126903
28.069481 34.134858
28.175233 34.245232
28.205975 34.259776
28.239639 34.265114
28.255490 34.280883
28.274011 34.306216
28.314021 34.342483
28.494871 34.391992
28.504263 34.437449
28.508362 34.517326
28.514546 34.551346
28.514461 34.604977
28.543732 34.608136
28.540695 34.582679
28.601048 34.624086
28.683197 34.646099
28.697401 34.546373
28.756523 34.483381
28.794779 34.317953
29.110312 34.339708
29.079831 34.305857
29.102892 34.254669
29.107316 34.230727
29.144688 34.220530
29.122272 34.085164
29.178296 33.923661
29.172281 33.853580
29.169681 33.664761
29.157868 33.608046
29.158072 33.520040
29.119508 33.466642
29.177684 33.521156
29.242595 33.554522
29.218931 33.457624
29.295581 33.494818
29.361146 33.526334
29.435089 33.575693
29.529015 33.661811
29.601408 33.748952
29.679026 33.808866
29.771354 33.918845
29.837676 34.016986
29.901889 34.100336
30.224667 34.402538
30.599278 34.694661
31.092958 35.140166
31.366189 35.455529
31.586071 35.651786
31.881147 35.794722
32.106479 36.151548
32.392429 36.248336
32.519901 36.320185
32.687905 36.615772
32.836396 36.959633
33.039368 37.064002
33.196382 37.078900
33.470292 37.183021
33.416350 37.077014
33.383560 37.198961
33.109183 37.049062
33.134837 37.125823
33.213553 37.167394
33.099117 37.179679
32.980373 37.188307
32.875999 37.191211
32.632901 37.156764
32.467213 37.109107
32.225037 37.055624
31.916654 37.003571
31.949689 36.942154
31.768670 36.876647
31.544884 36.854721
31.459036 36.863634
31.376196 36.729879
31.123089 36.424792
30.910485 36.426734
30.864699 36.259471
30.893082 36.266031
30.855739 36.317803
30.577565 36.259100
30.520593 36.284521
30.555001 36.305092
30.614364 36.340159
30.514446 36.173991
30.143570 36.128118
30.273560 36.191448
30.129081 36.112372
30.115243 36.139903
30.053497 36.167553
30.057940 36.208041
30.268236 36.363767
30.387928 36.498637
30.412362 36.509339
30.589172 36.584310
30.624345 36.602462
30.871679 36.852580
31.221814 37.235716
31.631390 37.491305
31.625994 37.504825
31.655550 37.600503
31.674349 37.602576
31.851234 37.674808
31.896495 37.693427
32.412422 37.836459
32.442922 37.854181
32.462827 37.868366
32.440974 37.877513
32.884388 37.933597
32.918088 37.954366
32.947842 37.977926
32.910957 38.069251
32.750422 38.092283
32.784580 38.110864
32.813890 38.119562
32.306975 38.118090
32.163975 38.113932
32.188424 38.143396
32.142811 37.963423
32.132280 37.971506
32.003534 37.967473
31.609692 37.921711
31.653377 37.931801
31.670341 37.877099
31.676497 37.832107
31.157883 37.677988
31.058160 37.605411
31.047873 37.595273
30.987866 37.561853
30.714273 37.506586
30.706940 37.495821
30.486359 37.355914
30.502285 37.358531
30.518632 37.331825
30.549262 37.231685
30.348365 37.165329
30.357394 37.160283
30.039622 37.051475
29.789420 36.878121
29.799200 36.901217
29.372720 36.725800
29.137611 36.498095
29.104737 36.425083
29.103455 36.338288
28.951056 36.329357
28.949202 36.316612
28.982204 36.330864
29.010627 36.320680
29.045633 36.334525
29.102001 36.374878
29.156519 36.424162
29.285326 36.526539
29.505456 36.723232
