60
8430
8720
8840
9020
9210
9400
9580
9810
10020
6590
8450
8650
8840
9060
9210
9440
9600
9810
10020
6600
8460
8670
8830
9020
9240
9420
9590
9820
9970
6620
8460
8630
8810
9010
9220
9390
9590
9810
10010
6580
8430
8630
8840
8990
9230
9420
9620
9780
10000
6570
8450
8650
8810
9020
9220
9380
9560
9780
9970
6570
8480
8650
8820
9010
9230
9380
9600
9770
9990
6570
8450
8620
8810
9030
9190
9390
9650
9780
9990
6580
8490
8590
8800
9020
9200
9390
9560
9750
9940
6590
8470
8640
8850
9010
9190
9400
9610
9780
10020
6580
8420
8620
8840
9030
9230
9410
9640
9780
10000
6580
8420
8600
8800
9000
9190
9370
9570
9760
9960
6560
8420
8610
8790
9000
9210
9370
9580
9770
9960
6580
8450
8620
8810
9000
9200
9400
9560
9750
9960
6560
8440
8670
8800
8990
9180
9380
9620
9800
9960
6570
8430
8610
8800
8980
9160
9390
9590
9820
10010
6560
8410
8630
8790
9000
9210
9400
9570
9780
9950
6630
8470
8680
8870
9080
9230
9450
9650
9810
10010
6550
8450
8590
8770
8980
9200
9420
9560
9740
9960
6550
8410
8580
8780
8970
9200
9370
9550
9770
10000
6540
8400
8590
8790
8970
9160
9410
9600
9760
9940
6620
8540
8700
8900
9100
9290
9470
9730
9870
10100
6610
8470
8680
8820
9060
9260
9390
9610
9800
10000
6600
8460
8640
8870
9020
9280
9410
9630
9850
9990
6580
8440
8640
8830
9010
9240
9450
9640
9830
10010
6580
8450
8640
8860
9090
9210
9410
9600
9830
10070
6600
8450
8650
8840
9020
9210
9430
9630
9800
9990
6590
8480
8620
8830
9040
9260
9440
9620
9840
10030
6580
8460
8640
8820
9010
9210
9420
9620
9810
10010
6510
8430
8660
8850
9020
9220
9410
9610
9830
10000
6590
8470
8630
8820
9000
9220
9440
9640
9780
9980
6570
8450
8700
8850
9000
9210
9400
9610
9800
10010
6580
8450
8650
8830
9020
9240
9460
9600
9840
10030
6600
8530
8640
8830
9060
9210
9400
9600
9820
10060
6590
8460
8670
8830
9070
9260
9420
9650
9820
10060
6590
8450
8650
8820
9060
9220
9420
9610
9770
10000
6600
8480
8670
8840
9060
9240
9440
9630
9820
10100
6640
8450
8650
8860
9100
9280
9440
9640
9840
10040
6610
8480
8670
8890
9110
9250
9440
9610
9870
10000
6640
8500
8680
8870
9070
9250
9480
9660
9840
10070
6600
8490
8660
8850
9030
9260
9350
9630
9820
10030
6620
8460
8660
8840
9060
9300
9430
9660
9800
10000
6620
8500
8700
8880
9110
9250
9480
9660
9880
10090
6660
8530
8700
8880
9100
9290
9480
9720
9850
10080
6640
8480
8680
8870
9060
9300
9460
9630
9850
10040
6620
8570
8700
8880
9080
9280
9460
9660
9900
10060
6640
8480
8680
8880
9070
9280
9460
9650
9860
9990
6590
8470
8690
8880
9050
9230
9500
9630
9820
9990
6630
8510
8690
8870
9060
9280
9440
9660
9790
10000
6620
8510
8730
8900
9040
9280
9460
9690
9850
10010
6610
8520
8680
8890
9090
9270
9490
9660
9850
10100
6650
8530
8680
8880
9060
9250
9500
9650
9850
10060
6610
8500
8690
8880
9070
9240
9450
9630
9840
10060
6610
8490
8690
8880
9040
9230
9440
9570
9850
10010
6650
8490
8690
8890
9060
9250
9470
9680
9860
10050
6610
8490
8640
8860
9020
9200
9410
9610
9830
10020
6520
