200
190
190
190
190
200
280
280
290
290
300
290
290
290
280
290
290
290
290
290
290
390
390
390
390
480
480
470
470
480
490
470
470
480
470
480
480
480
480
480
490
480
480
470
470
480
480
480
480
480
490
480
480
480
480
470
480
480
480
480
480
480
480
480
480
480
480
480
480
480
480
480
480
480
480
480
470
480
580
580
580
580
580
580
580
670
680
680
680
770
780
770
780
780
770
780
880
880
870
870
890
880
870
880
880
880
880
870
880
980
980
980
980
980
980
980
970
980
970
980
990
970
970
980
980
980
980
980
980
980
1080
1090
1080
1080
1080
1080
1090
1080
1080
1080
1090
1080
1080
1090
1080
1080
1090
1180
1190
1190
1190
1190
1180
1190
1190
1190
1180
1190
1190
1180
1180
1190
1190
1190
1180
1190
1180
1190
1190
1180
1190
1180
1190
1190
1190
1180
1300
1300
1300
1300
1310
1430
1420
1430
1430
1420
1430
1420
1420
1430
1550
1540
1550
1540
1540
1550
1540
1550
1550
1550
1560
1570
1560
1570
1570
1580
1580
1560
1580
1580
1590
1580
1590
1590
1720
1720
1720
1720
1720
1730
1730
1720
1730
1730
1730
1720
1720
1720
1720
1850
1850
1850
1850
1850
1860
1860
1870
1990
2000
1990
2000
1990
1990
2000
2000
2010
2010
2020
2020
2030
2050
2050
2050
2050
2060
2060
2050
2190
2190
2190
2210
2200
2360
2370
2370
2360
2520
2500
2510
2500
2660
2660
2660
2640
2640
2630
2640
2810
2810
2810
2810
2780
2780
2780
2780
2760
2760
2760
2770
2770
2790
2790
2820
2970
2990
3000
3020
3020
3030
3040
3220
3200
3210
3200
3190
3180
3180
3160
3150
3140
3130
3130
3130
3130
3280
3290
3270
3260
3270
3250
3250
3250
3230
3240
3250
3270
3300
3320
3330
3350
3370
3360
3350
3340
3330
3330
3330
3340
3340
3350
3380
3420
3460
3480
3480
3500
3500
3510
3530
3540
3550
3550
3560
3590
3620
3640
3680
3700
3710
3730
3750
3760
3780
3790
3790
3800
3810
3830
3830
3830
3840
3840
3840
3860
3870
3890
3930
3930
3960
3980
4020
4020
4040
4060
4060
4070
4070
4070
4080
4100
4110
4110
4410
4420
4420
4420
4430
4430
4430
4440
4440
4440
4430
4440
4450
4460
4450
4780
4770
4760
4780
4750
4770
4750
4760
4750
4740
4740
4740
4730
4720
4710
4710
4710
4700
4700
4700
4690
4690
4670
4690
4680
4950
4950
4930
4910
4910
4890
4880
4850
4840
4830
4820
5110
5100
5110
5100
5090
5100
5090
5090
5080
5090
5090
5090
5110
5130
5140
5440
5440
5460
5480
5490
5510
5520
5520
5810
6100
6100
6080
6080
6410
6400
6420
6410
6710
6700
6740
6750
6760
6770
6750
6760
6750
6750
6750
6750
6740
6760
6760
6760
6760
7080
7090
7100
7090
7100
7440
7430
7440
7450
7430
7440
7410
7420
7450
7420
7430
7420
7740
7750
7740
8090
8090
8060
8080
8060
8400
8410
8380
8400
8380
8380
8710
8750
8730
8720
8740
8760
8740
8750
8730
8720
8750
8750
8730
8760
8780
8800
8790
8800
8790
8780
8780
8760
8760
8760
8740
8750
8760
8740
8740
8730
8740
8730
8730
8730
8730
8720
9070
9050
