0.210957
0.271564
0.407807
0.393678
0.357389
0.309011
0.209944
0.116863
0.113867
0.069639
0.198884
0.245013
0.336348
0.333187
0.450494
0.399136
0.378824
0.553136
0.523377
0.342096
0.332417
0.162844
0.118378
0.110486
0.162366
0.248061
0.321529
0.481939
0.514033
0.580719
0.676774
0.752403
0.821759
0.988439
0.932268
1.135352
1.114271
1.261580
1.261920
1.261776
1.375977
1.340781
1.495420
1.469977
1.580024
1.569594
1.560929
1.512645
1.544616
1.439399
1.471702
1.483798
1.504429
1.583905
1.591076
1.388613
1.218409
1.147189
1.084106
1.034770
0.980967
0.949830
0.939066
0.984447
1.025115
1.076512
1.258677
1.309422
1.484524
1.496757
1.539452
1.745744
1.807728
1.867709
2.072163
2.053202
2.001497
2.264029
2.293360
2.227583
2.095724
1.941574
1.989397
2.187668
2.268168
2.051961
2.003917
1.864049
1.777540
1.576625
1.436058
1.130620
1.062055
1.013788
0.935262
0.859305
0.867151
0.901262
1.066895
1.136992
1.388381
1.507512
1.614435
1.675477
1.867603
1.933354
1.940377
2.155720
2.272475
2.343259
2.536998
2.472899
2.501106
2.492331
2.570045
2.455314
2.437714
2.439255
2.472097
2.537394
2.622382
2.372159
2.221623
2.103123
1.968055
1.679770
1.573971
1.500834
1.334271
1.311994
1.297421
1.307722
1.371175
1.449398
1.557348
1.777215
1.899740
2.029505
2.333970
2.453020
2.588770
2.935739
3.103216
3.247687
3.545878
3.693102
3.821414
3.853025
3.713579
3.558003
3.193770
3.480534
3.661498
3.347802
3.043013
2.695697
2.383209
2.189237
2.040721
1.876180
1.595834
1.466759
1.336323
1.183450
1.134830
1.149886
1.183285
1.361030
1.496593
1.798481
1.988456
2.014307
2.004032
2.202110
2.395768
2.727966
2.931507
3.285775
3.517150
3.726123
3.703616
3.737953
3.917502
4.042265
3.865855
3.813547
3.729569
3.731159
3.790573
3.951987
4.098460
4.385515
4.550472
4.902142
5.137418
5.364828
5.765826
5.999458
6.442520
6.715848
6.845292
7.252750
7.603989
7.844739
7.830700
8.126070
8.119422
7.902416
7.485616
7.260927
7.069508
6.510620
6.129872
5.926651
5.732413
5.546980
5.262453
5.133213
5.014495
4.853755
4.780622
4.772167
4.774349
4.482472
3.797196
3.729132
3.940851
4.128688
4.383413
3.961194
3.831774
3.870412
3.932021
3.987906
4.083855
4.251069
4.474409
4.617305
4.922673
5.125343
5.318906
5.693681
5.930838
5.932701
5.931143
6.165570
6.413953
6.945526
7.353821
7.608353
7.995679
8.422383
8.369167
7.935620
7.747314
7.394465
7.186164
6.968233
6.316019
5.916644
5.263291
4.998712
4.738173
4.465765
4.226342
4.007248
3.738532
3.616240
3.529668
3.467317
3.482023
3.745606
4.024899
4.393610
3.831053
3.636588
3.588069
3.577320
3.620709
3.686058
3.689350
3.612876
3.695104
3.897820
4.256074
4.707278
4.975493
5.304894
5.848209
6.256314
6.688266
6.834913
7.122087
7.114733
7.432007
7.673777
7.884235
8.099412
8.062173
8.178301
7.693668
7.437976
7.163243
6.626330
6.625008
6.637980
6.098603
5.802997
5.352665
5.095851
4.714643
4.356448
4.152196
3.882034
3.750961
3.642468
3.449143
3.443033
3.635094
3.835154
4.185740
4.388126
3.802640
3.561361
3.471158
3.401131
3.418641
3.399261
3.515125
3.798541
4.039582
4.325434
4.763699
5.061789
5.378056
5.960641
6.621074
6.981807
7.364032
7.586796
7.972468
8.517195
8.175894
7.943509
7.571166
7.314238
7.108783
6.895216
7.021687
7.370488
7.728731
8.302224
8.676019
9.081027
9.459081
10.065192
10.062904
10.062813
10.058334
10.474680
11.116403
11.482530
12.078194
12.070758
12.410650
12.781013
13.359403
13.363629
13.372765
13.741876
14.289798
14.636009
15.203043
15.579213
16.143684
16.475532
16.779125
17.099423
17.303979
17.382151
17.366123
17.373487
17.744471
17.572386
17.412742
16.985263
16.605054
16.595731
16.587164
16.593718
15.970801
15.560746
15.141198
14.724466
14.110900
13.720402
13.322594
12.914392
12.524330
12.101319
11.504681
11.106236
11.112972
11.118983
11.122317
11.121331
11.126368
10.666838
10.247660
9.827533
9.232219
8.796334
8.383622
8.001597
7.591829
7.302712
7.163108
6.937626
6.755739
6.890911
7.266703
7.294402
7.622687
7.957591
8.467502
8.823889
8.246624
7.761115
7.252828
6.910730
6.749817
6.755987
6.834294
6.795103
6.823992
6.895995
7.255253
7.897390
8.305707
8.734296
9.149505
9.810900
10.024357
10.674972
11.126137
11.541360
11.935255
12.585892
13.005947
13.633279
14.242115
14.864212
15.452472
16.062650
16.677408
17.278132
17.615412
17.769010
17.775665
17.785782
17.797251
18.225874
18.113677
17.544096
17.543807
17.531996
17.119290
16.514340
15.907285
15.477234
14.854731
14.445701
13.794151
13.367945
12.945099
12.929871
12.920178
12.267515
11.814803
11.385270
10.930757
10.501680
9.861787
9.421773
8.964667
8.532011
8.123895
7.464054
7.036055
6.593945
6.194058
5.944038
5.997180
6.018077
6.007655
6.222377
6.483950
6.820349
7.078256
6.897970
6.459419
6.202629
6.139857
6.176644
6.305260
6.466698
6.836095
6.994799
7.385048
8.018896
8.432147
8.847070
9.276079
9.716171
9.721965
9.720843
10.169596
10.604164
11.014549
11.451277
11.887841
12.536671
12.928555
13.373105
14.060065
14.496281
14.964935
15.570687
15.939920
16.509206
16.881685
17.242000
17.605447
17.528663
17.119119
17.124659
16.779911
16.595004
16.087938
15.728320
14.982518
14.400908
14.004703
13.357513
12.918519
12.469580
12.000348
11.554065
11.126594
10.676558
9.958976
9.498463
9.072417
8.396030
7.946736
7.488865
7.031367
6.354764
5.931151
4.649028
3.416093
