0.135514
0.207700
0.299420
0.288350
0.262276
0.270842
0.180034
0.183656
0.116922
0.117807
0.063685
0.087214
0.141450
0.137948
0.215157
0.354659
0.599827
0.788280
1.048148
0.974562
0.887952
0.709634
0.597805
0.510730
0.567184
0.333744
0.299228
0.201104
0.295621
0.396826
0.491365
0.562013
0.593130
0.667501
0.812620
0.827992
0.843871
0.782961
0.695095
0.708842
0.687936
0.838354
0.876698
0.967288
0.910931
0.991288
1.032325
1.135510
1.064308
1.187060
1.118548
1.019786
1.028971
1.026709
0.950167
1.126920
1.362913
1.427106
1.412861
1.401675
1.578928
1.540229
1.555583
1.539479
1.496986
1.428406
1.581345
1.526190
1.591264
1.487052
1.384650
1.540413
1.541169
1.516665
1.632334
1.539452
1.403500
1.504668
1.636799
1.694976
1.714152
2.031327
2.047468
2.382948
2.313672
1.942308
1.546336
1.616848
1.675845
1.670684
1.712097
1.467195
1.353125
1.305274
1.237291
1.041086
1.132076
0.975216
0.705955
0.685309
0.476402
0.496761
0.543435
0.850651
1.002223
1.073343
1.227127
1.100799
1.053814
1.045824
0.921251
0.899502
0.861571
0.864271
0.814777
0.814932
0.979553
0.885998
0.847299
0.913931
1.106083
1.286016
1.318493
1.339663
1.364329
1.639026
1.592288
1.523114
1.695083
1.690273
1.646336
1.868692
1.745150
1.589010
1.570505
1.664354
1.596920
1.486432
1.633904
1.610386
1.655281
1.828553
1.845559
1.735561
1.816744
1.802190
1.810625
1.823296
1.514313
2.091319
2.216710
2.635217
2.837117
2.389294
1.987289
1.724417
1.302660
1.027917
0.831729
0.671946
0.353134
0.378326
0.453227
0.523986
0.625935
0.631020
0.747346
0.760183
0.803176
0.696102
0.688927
0.717139
0.916110
0.958473
0.991431
0.938289
0.885544
0.789336
0.859199
1.363651
1.605012
1.629696
1.522558
1.347521
1.131751
1.091957
0.942258
1.035082
1.231872
1.255442
1.285229
1.239402
1.210923
1.163006
1.145371
1.066070
0.920703
0.731972
0.562387
0.399167
0.382851
0.359906
0.296810
0.294802
0.473324
0.878307
0.751891
0.639616
0.649771
0.726968
0.832461
0.901744
0.999772
1.048204
1.172267
1.288062
1.666015
1.812921
2.004634
2.421301
2.609519
2.712893
2.781479
3.074553
3.102272
2.707308
2.524106
2.386944
2.543819
2.480340
2.281954
2.117624
2.087214
1.989773
1.822904
1.699388
1.548528
1.573156
1.722134
1.991569
2.449545
3.070013
3.208779
2.912479
2.627061
2.555264
2.774512
3.184231
2.976395
2.066620
1.807833
1.746309
1.677133
1.768552
1.610329
1.503566
1.406126
1.315520
1.231720
0.942348
0.971715
1.082290
1.158880
1.259842
1.295266
1.368951
1.563037
1.484981
1.327171
1.387628
1.544162
1.679348
1.475800
1.371445
1.482943
1.428320
1.623048
1.531079
1.514394
1.529796
1.448681
1.520809
1.560722
1.637069
1.660192
1.488295
1.505004
1.435352
1.156927
1.025032
1.102545
1.261809
1.657394
1.497769
2.026057
2.027412
1.864925
1.790350
1.752771
1.606785
1.217378
1.062882
0.937071
0.869617
0.873170
0.783893
0.924524
1.035405
1.457822
1.597365
1.747185
1.902345
1.915865
2.056502
1.926526
1.622143
1.712365
1.582896
1.599773
1.588199
1.687950
1.663285
1.852350
1.714998
1.919341
1.827911
1.920289
1.864640
1.831382
1.618818
1.531613
1.436157
1.212921
1.131970
1.141825
1.286382
1.762237
2.124425
2.387097
2.022573
1.737001
1.621058
1.320031
1.366224
1.378151
1.738260
1.995076
1.652885
1.011035
0.895161
0.975634
0.808090
0.764941
0.815470
0.816060
1.085927
1.114750
1.169199
1.294464
1.589406
2.003196
2.101575
2.467539
2.515555
2.640760
2.851784
3.327853
3.521979
3.685600
3.976883
4.360370
4.449010
4.729896
4.841155
5.080369
5.146426
5.031679
4.930794
4.972521
4.952232
5.007214
5.092000
5.504466
5.507556
5.482589
5.228611
5.144431
5.237723
5.325586
5.397282
5.127889
5.004697
4.926785
4.872952
4.704011
4.612570
4.500270
4.374102
4.268648
4.157572
3.960386
3.870275
3.887395
3.893047
3.917909
3.910820
3.870949
3.693413
3.505878
3.339072
3.135474
2.961486
2.812865
2.716529
2.778280
2.675104
2.573748
2.494590
2.204627
2.029552
1.879977
1.534094
1.754918
1.884499
1.910400
1.832406
1.620936
1.247683
0.808184
0.415430
0.369206
0.754106
1.564151
2.393372
2.994115
3.501342
4.120890
4.679402
4.854919
4.838502
4.635130
4.594307
4.260835
4.419946
4.400159
4.336161
4.134372
4.258625
4.226801
4.375314
4.602986
4.794569
5.014032
5.294021
5.563046
5.885168
6.113043
6.214938
6.404794
6.575059
6.753307
6.981472
6.911915
6.407149
6.346695
6.270600
6.098807
5.797529
5.505735
5.300261
5.095522
4.997433
4.620354
4.332214
4.156155
4.175683
4.177571
3.905827
3.759546
3.603291
3.451610
3.307946
3.096119
3.040682
3.024357
2.939358
2.820634
2.562386
2.402834
2.084516
1.561996
1.077551
1.303941
1.390544
1.434360
1.591566
1.575444
1.243963
1.056728
0.935997
0.255164
0.537174
1.182156
1.874902
2.625478
3.400362
4.509231
5.111985
5.813829
6.738487
7.448328
8.205428
9.005288
9.866671
10.016865
10.165553
11.117587
12.115244
13.118142
14.159977
15.139647
16.281475
17.197140
18.135985
19.313599
20.242088
21.175594
22.192130
22.822944
23.746864
24.586326
25.353469
25.977664
25.788231
25.109239
25.146415
24.567382
24.162563
23.399279
22.687319
21.449116
20.296084
19.403790
18.177494
17.172129
16.092437
15.119118
14.201034
13.350212
12.466897
11.323107
10.501575
9.631163
8.659081
7.789112
6.849369
5.965858
4.743800
3.920148
1.654671
3.049720
