1.865932 2.009495
1.798814 1.969767
1.772180 1.916728
1.706379 1.884974
1.644378 1.890073
1.643130 1.929449
1.752510 2.085198
1.788432 2.211893
1.845366 2.371662
1.856038 2.464081
1.904528 2.662702
1.871415 2.753487
1.823003 2.863286
1.876864 2.817104
1.842088 2.687258
1.944437 2.641434
2.223937 2.697449
2.423089 2.912924
2.661869 3.074514
2.670840 3.126410
2.622506 3.080367
2.423850 2.935705
2.348257 2.743684
2.319887 2.741005
2.509592 2.920595
2.624977 3.057889
2.833159 3.232812
3.121487 3.449895
3.406732 3.651380
3.726671 3.959890
4.068833 4.218772
4.337638 4.410430
4.552147 4.502564
4.827651 4.755720
5.119916 5.041671
5.350954 5.344540
5.622553 5.609851
5.885861 5.845593
6.141072 6.115074
6.398151 6.301072
6.648597 6.544699
6.843829 6.777054
7.097838 7.046426
7.372412 7.338975
7.475677 7.457989
7.485777 7.473256
7.515113 7.544213
7.582614 7.574563
7.634408 7.621309
7.529527 7.462690
7.481316 7.410023
7.441763 7.292371
7.323770 7.191942
7.237969 7.123154
7.192110 7.045889
7.201420 6.937673
7.208013 6.894969
7.113087 6.908133
7.056190 6.874971
7.007016 6.782061
7.075918 6.719164
7.120005 6.664826
7.119784 6.497329
7.194396 6.616076
7.267811 6.691894
7.410908 7.037898
7.559499 7.199461
7.685258 7.334130
7.849686 7.491653
8.017602 7.651709
8.129693 7.813755
8.305689 7.943760
8.482106 8.096171
8.626214 8.262826
8.765907 8.264295
8.769796 8.238106
8.943944 8.356626
8.997336 8.297881
9.055386 8.141662
8.885387 7.771355
8.828098 7.739031
9.072253 7.842363
9.184110 7.977089
9.296318 8.036003
9.303022 8.056233
9.241607 7.819619
8.948534 7.759309
8.950329 7.751994
8.901635 7.724985
9.043956 7.846818
9.123861 7.879889
9.328248 7.980406
9.383499 8.040453
9.482901 8.138898
9.572793 8.212568
9.703658 8.370958
9.845470 8.522943
9.950702 8.653336
10.046105 8.807046
10.153041 8.928162
10.295510 9.069082
10.342861 9.162280
10.491868 9.323136
10.536437 9.439784
10.502685 9.415560
10.580105 9.513397
10.710985 9.455423
10.861787 9.613508
10.984741 9.728367
11.019538 9.834015
11.021052 9.677176
10.863584 9.446357
10.785774 9.401898
10.539380 9.270904
10.447211 9.148675
10.052405 8.714647
9.683701 8.315698
9.448552 8.072969
9.098384 7.789429
8.812438 7.600454
8.424123 7.406444
8.211793 6.999763
7.692604 6.832378
7.176277 6.814970
6.932486 6.682802
6.678352 6.613973
6.571564 6.445110
6.177000 6.062174
5.989488 5.815021
5.644598 5.508216
5.476971 5.581656
5.438305 5.450519
5.482339 5.514603
5.675290 5.735611
5.808625 5.905010
5.967751 6.123886
6.131838 6.290183
6.299731 6.425813
6.390387 6.489525
6.346789 6.527097
6.527098 6.679967
6.690605 6.787398
6.786063 6.899635
6.856566 6.981719
6.966556 6.972956
6.929413 6.926857
6.875734 6.778175
6.838788 6.380924
6.516691 6.013317
6.635473 6.428134
7.067395 6.768231
7.194585 6.871045
7.256197 6.944519
7.187587 6.827841
7.098243 6.665500
6.975303 6.514352
6.922119 6.355003
6.933100 6.358504
6.973135 6.322226
7.006119 6.304726
7.086830 6.361698
7.203466 6.501734
7.311667 6.595015
7.409945 6.678857
7.519552 6.779359
7.555312 6.796314
7.584215 6.930885
7.661107 7.010025
7.680551 7.054676
7.709936 7.095233
7.792194 7.206412
7.803356 7.187855
7.537161 7.042454
7.177912 6.822610
6.883507 6.602198
6.613528 6.354855
6.234773 6.117619
6.193540 5.816822
6.182844 5.708464
5.729345 5.516576
5.627483 5.351059
5.125527 5.100739
4.871559 4.881082
4.360614 4.627220
4.048095 4.253980
3.670468 3.953630
3.237388 3.738542
3.153579 3.748342
2.871821 3.730832
2.886560 3.742273
2.904438 3.725500
2.879650 3.793310
2.937771 3.911411
3.093541 4.031939
3.291171 4.248065
3.414459 4.433958
3.604483 4.663713
3.880564 4.937594
4.121391 5.142133
4.349275 5.302591
4.586255 5.430610
4.913987 5.629744
5.133257 5.844732
5.285238 5.975454
5.257761 6.013650
5.127219 5.513493
4.842236 5.117364
4.750818 4.788895
4.607206 4.270959
4.597494 4.240145
4.714382 4.262672
4.830885 4.316466
4.961654 4.377626
5.055167 4.468293
5.147619 4.538265
5.247428 4.645183
5.377259 4.795282
5.521237 4.957543
5.625322 5.126323
5.727490 5.263031
5.928579 5.451985
6.020694 5.558048
6.039780 5.626942
6.141635 5.731416
6.369552 5.860250
6.432709 5.979751
6.289215 5.980162
6.146198 5.863643
5.922067 5.724590
5.749087 5.569345
5.347075 5.231950
4.848867 4.823918
4.279298 4.236052
4.260012 4.252442
3.868115 4.019879
3.581322 3.843845
3.353473 3.829851
3.143469 3.774811
3.323023 3.948807
3.493620 4.167657
3.712741 4.391570
3.856016 4.604273
4.169966 4.877306
4.329514 4.897063
4.355518 4.913298
4.476406 5.059137
4.570833 5.127378
4.554058 5.130763
4.848166 5.476195
5.139204 5.768126
5.196342 5.908291
5.075283 5.651800
4.656480 5.269552
4.520388 4.758782
4.424277 4.407418
4.408412 3.960453
4.378907 3.692656
4.373025 3.703341
4.419299 3.935826
4.421257 4.058841
4.440858 4.122549
4.445568 4.146620
4.387636 4.161750
4.322506 4.171040
4.210738 4.206801
4.149169 4.249966
4.035050 4.341810
3.977506 4.267797
3.835303 4.292031
3.673952 4.205837
3.533218 4.110756
3.277791 4.013164
3.051059 3.660388
2.786457 3.409160
2.655248 3.232228
2.357539 2.934061
2.014642 2.832409
1.950025 2.723468
1.829314 2.697646
1.799493 2.462479
1.932453 2.555265
2.049983 2.674033
2.312553 2.898123
2.599114 3.196035
3.032273 3.549077
3.408635 3.758872
3.653627 3.918347
3.906664 4.083628
4.087734 4.196137
4.145870 4.231914
4.238595 4.229540
4.170379 4.117713
4.228645 4.107641
4.522969 4.457701
4.635341 4.627878
4.732746 4.918160
4.314663 4.608144
3.722668 4.129333
3.234735 3.607965
2.809930 3.273937
2.906876 3.615011
2.319376 2.951801
1.807430 2.455667
1.738408 2.304936
1.834933 2.410568
1.907150 2.609597
2.031009 2.812001
2.171971 3.071786
2.262233 3.286291
2.443335 3.449880
2.642133 3.656719
2.814651 3.945821
3.002450 4.093027
3.253889 4.242592
3.551475 4.353119
3.924300 4.413141
4.332124 4.501470
4.674583 4.269731
4.629964 4.064282
4.440952 3.634728
3.995133 3.273081
3.643217 3.129308
2.960896 2.767684
2.454917 2.403300
2.010303 1.888332
2.058866 1.854307
2.110772 2.018330
2.288615 2.253822
2.501705 2.576515
2.652663 2.864984
2.887301 3.101171
3.060742 3.293950
3.239894 3.487366
3.403500 3.595328
3.452534 3.743177
3.593766 3.881192
3.695376 3.929026
3.697092 3.892691
3.845047 3.943271
4.211941 4.145525
4.489289 4.504155
4.125555 3.938580
3.315873 3.155580
2.430608 2.450940
1.985677 2.025885
1.835813 1.915695
2.043114 2.123759
2.409152 2.479305
2.774068 2.818766
3.036377 3.133595
3.078276 3.420851
3.078659 3.633408
3.315359 3.812171
3.627592 3.927010
4.096374 4.070460
4.625242 4.171523
4.800950 3.894350
4.957744 3.427980
4.798699 3.081546
4.563343 2.744951
4.358508 2.608910
3.882166 2.321959
3.653780 2.285464
3.556377 2.301406
3.526679 2.340166
3.289438 2.307832
2.944759 2.329832
2.753802 2.247224
2.669573 2.291634
2.570302 2.317076
2.477764 2.366825
2.177888 2.384285
2.158907 2.481123
2.296358 2.564268
2.382889 2.714328
2.549765 2.814136
2.946895 3.138809
3.593798 3.590918
3.964185 3.889541
4.272375 4.189954
4.618475 4.403910
4.594942 4.561472
4.690785 4.628582
4.799079 4.643500
4.772721 4.577935
4.901109 4.726920
5.019153 4.795288
5.121934 4.829775
5.160311 4.802813
5.280283 4.917260
5.385358 4.917480
5.465964 4.938322
5.527785 4.983231
5.612904 5.040410
5.734543 5.105275
5.813452 5.147643
5.810371 5.185502
5.806773 5.162382
5.749371 4.929233
5.507484 4.652497
5.007586 4.371872
4.759925 4.191222
4.438732 3.642412
3.796341 3.241072
3.404264 2.912139
2.979792 2.563110
2.605243 2.295881
2.094249 2.060805
1.809981 1.922883
1.765889 1.944696
1.860079 1.997178
1.932243 2.013567
1.953238 2.061496
2.058095 2.167044
2.179579 2.283938
2.233054 2.419574
2.402728 2.497584
2.662167 2.771159
2.979115 3.088808
3.299751 3.373653
3.642030 3.596535
3.897499 3.920163
3.904169 3.933405
3.869118 4.203696
3.832318 4.397083
3.757302 4.478901
3.736779 4.444550
3.590386 4.258411
3.601948 4.061352
3.632062 3.914921
3.825874 3.903931
4.004385 3.923640
4.227254 4.035300
4.274366 4.066338
4.373173 4.072612
4.551461 4.101668
4.880807 4.448340
4.863718 4.341111
4.773109 4.118305
4.453399 3.768635
3.769012 3.261929
3.294039 2.853439
2.792601 2.391125
2.441407 1.977112
2.279105 1.840043
2.219040 1.803175
2.200048 1.742207
2.382190 1.912293
2.568365 2.102526
2.742457 2.371779
2.800647 2.657793
2.884786 2.964233
2.995127 3.232112
3.252673 3.581685
3.841610 3.975363
4.396412 4.366902
4.692198 4.692753
4.923570 4.862055
5.123812 5.008321
5.210898 5.090716
5.408945 5.259696
5.466891 5.378771
5.418202 5.259794
5.283078 5.222893
5.140527 5.136275
4.938083 5.090045
4.817922 4.813470
4.708087 4.832292
4.733491 4.815671
4.899029 4.942496
5.096210 5.061654
5.261527 5.110109
5.433587 5.167210
5.229955 5.159374
5.028355 5.007230
4.705694 4.685521
4.264025 4.246745
3.849059 3.749208
3.317384 3.038276
2.474426 2.560736
1.993376 2.031870
1.779348 1.864697
1.624398 1.790140
1.625085 1.826580
1.731731 1.978542
1.810875 2.104069
1.974625 2.125031
2.192879 2.445421
2.309278 2.689287
2.520565 2.945538
2.736074 3.178365
3.000266 3.399096
3.064099 3.567003
3.357870 3.684351
3.405834 3.786284
3.345960 3.679774
3.459877 3.726108
3.868790 3.935740
4.349087 4.354205
4.346302 4.615279
4.163994 4.881760
4.148269 4.925227
4.273102 4.931821
4.373496 4.930926
4.395545 4.931913
4.411113 4.893679
4.320186 4.852572
4.280675 4.645401
4.108034 4.493318
3.796007 3.970014
3.437695 3.716969
3.059251 3.042487
2.619008 2.606314
2.167630 2.168591
1.412226 1.731002
1.120112 1.268789
1.060863 1.212559
1.098350 1.270525
1.114097 1.395015
1.212678 1.527060
1.220515 1.711781
1.291764 1.888003
1.408800 2.104421
1.495124 2.333738
1.620011 2.586070
1.817648 2.915704
2.063904 3.212751
2.389193 3.638501
2.661080 3.955373
3.048205 4.260131
3.401293 4.538510
3.696101 4.867686
3.924044 5.062783
3.948188 5.022870
3.702260 4.912492
3.643026 4.973376
3.317510 4.981832
3.001013 4.975464
2.781201 4.992323
2.719581 4.972861
2.855597 4.939416
2.954524 4.795649
2.913088 4.562181
2.783518 4.095903
2.451265 3.564310
2.083776 2.995688
1.658224 2.283368
1.382445 1.756451
1.222823 1.605644
1.197841 1.588726
1.232659 1.515320
1.295727 1.655318
1.277022 1.713205
1.332070 1.888112
1.352182 2.049786
1.492755 2.259232
1.668338 2.565444
1.985258 3.003809
2.360938 3.378416
3.209789 4.163138
3.934765 4.913551
