1.864253 1.993787
1.813591 1.940707
1.720135 1.840667
1.659600 1.850103
1.610093 1.871138
1.606047 1.815193
1.656349 1.978153
1.684118 2.112521
1.739100 2.298557
1.753442 2.470587
1.809538 2.800792
1.819952 2.932281
1.831257 3.115776
1.842617 3.104655
1.813454 3.007346
1.885197 2.989492
2.052448 3.104996
2.233673 3.231217
2.393480 3.295499
2.462355 3.282523
2.481198 3.230778
2.417784 3.177004
2.416449 3.164839
2.564318 3.263196
2.850551 3.461071
3.073958 3.656695
3.339454 3.838980
3.711973 4.058841
4.045701 4.303913
4.370211 4.585386
4.714404 4.895846
4.960820 5.130770
5.281336 5.244673
5.524551 5.486085
5.828005 5.769983
6.061636 5.978470
6.357441 6.236751
6.630580 6.474244
6.925016 6.739450
7.179013 6.968761
7.442237 7.169424
7.646169 7.391581
7.829734 7.615968
8.049780 7.865494
8.155893 8.002082
8.169475 8.026872
8.249666 7.980653
8.272077 8.017237
8.201524 7.912150
8.152402 7.825817
8.114630 7.775415
8.086973 7.636632
8.016171 7.527703
7.962546 7.386141
7.863787 7.253572
7.782782 7.196147
7.770635 7.160598
7.710938 7.131421
7.516598 6.999589
7.358052 6.829125
7.197046 6.793410
7.199220 6.693589
6.953951 6.572295
7.014929 6.709208
6.983448 6.717537
7.196454 7.180021
7.257504 7.328496
7.327674 7.484399
7.423994 7.666524
7.543914 7.839964
7.668128 8.008238
7.802555 8.169977
7.942404 8.337660
8.031654 8.277381
8.173306 8.457754
8.360826 8.636354
8.601281 8.883510
8.764662 9.080494
8.898825 9.180865
8.880288 9.183234
8.737083 8.971379
8.674659 8.901115
8.793681 8.979154
8.752135 8.958186
8.840429 9.166005
8.704928 8.895647
8.547766 8.719399
8.554487 8.736213
8.611701 8.765969
8.652330 8.773583
8.693703 8.794718
8.772171 8.866652
8.843588 8.925889
8.916982 8.998199
9.001087 9.070347
9.109589 9.164843
9.246838 9.199738
9.340244 9.300867
9.400468 9.351728
9.512920 9.472127
9.577744 9.516567
9.703562 9.621810
9.854339 9.750411
9.997308 9.895111
10.152405 10.056061
10.293003 10.185612
10.463666 10.355928
10.609817 10.507707
10.731911 10.605785
10.897850 10.763057
10.936992 10.825837
10.701761 10.700846
10.679648 10.629559
10.732846 10.664636
10.797973 10.694679
10.776752 10.637070
10.780897 10.662808
10.745246 10.675003
10.697550 10.653387
10.671783 10.503574
10.709104 10.544556
10.652453 10.426639
10.604616 10.474976
10.589736 10.500065
10.506575 10.277508
10.199811 9.820711
10.210295 9.848898
10.157541 9.835502
9.985956 9.716819
10.040920 9.679999
10.062684 9.651086
10.102819 9.739323
10.164548 9.839152
10.310540 9.997221
10.388747 10.055509
10.467856 10.205409
10.544116 10.343955
10.623742 10.467827
10.710980 10.594711
10.805532 10.752101
10.869543 10.805921
10.983842 10.967009
11.070765 11.073577
11.196026 11.224538
11.346111 11.380422
11.487035 11.520621
11.550276 11.595405
11.615471 11.612781
11.170486 11.469503
11.127307 11.437207
11.124435 11.407997
11.162730 11.444384
11.193330 11.459069
11.058634 11.436564
10.994624 11.394230
11.256971 11.618116
11.223800 11.616115
11.225281 11.619347
11.238540 11.643560
11.260914 11.682019
11.415565 11.824511
11.475557 11.881281
11.504260 11.939143
11.536103 12.006347
11.592624 12.074766
11.648046 12.136809
11.695978 12.213395
11.785654 12.297195
11.860782 12.376734
11.960122 12.499259
12.063878 12.596873
12.222768 12.653077
12.249333 12.658732
12.304910 12.684115
12.295763 12.708576
12.371301 12.745180
12.365346 12.597529
12.458096 12.673371
12.317960 12.386026
12.269414 12.369828
12.181973 12.201815
12.136555 12.111581
12.039697 11.944253
12.050180 11.967488
12.109314 11.945076
11.861540 11.832069
11.870973 11.860437
11.906007 11.818825
11.767355 11.572334
11.666198 11.464025
11.511593 11.474112
11.564229 11.549814
11.624132 11.612498
11.519786 11.649766
11.576811 11.728991
11.587207 11.679592
11.680170 11.780752
11.779707 11.903419
11.887115 12.016408
12.007923 12.131396
12.064704 12.199653
12.123386 12.247208
12.167873 12.284772
12.229153 12.338353
11.780507 12.001255
11.425482 11.558723
10.738891 11.072339
9.650270 10.042506
9.216580 8.995836
8.569033 8.658625
8.484615 8.577917
8.254473 8.617823
8.268664 8.646950
8.292980 8.692115
8.331122 8.722992
8.340836 8.822990
8.406141 8.878030
8.486709 8.949136
8.440109 8.866526
8.522581 8.904312
8.644531 8.985947
8.605175 9.043157
8.543401 9.061476
8.593697 9.057602
8.686035 9.097550
8.764639 9.181302
8.836570 9.248711
8.907122 9.330974
8.985317 9.404106
8.983237 9.352793
8.869525 9.301909
8.789886 9.236152
8.633353 9.039310
8.663068 9.087930
8.649046 8.949769
8.668612 8.771067
8.608110 8.690480
8.548746 8.588792
8.606237 8.690498
8.673859 8.780007
8.664984 8.865538
8.750333 8.962091
8.848616 9.077959
8.796518 9.031997
8.783029 9.066468
8.853969 9.130937
8.924121 9.216911
8.948083 9.212670
8.993289 9.355791
9.003268 9.430603
8.957414 9.266952
8.453893 8.880036
7.585072 8.199926
7.049456 7.315285
6.484412 6.465553
5.749059 5.944118
5.497345 5.483873
5.450158 5.411206
5.429326 5.380805
5.509806 5.424499
5.600784 5.451653
5.524996 5.407852
5.512804 5.416110
5.529670 5.451389
5.480593 5.498396
5.478678 5.488260
5.509279 5.613349
5.517597 5.629245
5.659360 5.791902
5.762194 5.861597
5.948138 6.062983
6.155410 6.186221
6.305778 6.317817
6.377269 6.298817
6.232349 6.094875
6.022056 5.991088
5.687072 5.787279
5.353682 5.246486
5.149130 4.885851
5.024133 4.596968
4.949866 4.471889
4.924960 4.456935
5.050165 4.612675
5.177405 4.752807
5.505075 5.212016
5.749987 5.387674
5.937534 5.588915
6.102100 5.689508
6.221289 5.830492
6.289015 5.959407
6.267171 5.922161
6.310035 5.970923
6.197077 5.904601
6.380868 6.008903
6.423631 6.071687
6.594695 6.173785
6.213580 5.694203
5.752519 5.385777
5.582715 5.255073
5.079133 5.014486
4.627263 4.580703
4.362143 4.328414
4.177471 4.179836
4.178954 4.165801
4.208999 4.169594
4.288483 4.367883
4.416975 4.510554
4.488917 4.590400
4.635067 4.698569
4.750189 4.806882
4.955622 5.019616
5.137952 5.189828
5.304901 5.328666
5.487743 5.410782
5.627489 5.533047
5.794151 5.707312
6.067111 6.040800
6.337408 6.320088
6.643691 6.594417
6.812817 6.785632
6.965888 6.957756
7.109751 7.099378
6.889371 7.065771
6.722083 6.683391
6.661283 6.405488
6.610559 6.224480
6.515532 6.132980
6.359945 6.059950
6.443627 6.163075
6.504778 6.243173
6.660194 6.373521
6.723556 6.396036
6.857316 6.414551
6.985426 6.513727
7.135834 6.641552
7.332386 6.759743
7.448600 6.850686
7.445729 6.844008
7.522184 6.926509
7.835641 7.090800
7.818149 7.074269
7.573263 6.966584
6.909996 6.550581
6.219758 5.845687
5.466534 5.433106
5.373171 5.369755
5.525858 5.518833
5.746534 5.830138
5.909288 6.049095
6.084060 6.235365
6.208235 6.354039
6.311840 6.485702
6.467874 6.640228
6.635249 6.765073
6.809654 6.962086
7.031323 7.165962
7.012741 7.151709
6.979004 7.074466
6.975722 7.050300
7.024036 7.097482
7.094727 7.184666
7.224781 7.256050
7.339830 7.332956
7.316844 7.344765
7.290006 7.195999
7.252244 7.155584
7.235000 7.119326
7.114284 7.139019
6.970724 7.051177
6.990134 7.082729
7.075694 7.137176
7.066378 7.196871
7.109822 7.211005
7.210551 7.298762
7.203726 7.257949
7.173339 7.167321
7.281641 7.299726
7.513100 7.528362
7.649730 7.694543
7.714275 7.765757
7.818882 7.811512
7.718865 7.748580
7.439873 7.732267
7.321237 7.747528
7.155140 7.692678
7.003781 7.681427
7.039169 7.697697
7.075937 7.639989
7.131650 7.652844
7.109993 7.702727
7.161679 7.654184
7.204231 7.630645
7.145617 7.534402
7.207519 7.521228
7.502893 7.680928
7.631136 7.711734
7.796829 7.893935
7.909596 7.926398
7.989647 7.822408
8.130897 7.865600
8.305375 7.933150
8.336201 7.872955
8.279273 7.802833
8.197009 7.694964
8.215285 7.673605
7.841874 7.444204
7.740344 7.360854
7.636928 7.245032
7.578893 7.084209
7.523163 6.998177
7.438784 6.991613
7.408541 7.067874
7.159697 6.837739
6.959970 6.736739
6.819723 6.712920
6.738479 6.548177
6.724178 6.627184
6.847511 6.643807
7.008387 6.770610
7.124633 6.884886
7.344388 7.062752
7.397835 7.295082
7.315726 7.232612
7.315426 6.938029
7.104023 6.758160
6.507977 6.149992
5.759121 5.744490
5.053191 4.997859
4.323371 4.468023
3.872813 3.977621
3.960287 4.140783
4.061806 4.291675
4.240701 4.532669
4.453471 4.781501
4.691332 5.062344
4.900940 5.235250
5.164237 5.448039
5.366112 5.651034
5.592992 5.866810
5.832278 6.069979
6.069880 6.288331
6.268836 6.468258
6.414819 6.441697
6.535497 6.416870
6.713986 6.565801
6.694319 6.659336
6.917325 6.857531
7.030895 6.830935
7.223612 6.987363
7.409984 7.153423
7.587745 7.265167
7.629530 7.234888
7.844200 7.396727
8.053476 7.570207
8.285929 7.778872
8.471392 7.963508
8.639326 8.048395
8.725720 8.157234
8.782414 8.126285
8.899060 8.201573
8.757320 8.203355
8.770156 8.144190
8.650772 8.048569
8.640929 7.871905
8.570960 7.559988
8.533738 7.374887
8.462413 7.152523
8.499346 7.024396
8.510975 7.107629
8.550687 7.207056
8.599101 7.312768
8.628526 7.514976
8.692948 7.653978
8.766591 7.751860
8.907603 7.878772
8.933548 7.947756
9.041942 7.976788
9.033547 8.003253
9.078896 8.064632
9.122063 8.147525
9.166998 8.186404
9.242733 8.288902
9.309475 8.383923
9.184007 8.208133
9.032175 8.122823
9.070003 8.058505
9.082641 8.141343
9.198109 8.275366
9.301689 8.331560
9.437962 8.467929
9.552167 8.588924
9.622909 8.651874
9.625360 8.715651
9.580709 8.609766
9.653388 8.681056
9.612798 8.511931
9.621195 8.542556
9.660550 8.601700
9.704061 8.700059
9.736129 8.661749
9.500276 8.241399
9.424024 8.189345
9.440241 8.228356
9.461192 8.280035
9.515518 8.355798
9.590777 8.447597
9.653745 8.560030
9.713667 8.668274
9.763077 8.761634
9.904605 8.940646
9.978553 9.061875
10.047074 9.180988
10.107763 9.295959
10.098522 9.372749
10.078488 9.388346
10.074781 9.110445
9.876519 9.047670
9.743024 9.027219
9.557561 8.980409
9.487893 8.884721
9.446742 8.779525
9.270402 8.674990
9.146773 8.629958
9.230797 8.684547
9.287898 8.633866
9.408797 8.764052
9.519196 8.891477
9.646100 9.033849
9.757911 9.118920
9.869998 9.206414
9.997315 9.323876
10.104249 9.432893
10.166955 9.525191
10.118012 9.549292
10.049585 9.461022
10.006355 9.405958
9.963394 9.355201
9.849334 9.299917
9.732130 9.157440
9.686308 9.019126
9.716285 8.975223
9.719213 8.973014
9.754192 9.003179
9.790113 9.026559
9.826135 9.030903
10.058781 9.122576
10.109754 9.169203
10.228339 9.206676
10.297453 9.252388
10.314566 9.261692
10.411064 9.252411
10.471642 9.155827
10.314383 9.091010
10.178421 9.022941
10.165182 9.092017
10.064247 9.162046
9.908441 9.048463
9.938551 9.178220
10.094245 9.340222
10.606033 9.884323
10.932828 10.383191
