2.035343 2.054505
2.045551 2.061386
2.055918 2.076817
2.058685 2.103116
2.061252 2.146763
2.065962 2.230376
2.070474 2.322469
2.074484 2.418616
2.095533 2.554273
2.113338 2.702342
2.142516 2.890922
2.180242 3.071759
2.248188 3.265278
2.334461 3.474030
2.367030 3.499944
2.376347 3.424123
2.426857 3.361979
2.455432 3.530173
2.508145 3.641520
2.520909 3.651716
2.564900 3.638460
2.655796 3.667742
2.763795 3.722248
2.896770 3.813814
3.072696 3.925852
3.289176 4.067151
3.509480 4.222409
3.732528 4.404708
3.966726 4.601324
4.197937 4.806079
4.471777 5.061248
4.718752 5.277048
4.956374 5.476661
5.240896 5.722596
5.561910 6.000179
5.796611 6.205913
6.110824 6.470451
6.392937 6.727245
6.666997 6.989794
6.940129 7.244033
7.244962 7.525589
7.543853 7.789744
7.828211 8.049369
8.138164 8.337343
8.348041 8.466980
8.426912 8.507023
8.540564 8.575869
8.659404 8.645905
8.734097 8.686626
8.642442 8.653289
8.602549 8.625498
8.567265 8.617448
8.543689 8.619136
8.470236 8.529171
8.400639 8.420987
8.346605 8.332356
8.306248 8.269866
8.278221 8.220516
8.262233 8.188542
8.260610 8.185841
8.277346 8.181349
8.298155 8.184247
8.322972 8.207012
8.382677 8.252546
8.446803 8.309153
8.522775 8.376782
8.605752 8.461831
8.701972 8.560095
8.806249 8.673548
8.926578 8.793001
9.048392 8.909067
9.169922 9.024396
9.299148 9.156351
9.464280 9.299964
9.618714 9.437321
9.776276 9.579661
9.964905 9.753698
10.141543 9.926775
10.312244 10.072899
10.344371 10.096583
10.241312 10.018410
10.155698 9.951676
10.185136 10.075441
10.161708 10.117470
10.112166 10.103598
9.998100 10.023416
9.936017 9.981346
9.893472 9.943363
9.845935 9.917062
9.826207 9.900413
9.802298 9.884292
9.807105 9.892984
9.827023 9.910955
9.867510 9.949941
9.906834 9.990905
9.952799 10.059967
10.029602 10.135420
10.098043 10.215638
10.173251 10.297390
10.260680 10.396699
10.374291 10.509482
10.468886 10.602695
10.586882 10.717836
10.710459 10.842457
10.869783 10.985079
11.005460 11.110454
11.172725 11.261128
11.319700 11.399844
11.485908 11.535336
11.665744 11.696474
11.828012 11.811530
11.874911 11.842318
11.955405 11.899122
12.036481 11.970279
12.131565 12.047873
12.071442 11.927666
12.016106 11.904890
11.966315 11.887764
11.933947 11.895158
11.925826 11.913774
11.923641 11.931727
11.873218 11.904649
11.834588 11.883224
11.811241 11.871417
11.799726 11.870651
11.797332 11.884473
11.801671 11.913950
11.830756 11.944259
11.869398 11.988496
11.902321 12.030464
11.941272 12.088612
11.984837 12.171965
12.038524 12.245451
12.125481 12.334713
12.217478 12.419566
12.333089 12.537557
12.433703 12.624378
12.540706 12.716630
12.653879 12.824204
12.792684 12.936850
12.927530 13.051381
13.068144 13.180053
13.200655 13.287885
13.347528 13.410189
13.493061 13.531676
13.639691 13.664756
13.709853 13.728540
13.800629 13.787559
13.788552 13.758926
13.739366 13.710425
13.701998 13.690765
13.742932 13.752339
13.732638 13.767539
13.633886 13.644914
13.601750 13.586113
13.566876 13.561924
13.578478 13.557967
13.594318 13.551436
13.616167 13.547391
13.654493 13.560294
13.705643 13.587726
13.767566 13.634326
13.825770 13.680268
13.891063 13.731162
13.974183 13.788703
14.043307 13.847570
14.155003 13.924443
14.262672 14.004395
14.356044 14.083005
14.497887 14.189573
14.624170 14.272744
14.630544 14.354291
14.648880 14.375316
14.685757 14.374753
14.731714 14.401957
14.782746 14.439465
14.834049 14.478392
14.922594 14.549542
14.985422 14.610604
15.029368 14.662049
15.064740 14.688522
15.098932 14.730818
15.138091 14.758438
15.184727 14.806888
15.157427 14.819409
15.127811 14.830467
15.100408 14.857646
15.100323 14.913851
15.127045 14.973030
15.162147 15.055402
15.211277 15.141287
15.241882 15.236165
15.288128 15.348065
15.335417 15.437707
15.390601 15.529396
15.444481 15.633100
15.511266 15.749384
15.583707 15.875197
15.641917 15.973509
15.711858 16.075805
15.767623 16.134046
15.805630 16.154584
15.858648 16.109900
15.924833 16.131903
15.891757 16.199447
15.947079 16.236117
15.868261 16.253901
15.824493 16.234251
15.789443 16.225003
15.779401 16.241229
15.767360 16.261318
15.771594 16.205750
15.786618 16.168216
15.809421 16.148820
15.830670 16.131928
15.862535 16.115274
15.895820 16.089317
15.937746 16.077976
15.986410 16.056377
16.045435 16.051956
16.099594 16.046133
16.129143 16.031961
16.139724 16.034033
16.216194 16.011731
16.302035 16.039746
16.372140 16.052909
16.418647 16.060397
16.484717 16.077885
16.554321 16.125028
16.578296 16.135003
16.550321 16.132258
16.528723 16.140642
16.514027 16.151873
16.508464 16.183485
16.520558 16.215645
16.525831 16.261726
16.534696 16.297821
16.564074 16.357385
16.606790 16.406990
16.662751 16.466143
16.715242 16.531994
16.764782 16.601595
16.818409 16.671251
16.794549 16.691679
16.795940 16.727022
16.858778 16.796042
16.921467 16.869923
16.978754 16.876318
17.015453 16.897226
17.055893 16.923371
17.096268 16.955481
17.146251 16.998340
17.104253 16.941720
17.057289 16.862290
17.025933 16.833246
16.999272 16.796728
16.965504 16.779480
16.942421 16.764764
16.877353 16.726474
16.851992 16.708081
16.836632 16.697246
16.833795 16.667656
16.842280 16.644970
16.865228 16.635499
16.885539 16.634457
16.902984 16.636224
16.943277 16.645540
16.995489 16.671008
17.062662 16.709582
17.145243 16.756050
17.219290 16.818745
17.351530 16.896582
17.496413 16.985044
17.610572 17.065594
17.528215 17.034139
17.505412 16.991748
17.488684 16.953794
17.470887 16.927182
17.467940 16.904955
17.473273 16.889585
17.478592 16.867575
17.505907 16.862065
17.545449 16.867699
17.578426 16.877316
17.628387 16.903147
17.681957 16.929932
17.732962 16.968616
17.792319 17.017010
17.859850 17.048333
17.885651 17.051168
17.920434 17.062524
17.929181 17.057768
17.937735 17.055341
17.969431 17.008211
18.000737 17.056192
18.025614 17.097554
18.060119 17.132738
18.087399 17.154080
18.026859 17.120965
18.009991 17.178707
18.027619 17.176115
18.037410 17.201514
18.053867 17.223401
18.075968 17.217722
18.064046 17.206698
18.054653 17.239878
18.041573 17.248561
18.026041 17.249324
18.014664 17.250031
18.019219 17.250264
18.029249 17.256156
18.034713 17.274374
18.056356 17.284680
18.084300 17.312944
18.141663 17.343668
18.185956 17.387284
18.243809 17.458309
18.316378 17.535635
18.404402 17.618442
18.460529 17.679820
18.526364 17.763453
18.583266 17.838232
18.509016 17.764183
18.467885 17.735088
18.449474 17.710430
18.426983 17.701261
18.418225 17.723197
18.443541 17.744687
18.478115 17.789731
18.504703 17.839920
18.537931 17.895259
18.581597 17.937974
18.642784 17.996778
18.704475 18.051961
18.758245 18.108034
18.813299 18.169975
18.832000 18.216357
18.827022 18.238639
18.813365 18.258481
18.800420 18.270005
18.785293 18.302335
18.810779 18.395517
18.783313 18.358652
18.757379 18.334723
18.751375 18.318499
18.772799 18.316536
18.805057 18.328792
18.869803 18.395169
18.975223 18.476179
19.076359 18.571016
19.139663 18.630336
19.208289 18.684097
19.264626 18.742172
19.321036 18.802552
19.412226 18.891054
19.514306 19.001724
19.531539 18.986289
19.529558 18.965980
19.532941 18.997524
19.596658 19.088330
19.671264 19.225458
19.716221 19.306097
19.763345 19.395228
19.739088 19.382888
19.794833 19.440674
19.841418 19.491168
19.912460 19.556659
19.980529 19.576162
20.028129 19.565776
20.073939 19.607075
20.135584 19.657539
20.204406 19.713228
20.285430 19.771110
20.358517 19.833176
20.457778 19.874474
20.545650 19.907221
20.653961 19.913179
20.755717 19.945031
20.829665 19.955653
20.882052 19.969718
20.840229 20.023473
20.879289 20.087725
20.927079 20.098104
20.932062 20.109495
20.949121 20.127322
20.927667 20.135006
20.917649 20.127755
20.942456 20.122601
20.925553 20.135830
20.892047 20.168938
20.917472 20.148651
20.942899 20.160555
20.975728 20.158664
21.002031 20.157928
21.052545 20.167997
21.108817 20.188238
21.161957 20.223069
21.215735 20.259009
21.286028 20.306028
21.357260 20.344027
21.434347 20.387525
21.498600 20.443642
21.483503 20.469420
21.475177 20.476800
21.447349 20.444016
21.474466 20.445753
21.518175 20.474898
21.531258 20.467876
21.547097 20.463140
21.563447 20.478121
21.594792 20.492841
21.624313 20.515830
21.655597 20.539714
21.680474 20.558185
21.727759 20.568270
21.757371 20.604466
21.792950 20.640428
21.843423 20.678089
21.905585 20.698372
21.968680 20.722486
22.022557 20.715925
22.042154 20.843508
22.072401 20.831384
22.102529 20.828662
22.144817 20.832255
22.188852 20.838888
22.144697 20.927425
22.115883 20.982728
22.102219 21.043182
22.100215 21.096154
22.110497 21.151040
22.113117 21.195104
22.143308 21.267280
22.170513 21.343827
22.215897 21.417117
22.256216 21.482080
22.314901 21.537401
22.354297 21.548134
22.401591 21.580898
22.449280 21.612514
22.491389 21.654731
22.564415 21.689624
22.618293 21.727487
22.679244 21.775192
22.767186 21.827687
22.848041 21.883011
22.945213 21.921477
23.028426 21.965283
23.099876 21.998123
23.203485 22.024798
23.308907 22.050948
23.433165 22.090714
23.535429 22.135611
23.643826 22.169087
23.753117 22.193592
23.884069 22.234161
23.931207 22.233305
23.957187 22.233775
23.955723 22.184679
23.962384 22.247768
24.052569 22.378362
24.168554 22.337832
24.226920 22.350475
24.239915 22.361410
24.253325 22.393034
24.291522 22.358638
24.299014 22.380125
24.295492 22.407662
24.302859 22.447757
24.295338 22.480397
24.292742 22.511845
24.309354 22.524447
24.312883 22.554672
24.329416 22.586389
24.351198 22.633568
24.400497 22.645723
24.356700 22.654559
24.383260 22.674792
24.428219 22.697505
24.468914 22.716896
24.514761 22.760063
24.563932 22.799607
24.613340 22.843441
24.656814 22.891440
24.705408 22.946933
24.761404 23.000842
24.829500 23.049034
24.926910 23.120880
24.995849 23.187066
25.076639 23.270179
25.138197 23.318561
25.190437 23.356936
25.218473 23.372350
25.204656 23.366926
25.217843 23.426073
25.229102 23.408402
25.243926 23.385841
25.280387 23.386027
25.310410 23.394704
25.333771 23.366441
25.330417 23.358884
25.327516 23.361468
25.335622 23.359901
25.330592 23.380243
25.358506 23.394543
25.377615 23.414375
25.411373 23.449587
25.436991 23.483573
25.471793 23.514446
25.498588 23.558082
25.529818 23.599688
25.567230 23.660053
25.607470 23.717054
25.648771 23.777227
25.650529 23.780164
25.645722 23.797032
25.682600 23.833708
25.714135 23.878786
25.753420 23.916002
25.808764 23.955499
25.855878 24.009897
25.906656 24.061269
25.966405 24.130689
26.031116 24.206964
26.092362 24.284035
26.161707 24.363985
26.229771 24.445959
26.303374 24.537767
26.369800 24.625034
26.451917 24.720375
26.518006 24.820334
26.599374 24.905210
26.656523 24.969226
26.661076 24.973097
26.607645 24.895946
26.602925 24.913798
26.571087 24.833886
26.564097 24.762661
26.560178 24.679426
26.534750 24.607323
26.525805 24.557464
26.536747 24.538977
26.528704 24.533000
26.527182 24.540376
26.536776 24.553980
26.542843 24.575491
26.541910 24.596290
26.539189 24.620985
26.562489 24.639584
26.576408 24.669119
26.608538 24.696789
26.661940 24.745058
26.714275 24.784971
26.780710 24.839854
26.842082 24.896823
26.916135 24.951663
26.995920 25.027484
27.087695 25.112751
27.177598 25.198231
27.393551 25.434731
27.585551 25.618081
