0.306720
0.362737
0.514027
0.519669
0.509106
0.509708
0.462549
0.409974
0.538885
0.565556
0.696767
0.726597
0.838455
1.115904
1.083667
1.058703
0.962562
0.927203
0.882371
0.528979
0.324268
0.492777
0.787601
1.163371
1.454871
2.007422
2.260756
2.652502
2.931105
3.263849
3.632120
3.918301
4.104165
4.612165
4.831370
5.361366
5.543576
6.021071
6.256272
6.534465
6.855877
7.131694
7.587934
7.892812
8.289681
8.458579
8.575441
8.689149
8.730002
8.609858
8.356592
8.234344
8.041113
7.522516
7.157680
6.564042
5.578086
5.177029
4.676436
4.302535
3.598445
3.187988
2.784292
2.207795
1.710040
1.327022
0.851350
0.587505
0.456688
0.552235
0.823915
1.209340
1.611467
2.049121
2.656588
2.922919
3.424173
4.244475
4.966198
5.206970
5.004320
4.672027
5.026791
5.066522
4.866792
4.181995
3.843443
3.408293
3.023526
2.559455
1.989402
1.183011
0.819158
0.783784
0.743106
1.273138
1.673040
2.102036
2.952307
3.462654
4.152050
4.546471
4.981861
5.387212
5.752460
6.097777
6.346367
6.855209
7.265906
7.657808
7.975360
8.000593
8.090208
8.222824
8.363421
7.939879
7.845051
7.711751
7.700759
7.699139
7.907832
7.197391
6.771045
6.388718
5.930191
5.405335
4.968214
4.625799
4.085242
3.579158
3.281612
2.813146
2.587632
2.397891
2.245341
2.213548
2.302559
2.451233
2.757973
2.838811
3.128986
3.685923
4.057709
4.537380
5.143553
5.562179
5.758272
5.917550
5.650223
5.331097
4.774467
5.240934
5.480494
4.806279
4.308391
3.875333
3.395003
3.044185
2.745733
2.483166
2.144899
2.023508
2.055037
2.066956
2.209425
2.468991
2.778393
3.223969
3.523784
3.964517
4.379828
4.337281
4.221925
4.574825
4.958764
5.442571
5.571903
6.125876
6.543380
6.739388
6.628370
6.692826
6.903196
7.039061
6.753298
6.652368
6.600494
6.267146
6.337958
6.577709
6.797445
7.166600
7.354050
7.791949
8.127365
8.443434
8.959412
9.148243
9.719744
10.203201
10.469608
11.012115
11.553250
11.916528
11.843557
12.209744
12.422906
11.948984
11.648864
11.288924
10.998330
10.287806
9.799303
9.572026
9.319100
9.131049
8.803450
8.643992
8.549004
8.353491
8.344356
8.327542
8.141637
7.581668
6.346050
6.085379
6.259601
6.149673
6.296488
5.633915
5.651163
5.739783
6.129061
6.372095
6.523285
6.865726
7.181588
7.407895
7.941055
8.191405
8.499485
8.870177
9.216499
9.202334
9.187984
9.718437
10.061936
10.723338
11.192552
11.579083
12.246283
12.790665
12.706674
12.224766
12.092803
11.703140
11.483691
11.515280
10.804395
10.314438
9.554447
9.191488
8.832890
8.308519
7.911391
7.573435
7.072857
6.807904
6.540937
6.207943
5.995492
5.863020
5.886175
5.984594
5.644779
5.729660
5.933073
6.276364
6.564513
7.021459
7.297329
7.419052
7.678545
8.032219
8.583976
9.192072
9.659483
10.098367
10.723246
11.199541
11.683568
11.835329
12.124493
11.999713
12.331904
12.587367
12.911520
13.180620
13.147817
13.233019
12.911743
12.678073
12.320509
11.742203
11.838327
11.772891
11.108900
10.618593
10.096107
9.755816
9.267177
8.771423
8.559632
8.135740
7.847311
7.568646
7.153303
6.820401
6.636533
6.560571
6.363299
6.404507
5.979993
6.182990
6.344350
6.641339
6.955940
7.367641
7.625530
8.141579
8.430835
8.724417
9.197174
9.504274
9.830835
10.412241
11.109864
11.513904
11.942136
12.214851
12.464102
13.010717
12.826717
12.717008
12.427302
12.332247
12.163392
12.029558
12.209846
12.885889
13.344657
13.961649
14.382519
14.788788
15.226706
15.970124
15.967318
15.938568
15.921683
16.409506
17.124629
17.551069
18.256730
18.209335
18.675144
19.111771
19.747774
19.587477
19.555402
19.870903
20.382830
20.752993
21.357471
21.735151
22.214658
22.556534
22.864625
22.970022
23.223526
23.233023
23.290390
23.269527
23.694303
23.533493
23.403900
22.885952
22.420182
22.283168
22.462855
22.474470
21.858486
21.202427
20.777433
20.167247
19.509005
19.061030
18.648856
17.961262
17.613180
17.115959
16.451289
15.962069
15.845858
15.695673
15.719163
15.656248
15.679850
15.096623
14.680442
14.293362
13.679618
13.286303
13.019036
12.714303
12.338841
11.930832
11.813478
11.424865
11.201052
11.079737
11.291136
11.308243
11.580776
11.686724
12.288982
12.418102
12.070011
11.915217
11.703511
11.661988
11.783966
12.009202
12.466098
12.640209
12.592510
12.793535
13.269918
14.120042
14.674354
15.148526
15.599331
16.247525
16.500076
17.192229
17.615186
17.758241
18.105509
18.808593
19.136635
19.745609
20.365028
21.021113
21.659418
22.349646
22.900734
23.392857
23.697830
23.811169
23.793879
23.961543
24.012933
24.417850
24.314362
23.778763
23.754829
23.603325
23.111921
22.472511
21.696023
21.141565
20.548267
20.066350
19.381411
18.970958
18.571440
18.564447
18.583310
18.053575
17.580715
17.183224
16.736254
16.328089
15.707673
15.269647
14.810855
14.232107
13.760259
13.007602
12.426161
12.132592
11.695904
10.940883
10.811050
10.763758
10.744712
10.642186
10.674077
10.777344
11.105049
10.778426
10.833375
10.778203
10.916672
11.158781
11.453764
11.843859
12.361127
12.592196
13.026004
13.809132
14.142466
14.742111
15.131830
15.502083
15.580796
15.578363
16.003361
16.619375
17.280525
17.674719
18.295736
18.901722
19.436685
19.955255
20.678844
21.181116
21.591009
22.152005
22.477020
23.030204
23.506439
23.852911
24.353578
24.194882
23.856787
23.795077
23.553660
23.434295
23.145323
23.047927
22.434547
21.821585
21.453010
20.660124
20.216257
19.752281
19.277277
18.826720
18.483641
17.938285
16.884269
16.362320
15.798259
15.053659
14.549383
13.958185
13.561425
12.801027
12.305138
10.599148
8.873835
