10
1670
1690
1730
1760
1800
1820
1860
1890
1920
1230
1660
1700
1720
1760
1790
1830
1860
1890
1930
1230
1660
1690
1730
1750
1790
1820
1860
1880
1920
1230
1660
1690
1720
1750
1790
1820
1850
1890
1920
1230
1650
1680
1710
1750
1780
1800
1850
1880
1920
1220
1640
1680
1710
1730
1770
1810
1830
1870
1900
1240
1650
1680
1710
1740
1780
1810
1840
1870
1910
1230
1650
1670
1710
1730
1770
1800
1840
1870
1910
1220
1640
1670
1710
1730
1770
1800
1830
1870
1910
1220
1650
1670
1710
1730
1760
1810
1830
1870
1900
1230
1640
1680
1700
1730
1760
1820
1830
1870
1900
1220
1640
1680
1710
1730
1770
1800
1840
1860
1900
1220
1640
1670
1700
1740
1770
1810
1840
1860
1900
1230
1650
1670
1710
1730
1770
1810
1830
1870
1910
1230
1650
1680
1730
1760
1780
1820
1850
1880
1910
1230
1640
1670
1700
1740
1760
1800
1830
1870
1900
1220
1640
1670
1710
1730
1760
1800
1840
1860
1900
1220
1640
1680
1700
1730
1770
1800
1840
1860
1900
1220
1640
1670
1700
1730
1770
1810
1830
1870
1900
1230
1660
1680
1710
1740
1780
1810
1840
1890
1910
1220
1650
1670
1700
1730
1760
1800
1830
1870
1890
1230
1650
1680
1710
1750
1780
1810
1840
1880
1900
1230
1640
1690
1700
1740
1760
1810
1830
1870
1900
1230
1650
1690
1710
1740
1780
1810
1850
1870
1910
1220
1640
1660
1700
1730
1770
1800
1830
1860
1900
1220
1640
1670
1700
1740
1770
1800
1830
1870
1890
1230
1640
1660
1690
1740
1760
1800
1830
1870
1890
1230
1660
1690
1720
1740
1780
1810
1850
1880
1910
1220
1640
1670
1700
1720
1780
1790
1830
1860
1900
1220
1640
1670
1700
1740
1760
1790
1830
1870
1890
1230
1650
1680
1720
1740
1770
1810
1840
1880
1910
1220
1640
1700
1700
1720
1770
1800
1830
1860
1900
1220
1640
1670
1690
1730
1760
1790
1830
1860
1890
1240
1640
1680
1710
1740
1780
1810
1840
1880
1900
1240
1650
1690
1710
1740
1770
1820
1840
1870
1920
1230
1640
1670
1700
1740
1770
1800
1830
1860
1890
1240
1650
1690
1710
1750
1780
1810
1840
1880
1910
1240
1650
1680
1720
1740
1780
1820
1840
1880
1910
1230
1660
1690
1710
1750
1780
1810
1840
1880
1910
1220
1640
1670
1720
1730
1770
1800
1840
1860
1900
1220
1650
1670
1710
1730
1770
1800
1840
1870
1900
1220
1650
1670
1710
1730
1770
1800
1830
1870
1890
1230
1670
1690
1710
1750
1770
1810
1850
1880
1900
1230
1640
1680
1700
1730
1770
1810
1840
1860
1900
1240
1660
1680
1720
1750
1770
1810
1850
1870
1910
1240
1660
1680
1710
1740
1790
1810
1840
1880
1910
1220
1640
1680
1700
1740
1760
1800
1830
1870
1890
1240
1650
1690
1720
1740
1780
1810
1850
1870
1930
1230
1660
1680
1720
1750
1770
1820
1840
1880
1910
1220
1650
1670
1720
1730
1800
1810
1840
1860
1910
1230
1650
1680
1720
1750
1770
1810
1860
1890
1900
1230
1640
1680
1700
1740
1760
1800
1830
1870
1900
1230
1640
1670
1700
1730
1770
1800
1830
1860
1900
1230
1640
1670
1710
1730
1770
1810
1830
1870
1890
1230
1640
1670
1690
1730
1760
1800
1830
1870
1890
1230
1650
1670
1710
1740
1760
1800
1840
1870
1900
1210
