30
50
70
100
110
130
160
180
190
220
240
240
240
240
230
240
240
240
240
240
240
240
230
240
240
240
240
240
230
240
240
240
240
240
240
240
240
230
240
240
240
240
240
230
230
240
250
240
240
230
240
230
240
240
240
230
240
240
240
240
240
240
240
240
230
240
240
240
240
240
240
230
240
240
240
240
240
240
230
240
240
240
240
240
230
240
240
240
240
230
250
230
240
240
240
230
240
240
240
240
240
240
230
240
240
240
230
240
240
240
240
240
240
240
230
240
240
230
230
240
240
240
240
240
230
240
240
240
230
240
240
240
240
240
240
240
230
240
240
240
240
240
240
230
240
240
240
240
230
240
240
240
240
240
240
240
230
240
240
240
240
240
230
240
240
240
240
240
230
240
240
240
240
240
230
240
240
240
240
240
230
230
240
240
240
240
230
230
240
240
240
240
240
240
240
240
230
240
240
240
240
240
230
240
240
240
240
240
240
240
240
230
240
240
240
240
240
230
240
240
240
240
240
240
240
240
240
240
240
240
240
240
230
240
240
240
240
240
230
240
240
240
240
240
240
240
240
240
230
240
240
240
240
240
240
230
240
240
240
240
240
240
240
240
240
230
240
240
240
240
240
240
240
240
240
230
240
240
240
240
240
240
230
240
240
240
240
240
240
230
240
240
240
240
230
240
240
240
240
240
240
240
240
240
230
240
240
240
240
240
240
240
230
240
240
240
230
240
240
240
240
240
240
240
230
240
240
240
240
230
240
240
240
240
240
240
230
240
240
240
240
240
230
240
240
240
240
240
240
240
240
230
240
240
240
230
240
240
240
240
240
240
230
240
240
240
230
240
240
240
240
240
240
240
230
240
240
240
240
240
240
230
240
240
240
240
240
240
240
230
240
240
240
240
240
240
230
240
240
240
240
240
240
240
240
230
240
240
240
240
240
240
240
230
230
240
240
240
240
230
250
230
240
240
240
240
240
240
230
240
240
240
240
240
240
230
240
240
240
240
240
240
240
240
240
240
230
240
240
240
240
240
230
240
240
240
240
240
240
240
240
230
240
240
240
230
240
240
240
240
240
240
240
230
240
240
240
230
240
240
240
240
240
240
240
240
230
240
240
240
240
240
240
230
240
240
240
240
240
240
240
230
240
240
240
240
240
230
240
240
240
240
240
240
240
240
240
230
240
240
240
240
240
240
240
230
240
240
240
240
240
240
240
240
240
240
230
240
240
240
240
240
240
240
240
240
230
240
240
240
240
240
240
240
230
230
240
240
240
240
240
