2.087651 2.046287
2.064951 2.021514
1.942950 1.996595
1.818009 1.947012
1.771017 1.931423
1.718263 1.958928
1.679291 2.013691
1.621758 2.095280
1.585502 2.169482
1.574089 2.210295
1.571974 2.319447
1.573634 2.423505
1.627198 2.572327
1.665792 2.714326
1.712907 2.772780
1.983762 3.104769
2.516573 3.601998
3.064757 4.314755
3.285610 4.628134
3.532670 4.912992
3.599243 4.954453
3.654771 4.994030
3.682147 4.940920
3.605061 4.894395
3.687837 4.911202
3.715615 4.812907
3.870018 4.923301
4.159992 5.118252
4.368609 5.282818
4.623227 5.503889
4.902983 5.695112
5.057737 5.756176
5.117954 5.651957
5.275523 5.783570
5.388155 5.869758
5.417203 5.939933
5.550887 6.042816
5.563498 6.134017
5.604039 6.163884
5.762250 6.241984
5.752685 6.349393
5.892652 6.254243
5.984168 6.342413
5.934932 6.462672
5.912600 6.476607
5.894855 6.473895
5.938838 6.321848
5.984058 6.257000
6.054505 6.301306
6.194813 6.364589
6.265779 6.399387
6.260175 6.414789
6.148822 6.214523
6.105701 6.090365
6.067569 6.071451
6.112535 6.110075
6.149788 6.158392
6.202001 6.210418
6.279167 6.264935
6.544591 6.394098
6.744250 6.517660
6.879509 6.615419
6.999810 6.656571
7.173131 6.767064
7.162120 6.793431
7.298052 6.884164
7.377281 6.990405
7.308798 6.894512
7.340445 6.947132
7.153674 6.885812
7.116670 6.801387
7.046970 6.470095
6.932226 6.399726
6.857086 6.298201
6.739263 6.126349
6.536529 6.097716
6.724131 6.251028
6.845763 6.348669
7.086502 6.466048
7.158922 6.500370
7.323663 6.654936
7.411219 6.735679
7.677832 6.828258
7.691855 6.806218
7.704758 6.786511
7.683984 6.713067
7.623565 6.653251
7.661055 6.646164
7.725690 6.637715
7.735803 6.668022
7.600557 6.686976
7.699461 6.745197
7.598021 6.521892
7.489013 6.310692
7.370189 6.244164
7.389668 6.234124
7.356939 6.261422
7.378058 6.310764
7.505228 6.448835
7.444502 6.453603
7.586464 6.662396
7.510196 6.726323
7.545442 6.840350
7.669494 6.985869
7.765324 7.120485
7.486533 7.067274
7.642469 7.226599
7.787099 7.385758
7.921296 7.512814
8.089988 7.688331
7.974980 7.674106
7.857660 7.602758
7.535437 7.306502
7.354554 7.087969
7.272984 7.044194
7.103867 6.828098
7.160504 6.840399
7.185646 6.831795
7.234797 6.824841
7.258842 6.836312
7.277700 6.770681
6.931242 6.477602
6.801996 6.367747
6.770501 6.213475
6.534493 6.046522
6.256393 6.013230
6.014979 6.092350
6.091799 6.043806
5.758278 5.826292
5.843454 5.934059
5.931668 6.046051
5.993263 6.162000
6.099854 6.225494
6.024695 6.223968
5.938531 6.057742
5.722267 6.053553
5.895737 6.210369
6.065930 6.354758
6.360279 6.683257
6.771738 7.014399
7.088515 7.273769
7.237674 7.409874
7.317106 7.512982
7.416720 7.666697
7.192957 7.411915
7.086520 7.201332
7.034042 7.233725
7.158939 7.194952
6.907628 7.048326
6.758069 6.989568
6.629011 6.958138
6.527578 6.701648
6.249853 6.558308
5.875873 6.241258
5.532161 5.903095
5.429220 5.760501
5.426886 5.620302
5.422323 5.646086
5.496053 5.754977
5.472984 5.766708
5.476719 5.843457
5.511701 5.918724
5.489952 5.866180
5.476020 5.720182
5.364691 5.692704
5.251964 5.524819
5.233725 5.530043
5.225694 5.556321
5.293057 5.520097
5.339681 5.518532
5.254711 5.565504
5.026845 5.604771
4.923749 5.541106
4.665813 5.343821
4.434492 5.087858
4.207073 4.921848
4.004467 4.632508
3.887667 4.573480
3.812287 4.490672
3.776205 4.414729
3.737446 4.312840
3.752607 4.291627
3.733737 4.271437
3.723530 4.197355
3.592980 3.984482
3.690971 4.129642
3.829227 4.267572
3.969698 4.270315
3.875335 4.190017
3.710130 4.033084
3.721379 3.953141
3.671824 3.873007
3.739900 3.895973
4.148231 4.319880
4.760863 4.821177
5.447478 5.329924
6.102539 5.903462
6.767464 6.491335
7.344772 6.891486
7.857359 7.218357
8.128202 7.369077
8.273010 7.251965
8.126659 7.084936
7.945311 6.917524
8.114794 6.901716
8.349291 7.340020
8.693470 7.833830
8.911567 8.291116
9.223222 8.766451
9.380333 9.197379
9.495193 9.362584
9.640388 9.477964
9.675287 9.495561
9.723245 9.415311
9.718735 9.306253
9.689114 9.217882
9.609779 8.974723
9.674563 8.929465
9.595397 8.921905
9.622260 8.906878
9.718286 8.993171
9.751902 8.799437
9.681085 8.580852
9.499378 8.373580
9.180419 8.331161
9.140806 8.222324
8.727030 8.009732
8.568825 7.843079
8.264510 7.644808
8.165081 7.435600
8.329077 7.584249
7.071275 6.838239
6.289356 6.001499
5.370019 5.235975
4.464706 4.515044
3.944250 4.445735
3.724416 4.334063
3.865020 4.473175
4.002352 4.620467
4.277819 4.865056
4.611291 5.263730
4.888470 5.562181
5.426578 5.955006
5.548678 6.226942
5.685715 6.253230
5.856138 6.499424
5.933130 6.591953
5.960415 6.532939
6.023165 6.569489
6.117073 6.575961
6.131276 6.461364
6.002491 6.353011
5.921076 6.102765
5.888220 6.094746
5.897111 6.076663
5.862223 5.899692
5.515367 5.798997
5.415052 5.636297
5.379269 5.574991
5.432982 5.605421
5.449724 5.630185
5.418960 5.594557
5.378703 5.391346
5.379203 5.353522
5.310065 5.288239
5.335485 5.194426
5.406200 5.136976
5.422154 5.221949
5.431314 5.219682
5.475293 5.395133
5.603469 5.523745
5.523488 5.313683
5.328606 5.233652
5.237133 5.065527
4.716559 4.723071
4.635535 4.769121
4.492602 4.816676
4.318497 4.573006
4.214956 4.053484
3.821721 3.829808
3.580216 3.703528
3.566566 3.650154
3.655123 3.666374
3.812008 3.898434
4.216305 4.249954
4.478506 4.542051
4.831173 4.884496
5.230104 5.380528
5.792199 5.912446
6.145462 6.219417
6.435392 6.401924
6.572145 6.478757
6.696500 6.511805
6.831219 6.631865
6.816947 6.480070
6.848224 6.498250
6.920121 6.600103
7.032131 6.677632
7.352486 7.293552
7.726127 7.701164
7.931398 7.755008
8.054147 7.602876
8.164493 7.456604
8.145581 7.393228
8.191533 7.310194
8.052660 7.126524
7.945307 6.932547
7.638758 6.716105
7.319505 6.408437
7.154751 6.391662
7.150743 6.270498
6.911790 6.249560
6.454739 5.924417
5.924428 5.676457
5.733181 5.355924
5.434266 5.261828
5.252235 5.017167
5.063322 4.850153
4.823138 4.597121
4.564964 4.476619
4.496413 4.441179
4.279736 4.236573
3.931318 3.902385
3.549004 3.660397
3.279491 3.302034
3.038766 2.985154
2.957462 2.906590
2.960773 2.857217
2.904615 2.925539
2.944066 2.987093
2.999699 3.152852
3.077476 3.306187
3.376676 3.608382
3.781559 4.035973
4.208066 4.492857
4.614002 5.023505
5.149882 5.611499
5.568325 6.049861
5.954487 6.521076
6.328792 6.926054
6.610528 7.236758
6.878496 7.518222
6.961455 7.596792
6.929261 7.574405
6.837017 7.475461
6.729494 7.474514
6.637664 7.492645
6.676572 7.516532
6.765521 7.683662
6.871854 7.775178
6.862375 7.824926
6.900487 7.839761
6.796703 7.707531
6.873503 7.779961
6.993943 7.896459
7.157225 8.036910
7.068203 7.993824
6.929667 7.843250
6.615344 7.775950
6.654746 7.705283
6.632586 7.431063
6.584278 7.349652
6.351056 7.167112
6.310381 7.072136
6.171875 6.856773
6.121634 6.870854
6.046862 6.842112
5.779646 6.709206
5.595513 6.396088
5.356603 6.185858
5.273301 6.166616
5.198695 6.214770
5.083977 6.076561
5.191527 6.185114
5.399611 6.329313
5.604727 6.530203
5.942020 6.848782
6.289097 7.032913
6.452210 6.963215
6.674212 7.037436
6.579410 6.967531
6.205190 6.528324
5.871883 6.079161
5.472428 5.686405
5.180187 5.380936
4.968899 5.098294
4.865167 5.004741
4.801195 4.858958
4.621166 4.647063
4.371171 4.594121
4.316398 4.513853
4.094565 4.403484
3.893527 4.230677
3.614603 4.065599
3.653715 3.921804
3.699659 3.957402
3.848655 4.071812
4.011599 4.230596
4.230701 4.468977
4.416910 4.634451
4.591641 4.790580
4.578676 4.810145
4.519241 4.752178
4.254488 4.360080
4.087449 4.088006
3.869409 3.857506
3.615584 3.783507
3.421367 3.530833
3.268195 3.333861
3.241749 3.131955
3.296389 3.142208
3.216436 3.148390
3.221625 3.201866
3.338330 3.241722
3.487587 3.305654
3.644070 3.432901
3.893388 3.627106
4.306480 4.029062
4.754868 4.459089
4.992815 4.647001
5.154404 4.790939
5.305354 5.052158
5.318350 4.978826
5.292123 4.862022
5.255225 4.803542
5.227806 4.754548
5.359700 4.935695
5.367345 4.912885
5.307774 4.942627
5.208837 4.981810
5.242736 5.031818
5.214916 4.948669
5.179820 5.042237
5.042337 4.994769
4.935393 4.986915
4.836635 4.824580
4.839105 4.824612
4.698085 4.821499
4.668170 4.820969
4.746806 4.875647
4.631243 4.862314
4.566292 4.839794
4.469539 4.863068
4.599935 5.019721
4.742118 5.115577
4.750268 5.102869
4.712838 5.127842
4.835870 5.310619
4.908846 5.460603
5.050604 5.521867
5.011021 5.604527
5.064621 5.619298
5.275488 5.845146
5.512147 6.056920
5.961841 6.458014
6.373532 6.866970
6.712974 7.217485
6.880618 7.500163
7.144298 7.716103
7.138877 7.879774
7.036579 7.937940
6.814438 7.828774
6.583739 7.702513
6.360176 7.374181
5.882201 6.889514
5.463006 6.525269
5.042664 6.194748
4.615408 5.838123
4.388452 5.694187
4.289523 5.525317
4.225897 5.496721
3.924308 5.165885
3.671537 5.007662
3.613464 4.710464
3.599446 4.562498
3.623985 4.384103
3.641035 4.549584
3.553207 4.398613
3.587544 4.448266
3.681684 4.512738
3.715293 4.571220
3.626226 4.411622
3.619341 4.203457
3.592112 4.037371
3.580893 4.023161
3.429859 3.889449
3.495715 3.902960
3.654443 3.905591
3.732899 3.970552
3.838472 4.059031
3.905363 4.178257
3.917935 4.149089
3.987424 4.104249
4.124315 4.172268
4.296436 4.366859
4.126753 4.152516
3.953964 4.003556
4.051063 4.054822
4.165527 4.162407
4.262084 4.155978
4.415656 4.127949
4.383430 4.056290
4.390979 3.955997
4.452794 4.003580
4.549889 4.102568
4.670977 4.188683
4.782944 4.324356
4.804774 4.399264
4.833809 4.499660
4.806476 4.584417
4.847922 4.592754
4.813656 4.546615
4.667546 4.557637
4.769621 4.561831
4.657733 4.551643
4.625652 4.512320
4.571340 4.496910
4.570222 4.478335
4.730891 4.591566
4.956344 4.864503
5.164121 5.018606
5.109394 5.080406
5.144198 5.155577
5.100473 5.153078
5.219705 5.197406
5.122239 5.238852
5.096628 5.224556
5.177940 5.379317
5.335773 5.536101
5.585344 5.726542
5.754699 5.862603
5.816734 5.952992
5.738623 5.778630
5.421576 5.478760
5.207309 5.251341
4.991556 5.060006
4.804694 4.857304
4.525671 4.457283
4.379726 4.244429
4.222231 4.236730
4.109908 4.098414
3.934292 3.943582
3.788807 3.866272
3.777392 3.720464
3.652356 3.580996
3.626291 3.590516
3.680757 3.747525
3.760031 3.872013
3.944454 4.182011
4.166025 4.541373
4.288242 4.683583
4.423360 4.848776
4.484875 5.023082
4.560467 5.189750
4.640172 5.328599
4.831008 5.457065
5.044853 5.607485
5.304498 5.889830
5.520280 6.122860
6.103237 6.681845
6.614894 7.231735
