2.087651 2.046287
2.018418 2.012783
1.971881 1.977979
1.886465 1.921491
1.852159 1.940595
1.859049 1.970024
1.980110 2.206078
1.947893 2.322530
2.002410 2.524538
2.027528 2.639020
2.109571 2.857550
2.080343 2.982946
2.099151 3.074153
2.124256 3.181920
1.940085 3.045765
2.097279 3.056108
2.379608 3.208195
2.694749 3.402560
2.911397 3.552660
2.979225 3.502301
2.938202 3.446134
2.908540 3.383051
2.837549 3.319522
2.941982 3.354465
3.167963 3.585866
3.396022 3.743714
3.627843 3.931288
3.879399 4.161964
4.104262 4.365394
4.413663 4.583124
4.705990 4.800510
4.959794 4.987503
5.154757 5.141688
5.385903 5.329272
5.672642 5.550324
5.803232 5.678157
5.998781 5.901398
6.257524 6.112726
6.556733 6.337703
6.875854 6.487011
7.164700 6.653177
7.401556 6.847765
7.610084 6.984035
7.828696 7.159099
7.955858 7.257832
8.006282 7.281190
8.140805 7.217080
8.163753 7.224132
8.141245 7.275572
8.134531 7.279597
8.069791 7.281797
8.073979 7.268808
8.111619 7.134940
8.089418 7.052795
8.053047 6.916907
8.040361 6.974300
8.045117 7.015461
7.992793 7.015761
8.074400 7.018598
8.036605 6.885759
8.121273 6.737895
8.112143 6.763547
8.144865 6.670358
8.220626 6.794278
8.329704 6.926768
8.432439 7.039517
8.565876 7.160863
8.690116 7.355849
8.840490 7.560428
8.987211 7.705703
9.161058 7.873357
9.303189 8.018995
9.462257 8.159833
9.649026 8.314005
9.800643 8.464363
9.951387 8.628162
10.247147 9.005828
10.399113 9.169193
10.522514 9.346568
10.471382 9.374829
10.446790 9.332025
10.468751 9.401274
10.581331 9.580524
10.575511 9.644731
10.591785 9.689252
10.345200 9.545130
10.255599 9.414480
10.287989 9.428188
10.322908 9.447198
10.557091 9.653129
10.605175 9.691222
10.700825 9.790078
10.782585 9.840501
10.855235 9.918560
10.939566 9.930456
11.058587 10.039521
11.170625 10.146934
11.262231 10.241188
11.242223 10.196019
11.367786 10.315826
11.508855 10.446285
11.623863 10.555469
11.756514 10.670329
11.887174 10.791578
12.027886 10.900921
12.142548 11.004292
12.264652 11.121960
12.380994 11.242189
12.224919 11.339913
12.323404 11.472257
12.361099 11.603210
12.352163 11.638780
12.358207 11.693238
12.254733 11.727783
12.065772 11.691244
12.046182 11.781732
11.632819 11.513503
11.636255 11.498512
11.366448 11.217555
11.366338 11.240576
11.185372 11.082208
11.113832 10.962902
10.934500 10.891468
10.959603 10.890664
10.834610 10.763651
10.889151 10.780337
10.832049 10.765202
10.762496 10.630115
10.748616 10.685640
10.549054 10.604376
10.608337 10.684991
10.620587 10.612329
10.714959 10.717191
10.823993 10.844657
10.932903 10.934129
11.061127 11.199460
11.187609 11.334917
11.322393 11.445311
11.455294 11.554250
11.615591 11.665675
11.759049 11.785238
11.901597 11.926918
12.041289 12.037051
12.199073 12.199710
12.079609 12.279766
11.966001 12.220268
12.013190 12.316226
12.063685 12.400983
12.071643 12.369827
12.013949 12.339961
12.021405 12.331464
12.116991 12.382038
12.124645 12.356765
12.144335 12.283625
12.118008 12.228874
12.111035 12.226345
12.117961 12.243838
12.144261 12.267505
12.183375 12.397340
12.199890 12.435810
12.206448 12.472035
12.227658 12.539506
12.252982 12.591216
12.285649 12.643070
12.332620 12.721006
12.378506 12.812911
12.440126 12.907424
12.491716 12.986699
12.554316 13.070294
12.660245 13.190894
12.725325 13.267033
12.762875 13.388898
12.847157 13.430972
12.750159 13.348654
12.544347 13.168080
12.591361 13.173702
12.618567 13.193968
12.659027 13.251702
12.715416 13.300626
12.448881 13.157406
12.298474 13.014685
12.262040 12.923158
12.016917 12.719682
11.971432 12.728404
12.098161 12.736001
11.840708 12.545464
11.789482 12.471486
11.636855 11.980788
11.576365 11.785937
11.644187 11.596977
11.612864 11.394015
11.660359 11.349601
11.720863 11.366415
11.358433 11.187939
11.455460 11.281270
11.551806 11.356670
11.647628 11.442380
11.748240 11.533543
11.677218 11.469415
11.782330 11.524316
11.818543 11.591269
11.815902 11.608830
11.764497 11.657651
11.791733 11.702399
11.626202 11.451233
11.439327 10.643139
10.667258 9.423394
9.238033 8.134907
8.076120 6.988620
6.941224 6.532890
6.663552 6.057842
6.487565 5.840865
6.601270 5.885224
6.690848 6.000522
6.745716 6.029978
6.766228 6.088137
6.775417 6.171127
6.674306 6.129607
6.758106 6.117384
6.584496 6.141817
6.722671 6.269882
6.843409 6.416699
6.825941 6.328562
6.837087 6.340152
7.002633 6.712096
7.138324 6.836742
7.225382 6.889323
7.369292 6.988407
7.474570 7.016159
7.400115 7.001492
7.313147 6.883288
7.261870 6.678684
6.926986 6.599559
6.842988 6.593869
6.602071 6.300201
6.373431 6.215311
6.305255 6.229817
5.772493 5.750286
5.798163 5.796270
5.884525 5.892959
6.012092 5.989781
6.007930 6.081537
6.134952 6.251333
6.138828 6.291770
6.086797 6.286575
5.929163 6.231428
5.957366 6.283362
5.864669 6.232452
5.888495 6.313764
5.946293 6.413736
5.702696 6.253533
4.968030 5.186527
4.165536 4.183857
3.814875 3.717751
3.216005 3.543179
2.761011 3.377424
2.694457 3.256699
2.743067 3.285851
2.961678 3.387533
3.209969 3.684673
3.434116 3.889753
3.510487 3.955037
3.586987 4.034010
3.651033 4.117596
3.784492 4.232007
3.907253 4.315996
4.099750 4.470024
4.290790 4.611479
4.456275 4.751469
4.671076 4.951971
4.925311 5.182618
5.220594 5.395297
5.423511 5.493004
5.618386 5.516172
5.593277 5.415055
5.495016 5.313485
5.305930 5.238874
5.293300 5.086045
5.099617 4.998216
4.978713 4.706508
4.974902 4.729314
5.073327 4.712153
5.210289 4.868163
5.371546 5.056637
5.583101 5.303961
5.706958 5.448683
5.856071 5.631947
5.985231 5.803484
6.074359 5.979937
6.135729 6.051284
6.209363 6.153485
6.209969 6.172320
6.226943 6.220266
6.500251 6.453219
6.506873 6.482162
6.589367 6.580678
6.278729 6.330637
5.858806 5.956047
5.728150 5.762755
5.072649 5.411267
4.259131 4.825460
3.576656 4.481122
3.273797 4.132357
3.231223 4.041615
3.314495 4.150549
3.456088 4.235800
3.578371 4.374476
3.661701 4.582373
3.770189 4.680970
3.908918 4.834321
4.090597 5.058601
4.327357 5.236447
4.523031 5.374171
4.745285 5.528397
4.975240 5.713617
5.184677 5.872586
5.469404 6.118680
5.777070 6.307785
6.079814 6.522934
6.285151 6.676133
6.391041 6.750967
6.552158 6.883938
6.470703 6.875982
6.388701 6.635868
6.273091 6.598515
6.220900 6.468808
6.120146 6.436324
6.159969 6.510163
6.236477 6.607945
6.336437 6.746177
6.420944 6.846417
6.410791 6.951303
6.505366 6.974982
6.602505 7.035899
6.671945 7.138795
6.822740 7.249863
6.845966 7.210169
6.765467 7.159452
6.834279 7.211435
6.908386 7.327689
6.941213 7.368189
6.642879 7.035165
6.350078 6.465052
5.826128 6.034487
5.341739 5.586994
5.220313 5.518951
5.346967 5.629809
5.674444 5.916882
5.843222 6.046166
6.014499 6.230874
6.125027 6.337480
6.209494 6.466328
6.368406 6.595347
6.457425 6.708961
6.623720 6.899875
6.768800 7.081763
6.804045 7.116205
6.776834 7.104480
6.664706 6.998494
6.676085 7.082378
6.601056 7.156530
6.563092 7.196323
6.630521 7.240388
6.695646 7.278629
6.717676 7.336022
6.556492 7.168251
6.455077 7.040898
6.369273 7.075393
6.341537 7.139877
6.368650 7.201756
6.364912 7.080624
6.337315 7.108682
6.354459 7.019618
6.395412 6.946702
6.429619 6.871952
6.530709 6.715125
6.664479 6.859959
6.788084 7.009604
6.890677 7.152736
7.031849 7.245713
7.161837 7.268438
7.150106 7.305909
7.241932 7.294916
7.126536 7.192853
6.915824 6.966166
6.879439 6.881810
6.784252 6.602929
6.818639 6.605115
6.966372 6.666998
7.042643 6.662133
6.917044 6.611253
6.958577 6.639287
7.015128 6.682187
7.085195 6.738627
7.218916 6.917549
7.370402 7.085272
7.454331 7.162252
7.543560 7.253466
7.557667 7.369626
7.651754 7.483084
7.766019 7.592553
7.805137 7.576164
7.841628 7.477932
7.872074 7.444961
7.790292 7.505961
7.849104 7.437188
7.630614 7.326022
7.476268 7.219633
7.176944 7.115094
7.008578 6.897991
6.654899 6.760088
6.600452 6.661389
6.565964 6.424915
6.451899 6.375512
6.388121 6.326855
6.460762 6.351892
6.400733 6.283370
6.339215 6.277514
6.483146 6.257541
6.648446 6.361228
6.756661 6.422199
6.966663 6.484250
6.678309 6.440569
6.623757 6.202803
5.929568 5.931703
5.479731 5.302823
4.835655 4.737960
4.460714 4.090955
4.070192 3.803068
3.875655 3.627938
3.971681 3.690146
4.134629 3.755389
4.346137 3.904882
4.671460 4.057465
4.852718 4.259035
5.064409 4.367691
5.251935 4.589937
5.387224 4.705971
5.662442 4.901722
5.912985 5.139544
6.109172 5.277961
6.243705 5.349381
6.355149 5.452631
6.498140 5.532580
6.565811 5.588866
6.564165 5.609135
6.663612 5.696691
6.803247 5.749996
6.903828 5.836974
7.058627 5.912745
7.119267 6.031764
7.186871 6.187088
7.321998 6.263355
7.521151 6.468205
7.836775 6.762500
7.996611 7.046485
8.220932 7.196496
8.365112 7.325184
8.384115 7.451552
8.423848 7.502396
8.427810 7.571855
8.449589 7.653389
8.374769 7.593249
8.363549 7.391443
8.312720 7.224396
8.134351 6.922905
7.987310 6.761324
7.908926 6.678177
7.787597 6.612618
7.837090 6.671637
7.902740 6.749092
7.958209 6.855398
8.017709 6.948892
8.215015 7.224642
8.321289 7.389759
8.409479 7.404881
8.462177 7.428300
8.483157 7.440485
8.512927 7.476116
8.558821 7.523931
8.605235 7.583275
8.618390 7.504637
8.458190 7.397244
8.476459 7.374708
8.392835 7.364815
8.424824 7.341806
8.329952 7.221505
8.401486 7.317910
8.523732 7.432069
8.549889 7.308223
8.656946 7.405166
8.770823 7.552940
8.846091 7.663828
9.081391 7.844211
9.114222 7.859807
9.139564 7.868751
9.172845 7.895697
9.252320 7.957462
9.348547 8.034788
9.285380 7.977541
9.061008 7.865115
8.874214 7.768121
8.866896 7.777582
8.904614 7.801394
8.956895 7.855638
8.985136 7.896187
9.011728 7.983600
9.087032 8.200458
9.292814 8.335709
9.388123 8.417738
9.449850 8.533971
9.375822 8.499356
9.342880 8.599543
9.403966 8.717704
9.208541 8.580308
9.124803 8.539340
9.128268 8.576746
9.129632 8.619769
9.009215 8.508512
8.884275 8.310696
8.804431 8.341746
8.492843 8.154651
8.175018 8.097467
8.269859 8.196163
8.382485 8.076071
8.487877 8.175157
8.548058 8.188103
8.619780 8.296893
8.711402 8.433734
8.939626 8.622321
9.061914 8.751097
9.202190 8.891102
9.307055 8.994538
9.192928 8.923096
8.980344 8.564554
8.933295 8.585453
8.921421 8.446887
8.694222 8.222199
8.635033 7.972020
8.459828 7.905944
8.472237 7.883496
8.693292 7.971936
8.776095 8.039236
8.903724 8.124584
8.982886 8.182177
9.158634 8.263124
9.266780 8.342319
9.342024 8.434440
9.257791 8.372413
9.351371 8.486292
9.265657 8.470067
9.311492 8.462483
9.194300 8.399891
9.246489 8.354365
9.259180 8.239995
9.185277 8.305858
9.296495 8.359322
9.476876 8.511017
9.658110 8.664135
10.094440 9.042206
10.402037 9.252379
