2.112807 2.046668
2.117790 2.072179
2.132548 2.141546
2.135975 2.230634
2.150901 2.340803
2.176209 2.495169
2.218988 2.631145
2.274988 2.783918
2.357214 2.960759
2.463879 3.158226
2.598119 3.386269
2.737937 3.592018
2.888689 3.846792
3.104347 4.075267
3.172218 4.103690
3.191608 4.071873
3.244318 4.052105
3.582433 4.203920
3.664851 4.267877
3.745753 4.338002
3.696726 4.338766
3.710590 4.376970
3.726450 4.397641
3.770133 4.482939
3.881186 4.593235
4.022288 4.708640
4.161703 4.844501
4.326744 5.010993
4.508779 5.155095
4.721192 5.298834
5.049586 5.535730
5.255028 5.696197
5.464732 5.845911
5.683007 6.028486
5.961782 6.227058
6.143792 6.379747
6.414608 6.672093
6.600365 6.868912
6.776189 7.054264
6.993038 7.266540
7.212338 7.485370
7.434579 7.697939
7.660650 7.876924
7.905989 8.073078
7.954270 8.087315
7.955362 8.057800
8.031509 8.111540
8.100774 8.155355
8.153018 8.194410
8.238828 8.306432
8.168865 8.318056
8.178366 8.289333
8.101745 8.211063
8.129096 8.276033
8.161085 8.264267
8.174547 8.201704
8.205963 8.261387
8.247144 8.331881
8.299919 8.315324
8.317516 8.331700
8.366782 8.361549
8.415451 8.444432
8.499044 8.465474
8.636328 8.626889
8.746954 8.743606
8.868560 8.892744
9.102224 9.112351
9.240226 9.226667
9.381878 9.371768
9.549289 9.487788
9.663835 9.604555
9.771564 9.692102
9.888505 9.777007
10.068087 9.852427
10.224859 9.987280
10.372997 10.094376
10.545703 10.231071
10.617966 10.245918
10.722200 10.244060
10.640534 10.217821
10.543948 10.203051
10.653466 10.407440
10.833876 10.610266
10.984976 10.844579
11.010964 10.863234
10.830160 10.725874
10.794535 10.685293
10.789819 10.716493
10.790634 10.691129
10.825808 10.753485
10.831366 10.807261
10.877058 10.886444
10.992205 10.913406
11.047971 10.964122
11.106773 11.026294
11.159653 11.112917
11.358907 11.286756
11.422238 11.373060
11.493344 11.476870
11.584618 11.573442
11.650162 11.680091
11.723242 11.778615
11.806756 11.888092
11.892618 11.981525
11.951570 12.061894
11.992209 12.116639
12.077815 12.205094
12.068309 12.266509
12.083010 12.258721
11.979298 12.313268
12.016416 12.215122
11.899529 11.978007
11.769603 11.826877
11.752298 11.627537
11.685898 11.304353
11.659651 11.217701
11.528485 11.061647
11.273422 10.885766
11.118149 10.588376
10.795883 10.414492
10.211004 10.305237
10.143137 10.142294
10.113572 10.044418
9.956925 9.929819
9.781584 9.687043
9.544318 9.557532
9.427342 9.295327
9.282232 9.161113
9.195565 9.151079
8.930961 8.917050
8.935379 8.942046
8.960138 8.946899
9.057187 9.022286
9.159288 9.158617
9.227533 9.329278
9.354597 9.476658
9.481674 9.656235
9.606242 9.794784
9.714514 9.939296
9.743772 10.055381
9.647288 10.183047
9.712445 10.277433
9.819612 10.396019
9.795400 10.451997
9.833911 10.385770
9.853278 10.440534
9.650394 10.432233
9.389130 10.032781
9.236942 9.841711
9.487275 10.059399
9.864683 10.195999
10.273968 10.514527
10.559377 10.762920
10.463778 10.466765
10.140627 10.445571
10.115777 10.444414
9.978480 10.251562
9.945802 10.306935
9.973311 10.383826
9.943792 10.346614
10.005835 10.421112
10.194500 10.695984
10.271808 10.791180
10.571177 11.225072
10.777908 11.318779
10.879898 11.402533
10.996732 11.512762
11.119754 11.627600
11.207006 11.745023
11.355649 11.863244
11.153479 11.898506
11.088667 11.890839
10.947096 11.746657
10.848419 11.730483
10.628762 11.442777
10.506678 11.391487
10.330754 11.263059
10.180888 11.224126
10.168545 11.066754
9.999230 10.922075
9.650178 10.545834
9.335281 9.810885
9.221785 9.516819
9.174985 9.436909
8.822131 9.192648
8.396274 8.414226
8.230629 7.963906
8.051560 7.432290
7.684389 7.228954
7.658608 6.668950
7.565896 6.390029
7.543283 6.357137
7.488591 6.498435
7.565140 6.580977
7.700338 6.745618
7.755349 6.778964
7.896657 6.939268
8.055425 7.113322
8.171703 7.258279
8.292871 7.393457
8.385654 7.460978
8.551655 7.529485
8.923939 7.688338
9.049027 7.849764
9.331664 8.234912
9.422085 8.280735
9.521996 8.322401
9.646951 8.456475
9.734629 8.753079
9.888445 8.871354
10.002792 8.995245
10.209951 9.266147
10.279559 9.286989
10.398341 9.356564
10.413620 9.384702
10.480939 9.493438
10.540124 9.643338
10.598181 9.700781
10.678950 9.908530
10.789883 10.147566
10.871862 10.259643
10.905793 10.286296
10.971631 10.399868
11.086691 10.424154
11.118219 10.434583
11.159662 10.496806
11.118087 10.542430
11.124713 10.463141
11.109663 10.400364
11.117692 10.347550
10.897652 10.161495
10.782985 10.020337
10.548189 9.571237
10.564469 9.585485
10.287014 9.279484
10.186057 9.097498
10.032479 8.974600
9.769042 8.835587
9.821375 8.907605
9.874149 8.987452
9.949651 9.098563
10.004475 9.178443
10.290930 9.391971
10.458014 9.494158
10.570019 9.630467
10.643831 9.711732
10.693199 9.763662
10.811962 9.718656
10.949866 9.774160
11.132558 9.849489
11.142860 9.920032
10.900827 9.760106
10.591066 9.611183
10.168523 9.563613
9.790452 9.136702
9.277670 8.784150
9.197261 8.581690
9.489173 8.664452
9.907232 9.160704
10.011295 9.227113
10.064983 9.253399
10.174122 9.241567
10.238383 9.264539
10.275716 9.269124
10.339853 9.201341
10.449283 9.244936
10.441108 9.302068
10.309525 9.347661
10.296121 9.330770
10.261995 9.340455
10.028444 9.266019
10.041244 9.312296
10.041150 9.109644
9.753417 8.771444
9.491817 8.633349
8.888780 8.292440
8.451455 8.046035
7.932702 7.740448
7.379392 7.083209
7.246674 6.840140
6.952388 6.583050
6.770346 6.360599
6.777767 6.423602
6.890748 6.571046
7.013519 6.735744
7.062361 6.879733
7.114954 7.058769
7.179640 7.174821
7.384868 7.358131
7.434770 7.430333
7.485138 7.514645
7.496895 7.541741
7.536985 7.669066
7.843573 7.812823
8.106619 7.972680
8.213268 8.155750
8.192358 8.094924
8.190834 7.909085
8.111385 7.601874
7.682974 7.444343
7.290348 6.834979
7.018490 6.822744
7.064107 6.878330
7.420278 7.176892
7.521153 7.189290
7.628521 7.229184
7.718142 7.502714
7.798171 7.590943
7.924182 7.708107
8.133060 7.805394
8.215273 7.880153
8.410482 8.041439
8.507549 8.147308
8.598101 8.244210
8.711757 8.383724
8.774831 8.498429
8.867357 8.514896
8.742313 8.690436
8.616453 8.771469
8.686900 8.793353
8.477270 8.775418
8.339589 8.681355
8.001802 8.322089
7.461290 8.064273
7.146186 7.879155
6.841810 7.631727
6.566421 7.313922
6.579964 7.327323
6.560311 7.331839
6.606499 7.367081
6.677625 7.495205
6.770926 7.585815
6.866226 7.715599
6.948820 7.833432
7.049194 7.974507
7.192866 8.158356
7.251854 8.180793
7.310028 8.239240
7.376124 8.354649
7.654371 8.697183
7.684953 8.804795
7.479130 8.499852
7.189033 8.216187
6.715956 7.541539
6.359648 6.978829
6.476020 7.233945
6.711370 7.611774
6.826921 7.695371
6.923345 7.789469
7.086297 7.887908
7.354719 8.000171
7.469019 8.218380
7.555873 8.228093
7.471843 8.073399
7.534126 7.949224
7.469787 8.041459
7.368710 7.909869
7.307044 7.728813
7.202334 7.445125
7.014231 7.290845
7.061236 7.228660
7.037277 7.148163
6.980886 7.160155
6.923743 7.210788
6.959350 7.234370
6.938819 7.214239
6.918554 7.158811
6.868294 7.062860
6.832441 7.005505
6.804049 6.950409
6.742154 6.791794
6.729747 6.717218
6.638104 6.611710
6.517817 6.304251
6.535696 6.310086
6.471261 6.295847
6.573765 6.376739
6.858741 6.726752
7.200808 7.035458
7.539690 7.174171
7.752876 7.356748
7.926563 7.617746
8.076248 7.803225
8.113659 7.912514
8.335257 8.074481
8.786107 8.256307
8.855168 8.270446
8.893600 8.419993
9.085347 8.386941
9.507455 8.514941
9.533589 8.514915
9.548143 8.507047
9.596402 8.500672
9.631509 8.510077
9.689564 8.569368
9.748654 8.624991
9.735479 8.648647
9.727597 8.701493
9.710713 8.757693
9.731549 8.812267
9.669438 8.842354
9.695742 8.868104
9.696263 8.933261
9.791785 8.848730
9.879951 8.997057
9.903334 9.035109
9.785973 8.995537
9.500667 8.813104
9.171064 8.671567
9.093416 8.653186
8.955925 8.653645
8.805445 8.645313
8.612415 8.500506
8.443560 8.542819
8.449935 8.462274
8.468217 8.513864
8.124964 8.425541
8.047073 8.370201
8.135229 8.546115
8.320192 8.801372
8.591509 8.903499
8.945963 9.077616
8.993098 9.252267
8.767248 9.186747
8.229590 8.547455
7.595249 8.044375
6.819711 7.368277
6.256360 6.392616
5.954003 5.973018
6.012819 5.984726
6.621862 6.390831
6.863816 6.515942
7.085198 6.779203
7.230505 6.908048
7.333410 6.934043
7.458951 7.072196
7.705672 7.250043
7.414619 7.178557
7.103924 7.251681
7.127914 7.306836
7.042574 7.234187
7.022815 7.345412
6.862548 7.377837
6.914655 7.509314
6.849961 7.640264
6.697669 7.743173
6.506293 7.750336
6.511696 7.784177
6.566141 7.811244
6.481303 7.913441
6.533198 7.838205
6.582635 7.915130
6.533685 7.996999
6.683630 8.122763
7.067176 8.369979
7.456594 8.591669
7.726555 8.702861
7.870630 8.854383
8.073647 9.031935
8.220861 9.232991
8.543058 9.321593
8.554273 9.344706
8.760450 9.582587
8.929624 9.767684
9.117727 9.927675
9.113018 9.940134
9.218171 9.937088
9.281670 10.056706
9.360105 10.141493
9.398512 10.165231
9.435967 10.216158
9.501073 10.278674
9.512573 10.303586
9.305913 10.189064
9.300980 10.221359
9.265584 10.046152
9.214484 9.945650
9.001389 9.844308
8.922387 9.601534
8.889617 9.409890
8.569510 9.068342
8.392550 8.585563
8.215436 8.353305
8.093014 8.282233
7.925441 7.979316
7.895619 7.733095
7.653074 7.522196
7.574863 7.325858
7.505316 7.247428
7.522327 7.313679
7.584076 7.336588
7.642887 7.453457
7.616985 7.483463
7.735322 7.723233
7.918153 7.900844
7.659732 7.811275
7.790957 7.903784
8.005481 8.240490
8.100797 8.288144
7.629885 7.642051
6.738622 6.526574
6.825874 6.496443
7.273351 6.780880
7.371306 6.885092
7.384435 6.913142
7.280099 6.909647
7.231515 6.948570
7.197406 6.740607
7.025830 6.718440
6.903727 6.581661
6.963312 6.591370
6.855007 6.391463
6.747171 6.400410
6.626780 6.362207
6.459545 6.174865
6.143150 5.700141
5.591690 5.716631
5.519068 5.647454
5.298355 5.602786
5.306805 5.668702
5.179618 5.592747
5.223069 5.610744
5.206102 5.562608
5.192485 5.644673
5.227512 5.676931
5.269328 5.853708
5.376423 5.998739
5.347238 6.111636
5.408273 6.204507
5.546427 6.398306
5.761378 6.571883
5.998417 6.776909
6.135040 6.844706
6.189700 6.857918
6.072638 6.824275
6.117205 6.878774
6.137674 6.809153
6.185990 6.810685
6.218266 6.832727
6.400324 6.897752
6.436521 6.861451
6.406841 6.796221
6.338459 6.731038
6.306715 6.686255
6.125460 6.530801
6.100695 6.349927
5.926676 6.259431
5.916260 6.045494
5.854046 5.923928
5.859842 5.853510
5.757466 5.768998
5.769530 5.523401
5.553521 5.440388
5.685465 5.426155
5.589844 5.414149
5.532353 5.546514
5.481580 5.550458
5.571141 5.554944
5.733988 5.718393
6.176221 6.172611
6.669601 6.540144
