30
30
20
30
30
30
30
20
30
30
30
30
40
50
40
50
40
50
40
50
40
50
40
50
40
50
40
40
60
60
70
60
70
60
60
60
70
60
90
80
80
90
80
90
80
80
90
80
80
90
80
90
80
90
80
80
80
90
80
90
80
80
90
80
100
100
100
100
100
100
100
110
100
100
100
120
120
120
120
120
130
120
120
120
120
120
120
140
140
140
160
160
150
160
160
160
160
160
180
170
200
200
190
200
200
200
190
200
190
200
200
200
200
190
200
190
190
200
200
190
200
200
200
190
200
200
200
190
200
190
200
200
200
200
190
220
210
220
220
210
220
210
210
220
210
240
230
240
240
230
240
250
260
250
260
250
260
250
250
280
270
280
270
280
270
280
270
280
270
270
280
280
270
270
280
290
300
290
290
290
300
290
290
300
290
290
300
290
290
300
290
290
300
290
290
300
290
290
300
290
290
300
290
310
320
320
310
310
320
310
320
310
320
310
320
310
320
310
310
320
320
310
340
330
340
330
340
330
340
350
360
360
350
360
350
360
350
360
350
360
360
370
370
380
370
380
400
400
410
420
420
420
420
420
420
420
420
420
410
420
420
420
420
420
420
440
440
440
470
460
460
470
460
460
460
460
460
460
460
470
460
460
470
460
460
470
460
460
460
460
470
470
460
470
460
480
490
490
480
490
490
480
490
480
490
490
480
490
480
490
480
490
490
480
490
510
510
510
510
500
520
510
510
510
530
540
550
550
560
560
580
580
580
570
580
580
580
580
580
580
580
570
570
580
580
580
580
580
580
600
600
610
600
600
610
620
630
630
630
620
640
620
630
630
620
630
630
630
620
630
630
630
630
620
630
630
630
620
630
630
630
620
620
630
630
620
630
630
620
630
620
630
630
630
620
630
630
630
620
630
650
650
650
680
680
670
680
670
680
700
710
700
700
700
700
700
710
700
730
730
730
720
730
730
730
730
720
730
730
720
740
720
730
730
730
720
730
720
730
730
730
730
720
730
730
720
730
720
730
730
720
730
730
730
730
730
720
730
730
720
730
730
730
730
720
730
730
730
730
720
730
730
750
780
780
780
780
780
780
780
820
810
810
810
810
810
810
800
820
800
820
800
820
810
810
810
810
810
810
810
810
810
840
830
840
830
840
840
830
840
840
830
840
840
830
840
830
840
840
830
840
840
830
840
840
830
840
840
830
840
870
860
860
900
890
890
900
890
890
890
890
900
890
890
900
890
890
890
890
890
900
890
890
890
900
890
890
900
890
890
920
