0.143110
0.224467
0.429985
0.447573
0.476517
0.474417
0.284089
0.156563
0.197823
0.185572
0.317978
0.384267
0.462764
0.478901
0.681187
0.491311
0.293869
0.292140
0.520333
0.814153
0.872221
0.819666
0.805553
0.807151
0.874764
0.748362
0.743160
0.708098
0.697735
0.703131
0.588674
0.486976
0.419457
0.367105
0.422445
0.347311
0.370694
0.299414
0.321171
0.344092
0.201151
0.288245
0.212282
0.340478
0.286136
0.313648
0.381136
0.457433
0.479048
0.554805
0.466609
0.393488
0.356489
0.399688
0.311180
0.333614
0.451434
0.488617
0.415219
0.344600
0.478597
0.439162
0.447384
0.561812
0.588420
0.625556
0.785645
0.800053
0.905967
0.769800
0.794796
0.890578
0.928776
0.832408
0.964690
0.895311
0.799139
0.834721
0.761423
0.683720
0.721318
0.976256
1.033100
1.298907
1.167236
1.034753
0.987784
0.956008
0.930576
0.851396
0.821151
0.685410
0.774565
0.910385
0.904835
0.789942
0.786494
0.385529
0.226029
0.183340
0.102019
0.099329
0.249683
0.317161
0.342049
0.370483
0.561607
0.500625
0.555056
0.750136
0.662399
0.758500
0.817660
0.859771
0.980202
0.967887
0.847505
0.692918
0.642141
0.555886
0.582274
0.653781
0.601284
0.574718
0.622734
0.856351
0.852933
0.802802
0.933412
0.882681
0.838449
1.012076
1.040715
1.011687
1.027621
1.121096
1.098027
1.092839
1.251152
1.216450
1.218712
1.273505
1.334305
1.264856
1.388345
1.451336
1.357953
1.116616
1.041380
1.510289
1.326502
1.519581
1.614521
1.416371
1.208114
0.967465
0.823333
0.801754
0.890422
0.825439
0.718240
0.734869
0.689795
0.475145
0.417962
0.377625
0.480559
0.436157
0.485185
0.444443
0.409143
0.358417
0.331446
0.548539
0.763895
0.940583
1.105884
1.280389
1.732741
1.874393
1.770830
1.773110
1.913777
2.017938
1.886672
1.909631
1.713804
1.418594
1.467877
1.244248
1.226329
1.068591
1.092220
0.887739
0.945521
0.991143
0.881397
0.981304
0.813949
0.872690
0.958045
0.957689
1.065242
1.293550
1.228525
1.282567
1.061174
1.014815
1.145061
1.185301
1.181475
1.261299
1.436024
1.446379
1.401746
1.315683
1.463031
1.341492
1.297158
1.507736
1.492581
1.469819
1.462599
1.605939
1.783640
1.772619
1.860506
1.733493
1.798810
1.988309
1.907669
1.796973
1.902418
1.779471
1.706062
1.789897
1.731258
1.755416
1.657223
1.735424
1.850268
1.696287
1.732433
1.728576
1.719076
1.795200
1.828808
1.679272
1.661847
1.646056
1.619544
1.700115
1.770322
1.879613
1.784398
1.734566
1.674300
1.638353
1.636088
1.356871
1.398943
1.381048
1.401608
1.510287
1.539981
1.526671
1.721521
1.705730
1.657134
1.741549
1.599133
1.804371
1.711175
1.743156
1.903504
1.815358
1.843609
1.668205
1.725079
1.748811
1.619697
1.641639
1.772647
1.820136
1.896099
1.849402
2.130584
2.225378
2.075699
2.007337
1.737562
1.762862
1.649268
1.726274
1.661394
1.321185
1.591411
1.656983
1.682084
1.580263
1.664011
1.673833
1.753819
1.842342
1.707607
1.648369
1.750339
1.684914
1.845794
1.757554
1.826173
2.001441
2.052534
2.304997
2.320408
2.332644
2.312759
2.223080
2.040770
1.939981
1.981304
2.012469
2.319441
2.106317
2.115986
1.931749
2.032036
2.068556
2.102280
1.999618
2.080735
2.070848
1.941727
1.945179
1.990995
1.964117
1.930296
1.874467
1.835250
1.822502
1.792624
1.821623
1.774545
1.873120
1.957484
2.017148
2.033849
2.079547
2.110942
2.118045
2.142601
1.965808
2.181838
2.250520
2.337047
2.269348
2.270250
2.219390
2.187890
2.201291
2.188059
2.280226
2.140707
2.138965
2.208099
2.215911
2.114989
2.104259
2.104190
2.200657
2.142380
2.213585
2.133672
2.191138
2.073775
2.093832
2.209586
2.223603
2.081051
2.071659
2.076323
2.090772
2.054570
2.071998
2.173453
2.337506
2.245764
2.180202
2.139245
2.116480
2.173717
2.178430
2.155935
2.108618
2.137434
2.031973
2.009784
1.978581
1.935847
1.923834
1.985894
1.957328
1.987254
2.003149
2.011474
2.024785
2.035924
2.031735
2.013551
2.001398
2.070466
2.045081
1.994739
1.978965
2.044109
2.008341
1.866882
1.751227
1.775186
1.688798
1.658142
1.761469
1.664582
1.574831
1.441532
1.345602
1.499686
1.561273
1.655008
1.688516
1.718858
1.730599
1.605469
1.687123
1.717169
1.684530
1.852993
1.718725
2.194244
2.378076
2.467883
2.392888
2.586080
2.431314
2.456976
2.492192
2.625035
2.540177
2.623088
2.644404
2.634275
2.628188
2.659216
2.684287
2.802213
2.919162
2.876545
2.942242
2.949980
2.951866
2.950754
3.058117
3.059314
3.257619
3.308135
3.344339
3.277706
3.293526
3.189028
2.990814
2.978062
2.858516
2.834940
2.720530
2.531647
2.531461
2.532278
2.620048
2.522745
2.424502
2.367393
2.304367
2.434511
2.399740
2.404614
2.377164
2.283310
2.418125
2.403252
2.438555
2.426364
2.507974
2.452383
2.498673
2.532785
2.543833
2.455352
2.101004
1.749436
2.177809
2.218374
2.123515
2.292111
2.412023
2.475288
2.524095
2.331071
2.498942
2.390985
2.152961
2.208702
2.193315
2.163952
2.115269
2.091183
2.066401
2.014566
2.005768
1.999828
1.998785
2.024600
1.797426
1.893588
1.932456
1.714553
1.766263
1.760832
1.680901
1.742403
1.651567
1.679574
1.745838
1.655286
1.686851
1.830064
1.926462
1.748039
1.574224
1.659485
1.571421
1.669473
1.592276
1.476040
1.603392
1.615444
1.555185
1.613694
1.584863
1.577197
1.546693
1.787842
1.742601
1.672095
1.866217
1.824566
1.784161
1.758400
1.861052
1.751636
1.823216
1.914157
