1.921274 2.094927
1.920171 2.098161
1.919495 2.103938
1.919256 2.110144
1.919636 2.116350
1.919817 2.124353
1.921419 2.133269
1.920322 2.143265
1.921415 2.156960
1.920756 2.172329
1.827773 2.178805
1.806083 2.190970
1.780597 2.211203
1.726428 2.288776
1.664043 2.293612
1.709928 2.225333
1.768546 2.243136
1.818135 2.406051
1.843291 2.460722
1.794394 2.376898
1.704771 2.271377
1.658742 2.234898
1.582198 2.213046
1.583119 2.225070
1.554583 2.206614
1.543550 2.214626
1.539542 2.176552
1.476153 2.151191
1.425831 2.066920
1.343040 1.969634
1.239329 1.781686
1.088757 1.639311
1.012321 1.545401
1.021918 1.585739
1.024416 1.629303
1.043282 1.704012
1.077597 1.795212
1.092844 1.888180
1.109272 2.001704
1.103421 2.113914
1.000530 2.051013
0.976958 2.017496
0.982341 2.081472
0.939053 2.127277
0.954763 2.172143
0.998463 2.131444
1.030505 2.140333
1.102440 2.143657
1.145084 2.154797
1.110414 2.116225
1.007529 1.940544
0.929769 1.727406
0.861133 1.526102
0.906914 1.341571
0.889911 1.168723
0.839771 1.042100
0.799019 0.954673
0.736961 0.871116
0.671343 0.857824
0.616468 0.877669
0.570758 0.819878
0.546599 0.792310
0.517523 0.791294
0.490792 0.790614
0.490958 0.835412
0.444335 0.798194
0.422005 0.753296
0.403625 0.668035
0.380930 0.677055
0.384057 0.670591
0.387345 0.664078
0.379457 0.689082
0.371109 0.699762
0.362518 0.719231
0.363934 0.761193
0.364592 0.779601
0.360916 0.808155
0.364982 0.839166
0.436002 0.855442
0.471794 0.866886
0.541710 0.845037
0.570558 0.869440
0.644800 1.065223
0.685829 1.211652
0.637193 1.227510
0.557609 1.081981
0.538944 0.978008
0.493299 0.916479
0.461745 0.824084
0.431706 0.760019
0.397614 0.673110
0.393252 0.613940
0.397842 0.568779
0.392341 0.525634
0.364640 0.474847
0.355797 0.482417
0.353211 0.491887
0.377837 0.644201
0.384054 0.660030
0.402834 0.717463
0.415956 0.748908
0.406153 0.798852
0.429449 0.855736
0.457503 0.951522
0.476201 1.036627
0.486965 1.099618
0.472141 1.073294
0.444336 1.032360
0.411439 1.000036
0.413068 1.013289
0.338923 1.037811
0.305477 1.008105
0.299975 0.998537
0.299750 0.974801
0.320117 0.953019
0.299622 0.887809
0.285729 0.826590
0.295382 0.759908
0.322218 0.693593
0.359125 0.659440
0.419390 0.624981
0.442459 0.593122
0.425423 0.588201
0.406098 0.609876
0.405582 0.628256
0.396897 0.636333
0.395429 0.643622
0.385700 0.655848
0.370406 0.676170
0.341640 0.704252
0.318365 0.699858
0.294943 0.704291
0.272208 0.663922
0.262386 0.597109
0.263918 0.567879
0.264655 0.490701
0.256603 0.457601
0.251930 0.410694
0.254776 0.398937
0.258568 0.403548
0.266223 0.415738
0.249821 0.447035
0.232487 0.469614
0.220526 0.470355
0.211004 0.465550
0.219895 0.501511
0.213041 0.456664
0.251963 0.477954
0.310966 0.471987
0.341164 0.414049
0.304393 0.359597
0.306936 0.378015
0.327550 0.372028
0.325192 0.352141
0.346000 0.365297
0.354605 0.381496
0.356517 0.374021
0.347080 0.403178
0.333049 0.414387
0.335385 0.462880
0.308643 0.462674
0.288205 0.474142
0.281914 0.504571
0.257447 0.491593
0.237149 0.482842
0.206477 0.453503
0.190029 0.499580
0.183192 0.488061
0.178433 0.470277
0.189920 0.512710
0.201327 0.553409
0.232670 0.547943
0.274510 0.527326
0.283954 0.544509
0.294526 0.572354
0.301579 0.586701
0.289857 0.614268
0.300820 0.702563
0.327785 0.890330
0.270408 0.964418
0.252386 0.900784
0.258232 0.870456
0.261503 0.819500
0.308202 0.814627
0.260428 0.744674
0.240073 0.694679
0.265763 0.629373
0.349539 0.576518
0.403446 0.521811
0.444400 0.466773
0.464404 0.419354
0.527606 0.389207
0.580807 0.376780
0.608124 0.352875
0.660995 0.352154
0.711982 0.350583
0.759687 0.352405
0.827216 0.349101
0.884870 0.351321
0.952259 0.350880
0.979773 0.349150
1.075442 0.397190
1.128831 0.523482
1.042270 0.616979
0.947834 0.616361
0.888033 0.655911
0.922414 0.617568
0.881604 0.589845
0.897462 0.589404
0.957275 0.608409
0.709716 0.543727
0.592798 0.579989
0.603490 0.568119
0.602689 0.562940
0.609133 0.546875
0.632432 0.537879
0.667287 0.529616
0.738604 0.547191
0.818260 0.581048
0.823186 0.583302
0.836843 0.578452
0.865435 0.598048
0.884580 0.613659
0.835452 0.588042
0.917480 0.665430
0.904564 0.672858
0.795456 0.689262
0.647002 0.691275
0.558260 0.672826
0.537793 0.676622
0.456752 0.658336
0.400134 0.625495
0.355971 0.558390
0.439069 0.612774
0.444227 0.589228
0.494294 0.578277
0.517872 0.565297
0.544528 0.547825
0.517766 0.519070
0.509456 0.495117
0.497531 0.497308
0.476489 0.509451
0.489340 0.510701
0.455125 0.509937
0.425377 0.506122
0.377781 0.470880
0.380630 0.496563
0.466497 0.553411
0.450234 0.592128
0.389402 0.572541
0.322076 0.546285
0.288333 0.508652
0.288008 0.482802
0.267659 0.426183
0.237076 0.412109
0.237003 0.424769
0.239945 0.413734
0.246921 0.405515
0.283702 0.442055
0.309409 0.492251
0.374229 0.549743
0.429338 0.532772
0.470336 0.501059
0.500015 0.462925
0.528283 0.423041
0.631635 0.404887
0.683654 0.380231
0.731654 0.355214
0.775585 0.316418
0.721039 0.258415
0.603241 0.231897
0.589652 0.226909
0.476580 0.230984
0.392706 0.232045
0.450602 0.228487
0.381611 0.228873
0.349386 0.226472
0.361872 0.226287
0.401874 0.236037
0.431433 0.236123
0.442528 0.246265
0.426624 0.260248
0.481821 0.291307
0.576648 0.338477
0.756885 0.400276
0.881111 0.437872
0.858367 0.408234
0.752075 0.347992
0.728861 0.321251
0.860090 0.318864
0.778609 0.284809
0.625669 0.252309
0.535725 0.246828
0.478834 0.248246
0.406243 0.279201
0.352932 0.330882
0.303931 0.337234
0.259543 0.333822
0.238656 0.295192
0.240376 0.252544
0.254064 0.333064
0.249512 0.447397
0.242984 0.552981
0.238414 0.621921
0.238008 0.620845
0.234210 0.592688
0.291573 0.592390
0.371556 0.580281
0.474758 0.576837
0.570925 0.559120
0.607412 0.492687
0.717780 0.469165
0.824702 0.454062
0.882635 0.413863
1.068286 0.425310
1.048132 0.373553
0.940016 0.307928
0.853436 0.253163
0.702178 0.193970
0.538775 0.170030
0.394734 0.149056
0.343842 0.141403
0.313758 0.161765
0.271906 0.156856
0.243527 0.152875
0.335107 0.167130
0.406135 0.181762
0.483075 0.199551
0.490224 0.198119
0.484051 0.192719
0.511406 0.181843
0.495950 0.165361
0.502641 0.167400
0.494329 0.167841
0.485013 0.160958
0.467062 0.183418
0.463106 0.203663
0.425335 0.184066
0.379205 0.199894
0.355583 0.222430
0.368549 0.234551
0.370486 0.262041
0.334811 0.236760
0.287783 0.234011
0.263735 0.213686
0.257445 0.230324
0.250849 0.280336
0.255337 0.353257
0.244603 0.428331
0.261962 0.489842
0.281073 0.517779
0.326814 0.525996
0.371548 0.545717
0.427537 0.569552
0.489888 0.600895
0.559176 0.641876
0.558473 0.639727
0.557158 0.632180
0.553533 0.631019
0.617359 0.664789
0.612671 0.633437
0.583728 0.579760
0.621670 0.575052
0.609896 0.558715
0.648293 0.549806
0.675969 0.542322
0.719070 0.537335
0.717777 0.534394
0.698917 0.514084
0.751528 0.510543
0.789305 0.497962
0.829404 0.491394
0.857420 0.476496
0.902898 0.480975
0.974329 0.476086
1.036016 0.465633
1.100031 0.453502
1.156881 0.459615
1.188991 0.484132
1.208759 0.512221
1.182609 0.515926
1.144151 0.528362
1.202330 0.517118
1.160364 0.532858
1.132176 0.567041
1.114933 0.626276
1.091272 0.638837
1.076002 0.627840
1.055717 0.618183
1.019306 0.614850
0.937037 0.602415
0.873742 0.586699
0.837967 0.578395
0.832325 0.577407
0.857704 0.575085
0.886789 0.582077
0.895137 0.582920
0.841281 0.589362
0.791071 0.572555
0.702386 0.551857
0.647956 0.496571
0.670326 0.444744
0.607887 0.403943
0.550410 0.362899
0.514964 0.348193
0.463882 0.324489
0.417206 0.308402
0.443149 0.296892
0.481642 0.278973
0.583601 0.299556
0.618324 0.288942
0.673969 0.281266
0.720923 0.290443
0.718260 0.303685
0.681747 0.325338
0.639516 0.336292
0.622402 0.354601
0.608625 0.384074
0.594024 0.419990
0.542121 0.425376
0.515794 0.437565
0.431512 0.404309
0.431986 0.424566
0.477712 0.437041
0.506865 0.442562
0.520952 0.401205
0.620561 0.335097
0.628900 0.330237
0.491332 0.339098
0.445987 0.351972
0.430700 0.400195
0.375937 0.451406
0.368129 0.522428
0.353169 0.568745
0.312362 0.558464
0.289706 0.550122
0.274996 0.543195
0.311021 0.574399
0.352856 0.565251
0.378201 0.547101
0.398594 0.527252
0.381980 0.486296
0.327601 0.419878
0.354168 0.420473
0.395853 0.407811
0.384559 0.381875
0.384545 0.389741
0.377434 0.388446
0.382485 0.389332
0.394300 0.381241
0.425726 0.349491
0.515498 0.331204
0.557317 0.318087
0.589906 0.306622
0.593975 0.288872
0.605975 0.272898
0.571042 0.277290
0.563822 0.286670
0.552646 0.275049
0.541467 0.265605
0.519682 0.257746
0.561791 0.291517
0.519560 0.360245
0.497660 0.417482
0.483299 0.410657
0.446946 0.393956
0.467293 0.416443
0.533531 0.453263
0.641993 0.477756
0.719170 0.482842
0.755297 0.465962
0.780319 0.458659
0.767497 0.434467
0.669565 0.377599
0.540407 0.334568
0.426246 0.288920
0.350369 0.264596
0.320527 0.242353
0.288201 0.232333
0.300352 0.237027
0.296025 0.242541
0.303913 0.243538
0.320613 0.246759
0.328535 0.244884
0.340722 0.240536
0.355004 0.236650
0.355765 0.241964
0.367038 0.242403
0.369621 0.238111
0.389214 0.241579
0.400702 0.249898
0.392024 0.282601
0.438093 0.322444
0.461858 0.336126
0.470693 0.351363
0.509965 0.445922
0.598908 0.588947
0.617572 0.749776
0.508712 0.720985
0.472603 0.540644
0.400962 0.382206
0.375332 0.321330
0.346248 0.304975
0.333707 0.317842
0.328866 0.354803
0.339975 0.392461
0.337441 0.374977
0.346790 0.382452
0.343769 0.383515
0.372615 0.375795
0.389496 0.358255
0.392370 0.336253
0.374858 0.315624
0.337451 0.293815
0.290870 0.281402
0.255808 0.276412
0.266284 0.279354
0.265652 0.283295
0.267587 0.284611
0.257050 0.283836
0.245127 0.273317
0.225143 0.270353
0.213812 0.270309
0.229436 0.271852
0.248043 0.264861
0.267564 0.258476
0.294720 0.255644
0.319141 0.246450
0.334511 0.241705
0.360035 0.234519
0.375428 0.235872
0.395610 0.242900
0.408804 0.252482
0.394730 0.252648
0.359046 0.234441
0.359464 0.236846
0.351010 0.236679
0.369835 0.242039
0.356135 0.233711
0.340712 0.230477
0.344558 0.244697
0.373137 0.254251
0.408501 0.255402
0.418337 0.254093
0.390285 0.256433
0.355711 0.243417
0.288268 0.238915
0.246892 0.230402
0.248277 0.223029
0.244088 0.221015
0.255183 0.219403
0.261070 0.218895
0.270779 0.212177
0.299159 0.206956
0.318567 0.207582
0.328902 0.213276
0.322157 0.209903
0.348622 0.208262
0.390129 0.210567
0.460432 0.230516
0.505390 0.226073
