0.174496
0.245830
0.468562
0.560209
0.689130
0.834837
0.842647
0.902222
1.150479
1.313959
1.709375
1.862473
2.161391
2.541255
2.703900
2.594294
2.262838
2.009604
2.043784
1.700574
1.475011
1.531198
1.820882
2.156400
2.624412
3.201876
3.723612
4.355773
4.749238
5.075255
5.461594
5.659871
5.845247
6.233997
6.103267
6.389338
6.262544
6.589132
6.760567
6.901589
7.282234
7.409326
7.881758
8.127977
8.451953
8.379741
8.421383
8.562367
8.602357
8.545298
8.385394
8.256511
8.174087
7.700535
7.466294
6.844714
6.297687
5.987288
5.631793
5.412686
4.904226
4.522986
4.230336
3.773309
3.277089
2.910008
2.389832
1.985025
1.430749
1.105105
0.981350
1.166658
1.327761
1.548718
1.981176
2.200361
2.612007
3.162191
3.361477
3.261944
2.790133
2.335473
2.406325
2.307281
1.968806
1.740213
1.992154
2.253292
2.376181
2.653980
3.024938
3.832222
4.267785
4.820485
5.443628
6.061113
6.318214
6.671335
7.205536
7.329661
7.535395
7.599862
7.586941
7.626562
7.995510
8.243514
8.518040
9.010592
9.410054
9.690204
9.860961
9.767270
9.847696
9.866875
10.007489
9.851368
9.774176
9.706072
9.778530
9.877785
10.206516
9.508170
9.094811
8.708465
8.472575
8.128080
7.906849
7.655431
7.265370
6.763714
6.215226
5.411612
4.846695
4.235321
3.740928
3.187869
2.832069
2.659527
2.705200
2.874339
3.193521
3.470146
3.648824
3.899373
4.189540
4.446733
4.096626
3.458706
3.045285
3.141586
3.742293
4.593903
5.758478
6.973592
7.812979
8.631108
9.270712
9.916189
10.421990
10.918388
11.497194
11.997280
12.413262
13.124487
13.618701
14.145456
14.662677
15.307867
15.699131
16.369522
16.799133
16.679464
16.709225
17.256816
17.900215
18.536361
19.040097
19.719818
20.269203
20.639357
20.509522
20.409173
20.460324
20.485334
20.406815
20.370727
20.656597
20.875892
21.017074
21.181421
21.180710
21.248774
21.391107
21.532096
21.443683
21.377378
21.409568
21.363381
21.965085
23.043460
24.203474
26.018407
27.132579
27.860089
27.846121
28.014241
27.437766
27.058840
26.392311
25.905572
25.228704
24.255517
23.492494
22.927725
22.232427
21.617468
20.949213
20.518382
20.383981
20.692186
20.939494
21.256009
21.581793
21.221159
20.322829
20.166351
20.087816
20.014258
19.817276
19.547330
20.200908
20.718766
21.091320
21.076628
21.035455
21.304583
21.512989
21.727280
22.051693
22.236993
22.354027
22.546714
22.631039
22.567830
22.375485
22.462512
22.583170
23.093648
23.516079
23.631077
23.745913
23.780391
23.271310
22.348214
21.986936
21.439206
20.955878
20.407737
19.249184
18.475423
17.323860
16.908994
16.567746
16.498005
16.480192
16.504293
16.624738
16.765593
16.923202
17.221055
17.661362
18.447845
18.913494
19.271366
18.985584
19.295192
19.620168
19.802933
19.916284
20.017881
19.849967
19.577149
19.481247
19.521271
19.607105
19.686980
19.652115
19.477464
19.385713
19.313519
19.500954
19.312615
19.313307
18.741902
18.797551
18.749770
18.944490
19.264584
19.742348
20.148429
20.313154
20.429832
20.441544
19.998694
20.005189
20.126439
19.619341
19.381518
18.940592
18.833028
18.697613
18.791473
18.987657
19.146718
19.202209
19.251852
19.103604
18.992621
19.041635
19.026724
18.909075
19.038207
19.096038
19.351168
19.586827
19.816510
20.013972
20.118621
20.288252
20.425594
20.352025
20.389834
20.547927
20.632700
20.688457
21.153843
21.749962
22.074296
22.276242
22.073949
22.126325
22.269180
21.263506
20.284084
19.187986
18.244107
17.280891
16.218645
15.637227
15.428973
15.210388
15.293501
15.202939
14.957335
14.715806
14.560037
14.156181
13.956802
13.892687
13.980016
14.341684
14.677978
15.114446
15.095373
15.485680
15.844904
16.395565
16.424091
16.344417
16.780058
17.303513
17.664512
18.234906
18.508087
18.872993
19.056997
19.268268
19.442536
19.404998
19.326951
17.616820
16.050023
15.428003
14.752693
14.027255
13.274596
12.581606
12.471911
12.247195
12.079848
11.223395
10.579330
10.018845
9.548075
8.937269
8.727642
8.582189
8.463759
8.440258
8.438772
8.372029
8.429168
8.916213
9.153316
9.372985
9.501525
9.729845
9.633065
9.537979
9.325102
9.136175
9.136037
9.151564
9.286558
9.637449
10.005165
10.439422
11.085456
12.048874
13.140147
14.315992
14.875481
15.864700
16.665044
17.620331
18.518460
17.842183
17.800932
17.769829
17.866859
18.055357
18.308299
18.508764
18.660697
18.876642
19.015403
19.283453
19.892187
20.279596
20.580817
20.930306
21.396845
21.541317
21.827517
21.985678
22.053108
22.195564
22.486013
22.597344
22.908100
22.968459
23.020037
22.891550
22.721672
22.622031
22.678318
22.622286
22.232352
21.830409
21.061082
20.083264
19.648124
18.410255
16.560901
15.606973
14.911742
13.723344
12.508379
11.442562
10.772812
9.865745
9.213787
8.354810
7.770955
7.243632
7.250929
7.309077
6.776551
6.580050
6.372027
6.129682
5.944812
5.449221
5.185630
4.938328
4.818264
4.865848
4.894557
5.056307
5.343399
5.596044
6.107852
6.863121
7.285078
7.692924
8.470386
9.419785
10.300438
10.976017
11.085461
10.896678
10.988055
11.422193
11.825649
12.410237
13.097272
13.867487
14.511573
15.348280
16.274323
17.142427
18.033638
18.769298
19.428836
19.385643
19.364535
19.648437
19.912972
20.159919
20.191550
20.059395
19.908440
19.529961
19.268552
19.208731
18.954816
18.776223
18.805375
18.621789
18.470059
17.974076
17.376270
16.902925
16.196103
15.355351
14.965520
14.287584
13.821916
13.062318
12.484059
11.520848
10.750440
10.209614
9.439786
8.979251
8.574473
8.351856
8.116257
7.922772
7.730849
7.328800
7.289990
7.394872
7.331697
7.594661
7.786072
8.076101
8.347807
8.785134
9.254584
9.828491
