1.797560 2.004756
1.780262 1.945510
1.690074 1.870266
1.680991 1.859363
1.624602 1.862768
1.590352 1.903528
1.500565 1.974837
1.464006 1.938077
1.398927 2.040717
1.415476 2.078437
1.464170 2.274258
1.547081 2.345328
1.605942 2.448341
1.683695 2.580671
1.713216 2.569349
2.037670 2.909914
2.500147 3.367963
3.158145 3.885063
3.377365 4.030915
3.615329 4.216552
3.714821 4.326838
3.725492 4.364442
3.765631 4.403110
3.769802 4.380867
3.853183 4.491423
3.900282 4.576081
3.936530 4.613574
4.315355 4.961149
4.555474 5.198388
4.783337 5.408216
4.995565 5.568336
5.000663 5.583732
5.087453 5.675908
5.166973 5.742503
5.232068 5.844262
5.276467 5.817208
5.337458 5.918927
5.421096 5.938889
5.556604 6.026549
5.634378 5.980423
5.826303 6.135162
5.792227 6.096125
5.881556 6.028661
6.093971 6.140893
6.161875 6.094179
6.135728 5.844282
6.107049 5.785640
6.212396 5.818388
6.268887 5.847895
6.321497 5.986282
6.411198 6.005035
6.420227 5.994334
6.443388 5.962277
6.421606 5.919725
6.460837 5.869761
6.441591 5.761102
6.489284 5.798724
6.515908 5.812779
6.681218 5.945020
6.771923 6.153779
6.987052 6.301077
7.123529 6.413053
7.208760 6.490274
7.384579 6.667954
7.388277 6.704412
7.507816 6.792631
7.596580 6.817035
7.432201 6.938951
7.355575 6.956968
7.403464 7.031139
7.351108 7.091141
7.197625 6.996409
7.146987 7.051081
6.904988 6.929294
6.912500 6.871853
7.008929 6.888481
7.095394 6.891347
7.036378 6.903980
7.140841 7.067658
7.151679 7.112091
7.269850 7.212920
7.396848 7.452577
7.616062 7.678427
7.572299 7.616069
7.557987 7.601403
7.356738 7.542768
7.182756 7.457790
7.078788 7.315117
6.956786 7.253460
6.817599 7.232030
6.865821 7.272241
6.826072 7.307980
6.756452 7.275199
6.776789 7.348478
6.783246 7.242488
6.848547 7.264501
6.960574 7.305395
7.062310 7.415568
7.181961 7.548437
7.321429 7.615025
7.493809 7.766684
7.636427 7.894554
7.710874 8.015671
7.836774 8.111265
7.938190 8.266629
7.879197 8.296267
7.947397 8.389734
8.121817 8.546777
8.303991 8.707499
8.447827 8.866479
8.526146 8.934728
8.279180 8.860549
8.239473 8.816630
8.244098 8.739004
8.172686 8.714113
8.188273 8.576583
8.197259 8.580673
8.229779 8.604028
8.088881 8.325384
7.874276 8.287159
7.899605 8.119431
7.830760 7.841442
7.789318 7.592633
7.736521 7.540439
7.445744 7.284466
7.316186 7.253520
7.247778 7.113364
7.220268 6.981221
7.212787 6.898567
7.291342 7.041315
7.378878 7.165985
7.465097 7.293116
7.407216 7.224218
7.433360 7.253169
7.426132 7.207376
7.460723 7.187006
7.583139 7.341955
7.709035 7.482925
7.840961 7.634252
8.108810 7.958156
8.332096 8.224265
8.347186 8.341290
8.432530 8.298805
8.435764 8.389607
8.303647 8.445155
8.131723 8.252132
7.905888 8.058369
7.807164 8.101068
7.608504 7.848145
7.385135 7.866551
7.170536 7.815501
6.718969 7.276365
6.429483 6.916304
6.026536 6.563841
5.622936 6.213882
5.197144 5.990243
5.091854 5.871749
5.043738 5.784032
5.021744 5.848959
5.065735 5.837086
5.127181 5.860672
5.063959 5.961068
4.944203 5.946997
4.995381 5.925004
4.879313 5.808529
4.902422 5.754670
4.881255 5.556101
4.856344 5.504043
4.849678 5.410610
4.887107 5.478546
4.782225 5.518051
4.807419 5.608495
4.751618 5.539350
4.600970 5.112011
4.323225 4.891178
4.142398 4.726595
3.995616 4.447444
3.873117 4.257499
3.817803 4.004241
3.687546 3.861983
3.619199 3.785458
3.644174 3.770735
3.654598 3.785631
3.674667 3.829588
3.640386 3.902172
3.757077 4.072667
3.854923 4.229233
3.960623 4.340129
4.002202 4.399046
3.906144 4.307521
3.788491 4.243764
3.845393 4.110902
4.036295 4.266896
4.481637 4.720626
5.100108 5.334815
5.788774 5.929902
6.613389 6.620949
7.473643 7.290335
8.083919 7.832012
8.586898 8.265099
8.800701 8.354080
8.867917 8.219516
8.818909 7.999784
8.736518 7.880213
8.789399 7.773201
9.004110 8.047466
9.234114 8.341699
9.617070 8.723374
9.960081 8.922963
10.253412 9.131117
10.415877 9.208925
10.506363 9.172754
10.523263 9.167917
10.530738 9.155319
10.471063 9.134624
10.417806 8.984490
10.391278 8.948473
10.334535 8.945653
10.270764 8.946200
10.209125 8.879901
10.261280 8.947583
10.314332 8.897137
10.276905 8.685299
10.270365 8.690194
10.109453 8.743756
9.873615 8.686773
9.744237 8.699002
9.568437 8.598657
9.538278 8.610131
9.108874 8.490905
9.168789 8.532106
8.471801 8.019257
7.709422 7.320322
7.214067 6.852682
6.225507 6.405627
5.716927 6.195135
5.255879 6.060109
5.137001 6.028866
5.260112 6.161385
5.526459 6.387166
5.821111 6.784073
6.116386 7.018466
6.310034 7.204359
6.538867 7.358803
6.565801 7.449050
6.647569 7.491877
6.687435 7.486400
6.696955 7.431570
6.724759 7.427179
6.749497 7.420454
6.793618 7.420907
6.749173 7.404655
6.459928 7.299769
6.337605 7.295331
6.330991 7.289053
6.324340 7.294875
6.288772 7.209481
6.184256 7.143237
6.245635 7.131938
6.327171 7.211334
6.405088 6.966536
6.427750 6.874135
6.451689 6.640776
6.445242 6.633529
6.401126 6.545344
6.365824 6.476110
6.250479 6.409753
6.290370 6.406328
6.262834 6.222971
6.424997 6.324510
6.441114 6.441263
6.576407 6.411268
6.275189 6.220761
6.052911 6.051607
5.642311 5.351763
5.317976 5.151132
5.212326 5.026051
5.000561 4.746395
4.552706 4.421939
4.315789 4.137967
3.990242 4.056839
3.888236 3.978043
3.816558 4.015460
3.956342 4.157040
4.257377 4.509523
4.519856 4.785736
4.844828 5.109317
5.282696 5.591193
5.812224 6.110468
6.210394 6.476612
6.541469 6.685497
6.687493 6.813727
6.767352 6.932626
6.908559 7.160154
6.810631 7.105030
6.869710 7.219012
6.934220 7.291541
7.173436 7.434236
7.557063 7.918641
7.817588 8.257886
7.879073 8.276838
7.745052 8.186368
7.722155 8.200226
7.641752 8.005295
7.593374 7.949846
7.400818 7.813154
7.304061 7.722468
7.212479 7.633330
7.108834 7.377020
7.058179 7.110649
6.971867 6.934126
6.784765 6.749437
6.523624 6.466841
6.372245 6.202278
6.122795 5.914601
5.896400 5.575465
5.599165 5.168457
5.259907 5.163914
5.218796 5.150603
5.009792 4.862929
4.923114 4.791605
4.631937 4.546746
4.135937 4.124586
3.764122 3.728696
3.502316 3.462186
3.031501 3.200418
2.889284 2.969948
2.842825 2.929838
2.771211 3.014059
2.824351 3.125560
2.958586 3.296638
3.089207 3.400683
3.338391 3.644876
3.655159 4.032843
4.166006 4.508687
4.629875 4.946579
5.064944 5.401977
5.386045 5.859703
5.745541 6.200692
6.142704 6.502714
6.555874 6.820215
6.891074 7.144685
6.957446 7.109911
6.912652 7.134477
6.851847 7.117539
6.699714 7.088696
6.490005 7.009711
6.422812 6.979272
6.540435 7.090418
6.690432 7.232159
6.753488 7.319762
6.819522 7.302157
6.889665 7.395760
7.036354 7.493110
7.120047 7.541907
7.155576 7.608103
7.134415 7.614153
7.085735 7.574589
7.011876 7.426018
7.068754 7.325173
7.071123 7.435960
7.106269 7.393109
6.995601 7.404131
6.925619 7.356991
6.817106 7.144758
6.672514 7.056861
6.579467 7.089540
6.262081 7.024449
6.197005 6.892612
6.167743 6.843044
6.051769 6.766169
6.033029 6.702844
5.959582 6.775418
5.968573 6.823431
6.099054 6.924164
6.340853 7.220625
6.517910 7.451936
6.753641 7.633868
6.880365 7.678226
6.933031 7.651660
6.876821 7.414054
6.357606 6.689579
5.740319 6.130507
5.238486 5.731825
4.689695 5.227743
4.348153 4.836029
4.222696 4.572845
4.041238 4.467536
4.122259 4.421103
3.870131 4.350829
3.825048 4.309616
3.602591 4.167639
3.459295 3.928735
3.358303 3.717764
3.426451 3.598011
3.529707 3.700769
3.688704 3.834426
3.858373 4.046378
4.102528 4.244475
4.283870 4.413492
4.453454 4.539521
4.593062 4.682096
4.391530 4.575432
4.328660 4.394725
4.199040 4.250180
4.013749 4.110842
3.960848 3.887051
3.718625 3.679300
3.494057 3.547789
3.392047 3.453806
3.367665 3.384060
3.226397 3.316990
3.184486 3.315611
3.299752 3.362517
3.321925 3.492281
3.459001 3.642750
3.648553 3.851163
4.038304 4.267324
4.503795 4.665918
4.769941 4.965875
4.938942 5.177849
5.045190 5.293189
5.050199 5.298367
4.985380 5.333803
4.972954 5.322919
4.870622 5.290364
4.975248 5.329406
4.966565 5.366106
4.894598 5.275713
4.815694 5.212871
4.774264 5.241040
4.783163 5.185754
4.697723 5.246872
4.686023 5.188052
4.675514 5.061248
4.579423 4.959089
4.512164 4.941860
4.405132 4.860127
4.362194 4.817453
4.396965 4.790184
4.359518 4.918420
4.390237 4.850139
4.382647 4.860658
4.533473 4.890672
4.608406 4.990495
4.717079 4.924175
4.832348 4.945578
4.973965 5.055163
4.947890 5.031159
4.997670 5.119711
5.075334 5.110210
5.128922 5.294062
5.357609 5.529328
5.588381 5.755256
5.963746 6.132723
6.415229 6.473557
6.652454 6.883715
6.844601 7.047848
7.090886 7.293767
7.146861 7.549958
7.040708 7.593678
6.821241 7.319396
6.590705 7.012766
6.413746 6.731708
6.046145 6.273302
5.851409 5.984204
5.473948 5.613788
5.233164 5.236609
5.139805 5.003582
4.986471 4.921194
4.956094 4.980490
4.748254 4.625904
4.662131 4.547357
4.524793 4.289984
4.493837 4.225521
4.323037 4.038772
4.266763 4.102414
4.043187 3.850376
4.103552 3.902426
4.135503 3.891654
4.105680 3.881389
3.974616 3.818062
3.825488 3.795886
3.784483 3.834294
3.640804 3.829311
3.574560 3.756819
3.478915 3.735152
3.516226 3.801675
3.565745 3.920477
3.616947 4.000942
3.736597 4.072695
3.825005 4.059550
3.910197 4.153508
3.960930 4.262719
4.169066 4.342082
4.024551 4.215123
3.995324 4.101831
4.071513 4.159451
4.090934 4.236462
4.104268 4.194932
4.128200 4.232362
3.967482 4.195933
3.923404 4.188643
3.960983 4.268059
4.039641 4.352844
4.091855 4.463292
4.113835 4.494286
4.193112 4.506253
4.294615 4.572167
4.273502 4.489448
4.269746 4.502744
4.368201 4.534037
4.381287 4.530372
4.362869 4.536186
4.097682 4.476257
4.067448 4.366649
4.069271 4.296454
4.082760 4.269251
4.166560 4.346442
4.367085 4.497928
4.616240 4.657801
4.732936 4.706612
4.852539 4.761297
4.742669 4.683769
4.745446 4.738400
4.811052 4.727606
4.787082 4.765477
5.013942 4.922309
5.229272 5.132919
5.479271 5.321490
5.718667 5.556652
5.731943 5.584472
5.647546 5.445277
5.348494 5.156351
5.051295 4.816536
4.892757 4.533727
4.571855 4.294186
4.270995 4.154842
4.044244 3.997171
3.912769 3.934298
3.788103 3.917094
3.645646 3.841110
3.408481 3.711943
3.219878 3.657107
3.163129 3.459352
3.219508 3.365380
3.308873 3.356186
3.355584 3.488629
3.632635 3.714691
3.823357 3.913581
3.986466 4.038522
4.041654 4.085216
4.162386 4.193607
4.329057 4.259567
4.443761 4.430176
4.625833 4.622351
4.839120 4.787323
5.035017 5.062376
5.225506 5.303410
5.803901 5.824020
6.281848 6.248660
