0.176866
0.252285
0.415427
0.436191
0.488238
0.585844
0.623014
0.666136
0.937132
1.068453
1.350619
1.497833
1.749917
2.184228
2.239611
2.139862
1.964390
2.019498
2.121225
1.600444
1.241177
0.756043
0.512381
0.563279
0.830382
1.387620
1.804058
2.366156
2.749054
3.171274
3.713900
4.153842
4.568485
5.190303
5.547177
6.131153
6.501407
7.072849
7.455184
7.831441
8.326876
8.680699
9.235650
9.626936
10.030593
10.120401
10.245199
10.416839
10.500176
10.310128
10.194386
10.088736
9.981301
9.416642
8.986690
8.331552
7.694749
7.256612
6.812280
6.416325
5.814845
5.386374
5.006230
4.372738
3.913611
3.469247
2.858715
2.437037
1.892158
1.543704
1.253481
1.056970
1.087263
1.305466
1.701273
1.973820
2.272041
2.849764
3.006696
2.993944
2.648749
2.377815
2.823987
2.923053
2.832661
2.301637
2.089827
1.825032
1.612482
1.476988
1.498336
1.877152
2.208352
2.548902
2.942387
3.500206
3.923879
4.384668
5.024813
5.442777
6.136812
6.574421
7.033623
7.439946
7.999769
8.376981
8.720605
9.253066
9.682611
10.107217
10.524077
10.525869
10.648991
10.777595
10.938193
10.579660
10.481837
10.406628
10.383197
10.417344
10.474204
9.740181
9.312293
8.887481
8.485992
7.878428
7.459774
7.075191
6.498323
6.107106
5.716914
5.111750
4.697218
4.258745
3.829425
3.243215
2.896513
2.540818
2.053597
1.795474
1.609684
1.490959
1.558465
1.696328
2.043395
2.317953
2.397873
2.385508
2.181074
2.017481
1.611028
1.858944
2.067977
1.438040
0.960801
0.744669
1.034939
1.394030
1.757301
2.150661
2.749715
3.122446
3.507321
4.110118
4.536240
4.953403
5.349919
5.945995
6.376171
7.024644
7.472162
7.529649
7.528353
7.914801
8.281096
8.809239
9.179491
9.783803
10.192004
10.600488
10.605662
10.700816
10.948560
11.107798
10.915018
10.816402
10.703263
10.620020
10.646121
10.763318
10.881688
11.111762
11.264139
11.553339
11.808526
12.070489
12.481646
12.785113
13.233690
13.612438
13.871728
14.509415
15.203031
15.688835
15.606151
16.078463
15.833804
15.407854
14.763855
14.370926
13.991957
13.217178
12.909349
12.737287
12.562320
12.399234
12.195389
12.075482
11.983083
11.884102
11.841685
11.790741
11.810898
11.394117
10.517291
10.409704
10.606168
10.759018
10.952361
10.484378
10.476500
10.585045
10.706056
10.772439
10.884431
11.129620
11.361057
11.495706
11.787257
12.004154
12.188676
12.484766
12.686529
12.675794
12.674127
12.915587
13.132308
13.812653
14.441627
14.847912
15.427133
16.017818
16.048931
15.453456
15.110181
14.568117
14.205523
13.823130
12.805037
12.223653
11.419852
11.177414
10.955808
10.761103
10.578522
10.418518
10.273129
10.194039
10.140684
10.109546
10.072752
10.252513
10.434278
10.749132
10.046013
9.934818
9.956239
9.990616
10.058618
10.127963
10.046776
9.851173
9.843125
9.971402
10.231153
10.530592
10.747604
11.046470
11.580093
12.118819
12.676457
12.885143
13.345750
13.354298
13.918434
14.342111
14.643969
14.946597
15.009246
15.039947
14.368716
14.018684
13.632765
12.933348
12.937003
12.913329
12.361752
12.076190
11.717827
11.463880
11.179471
10.926745
10.775918
10.599098
10.505395
10.406948
10.224809
10.210271
10.331330
10.458505
10.692585
10.815410
10.258296
10.172113
10.164311
10.150613
10.149852
10.013972
9.928672
9.992426
10.123422
10.290809
10.538484
10.733339
10.971990
11.491021
12.231214
12.717835
13.282693
13.624205
14.159777
14.821022
14.260745
13.896420
13.345204
12.894205
12.441629
11.894474
11.703445
11.749907
11.941478
12.395180
12.725425
13.087168
13.411815
13.870774
13.865110
13.885404
13.898070
14.255254
14.790099
15.162689
15.779521
15.766258
16.152155
16.559764
17.158158
17.087976
17.023408
17.410544
17.982900
18.360552
18.995519
19.415486
20.058022
20.501165
20.944078
21.476052
21.861014
22.047304
22.114293
22.026834
22.317010
22.037423
21.763053
21.178493
20.703662
20.719467
20.811947
20.795476
20.126983
19.688889
19.250425
18.846860
18.232934
17.846774
17.435483
17.028548
16.627968
16.212895
15.679064
15.312346
15.363523
15.333274
15.382759
15.375612
15.340203
14.930900
14.563790
14.221322
13.724721
13.373102
13.036887
12.772980
12.608626
12.445887
12.353701
12.239569
12.281289
12.581568
13.093317
13.168571
13.550179
13.911354
14.474005
14.859321
14.372933
13.875530
13.332884
12.954877
12.681585
12.586308
12.476305
12.233637
12.130247
12.054384
12.168770
12.662241
13.012958
13.362429
13.701854
14.246313
14.427613
14.966468
15.332715
15.682680
16.032405
16.623750
17.026678
17.630092
18.206920
18.831637
19.420544
20.046164
20.674996
21.290375
21.729698
21.956028
21.925375
21.905093
21.850197
22.083276
21.842952
21.135015
21.056535
21.084075
20.619483
19.962847
19.323621
18.928806
18.317572
17.897499
17.262504
16.862242
16.433554
16.477042
16.458243
15.900364
15.547182
15.183404
14.824682
14.482397
13.998614
13.668087
13.344407
13.043034
12.766728
12.325743
12.043474
11.789328
11.618247
11.753264
12.108954
12.159537
12.224939
12.712951
13.205135
13.742621
14.125839
14.099957
13.519980
13.066882
12.843696
12.676593
12.586540
12.514465
12.475050
12.492107
12.628974
13.061529
13.351569
13.642809
13.925506
14.256049
14.270024
14.201967
14.575212
14.930982
15.284490
15.660265
16.032347
16.598587
16.972957
17.380463
18.032457
18.429703
18.872639
19.506369
19.925735
20.605391
21.076622
21.528374
22.019329
22.084442
21.587928
21.575704
21.110626
20.853888
20.145322
19.644268
18.791016
18.210050
17.813397
17.194328
16.800989
16.417328
16.028301
15.633717
15.291022
14.927570
14.381044
14.030456
13.729995
13.289722
12.970621
12.675968
12.394644
11.991353
11.759786
11.289871
10.906800
