3050
3080
3640
4450
4440
4450
4440
4470
4450
4610
4320
3120
3470
3140
3120
3130
3110
3050
3530
3270
4070
4420
3710
2520
2570
3030
3030
3030
3030
3140
3030
3030
3030
3030
3050
3030
3060
3040
3060
3170
3040
3040
3040
3040
3060
3730
4460
3380
3030
3160
3040
3040
3030
3680
3060
3030
3030
3530
4470
4420
3280
3150
3130
3100
4040
3090
3140
3850
4020
3550
4450
4200
4050
3080
3040
3030
3040
3040
3030
3140
3030
3030
3050
3030
3030
3030
3020
3250
4450
3900
3100
3060
3030
3030
3030
3030
3040
3370
4290
4610
4470
4460
4460
4450
4460
4460
4450
4480
4450
4610
4460
4450
4340
3030
3040
3040
3080
3110
3070
3170
3050
3030
3050
3100
3020
3170
2300
1930
2850
3150
3030
3040
3290
3490
4450
4450
4460
3230
3030
3940
4260
3310
3030
3020
3030
3200
4320
3990
3420
4620
4450
4460
4450
4460
4460
4450
4480
4450
4450
4610
4460
4460
4460
4450
3510
3110
4060
3290
3280
3150
3030
3060
3040
3040
3030
3050
3030
3030
3030
3140
3030
3070
3060
3050
3070
3040
3030
3040
3030
3140
3300
3290
3110
3100
3030
3040
3050
3030
3040
3140
3050
3030
3040
4050
3480
3050
3020
3040
3030
3260
4240
4250
4240
4040
3030
3090
3160
3120
3630
4240
3030
3030
3060
3060
3030
3040
3120
4260
4260
3700
3040
3030
3060
3040
3050
3040
3680
3350
4250
3380
3120
3840
3120
3110
3870
3620
4480
4000
3130
3180
3090
3040
3050
3050
3030
3110
3820
4180
3120
3570
4240
3310
3980
3100
3030
3050
3060
3060
3030
3140
3410
3470
3170
3130
3130
3060
3070
3050
3040
3140
3030
3060
3140
3140
3070
3140
3110
3120
3120
3190
3130
3120
3120
3140
3110
3100
3090
3040
3080
3190
3030
3030
3120
3140
3140
3140
3130
3140
3120
3240
4110
4470
4500
4490
4470
4490
4470
4470
4500
4640
4460
4480
4470
4480
4480
4480
4480
4490
4480
4000
3780
3030
3040
3040
3040
3030
3040
3030
3040
3140
3050
3030
3030
3070
3070
3070
3050
3040
1960
2490
3030
3030
3050
3050
3030
3030
3030
3050
3030
3680
3030
3030
3050
3020
3030
3040
3040
3660
4470
4630
4270
3030
3030
3460
3840
3030
3030
3030
3030
3140
3030
3460
3030
3030
3080
3050
3740
4480
4470
4630
3260
3030
3030
3040
3030
3030
3060
3120
3120
3230
3130
3110
3110
3110
3060
3040
3050
3730
3600
3140
3210
4310
4160
3040
3170
3120
3070
3060
4320
3150
3030
3030
3030
3900
4250
4220
4230
4140
3060
3170
3030
3550
3030
3030
3030
3040
3040
3040
3050
3180
3030
3030
3030
3040
3030
3120
3050
3040
3610
3150
4470
4420
3550
3090
3060
3030
3040
3050
3080
3000
3540
3720
3050
3030
3070
3080
3080
3070
3320
3230
3400
3060
3050
3070
3050
3050
3040
3280
4160
4080
3710
4470
4470
3130
3050
3030
3050
3030
3030
3150
3040
3030
3050
3100
3090
3070
3040
3090
3660
3740
4460
3490
4320
4330
4330
4320
4320
4360
4340
4480
3330
2710
2600
2910
3030
3030
3050
3050
3030
4060
4050
3060
3640
3110
3030
3070
3570
3030
3030
3140
3030
3030
3110
3140
3070
3110
3110
3120
3120
3220
3130
3110
3110
3110
3110
3110
3160
3110
3130
3240
3110
3100
3340
3090
3610
3030
3030
3040
3120
3240
3050
