1.989343 2.036262
2.004798 2.055043
2.022003 2.112475
2.054662 2.194932
2.082818 2.281924
2.118733 2.429500
2.157178 2.568639
2.201168 2.702816
2.284569 2.905263
2.366968 3.102116
2.374594 3.191079
2.408834 3.200875
2.351090 3.169932
2.371385 3.252162
2.417636 3.298641
2.784704 3.730512
3.290406 4.433569
3.799111 5.294995
4.124724 5.709145
4.386460 5.989586
4.524538 5.805225
4.713740 5.700961
4.766072 5.547590
4.846716 5.320871
4.920767 5.246307
5.104329 5.129112
5.244385 5.002867
5.166699 4.735448
5.038757 4.704473
4.852582 4.568586
4.514861 4.436105
4.329571 4.267705
4.299514 3.869789
4.231941 3.576824
4.140414 3.522776
4.086343 3.150935
4.074325 3.074292
3.939680 3.154311
3.850479 3.012482
3.890526 3.026592
3.967305 3.172900
4.085805 3.358233
4.364239 3.548311
4.598295 3.812412
4.779221 3.953636
4.755204 3.907342
4.850394 3.813126
5.128980 3.919875
5.389697 3.972199
5.797784 4.134886
6.319399 4.421691
6.824979 4.622515
7.327733 4.827880
7.670883 5.046509
7.631613 5.079557
7.608448 4.956380
7.434266 4.831421
7.281846 4.753881
6.953834 4.653928
6.529484 4.455725
6.034229 4.271173
5.504224 4.058133
5.039579 3.868043
4.532575 3.829405
3.850253 3.594461
3.267027 3.363739
2.793365 3.208528
2.436271 2.992483
2.292305 2.796892
1.982398 2.725706
1.911652 2.697599
1.913909 2.473748
2.018583 2.455755
2.166889 2.486544
2.314636 2.487962
2.518778 2.584460
2.795395 2.719576
2.955354 2.819437
3.326719 3.033385
3.429659 3.088494
3.640442 3.118778
4.092105 3.392811
4.773724 3.736749
5.099610 3.863496
5.406993 3.903668
5.439836 3.988999
5.435895 3.941618
5.301359 3.885446
5.219014 3.768466
5.080378 3.587016
4.934325 3.499415
4.874352 3.655523
4.914334 3.710410
4.800472 3.735896
4.649170 3.751371
4.540110 3.811338
4.388484 3.849098
4.031658 3.788211
3.785185 3.767901
3.506776 3.685268
3.103827 3.626505
2.929841 3.515399
2.581866 3.412517
2.490470 3.252100
2.675494 3.360201
2.845449 3.442811
3.174118 3.678107
3.526622 3.974748
3.915016 4.176291
4.275557 4.217754
4.396634 4.291483
4.351098 4.341348
4.367581 4.333108
4.376963 4.343131
4.443896 4.345544
4.633239 4.396642
5.361557 4.836036
5.897787 5.090267
6.050998 5.106158
6.202404 5.124779
6.223682 4.942794
6.251344 4.836684
6.145704 4.612160
6.094878 4.588015
6.060126 4.397555
6.035989 4.215062
5.997928 4.237884
5.806033 4.259615
5.544571 4.137325
5.207310 4.092301
4.866117 3.913306
4.443951 3.767000
3.971320 3.756848
3.583257 3.583507
3.403689 3.508481
3.263498 3.406309
3.480535 3.631325
3.807018 3.887395
4.263663 4.168777
4.821846 4.507183
5.295352 4.835031
5.399371 4.861798
5.456365 4.944317
5.588969 5.028802
5.793429 5.082365
5.952987 5.097055
6.170853 5.118852
6.579983 5.285871
6.842128 5.444672
6.897480 5.547316
6.899351 5.587813
7.016603 5.590895
7.258514 5.813544
7.162214 5.915243
7.085676 5.957779
6.942834 5.853218
6.857713 5.772703
6.708289 5.463725
6.532225 5.375049
6.294565 5.115085
6.033756 4.935455
5.741198 4.760418
5.500257 4.597095
5.177014 4.426320
4.987493 4.439084
4.839683 4.316207
4.646184 4.237496
4.622024 4.281670
4.617504 4.373611
4.701688 4.512851
4.758975 4.701389
4.821959 4.967967
4.931335 5.084350
4.876697 4.894446
4.645594 4.587134
4.607185 4.496754
4.349299 4.400989
4.296173 4.548104
4.334189 4.600050
4.278630 4.554170
4.125643 4.302100
3.989841 4.340599
3.813203 4.329370
3.786762 4.322376
3.624010 4.302479
3.635384 4.655379
3.593153 4.900671
3.725521 4.981256
3.667946 5.102739
3.768080 5.134291
3.803943 5.117462
3.807758 5.085174
3.691562 5.005479
3.571290 5.017446
3.781479 5.173273
4.226010 5.403550
4.876697 5.947879
6.008765 7.124595
6.929387 7.917866
7.707741 8.442157
8.449883 8.606239
9.075754 8.585764
9.726628 8.590807
10.162704 8.711805
10.384512 8.892946
10.025096 9.048522
9.837557 9.148109
9.574061 9.231784
9.340424 9.329862
9.040227 9.298075
8.920149 9.372772
8.809653 9.347683
8.528657 9.371067
8.110955 9.241269
7.634912 9.011760
7.069670 8.750725
6.345307 8.135137
5.731822 7.481531
5.023043 6.969210
4.503811 6.475248
4.255981 6.020038
3.838814 5.889281
3.346883 5.666247
3.009464 5.452797
3.055685 5.319006
2.980714 5.110771
2.948922 4.960297
2.950413 4.884686
3.047290 4.960537
3.020791 4.929576
3.274876 5.640319
3.534344 6.100686
3.449613 6.273621
3.493421 6.176306
3.507932 6.064924
3.526605 6.006281
3.407417 5.923842
3.434257 5.700116
3.268424 5.448025
3.280771 5.300899
3.463093 5.189253
3.701304 5.226639
4.074881 5.372042
4.276426 5.546299
4.547047 5.557683
4.612316 5.410262
4.571085 5.082207
4.289977 4.714421
4.073919 4.352169
3.650646 3.840046
3.454660 3.451462
2.981050 3.130228
2.726615 3.026522
2.511837 3.078626
2.444878 3.134883
2.523364 3.224895
2.589152 3.195205
2.651295 3.226089
2.784641 3.440476
2.919191 3.465197
3.128494 3.488648
3.191263 3.585426
3.305381 3.645918
3.333989 3.739579
3.415416 3.707657
3.414799 3.626284
3.371470 3.620619
3.123816 3.699325
2.884954 3.625969
2.829651 3.702998
2.829957 3.681770
2.632978 3.621674
2.581384 3.693111
2.670249 3.683748
2.707306 3.816770
2.571560 3.838226
2.598748 3.824424
2.589877 3.881339
2.546290 3.994544
2.605931 4.009286
2.745054 4.099194
2.829739 4.186105
2.867931 4.128867
2.866779 3.977173
2.910113 3.962474
2.808114 3.855105
2.961903 3.921220
3.196498 4.019772
3.481956 4.157329
3.673117 4.185671
3.748620 3.931080
3.719256 3.578496
3.498064 3.223952
3.321652 2.994122
2.965298 2.679849
2.594352 2.354192
2.611199 2.438747
2.741663 2.810228
3.234956 3.417585
3.152205 3.591388
3.068749 3.609963
2.918065 3.617820
2.853726 3.442708
2.834272 3.381133
2.583487 3.343361
2.410454 3.302609
2.399922 3.269508
2.435493 3.163678
2.342359 3.165964
2.289158 3.134852
2.282061 3.068764
2.363529 3.125893
2.415768 3.103452
2.406033 3.130837
2.441655 3.183590
2.422718 3.218357
2.476442 3.309374
2.583501 3.430268
2.825000 3.513360
2.952454 3.513608
3.011624 3.452404
3.024136 3.540717
2.884028 3.562011
2.644719 3.386954
2.522915 3.240710
2.410286 3.203743
2.456668 3.266000
2.487415 3.313469
2.553407 3.391856
2.569483 3.448598
2.546465 3.372935
2.544059 3.408070
2.675719 3.592231
2.930796 3.920541
3.219664 4.271446
3.509125 4.607186
4.086456 5.159700
4.632106 5.375243
5.141458 5.710921
5.511339 5.785251
5.545049 5.753043
5.770309 5.931537
5.987308 6.033777
6.355707 6.183416
6.793419 6.428314
7.334167 6.681639
7.881106 7.086758
8.314930 7.507260
8.346390 7.469578
7.844948 7.028560
7.162635 6.467578
6.396520 5.870020
5.670364 5.117322
5.615595 5.103451
5.610651 5.058891
5.556866 5.147883
5.188403 4.879054
4.654686 4.583447
4.181139 4.389382
3.615614 4.095487
2.988192 3.751912
2.757478 3.457319
2.637430 3.340720
2.249399 2.605645
2.328912 2.604031
2.352333 2.581333
2.518089 2.700404
2.514532 2.685555
2.459825 2.606017
2.335686 2.513102
2.280756 2.496887
2.210947 2.483523
2.097103 2.479387
2.048468 2.438173
2.050350 2.522484
2.249838 2.749407
2.494724 2.685791
2.678926 2.545301
2.858591 2.549301
2.840381 2.579973
2.605373 2.572042
2.742261 2.543851
2.622841 2.413165
2.641574 2.402582
2.696736 2.511707
2.925748 2.523317
3.080983 2.615163
3.230321 2.680793
3.411335 2.743545
3.620137 2.821463
3.318630 2.731384
3.384952 2.855821
3.430161 3.011583
3.430738 3.088163
3.517841 3.304913
3.563985 3.410662
3.687108 3.455983
3.762498 3.492140
3.554942 3.362205
3.319989 3.051539
3.289950 2.937129
3.263462 2.859105
3.161890 2.870447
3.166594 2.782366
3.154349 2.752504
2.901091 2.706241
2.794653 2.694835
2.765096 2.608514
2.658008 2.491647
2.610912 2.527016
2.621126 2.593138
2.632284 2.452330
2.721126 2.556891
2.722280 2.621984
2.837585 2.670870
3.034466 2.728732
3.176921 2.778312
3.453340 3.031434
3.787709 3.263932
3.882465 3.252939
3.936874 3.289576
3.978681 3.499431
3.893990 3.384798
3.771127 3.300034
3.527664 3.192550
3.442163 3.068727
3.905464 3.333346
4.191097 3.524856
4.247552 3.590737
4.182473 3.631048
4.033655 3.583560
4.023219 3.572804
3.901889 3.734814
3.754810 3.686970
3.758414 3.731276
3.798612 3.831584
3.818134 3.973283
3.835611 4.065084
3.697140 4.027473
3.667777 4.109050
3.676878 4.107549
3.595966 4.100294
3.538125 4.032847
3.390299 3.821186
3.200670 3.539063
2.796829 3.321238
2.670056 3.175896
2.446185 3.017876
2.274636 2.848208
2.212139 2.765857
2.103094 2.695554
2.077533 2.750744
1.992336 2.797284
1.976987 2.888791
1.860954 2.913688
1.790011 2.426115
1.682905 2.139691
1.552295 2.028074
1.822788 2.105073
1.998548 2.171512
2.177792 2.337010
2.211961 2.378310
2.093151 2.299340
2.022213 2.149702
1.984804 2.023766
1.983008 2.019395
1.856387 1.946144
1.816443 1.928600
1.842468 1.934384
1.868017 1.988909
1.937010 2.070291
2.064177 2.147148
2.279725 2.297206
2.347365 2.419170
2.544657 2.648360
2.657699 2.806448
2.665679 2.896649
2.646052 2.856440
2.755068 2.948993
2.820407 3.029687
2.921421 3.146849
2.982941 3.152870
3.032092 3.134452
3.179270 3.188844
3.284266 3.197370
3.322710 3.265225
3.440062 3.331924
3.517664 3.434056
3.701136 3.595593
3.726117 3.626294
3.781280 3.547826
3.751758 3.569760
3.694332 3.506630
3.741111 3.698954
3.770131 3.687798
3.540393 3.550636
3.405858 3.249649
3.318904 3.150058
3.272363 3.004629
3.262867 2.984597
3.227633 2.967499
3.193400 2.724961
3.117681 2.556181
3.148067 2.625819
3.215156 2.685257
3.223162 2.775328
3.360697 3.031924
3.505080 3.147621
3.423651 3.216945
3.329409 3.334767
3.405643 3.343727
3.296041 3.410758
3.207983 3.448632
3.224235 3.548296
3.044258 3.508322
2.862920 3.364733
2.740165 3.429185
2.597074 3.471788
2.542181 3.552169
2.517507 3.428956
2.490713 3.193941
2.350143 2.853672
2.189742 2.532085
2.129938 2.266694
2.031068 2.265957
1.873774 2.126141
1.770631 2.060173
1.656896 1.905835
1.548677 1.776610
1.522409 1.760518
1.489600 1.696719
1.501152 1.750897
1.479935 1.847895
1.518191 1.814854
1.353501 1.620050
1.410589 1.629369
1.467451 1.550586
1.557737 1.520901
1.610344 1.535795
1.791377 1.701924
2.008595 1.819269
2.114494 1.985752
2.158337 2.143088
2.346678 2.321835
2.463515 2.388413
2.602912 2.529622
2.799677 2.699594
2.932844 2.913242
3.187265 3.176237
3.402307 3.340329
3.602449 3.549170
3.696179 3.663203
3.826434 3.730108
3.871348 3.657964
3.944726 3.665507
3.955373 3.524403
3.955185 3.078149
3.965153 3.025414
3.818489 2.751742
4.181279 3.061841
4.594721 3.463968
