1.994122 2.049264
1.942015 2.022089
1.840114 1.933608
1.776634 1.953695
1.750939 2.007171
1.673760 2.043249
1.651407 2.185703
1.638660 2.269980
1.586029 2.387236
1.569598 2.384128
1.652085 2.631652
1.708560 2.792061
1.758185 2.977710
1.823237 3.055554
1.906806 3.095172
2.316378 3.495159
2.718541 3.978522
3.255366 4.375684
3.394609 4.523298
3.633149 4.638483
3.675833 4.662077
3.786622 4.656189
3.700479 4.642560
3.748140 4.664201
3.823341 4.698017
3.980668 4.815407
4.091306 4.916152
4.440937 5.147969
4.667738 5.370143
4.932298 5.570254
5.165417 5.752954
5.297113 5.860012
5.353223 5.896649
5.342798 5.835075
5.513991 5.911467
5.680762 6.005335
5.738720 6.042914
5.847046 6.083708
5.880186 6.221363
5.935986 6.188705
6.058748 6.376447
6.170370 6.538086
6.284790 6.429093
6.338589 6.572712
6.290230 6.491181
6.219432 6.460471
6.154534 6.257992
6.203690 6.341364
6.245858 6.400474
6.356682 6.495822
6.531051 6.666900
6.276568 6.437049
6.150788 6.339483
6.023281 6.119780
5.805484 5.970867
5.846219 6.046669
5.860934 6.057691
5.940647 6.131365
6.087398 6.349795
6.279916 6.588927
6.424557 6.692294
6.551308 6.802120
6.471098 6.850587
6.666361 7.002168
6.823862 7.121520
6.981752 7.262505
7.164478 7.346524
7.324111 7.422959
7.331061 7.462369
7.404374 7.363977
7.369865 7.464715
7.379036 7.410892
7.464914 7.394068
7.359169 7.392475
7.476962 7.500098
7.494347 7.550014
7.633274 7.684814
7.616579 7.809831
7.746080 8.020162
7.763744 8.066001
7.752535 8.110784
7.752341 8.279958
8.023961 8.509913
7.842637 8.479598
7.803721 8.477618
7.621716 8.248754
7.570700 8.099316
7.385258 8.057421
7.362457 8.003586
7.356500 7.969628
7.398497 7.962831
7.296264 7.935502
7.347600 7.852748
7.366357 7.785992
7.314465 7.696277
7.370159 7.790795
7.425658 7.739063
7.317783 7.654878
7.405513 7.601009
7.503270 7.503619
7.657041 7.632142
7.681501 7.680482
7.707444 7.586041
7.640653 7.511119
7.538074 7.538002
7.629872 7.517080
7.798163 7.687299
7.990310 7.836939
8.190932 8.013366
8.379416 8.173035
8.475214 8.264093
8.299500 7.943068
8.332181 7.849241
8.291810 7.833539
8.138492 7.729657
7.852681 7.599177
7.841904 7.750730
7.876530 7.820077
7.762783 7.779239
7.561910 7.527448
7.503929 7.491069
7.407793 7.323235
7.069636 6.995478
6.847533 6.580713
6.537864 6.459833
6.357814 6.221682
6.093619 6.112957
6.056534 6.153459
6.021724 6.144141
6.240047 6.389692
6.337292 6.503843
6.406411 6.489368
6.259821 6.534526
6.303727 6.665255
6.318207 6.507353
6.273992 6.569651
6.413739 6.695183
6.558037 6.837965
6.771382 7.163453
7.104619 7.555708
7.341531 7.757996
7.335208 7.828990
7.503617 7.923922
7.563308 8.055380
7.539999 8.016116
7.506622 7.880309
7.453068 7.892537
7.219399 7.844197
7.045879 7.678088
6.907582 7.432593
6.690746 7.325911
6.511319 6.982792
6.256312 6.593679
6.136893 6.370158
5.902118 6.124129
5.822183 6.183413
5.628827 5.970973
5.692992 6.042777
5.749405 6.134321
5.851733 6.175637
5.865286 6.132243
5.865220 6.026406
5.825357 5.877010
5.799731 5.878973
5.695361 5.892198
5.629904 5.753307
5.672537 5.799659
5.606620 5.614143
5.531039 5.538270
5.591503 5.552616
5.642953 5.552496
5.695404 5.706891
5.613944 5.781860
5.378998 5.564335
5.083166 5.260060
4.923107 4.937994
4.775422 4.755624
4.731444 4.789330
4.671977 4.768625
4.578412 4.587807
4.372281 4.489599
4.278113 4.371623
4.189895 4.257990
4.008765 4.077774
3.952789 3.919067
4.222458 4.076619
4.331528 4.138562
4.286582 4.126964
4.164315 3.980386
3.960494 3.847830
3.870458 3.713779
3.918430 3.657855
4.119453 3.855925
4.517252 4.220002
5.022224 4.797737
5.559230 5.276852
6.386575 5.910212
7.212063 6.646483
8.021801 7.247940
8.731591 7.793376
9.069487 8.120034
9.264583 8.265146
9.348658 8.347295
9.393397 8.422750
9.606560 8.407286
9.909687 8.746972
10.230272 9.039134
10.623804 9.181445
10.859663 9.412804
10.996596 9.634981
11.053199 9.707575
11.184072 9.746815
11.208878 9.743393
11.188464 9.718862
11.132949 9.693661
11.201401 9.599806
11.179036 9.585091
11.124215 9.558341
11.200702 9.619231
11.246582 9.670954
11.272150 9.765222
11.223197 9.794501
11.019975 9.772778
10.721305 9.789805
10.756656 9.797522
10.577356 9.770981
10.592350 9.744753
10.601710 9.706686
10.559734 9.528864
10.602051 9.513540
10.569679 9.560420
10.182968 9.122865
10.054747 8.994433
9.871251 8.790270
9.757987 8.544125
9.754005 8.435823
9.615782 8.271303
9.669696 8.203699
9.755125 8.226434
9.882799 8.337029
10.034592 8.445228
10.180302 8.541266
10.450463 8.778888
10.508018 8.806316
10.555538 8.765440
10.554037 8.795392
10.582083 8.733326
10.538514 8.827031
10.562738 8.902864
10.545180 8.956542
10.331651 8.872610
10.227865 8.862198
10.092920 8.782102
9.884145 8.646547
9.780604 8.521114
9.461410 8.337321
9.201884 8.093174
8.935520 7.942955
8.862380 7.953889
8.865676 7.979730
8.744847 7.956429
8.678037 7.935104
8.366203 7.643232
8.210565 7.620342
7.949747 7.400770
7.758089 7.216935
7.516744 7.159629
7.470292 7.164172
7.382278 7.153860
7.448185 7.149277
7.441335 7.056604
7.012789 6.780157
6.813058 6.500993
6.260205 5.810511
5.873918 5.411918
5.705162 5.142752
5.554857 5.124756
4.938040 4.816747
4.568093 4.619437
4.210066 4.328605
4.169222 4.327795
4.047361 4.117651
4.144962 4.143940
4.323159 4.290975
4.626048 4.582208
4.795939 4.771776
5.114842 5.093035
5.689720 5.476607
6.291885 6.032576
6.648647 6.409162
6.840047 6.604797
6.924931 6.677501
6.974185 6.709575
7.069274 6.794455
6.965960 6.634859
6.878774 6.596114
6.928650 6.639777
7.232673 6.929166
7.687291 7.296854
7.907111 7.750511
7.909421 7.701363
7.791833 7.480428
7.714477 7.311648
7.688595 7.294611
7.610475 7.233435
7.541188 7.274641
7.441673 7.105378
7.312401 6.979519
7.092918 6.873186
6.856087 6.774369
6.806383 6.813180
6.542981 6.534035
6.299582 6.226541
5.948890 6.041101
5.643723 5.787073
5.229767 5.394283
5.131585 5.364312
4.981290 5.178953
4.885562 5.108295
4.644704 4.927665
4.528602 4.919849
4.355243 4.601678
4.286561 4.050134
4.131821 3.918372
3.704819 3.671036
3.311475 3.412607
3.127434 3.392457
3.088104 3.399179
3.066905 3.458919
3.076815 3.625360
3.241044 3.830250
3.481902 4.091853
3.858271 4.470341
4.359706 4.980250
4.772880 5.405781
5.179118 5.846662
5.542346 6.208796
5.858196 6.460436
6.141035 6.719315
6.489128 7.041476
6.832758 7.295860
7.081586 7.329894
6.951514 7.379538
6.860614 7.351732
6.704438 7.336686
6.611402 7.286747
6.583250 7.356972
6.519059 7.425204
6.643987 7.613167
6.787043 7.814157
6.842122 7.949525
6.888986 7.962176
6.831911 7.937764
6.859739 8.064152
6.989132 8.211666
7.164722 8.402890
7.048188 8.388724
7.053644 8.378012
6.971960 8.197018
6.925571 8.196695
6.770391 8.246269
6.770822 8.281856
6.724269 8.255916
6.477283 8.036397
6.503462 7.996563
6.420369 7.887365
6.382376 7.889740
6.237932 7.732735
6.207827 7.719391
6.087092 7.643835
6.098094 7.563995
6.083979 7.515096
6.116534 7.383653
6.162891 7.423664
6.360124 7.587986
6.605100 7.872401
6.859236 8.031748
7.148568 8.239309
7.350002 8.532368
7.516974 8.658952
7.561905 8.783867
7.219905 8.407674
6.730016 7.815122
6.319625 7.304215
6.009962 6.672901
5.747307 6.462849
5.564618 6.331759
5.636735 6.316531
5.577231 6.240882
5.499037 6.118458
5.467667 6.146795
5.392361 6.081878
5.407407 6.062220
5.150198 5.762012
5.268923 5.880899
5.378228 6.000975
5.480923 6.129484
5.875847 6.404668
6.031020 6.592527
6.264983 6.896534
6.431825 7.064275
6.423172 7.121462
6.295185 6.985360
6.250128 6.751970
6.267705 6.554766
6.114016 6.301925
6.039982 6.255601
5.751057 5.976344
5.452502 5.739352
5.234036 5.459781
5.184055 5.312670
4.986414 5.139962
4.926050 5.145935
4.891982 5.048840
4.909731 5.014640
4.849101 4.877889
4.924286 4.853335
5.128293 5.044321
5.317579 5.277836
5.467972 5.362834
5.427919 5.263259
5.533457 5.355553
5.448962 5.249734
5.253828 5.098339
5.183894 4.991757
4.860515 4.891086
4.891080 4.897359
4.886464 4.932486
4.775118 4.921716
4.663978 4.779475
4.604678 4.620951
4.635577 4.650812
4.736201 4.684013
4.669234 4.645461
4.638927 4.656317
4.529988 4.586322
4.609603 4.604565
4.540324 4.525636
4.592422 4.620782
4.640845 4.655338
4.780025 4.690023
4.841341 4.689303
4.863901 4.631109
5.049680 4.779752
5.211159 4.831406
5.186917 4.845027
5.225163 4.744051
5.378772 4.755802
5.360964 4.751152
5.328632 4.726068
5.286118 4.714938
5.364630 4.681180
5.618064 4.913174
5.878436 5.176832
6.309395 5.542930
6.582585 5.874790
6.790098 6.077603
6.866065 6.206281
7.098520 6.240298
7.172464 6.482385
7.212458 6.379510
6.861017 6.214176
6.553939 5.991913
6.306476 5.735236
6.059007 5.278080
5.850179 5.130048
5.714553 4.798794
5.548958 4.502753
5.350127 4.348817
5.308184 4.352561
5.334700 4.318667
5.173084 4.199529
5.193326 4.308259
5.137461 4.279519
5.288213 4.469118
5.316711 4.505556
5.253596 4.599903
5.215058 4.532784
5.278323 4.607516
5.342899 4.784390
5.273535 4.794583
4.970563 4.651745
4.768082 4.582879
4.672040 4.621660
4.586124 4.562482
4.438601 4.544724
4.357148 4.458494
4.343403 4.453360
4.361036 4.412448
4.391714 4.368607
4.476256 4.450459
4.465313 4.395381
4.414140 4.422104
4.555665 4.537250
4.686981 4.724460
4.471193 4.525294
4.358974 4.459882
4.353529 4.414760
4.390428 4.376891
4.182634 4.394249
4.172199 4.497113
3.980407 4.359012
3.963290 4.343348
4.030260 4.393400
4.107021 4.486545
4.219816 4.575667
4.335229 4.682355
4.343244 4.769072
4.435149 4.746245
4.383915 4.712278
4.436160 4.725173
4.483853 4.752310
4.579784 4.850980
4.611550 4.801599
4.594744 4.706471
4.527906 4.540379
4.509585 4.488008
4.591438 4.446139
4.736207 4.529989
4.933755 4.674464
5.106627 4.808038
5.206360 4.864659
5.163050 4.831467
5.135907 4.845142
5.131822 4.831939
5.236722 4.886819
5.245464 4.928183
5.407861 5.147367
5.551753 5.332042
5.695275 5.513622
5.910705 5.702000
5.921618 5.719660
5.804570 5.770334
5.407205 5.590066
5.197175 5.243596
5.005702 5.082300
4.840645 4.953171
4.694382 4.721125
4.523702 4.324341
4.246560 4.207367
4.289811 4.184101
4.174760 4.004182
3.961087 4.003944
3.867110 4.082581
3.828670 3.989103
3.853563 3.936649
3.993346 4.085425
4.121210 4.235756
4.411445 4.585062
4.711545 4.881591
4.919380 5.069840
5.039643 5.259933
5.131264 5.344721
5.142575 5.310407
5.324006 5.385805
5.489788 5.526052
5.539520 5.564386
5.734176 5.779500
5.879105 5.888204
6.533686 6.475393
7.003074 7.070002
