30
6280
6410
5900
4780
4890
5010
5220
5680
5320
3300
4430
4530
4640
4760
4870
4970
5090
5210
5350
3310
4410
4590
6130
5550
6010
7050
7180
7320
5310
3350
5020
4580
4670
4780
4890
5120
5110
5240
5350
3670
4430
5650
5430
6510
4870
5020
5100
5750
5850
3350
4450
4580
4670
4780
4890
5020
5120
5230
5350
3380
6180
6460
6340
4790
5190
5090
5230
5280
5380
3340
4450
4590
4680
4920
5010
5120
5230
5360
5790
4640
6020
6080
4640
4970
6140
5090
6710
6600
5360
3340
4450
4550
4670
4820
4890
5010
5190
6890
6490
3320
4440
6160
5150
4750
4860
4970
5240
5200
5320
3340
4920
6490
6200
4810
4900
5010
5130
5280
5360
3340
4460
4530
4640
5000
4930
5000
5280
7250
7440
4870
5900
4590
4740
4890
5000
5090
5190
5320
6100
4860
4830
4590
4680
4790
4910
5010
5930
7310
6540
4570
4520
4640
6270
6730
6630
5450
5830
5270
6070
4900
6360
6470
6630
5970
5050
6500
5130
5260
5830
3980
4450
4550
4750
4830
4920
5000
5160
4900
5650
4880
6300
6440
6560
6720
6870
5740
5080
5180
5360
3440
4620
4660
4730
5060
5500
5010
5860
5450
5410
3330
4500
4610
4660
5110
5850
5050
5150
5230
5340
3340
4470
4580
4660
5430
5490
5090
5220
5220
5470
3330
4420
4550
4650
4760
4870
4990
5180
5330
7450
4850
5540
4560
4690
4800
5340
6970
7120
7300
5770
4230
4560
4670
4790
5900
5140
5260
5380
5460
5620
3540
4690
4760
4890
5020
5150
5230
5320
5590
5630
4840
5770
4750
4890
5040
5050
5150
5270
5380
5550
3490
4540
4910
4760
4880
5660
6460
5620
5380
5500
3450
4550
4660
4950
5990
5020
5470
6240
5440
6650
3830
5220
4660
4830
5850
6030
5200
5430
5980
5820
4910
4910
6310
6590
6310
6520
5340
5400
5390
7190
3900
4600
4690
4850
6590
5230
5550
5650
5640
5510
3460
5300
6170
6130
5080
5020
5650
5330
5720
5470
3640
5020
4700
4890
5000
5140
5240
5370
5420
7220
3630
6220
5120
5960
6040
6870
6620
6470
6440
5990
4280
5470
5400
4760
4900
5190
5110
5460
6580
5570
3440
5580
5520
4810
5470
6070
5860
5660
6450
6990
3660
5170
6090
4850
4880
6710
5210
5230
5340
5600
3550
4660
4760
4920
5420
5500
5200
5940
6080
5640
4740
5340
5120
6190
4900
5000
5140
5350
5160
5930
3450
4980
6210
6500
5450
5070
5190
5640
7330
6090
3450
5050
4670
4810
5900
5030
5550
5240
5390
5460
3590
5000
4680
4770
4880
5700
5240
5570
7120
5720
3750
5530
4800
4890
5000
5150
5250
5360
5460
5580
3550
4670
4800
4890
4900
5030
5120
5500
5360
5650
3570
6090
4760
4820
4910
5020
5230
5430
5440
5890
4860
4870
5330
6220
4920
5820
6440
6880
7160
5460
3480
5030
5250
6350
6360
5110
6230
6480
5380
5490
3490
4580
4660
4850
6720
6020
5120
5250
5350
5470
3420
4530
4650
4770
4890
5720
6690
7000
5340
5460
3920
4870
5180
5070
4880
6060
5240
5430
5870
5470
3420
4580
4660
4790
5180
5550
5180
5300
5360
5480
3430
4590
4680
5080
4920
5000
5110
5230
5450
5680
3420
4540
4680
5630
6010
5000
5140
5220
5610
5930
4880
6320
5940
4870
5830
5830
5370
5310
5860
5520
3480
4660
6150
4810
5000
5320
5150
5260
5380
5770
3390
