0.194055
0.246054
0.462706
0.529511
0.657109
0.793645
0.797074
0.819638
1.085455
1.204113
1.431816
1.502233
1.710430
2.053401
2.066537
1.994415
1.672070
1.504852
1.506970
0.843442
0.656818
1.008296
1.529035
2.076503
2.557883
3.239746
3.809332
4.425664
4.867241
5.286347
5.840011
6.086229
6.441679
6.990317
7.368269
7.756829
7.934951
8.356824
8.511737
8.566549
8.868954
9.074474
9.430321
9.625345
9.897471
9.904987
9.935044
9.934354
9.900336
9.654663
9.795252
9.904857
10.084068
9.584064
9.249427
8.655354
8.122432
7.643967
7.181433
6.660173
6.123127
5.825727
5.539569
4.993515
4.496650
4.019919
3.398331
2.851815
2.040090
1.499109
1.341330
1.240912
1.608334
1.876430
2.306213
2.576395
2.920111
3.443692
3.648838
3.567555
3.270960
2.819707
2.895251
2.824206
2.556701
2.218575
1.918275
1.691687
1.585872
1.553838
1.663708
2.166400
2.487946
2.899541
3.363506
3.977613
4.403157
4.892944
5.465430
5.768159
6.311928
6.618852
7.101958
7.550631
8.027313
8.265143
8.563492
9.175831
9.607589
10.112430
10.571394
10.569665
10.557488
10.673239
10.685200
10.325340
10.438298
10.346750
10.402632
10.538747
10.638397
9.957122
9.532751
9.260152
8.991947
8.490149
8.156784
7.820502
7.445365
6.842075
6.527419
5.806793
5.554739
5.077969
4.728750
4.093838
3.771453
3.440256
3.072609
2.889881
2.584893
2.303984
2.204665
2.341748
2.152970
2.180842
1.921514
1.540657
2.191099
2.625730
3.463086
3.780875
4.282883
5.301799
6.081781
6.815691
7.466922
8.241821
8.989931
9.671590
10.344894
10.823716
11.267211
11.936969
12.404085
12.944650
13.520383
14.181144
14.742610
15.457527
15.879215
15.995203
16.217483
16.793557
17.187510
17.787245
18.253195
18.972336
19.475206
19.880693
19.824108
19.805073
19.833544
19.769750
19.522864
19.575643
19.927008
20.305638
20.728346
21.005579
21.198801
21.666212
21.834524
22.197121
22.364071
22.440939
22.757573
22.921555
23.342688
23.870731
24.374442
25.595733
26.878939
27.556275
27.674647
28.054386
27.815864
27.544657
27.000195
26.612029
26.274273
25.490654
25.122318
24.905291
24.773812
24.595995
24.289945
24.039181
23.884672
23.706026
23.766436
23.824886
23.839830
23.325956
22.328673
22.235350
22.250573
22.203829
22.078978
22.009987
22.881429
23.551260
24.156641
24.754727
25.051990
25.382080
25.742285
25.980950
26.344714
26.581732
26.589978
26.956253
27.197557
27.234695
27.264571
27.508548
27.668314
28.234540
28.821850
29.218230
29.763129
30.268375
30.347672
29.885228
29.802564
29.312398
29.108971
28.764232
27.794867
27.275047
26.521533
26.277801
26.050957
25.814601
25.546921
25.302334
25.111745
24.861067
24.704888
24.546471
24.426788
24.441838
24.538664
24.482423
24.312548
24.478764
24.527157
24.908161
25.263692
25.358756
25.435847
25.250180
25.421978
25.620517
25.928860
26.306553
26.514997
26.782840
27.308186
27.923291
28.494720
28.723920
29.201393
29.298278
29.884430
30.322878
30.615587
30.881277
31.027071
31.097789
30.456611
30.143951
29.727997
28.878384
28.818085
28.755810
28.230951
27.905173
27.541354
27.294147
26.939516
26.505129
26.287941
25.996235
25.712071
25.440345
24.962818
24.635519
24.435144
24.461110
24.419110
24.443286
24.245063
24.540211
24.904346
25.266316
25.645956
25.768127
25.953697
26.165396
26.263857
26.462460
26.764909
27.037270
27.263358
27.851119
28.665794
29.155868
29.814359
30.149891
30.676949
31.347736
30.942990
30.565191
30.114692
29.722949
29.342948
28.867482
28.724959
28.772334
28.919069
29.327723
29.658358
30.014862
30.350897
30.762661
30.782641
30.784628
30.785749
31.239253
31.650333
32.058890
32.600520
32.549159
32.878847
33.167073
33.642259
33.489165
33.300505
33.616963
33.924752
34.144920
34.564622
34.773842
35.270785
35.897100
36.731402
38.103850
39.323321
40.263835
40.625318
41.191939
41.894459
41.870001
41.783435
41.254008
40.820097
40.815606
40.873616
40.995298
40.358488
39.955597
39.578796
39.225135
38.652942
38.256306
37.835526
37.441893
37.079204
36.633883
36.143373
35.798607
35.786964
35.785077
35.818548
35.754756
35.737708
35.273288
35.111074
34.819612
34.409956
34.058194
33.830533
33.609542
33.477339
33.327139
33.188118
33.060115
33.027681
33.255307
33.703879
33.670991
33.946160
34.258225
34.796710
35.057514
34.501237
33.801101
33.261509
32.839098
32.626482
32.522537
32.368165
32.025755
31.857647
31.717199
31.798496
32.225037
32.489777
32.715371
32.916527
33.237298
33.280476
33.745125
33.957482
34.405468
34.673514
35.119983
35.451059
35.979312
36.525675
37.141520
37.510103
38.027112
38.711160
39.563316
40.259830
40.592235
40.774836
40.952535
41.153431
41.343531
40.929614
40.250964
40.408501
40.200128
39.811650
39.177223
38.547033
38.295624
37.789573
37.275394
36.780283
36.382280
35.960121
35.876892
35.916980
35.384016
35.078621
34.731504
34.416321
34.088175
33.634709
33.440429
32.994464
32.685724
32.468146
31.933631
31.665266
31.381749
31.203062
31.304485
31.550894
31.484774
31.505526
31.914832
32.280836
32.679784
32.983980
32.855007
32.374374
31.971459
31.840154
31.761719
31.750398
31.612803
31.658653
31.651622
31.738125
31.791892
31.839881
32.049793
32.269238
32.408078
32.326256
32.223656
32.374805
32.633060
32.808025
32.918338
32.886783
32.956742
32.852506
32.739630
32.871287
32.855155
32.700022
32.562400
32.759064
33.333244
33.721013
34.295094
34.884803
34.954794
34.371738
34.078684
33.376739
32.936676
31.928225
31.089320
29.791790
28.866593
28.047066
27.167324
26.395786
25.369968
24.250468
23.188380
22.240098
21.430013
20.148129
19.116068
18.325221
17.491574
16.827591
16.314222
15.892282
15.427658
15.105219
14.310062
13.469869
