1.986426 2.045418
1.992846 2.064509
1.964507 2.104841
1.976834 2.165351
2.000579 2.252858
2.027559 2.392444
2.077491 2.543244
2.151145 2.716668
2.236959 2.895098
2.346337 3.101966
2.493556 3.364888
2.610316 3.583253
2.745972 3.798925
2.854828 4.006186
2.874477 4.076094
2.862437 4.043850
2.865943 4.025617
3.041377 4.183193
3.103942 4.212360
3.226252 4.273314
3.291515 4.307823
3.386662 4.370610
3.501339 4.470144
3.632153 4.568384
3.783661 4.726553
3.976859 4.876592
4.166373 5.036362
4.368990 5.218001
4.562268 5.376325
4.744161 5.560227
4.964918 5.754792
5.154606 5.929749
5.330860 6.119425
5.526187 6.343905
5.461770 6.275928
5.490659 6.200558
5.568266 6.316239
5.582457 6.407784
5.678003 6.459432
5.735333 6.287899
5.775443 6.356518
5.873452 6.344906
5.996674 6.351453
6.174061 6.409153
6.178579 6.390771
6.179471 6.186260
6.007115 6.069661
6.105588 6.200830
6.161974 6.280418
6.420698 6.563275
6.831261 6.822740
7.180740 7.047389
7.670458 7.489464
8.010826 7.585391
7.912408 7.566034
7.774138 7.427049
7.559228 7.157494
7.375555 7.080084
7.130994 6.774424
6.845508 6.524074
6.644584 6.342656
6.356183 6.138417
5.947875 5.879087
5.859318 5.690896
5.571619 5.523224
5.385060 5.372933
5.274185 5.184395
5.051389 5.015919
5.009590 4.892307
4.968594 4.787346
4.982216 4.665738
4.964166 4.616773
5.007403 4.565030
4.770793 4.563215
4.756245 4.358598
4.578053 4.466689
4.672497 4.437418
4.657635 4.380300
4.716702 4.344671
4.581273 4.256988
4.600435 4.214203
4.822024 4.358944
4.895317 4.291195
4.717799 4.200634
4.477192 4.115090
4.205418 3.999014
4.036176 3.759631
3.930125 3.660879
3.796754 3.500931
3.704086 3.407940
3.492947 3.260073
3.433241 3.295547
3.344183 3.154110
3.287462 3.129492
3.289822 3.106119
3.298377 3.094673
3.426966 3.195998
3.563056 3.375379
3.762082 3.578202
3.987898 3.801182
4.169520 4.014019
4.349824 4.230618
4.564683 4.454659
4.744405 4.690393
4.820679 4.827950
4.876489 4.916476
4.831790 4.863951
4.788700 4.937186
4.731959 4.848104
4.844321 4.826461
4.964256 4.697507
4.857232 4.489855
4.700876 4.367794
4.543569 4.217412
4.446398 4.003934
4.362039 3.849628
4.501456 3.968223
4.636505 4.099202
4.597883 4.065303
4.598369 4.008305
4.443271 3.887851
4.212752 3.840601
4.006743 3.705941
3.854587 3.507609
3.688621 3.301054
3.581668 3.158487
3.547078 3.135378
3.511399 3.213888
3.527321 3.209644
3.734851 3.375359
3.888598 3.558989
4.010159 3.777286
4.167366 3.975688
4.396383 4.243359
4.390478 4.282976
4.345261 4.438121
4.279888 4.448076
4.188537 4.282966
4.221389 4.322022
4.323213 4.314807
4.397484 4.366638
4.347866 4.234954
4.221485 4.171513
4.238792 4.086715
4.273253 4.002367
4.197001 4.016793
4.107313 3.949349
4.380775 4.139234
4.515015 4.285773
4.702295 4.423678
4.798706 4.500252
5.020518 4.713238
5.751416 5.294263
5.880895 5.291224
5.934889 5.249749
5.690956 5.043396
5.487074 4.939432
5.151057 4.600479
4.802829 4.175438
4.489074 3.837818
4.200273 3.564800
4.014897 3.210165
3.780996 2.964175
3.669705 2.847377
3.674480 2.826849
3.561862 2.702832
3.514064 2.737212
3.471266 2.806310
3.430675 2.866778
3.473241 3.030996
3.462789 3.142836
3.359386 3.340985
3.422347 3.403160
3.287536 3.186857
3.117111 3.034997
3.064680 2.890099
3.013694 2.824066
3.219020 3.052908
3.430170 3.295387
3.536456 3.302959
3.342504 3.301866
3.211886 3.277645
3.029517 3.156206
2.997002 3.277344
3.055672 3.211706
3.957070 4.605484
4.789865 6.392016
5.217586 7.302450
5.502950 7.745499
5.698590 7.983297
5.887751 8.200426
6.085049 8.330031
6.099811 8.114273
6.138421 8.043943
6.310018 8.282910
6.607289 8.670998
7.166794 9.463676
7.699403 10.164956
7.709595 9.949780
7.579405 9.412063
7.303600 8.315742
6.900857 7.004106
6.456344 6.191728
6.181692 5.691947
6.130929 5.663264
6.606480 6.333737
7.137692 7.115569
7.715359 7.646417
8.070323 8.048813
8.444367 8.477378
8.573327 8.625483
8.632746 8.609226
8.550950 8.242885
8.516852 7.951109
8.460032 7.841110
8.267892 7.666560
7.992758 7.246985
7.743415 6.846785
7.255374 6.517444
6.633681 6.150716
5.888284 5.552987
4.891731 5.186139
4.457406 4.803188
4.135559 4.541817
3.819123 4.070120
3.536586 3.826712
3.206071 3.704233
3.022959 3.390998
3.252379 3.546299
3.658765 3.646939
6.339978 4.500858
9.169873 4.677077
10.560170 4.489142
11.225735 4.360835
11.505033 4.340321
11.528652 4.371423
11.483431 4.366814
11.121585 4.351702
10.692658 4.329125
10.056223 4.207772
9.231907 4.232778
8.758622 4.212248
8.784718 4.487227
8.889002 4.638600
8.901472 4.862013
8.925747 5.037308
8.997420 5.228319
9.009042 5.487762
8.917846 5.591572
8.906096 5.682243
8.778250 5.879147
8.340192 5.646237
7.983716 5.473637
7.465917 5.194076
6.815856 4.634179
6.359407 4.250132
5.845189 4.059762
5.818789 3.985398
5.607419 4.096766
5.426338 4.166183
5.289266 3.973582
4.880334 3.729230
4.586987 3.544247
4.507468 3.316637
4.250915 3.194187
4.055186 3.134828
3.750134 2.953871
3.668019 2.885203
3.779286 3.107060
3.951584 3.309088
4.175673 3.536602
5.477378 4.178080
6.166264 4.398832
6.354928 4.353043
6.234233 4.328572
6.329632 4.114028
5.945579 3.900840
5.508173 3.516867
5.263622 3.350854
5.113097 3.389670
5.282550 3.497024
5.180995 3.387129
5.175694 3.399096
5.096889 3.390311
5.154832 3.555606
5.153706 3.633175
5.261909 3.896779
5.473611 4.294448
5.680854 4.849833
5.939327 5.348526
6.117342 5.825012
6.362609 6.196609
6.624124 6.603380
6.959839 7.082607
7.089647 7.463611
7.318488 7.845976
7.127202 7.722836
7.039414 7.234781
6.999875 6.771602
6.833169 6.208640
6.814178 5.512562
6.657198 4.996864
6.502056 4.463889
6.402576 3.794239
6.111100 3.391413
5.744547 3.063579
5.211383 2.662587
4.731094 2.436826
4.680641 2.403705
4.741392 2.449064
4.720386 2.522168
4.840751 2.664052
4.889599 2.818876
4.978986 2.861986
5.014181 3.022033
5.063059 3.085826
5.173197 3.265351
5.306368 3.421904
5.424367 3.573729
5.458223 3.618666
5.459802 3.588210
5.280663 3.553383
5.115657 3.356572
5.119275 3.628220
5.309910 3.825796
5.541117 4.070658
5.516117 4.251383
5.376976 4.256816
5.333631 4.222328
5.287596 4.209392
5.126013 4.115366
5.036314 4.043571
5.009128 3.860938
5.137465 4.006411
5.133933 4.146990
5.201025 4.272031
5.517907 4.702307
5.669699 5.152422
5.956013 5.494833
6.256922 5.801185
6.694612 6.249561
6.964751 6.460727
6.679984 6.145326
6.478094 6.065322
6.180763 5.827522
5.961406 5.515391
5.678473 5.356167
5.409019 5.108147
5.289487 5.008560
5.092734 4.897795
4.930706 4.646712
4.757225 4.506023
4.557131 4.252357
4.549504 4.088747
4.631909 4.050499
4.669342 3.879422
4.542140 3.708532
4.464681 3.427820
4.311589 3.344692
4.212170 3.096467
4.053577 3.124150
4.094441 2.945398
4.055811 2.967215
3.794940 2.913609
3.805410 2.866694
3.746408 2.782316
3.837352 2.899392
3.705011 2.780981
3.666459 2.356828
3.405758 2.263295
3.240450 2.290740
3.261325 2.271970
3.502641 2.382248
3.836895 2.347317
4.312439 2.421279
4.620190 2.148889
4.798979 2.177927
5.164345 2.188337
5.438513 2.123340
5.786935 2.220666
6.173733 2.632969
6.583338 2.910290
6.736176 3.059814
6.644140 3.048606
6.597602 3.102686
6.461547 3.025797
6.363418 3.048270
6.469570 3.063984
6.388158 3.057827
6.242538 3.101872
6.077822 3.010616
5.802016 2.999324
5.626367 3.030839
5.358891 3.056383
5.091421 3.061518
4.846355 2.965802
4.580352 3.011760
4.431545 3.032211
4.264297 2.935790
4.142205 2.932726
3.957242 2.992638
3.929460 3.002091
3.878317 2.960665
3.809706 3.037615
3.846870 3.087054
3.725144 3.116061
3.654414 3.129065
3.487514 3.109949
3.436998 3.132958
3.341812 3.034903
3.208230 2.998895
3.233505 2.961643
3.252829 3.032036
3.319966 3.078380
3.591386 3.356372
3.826042 3.400392
3.948920 3.309003
4.233805 2.962171
4.390863 2.686199
4.306941 2.576891
4.267405 2.221644
4.421305 2.541054
4.244870 2.437998
4.194564 2.475469
4.128931 2.368876
4.025042 2.421487
4.401118 2.360702
4.549896 2.220556
4.573309 2.090268
4.648067 2.070281
4.502929 2.109499
4.514019 2.151768
4.300609 2.218571
4.077359 2.280996
3.996994 2.360269
3.986621 2.519698
4.078506 2.722648
4.007921 2.785218
3.950693 2.882039
3.984144 2.923986
4.157366 3.155455
4.360194 3.505197
4.452008 3.799887
4.818607 4.616383
5.261583 5.255936
5.352726 5.538749
5.295524 5.592252
5.245211 5.683853
5.082867 5.282426
4.844574 5.049677
4.651066 4.650497
4.505955 4.247585
4.498759 3.893322
4.454218 3.818382
4.738116 4.178486
5.085257 4.165890
5.463532 4.044833
5.871831 3.905449
6.597581 4.209484
7.468493 4.367349
8.447272 4.357211
9.367863 4.753256
10.770325 4.905376
12.077016 5.134064
13.131525 5.246009
14.174629 5.305172
14.957168 5.220635
15.428352 5.119203
15.770355 5.042744
15.969843 5.153492
16.171015 5.017711
16.343360 5.070858
16.388778 5.038738
16.395722 5.210587
16.409500 5.367442
16.267842 5.533571
16.141810 5.584251
15.982260 5.607280
15.709401 5.650060
15.427454 5.500474
14.988756 5.485314
14.634741 5.471490
14.231154 5.368217
13.814855 5.189313
13.211501 5.179512
12.672050 4.686401
11.998755 4.550674
11.555924 4.530926
11.427934 4.520397
11.011235 4.427286
10.352082 4.234313
9.661340 3.950965
9.046054 3.763555
8.566584 3.630076
8.122957 3.589805
7.513437 3.235984
6.647331 2.981487
6.109865 2.572604
5.195982 2.386576
4.747900 2.263863
4.605133 2.398397
4.457797 2.583927
3.985948 2.493983
3.968895 2.755936
3.816896 3.014989
3.875480 3.132437
3.862078 3.149143
3.850289 2.885749
3.797961 2.827437
3.779733 2.688793
3.842894 2.621491
3.834603 2.732543
3.660778 2.758931
3.670623 2.826844
3.597469 2.773854
3.357789 2.759271
3.302672 2.671684
3.272368 2.574286
3.288066 2.480681
3.333745 2.437827
3.426889 2.447834
3.500646 2.310757
3.593883 2.310238
3.684861 2.313095
3.860422 2.353790
3.911782 2.525176
3.935907 2.541830
3.924909 2.728037
3.790601 2.933431
3.886818 3.173942
3.866692 3.356092
3.838197 3.605543
3.942499 3.795659
3.892755 3.953249
3.697034 3.935848
3.613501 3.974227
3.550848 3.951645
3.536274 3.959988
3.606558 4.130502
3.767305 4.291186
3.847381 4.488132
4.005989 4.656868
4.064625 4.804952
4.098226 4.802696
4.195786 4.746157
3.877995 4.371169
3.672259 4.067214
3.707293 3.770090
3.854869 3.711673
3.970011 3.763338
4.058631 3.738625
4.196037 3.588804
4.396217 3.454133
4.591050 3.445718
4.877223 3.332585
5.027819 3.359886
5.075480 3.433206
5.004238 3.478741
4.631540 3.430477
4.726430 4.022966
4.855540 4.522976
