1.996291 2.055131
2.010285 2.088006
2.026679 2.154735
2.048340 2.236534
2.053980 2.328954
2.090402 2.474897
2.151656 2.605152
2.203020 2.764313
2.294205 2.952451
2.378463 3.140477
2.494505 3.346054
2.618494 3.555169
2.749426 3.780676
2.930648 3.931398
2.993940 3.955354
3.023166 3.888904
3.070755 3.860917
3.198229 4.039808
3.242665 4.191282
3.291071 4.299572
3.318514 4.338147
3.401111 4.407216
3.494755 4.459734
3.619491 4.544716
3.756689 4.651823
3.931501 4.804859
4.092370 4.951921
4.275171 5.118522
4.458473 5.259705
4.651389 5.419272
4.885472 5.641383
5.087023 5.824688
5.274911 5.995904
5.487033 6.185407
5.765645 6.389039
5.966200 6.539430
6.224640 6.742465
6.457097 6.909987
6.692042 7.086287
6.942542 7.250777
7.200309 7.451644
7.436866 7.630118
7.657338 7.801958
7.930907 7.983825
8.075372 8.110311
8.117101 8.154226
8.187982 8.210483
8.258584 8.288751
8.293059 8.347652
8.413495 8.441014
8.420666 8.456594
8.405907 8.459400
8.415501 8.478071
8.479418 8.492533
8.468267 8.533094
8.484828 8.592829
8.520680 8.659594
8.560312 8.728063
8.609732 8.799502
8.665267 8.892441
8.729112 8.967596
8.824692 9.044708
8.909370 9.141059
9.020949 9.256509
9.118953 9.360084
9.230439 9.471590
9.367960 9.589581
9.473436 9.703778
9.604506 9.839738
9.746214 9.942775
9.892859 10.028773
10.023179 10.128628
10.166695 10.232220
10.334070 10.330874
10.471940 10.429396
10.613405 10.541993
10.808935 10.686805
10.944490 10.785979
11.087065 10.926358
11.122247 10.937494
11.079299 10.914426
11.076412 10.925733
11.120699 10.896694
11.134478 10.890430
11.134586 10.879158
11.135662 10.918796
11.133522 10.945633
11.119954 10.996411
11.128022 11.052385
11.128297 11.089966
11.133486 11.139945
11.154161 11.229878
11.177530 11.317590
11.217978 11.389280
11.256936 11.494496
11.317172 11.604606
11.401872 11.727909
11.478321 11.818094
11.568109 11.938955
11.653486 12.053007
11.751712 12.180003
11.836965 12.269136
11.963142 12.371143
12.081702 12.476704
12.209557 12.591994
12.324143 12.682600
12.462155 12.781183
12.579920 12.895258
12.732873 13.004384
12.877193 13.116989
12.970887 13.211922
12.969622 13.223943
13.012916 13.272248
13.051692 13.321569
13.103876 13.374492
13.139026 13.369695
13.140367 13.381344
13.145314 13.404639
13.173039 13.436205
13.194756 13.458211
13.228209 13.492431
13.270849 13.472220
13.316390 13.483453
13.379205 13.492476
13.434928 13.519557
13.479225 13.522837
13.531803 13.553381
13.603224 13.578907
13.703197 13.601116
13.780196 13.641756
13.873964 13.692987
13.962754 13.758774
14.038141 13.824222
14.136582 13.906620
14.213453 14.002834
14.317838 14.118894
14.406732 14.206283
14.500169 14.291944
14.612525 14.389806
14.728807 14.514885
14.846882 14.615584
14.963364 14.707584
15.053621 14.791061
15.160505 14.882045
15.266190 14.953366
15.375303 15.035012
15.416802 15.063480
15.465461 15.087117
15.455561 15.070188
15.426713 15.055771
15.438632 15.035044
15.482517 15.029964
15.495131 15.028061
15.466351 15.089330
15.500485 15.126705
15.513751 15.176349
15.562825 15.228289
15.594492 15.266560
15.626221 15.335665
15.652210 15.402363
15.688636 15.451377
15.755180 15.526579
15.792826 15.573830
15.862612 15.632263
15.931419 15.706599
16.002187 15.801612
16.085674 15.910801
16.169980 16.022141
16.269303 16.126594
16.368247 16.220842
16.458093 16.305780
16.446984 16.398231
16.552434 16.418155
16.541615 16.446635
16.532582 16.467049
16.535529 16.537629
16.538272 16.579346
16.558440 16.627368
16.564942 16.672811
16.532756 16.781720
16.550315 16.830476
16.584088 16.892441
16.622830 16.951765
16.679778 17.015086
16.656928 17.040039
16.666163 17.036346
16.655650 17.036087
16.693012 17.071320
16.706924 17.112052
16.745468 17.146513
16.792669 17.184286
16.854417 17.254468
16.916989 17.331647
16.976746 17.387386
17.033575 17.463132
17.096930 17.539635
17.151843 17.616099
17.241526 17.707086
17.310713 17.774876
17.381449 17.860473
17.421028 17.912659
17.401794 17.910788
17.395735 17.897446
17.382450 17.868344
17.461321 17.839005
17.461900 17.823621
17.481913 17.894478
17.489175 17.916440
17.488544 17.951053
17.498321 17.988898
17.501881 18.028103
17.487381 18.125601
17.465419 18.118229
17.444736 18.145270
17.426842 18.170220
17.423076 18.211282
17.419139 18.255351
17.422577 18.294309
17.418547 18.328362
17.441807 18.393229
17.482830 18.440749
17.431522 18.479675
17.482726 18.468526
17.534949 18.510371
17.590420 18.535764
17.601740 18.557938
17.638230 18.579513
17.631777 18.588778
17.656454 18.618214
17.678119 18.635745
17.706825 18.615991
17.724394 18.629545
17.728110 18.644751
17.774819 18.671364
17.814516 18.714516
17.865030 18.752475
17.905460 18.780296
17.958977 18.817219
18.024917 18.870218
18.086553 18.906566
18.171739 18.967668
18.249896 19.004490
18.321313 19.065795
18.322844 19.120929
18.305078 19.127728
18.346860 19.168758
18.373741 19.208075
18.395260 19.203478
18.397354 19.246688
18.389251 19.295777
18.389022 19.350360
18.402614 19.416442
18.423251 19.441300
18.468166 19.394008
18.463074 19.383159
18.465328 19.353546
18.458963 19.334096
18.446526 19.332442
18.468872 19.302299
18.476142 19.304934
18.516010 19.299324
18.545019 19.292538
18.574713 19.291177
18.594077 19.312179
18.623240 19.331445
18.653433 19.365024
18.696196 19.403761
18.754527 19.434072
18.802237 19.465694
18.878424 19.504299
18.957068 19.526657
19.005811 19.576034
19.088114 19.615060
19.176685 19.652311
19.256825 19.676619
19.284537 19.671860
19.318840 19.686229
19.363270 19.710828
19.387798 19.726762
19.446745 19.770148
19.537399 19.837562
19.623375 19.863394
19.734251 19.929473
19.815041 19.980612
19.936618 20.050669
19.998987 20.108123
20.060005 20.173677
20.119407 20.249854
20.207144 20.319198
20.236663 20.380218
20.273849 20.438172
20.298482 20.481835
20.311164 20.555421
20.490131 20.630964
20.487397 20.690985
20.513405 20.744529
20.556401 20.777373
20.587476 20.811913
20.626321 20.868968
20.564798 20.916817
20.586572 20.888738
20.600777 20.912819
20.625505 20.931138
20.692374 20.983507
20.693518 21.015386
20.721185 20.985591
20.699147 21.062269
20.706482 21.060584
20.699096 21.079186
20.692037 21.126038
20.692711 21.183136
20.702914 21.215887
20.703287 21.264318
20.719828 21.314574
20.749479 21.375384
20.773423 21.452094
20.816480 21.535104
20.901741 21.641023
20.964179 21.736847
21.030563 21.775871
21.108997 21.820758
21.166807 21.874519
21.139682 21.781434
21.139011 21.788717
21.132522 21.773783
21.150934 21.762142
21.200156 21.784002
21.216242 21.786925
21.221131 21.836392
21.215399 21.843482
21.224119 21.876148
21.244747 21.905039
21.272086 21.936735
21.296024 21.962571
21.339441 22.004476
21.381080 22.059079
21.421778 22.103990
21.467757 22.131609
21.502280 22.128439
21.547885 22.123464
21.587930 22.152754
21.654882 22.202196
21.667241 22.227719
21.692638 22.188348
21.722941 22.151387
21.766592 22.173168
21.781349 22.201046
21.807806 22.255574
21.850596 22.288528
21.951125 22.324626
21.993140 22.344362
22.075934 22.363784
22.136751 22.375470
22.212990 22.370235
22.318344 22.414832
22.459108 22.452381
22.463263 22.435659
22.476592 22.447895
22.470175 22.456303
22.554094 22.451252
22.656701 22.445417
22.709144 22.482082
22.758925 22.484825
22.793605 22.552807
22.826082 22.605401
22.862582 22.636900
22.927384 22.669929
22.882936 22.671569
22.930181 22.669207
22.948616 22.698986
22.967884 22.720431
22.985301 22.732399
23.022208 22.762519
23.053897 22.782853
23.062309 22.833778
23.095903 22.853874
23.108009 22.907455
23.140396 22.955907
23.165732 22.981178
23.187713 22.999641
23.239264 23.022181
23.394012 22.980971
23.428357 23.100737
23.437835 23.131401
23.431539 23.159528
23.446927 23.185237
23.462738 23.178684
23.480740 23.233948
23.530398 23.226908
23.588359 23.256686
23.613000 23.293872
23.645779 23.308560
23.685809 23.325401
23.719189 23.366797
23.769303 23.400871
23.799323 23.436947
23.865238 23.477858
23.917324 23.514963
23.980388 23.564583
24.040261 23.630129
24.097322 23.706582
24.144023 23.769989
24.139770 23.777371
24.183514 23.767627
24.242942 23.732588
24.352305 23.763606
24.275769 23.851209
24.291150 23.861384
24.309564 23.851252
24.345595 23.856838
24.389764 23.890260
24.422809 23.910442
24.445442 23.938229
24.488403 23.966720
24.528729 24.002165
24.566923 24.039570
24.588837 24.063669
24.617331 24.108072
24.630521 24.144833
24.617784 24.204202
24.613047 24.250016
24.747157 24.298608
24.749682 24.303360
24.770162 24.313983
24.801151 24.343381
24.827684 24.356463
24.907980 24.402958
24.920566 24.451826
24.912453 24.466132
24.933441 24.479964
24.965150 24.510007
24.996042 24.525805
25.040197 24.551409
25.054230 24.578875
25.078503 24.621458
25.103541 24.650722
25.188303 24.658928
25.200637 24.680672
25.251893 24.709943
25.297627 24.714470
25.339731 24.708043
25.404055 24.721873
25.452728 24.738927
25.530854 24.743892
25.568674 24.781989
25.605758 24.806539
25.652424 24.851977
25.688768 24.903993
25.725158 24.931433
25.783188 24.979586
25.843425 25.023028
25.945908 25.036536
26.003943 25.086640
26.069537 25.129622
26.171458 25.204936
26.228442 25.288170
26.255110 25.365656
26.248603 25.386054
26.253233 25.418817
26.324278 25.389372
26.426824 25.513921
26.411293 25.555301
26.408969 25.588160
26.424851 25.583102
26.432882 25.642595
26.407997 25.643777
26.445620 25.610963
26.491466 25.582734
26.520469 25.555710
26.545357 25.547151
26.583863 25.547179
26.625680 25.546327
26.642103 25.554480
26.676279 25.547621
26.694394 25.543887
26.801755 25.515181
26.919754 25.575715
26.910242 25.588738
26.920957 25.592680
26.919826 25.624330
26.934419 25.644213
26.940517 25.656268
26.952568 25.712940
26.971808 25.757537
27.002037 25.797788
27.025443 25.842678
27.045293 25.901676
27.036041 25.987300
27.037682 26.049695
27.052165 26.109681
27.053462 26.186496
27.083290 26.226979
27.125739 26.282255
27.221095 26.332199
27.353786 26.486922
27.375266 26.489906
27.406936 26.493640
27.454545 26.538882
27.490800 26.566621
27.453892 26.560305
27.446633 26.551593
27.457823 26.566659
27.462647 26.566947
27.489302 26.562543
27.510151 26.566749
27.532212 26.602043
27.588250 26.630326
27.631463 26.672748
27.660639 26.712231
27.689221 26.746792
27.719722 26.781346
27.764665 26.813940
27.811610 26.845500
27.865749 26.882111
27.828300 26.867012
27.851749 26.884922
27.892663 26.883685
27.947879 26.899591
27.986599 26.902311
28.027073 26.897271
28.071767 26.905264
28.116263 26.937134
28.174562 26.968433
28.238625 26.992616
28.301458 27.019986
28.365609 27.066915
28.414793 27.109754
28.487752 27.161568
28.545705 27.207422
28.610628 27.255300
28.661945 27.299393
28.749291 27.350990
28.775357 27.376049
28.776689 27.370419
28.717944 27.339715
28.673713 27.358460
28.650759 27.352611
28.638180 27.337784
28.588951 27.334952
28.548087 27.345158
28.514813 27.324922
28.497906 27.335367
28.488560 27.338243
28.470950 27.343545
28.470885 27.360724
28.458113 27.407641
28.442084 27.427569
28.451483 27.462671
28.450627 27.503838
28.437018 27.555370
28.431362 27.600015
28.433687 27.636451
28.450727 27.690095
28.455609 27.734725
28.457517 27.787709
28.472031 27.806685
28.470196 27.816675
28.492094 27.849179
28.511883 27.882962
28.624782 27.906935
28.696544 27.984380
