1.779526 2.012209
1.721881 1.958149
1.668245 1.948292
1.631450 1.924101
1.596255 1.835646
1.577049 1.861017
1.597161 1.965820
1.628319 2.074486
1.668430 2.212561
1.684602 2.306925
1.683495 2.495340
1.714071 2.621085
1.803087 2.765980
1.868771 2.928812
1.920900 2.918014
2.155489 3.043415
2.632289 3.366345
3.144931 3.793175
3.493427 4.076587
3.660337 4.299295
3.764480 4.263457
3.831838 4.171355
3.897889 4.170510
3.995713 4.149638
4.113694 4.173182
4.271087 4.166259
4.429280 4.302501
4.575441 4.374828
4.709410 4.426472
4.799993 4.567218
4.855721 4.634536
4.836763 4.638235
4.914997 4.592934
4.929281 4.620867
5.028581 4.532873
4.906213 4.436507
4.912868 4.346045
4.877606 4.268909
4.845740 4.251385
4.991279 4.163018
5.024219 4.139372
5.033497 4.045523
5.143869 4.136686
5.313403 4.085630
5.358859 4.052453
5.241792 4.038287
5.269804 3.956936
5.298565 4.027025
5.404947 4.072296
5.637100 4.242967
6.177815 4.605594
6.546157 4.892991
6.869193 5.003152
7.015906 5.065235
6.989098 5.040128
6.970971 5.067321
6.945346 5.069999
6.800442 4.915228
6.556461 4.833999
6.288769 4.771975
6.138254 4.596957
5.993367 4.464967
5.789522 4.332054
5.619231 4.365608
5.303763 4.187713
5.087040 4.229711
4.920755 4.166751
4.622381 4.118612
4.478034 4.217888
4.276048 4.313383
4.243977 4.256319
4.063245 4.171208
3.889981 4.045361
3.741668 4.060564
3.527285 3.931857
3.477536 4.023638
3.603124 4.043227
3.474596 4.213136
3.682396 4.377597
3.841072 4.477490
4.059300 4.592709
4.438561 4.999889
4.832701 5.620006
5.130293 5.998621
5.460879 6.252919
5.666805 6.366514
5.728580 6.433916
5.758377 6.437348
5.713049 6.348005
5.657540 6.349521
5.666379 6.336087
5.808227 6.417665
5.915409 6.440142
6.009916 6.494764
6.060735 6.473912
6.116025 6.557581
6.200914 6.567492
6.243450 6.470344
6.047809 6.106184
5.780649 6.012068
5.745778 5.837165
5.628764 5.484810
5.526094 5.213318
5.418604 5.024390
5.366324 4.855384
5.176342 4.880984
5.363084 5.008143
5.641054 5.066256
5.839268 5.215462
6.025972 5.231996
5.993996 5.032523
5.892678 4.680254
5.776921 4.381819
5.622027 4.375568
5.633874 4.141383
5.620013 3.963858
6.053428 4.084601
6.425584 4.353333
6.616372 4.466253
6.788910 4.492136
6.901867 4.606376
6.925694 4.510155
6.952829 4.296744
6.936917 4.302893
6.818705 4.258293
6.834134 4.323401
6.918239 4.404160
6.891159 4.487111
6.829995 4.509725
6.765394 4.553598
6.643967 4.592015
6.538733 4.548227
6.391505 4.521753
6.273593 4.529888
6.186399 4.626102
6.149067 4.747306
6.277360 5.013943
6.416899 5.263925
6.612809 5.619882
6.958776 6.058442
7.313909 6.460144
7.354260 6.670278
7.316999 6.970882
7.373361 7.142655
7.302918 7.361908
7.092040 7.515661
7.115020 7.651642
7.110725 8.013949
6.868991 8.226008
6.737469 8.328600
6.774541 8.473239
6.414777 8.565092
5.851638 8.735660
5.603364 8.858391
5.447260 8.805059
5.286374 8.759961
5.038457 8.623052
4.849838 8.573300
4.928406 8.597959
5.073504 8.628209
5.093352 8.671180
5.203579 8.464158
5.297200 8.325787
5.438974 8.303266
5.505136 8.060863
5.550562 7.958396
5.659092 7.765935
5.803198 7.572807
5.907537 7.538992
5.886638 7.553557
6.086826 7.719038
6.180461 7.860028
6.433221 7.798105
6.255685 7.648842
6.098855 7.451331
6.043413 7.278504
5.958127 7.264555
5.979869 7.241316
5.880583 7.184548
5.864685 7.144990
5.807638 7.211633
5.824813 7.227677
5.896293 7.139602
5.885437 6.916561
5.899818 6.544469
5.866559 6.796805
5.726872 6.802005
5.749832 6.733798
5.607837 6.223423
5.505921 6.130507
5.459205 6.198771
5.348326 6.153871
5.373866 6.165359
5.478822 6.328702
5.609923 6.476823
5.786840 6.642080
6.060268 7.160248
6.642959 7.710372
7.196090 8.248896
7.833025 8.759807
7.992868 8.982346
7.790595 8.801099
7.465540 8.446302
7.119951 8.135076
7.148298 7.930862
7.382192 8.131905
7.575446 8.349752
7.870391 8.579514
7.989174 8.741167
8.129417 8.867390
8.104499 8.836081
8.046019 8.825770
7.947094 8.806286
7.882699 8.726744
7.789503 8.494058
7.672267 8.352725
7.478220 8.227340
7.469111 8.107366
7.382325 7.987942
7.302220 7.936214
7.226869 7.970724
7.026407 7.926228
6.902109 7.866202
6.790061 7.538837
6.689256 7.490139
6.490591 7.374318
6.302600 7.153067
6.167778 7.074219
6.026996 7.057414
5.819209 7.025313
6.140403 7.327193
5.925883 6.978330
5.524204 6.083789
5.219488 5.555600
4.599952 4.872317
4.500236 4.568952
4.316622 4.515755
4.355140 4.569264
4.498358 4.638195
4.653052 4.950141
4.813635 5.051285
4.863486 5.138462
5.092126 5.298768
5.064091 5.125938
5.102051 5.014256
5.255064 4.946694
5.372831 4.918294
5.556093 5.007067
5.706112 5.038349
5.861761 5.089592
6.015475 5.174640
6.041428 5.080357
5.907128 4.921634
5.707944 4.642927
5.523245 4.499438
5.311429 4.365002
5.195641 4.274269
5.135993 4.131278
5.225161 4.018681
5.287134 4.054774
5.325618 4.104505
5.204021 4.078434
5.024726 3.895490
4.856413 3.766165
4.721865 3.763015
4.737434 3.882455
4.657576 3.987102
4.695117 4.083278
4.662262 4.255252
4.588770 4.350449
4.627364 4.600085
4.702194 4.779681
4.781587 4.767715
4.761780 4.621428
4.445482 4.446309
4.202272 4.202396
3.904216 3.765369
3.661192 3.563474
3.543130 3.406988
3.442269 3.166243
3.564222 3.372159
3.638689 3.303350
3.714947 3.399234
3.784125 3.526851
3.951228 3.826265
4.039382 3.986098
4.197902 4.228914
4.462952 4.502024
4.866640 4.804325
5.186672 5.056039
5.322680 5.126475
5.439915 5.082983
5.454249 5.092042
5.735861 5.211383
5.793774 5.212869
5.855508 5.229142
5.819326 5.153188
5.783308 5.071149
5.808850 5.314443
5.707384 5.268147
5.412526 5.205745
5.137633 5.023597
4.934681 4.719984
4.884421 4.564466
4.614220 4.394099
4.344538 4.271742
4.318485 4.120256
4.275474 4.037917
4.203186 4.029540
4.261413 4.121379
4.388506 4.238585
4.336975 4.092183
4.174014 3.924704
3.958876 3.728592
3.864575 3.545477
3.727578 3.372987
3.626794 3.145277
3.649967 3.206156
3.651308 3.257474
3.615642 3.239088
3.803325 3.398966
3.470748 3.167880
3.168121 2.863917
2.887069 2.610385
2.594783 2.219381
2.366104 2.153490
2.329197 2.247174
2.300610 2.420526
2.448700 2.563021
2.590324 2.787957
2.746393 2.963502
2.868275 3.041708
2.994837 3.219456
3.186567 3.434217
3.397184 3.679493
3.701174 3.943434
4.029291 4.337469
4.289656 4.604790
4.675506 4.932871
5.119553 5.309837
5.372250 5.349749
5.655314 5.317402
5.556617 5.305834
5.612096 5.295647
5.629576 5.271724
5.683565 5.349630
5.795500 5.464439
5.998414 5.571675
6.335461 5.759505
6.625224 5.927923
6.909804 6.020637
7.181073 6.177800
7.419821 6.384209
7.702854 6.624953
8.025793 7.013748
8.225874 7.345545
8.111627 7.516369
8.134391 7.592604
8.099312 7.621653
8.078661 7.915232
8.226731 8.096745
8.178077 8.110705
8.136659 7.966102
7.855532 7.547991
7.531354 7.318826
7.291754 7.127663
6.941789 6.800853
6.758778 6.636321
6.423969 6.316598
6.238098 6.206572
6.009052 5.877192
5.770647 5.790961
5.767200 5.771608
5.837809 5.991928
6.470706 6.608147
8.026481 8.323381
9.146233 9.867539
8.981009 10.387923
7.211814 9.295425
6.206593 8.513989
6.103801 8.447984
5.703590 7.397090
5.081874 6.629854
4.647778 5.861077
4.314517 5.609546
4.082795 5.105417
3.911389 4.857088
3.860474 4.563224
3.760792 4.513884
3.675464 4.511784
3.676590 4.558816
3.432172 4.441026
3.332749 4.071397
3.214810 3.961388
3.302079 3.902157
3.234868 3.870968
3.261018 3.932318
3.337269 4.057011
3.451416 4.228307
3.500690 4.398123
3.685489 4.578006
3.782171 4.557794
3.733644 4.594934
3.786212 4.520733
3.773197 4.510577
3.847043 4.442655
3.821418 4.442635
3.736269 4.327866
3.664766 4.239076
3.663784 4.151509
3.822849 4.241523
3.943519 4.190897
3.952333 4.226641
4.026822 4.254162
4.204153 4.406804
4.314345 4.494366
4.379262 4.483541
4.652048 4.736400
4.866829 4.973570
5.039772 5.154726
5.181791 5.336335
5.113459 5.362902
5.077684 5.338778
5.081817 5.362906
5.074340 5.419526
4.950481 5.323021
4.856144 5.433684
4.726681 5.442465
4.691104 5.414524
4.655417 5.487387
4.779336 5.767789
4.831471 5.929074
4.918269 6.101533
5.015994 6.284012
5.059695 6.446991
5.099979 6.629210
5.104208 6.829501
5.097658 6.997384
5.203688 7.189773
5.275543 7.398308
5.452696 7.660536
5.624620 7.872854
5.746989 8.061815
5.949287 8.247995
6.146654 8.390966
6.326762 8.578908
6.541139 8.913952
6.805816 9.140262
6.901677 9.370181
7.217278 9.555087
7.470138 9.839856
7.768917 10.074645
8.082376 10.206638
8.198187 10.263719
8.338093 10.178267
8.303341 9.889336
8.179260 9.373030
7.941634 8.780757
7.584245 8.205101
7.441469 7.749708
7.487556 7.605304
7.363946 7.146771
6.794162 6.864681
6.295276 6.279280
5.967637 5.906741
5.415727 5.525550
5.204639 5.360370
4.825018 5.240873
4.547651 4.792106
4.201175 4.698909
4.301930 4.779262
4.055718 4.577546
3.846339 4.395817
3.822867 4.233365
3.792871 4.278725
3.868951 4.277367
3.918668 4.329579
3.863386 4.265956
3.919122 4.220952
3.990376 4.305878
4.066851 4.348165
4.025789 4.381480
3.998837 4.459084
4.057166 4.454259
4.036772 4.472058
4.022348 4.343963
4.099590 4.502564
4.228276 4.582517
4.301462 4.613679
4.455301 4.664720
4.605238 4.804693
4.791376 4.943477
4.959959 5.021858
5.024450 5.085667
5.256729 5.148989
5.155113 5.077500
5.051182 5.028892
5.132292 5.055244
5.216491 5.143287
5.146213 5.137218
5.158356 5.114093
5.157465 5.128254
5.219736 5.166290
5.169737 5.172087
5.257383 5.238427
5.376038 5.341182
5.491604 5.421218
5.509029 5.523637
5.609443 5.640649
5.622646 5.630230
5.756451 5.793420
5.859092 5.924884
5.897072 5.972899
5.997179 6.082638
5.860817 6.058535
5.833147 6.000657
5.866985 5.971342
5.757960 5.887011
5.552811 5.846392
5.615396 5.853020
5.764440 5.964401
5.828474 5.969652
6.003839 5.925215
6.027150 5.797260
6.092268 5.824198
6.167966 5.723797
6.186001 5.551359
6.245703 5.623037
6.204943 5.648489
6.273764 5.671446
6.424258 5.837056
6.401648 5.678741
6.199080 5.620197
5.956083 5.394321
5.738894 5.092101
5.625626 4.966989
5.423535 4.718694
5.144174 4.552749
4.866330 4.392359
4.666230 4.193235
4.723084 4.176089
4.480594 4.060273
4.279797 3.956255
4.137700 3.765010
4.009660 3.593194
3.965779 3.550163
3.940218 3.554158
3.926030 3.608650
4.088091 3.783103
4.260680 3.951640
4.488700 4.133107
4.600560 4.309580
4.793226 4.533966
4.979540 4.754653
5.105495 4.918657
5.159274 5.141301
5.363896 5.367224
5.629812 5.668606
5.863858 5.897598
6.431348 6.536424
6.877224 6.964080
