7470
7680
8450
8450
8440
8440
7600
7480
7470
7720
7520
7480
8470
8060
7490
7490
7890
7520
8610
7760
7540
7560
7500
7530
7540
7610
8660
8230
7540
7760
8430
7520
7910
7500
7500
7490
7480
7580
7500
7750
7520
7540
7720
7670
7470
7480
7490
7480
7520
7720
7470
7510
7530
7490
7540
7830
7280
7500
7480
7730
7490
7510
7570
7770
8520
7480
7520
7480
7500
7740
7480
7510
7490
7490
7480
7500
7100
7540
7520
7800
7660
8320
7490
7490
7490
7490
7690
8630
7640
8040
7530
7490
7500
7520
7850
7530
7850
9070
7620
7780
7480
7480
7490
7490
7470
8440
9070
8760
7510
7740
7560
7540
7520
7520
7520
5970
7510
7540
7560
7790
7680
7930
8510
8180
7500
7510
7680
7590
7490
7730
7630
7730
8280
7480
7480
7500
7530
7490
7490
7760
7480
7490
7520
7500
7470
7480
7520
7810
7500
7730
7670
7510
9010
7700
7600
8180
9070
8200
7610
7860
7660
7620
7590
7720
7630
7620
7590
7590
8440
8020
8550
8390
8270
7600
7620
7820
7610
7830
7590
8090
7590
7750
7610
8900
8170
7850
8020
7920
8220
8730
8030
7630
7620
7650
7730
7770
7970
7610
8180
7960
7570
8170
8080
8440
8540
8230
8580
8230
8490
8330
8140
7610
7670
7620
7630
7630
7610
7880
7600
8010
8060
7710
7900
8130
7780
8430
7950
7980
7920
8330
7650
7830
8200
8530
7770
7650
7610
8050
8750
9320
9010
9000
7820
7590
8040
7590
7810
8470
7690
8110
8120
7650
7640
8100
7550
7590
7630
7600
7640
7890
8750
7800
8150
7710
7670
8450
7720
8980
9050
9350
9040
8150
8500
9060
9040
7740
7600
7610
7640
7860
8650
7650
7640
7610
7720
8240
7630
8460
8070
8790
7600
7620
7610
7620
7600
7600
7600
7610
7620
7840
7620
7630
7620
7610
7650
7610
7630
7610
7590
7880
7600
7590
8240
8040
7610
7620
7600
7730
7970
7880
7660
7640
8100
8350
8780
8940
8920
8880
7730
7850
7360
8490
7590
8870
7850
8080
7600
8490
7930
8350
7650
7580
7600
7630
7670
7640
7690
7660
7700
7940
7720
7960
7710
8250
8550
7620
8100
7610
7770
7900
8660
8210
7620
7890
7960
7940
7860
7670
8150
7970
7610
7740
8130
7610
7720
8370
8260
7960
8470
8080
7860
7940
8110
8400
8580
8470
8260
8240
8460
8920
8650
8830
8360
8180
8230
8770
8210
8980
8220
9570
8080
8220
9100
8440
8540
8590
8320
8880
8770
8860
8230
8200
8970
8310
8360
8410
8960
8610
8520
9040
8400
8990
8630
9120
8840
8830
8920
8720
8570
8940
8450
8550
8440
8990
9390
8370
8630
9000
8380
8740
8100
8030
8240
7930
8110
7960
7890
7850
7810
8140
7950
7700
7700
7710
7830
8210
7980
8520
8620
9060
9260
9500
9750
9810
9760
9170
9530
9550
9200
10000
8950
9520
9590
10060
9230
9480
9570
10010
10040
10420
9780
9880
9620
9680
9630
9600
9770
9840
9400
10160
9510
9480
9410
9710
9710
9770
9960
9750
9490
10050
9570
9560
9640
9840
9840
9990
9730
9850
9770
10410
9630
9790
9830
10080
9910
10030
9850
9980
9790
10420
9710
9880
9920
9790
9720
9730
9860
10240
9890
10170
9570
9740
10040
9770
9590
9730
9690
9850
9690
10240
9810
9910
9840
9980
9920
9850
9830
9680
9710
10250
9590
9570
9720
9770
9790
9950
10060
10030
10290
10200
9620
