1.784550 2.009345
1.782945 2.019985
1.810747 2.057887
1.830776 2.116262
1.864238 2.207106
1.904738 2.361665
1.972127 2.508853
2.049686 2.660420
2.149634 2.852878
2.270847 3.035182
2.401707 3.247277
2.531108 3.463976
2.664824 3.695107
2.861668 3.862156
2.866095 3.871597
2.944909 3.896489
3.131067 4.156817
3.516832 4.578919
3.638188 4.815541
3.825170 4.904399
3.869225 4.918797
3.925380 4.866200
3.926414 4.827537
3.945770 4.779368
3.989611 4.799943
4.058858 4.750880
4.158849 4.751285
4.206204 4.704582
4.146513 4.725254
4.193933 4.809688
4.292062 4.821999
4.319245 4.826817
4.442214 4.818230
4.442993 4.872328
4.573159 4.904105
4.579531 4.901028
4.572522 4.997773
4.583471 4.920230
4.511232 4.891407
4.448246 4.856104
4.407094 4.858623
4.248553 4.871431
4.313150 4.938099
4.431132 4.976385
4.354996 4.853062
4.287340 4.781119
4.039253 4.778045
4.121319 4.790210
4.204711 4.856558
4.478101 5.166993
4.858452 5.914851
5.313992 6.773937
5.751954 7.552505
6.219301 8.120874
6.460285 8.277130
6.516561 8.248469
6.506336 8.126910
6.432731 7.983801
6.213892 7.728319
6.006358 7.398373
5.816832 7.098801
5.665565 6.775373
5.445737 6.311816
5.382632 6.160994
5.322533 6.010012
5.344550 6.066925
5.333559 5.944284
5.268202 5.823576
5.238692 5.754529
5.066277 5.781583
4.957593 5.756411
4.859800 5.726395
4.752926 5.426404
4.637634 5.299906
4.382914 5.092268
4.361343 4.904988
4.290294 4.711376
4.164666 4.510761
4.102917 4.393862
4.120613 4.392230
4.350555 4.656714
4.951108 5.251765
5.787896 6.150294
6.474610 6.897778
7.166055 7.614023
7.479118 8.014894
7.676569 8.337473
7.677061 8.388163
7.546417 8.253975
7.470820 8.207511
7.273323 8.187464
7.380365 8.422296
7.623721 8.797282
7.738854 9.074975
7.808683 9.193441
7.862299 9.272603
7.847412 9.217800
7.719895 8.998250
7.573715 8.843510
7.260783 8.475172
6.771648 8.100908
6.508225 7.658499
6.178442 7.150545
5.606198 6.719344
5.250185 6.419890
5.070060 6.248411
5.084673 6.355598
5.330379 6.692639
5.516804 7.019766
5.476393 7.070893
5.331508 6.817882
5.204226 6.593932
5.006643 6.300265
4.661928 5.850582
4.476205 5.643491
4.617358 5.660688
5.614664 6.920258
6.381230 8.177246
6.865356 8.880305
7.222492 9.315623
7.417560 9.605473
7.587545 9.706077
7.647834 9.694435
7.742151 9.770509
7.868061 9.891838
8.154793 10.201865
8.412249 10.522469
8.538562 10.664372
8.577432 10.761499
8.455395 10.735835
8.282908 10.535512
8.208424 10.199210
7.718052 9.894437
7.574324 9.545654
7.467270 9.477575
7.385981 9.355891
7.673784 9.684617
8.045811 10.118862
8.648877 10.843005
9.329439 11.628339
9.924482 12.396099
10.391321 12.955166
10.854575 13.279700
11.097467 13.586413
11.319122 13.918943
11.559459 14.275115
11.665960 14.501096
11.938177 14.725608
12.140776 14.845126
12.344761 15.020016
12.447536 15.077353
12.574708 15.290703
12.660391 15.455962
12.643231 15.614058
12.686182 15.665284
12.682152 15.782152
12.729759 15.856817
12.696678 15.952155
12.719488 15.983408
12.764068 16.039295
12.703908 16.077421
12.733767 16.175326
12.742606 16.260467
12.713276 16.263609
12.606868 16.189843
12.642853 16.268091
12.677222 16.322534
12.766415 16.410827
12.837134 16.504868
12.995390 16.605477
13.075948 16.722721
13.155569 16.866704
13.370856 16.811658
13.388118 16.840336
13.459660 16.946692
13.457825 17.023277
13.600940 17.070533
13.629221 17.241296
13.702820 17.367459
13.741383 17.456362
13.766670 17.516733
13.812560 17.613500
13.863384 17.512949
13.825738 17.514721
13.828739 17.591285
14.019531 17.811485
14.043440 17.956591
14.117853 18.059623
14.278724 18.114184
14.279796 18.137068
14.259289 18.159263
14.210216 18.140918
14.218755 18.179857
14.182749 18.077638
14.233996 17.935326
14.255525 17.905049
14.315729 17.951292
14.775162 18.370138
15.016474 18.585667
15.268952 18.815537
15.538197 19.260584
15.846812 19.687743
16.091573 19.885541
16.108782 20.032325
16.386421 20.336315
16.417822 20.309985
16.471112 20.253028
16.464197 20.271610
16.467767 20.296989
16.477517 20.319546
16.419031 20.340119
16.393880 20.308155
16.063702 20.302073
15.964335 20.050416
15.950283 19.994397
15.792941 19.826267
15.716242 19.820629
15.743493 19.929364
15.767886 20.009738
15.799426 20.077636
15.861242 20.333298
15.961396 20.478008
16.050505 20.447665
16.086651 20.534775
16.173141 20.575027
16.275683 20.676353
16.308089 20.743340
16.359267 20.785655
16.404758 20.887179
16.443477 20.859926
16.632631 21.236066
17.244459 21.525531
17.474262 21.934581
17.690869 22.070423
17.795921 22.074832
17.807262 22.065232
17.813409 22.080927
17.723101 21.989653
17.533799 21.965797
17.308700 21.771627
17.279158 21.419013
17.269168 21.415596
17.314455 21.453406
17.324794 21.478388
17.170706 21.416293
17.221698 21.306366
17.232478 21.181323
17.163143 21.038754
17.099561 21.063023
17.128119 21.102584
17.153025 21.116555
17.184759 21.129163
17.204529 21.027838
17.188351 20.804758
17.172781 20.727275
16.922355 20.575412
16.940237 20.501395
16.805767 20.498517
16.868945 20.426694
16.781306 20.327102
16.611758 20.003044
16.506790 19.788884
16.277762 19.465975
16.249640 19.485122
16.106770 19.401365
15.957026 19.323118
15.805265 19.264147
15.830627 19.309977
15.840690 19.383130
15.900904 19.444121
16.078542 19.547377
16.372358 19.789050
16.484313 19.855122
16.501713 19.914322
16.601071 20.143330
16.984543 20.854748
17.537447 21.282279
17.876405 21.801419
18.131630 22.202885
18.399036 22.432017
18.470347 22.402705
18.464830 22.359162
18.321214 22.148067
18.250162 21.843142
18.138518 21.679173
18.130059 21.727996
17.924575 21.722429
17.983643 21.771065
18.031937 21.847151
18.040337 21.906092
18.078846 21.999972
18.109701 22.004764
18.201358 21.991044
18.192183 22.265336
18.230632 22.232751
18.240668 22.297371
18.179415 22.072325
18.183443 22.054861
18.243060 22.158038
18.223721 22.279662
18.272621 22.333772
18.363028 22.345227
18.400711 22.191700
18.448885 22.139779
18.251792 21.993501
18.241450 21.898691
18.246542 21.750422
18.248870 21.669288
18.237809 21.683110
18.283045 21.877661
18.345365 21.909353
18.428167 21.978333
18.612163 22.079020
18.633206 22.126770
18.699705 22.306486
18.874908 22.493425
19.185291 22.986911
19.295190 23.171547
19.517675 23.500678
19.781235 23.607408
20.077288 24.067692
20.375042 24.192531
20.633748 24.881826
20.729171 25.551738
20.872675 26.122616
20.999147 26.942112
21.253238 27.355338
21.434640 27.405364
21.547841 27.458906
21.569606 27.479799
21.318933 26.917641
21.246385 26.384755
20.996969 26.270647
21.024803 26.292881
20.959801 26.252253
20.953454 26.271855
20.956519 26.383562
20.925623 26.651439
21.170762 26.761780
21.389616 27.062830
22.058835 27.620820
22.208912 28.032412
22.456745 28.243513
22.466157 28.252869
22.613449 28.284072
22.887004 28.343208
22.937398 28.371774
22.933078 28.728267
22.885959 28.651667
22.897965 28.675555
22.904161 28.679771
22.933907 28.806256
22.933590 28.921279
23.103550 29.217348
23.462421 29.731317
23.650018 29.925887
23.760474 30.036764
24.038638 30.403294
24.083738 30.366040
24.110813 30.478450
24.173565 30.483811
24.229280 30.190790
24.102427 30.016875
23.676392 29.830415
23.319790 29.219015
22.691296 28.732579
22.075495 27.889111
21.465912 27.083598
20.852830 25.781535
19.952092 24.915496
18.411397 23.383448
17.586013 22.258933
17.370363 21.967773
18.188110 23.352431
20.353867 26.131133
23.237714 30.107893
25.204386 32.583395
26.925914 34.364211
28.080626 35.886867
29.176096 37.059665
30.147056 38.009561
31.056627 38.835926
31.339364 39.252700
31.611948 39.544492
31.811021 39.857389
31.862151 39.913934
31.967900 39.916845
31.942183 40.089074
31.906536 40.226831
31.818161 40.202660
31.758437 40.373352
31.711376 40.346876
31.739433 40.334059
31.851940 40.242699
31.892786 40.283624
31.941108 40.328518
32.011665 40.346294
32.056382 40.651626
32.371552 40.782003
32.428700 40.816649
32.478111 40.870001
32.515711 41.175309
32.509222 41.180474
32.518303 41.181554
32.523776 41.189622
32.555311 41.136519
32.688724 41.485772
32.692018 41.527124
32.705855 41.561298
32.736912 41.575435
32.764233 41.631958
32.797306 41.649995
32.812492 41.685246
32.829095 41.702355
32.820389 41.735704
32.850524 41.765790
32.872965 41.785138
33.009422 41.828177
33.068588 41.964878
33.104915 41.983831
33.060041 41.971301
33.138298 42.056661
33.153446 42.050775
33.351090 41.959633
33.365604 41.954699
33.384038 41.961758
33.333746 42.008656
33.299459 41.968088
33.364695 41.967789
33.314912 42.011600
33.336272 41.931564
33.352551 41.857194
33.309951 41.711165
33.255921 41.586887
33.221466 41.527476
33.287004 41.403320
33.220195 41.408715
33.141308 41.296734
33.198120 41.186948
33.185996 41.022568
33.126316 41.018980
33.021178 40.989819
33.018444 40.968704
33.155953 40.990993
33.154615 41.156565
33.173373 41.212051
33.206634 41.246594
33.216256 41.301250
33.260004 41.491239
33.379204 41.533227
33.397267 41.593756
33.769096 41.596787
33.816957 42.055146
34.052480 42.196897
34.329317 42.439947
34.502050 42.753548
34.717933 42.812284
34.784119 43.048367
34.984250 43.313223
35.184566 43.890357
35.235233 44.225411
35.312119 44.490194
35.434451 44.829346
35.531335 44.922169
35.530771 45.106012
35.658460 45.341389
35.545790 45.506821
35.542002 45.411855
35.256818 45.418595
35.212752 45.600029
34.905749 45.752702
34.766493 45.908991
34.677358 46.019192
34.535229 46.029848
34.587277 46.004719
34.594774 46.098759
34.562492 46.268753
34.571554 46.290514
34.546819 46.384769
34.518543 46.492094
34.466558 46.549795
34.299216 46.621821
34.292835 46.655179
34.274378 46.694613
34.259256 46.733484
34.214726 46.851453
34.206297 46.901502
34.147852 46.956699
34.148476 47.019631
34.162923 47.078230
34.194342 47.078016
34.133533 47.184751
34.165980 47.225486
33.936529 47.335027
33.852738 47.377766
33.847156 47.361978
33.842893 47.366230
33.783872 47.423662
33.803285 47.434056
33.723630 47.442753
33.833284 47.437811
34.089870 47.484173
34.095939 47.505065
34.176180 47.708385
34.182518 47.732321
34.203419 47.750063
34.208913 47.758532
34.227058 47.762600
34.245881 47.773267
34.263242 47.762511
34.327719 47.842490
34.286233 47.878139
34.302618 47.864180
34.333147 47.856356
34.327792 47.909087
34.198424 47.964959
34.206783 47.973565
34.195012 47.964184
34.148646 48.054794
34.163559 47.901335
34.236995 47.899538
34.155724 47.931752
33.999742 47.987128
33.996486 47.953640
33.973236 47.769088
34.079528 47.737343
34.203657 47.546315
34.365023 47.527924
34.491074 47.539062
34.322009 47.366024
34.275705 47.166123
34.175753 46.979436
34.138381 46.973856
34.050197 46.556298
33.537758 46.002837
33.111859 45.487412
32.636611 44.834995
32.085497 44.148445
31.776598 43.391776
31.443583 42.751120
31.319206 42.123382
31.093805 41.455342
30.276232 41.040388
29.681254 40.480200
29.101825 39.316840
28.488751 38.277077
27.929348 38.001075
27.795421 37.229846
27.438469 37.143347
27.414774 36.519237
27.227065 36.274275
27.253946 35.795503
27.121322 35.645095
27.089813 35.730926
27.157840 35.761082
27.227727 35.793374
27.498836 36.089731
27.859018 36.190320
27.946529 36.219977
28.242120 36.933620
29.126692 37.663589
