1.797560 2.004756
1.774312 1.958924
1.722615 1.911066
1.695277 1.902777
1.652159 1.911752
1.600927 1.962359
1.637707 2.069434
1.624367 2.101413
1.576930 2.182284
1.516244 2.219674
1.517177 2.337873
1.463539 2.278108
1.510858 2.392897
1.645538 2.553346
1.635629 2.509347
1.826524 2.613366
2.331047 3.091264
2.912597 3.634297
3.285121 3.906753
3.640595 4.188780
3.765567 4.286627
3.860800 4.385277
3.886873 4.378059
3.938547 4.444588
4.051946 4.551683
4.063050 4.639485
4.202378 4.755598
4.416541 4.969736
4.657768 5.190957
4.876723 5.463644
5.128726 5.718131
5.294923 5.875653
5.477023 6.041253
5.667936 6.206409
5.808800 6.348079
5.863215 6.410786
6.021723 6.613680
6.133737 6.750024
6.289186 6.814098
6.287432 6.960612
6.367952 7.085164
6.511266 7.153404
6.656378 7.239945
6.676990 7.405044
6.798541 7.387119
6.835709 7.412064
6.923149 7.416733
6.972661 7.335790
6.907190 7.267548
6.771761 7.232706
6.811608 7.269760
6.932388 7.367809
6.984803 7.405586
7.141759 7.527749
7.162131 7.585909
7.145084 7.632400
7.161398 7.686990
7.209215 7.769410
7.287385 7.817167
7.387104 7.940423
7.498609 8.030207
7.596151 8.092707
7.716266 8.206778
7.871269 8.367741
7.947477 8.258514
8.078602 8.389013
8.240742 8.525908
8.270316 8.618112
8.444929 8.748591
8.228991 8.730489
8.175992 8.690134
8.241054 8.749426
8.302217 8.748721
8.316448 8.848632
8.385576 8.737797
8.494770 8.812817
8.574264 8.808443
8.704990 8.804712
8.775044 8.806633
8.800539 8.808548
8.839273 8.788108
8.983041 8.833447
9.213026 9.255405
9.281346 9.335199
9.325490 9.335577
9.376662 9.357281
9.361204 9.357851
9.403964 9.346742
9.374928 9.292807
9.413236 9.290502
9.456997 9.292131
9.534356 9.332938
9.567495 9.302600
9.638069 9.358822
9.514976 9.363049
9.503737 9.364383
9.574131 9.415837
9.678832 9.466695
9.812428 9.524142
9.945901 9.590239
10.095257 9.676941
10.226314 9.744715
10.284918 9.663979
10.447297 9.750118
10.637553 9.832475
10.679739 9.814119
10.427345 9.762829
10.572761 9.836435
10.736497 9.929167
10.891998 10.008200
10.873726 9.769399
10.758192 9.647606
10.825714 9.667212
10.929106 9.731914
10.931231 9.710454
10.629623 9.243289
10.611667 9.239546
10.595117 9.246430
10.584737 9.250149
10.573644 9.253728
10.599397 9.277420
10.530569 9.240769
10.520072 9.196833
10.537303 9.151354
10.376878 9.090651
10.374019 9.149081
10.254734 9.091133
10.171762 8.994626
10.152113 9.063558
10.120434 8.878611
10.198974 8.980926
10.280885 9.110511
10.369685 9.225875
10.410995 9.281619
10.522710 9.384374
10.642640 9.571129
10.768209 9.731384
10.895457 9.875452
10.998388 10.016926
11.116610 10.173742
11.246616 10.371658
11.365373 10.531831
11.470661 10.670161
11.609697 10.840411
11.729188 10.995446
11.774315 11.083704
11.738279 11.141301
11.471864 10.863350
11.377891 10.793561
11.353222 10.747903
11.384979 10.675302
10.772141 10.327350
10.319166 9.967311
9.963421 9.666757
9.494318 9.352805
9.402006 9.182422
9.224482 9.086384
9.260833 9.020260
9.307567 9.009144
9.346610 9.013245
9.407128 9.072125
9.470612 8.909912
9.369330 8.844175
9.477474 8.875819
9.342710 8.868270
9.183036 8.749647
9.190680 8.536376
9.209960 8.359590
9.243007 8.286499
9.177022 8.269060
8.967559 8.214161
9.070907 8.192404
8.750736 8.035519
8.526296 7.752806
8.486746 7.418260
8.311225 7.334586
8.020241 7.105826
7.705605 6.779152
7.257378 6.490817
7.093787 6.320243
7.094126 6.324338
6.919256 6.175806
6.754789 6.050731
6.803127 6.151990
6.714047 6.074500
6.429707 5.806495
6.255960 5.778928
6.283267 5.803594
6.079864 5.600279
5.716168 5.432334
5.533778 5.266120
5.460675 5.243871
5.440674 5.257277
5.559415 5.393050
5.918529 5.681371
6.224206 6.224585
7.023338 6.802370
7.676966 7.453139
8.307538 8.009738
8.940261 8.397658
9.104394 8.642547
9.108726 8.658389
8.952973 8.505181
8.888359 8.342678
8.912450 8.165153
8.894811 8.230436
8.915823 8.230217
8.987576 8.488962
9.183643 8.778887
9.371986 8.927108
9.500211 8.988675
9.615105 8.919609
9.643870 8.876346
9.676707 8.853558
9.503811 8.735728
9.570394 8.744369
9.625002 8.762388
9.695157 8.813759
9.774135 8.874880
9.869919 8.949407
9.950819 9.034405
9.873342 9.139596
9.945922 9.162628
9.988964 9.183994
10.090524 9.242745
10.100442 9.192209
10.140308 9.270772
10.169968 9.342007
10.231445 9.480195
10.022806 9.379499
10.031713 9.346487
9.900860 9.206079
9.651320 9.111156
9.271024 8.649680
8.966551 8.210981
8.627411 7.871287
8.432925 7.601092
8.376607 7.546970
8.390523 7.449095
8.435828 7.497398
8.487029 7.581982
8.631713 7.799745
8.700844 7.891507
8.870861 8.214400
8.956472 8.236053
9.000799 8.310406
9.044188 8.376134
9.070411 8.457922
9.392643 8.738888
9.440412 8.773969
9.205406 8.657502
9.132640 8.639731
8.888072 8.294740
8.906159 8.302427
8.881293 8.315220
8.846517 8.323196
8.792017 8.169777
8.624178 8.055882
8.633327 8.075384
8.686517 8.206332
8.765695 8.319234
8.797600 8.372461
8.717927 8.317476
8.601344 8.185929
8.635996 8.258316
8.717066 8.354056
8.794955 8.452253
8.655737 8.481304
8.420847 8.487808
8.559195 8.618740
8.717281 8.774655
8.737826 8.813806
8.633483 8.630927
8.148956 8.352335
7.948212 8.075829
7.605524 7.957287
7.337348 7.728101
6.704777 7.479457
6.011975 6.978551
5.816365 6.470397
5.649124 6.185236
5.489173 5.796604
5.437622 5.519498
5.469423 5.454901
5.700674 5.655814
5.830040 5.789951
6.003814 5.924308
6.394249 6.257544
6.978705 6.670331
7.465262 6.805198
7.824340 6.933800
7.949713 6.982296
7.995417 7.031861
8.274541 7.184335
8.157776 7.083445
8.198296 7.087077
8.244306 7.133774
8.370371 7.174546
8.662131 7.405731
8.678541 7.552351
8.731272 7.619287
8.697101 7.531043
8.527511 7.421705
8.296183 7.323073
8.321353 7.322296
8.308144 7.319624
8.263644 7.254913
8.219760 7.145986
8.133146 6.998374
8.045484 6.888044
7.999745 6.816466
7.667942 6.726378
7.124890 6.360860
6.951786 6.227082
6.679082 5.795850
6.362938 5.599126
6.075265 5.412959
5.759279 5.402682
5.540694 5.270383
5.325466 5.086848
5.303649 5.086581
4.888436 4.753559
4.478669 4.248267
4.059990 3.719778
3.504870 3.391610
3.143329 2.976547
2.909132 2.922967
2.634637 2.889387
2.582509 2.710048
2.589703 2.732218
2.666763 2.816928
2.697327 2.919315
2.847501 3.129621
3.072074 3.557685
3.380427 4.011702
3.768439 4.573169
4.226992 5.049899
4.566121 5.435958
4.968790 5.877050
5.309352 6.356794
5.686089 6.721070
6.065695 7.178681
6.028848 7.158414
5.981815 7.088939
5.922315 7.068518
5.882854 7.063139
5.814142 7.030578
5.900513 7.024252
6.050205 7.101072
6.177275 7.224973
6.288701 7.327070
6.334935 7.302492
6.445189 7.380755
6.570864 7.472398
6.663260 7.525527
6.815065 7.600016
6.812932 7.566157
6.788135 7.559352
6.721548 7.545565
6.694658 7.520299
6.686526 7.532140
6.619505 7.492155
6.655364 7.547963
6.471124 7.448261
6.310446 7.251052
6.116948 7.135643
6.178694 7.028911
6.057044 6.970306
5.960924 6.980600
5.846724 6.975717
5.701721 6.864848
5.651656 6.742675
5.612484 6.732947
5.686377 6.759899
5.817024 6.877151
5.945760 7.117168
6.210634 7.332742
6.422037 7.550986
6.573761 7.685987
6.594174 7.605525
6.225328 7.016483
5.665992 6.697629
5.035948 6.008733
4.331140 5.565916
3.941680 5.077509
3.770582 4.672477
3.446876 4.437399
3.334718 4.428583
3.371799 4.311638
3.316043 4.109677
3.282876 4.021443
3.034844 3.906395
2.936376 3.722813
2.805829 3.609840
2.747260 3.566474
2.886939 3.667394
3.049616 3.790884
3.274236 3.946495
3.487495 4.089421
3.708039 4.263097
3.858524 4.301047
4.041594 4.377482
4.092696 4.280253
4.039849 4.080077
3.982003 3.854581
3.784889 3.758493
3.708584 3.671362
3.596653 3.534503
3.460254 3.463859
3.495535 3.440777
3.483109 3.367761
3.454720 3.472733
3.321296 3.606096
3.433594 3.659626
3.627038 3.836420
3.772650 3.992861
4.009671 4.197288
4.417400 4.544336
4.833541 4.991098
5.123416 5.243154
5.358573 5.452063
5.697383 5.572644
5.663367 5.597795
5.672539 5.551779
5.626015 5.600150
5.619398 5.466506
5.711793 5.492277
5.660205 5.414815
5.652120 5.270899
5.732005 5.263892
5.795735 5.373991
5.740978 5.371045
5.660554 5.448895
5.737536 5.470803
5.714925 5.543548
5.802584 5.596650
5.757325 5.642616
5.763146 5.680524
5.764566 5.805842
5.848395 5.922975
5.937771 5.896558
5.977985 5.937134
5.701877 5.916656
5.840797 6.085037
5.903468 6.002839
5.878384 5.944318
5.887500 6.049837
6.011430 6.066366
6.179424 6.213708
6.415809 6.420680
6.615845 6.524326
6.808535 6.596411
7.026053 6.812375
7.236351 7.005870
7.554380 7.314953
7.738731 7.529861
8.031992 7.860068
8.208349 8.081621
8.397332 8.278513
8.472401 8.327313
8.425781 8.373305
8.412822 8.418593
8.146949 8.311217
7.870826 7.798118
7.652043 7.573585
7.254739 7.214876
7.034028 6.959032
6.738899 6.589576
6.568904 6.437699
6.308133 6.396815
6.158890 6.428295
6.115840 6.406693
5.835080 6.278594
5.712873 6.053698
5.558653 5.976745
5.457404 5.830344
5.359884 5.687203
5.242571 5.508038
5.275312 5.510941
5.304231 5.519143
5.341095 5.534281
5.245854 5.403041
5.122559 5.063615
4.985863 4.796645
4.852418 4.446287
4.793555 4.351505
4.715203 4.372105
4.728140 4.226382
4.800811 4.244113
4.885560 4.353602
4.960038 4.369005
4.912145 4.538341
4.926016 4.537519
5.171996 4.792162
5.173797 4.880966
5.043601 4.816777
4.980674 4.881131
5.086318 4.992240
5.175027 5.123897
5.032812 5.090513
4.843040 4.990514
4.818551 4.945931
4.912215 4.945860
4.980672 4.951703
5.071420 4.989269
5.180467 5.065401
5.355403 5.188577
5.473899 5.256481
5.578503 5.349954
5.709957 5.451796
5.775534 5.537612
5.769396 5.638697
5.683477 5.630048
5.805504 5.701242
5.790696 5.483023
5.586536 5.461705
5.619335 5.350274
5.646770 5.413683
5.691615 5.451068
5.841167 5.471584
5.865760 5.450981
5.971024 5.542592
6.127746 5.696045
6.196323 5.738134
6.009296 5.744910
6.110963 5.736532
6.159440 5.804540
6.310163 5.925364
6.400058 6.116594
6.564773 6.346541
6.715558 6.432750
6.829790 6.488530
6.647805 6.366441
6.608975 6.181353
6.338784 5.902716
6.119420 5.734933
5.917115 5.610716
5.735623 5.423487
5.623379 5.180342
5.450030 4.990705
5.422708 4.880383
5.304489 4.797802
5.120802 4.694356
5.097106 4.558310
4.820895 4.337762
4.604726 4.278473
4.611655 4.159261
4.646967 4.191628
4.678844 4.299378
4.725024 4.355143
4.666907 4.252126
4.679600 4.345855
4.772435 4.444632
4.882289 4.550580
5.015232 4.744161
4.993531 4.908992
5.175145 5.100759
5.438756 5.360958
5.644617 5.593302
6.158921 6.056706
6.562473 6.516617
