2.002326 2.040075
1.875159 2.009168
1.872801 2.059914
1.882751 2.119250
1.817371 2.097228
1.749810 2.083640
1.760769 2.164809
1.761646 2.226270
1.775763 2.371071
1.766704 2.472840
1.899606 2.639546
1.917277 2.800966
2.056055 2.897797
2.184643 2.981057
2.338590 2.976494
2.787113 3.242987
3.456181 3.710570
3.913509 4.015365
4.002544 4.042103
4.077286 4.063234
4.092721 3.967419
4.070551 3.925439
4.051971 3.888803
4.054137 3.713361
4.011392 3.611765
4.050862 3.595309
4.026042 3.612305
4.085233 3.546015
3.946923 3.519188
3.857020 3.495171
3.823097 3.467265
3.654905 3.424158
3.461782 3.390702
3.324361 3.325098
3.272344 3.299899
3.093635 3.288299
3.169901 3.351443
3.076568 3.205106
3.108256 3.238573
3.184470 3.371619
3.318379 3.355570
3.465473 3.314430
3.733622 3.507853
4.027176 3.681594
4.166265 3.738965
4.164385 3.671344
4.184631 3.697927
4.314893 3.864881
4.353567 3.948578
4.660757 4.071803
5.004096 4.313343
5.184920 4.470305
5.257281 4.541259
5.155013 4.583324
4.781498 4.488876
4.650964 4.305533
4.458855 4.130480
4.201271 3.991981
3.981223 3.839308
3.888937 3.707914
3.818304 3.472724
3.568933 3.200928
3.368843 2.966228
3.173455 2.795099
2.976803 2.687719
2.692121 2.431951
2.542066 2.369808
2.159532 2.326925
2.214034 2.296360
2.048302 2.189240
2.032157 2.191592
1.939075 2.188819
2.008720 2.229291
2.030239 2.322099
2.173336 2.395485
2.230726 2.499094
2.386702 2.594384
2.533914 2.734233
2.986360 2.865988
3.178882 2.937576
3.530166 3.126896
4.145656 3.510094
4.657088 3.843027
4.956675 3.976000
5.269458 4.116334
5.385669 4.217609
5.490016 4.297285
5.382016 4.225666
5.301778 4.191047
5.206399 4.151931
5.176287 4.090742
5.276736 4.213156
5.394715 4.350527
5.385195 4.379672
5.263371 4.361083
5.140803 4.390227
4.974073 4.460447
4.556519 4.107359
4.246719 3.904252
3.880473 3.730475
3.564935 3.525437
3.318566 3.237060
3.006786 3.129143
2.974952 2.988911
2.943511 3.060324
3.022606 3.167957
3.332745 3.455209
3.726241 3.754653
4.033499 4.011267
4.363522 4.268946
4.470150 4.309994
4.462594 4.307112
4.441353 4.266079
4.519512 4.282256
4.585084 4.293902
4.821046 4.302925
5.699746 4.803413
6.368446 5.211649
6.598237 5.226192
6.797903 5.267003
6.889037 5.222006
6.897991 5.059744
6.856374 4.922004
6.918245 4.744653
6.920474 4.675582
6.825884 4.663757
6.778823 4.662826
6.579872 4.505129
6.338338 4.370527
5.765600 4.132065
5.359597 3.974951
4.775034 3.879552
4.216189 3.581282
3.742595 3.561414
3.592712 3.542576
3.545670 3.665601
3.855585 3.914329
4.143911 4.202967
4.425572 4.588194
5.055675 5.140487
5.552740 5.558190
5.736927 5.744417
5.869009 5.982792
6.037293 6.195919
6.178080 6.335970
6.266378 6.532803
6.504802 6.651835
6.884576 6.912177
7.083516 7.123653
7.127108 7.232144
7.130064 7.307150
7.170220 7.472872
7.305004 7.744802
7.222816 7.575020
7.121818 7.457521
6.935481 7.392162
6.810748 7.275163
6.690059 7.150664
6.468825 6.837967
6.201364 6.611711
6.022067 6.197484
5.777763 5.871795
5.629443 5.589490
5.343575 5.456003
5.182712 5.332606
5.126372 5.104515
5.115562 5.001157
4.966003 4.780420
5.032369 4.931863
5.113899 5.133987
5.335270 5.343780
5.535950 5.586155
5.670612 5.601046
5.570169 5.586433
5.640205 5.451430
5.444255 5.293788
5.415285 5.205823
5.517106 5.253306
5.548951 5.130152
5.524275 5.042397
5.450826 4.928513
5.349032 4.834707
5.280880 4.828610
5.318870 4.685914
5.330380 4.439262
5.658159 4.131146
5.637439 3.800601
5.486989 3.573552
5.325886 3.471263
5.009572 3.453567
4.706242 3.065772
4.633211 3.130989
4.485573 3.254936
4.645499 3.578496
4.895248 3.959422
5.122272 4.455944
5.757326 5.086887
6.626250 5.817892
7.017918 5.730647
6.852698 5.251836
6.847883 4.944140
6.072579 4.498034
5.425693 4.248483
4.996091 4.037594
4.877728 4.001264
5.572778 4.294495
6.191296 4.681872
6.274367 4.929669
6.175546 5.184482
5.999512 5.498326
5.736690 5.650771
5.424634 5.626630
4.992464 5.635584
4.531300 5.602886
4.161780 5.389245
3.708182 5.207878
3.169306 5.000913
2.926366 4.715359
2.896945 4.274266
2.819666 3.935123
2.865597 3.668197
2.735003 3.588442
2.589211 3.428045
2.589005 3.191258
2.732301 3.049061
2.722394 3.038002
2.775108 2.936232
2.827896 2.832090
2.921240 2.658090
2.889952 2.522767
3.306174 2.278515
3.409397 2.194708
3.105506 1.950235
2.603112 1.864149
2.483495 1.921161
2.606945 2.167503
2.563395 2.290957
2.737506 2.557777
2.797509 2.844221
2.922806 3.259345
3.044303 3.647948
3.152434 4.030653
3.414291 4.470041
3.556552 4.625943
3.700705 4.698443
3.718150 4.676065
3.863301 4.644668
3.920204 4.472509
3.688511 4.150459
3.286202 3.943804
3.033104 3.462457
2.883891 3.124352
2.729473 2.838685
2.691049 2.703797
2.716880 2.558080
2.710576 2.476417
2.757468 2.492393
2.784311 2.312619
2.952150 2.553060
3.003551 2.693499
3.139115 2.862636
3.189466 2.973737
3.255371 3.080042
3.303214 3.175032
3.403077 3.261503
3.385349 3.344178
3.415781 3.292792
3.409955 3.186466
3.295725 2.977310
3.236646 2.814516
3.232467 2.710034
3.204133 2.393089
3.081444 2.175484
3.090244 2.168909
2.837144 2.171875
2.646042 2.035609
2.245846 1.935348
2.143200 1.900288
2.077257 1.880446
2.143092 2.006914
2.351374 2.221187
2.546225 2.388519
2.730073 2.618718
2.919275 2.888975
3.274909 3.272502
3.462908 3.494359
3.736969 3.784497
3.984662 4.126762
4.234532 4.380966
4.283490 4.520617
4.150227 4.536235
3.854185 4.262328
3.527068 3.834383
3.314348 3.569255
2.923835 3.034413
2.677671 2.646599
2.583894 2.525667
2.825281 2.905257
3.407379 3.852214
3.520576 4.173382
3.560535 4.011904
3.467143 3.688454
3.378815 3.230209
3.277166 2.974197
3.256006 2.724587
3.128409 2.529703
2.963511 2.365911
2.866984 2.355785
2.883150 2.203264
2.862298 2.193035
2.841971 2.210698
2.873319 2.156854
2.834032 2.123422
2.744678 2.088241
2.723552 2.096878
2.721253 2.158115
2.785401 2.202349
2.773095 2.342972
2.891272 2.428480
2.882230 2.467277
3.077619 2.491678
2.997754 2.416581
2.495088 2.229874
1.902409 1.882757
1.607796 1.830192
1.613911 1.790663
1.855729 1.970830
2.176716 2.229475
2.578630 2.537165
2.884122 2.795502
2.942394 2.796088
3.046259 2.950063
3.227543 3.377098
3.549828 3.965874
3.718774 4.484601
3.879974 4.946236
3.981307 5.451815
4.016509 5.741040
4.023261 5.947250
4.099692 6.025387
4.333443 6.056250
4.606491 6.180192
4.568191 6.237945
4.647416 6.272583
4.665499 6.403447
4.689965 6.475688
4.671357 6.513845
4.884443 6.615364
5.248096 6.787557
5.556648 6.899086
6.005939 7.355868
6.279564 7.707017
6.357383 7.792591
6.657058 8.133973
7.026870 8.528811
7.371467 8.811157
7.338661 8.700504
7.189457 8.381100
6.894495 8.167538
6.788159 7.849447
6.246529 6.872070
5.475703 5.648407
4.816947 4.748620
4.164310 3.877796
3.460169 3.244548
3.251765 2.837232
3.060284 2.796600
2.868023 2.792872
2.744680 2.781811
2.454636 2.537871
2.413810 2.528196
2.387699 2.527551
2.358721 2.498031
2.548896 2.607090
3.716334 3.156206
9.185321 6.015330
11.624742 8.336397
9.125351 7.679440
7.162771 6.852971
6.989816 7.062231
4.832719 5.022734
2.221001 2.600801
1.996044 2.245868
1.981440 2.249312
1.990388 2.295620
2.098398 2.372110
2.252693 2.492425
2.363613 2.618920
2.498684 2.708799
2.591694 2.793461
2.549887 2.822474
2.565858 2.714935
2.568901 2.639189
2.498465 2.664630
2.546692 2.725500
2.627085 2.824035
2.819770 3.003411
3.069975 3.220313
3.322198 3.447978
3.566363 3.673712
3.800973 3.935185
3.922408 4.087394
4.006605 4.108428
4.057137 4.075141
4.057875 3.953264
4.153500 3.902002
4.078639 3.946398
3.926032 3.818653
3.831768 3.722684
3.717360 3.690233
3.819251 3.798918
3.803917 3.752882
3.909206 3.737132
3.828376 3.679867
3.775345 3.695577
3.804453 3.711789
3.877625 3.758805
4.110573 3.969714
4.292793 4.054088
4.314868 4.092599
4.632340 4.149700
4.896304 4.313607
4.909766 4.216441
4.772896 4.054944
4.665886 4.070449
4.610241 4.124995
4.741836 4.159728
4.921981 4.155240
4.909643 4.109307
4.885832 4.079014
5.158245 4.227807
5.143788 4.201569
5.445915 4.253752
5.761620 4.278863
6.113805 4.320621
6.409955 4.370871
6.706550 4.512539
6.957557 4.506792
7.293632 4.557027
7.594656 4.766516
8.212983 5.141351
8.397457 5.488277
8.679031 5.635676
8.835257 5.888798
9.049610 6.064158
9.401740 6.285266
9.519614 6.335863
9.347108 6.358820
9.153353 5.998624
8.800529 5.555938
7.757834 5.251207
7.722998 5.125203
8.810867 5.924430
10.506525 7.137489
12.479779 8.814837
11.884619 9.349337
9.950542 9.124395
8.310456 8.896530
7.167200 8.670890
6.609577 8.775665
6.329756 8.580794
5.756522 8.339719
5.532734 8.006456
5.267077 7.630059
4.967371 7.219692
4.679152 6.786097
4.436788 6.400419
4.287041 6.259676
4.181838 5.991783
3.994438 5.757496
4.051780 5.759188
3.835873 5.329320
3.683084 5.043528
3.583360 4.827502
3.704094 4.766735
3.643762 4.579100
3.468139 4.417011
3.340448 4.224642
3.374929 4.130796
3.442376 4.211329
3.570184 4.296297
3.633378 4.270969
3.682840 4.262245
3.677136 4.140736
3.659347 4.098699
3.717558 4.123521
3.799754 4.152681
3.844656 4.272221
3.943532 4.261300
3.979187 4.287642
4.164659 4.470076
4.187486 4.520672
4.138121 4.473674
4.220481 4.663327
4.334629 4.622464
4.231800 4.453649
4.228346 4.329380
4.276409 4.254323
4.269372 4.298200
4.135957 4.170210
4.127723 4.118299
3.931323 4.008773
3.817962 3.914350
3.734137 3.767242
3.567692 3.732044
3.540861 3.668578
3.534197 3.652533
3.515041 3.642785
3.563256 3.603635
3.556708 3.626930
3.721156 3.772239
3.743591 3.924571
3.771435 4.048112
3.903185 4.174900
3.829310 4.004668
3.668994 3.920922
3.694507 3.933672
3.682358 3.932745
3.786850 3.946503
3.827162 4.070528
3.999938 4.259675
4.106324 4.346440
4.098549 4.478586
4.072861 4.505745
4.070956 4.578581
4.076626 4.608734
4.024642 4.737109
4.155978 4.803761
4.195471 4.879959
4.385842 4.985864
4.519449 5.147303
4.538236 5.074127
4.435523 4.895602
4.101554 4.590907
3.731718 4.286395
3.509332 4.175187
3.426716 3.976408
3.254209 3.805665
3.114824 3.718862
3.158099 3.631612
3.323067 3.786251
3.221198 3.663002
3.096618 3.538961
3.062812 3.490584
2.964173 3.471487
3.012957 3.460044
3.093658 3.606900
3.212692 3.764686
3.411367 3.980905
3.631127 4.206309
3.839669 4.435483
3.982901 4.628978
4.086048 4.786173
4.267147 4.983485
4.376720 5.160310
4.571300 5.290301
4.789596 5.538847
4.945402 5.655424
5.106505 5.799013
5.654747 6.333402
6.170343 6.830733
