0.166297
0.295138
0.479815
0.536168
0.626554
0.751858
0.728711
0.734108
0.911991
1.024396
1.323026
1.463793
1.573086
1.934590
1.971823
1.837956
1.465757
1.312834
1.785618
1.782011
1.610465
1.862461
2.249589
2.575591
2.876288
3.426755
3.900443
4.247331
4.487651
4.701174
4.950305
5.211427
5.446006
5.714774
5.818177
6.180860
6.473430
6.888697
6.952702
7.237421
7.570722
7.842871
8.358740
8.723434
9.190184
9.365015
9.478783
9.729879
9.952107
9.924816
10.108225
10.224342
10.347494
9.919095
9.546557
8.881284
8.332550
8.015383
7.612516
7.251231
6.662767
6.318955
5.878988
5.271047
4.740169
4.320697
3.525324
2.810973
2.184156
1.782310
1.712196
1.685270
1.992349
2.423018
3.126495
3.393597
3.711383
4.196883
4.306957
4.180231
3.659588
2.876163
2.841622
2.531049
2.074900
1.547049
1.513813
1.408540
1.458766
1.565623
1.811280
2.671206
3.300010
3.804103
4.303900
5.110422
5.495881
5.942572
6.543239
6.716519
7.203655
7.389452
7.600135
7.762944
8.217391
8.551628
8.807892
9.231942
9.669580
9.989266
10.118104
10.070233
9.932266
9.942935
10.133550
9.793117
9.736972
9.666159
9.727390
9.822569
9.754331
9.247893
8.979399
8.576514
8.136275
7.556304
7.197110
6.857612
6.302904
6.007386
5.673797
5.040964
4.664706
4.452815
4.010626
3.434497
3.321053
3.054471
2.694560
2.552249
2.496845
2.374702
2.224509
2.339717
2.614102
2.940823
2.878393
2.486755
1.783456
1.007390
0.254783
0.945722
1.981779
2.516261
2.973563
3.405898
3.857758
4.062356
4.265456
4.478628
4.791201
5.071705
5.320895
6.012783
6.429636
6.517703
6.862618
7.410570
7.766909
8.297318
8.685070
8.864683
8.879802
9.249001
9.626131
10.098719
10.461569
11.142800
11.645004
11.878238
11.606041
11.604309
11.689597
11.758675
11.691916
12.153968
12.728550
13.395596
13.912983
14.321764
14.470335
14.869270
15.109760
15.489622
15.795340
16.095798
16.715004
17.458472
18.430940
19.535685
20.354513
21.624357
22.779928
23.697795
23.939146
24.093723
23.705643
23.216333
22.479380
21.976957
21.511760
20.598365
20.267269
19.913902
19.583888
19.295705
18.940954
18.862877
18.582324
18.268676
17.888999
17.676017
17.630810
17.085235
16.019534
15.762571
15.790486
15.519143
15.485775
15.322627
16.330797
17.363325
17.767234
18.195897
18.516655
18.922703
19.201388
19.336931
19.599392
19.626689
19.735998
20.023846
20.320527
20.320651
20.374735
20.701274
20.941681
21.504053
21.975842
22.273215
22.713284
22.915893
22.583532
21.747164
21.270928
20.671372
20.154027
19.588334
18.651050
17.886518
16.862521
16.342979
16.006183
15.781966
15.582811
15.346454
15.104891
15.043254
15.027112
14.885099
14.908496
15.242829
15.440856
15.586979
15.600616
16.480335
17.234503
17.855172
18.351649
18.585298
18.832352
18.844175
18.954558
19.084261
19.365042
19.647586
19.848203
20.118952
20.737683
21.177494
21.632479
21.781017
22.103318
22.072975
22.304913
22.730940
22.509501
22.546909
22.732972
22.833621
22.361394
22.094756
21.864931
21.251753
21.150323
21.121424
20.400736
19.918534
19.707933
19.648405
19.338919
19.163017
18.876502
18.540044
18.393526
18.187494
17.721603
17.423323
17.116109
16.981771
16.839014
16.749949
17.093040
17.913921
18.473680
19.052573
19.521854
19.914163
20.360731
20.753734
20.858890
20.868091
21.255226
21.685014
22.150711
22.776358
23.931414
24.636913
25.696563
26.586696
28.052835
29.137096
29.145288
28.792175
28.448851
28.335114
28.170940
27.962209
28.065615
28.295598
28.620401
29.265010
29.998491
30.705653
31.631535
32.617356
32.763964
33.038395
33.398105
33.961404
35.056190
35.507536
36.287550
36.310093
36.924736
37.432232
38.011945
38.075013
38.241141
38.660227
39.401560
40.173399
41.149134
41.999358
43.032837
43.789762
44.432632
44.921154
45.506139
45.793226
46.029663
46.269070
46.862804
46.588820
46.339784
45.760173
45.409042
45.441496
45.443876
45.478995
44.916037
44.578244
44.179750
43.810909
43.224228
42.797143
42.380594
41.918401
41.510052
41.078163
40.547538
40.180323
40.186987
40.283192
40.320632
40.362649
40.382199
39.861675
39.428357
38.932500
38.529823
38.129129
37.686366
37.282663
36.819291
36.482718
36.238169
35.866926
35.449229
35.371335
35.605104
35.430087
35.671167
35.858633
36.250960
36.394040
35.989107
35.513399
35.091718
34.697166
34.593585
34.550714
34.569174
34.433417
34.277917
34.169792
34.369624
34.845473
35.073632
35.307129
35.390612
35.695302
35.836319
36.820423
37.625042
38.042331
38.267933
38.936382
39.317662
39.898103
40.338840
41.236463
42.753708
44.156358
45.635693
46.875601
47.522425
47.910839
48.117510
48.317356
48.525250
49.045876
48.885964
48.235158
48.295996
48.304233
48.014566
47.384702
46.825363
46.477991
45.911471
45.603090
45.015731
44.679916
44.251911
44.284931
44.225893
43.577069
43.182031
42.765537
42.395635
42.084329
41.551990
41.145653
40.674305
40.202818
39.888914
39.327308
38.932244
38.687101
38.382026
38.174183
38.196469
38.111691
38.200224
38.325228
38.481430
38.764388
38.880511
38.585010
38.365981
38.303626
38.379662
38.516324
38.712626
38.886673
39.221850
39.343848
39.820889
40.428227
40.814134
41.204252
41.620506
42.186844
42.167551
42.231743
42.742672
43.294704
43.841771
44.438696
44.892349
45.652654
46.133325
46.718069
47.425598
47.993646
48.593322
49.390800
49.964680
50.696978
51.402789
52.054093
52.714560
52.672846
52.308600
52.289423
51.903500
51.654742
51.075632
50.632473
49.808683
49.405866
48.985376
48.246553
47.827976
47.420393
46.967442
46.542737
46.102941
45.681640
45.022314
44.627385
44.235427
43.572611
43.133080
42.713340
42.252814
41.602501
41.194681
39.948001
38.575163
