80
11380
11630
11880
12130
12350
12610
12980
13130
13420
8250
11390
11610
11850
12110
12400
12620
12910
13190
13430
8260
11390
11630
11890
12140
12330
12590
12870
13140
13350
8190
11390
11640
11920
12150
12380
12660
12920
13120
13450
8220
11340
11610
11850
12180
12350
12630
12870
13150
13370
8210
11400
11610
11890
12110
12360
12620
12940
13120
13410
8240
11410
11600
11850
12220
12370
12710
12910
13110
13460
8200
11400
11640
11850
12140
12380
12650
12960
13150
13400
8200
11370
11650
11890
12110
12380
12690
12910
12760
13390
8190
11330
11550
11820
12060
12370
12560
12820
13120
13350
8210
11350
11600
11850
12090
12400
12590
12930
13170
13450
8210
11340
11650
11880
12140
12370
12650
12960
13110
13400
8190
11350
11610
11890
12110
12400
12630
12880
13190
13380
8200
11320
11600
11770
12120
12300
12550
12910
13070
13410
8160
11350
11650
11840
12010
12350
12550
12880
13000
13360
8240
11350
11650
11940
12130
12350
12650
12940
13090
13430
8230
11420
11660
11860
12170
12340
12660
12900
13170
13400
8310
11480
11670
11990
12200
12530
12730
13070
13220
13520
8210
11350
11640
11900
12130
12410
12680
12920
13100
13410
8260
11360
11620
11930
12200
12450
12730
13010
13260
13540
8280
11380
11680
11980
12260
12460
12850
13050
13310
13540
8410
11600
11850
12090
12320
12720
12950
13230
13530
13830
8370
11580
11850
12110
12440
12740
13000
13250
13550
14000
8450
11570
11930
12140
12390
12720
12920
13220
13500
13920
8470
11550
11840
12150
12430
12850
13070
13480
13780
14080
8440
11610
11850
12130
12470
12740
13060
13390
13650
14000
8490
11630
11960
12110
12410
12750
13060
13400
13630
13900
8390
11550
11830
12110
12490
12340
12980
13080
13370
13630
8380
11370
11690
11900
12230
12510
12780
13070
13360
13640
8290
11390
11710
12060
12300
12670
13070
13370
13730
14140
8530
11750
11990
12290
12630
13010
13130
13440
13850
14180
8490
11650
11920
12140
12350
12660
12950
13160
13510
13640
8310
11420
11610
11910
12150
12390
12590
12970
13130
13430
8280
11390
11600
11840
12100
12350
12630
12880
13140
13450
8280
11420
11690
11920
12180
12440
12710
13020
13310
13600
8300
11500
11780
12010
12260
12620
12870
13160
13470
13760
8360
11500
11750
12050
12340
12720
13040
13290
13550
13880
8430
11610
11810
12150
12390
12720
13040
13370
13660
13990
8470
11690
11940
12190
12480
12770
12960
13290
13520
13850
8430
11500
11840
12020
12300
12560
12900
13150
13430
13840
8460
11570
11870
12160
12520
12740
13070
13370
13580
13870
8440
11540
11880
12170
12500
12900
13210
13450
13880
14270
8560
11730
12060
12450
12760
13110
13480
13650
14010
14210
8570
11640
11940
12230
12580
12910
13210
13560
14000
14210
8520
11720
12010
12390
12700
13030
13310
13650
14080
14380
8630
11710
12150
12460
12840
13260
13720
14090
14430
14970
8920
12180
12610
12940
13280
13650
13730
14090
14270
14750
8600
11760
12030
12290
12630
12860
13360
13510
13780
14120
8540
11690
11960
12310
12670
12930
13160
13570
13880
14180
8500
11620
11960
12310
12660
13130
13320
13570
13930
14190
8580
11770
12100
12340
12660
13050
13410
13720
13990
14380
8590
11690
12090
12470
12750
13050
13460
13800
14230
14460
8610
11800
12020
12470
12700
13100
13450
13750
14170
14510
8600
11720
12000
12480
12690
12950
13300
13470
13780
14100
8500
11610
11960
12140
12430
12800
13110
13330
13690
13780
8490
11540
11810
12100
12350
12540
12740
13030
13260
13550
8200
