1.989343 2.036262
2.004798 2.055043
2.022003 2.112475
2.054662 2.194932
2.082818 2.281924
2.118733 2.429500
2.157178 2.568639
2.201168 2.702816
2.284569 2.905263
2.366968 3.102116
2.463663 3.355281
2.540440 3.586454
2.663249 3.883302
2.773633 4.244957
2.785986 4.313092
2.760615 4.249528
2.807290 4.250667
3.078567 4.411874
3.184854 4.488084
3.283336 4.548893
3.285959 4.536658
3.300645 4.545556
3.331051 4.514398
3.384545 4.593108
3.512504 4.713512
3.655276 4.845503
3.826199 4.995095
4.030281 5.175042
4.226891 5.334542
4.452604 5.492934
4.736682 5.772317
4.961917 5.949682
5.147708 6.122822
5.365154 6.320532
5.638114 6.540771
5.835964 6.706174
6.085836 6.909546
6.317969 7.122839
6.513540 7.308228
6.729225 7.500098
6.953949 7.707640
7.162759 7.915519
7.355745 8.097062
7.561448 8.309579
7.674548 8.470819
7.637032 8.468029
7.661380 8.549390
7.712213 8.634626
7.734183 8.694782
7.805858 8.721631
7.758595 8.679265
7.715015 8.668755
7.693657 8.617115
7.703527 8.702551
7.729179 8.716414
7.780836 8.738200
7.828990 8.827320
7.814179 8.831587
7.806278 8.880051
7.790836 8.909998
7.829303 8.898612
7.916884 8.874088
7.970168 8.927391
8.108387 9.081401
8.223196 9.189004
8.337858 9.308226
8.486214 9.460587
8.630878 9.594775
8.784666 9.750861
8.955176 9.901158
9.099001 10.047168
9.237903 10.196675
9.196672 10.076343
9.343716 10.185397
9.348112 10.278878
9.487990 10.381554
9.653726 10.433103
9.771557 10.556857
9.745436 10.415438
9.673087 10.222015
9.629550 10.164114
9.865479 10.352698
10.119375 10.368950
10.333396 10.604264
10.352514 10.668674
10.296645 10.664559
10.184674 10.558327
10.215757 10.484337
10.209423 10.299954
10.251339 10.320773
10.292160 10.338213
10.387467 10.390266
10.428080 10.461414
10.556423 10.599164
10.652297 10.655893
10.750339 10.836266
10.885990 10.936253
11.153497 11.079954
11.274899 11.162553
11.412545 11.222294
11.476594 11.290047
11.598859 11.376626
11.660511 11.370331
11.770057 11.436225
11.849508 11.367289
11.964484 11.465484
12.109662 11.578892
12.259957 11.668147
12.277624 11.722975
12.407035 11.831376
12.401857 11.762902
12.279153 11.556438
12.239232 11.461942
12.278881 11.152195
12.222207 10.944216
12.137361 10.949987
11.893901 10.913006
11.753660 10.660559
11.639504 10.428555
11.351672 10.227118
10.935556 10.006089
10.727751 9.533110
10.592496 9.467739
10.336118 8.898499
10.290735 8.723866
10.148122 8.588293
9.782171 8.485048
9.504643 8.218140
9.447672 8.043100
9.425481 8.059979
9.454854 7.829044
9.155183 7.936346
9.238426 8.050657
9.447904 8.202019
9.541970 8.362567
9.829655 8.471707
9.947446 8.647774
10.113135 8.796066
10.216908 8.939954
10.320757 9.093467
10.474543 9.236741
10.615187 9.391592
10.752874 9.540278
10.922241 9.676261
10.849341 9.727571
10.933501 9.818785
10.876995 9.823425
10.292566 9.723123
10.081827 9.540727
10.349908 9.628476
10.496349 9.851137
10.686158 10.067192
10.828247 10.239341
10.745688 10.084724
10.538260 10.011615
10.506614 10.008951
10.175397 9.977219
10.198702 9.923646
10.211815 9.935596
10.256502 9.981399
10.474118 10.055950
10.589434 10.164297
10.701922 10.252758
10.814212 10.413148
10.942140 10.516743
11.040780 10.578608
11.129723 10.702468
11.076878 10.696007
11.072966 10.674798
11.035326 10.772269
11.092556 10.725888
11.050193 10.620296
10.821490 10.538640
10.713994 10.303398
10.266856 9.797287
10.095237 9.269814
9.971602 8.873283
9.679120 8.645586
9.690952 8.574057
9.485370 8.472969
9.077292 8.045374
8.741876 7.704286
8.475250 7.417471
8.320194 7.123146
7.757422 6.611901
7.373888 6.458856
7.182163 6.192415
6.900259 5.882280
6.623859 5.660634
6.413722 5.656503
6.096667 5.260087
5.968822 5.140667
5.746343 4.605111
5.677825 4.550523
5.722019 4.671249
5.749407 4.772020
5.745404 4.925196
5.808691 4.934806
5.861257 5.079125
5.835928 5.186026
5.912665 5.301075
6.072497 5.594955
6.544451 5.839349
6.936642 6.109043
7.301970 6.303652
7.430450 6.393268
7.585895 6.546885
7.672845 6.606681
7.758069 6.782427
7.814016 7.009391
7.878257 7.119143
7.973605 7.276743
8.048487 7.343680
8.091494 7.416148
8.126246 7.487575
8.201117 7.570747
8.286497 7.667250
8.359060 7.807203
8.459847 8.016786
8.570974 8.146122
8.676780 8.256293
8.713177 8.312481
8.823861 8.337109
8.807462 8.409024
8.835222 8.502447
8.781188 8.449773
8.616501 8.463596
8.570383 8.339503
8.555085 8.328376
8.502354 8.177014
8.455350 7.965129
8.336821 7.626173
7.843260 7.423076
7.855721 7.368653
7.258777 7.153997
7.173841 7.059629
7.090362 7.004917
6.970697 6.931167
6.996710 6.971779
7.082905 7.038301
7.142634 7.034166
7.250847 7.048485
7.365164 7.175074
7.412272 7.199055
7.479201 7.246049
7.543687 7.338010
7.608758 7.400670
7.691973 7.393840
7.876087 7.634143
8.018243 7.900771
8.031513 7.895019
8.015346 7.737373
7.753738 7.425173
7.431806 6.886210
7.060712 6.175276
6.114689 5.300075
5.714837 4.981740
5.711870 5.022050
6.042257 5.167052
6.142849 5.248033
6.322377 5.358743
6.367090 5.434934
6.421534 5.559213
6.506594 5.628698
6.581389 5.717253
6.683955 5.855939
6.738614 5.951776
6.698980 5.995504
6.815062 6.066526
6.887400 6.057661
6.936788 6.101643
6.978432 6.227622
6.863048 6.428670
6.813018 6.206305
6.746223 5.983506
6.602598 5.808111
6.188757 5.630175
5.910159 4.989072
5.834883 4.898288
5.569503 4.708356
5.349976 4.693880
5.299526 4.662857
5.280163 4.770826
5.322732 4.977369
5.563237 5.306155
5.766724 5.511596
5.893929 5.684969
6.074606 5.869721
6.240011 5.998881
6.350506 6.060061
6.408318 6.115231
6.398590 6.086150
6.488586 6.173892
6.782283 6.337055
6.987369 6.497850
7.053098 6.555575
6.925106 6.427681
6.765653 6.154706
6.632676 5.871030
6.321317 5.606621
5.709036 4.982394
5.099203 4.645019
5.016456 4.615703
5.358522 4.824316
5.474404 5.023520
5.599323 5.230689
5.689094 5.394292
5.824649 5.444921
6.044411 5.550578
6.121057 5.643618
6.281669 5.776014
6.402220 5.898360
6.516443 6.031624
6.626594 6.152403
6.676055 6.137374
6.751139 6.125844
6.804322 6.049616
6.820746 5.941028
6.850344 5.665838
6.627529 5.502227
6.386795 5.226397
6.246394 5.078039
6.055966 4.867586
5.789565 4.616669
5.321745 4.225094
4.964994 3.953491
4.875027 3.872765
4.797142 3.808235
4.848992 3.768903
4.917856 3.965439
5.006264 4.132499
5.019177 4.203819
5.180841 4.397912
5.188536 4.526367
5.306496 4.692514
5.398876 4.905029
5.466816 4.945939
5.492752 4.910975
5.584271 4.960517
5.851420 5.161930
6.003066 5.298760
6.141426 5.115524
5.610780 4.811311
5.138010 4.491688
4.654817 4.132651
4.643510 4.286670
4.853647 4.477473
5.001462 4.685512
5.208454 4.904643
5.394559 5.076636
5.543959 5.242907
5.686674 5.358824
5.757107 5.447604
5.899180 5.369364
5.815794 5.333920
6.055524 5.381815
5.920477 4.966823
5.790600 4.848756
5.623832 4.478634
5.645559 4.293779
5.507736 4.216050
5.447607 4.108255
5.498441 4.003472
5.453074 3.927871
5.399929 3.858711
5.366777 3.879583
5.386363 3.907480
5.283044 3.768393
5.195934 3.743990
5.171802 3.729761
5.025220 3.623388
4.755385 3.464759
4.719034 3.370605
4.640865 3.292916
4.587355 3.256422
4.525001 3.257991
4.635761 3.406417
4.924560 3.749304
5.253235 4.063279
5.455626 4.185793
5.814890 4.438251
6.249660 4.899746
6.510104 5.037904
6.687444 5.209434
6.785869 5.343603
6.934556 5.525771
7.032864 5.644917
7.081522 5.755190
7.042844 5.801016
7.079311 5.838373
7.087650 5.811277
7.111449 5.840252
7.143866 5.891339
7.172554 5.908276
7.199148 5.979662
7.177548 6.066142
7.182156 6.045294
7.285895 6.099059
7.244032 6.117608
7.169008 6.132154
6.999320 6.053842
6.788841 6.058775
6.617000 5.886737
6.419904 5.522995
6.184908 5.328334
6.135451 5.228678
5.866675 5.062551
5.633463 4.687867
5.233953 4.509337
5.047104 4.362274
4.572842 4.081886
4.322075 3.934157
4.174628 3.881307
4.024002 3.809216
4.046707 3.713227
4.037417 3.692783
4.008064 3.774823
4.116247 3.818344
4.124034 4.021072
4.313593 4.209232
4.591275 4.506098
4.983980 4.961535
5.185080 5.114161
5.383436 5.133177
5.588593 4.880339
5.556457 4.477658
5.121012 3.819917
4.235871 3.091967
3.440820 2.718217
3.136706 2.413375
3.168386 2.499334
3.158433 2.620981
3.261320 2.832461
3.387234 3.056647
3.566075 3.202320
3.637705 3.294513
3.760855 3.485498
3.875496 3.592625
4.124838 3.766184
4.388243 3.896337
4.668150 3.869959
4.927113 3.799505
5.139141 3.688180
5.260066 3.656339
5.416959 3.644998
5.469296 3.513940
5.581293 3.635317
5.529839 3.641300
5.613616 3.604619
5.817362 3.728971
6.046539 3.861788
6.284035 4.027807
6.449807 4.149912
6.560960 4.266224
6.769232 4.556984
6.949302 4.807593
7.137811 4.946431
7.287567 5.038725
7.348105 5.201981
7.718624 5.382488
7.813507 5.619136
7.921177 5.801882
7.913451 5.823640
7.909334 5.881086
7.875947 5.867567
7.854549 5.912630
7.918630 5.944261
7.964017 5.952177
8.020967 6.000661
8.054500 6.036826
8.140758 6.134511
8.204642 6.231125
8.247639 6.338902
8.195085 6.278991
8.110807 6.139116
8.092713 6.062625
7.918521 5.925122
7.711547 5.624108
7.326898 5.257532
6.996046 4.965370
6.423146 4.641352
6.269837 4.468445
6.113290 4.319947
6.014944 4.125938
5.826882 4.073967
5.635511 4.123471
5.504925 3.979491
5.558202 4.108814
5.588211 4.160181
5.689792 4.196558
5.796477 4.364832
5.854007 4.499301
5.864385 4.652253
5.953806 4.838639
6.068189 5.037864
5.763543 4.986877
5.759816 5.009506
5.836371 5.225428
5.970315 5.403801
6.028472 5.353356
5.886111 5.151735
5.758577 5.065453
5.709029 5.032338
5.726841 5.063227
5.777723 5.089190
5.845879 5.125561
5.918957 5.205557
5.977631 5.185016
5.928652 5.147246
5.803946 4.931247
5.721786 4.883999
5.815312 4.731325
5.734463 4.497110
5.673984 4.303066
5.646337 3.853440
5.537414 3.631265
5.360166 3.179868
5.391934 2.898182
5.421216 2.767834
5.549743 2.712318
5.729159 2.702646
5.807385 2.657728
5.880782 2.736771
5.957285 2.919568
6.040830 3.003039
6.020962 3.160115
6.060299 3.264793
6.059711 3.441039
6.030044 3.594257
6.083328 3.776278
6.172943 3.993628
6.305100 4.233373
6.404813 4.387609
6.276914 4.365940
6.069643 4.171248
5.928715 4.084646
5.732587 3.855481
5.622549 3.715749
5.538499 3.691401
5.575933 3.712166
5.587659 3.817965
5.566488 3.863771
5.574772 3.949023
5.696661 3.955363
5.682867 3.947618
5.630941 3.856366
5.756317 3.744136
5.771719 3.688564
5.842579 3.566146
6.074934 3.433779
6.135527 3.351330
6.286746 3.231420
6.422987 3.356254
6.568791 3.472010
6.620794 3.640229
6.701962 3.706213
6.764058 3.901273
6.906362 4.073670
7.121727 4.278451
7.580340 4.778238
7.949306 5.262885
