80
10180
10270
9930
10080
10300
10630
11130
11660
11160
7000
9870
9980
11230
11330
10260
11770
10910
11220
12790
8450
10210
11150
10230
10980
10550
12190
12450
11140
11920
7080
9360
9890
9860
11620
10300
10940
11530
11200
11810
7630
10650
9590
9750
9980
10200
10850
11160
12150
11720
7450
10780
9530
9790
9900
10920
10470
11450
11620
11430
7090
9340
9570
10100
10010
10930
12160
10960
10990
11910
7080
9580
9930
9840
10430
10730
10720
11650
11110
11440
7390
9340
10400
10760
10620
10310
10460
10760
11530
11200
7190
9280
9930
9840
10330
10360
10730
11210
11220
12160
7050
9860
10090
10580
10030
10260
10600
10640
11140
12010
7090
10320
9620
11470
10170
10670
10490
11190
11330
11270
7280
9720
9740
9800
10060
10270
10470
10770
10930
11230
7080
9410
9640
9820
10040
10310
10500
10750
10980
11220
7050
9350
9520
9770
10010
10250
10460
10740
10930
11100
7060
9270
9500
9810
10110
10210
10450
10670
10950
11140
7050
9280
9560
9780
10000
10210
10470
10660
10920
11160
7140
9390
9650
9820
10070
10310
10530
10740
10980
11250
7050
9270
9500
9760
10110
10250
10430
10690
10920
11120
7090
9340
9550
9770
10010
10210
10480
10690
10950
11170
7120
9320
9520
9780
10020
10200
10470
10720
10940
11190
7150
9400
9660
9860
10150
10300
10560
10770
11080
11250
7070
9340
9540
9750
9940
10190
10430
10720
10900
11150
7080
9320
9560
9750
10000
10220
10470
10680
10950
11210
7100
9300
9590
9730
10050
10240
10430
10720
10940
11140
7070
9280
9530
9750
10010
10250
10460
10770
10950
11200
7080
9310
9530
9790
9660
10290
10460
10760
10940
11170
7080
9320
9520
9750
9950
10210
10480
10700
10930
11260
7240
9320
9540
9760
9950
10260
10510
10690
10940
11220
7050
9280
9540
9880
10040
10230
10430
10670
10890
11140
7040
9290
9510
9750
9960
10260
10450
10740
10940
11170
7050
9250
9510
9770
9950
10250
10450
10660
10920
11170
7080
9220
9470
9790
10000
10180
10540
10700
10900
11140
7060
9330
9530
9790
9970
10240
10440
10700
10920
11140
7110
9350
9610
9800
10010
10320
10480
10740
11000
11200
7060
9280
9510
9760
9980
10280
10430
10690
10980
11200
7060
9290
9570
9780
9990
10240
10490
10700
10970
11170
7090
9390
9590
9790
10050
10240
10490
10760
10960
11210
7070
9360
9580
9810
10030
10230
10490
10750
10920
11160
7090
9350
9550
9810
10050
10310
10410
10740
11000
11200
7110
9340
9490
9770
9960
10260
10490
10790
10930
11110
7070
9360
9570
9780
10020
10250
10470
10690
10960
11210
7090
9300
9570
9730
10040
10240
10410
10690
10940
11150
7030
9370
9550
9830
10070
10280
10520
10730
10980
11220
7150
9370
9630
9860
10060
10240
10510
10760
10980
11190
7090
9330
9560
9800
10070
10270
10470
10790
11030
11210
7090
9350
9630
9800
10070
10270
10500
10750
11000
11270
7110
9320
9570
9790
10040
10300
10480
10730
10930
11200
7100
9430
9580
9810
10070
10280
10530
10740
11000
11230
7090
9420
9190
9830
10040
10300
10520
10740
11000
11210
7080
9340
9590
9790
10030
10290
10480
10720
11010
11220
7090
9350
9590
9820
10030
10270
10490
10730
10980
11200
7070
9290
9550
9770
9990
10270
10520
10700
10930
11170
7050
9290
9570
9710
9980
10210
10420
10670
10920
11120
7080
9330
9570
9830
10010
10230
10480
10770
10970
11330
7080
9310
9560
9890
10020
10270
10490
10750
10980
11180
7000
