210
320
490
670
750
680
1060
1240
1380
1520
1670
1680
1650
2550
1800
1600
1630
1630
1720
2530
2550
1670
1700
1670
1660
1620
1910
1980
2540
2530
2540
2530
2150
1630
1640
1640
1640
2090
1630
1630
1630
1630
1630
1630
1620
1630
1630
1630
1630
1630
1680
1640
1650
1640
1650
1630
1630
1630
1640
1640
1700
1630
1650
1620
1620
1640
1630
1660
1670
1640
1640
1650
1630
1710
2370
1790
1640
1640
1670
2540
2550
2540
2130
1670
1640
1640
1640
1630
1660
1670
1680
1690
1680
1660
1690
1690
1690
1680
1680
1680
1690
1680
1700
1680
1700
1670
1690
1680
1690
1630
1640
1630
1670
1650
1690
1700
1660
1640
1650
1650
1650
1640
1650
1650
1670
1630
1640
1640
1630
1630
1640
1660
1630
1630
1670
1630
1640
1660
1630
1640
1640
1660
1640
1640
1630
1690
1700
1640
1640
1640
1710
1830
1700
1890
2490
1640
1680
1690
1700
1690
1690
1660
1630
1630
1660
1640
1640
1640
1640
1640
1650
1640
1650
1640
1640
1650
1650
2410
2540
2540
2560
2540
2530
2540
2540
2540
2200
1690
1660
1660
1640
1680
1930
2550
2550
2540
2290
1730
2420
2540
2380
1630
1640
1690
1690
1940
2550
2560
1680
1640
1660
1630
1630
1650
1640
1650
1650
1650
1650
1650
1660
1650
1650
1670
1660
1650
2010
2550
2560
2550
2570
2550
2560
2560
2560
2560
2550
2550
2550
2140
1670
2370
2560
2550
2570
2560
2320
1650
1640
1680
2040
2210
1860
1630
1900
1640
1630
1640
1630
1640
1630
1640
1650
1650
1650
1650
1640
1640
2030
2490
1680
1650
1650
2470
2000
1640
1690
1690
1680
1680
1690
1690
1690
1680
1690
1640
1630
1630
1640
1640
1650
1730
1360
1350
1520
1640
1650
1640
1630
1650
1640
1640
1650
1780
1630
1630
1640
1640
1630
1660
1650
1640
1640
2160
2560
1690
1660
1630
1640
1640
1650
1710
1630
1630
1650
1630
1630
1660
1690
1680
1690
1680
1690
1690
1640
1690
1650
1640
1650
1630
1630
1630
1630
1630
1630
1630
1630
1630
1650
1640
1650
1650
1630
1650
1650
1630
1760
2540
2550
2190
1640
1640
2280
1870
2490
1640
1630
1630
1630
1630
1640
1640
1630
2160
2240
1630
1630
1630
1640
1630
1640
1630
1630
1630
1630
1630
1630
1630
1630
1630
1630
2240
1630
1640
1650
1820
1690
1690
1680
1630
1660
1630
1660
1640
1630
1640
1630
1640
1630
1640
1680
1650
1650
1650
1640
1640
1630
1630
1630
1630
1630
1630
1650
1630
1630
1640
1670
1670
1680
1630
1680
1630
1630
1650
1690
2320
2500
2500
2530
2540
2550
2540
2540
2540
2550
2540
1930
1630
1640
1660
1630
1630
1630
1630
1650
1680
1650
1630
1640
1680
1680
1640
1640
2100
1660
1690
1680
1700
1690
1700
1680
1670
1690
2480
2510
1640
1630
1630
1620
1630
1640
1630
1630
1650
1680
1700
1770
2490
2500
2490
1780
1630
1640
1630
1670
1630
1630
1640
1630
1630
1700
1920
1620
1640
1670
1650
1670
2540
2520
1630
1680
1660
1690
1640
1630
1630
1630
1670
1630
1660
1630
1630
1660
1630
1660
1630
1630
1660
1630
1670
1630
1660
1630
1630
1960
1910
1630
1630
1630
1630
1680
2540
2530
1680
1640
1630
1640
1670
1630
1630
1630
1640
1690
1630
1630
1630
1630
1630
1650
1630
1640
