7000
7470
7590
7710
8090
7440
7440
7640
7450
7680
7470
7480
7480
7510
7630
8160
7700
7470
7470
7920
5880
9070
9030
9080
7840
7910
7720
8420
8690
9000
8700
8370
8670
8690
8670
7620
7450
7810
7530
7750
7950
8700
7530
7520
8150
7480
7670
7480
7610
7730
7470
7670
8050
7470
8700
7520
7480
7480
7490
8810
8610
8610
8630
8640
8620
8100
7490
7470
7880
7740
7850
7580
7790
7460
7470
7490
7470
7470
7470
7730
7520
8880
8320
8710
8000
7470
7500
7480
7930
8610
7470
8760
9070
9080
9070
9060
9060
8710
7760
7740
7510
7480
7500
7480
7880
7500
7290
7520
7520
7890
7840
9080
9040
8330
8080
9070
9050
7580
7780
7730
7880
7480
7480
8990
7610
8390
8650
7510
7530
7760
7520
7510
7540
7510
7520
7520
7500
7510
7510
7800
7980
7480
7520
7520
7710
7520
7620
6120
9020
9410
9080
9060
9030
7280
7510
7490
7520
7520
7850
8250
7850
7590
7590
7720
7560
8000
7530
7500
7520
7810
7530
8980
8280
7760
8720
8090
7570
7550
7580
7900
8500
9230
8080
7680
7750
7760
7740
7770
7720
8130
7810
7800
7830
7910
7960
8030
7900
9150
8030
8890
8000
7910
8530
7910
7970
8000
8000
7990
8010
9800
8130
7930
8170
9200
8630
8070
8570
8490
8110
8510
8460
8600
8180
8040
8200
8240
8350
9170
8520
9120
8660
8230
8320
8270
9040
8760
9760
9170
9550
9500
8190
8630
8770
8580
8300
9120
8320
8370
9180
10110
8340
8410
8500
8710
8840
9200
8500
8950
8400
8880
8460
8670
8770
8470
8690
9130
8370
9050
9090
10490
9560
10080
10170
8560
8570
9090
9370
8450
8440
8790
8490
8580
8310
8820
8730
8680
8690
8560
8510
9070
8660
8680
9420
9180
8950
8780
8810
8660
9100
9550
10280
9150
9150
9120
8950
9000
9470
9130
9890
9470
9730
9670
8990
8990
8880
9410
9290
9530
9780
10440
9150
9670
10930
9200
8960
8900
8890
10120
8580
9150
8680
9170
8940
9020
9730
10570
10460
8940
9120
10260
10010
10020
9360
10000
9280
9550
10030
9690
10530
9790
9930
9800
8960
9010
9130
9220
9000
9680
8860
9680
10440
9230
9200
9070
9060
9160
8950
8750
9140
9550
9060
8820
8730
8660
9130
8600
8600
8480
8680
9030
8910
8710
9040
9230
9840
9210
9850
9440
9370
10000
10910
9780
10320
9550
9370
9500
9470
9810
9310
9780
9030
9010
9390
9320
9290
9270
9190
10100
8890
9360
8820
8850
8710
8740
8650
8660
8590
8580
8630
9120
8830
8800
9550
8830
8930
8940
8890
8830
8830
9350
9410
9670
9520
9730
10720
10790
10230
9140
9520
10110
9880
9450
9140
9400
9220
9500
9200
9380
10000
10180
9330
9260
9630
9640
10100
10120
9650
9490
9900
10310
9630
9690
9740
9390
9240
9610
9480
10470
9860
9900
9540
9360
9370
9750
10260
10000
9330
9450
9380
10310
9270
9370
9560
9520
9320
8550
8880
8540
8510
8820
8260
8240
8390
8730
8570
8640
8540
8820
8550
8590
8830
8670
8250
8270
8280
8580
8230
8530
8300
8820
8300
8000
8070
8110
8050
7970
8010
7970
7980
8340
8010
7910
7850
7920
7860
7750
7730
7650
7670
7920
7690
7650
7660
7690
7690
7690
7640
7640
7680
7910
7680
7680
7700
7700
7730
7640
7650
7620
7590
7850
7590
7610
7600
7600
7600
7620
7600
7610
7650
7840
7590
