0.194055
0.270890
0.481980
0.576087
0.695438
0.847547
0.848597
0.871598
1.176011
1.324714
1.636182
1.838460
2.097283
2.601220
2.661472
2.654312
2.321154
2.229422
2.344416
1.819908
1.539849
1.227848
1.304313
1.691407
2.132227
2.747252
3.256271
3.817535
4.020309
4.288897
4.453160
4.617767
4.716328
5.095602
5.125965
5.331998
5.354831
5.592059
5.645692
5.765763
6.113796
6.272238
6.739600
7.052472
7.419434
7.412595
7.477076
7.527494
7.484957
7.068592
6.812293
6.697940
6.750483
6.592729
6.320104
5.909849
5.466806
5.179789
4.842274
4.505696
4.150696
3.876380
3.526178
3.227848
2.775465
2.409490
1.924653
1.576763
1.251673
0.973553
0.824969
1.176488
1.379515
1.742309
2.245777
2.462438
2.659212
3.288948
3.625894
3.457289
3.050033
2.816597
2.965592
2.696922
2.101437
1.223730
1.013124
0.976934
1.220662
1.558502
1.918455
2.844659
3.455612
4.058872
4.702495
5.669884
6.192908
6.584921
7.040153
7.276412
7.465547
7.446490
7.441984
7.498175
7.770971
8.014150
8.388911
9.067869
9.692668
10.063515
10.234331
10.164144
10.191640
10.045043
10.225440
9.952133
10.203114
10.627100
10.946522
11.312384
11.487639
10.747947
10.429295
10.150441
9.882801
9.524238
9.360225
9.036011
8.575459
8.164632
7.542316
6.555367
5.952547
5.236347
4.786907
4.048528
3.709667
3.428646
3.113612
3.225343
3.198953
2.961315
2.899684
2.871929
2.647185
2.616611
2.247471
2.121628
2.431375
3.034538
3.692710
3.623160
4.019575
5.307126
6.091375
6.804296
7.453856
7.805704
8.063477
8.271532
8.563938
8.839927
9.047859
9.541720
9.884871
10.343793
10.573535
10.969882
11.362913
12.078946
12.526483
12.796294
12.815886
13.265969
13.846219
14.420946
15.064430
15.798366
16.456608
16.884145
16.813679
16.787549
16.889452
16.979917
16.948693
17.469104
17.886189
18.194222
18.396697
18.613872
18.693447
19.057292
19.008630
19.139779
19.118856
19.084341
19.386671
20.400711
22.065508
24.345594
25.698229
27.618166
28.901092
29.686656
29.768555
29.830125
29.395406
28.682096
27.655603
26.795574
25.961352
24.935058
24.278367
23.559311
22.946409
22.223191
21.394566
20.946488
20.572721
20.245813
19.792574
19.684746
19.593788
19.021832
17.980934
17.699080
17.786506
17.697832
17.837537
17.607679
18.537906
19.456085
20.016405
20.201165
20.337154
20.540516
20.633773
20.485966
20.453156
20.204522
19.874142
19.919146
20.065712
20.042962
20.017439
20.052108
19.949413
20.215832
20.351286
20.131789
19.423391
19.118186
18.446848
17.959031
17.813756
17.423493
17.193112
16.767527
15.807246
15.190593
14.422618
14.409823
14.488705
14.688525
14.841484
15.031513
15.191532
15.548923
15.906965
16.232244
16.661393
17.269996
17.790743
18.213467
17.931256
18.289684
18.669360
18.979700
19.219727
19.393855
19.370666
19.153713
19.059625
18.976471
18.857613
18.841030
18.671654
18.573492
18.571574
18.369879
18.079298
17.543530
17.249368
16.744423
16.641959
16.443503
16.738496
17.494684
18.369955
19.369860
19.747251
20.140098
19.966251
19.365799
19.406964
19.441453
18.852103
18.539529
18.561568
18.657208
18.650214
18.836557
18.959938
18.921374
18.917522
18.924619
18.699885
18.488171
18.308812
18.304925
18.365196
18.394277
18.456032
18.998445
19.260150
19.599861
19.798156
19.867642
19.878727
19.893683
19.619648
19.562570
19.564936
19.628993
19.622639
19.833723
20.405791
20.647654
21.157253
21.460549
22.961457
23.358078
22.443980
20.607225
19.109676
17.791322
16.656771
15.262816
14.524493
14.183264
13.754559
13.656400
13.460133
13.286058
13.189874
13.114558
12.885911
12.866359
12.754342
13.031072
13.330408
13.660392
14.255484
14.321144
14.683176
15.017012
15.705904
15.690210
15.674770
16.137097
16.759491
17.138573
17.674697
17.870422
18.331354
18.247743
18.100227
17.814435
16.297727
14.778350
13.443867
12.610965
12.850841
12.767815
12.847547
12.691195
12.439861
12.485905
12.510038
12.561358
12.003839
11.583609
11.218573
10.777863
10.237543
9.870808
9.597714
9.345893
9.282090
9.183520
9.135586
9.272532
9.572732
9.857135
10.256620
10.543774
10.843705
10.599826
10.495005
10.265731
9.876443
9.749736
9.618022
9.730703
10.050685
10.446276
10.866230
11.597660
12.567852
13.478928
14.455338
14.747699
15.205314
15.753105
16.423781
17.049160
16.957863
17.400210
17.712068
17.851770
17.968451
18.146200
18.509851
18.495885
18.581741
18.539207
18.512057
18.821811
18.934745
19.084119
19.072931
19.143997
18.887162
18.737481
18.470568
18.254238
18.097038
18.205603
18.105776
18.381824
18.698114
18.825795
19.045576
19.205620
19.380166
19.676978
19.907166
19.715142
19.068227
18.257304
17.274178
16.872354
15.936617
14.853426
14.554632
14.340369
13.752228
13.053953
12.341165
11.775958
11.081957
10.612847
9.889787
9.360533
8.790051
8.771642
8.826826
8.158619
7.705810
7.299619
6.881613
6.502470
5.865985
5.416010
4.969696
4.581861
4.272951
3.783271
3.342810
2.948054
2.793920
3.200051
4.049783
4.664007
5.173139
5.966514
6.847253
7.481543
8.247091
8.400977
8.752433
8.992962
9.155879
9.613630
10.111779
10.578964
11.117463
11.701440
12.100506
12.923780
13.575119
14.094358
14.600585
15.036726
14.861421
14.583748
14.909520
14.982393
14.696416
14.302550
13.846568
13.739896
13.382486
13.206487
13.430765
12.999837
12.717763
12.499827
12.504376
12.928312
13.172239
13.449723
13.776632
13.719244
13.197406
13.115049
12.778994
12.538229
12.133660
11.766978
11.115879
10.613384
10.241112
9.678091
9.355471
8.964245
8.563648
8.068371
7.662561
7.211138
6.542945
6.217020
5.919109
5.376422
5.354115
5.415578
5.494325
5.530720
5.706061
5.926636
6.426279
