0.181934
0.273614
0.455380
0.532149
0.625589
0.721382
0.678651
0.664545
0.880740
0.954513
1.164065
1.241916
1.448599
1.713532
1.802907
1.767277
1.621427
1.173537
0.565743
0.575054
0.845776
1.437454
2.158918
2.736348
3.209481
3.942299
4.501244
5.204848
5.675874
6.214346
6.858065
7.511497
8.028229
8.817898
9.471777
10.169724
10.766029
11.500730
11.917569
12.567707
13.231184
13.657220
14.201799
14.683633
15.180822
15.330753
15.473777
15.630187
15.777082
15.749789
15.658237
15.448211
15.412337
14.871538
14.528469
13.909569
13.358866
12.977678
12.561910
12.182939
11.589178
11.165885
10.778679
10.166988
9.792770
9.346221
8.701703
8.232886
7.678087
7.411874
6.894091
6.482539
6.165261
5.789479
5.228409
4.964906
4.672757
4.119535
3.451168
3.398745
3.782049
4.259013
3.847232
3.644554
3.875828
4.858493
5.348202
5.750129
6.086671
6.496139
6.890401
7.689785
8.177227
8.559472
9.190067
9.780945
10.204699
10.690748
11.355991
11.772189
12.435347
12.845057
13.246778
13.614605
14.151161
14.354270
14.276547
14.784323
15.172678
15.566663
16.148104
16.158629
16.154108
16.196250
16.389915
16.157911
16.138774
16.134577
16.153845
16.243382
16.294900
15.587337
15.177325
14.801894
14.420094
13.800424
13.286953
12.926453
12.356027
11.995415
11.593897
10.974700
10.560439
10.110803
9.697062
9.086445
8.700214
8.317700
7.709687
7.346885
6.914960
6.315180
5.947849
5.581735
5.119184
4.758450
4.307955
3.410680
3.301095
3.488266
3.946955
3.477478
3.718572
4.463772
4.994965
5.538215
6.141327
6.547954
6.911900
7.361832
7.951166
8.238531
8.656338
9.251903
9.663697
10.302399
10.739176
11.171861
11.593007
12.234353
12.737935
12.911519
12.837202
13.295534
13.688752
14.294816
14.714922
15.256935
15.502467
15.920699
15.829256
15.709136
15.732682
15.710520
15.669536
15.671504
15.658981
15.718464
15.739256
16.090791
16.121665
16.530486
16.768567
17.113944
17.280255
17.502060
17.871628
17.978785
18.277328
18.533761
18.740955
19.633249
20.404094
20.914077
20.875785
21.330194
21.264554
20.807417
20.002825
19.472056
19.061591
18.213089
17.776176
17.513127
17.196784
16.928213
16.561667
16.320072
16.103053
15.806319
15.593288
15.591662
15.641348
15.063122
14.104057
13.849873
13.778095
13.752807
13.675408
13.461017
13.797244
14.214866
14.634874
14.960419
15.200464
15.422244
15.716845
16.025824
16.514748
16.781710
17.041215
17.386025
17.687564
17.659610
17.640982
17.889376
18.173561
18.835428
19.457550
19.848080
20.429704
21.099340
21.033231
20.544728
20.309724
19.813200
19.559964
19.286671
18.470087
17.956326
17.219844
16.956592
16.688842
16.449327
16.193235
15.940404
15.646894
15.491036
15.382631
15.130779
14.982359
14.735316
14.752551
14.482466
14.548098
14.638237
14.736012
15.057758
15.420630
15.573469
15.866880
15.801034
15.793743
15.965577
16.253744
16.619372
16.834156
17.168829
17.667184
18.145451
18.854078
19.053414
19.534280
19.488092
20.018576
20.377794
20.654210
20.911632
20.966725
21.019419
20.354171
20.024352
19.702497
18.859617
18.804722
18.824023
18.224482
17.904169
17.490734
17.206776
16.848069
16.535546
16.206655
15.821483
15.577817
15.243931
14.759901
14.357122
14.408736
14.341443
14.362886
14.284876
14.020171
14.066044
14.285425
14.426906
14.709294
14.683791
14.734239
15.037469
15.293678
15.532744
15.871449
16.128793
16.484244
16.914598
17.606203
17.995998
18.406469
18.529384
18.782537
19.387820
19.039645
18.902258
18.482886
18.277636
17.969408
17.461383
17.363514
17.434373
17.623302
18.082918
18.433541
18.794321
19.105466
19.572476
19.553368
19.561277
19.573527
19.793836
20.256344
20.559876
21.186548
21.231213
21.557967
22.035312
22.647682
22.532345
22.590238
22.972522
23.525456
23.885040
24.376620
24.801831
25.440404
25.981456
26.457633
26.975677
27.392020
27.353939
26.927836
26.464601
26.330275
25.806118
25.251024
24.584998
24.126281
24.050153
23.938041
23.945663
23.285678
22.711189
22.324254
21.870044
21.309060
20.985830
20.670569
20.337888
20.010446
19.690858
19.320719
18.960655
18.910952
18.922108
18.981008
18.957241
18.956994
18.612025
18.354163
18.078513
17.780624
17.516439
17.337167
17.154890
17.084082
17.005686
16.972134
16.947129
17.151073
17.470087
18.030098
18.058294
18.437566
18.873517
19.456367
19.764047
19.249311
18.788968
18.343648
17.910155
17.669364
17.624865
17.513685
17.321121
17.213519
17.123919
17.079846
17.455624
17.681912
17.955682
18.321971
18.880389
19.026966
19.535620
19.972687
20.283351
20.614852
21.307447
21.739605
22.382359
23.035995
23.676893
24.321284
25.007223
25.730085
26.420187
26.987377
27.325304
27.380008
27.269427
27.279931
27.336236
27.051025
26.390119
26.543783
26.632812
26.036164
25.617706
25.066537
24.759351
24.288208
23.861765
23.394715
23.161397
22.885173
22.891131
22.805236
22.416140
22.068369
21.763553
21.457641
21.067192
20.595062
20.207036
19.972238
19.550201
19.422951
18.970326
18.671780
18.364312
18.061490
18.020743
18.159773
18.062651
17.949897
18.268714
18.664887
19.116982
19.433230
19.178335
18.622746
18.245936
18.069332
17.944973
17.898347
17.856503
17.894237
17.867105
18.063752
18.519997
18.858259
19.175995
19.672272
19.990219
19.996036
19.951344
20.287198
20.627099
20.903477
21.214027
21.486187
21.996805
22.363436
22.662227
23.164803
23.515410
23.931815
24.486499
24.876459
25.566962
25.978418
26.468572
26.944244
27.059073
26.669018
26.806241
26.278692
25.854239
25.176731
24.634512
23.742446
23.206949
22.776057
22.090387
21.782880
21.307335
20.888624
20.437703
20.065459
19.674424
19.067053
18.618821
18.268616
17.851213
17.459917
17.194795
16.829021
16.378377
16.115298
15.626725
15.074374
