0.169061
0.257086
0.430978
0.492537
0.560612
0.685475
0.746144
0.766893
1.036952
1.153744
1.511254
1.747052
2.099741
2.738168
2.840807
2.809319
2.742311
3.037158
3.668155
3.548621
3.178768
2.757111
2.573450
2.614607
2.475321
2.525250
2.559396
2.615385
2.542425
2.613916
2.603508
2.742345
2.892994
3.391191
3.697332
4.220062
4.454312
4.904341
5.170902
5.491295
5.928302
6.278560
6.956880
7.373575
7.848753
8.033054
8.086432
8.435781
8.781024
8.823316
8.771484
8.786226
8.909504
8.860031
8.598237
7.985860
7.361653
6.934109
6.495596
5.987642
5.322153
4.690429
4.206126
3.411039
2.831493
2.309497
1.609022
1.129126
0.727727
0.629228
0.738252
1.173411
1.572369
1.985225
2.567300
2.838573
3.144332
3.777433
4.028413
3.906986
3.353132
2.592093
2.401158
2.109301
1.883042
1.742482
1.841563
1.910504
2.079031
2.250125
2.465231
3.205334
3.649524
4.072265
4.457611
4.922996
5.151638
5.126035
5.361971
5.398095
5.646459
5.774318
5.968460
6.186839
6.623434
6.951439
7.362792
8.069459
8.660701
9.260737
9.678111
9.603952
9.680630
9.829607
10.093235
10.093077
10.315235
10.596232
10.747110
11.056104
11.281016
10.653650
10.359417
9.932316
9.588494
8.997267
8.470572
7.979801
7.241252
6.551101
5.987280
5.128393
4.475675
3.730343
3.336623
2.729047
2.626439
2.660560
2.858477
3.184570
3.445890
3.364235
3.423850
3.630090
3.967038
4.192844
4.028045
3.240839
2.246851
1.371652
1.146896
1.767026
2.452958
2.802171
3.136784
3.567708
4.112863
4.498137
4.810264
5.072923
5.453328
5.724802
5.977326
6.418320
6.737431
7.103653
7.475740
8.004425
8.571950
9.398050
10.228707
10.547766
10.641056
11.270568
11.866436
12.458203
12.899515
13.877941
14.543066
14.901532
15.036180
15.017304
15.010870
15.116141
15.289133
16.431997
17.277633
17.714473
18.137320
18.282994
18.337073
18.391932
18.266958
18.187764
18.152901
17.911279
18.382535
19.588268
21.606723
23.767856
24.889685
26.170994
27.044729
27.612681
27.614867
27.945098
27.694320
27.059860
26.064685
25.249861
24.482435
23.227543
22.371219
21.446688
20.429258
19.259064
18.172498
17.557535
17.005021
16.565389
16.295584
16.249588
16.293345
15.865048
15.080256
15.052971
15.187983
15.411831
15.736203
15.626030
16.854385
17.866393
18.557374
18.965359
19.241033
19.435368
19.542983
19.509838
19.455254
19.141536
18.789252
18.657568
18.609206
18.323148
17.799098
17.143105
16.451915
16.195087
16.006638
15.620700
15.593663
15.768028
15.709727
15.391412
15.265073
15.045586
14.913506
14.561661
13.629080
13.072676
12.500900
12.590732
12.803240
13.378916
13.899033
14.317076
14.499724
15.086357
15.769628
16.111686
16.404873
17.112363
17.714833
18.166899
17.885762
18.822032
19.390882
19.839104
20.221497
20.275190
20.019087
19.508997
18.949926
18.544812
18.125417
17.708201
17.342009
17.086406
17.090993
17.118473
17.024195
16.630670
16.397838
15.528253
15.484827
15.221767
15.668401
16.649864
18.093363
19.088993
19.042546
19.205906
19.154781
18.685587
18.824853
18.932896
18.418138
18.181018
18.533358
18.974184
19.099257
19.172371
19.257362
19.241952
19.250059
19.288527
19.148860
19.124068
19.041201
19.036715
19.233530
19.240311
19.255581
20.195828
20.784155
21.226361
21.543851
21.457326
21.303801
21.119627
20.686571
20.332046
20.175471
20.303481
20.348609
20.617522
22.006303
23.125388
24.921649
26.652397
28.833929
30.095638
29.809670
28.861247
27.654555
26.420027
24.837142
22.282822
19.419144
16.903180
15.149203
14.157873
13.453296
13.529780
13.570691
13.953817
13.697178
13.509756
13.365728
13.588360
14.009675
14.377353
14.986573
14.804269
15.217931
15.585840
16.275985
16.283601
16.205189
16.579835
17.040389
17.204125
17.502585
17.404811
17.366885
16.348590
15.031102
14.045351
12.857615
11.959847
11.128506
10.497656
10.415885
10.146143
9.905817
9.347631
8.863117
8.768658
8.609502
8.439107
7.863115
7.725652
7.561764
7.519399
7.443300
7.698522
8.084783
8.492946
9.001899
9.575829
9.687395
9.903513
10.314417
10.709665
11.102384
11.525617
11.767312
11.539440
11.417962
11.189850
10.833417
10.644559
10.391914
10.253786
10.448527
10.665384
11.012995
11.617182
12.191722
12.591080
13.058557
13.027368
13.383864
13.787651
14.527940
14.949388
15.145886
15.564457
15.799519
15.849170
15.817762
15.915357
16.456630
16.790374
16.902948
16.846615
16.821857
17.218907
17.414437
17.540055
17.491194
17.391644
16.946731
16.605774
16.274192
16.284642
16.448645
16.851050
17.108701
17.492778
17.928711
17.978484
17.441534
16.631459
15.069990
13.728750
13.051603
12.540429
11.896424
11.353640
10.859295
11.135246
10.608727
9.718983
9.516015
9.279462
8.698459
8.073257
7.373863
6.831754
6.252661
5.738738
5.112610
4.765000
4.682151
4.910806
5.251516
4.854206
4.802343
5.013842
4.922243
4.716523
4.226873
4.377316
4.511647
4.570991
4.689097
4.282528
3.570829
2.898692
2.875516
3.393259
4.088822
4.210697
4.397079
4.981684
5.465841
6.049567
6.451684
6.317967
6.519622
6.868187
7.111444
7.662454
8.221870
8.817943
9.452180
9.944467
10.347699
11.024112
11.686786
12.083047
12.483833
12.881953
12.435347
12.152737
12.404664
12.274039
11.580533
10.521221
9.687130
9.243521
8.903295
8.774950
9.060492
8.778066
8.732113
8.708618
8.702898
8.952894
9.098655
9.212754
9.411012
9.285570
8.857266
8.861725
8.590410
8.418055
7.923847
7.549218
6.839104
6.205087
5.749930
5.217025
4.803260
4.443967
4.191672
3.963317
3.938970
4.105353
3.870199
4.031535
4.149991
4.129293
4.323578
4.681402
5.121336
5.238674
5.610244
5.761115
5.981769
