0.189907
0.290855
0.487030
0.540643
0.594304
0.663846
0.695325
0.723204
0.957623
1.107637
1.403970
1.559003
1.804582
2.224574
2.248729
2.213977
2.076448
2.190271
2.276867
1.714396
1.328753
0.713243
0.223720
0.288923
0.719688
1.368634
1.906618
2.653256
3.069219
3.625534
4.174484
4.581164
4.963894
5.581550
5.890125
6.348717
6.540059
7.088160
7.473601
7.767993
8.369096
8.616203
9.156490
9.452848
9.762864
9.783133
9.888619
10.074254
10.126176
9.877869
9.628489
9.597119
9.492713
8.670888
8.288725
7.661195
7.013953
6.564907
6.175696
5.817118
5.266159
4.990630
4.540333
4.038074
3.589322
3.151719
2.567279
2.174145
1.520983
1.074076
0.752439
0.150990
0.244411
0.751427
1.182205
1.419533
1.737168
2.292897
2.830295
2.952050
2.828301
2.704944
2.996804
3.071503
3.068296
2.446484
2.076167
1.711170
1.391441
1.153812
1.178566
1.552384
1.850324
2.171282
2.586652
3.135903
3.514976
3.878873
4.372541
4.506329
5.173688
5.684620
6.014752
6.248105
6.712689
7.027920
7.314988
7.855337
8.280732
8.669882
9.032556
8.910405
8.812137
9.041638
9.184711
8.800381
8.364753
8.212347
8.193145
8.371138
8.596536
7.914840
7.447389
7.059755
6.735170
6.253595
5.881512
5.493807
4.978602
4.568629
4.142535
3.717477
3.390874
2.965043
2.737145
2.406552
2.360640
2.395486
2.702693
2.927790
3.418176
4.123576
4.825935
5.368562
6.091529
6.759007
7.071045
7.249377
6.896536
6.466598
6.124809
6.915276
7.282274
6.784895
6.356026
6.050109
5.761337
5.671750
5.751254
5.828595
5.762503
5.711898
5.894143
5.866584
5.903232
6.224993
6.513142
6.727973
7.083011
7.444707
7.955859
8.288614
8.451538
8.817526
9.149095
9.604699
9.845709
10.291246
10.634861
10.265212
9.936084
9.772010
9.333248
8.912008
9.259187
9.735258
10.333079
11.096358
11.475807
12.208364
12.765680
13.405026
13.905847
14.358810
14.894076
15.636600
16.256557
16.674796
17.005804
17.430445
17.480322
17.728899
17.744155
17.973111
17.857314
17.916384
18.296393
18.118636
17.880878
17.812323
17.485416
17.033140
16.536964
16.097955
15.853462
15.335065
14.882194
14.611859
14.379530
13.924413
13.543034
13.553773
13.632613
12.980972
11.978782
11.524845
11.039600
10.686639
10.237450
10.606071
11.577846
12.411026
12.950922
13.612826
14.107329
14.656394
15.317328
16.036822
17.031203
17.749356
18.350117
19.119875
19.562142
19.659758
19.539172
19.950297
20.424798
21.095122
21.363163
21.560175
21.845085
21.961005
21.531307
21.163913
21.252133
21.187653
21.309519
21.085368
20.321976
19.357854
18.473332
17.991380
17.647026
17.544314
17.385159
17.113721
16.704601
16.508506
16.175402
15.634815
15.569956
14.987218
14.825952
14.274120
15.081637
16.046851
16.393822
17.377759
17.799002
18.253515
19.018403
19.638820
20.210317
20.574148
21.245732
21.757866
22.069131
22.497902
22.990557
23.162872
23.403691
23.339332
22.821503
22.719043
22.219274
21.810336
21.895030
22.050589
22.518931
23.236198
23.299699
23.493526
23.365688
23.313217
23.467286
23.408086
22.815489
22.415357
21.905634
21.503800
20.855932
20.289546
19.906154
19.254239
18.888919
18.461542
17.824562
17.254178
16.576975
16.245818
15.647569
15.343895
16.313410
17.258518
18.183843
19.053003
20.047909
20.983888
21.780178
22.626051
22.393880
22.656315
23.039663
23.379306
23.641573
24.083664
24.586724
24.780255
25.016451
25.021781
25.484423
25.826277
26.172749
26.074062
25.868279
25.675689
25.547384
25.441515
25.351561
25.522066
25.466421
25.571866
25.176726
25.413192
25.368559
25.594308
24.198749
22.561224
20.579469
19.129884
17.707281
15.913067
15.125585
14.649718
14.694097
14.906201
15.603903
15.586286
15.586682
15.913709
16.563880
16.851322
17.286233
17.304104
17.053860
16.025704
14.846429
14.035352
13.434681
13.038630
12.763760
12.430054
12.179690
12.281133
12.414240
12.449315
12.206214
12.362376
12.429271
12.423381
11.826533
11.337713
10.758334
10.204363
9.563365
9.042584
8.662139
8.384018
8.421354
8.501496
8.551170
8.832033
9.355596
9.769837
10.307840
10.795578
11.234780
11.037089
10.936686
10.715678
10.459022
10.261018
10.159450
10.027151
10.084126
10.224631
10.327010
10.332756
10.269316
10.594528
11.006599
11.200867
11.792086
12.119698
12.624227
13.026181
12.807247
13.034187
13.291546
13.813279
14.457413
15.138615
16.266764
17.261535
18.083251
18.788365
19.888360
20.951090
21.675562
22.428897
23.115155
23.957109
24.135569
24.758140
25.120905
25.222994
25.221414
25.427511
25.054373
24.803464
24.557666
24.684475
24.946771
24.943779
24.004508
22.161030
19.628476
17.329912
15.772425
14.966253
14.597118
15.095831
14.980157
14.515116
14.504507
14.468846
14.264985
13.919853
13.533946
13.281066
12.755290
12.457748
11.922123
11.537798
11.173302
11.283637
11.244638
10.640365
10.146445
9.754234
9.339329
8.878101
8.290029
7.891124
7.435815
7.045095
6.729045
5.953604
5.447127
4.826311
4.290397
3.996797
4.248753
4.451252
4.571327
4.925061
5.397981
5.847649
6.277136
6.193735
6.502915
6.688104
6.792304
7.239980
7.725090
8.138557
8.692865
9.192391
9.661305
10.339971
10.896722
11.497720
12.067773
12.598258
12.335624
12.067356
12.383177
12.357829
11.938339
11.273009
11.077442
11.197304
11.447719
11.814899
12.437025
12.723045
13.242387
13.838564
14.247535
14.673567
14.857563
15.067304
15.380926
15.224686
14.849099
14.876940
14.619592
14.473747
14.171565
13.859767
13.286739
12.743566
12.391852
11.868530
11.446838
10.916438
10.499900
10.120045
9.833877
9.539788
8.953071
8.737739
8.632055
8.016964
7.696721
7.568569
7.338447
6.911211
6.821268
6.619753
6.350832
