1.986426 2.045418
1.992846 2.064509
1.964507 2.104841
1.976834 2.165351
2.000579 2.252858
2.027559 2.392444
2.077491 2.543244
2.151145 2.716668
2.236959 2.895098
2.346337 3.101966
2.493556 3.364888
2.610316 3.583253
2.745972 3.798925
2.854828 4.006186
2.874477 4.076094
2.862437 4.043850
2.865943 4.025617
3.041377 4.183193
3.103942 4.212360
3.226252 4.273314
3.291515 4.307823
3.386662 4.370610
3.501339 4.470144
3.632153 4.568384
3.783661 4.726553
3.976859 4.876592
4.166373 5.036362
4.368990 5.218001
4.562268 5.376325
4.744161 5.560227
4.964918 5.754792
5.154606 5.929749
5.330860 6.119425
5.526187 6.343905
5.542011 6.260478
5.607079 6.235546
5.821071 6.316300
5.857821 6.357641
5.856590 6.389732
5.945485 6.393851
6.067249 6.497462
5.977770 6.409044
5.893613 6.401428
5.923191 6.449491
5.794691 6.315348
5.700205 6.219221
5.488340 6.099016
5.399939 6.011834
5.363804 5.927178
5.216537 5.760412
5.334527 5.891279
5.569539 6.229065
5.890852 6.592738
6.166417 7.018561
6.357645 7.226545
6.369441 7.281797
6.392781 7.331188
6.301959 7.341819
6.212420 7.296201
6.102482 7.138344
5.942046 6.949618
5.915309 6.779237
5.641496 6.643424
5.607370 6.438131
5.330076 6.429781
5.101893 6.385793
5.064586 6.140728
4.696360 5.776331
4.662641 5.755484
4.560612 5.625260
4.585163 5.586044
4.549894 5.344488
4.521581 5.460873
4.581642 5.321502
4.550456 5.117010
4.683961 5.086024
4.697724 5.161779
4.726876 5.225288
4.797362 5.286970
4.838146 5.334286
4.792741 5.284414
4.840584 5.521446
5.102412 5.746562
5.356140 6.028690
5.718394 6.408056
5.876502 6.531397
6.018704 6.673106
6.012173 6.686970
5.838038 6.524106
5.727452 6.244527
5.637293 6.196449
5.589279 6.087582
5.622031 6.102561
5.595255 5.994569
5.606351 5.997045
5.691958 6.009837
5.670830 6.029528
5.595476 5.865071
5.669816 5.910408
5.718526 5.938718
5.763540 5.826998
5.827730 5.889231
5.902906 5.981501
5.911338 6.008572
6.094239 6.008368
5.975438 5.834671
5.945535 5.959462
5.934802 6.044825
5.954290 6.072905
6.074323 6.162146
5.986377 6.025328
5.751746 5.918046
5.704972 5.860095
5.677927 5.947368
5.672959 5.884264
5.454818 5.666018
5.427791 5.614799
5.571291 5.623612
5.655513 5.639670
5.730387 5.676858
5.920807 5.758236
5.859712 5.687162
5.717429 5.609859
5.720047 5.617172
5.765964 5.628507
5.966712 5.671344
6.064558 5.757729
6.090339 5.814484
6.142238 5.888821
6.076140 5.848022
6.068983 5.825783
6.032285 5.858714
6.061193 5.848899
6.144056 5.886933
6.202009 5.959391
6.139144 5.819913
6.204539 5.897036
6.093579 5.813486
6.121444 5.677942
6.365452 5.763393
6.627790 6.055980
6.868679 6.425252
7.044777 6.631675
7.245776 6.826452
7.443537 6.884356
7.468975 6.990260
7.541979 7.004361
8.034911 7.190315
8.430420 7.248878
8.716882 7.387538
9.090336 7.620217
9.544478 8.003324
9.931341 8.336461
10.125046 8.551511
10.200197 8.586213
10.188987 8.623714
10.186367 8.605704
10.109390 8.583036
9.931475 8.543647
9.837167 8.486058
9.776523 8.441397
9.754433 8.485893
9.463900 8.175696
9.349087 8.021727
9.286609 7.855341
8.899028 7.618950
8.564107 7.449270
8.078190 7.389149
7.918696 7.305655
7.839178 7.214163
7.756573 6.877011
7.669490 6.800734
7.100581 6.645179
6.421401 6.424300
6.127296 6.231746
5.566432 5.938770
5.112307 5.683446
4.857899 5.629864
4.475782 5.469762
4.461587 5.382001
4.294753 4.958860
4.197170 4.622522
4.305307 4.623780
4.359353 4.575374
4.404941 4.509251
4.124534 4.460008
4.009026 4.486125
3.906833 4.530402
3.773881 4.631571
3.655362 4.635673
3.621911 4.742449
3.679798 4.852776
3.733223 4.852668
3.929887 4.965372
4.163984 5.151727
4.521317 5.490103
4.996815 6.075743
5.554460 6.741606
5.757864 7.268152
5.822256 7.735165
6.027709 8.095389
6.180313 8.237955
6.265819 8.151092
6.329086 8.174760
6.315828 8.229377
6.396414 8.294403
6.448664 8.373375
6.460785 8.418025
6.503911 8.503266
6.591418 8.552302
6.644402 8.609870
6.765095 8.624253
6.814430 8.558304
6.858356 8.553585
6.938629 8.567153
6.987603 8.521435
7.092646 8.555812
7.185089 8.590253
7.371979 8.578228
7.545576 8.620502
7.628132 8.645322
7.852904 8.762769
8.051009 8.858103
8.133838 8.877678
8.216125 8.989044
8.370064 9.068317
8.450374 9.027442
8.560391 9.011837
8.628648 8.935862
8.677302 8.810824
8.758779 9.512471
9.086931 10.549594
9.337981 11.467436
9.650334 12.168405
9.701175 12.679324
9.846224 13.125334
10.083048 13.512323
10.223808 13.647621
10.366775 13.766055
10.481318 13.864786
10.587670 14.005641
10.741671 14.064305
10.866942 14.130647
10.837132 14.142896
10.733126 13.947047
10.767832 13.875015
10.727803 13.815405
10.693064 13.553631
10.691122 13.451379
10.722624 13.320093
10.714193 13.290374
10.739211 13.229147
10.770795 13.228225
10.716233 13.208348
10.595303 13.101663
10.567243 12.943937
10.537016 12.929217
10.503411 12.881945
10.443201 12.747472
10.440264 12.575378
10.296524 12.353030
10.351742 12.177309
10.286358 12.126837
10.304537 11.857256
10.414902 11.752098
10.610582 11.686685
10.782187 11.557490
10.931107 11.436389
11.081566 11.185919
11.305689 11.240777
11.703358 11.816126
11.859439 12.804403
11.819533 13.005430
11.714228 13.000238
11.563558 13.026408
11.060381 13.461558
10.845509 14.067947
10.813911 14.324806
10.290438 13.921842
9.702229 13.662557
9.542148 13.238592
9.492373 13.111420
9.412724 13.009243
9.397114 13.083525
9.572206 13.103101
9.633688 13.113163
9.751592 13.116969
9.896357 13.102777
10.085817 13.311258
10.198030 13.435588
10.316150 13.546567
10.281925 13.786816
10.235428 13.926340
10.535144 14.122653
10.618482 14.304300
10.734759 14.511521
10.754184 14.399045
10.789938 14.456848
10.686956 14.427398
10.629739 14.263875
10.260588 13.997561
10.189023 13.634703
9.968305 13.406038
9.836604 13.311595
9.588588 12.939715
9.481757 12.692366
9.260998 12.542504
9.186837 12.507765
9.013268 12.484692
8.990387 12.380498
8.893028 12.129582
8.815329 11.943324
8.652751 12.027018
8.528859 11.977970
8.315096 11.675940
7.947615 11.711103
7.746432 12.121771
7.442160 12.269792
7.402205 12.450353
6.917871 12.630101
6.842325 12.812090
6.772131 12.769143
6.757545 12.653545
6.692293 12.390827
6.385432 11.940626
6.187787 11.551121
5.818096 11.086570
5.654316 10.412393
5.536766 9.933941
5.356630 9.383069
4.961218 9.151808
4.766207 8.769621
4.697263 8.569584
4.775144 8.481575
4.791344 8.194122
4.749425 7.757214
4.953952 7.856660
5.130544 8.061481
5.249786 8.393602
5.430677 8.489148
5.804424 8.871542
6.312625 9.534125
6.455254 9.443326
6.240694 8.753052
6.205976 8.617871
6.247055 8.560109
6.234242 8.316406
6.132745 8.179482
5.884572 8.183450
6.022248 8.258423
6.039561 8.013484
6.026957 7.795651
6.173270 7.831118
6.341595 8.006105
6.661034 8.179370
6.979099 8.333048
7.046324 8.422343
7.177317 8.587776
7.190024 8.334198
7.258961 8.119664
7.343673 8.196208
7.421601 8.096588
7.403003 7.970759
7.404835 7.641983
7.395161 7.400327
7.252261 7.225160
7.199088 7.114799
7.153458 6.959488
6.967507 6.685111
6.863237 6.607432
6.790837 6.607327
6.745480 6.560350
6.877830 6.478246
7.131603 6.693470
7.866880 6.982340
8.124986 7.233597
8.628048 7.083627
9.044820 7.041781
9.303019 6.853727
9.497448 6.543620
9.680338 6.237604
9.611457 6.195373
9.790265 6.113673
9.802635 5.950009
9.713310 5.906718
9.646539 5.799912
9.566815 5.747302
9.532785 5.547522
9.621509 5.549670
9.426526 5.441502
9.380893 5.475251
9.093983 5.388140
9.025320 5.334915
8.913831 4.696861
8.787513 4.661571
8.553264 4.717088
8.443472 4.813859
8.479561 4.942638
8.231671 4.959273
7.969079 4.977146
7.661857 5.116461
7.460313 5.261216
7.123535 5.185822
7.066580 5.198911
6.831178 5.215878
6.653005 5.312204
6.347185 5.189895
6.245596 5.058547
6.158671 4.933469
5.999326 4.824270
5.809707 4.818956
5.741402 4.790573
5.711772 4.833767
5.662060 4.965685
5.551054 5.149101
5.571344 5.334008
5.691297 5.521820
5.911949 5.831064
6.213546 6.320888
6.568159 6.765767
6.759855 7.122313
6.862000 7.506063
6.879715 7.703020
6.934553 7.874886
6.966766 8.104408
7.056054 8.477320
7.052992 8.229484
7.295107 8.721648
7.761053 9.399623
8.259508 10.142356
8.623486 10.893500
8.949429 11.559411
9.299952 12.022615
9.610413 12.567464
9.655395 12.897972
9.712167 13.074016
9.607152 13.265559
9.493275 13.127334
9.436079 13.110714
9.108625 13.162547
8.816730 12.834858
8.544126 12.273516
8.172915 11.770910
7.728152 11.254156
7.450336 10.879661
7.173440 10.492865
6.785966 10.042944
6.804267 9.478831
6.739101 9.522152
6.696949 9.146856
6.727789 8.735908
6.802141 8.658735
6.966745 8.911990
7.483610 9.302032
8.149238 10.348048
8.970916 11.362433
10.048673 12.281998
11.080707 13.353055
12.247090 14.392631
13.337110 14.972672
14.337163 15.163273
15.084099 15.007888
15.876911 14.951643
16.531212 14.809598
17.097141 14.712274
17.417504 14.663186
17.821571 14.436266
18.321111 14.409800
18.557858 14.422178
18.821227 14.171300
19.082796 14.231180
19.251984 14.202083
19.502450 14.082797
19.644790 14.056993
19.764491 14.041743
19.777940 14.000259
19.729453 14.012406
19.718469 13.977484
19.721656 13.906301
19.607278 13.881598
19.468809 13.680893
19.353732 13.654874
19.388753 13.519912
19.377122 13.419668
19.312521 13.382675
19.270183 13.361386
19.146526 13.145880
19.014128 13.093950
18.986628 12.870474
18.746936 12.757787
18.604350 12.687309
18.504059 12.530364
18.356124 12.265020
18.078547 12.076765
17.713995 11.935910
17.377164 11.585368
17.061081 11.382675
16.504938 11.186724
15.936505 11.174185
15.770689 10.809245
15.399701 10.651884
15.181093 10.578673
14.920268 10.779080
14.715976 10.794733
14.386549 10.852115
14.180147 11.162956
13.946815 11.258099
13.553507 11.240758
13.342719 11.260481
12.970540 11.250638
12.864223 11.326690
12.714303 11.508859
12.363694 11.615920
11.799495 11.338490
11.471204 10.857811
10.856848 10.527347
10.287897 10.353395
9.758703 9.773553
9.468912 9.550524
9.455210 9.318135
9.366981 8.956141
9.435639 8.821743
9.546679 8.767136
9.662699 8.741070
9.495569 8.406102
9.660669 8.259784
9.814656 8.293787
10.167022 8.372165
10.817268 8.625852
11.801743 9.045742
12.710455 9.387368
13.390364 9.703720
14.039935 10.146938
14.493133 10.323241
14.710156 10.269894
14.969475 10.291165
15.159090 10.282651
15.192085 10.250656
15.498596 10.269131
15.670431 10.223897
15.956642 10.185131
16.169698 10.324481
16.364805 10.393621
16.545462 10.397083
16.695325 10.468035
16.328187 10.077968
16.110301 9.641234
15.893585 9.205957
15.348922 8.927612
14.899264 8.775545
14.611964 8.529130
14.260990 8.302476
13.996865 8.123103
13.788796 8.022366
13.181945 7.853186
12.749163 7.897396
12.408385 7.996764
12.010173 7.896127
11.670308 7.809804
11.298880 7.870654
11.291505 8.262777
