1.989343 2.036262
2.004798 2.055043
2.022003 2.112475
2.054662 2.194932
2.082818 2.281924
2.118733 2.429500
2.157178 2.568639
2.201168 2.702816
2.284569 2.905263
2.366968 3.102116
2.167881 3.001667
2.086846 2.928039
2.018604 2.858136
2.140768 2.989312
2.148021 2.898669
2.125781 2.890592
2.325608 3.234409
2.802564 3.859504
3.220515 4.207206
3.555702 4.687793
3.764795 4.867846
3.938582 5.096796
4.209936 5.271496
4.368165 5.384659
4.568483 5.529179
4.834398 5.685301
5.055325 5.832204
5.287310 5.965500
5.471625 6.074276
5.577928 6.128723
5.667314 6.029508
5.572289 5.854977
5.459705 5.578837
5.284169 5.305613
5.135530 5.164466
4.849278 4.787500
4.515701 4.475079
4.032386 4.137077
3.590491 3.742162
3.266508 3.576131
3.064197 3.282800
3.062566 3.284280
3.159743 3.444463
3.233073 3.526385
3.078697 3.446993
2.991379 3.344136
3.008240 3.244592
2.929226 3.309481
2.951203 3.272379
3.039794 3.374165
3.358244 3.605198
3.831058 4.067609
4.314698 4.441147
4.864511 4.946672
5.167411 5.250343
5.390568 5.416516
5.578994 5.509868
5.653362 5.531186
5.766882 5.551004
5.772112 5.555080
5.703433 5.572215
5.652713 5.555511
5.482424 5.357167
5.287083 5.277173
4.966119 4.939994
4.503294 4.641758
4.285279 4.251216
3.827176 4.070159
3.618284 3.699865
3.448624 3.469950
3.377293 3.314609
3.304115 3.289184
3.178688 3.270420
3.183756 3.273899
3.140123 3.369230
3.127218 3.393595
3.189685 3.427444
3.318363 3.595067
3.514559 3.736925
3.663276 3.787149
3.860042 3.833020
4.160844 3.948685
4.564492 4.324022
4.953379 4.814556
5.471643 5.232191
5.908765 5.526038
6.187021 5.779532
6.341775 5.878316
6.436822 5.910523
6.467949 5.932651
6.469726 5.925546
6.589195 5.989578
6.734334 6.095163
6.862167 6.198094
6.957165 6.306612
7.089545 6.378056
7.174580 6.471016
7.116497 6.308841
7.094050 6.266386
6.945192 6.182553
6.783827 6.065372
6.538632 5.829984
6.183018 5.536176
6.016818 5.250056
5.849932 4.899439
5.663368 4.828161
5.616087 4.855839
5.638383 4.931258
5.714963 5.060280
5.726065 5.045029
5.274350 4.835682
5.054899 4.716720
4.868971 4.460402
4.762417 4.354075
4.524016 4.211257
4.436675 4.170047
4.542355 4.261177
4.959122 4.631178
5.401040 5.176658
5.645191 5.473192
5.931640 5.770414
5.792326 5.836153
5.655376 5.530998
5.723907 5.534714
5.812562 5.611348
6.059210 6.045048
6.398178 6.389818
6.638492 6.671066
6.708525 6.854962
6.722015 6.934074
6.592333 6.871588
6.428029 6.637479
6.238939 6.419530
6.016581 6.199232
5.911643 6.015559
5.836422 5.967539
5.923400 5.974279
6.123295 6.170176
6.478936 6.743527
6.829098 7.258667
7.334953 7.907857
7.851062 8.527902
8.262042 9.063636
8.615221 9.587257
8.917717 10.044601
9.213384 10.455100
9.360408 10.759125
9.644954 11.073379
9.802127 11.386272
9.797730 11.650057
9.891600 11.760675
9.958696 11.921949
10.050845 12.160074
10.207702 12.155529
10.351888 12.240912
10.381084 12.422812
10.449465 12.443152
10.505044 12.523232
10.544125 12.644672
10.629877 12.759831
10.705056 12.826655
10.801422 12.921053
10.868136 12.921844
10.956483 12.984418
10.857374 13.095476
10.890362 13.194901
10.984370 13.316350
11.110725 13.433700
11.186616 13.522230
11.273522 13.619849
11.336319 13.772666
11.559216 13.904436
11.647661 14.038459
11.729880 14.188698
11.763961 14.276145
11.718566 14.339400
11.766505 14.532244
11.786222 14.673255
11.770213 14.756476
11.785841 14.871170
11.615554 14.804068
11.657941 14.819021
11.736848 14.865247
11.803816 14.890467
11.774703 14.873725
11.856437 14.924057
11.892025 15.125481
11.905258 15.395362
12.033053 15.489052
12.104726 15.526690
12.102530 15.484832
12.153259 15.500790
12.043387 15.404583
12.030346 15.341931
12.075894 15.295273
12.137416 15.282843
12.156978 15.210834
12.213366 15.212516
12.316509 15.306980
12.688196 15.573179
13.204028 16.075039
13.819407 16.421510
14.002116 16.793080
14.231391 16.901798
14.300628 16.826875
14.005275 16.567355
13.751763 16.011276
13.712385 16.027187
13.614129 15.929152
13.544908 15.745008
13.414974 15.426943
13.244224 15.025080
12.810877 14.731684
12.526812 14.239240
12.104296 13.686550
11.589733 13.369531
11.291813 12.924644
10.955223 12.610082
10.950673 12.612522
11.343257 12.927260
11.727729 13.139524
12.123256 13.475143
12.585548 13.727497
12.778030 13.972215
12.948719 14.149651
13.250847 14.373099
13.293614 14.281882
13.339146 14.173575
13.309470 14.060127
13.386971 14.240508
13.759843 14.997197
14.149707 15.851149
14.399304 16.447023
14.530463 16.756018
14.489467 16.945927
14.461121 16.951672
14.388854 16.974317
14.271158 16.910107
14.195826 16.835520
14.143627 16.701866
14.116459 16.619452
14.015411 16.491118
13.995784 16.457451
13.893446 16.609333
13.952041 16.578399
13.886268 16.476375
13.707015 16.411308
13.517471 16.253432
13.296424 16.110840
13.098967 15.730170
12.726877 15.278046
12.420375 14.857386
11.946196 13.933777
11.582144 13.460229
11.517399 13.395924
11.348418 13.177973
11.012675 12.727558
10.677271 12.305648
10.390260 11.940503
9.869140 11.317039
9.601128 10.464325
9.049484 10.082489
8.832172 9.482938
8.807675 9.347767
8.899238 9.165905
9.072779 9.287466
9.326826 9.479071
9.474439 9.720177
9.541653 9.820053
9.769231 10.268930
10.177420 10.896637
10.820264 11.320711
11.075274 11.578432
11.233246 11.691410
11.167171 11.743477
10.702480 11.672966
10.348588 11.233180
9.785266 10.552654
9.420266 9.966882
9.236446 9.327285
8.583804 8.218932
8.401209 7.910821
8.348634 7.823344
8.249223 7.660888
8.381037 7.403201
8.433024 7.523443
8.546841 7.622013
8.649729 7.724291
8.802864 7.882731
8.999439 7.954658
9.211325 8.331979
9.375062 8.677223
9.482315 8.728113
9.500840 8.822852
9.427621 8.644037
9.227790 8.568812
8.854288 8.491616
8.773100 8.280160
8.877740 8.313523
8.889219 8.371454
8.916493 8.416574
8.869237 8.316128
8.187518 7.797467
7.873064 7.590955
7.185485 7.106843
6.900901 6.671406
6.357122 6.420503
5.722600 5.925679
5.318031 5.685720
4.850326 5.224658
4.364194 4.881922
3.817767 4.480542
3.352410 4.044820
3.106833 3.513477
2.795921 3.159106
2.493294 3.091830
2.394511 2.876869
2.381507 2.917518
2.480647 2.956825
2.512818 2.819979
2.485543 2.945378
2.410891 3.022830
2.218825 2.966805
1.900263 2.814670
1.758284 2.705537
1.645684 2.702523
1.713468 2.859898
1.795743 2.974668
1.942860 2.973850
2.063594 3.034380
2.225590 2.976888
2.406424 2.953627
2.696312 3.153362
3.087773 3.442273
3.492698 3.852279
4.016986 4.324532
4.437430 4.691964
4.836946 4.938242
5.262355 5.175806
5.692339 5.398224
6.165202 5.640993
6.741594 5.879399
6.769592 5.832549
6.663043 5.700297
6.437478 5.631518
6.247553 5.588842
6.080464 5.496291
5.931042 5.588476
5.811491 5.606945
5.768949 5.565811
5.447787 5.490400
5.118866 5.447330
4.776380 5.265281
4.527126 5.004277
4.163393 4.765674
4.044546 4.500731
3.765446 4.112725
3.365346 3.370076
3.296470 3.184225
3.256076 3.028046
3.368040 3.003682
2.648839 2.927129
2.703452 2.988282
2.434691 2.921353
2.529127 2.911783
2.608204 2.964531
2.738779 3.072325
2.817214 3.108736
2.819802 3.098732
2.903366 3.153999
2.930016 3.149534
2.949424 3.170230
2.911945 3.056104
2.859095 2.950347
2.786012 2.791398
2.665833 2.762260
2.559236 2.753984
2.568046 3.034046
2.666398 3.376157
3.006283 3.903496
3.845953 4.989560
4.626444 6.124567
5.090374 7.071679
5.224527 7.616023
5.291308 7.875693
5.333406 7.950924
5.258226 7.978793
5.184794 8.060707
5.243642 8.254189
5.141770 8.276200
5.258825 8.145467
5.332366 7.868865
5.376801 7.408834
5.464765 6.756538
5.171067 5.951145
4.729476 5.150209
4.210227 4.356269
3.784184 3.697764
3.373565 3.297076
3.162721 3.136538
3.052751 3.018942
2.985244 2.960702
2.710863 2.751695
2.719427 2.720274
2.775713 2.807793
2.731810 2.854038
2.629242 2.821337
2.512867 2.646962
2.352502 2.571998
2.279864 2.530411
2.381764 2.518238
2.494526 2.649520
2.665717 2.791294
2.773483 2.977609
3.052367 3.269618
3.347120 3.567650
3.638548 3.888851
4.104916 4.348317
4.648301 4.845917
5.050934 5.094441
5.293823 5.262566
5.687876 5.444890
5.711550 5.510369
5.718699 5.597288
5.815655 5.702532
5.851061 5.840126
5.733130 5.894153
5.901094 6.087918
6.136965 6.244219
6.273872 6.341960
6.281184 6.177325
6.285917 6.083289
6.085115 5.914837
5.897717 5.662398
5.526739 5.466007
4.836831 5.247827
4.572105 5.057900
4.484127 4.909266
4.333110 4.781175
4.341369 4.721669
4.458540 4.819726
4.635700 4.961127
4.762129 5.128261
5.003963 5.295370
5.176203 5.413739
5.165931 5.488271
5.170254 5.583362
5.051107 5.575427
4.944270 5.449074
4.800290 5.287281
4.778417 5.264172
4.608084 5.374788
4.173011 5.240241
3.911739 4.879960
3.561360 4.551400
3.319933 4.270665
2.896478 3.714837
2.502783 3.152257
2.092042 2.767066
2.074513 2.717767
2.143840 2.749644
2.172517 2.639971
2.030903 2.420753
1.910674 2.211206
1.851572 2.043514
1.772990 1.928091
1.669768 1.764910
1.631482 1.743828
1.649192 1.732026
1.716686 1.849772
1.783207 2.004461
1.846210 2.166820
1.965002 2.326312
2.046022 2.464396
2.222976 2.670037
2.371802 2.792948
2.407236 2.808337
2.152753 2.786520
2.143538 2.815612
2.223049 2.855009
2.303544 2.879583
2.307002 2.949200
2.324538 2.884410
2.292190 2.874481
2.383791 2.846866
2.369291 2.733484
2.531620 2.813643
2.640187 2.947937
2.765230 3.090746
2.910597 3.192580
3.011194 3.267371
3.091431 3.364015
3.240871 3.403801
3.407712 3.642625
3.463416 3.649230
3.223759 3.616861
3.142150 3.674729
3.204646 3.811156
3.386982 3.942656
3.364767 3.920313
3.365022 3.801874
3.609672 3.942476
3.879644 4.169301
4.110749 4.346231
4.428993 4.533015
4.761704 4.728564
5.058664 4.925617
5.331436 5.097400
5.554768 5.201062
5.748781 5.270648
5.961806 5.342783
6.193790 5.392590
6.356866 5.414586
6.465194 5.442818
6.449281 5.377204
6.405180 5.356903
6.364452 5.244600
6.354116 5.111222
6.203277 4.971817
6.028673 4.759620
5.778775 4.678269
5.465564 4.393533
5.084433 4.218020
4.613688 3.783270
4.133831 3.532822
3.754901 3.408056
3.272487 3.204263
2.834661 2.844785
2.254016 2.535324
2.032268 2.223893
1.888362 2.185964
1.880282 2.156452
1.896772 2.006876
1.900083 1.926169
1.706846 1.615891
1.633317 1.552433
1.559283 1.450354
1.583420 1.448119
1.599178 1.493738
1.733400 1.604946
1.882725 1.745411
1.988789 1.918036
2.056007 2.017849
2.110092 2.207803
2.201150 2.291216
2.296072 2.502918
2.369382 2.620948
2.529747 2.788230
2.683833 2.929467
2.843019 3.068737
2.959729 3.235580
3.174757 3.452044
3.468799 3.679086
3.774671 3.908486
4.034486 4.185763
4.292852 4.420613
4.635368 4.630303
4.995591 4.940274
5.249480 5.134749
5.613655 5.671784
6.201132 6.214108
