120
80
90
90
80
90
80
80
80
90
90
80
90
90
80
80
80
90
90
80
90
90
90
80
90
80
80
90
90
80
90
90
80
80
130
140
120
130
130
120
130
130
180
180
230
220
220
220
220
220
220
220
230
220
220
230
220
220
220
230
210
260
280
260
260
250
270
260
260
250
270
260
260
260
260
270
260
280
270
260
270
370
480
480
480
480
480
550
560
550
560
550
550
550
550
550
550
550
550
550
560
560
550
560
550
560
550
370
250
250
250
250
250
240
280
280
320
360
370
370
380
370
370
370
360
380
370
420
420
420
430
420
420
420
420
430
420
420
420
420
470
470
480
470
540
520
510
510
500
500
510
500
510
500
510
510
500
510
500
510
530
520
570
570
580
580
580
580
590
550
560
560
600
600
600
600
610
600
630
600
600
600
590
600
590
590
600
600
590
620
590
610
590
590
600
590
620
600
650
660
660
660
660
650
660
670
670
660
670
690
670
660
730
720
740
730
740
730
730
740
750
730
740
730
740
730
750
730
730
730
740
740
720
740
740
730
730
730
760
810
1140
1140
1140
1140
1140
1030
750
750
750
750
770
770
780
760
820
820
830
800
860
860
860
890
870
890
860
870
870
890
860
910
1070
870
940
1010
1010
1020
1000
1050
1110
1120
1180
1250
1240
1230
1240
1310
1320
1330
1330
1320
1380
1360
1370
1400
1370
1380
1400
1400
1370
1400
1380
1390
1370
1350
1380
1360
1380
1380
1380
1390
1390
1390
1380
1400
1400
1390
1490
1140
1600
2140
2150
2140
2140
2130
2130
2110
2100
2100
2080
1360
1360
1370
1360
1350
1450
1430
1440
1450
1520
1520
1520
1530
1610
1610
1610
1630
1630
1640
1660
1640
1690
1680
1680
1650
1670
2070
2550
2380
1710
1700
1710
1700
1700
1780
1770
1780
1780
1780
1760
1760
1780
1760
1770
1770
1750
1840
1860
1820
1820
1830
1860
1870
1870
1870
1900
1910
1940
1920
1920
1930
1980
2000
2440
2200
1950
1970
1960
1940
2030
2030
2670
2960
2020
2020
2060
2030
2020
2030
2030
2010
2300
2880
2010
2100
2410
3190
3310
3320
2700
2240
2190
2180
2210
2240
2690
3340
3120
2140
2150
2100
2130
2130
2160
2140
2150
2190
3080
3280
3280
3390
2560
2360
3120
2480
2280
2330
2250
2300
2290
2280
2370
2360
2350
2320
2330
2300
2310
2360
2320
2350
2360
2410
2380
2400
2390
2500
2440
2480
2480
2500
2480
2480
2500
2510
2460
2440
2410
2400
2420
2490
2540
2620
2530
2500
2520
2470
2540
2540
2530
2500
2630
2680
2420
2420
2420
2500
2560
2590
2560
2970
3950
3530
2610
2610
2620
2620
2620
2630
2620
2630
2630
2620
2600
2600
2600
2600
2580
2580
2570
2560
2550
2560
2550
2540
2630
3590
3760
2740
3200
2460
2460
2460
2510
2510
2560
2500
2530
2580
2500
2600
2590
2580
2540
2550
3000
4060
4070
3560
2610
3310
2580
2600
2600
2560
2140
1590
1730
1810
2540
2660
2680
