1.977069 2.038474
1.928139 2.015579
1.896083 2.049685
1.905295 2.124079
1.831109 1.995537
1.806780 2.040757
1.818978 2.159451
1.780638 2.237261
1.775867 2.431297
1.812825 2.571874
1.907262 2.765873
1.960314 2.894273
1.949468 3.075484
2.032110 3.258496
2.023331 3.236533
2.176024 3.420513
2.530665 3.763340
2.938920 4.224031
3.044367 4.383805
3.289760 4.524565
3.331670 4.542014
3.424186 4.432751
3.459365 4.315843
3.491342 4.179341
3.652718 4.264187
3.801048 4.393224
3.960291 4.443879
4.156745 4.522267
4.346419 4.648325
4.478213 4.735164
4.615794 4.834655
4.667222 4.819911
4.694001 4.836905
4.711480 4.788941
4.834498 4.781018
4.758398 4.813180
4.877318 4.901985
4.996261 5.010054
4.904488 4.977201
5.032511 5.050917
5.134172 5.132610
5.152550 5.142769
5.308039 5.303118
5.559521 5.525375
5.617117 5.647227
5.552867 5.560577
5.530761 5.515265
5.677898 5.664985
5.864567 5.782535
6.171865 6.128438
6.698229 6.471029
7.026590 6.673890
7.268797 6.814278
7.417197 6.831906
7.365268 6.705567
7.315469 6.525614
7.222468 6.429321
7.118905 6.326406
7.065354 6.099737
6.903960 5.808628
6.785205 5.761064
6.664340 5.800903
6.367494 5.512348
6.291074 5.441104
6.219235 5.225911
6.082526 5.068425
5.912342 4.986638
5.588307 4.720571
5.485778 4.566312
5.382905 4.370351
4.969181 4.310191
4.544717 4.115355
4.274493 3.962513
4.221150 3.737574
3.966107 3.759855
3.964842 3.763320
3.989740 3.766172
4.039211 3.917239
4.171595 4.211247
4.236605 4.170771
4.343178 4.213692
4.774107 4.646466
5.360017 5.199431
5.706735 5.467036
5.932484 5.649155
5.864766 5.565407
5.908414 5.574783
5.815277 5.528915
5.754572 5.390150
5.704290 5.323849
5.624499 5.248072
5.725855 5.464180
5.762165 5.557296
5.844627 5.640145
5.813993 5.688409
5.702779 5.719443
5.676901 5.850841
5.482904 5.855318
5.482359 5.796064
5.390400 5.660038
5.434280 5.659079
5.404108 5.707800
5.378142 5.691706
5.420339 5.661028
5.566946 5.822600
5.593180 5.752097
5.729420 5.885825
5.906012 6.110195
6.006118 6.361526
6.236152 6.494651
5.972125 6.372364
5.736489 6.192654
5.564631 6.069882
5.487041 6.056820
5.431006 6.002007
5.507906 5.925147
6.048999 6.503729
6.549460 7.048277
6.659188 7.166059
6.732092 7.259904
6.684475 7.302056
6.592449 7.278443
6.553311 7.164229
6.488456 7.146440
6.507915 7.096636
6.457326 7.117536
6.388388 7.106104
6.245951 6.940279
6.150868 6.699276
5.980565 6.549612
5.762844 6.334610
5.655183 6.120551
5.591728 6.087849
5.482693 5.929888
5.388645 5.942983
5.413518 5.986286
5.369657 6.161140
5.423006 6.387133
5.573531 6.556924
5.902971 6.867613
6.180537 7.277529
6.156518 7.462893
6.255105 7.542788
6.409055 7.692836
6.510719 7.704603
6.611615 7.749118
6.778602 7.851560
7.266270 8.243427
7.543606 8.439758
7.720543 8.564203
7.743317 8.746468
7.683425 8.948787
7.677017 9.238946
7.559380 9.394388
7.539721 9.365902
7.484173 9.289316
7.529784 9.344773
7.394870 9.175036
7.268142 9.034544
7.076460 8.904277
6.939983 8.566493
6.820165 8.355053
6.618858 8.220581
6.639615 8.039699
6.567040 7.754745
6.321942 7.677728
6.256313 7.566180
6.152809 7.223123
6.244324 7.169457
6.334661 7.257764
6.451822 7.363408
6.608880 7.590215
6.721719 7.760972
6.513163 7.693380
6.424332 7.621928
6.298849 7.655545
6.293385 7.682343
6.457685 7.995720
6.632520 8.219738
6.578403 8.306689
6.480628 8.209771
6.279435 7.933514
6.079368 7.889537
6.093961 7.908605
6.151726 7.901989
6.635635 8.458924
6.935512 8.749158
7.050487 8.813244
7.120483 8.776991
6.983258 8.586095
6.852567 8.678726
6.891279 8.627423
6.796002 8.433768
6.802431 8.248123
6.907272 8.320940
7.013772 8.332044
7.323683 8.700263
8.174291 9.540991
9.110599 10.299288
10.178920 10.994977
10.812055 11.275444
10.911992 11.331287
10.812689 11.271073
10.594664 11.300422
10.608362 11.135057
10.537507 11.320606
10.450405 11.412349
10.447654 11.440492
10.396764 11.334590
10.218748 11.258778
10.125583 11.252128
10.019801 11.149450
9.826282 10.902642
9.662800 10.641494
9.391220 10.478331
9.162307 10.402662
8.794612 10.197426
8.561563 9.868218
8.418094 9.782688
8.255328 9.815272
8.136467 9.819580
7.880519 9.762535
7.445256 9.626405
7.146104 9.242526
7.186224 9.058732
7.006737 8.918604
6.859746 8.707083
6.680130 8.504914
6.708172 8.558840
6.799946 8.722672
7.300972 9.263018
7.125476 9.010008
7.058350 8.788180
6.818613 8.617352
6.745462 8.346779
6.611091 8.316375
6.542328 8.249022
6.504414 8.223465
6.531454 8.247153
6.615321 8.324285
6.521841 8.306993
6.572840 8.359768
6.643929 8.484879
6.726550 8.407963
6.628354 8.384560
6.576633 8.268984
6.596163 8.086163
6.648116 8.040813
6.711913 8.054102
6.737452 8.076997
6.810543 8.147017
6.752265 7.852888
6.567195 7.641647
6.131619 7.388541
5.847645 7.035062
5.515635 6.407064
5.353316 6.225273
5.197234 5.998198
5.200224 5.906603
5.223971 5.896942
5.197697 5.793608
5.017321 5.526341
4.860061 5.423032
4.875541 5.381978
4.922478 5.378035
4.889024 5.324948
4.813942 5.239878
4.732388 5.229315
4.900482 5.319963
4.989908 5.397127
5.169948 5.498884
5.324563 5.702011
5.380793 5.720155
5.288217 5.683005
5.213673 5.544198
5.217397 5.155877
5.116588 4.647883
4.867876 4.062632
4.687763 3.628817
4.561493 3.354963
4.600904 3.491519
4.463830 3.497148
4.365073 3.598030
4.391830 3.764744
4.462447 4.011218
4.521046 4.054908
4.722425 4.264585
4.942751 4.551986
5.269904 4.865682
5.447416 5.104658
5.569377 5.262371
5.608939 5.411075
5.681127 5.525536
5.925854 5.653477
5.857490 5.747724
5.829199 5.795510
5.788507 5.608470
5.677519 5.402123
5.831955 5.243658
5.925459 5.158772
5.797182 4.871369
5.429511 4.427805
5.241757 4.110007
5.133111 3.963137
4.843347 3.796647
4.789694 3.821135
4.739528 3.789435
4.530270 3.761727
4.636487 3.705287
4.585122 3.705033
4.589125 3.616885
4.552203 3.609297
4.416199 3.505133
4.258345 3.418448
4.145698 3.315974
4.004786 3.278411
4.102127 3.198514
4.145306 3.191603
4.192820 3.188462
4.228874 3.113955
4.403190 3.198839
4.173702 3.079143
3.877554 2.874054
3.543003 2.421834
3.294344 2.303520
3.070841 2.224975
2.992836 2.371686
3.124706 2.563883
3.328568 2.851133
3.511423 3.048668
3.663578 3.234745
3.642708 3.323773
3.856341 3.558433
4.084906 3.830077
4.322473 4.128264
4.573819 4.459020
4.882371 4.771862
5.086232 4.927893
5.446459 4.992883
5.837822 5.061032
6.025382 4.790927
6.100366 4.739560
6.072244 4.518281
6.089469 4.401816
5.976395 4.374870
5.995715 4.228788
6.108537 4.371043
6.262628 4.654402
6.428073 4.939348
6.583405 5.214808
6.713508 5.480255
6.851691 5.615691
6.966585 5.718470
7.116924 5.789991
7.094076 5.764584
7.233812 5.953795
7.200379 5.904326
7.106071 5.725954
7.038873 5.549870
7.071510 5.615389
7.267348 5.699139
7.311169 5.750874
7.259170 5.641664
7.276449 5.582323
7.198414 5.360536
7.204988 5.271806
7.112885 5.341293
7.049187 5.357737
6.990726 5.381494
6.982009 5.358763
7.130632 5.343833
7.140214 4.975632
7.088503 4.909388
7.012535 4.564826
6.957223 4.427364
6.875340 4.071643
6.785481 4.001962
6.878297 4.099423
7.010390 3.979018
7.084145 3.931889
7.198143 4.138105
6.707302 3.866137
6.001742 3.642434
5.718466 3.562228
5.593464 3.456994
5.477978 3.476476
5.292555 3.445521
5.045413 3.441180
5.017323 3.557148
5.015517 3.590793
5.036305 3.548065
4.973376 3.499669
4.830369 3.381828
4.847894 3.411432
4.803681 3.521497
4.750965 3.546884
4.884490 3.683450
4.986514 3.861955
5.145238 4.052624
5.308916 4.257491
5.513255 4.490362
5.687033 4.671477
5.715186 4.697093
5.629147 4.639984
5.662306 4.659478
5.756661 4.690722
5.821359 4.653040
5.772980 4.562199
5.691156 4.553350
5.653982 4.498782
5.818990 4.543039
5.874602 4.574483
5.998324 4.591989
6.022781 4.708560
6.085903 4.826675
6.039223 4.930212
6.020866 5.052639
6.168526 5.227184
6.284866 5.382769
6.270430 5.495141
6.334030 5.637179
6.435274 5.680379
6.207301 5.494738
6.076756 5.446006
5.937163 5.404643
5.378127 5.218719
5.057516 5.288788
4.778050 5.172744
4.391035 5.096294
4.227872 4.928338
4.331239 5.100842
4.251678 5.151885
4.361380 5.299794
4.543429 5.391004
4.367674 5.502959
4.442128 5.565710
4.496927 5.772887
4.561840 5.941238
4.670164 6.134352
4.757312 6.391849
4.937173 6.707260
5.010315 6.870773
5.157927 7.031108
5.291133 6.987827
5.344613 6.786376
5.434520 6.956624
5.571519 7.280957
5.615100 7.399535
5.638088 7.615162
5.799297 7.878346
5.987944 8.360007
6.191362 8.469211
6.446209 8.080432
6.617465 7.633161
6.881083 6.919151
7.096975 6.526231
7.244372 6.440893
7.310508 6.204567
7.323170 5.991526
7.542877 5.902296
7.593682 5.857380
7.486983 5.725290
7.305622 5.420796
6.842533 5.146974
6.565347 4.961832
6.202043 4.629851
5.824815 4.278302
5.490763 4.242987
5.314510 4.170893
5.143078 4.117113
5.155798 4.232846
4.999462 4.085300
4.894711 4.121284
4.706231 4.055369
4.701984 4.129806
4.596170 4.118962
4.576661 4.176813
4.394585 4.140703
4.419497 4.230010
4.502820 4.321100
4.603566 4.404625
4.686033 4.404313
4.640562 4.401982
4.529324 4.370294
4.445671 4.412033
4.480176 4.286316
4.505294 4.373475
4.521366 4.482961
4.531010 4.337973
4.435117 4.331495
4.615076 4.432622
4.643191 4.465366
4.725201 4.542000
4.939671 4.736112
4.965954 4.827531
4.928371 4.730988
4.831851 4.686422
4.753585 4.561068
4.875832 4.622763
4.912006 4.631997
4.915753 4.650483
4.819283 4.575143
4.872481 4.607410
4.929710 4.674640
4.938943 4.780658
5.049386 4.892228
5.173558 5.059917
5.282769 5.172728
5.280706 5.171162
5.389784 5.303729
5.499092 5.432489
5.607544 5.574086
5.669380 5.711527
5.685426 5.605006
5.623265 5.600253
5.569768 5.525096
5.478691 5.547724
5.528948 5.555045
5.477083 5.578185
5.349688 5.530631
5.510748 5.665325
5.632936 5.752505
5.626702 5.718508
5.669145 5.794023
5.604488 5.815702
5.578836 5.777255
5.581981 5.689267
5.734369 5.745788
5.738804 5.714922
5.861954 5.897683
5.975818 5.882428
5.887369 5.854359
5.646583 5.535789
5.431012 5.196442
5.067773 4.958863
4.954835 4.840316
4.845772 4.639377
4.734616 4.514104
4.584059 4.433971
4.414804 4.364857
4.564814 4.438788
4.310083 4.300822
4.235668 4.261971
4.109680 4.257713
4.004396 4.308163
3.839992 4.279561
3.951589 4.427010
4.034311 4.502610
4.192235 4.669903
4.338305 4.839735
4.539527 5.023595
4.717864 5.235832
4.880277 5.440185
5.026763 5.556559
5.056291 5.726910
5.255607 5.824456
5.371679 5.920824
5.634214 6.168878
5.863026 6.403272
6.389123 6.934640
6.794211 7.282251
