150
210
320
430
540
650
640
530
580
650
700
760
1120
1150
1140
1150
1160
1130
1110
1100
1100
1090
1100
1120
1100
1090
1110
1120
1130
1140
1140
1130
1140
1120
1130
1490
1710
1720
1710
1720
1290
1120
1140
1130
1140
1140
1120
1140
1160
1700
1710
1710
1130
1130
1490
1650
1120
1130
1130
1130
1140
1130
1140
1130
1110
1100
1130
1140
1130
1120
1130
1140
1130
1130
1130
1100
1110
1100
1100
1100
1100
1100
1110
1100
1110
1100
1110
1520
1110
1100
1100
1100
1120
1110
1130
1160
1160
1160
1150
1150
1150
1150
1150
1150
1150
1150
1150
1140
1110
1110
1120
1120
1600
1740
1740
1740
1750
1730
1740
1730
1730
1310
1130
1530
1750
1700
1740
1730
1730
1620
1700
1120
1120
1130
1170
1180
1170
1170
1170
1170
1160
1170
1170
1170
1160
1150
1130
1130
1130
1120
1130
1130
1130
1420
1760
1750
1750
1740
1410
1120
1120
1150
1120
1150
1160
1160
1170
1150
1160
1110
1110
1130
1320
1730
1740
1700
1130
1120
1120
1110
1110
1100
1110
1120
1120
1110
1120
1110
1110
1100
1100
1090
1100
1090
1100
1100
1100
1090
1100
1100
1100
1120
1680
1700
1710
1700
1710
1700
1700
1710
1710
1710
1710
1620
1110
1280
1550
1120
1110
1100
1100
1110
1100
1100
1120
1110
1100
1100
1110
1100
1110
1100
1110
1110
1110
1100
1110
1100
1100
1100
1110
1100
1110
1110
1110
1110
1110
1110
1110
1100
1110
1100
1100
1110
1100
1110
1100
1100
1110
1100
1110
1100
1100
1100
1110
1110
1100
1130
1110
1110
1150
1250
1110
1100
1110
1110
1120
1120
1110
1100
1110
1100
1100
1110
1110
1110
1100
1110
1100
1120
1100
1100
1100
1130
1100
1120
1110
1100
1110
1110
1120
1100
1440
1730
1720
1720
1720
1720
1340
1100
1110
1100
1110
1120
1100
1120
1100
1110
1100
1110
1100
1110
1120
1090
1110
1090
1120
1090
1120
1090
1120
1100
1100
1100
1120
1100
1110
1110
1100
1110
1110
1100
1090
1110
1100
1100
1100
1100
1100
1090
1100
1090
1090
1100
1090
1090
1100
1090
1090
1100
1100
1090
1090
1100
1090
1090
1100
1090
1090
1090
1100
1100
1090
1100
1100
1100
1520
1710
1700
1700
1710
1700
1330
1090
1090
1090
1100
1090
1120
1130
1100
1110
1090
1100
1090
1100
1090
1100
1090
1090
1100
1100
1110
1090
1100
1110
1100
1100
1100
1090
1130
1100
1100
1100
1100
1090
1090
1140
1040
860
1140
1100
1090
1110
1110
1110
1110
1100
1100
1100
1110
1110
1090
1090
1220
1120
1100
1090
1090
1090
1100
1110
1100
1090
1090
1090
1100
1700
1700
1700
1700
1710
1700
1700
1420
1100
1110
1100
1100
1110
1530
1710
1180
1700
1700
1710
1610
1230
1670
1700
1700
1700
1710
1710
1710
1710
1700
1710
1700
1180
1130
1140
1090
1430
1410
1130
1130
1120
1120
1100
1110
1560
1100
1090
1110
1140
1130
1140
1640
1710
1720
1500
1120
1120
1130
1090
1100
1090
1090
1100
1090
1100
1090
1100
1100
1090
1120
1100
1090
1090
1100
1120
1100
1090
1090
1100
1130
1140
1130
1130
1140
1120
1130
1140
1130
1130
1150
1100
1110
1100
1100
1120
1090
1130
1430
1710
1710
1710
1710
1710
1120
1100
1110
1140
1120
1140
1130
1130
1100
1100
1120
