1.797008 2.012797
1.791017 2.001198
1.771353 1.942960
1.715243 1.900733
1.680771 1.897332
1.629027 1.877639
1.660506 1.969680
1.617133 2.023113
1.695881 2.211269
1.779336 2.323767
1.830579 2.503042
1.742655 2.525261
1.770370 2.660427
1.911444 2.793969
1.841070 2.710924
1.921291 2.686808
2.252888 2.921299
2.747407 3.426247
3.072106 3.738596
3.325161 4.009640
3.464954 4.130982
3.551293 4.203563
3.629769 4.286440
3.652882 4.349728
3.842233 4.507406
3.987867 4.653650
4.157049 4.862263
4.344851 5.055708
4.528953 5.252587
4.710708 5.456083
4.882077 5.645772
5.020656 5.703197
5.149718 5.783761
5.180807 5.877563
5.272594 5.960745
5.292112 6.034001
5.323144 6.108294
5.380967 6.134129
5.262528 6.074730
5.266312 6.150357
5.161134 6.113292
5.161134 5.993740
5.198690 5.931220
5.088911 6.066850
5.037440 5.855517
4.826897 5.805901
4.723850 5.705016
4.581268 5.517986
4.409299 5.352689
4.319002 5.122018
4.659804 5.478396
4.897534 5.753818
5.144115 6.269574
5.353739 6.618517
5.507541 6.745523
5.589934 6.821233
5.709821 6.911277
5.679564 6.993721
5.644145 6.880835
5.450662 6.771263
5.489093 6.759348
5.603006 6.778009
5.479577 6.663681
5.483906 6.552817
5.435385 6.307456
5.549044 6.246250
5.636103 6.236004
5.553224 6.234213
5.450286 5.860443
5.527162 5.985564
5.256264 5.804856
5.070477 5.602081
4.964719 5.310458
4.826151 5.391085
4.752327 5.202848
4.726572 5.110667
4.910254 5.197678
4.960467 5.231896
5.130699 5.298520
5.245469 5.352703
5.262060 5.360806
5.723531 5.956624
6.170122 6.618279
6.510970 7.071208
6.767736 7.269186
7.013552 7.490679
7.159051 7.718705
7.318783 7.831129
7.364918 7.852425
7.392728 7.909026
7.428035 7.948516
7.501355 8.057029
7.587828 8.149793
7.746726 8.253504
7.922359 8.358072
8.067007 8.458785
8.230872 8.592654
8.284521 8.619903
8.396118 8.663533
8.381037 8.468997
8.368003 8.407017
8.058247 8.297952
8.102571 8.257546
8.049366 8.022009
7.960656 7.892819
7.760988 7.748405
7.821847 7.771705
7.964160 7.844749
8.120623 7.912419
8.100388 7.776919
8.089637 7.659239
7.984667 7.488691
7.826089 7.458152
7.375525 6.980471
7.125383 6.809160
6.937093 6.487963
6.986311 6.592687
7.251168 6.869228
7.403179 7.053968
7.504321 7.122891
7.751778 7.224570
7.714101 7.134394
7.499840 6.942751
7.491650 6.861943
7.495058 6.877320
7.652745 6.969100
7.788464 7.179840
7.870977 7.229348
7.635450 7.115219
7.486705 6.940995
7.334702 6.819143
7.145207 6.789257
7.084132 6.765567
7.085982 6.896553
7.107091 7.006286
7.183823 7.093949
7.303386 7.276757
7.485810 7.500554
7.702829 7.827959
8.297941 8.173801
8.565455 8.583672
8.852885 8.938200
9.023390 9.166559
9.211264 9.489698
9.388801 9.691058
9.474301 9.902802
9.526885 10.006079
9.566078 10.061224
9.423743 10.067248
9.303012 10.180028
9.269883 10.313258
8.900839 9.853806
8.568910 9.838007
8.272502 9.807954
7.994492 9.750784
7.824844 9.731948
7.851541 9.759147
7.636212 9.719185
7.313406 9.665725
7.279708 9.687568
7.323494 9.835046
7.397328 9.863158
7.408995 9.947061
7.397142 9.831612
7.436888 9.678089
7.444114 9.737318
7.406070 9.626706
7.548082 9.630103
7.626869 9.632087
7.766524 9.729297
7.897558 9.843089
7.959367 9.912365
8.053917 10.086982
7.834446 10.003551
7.727020 9.855882
7.690778 9.855866
7.681161 9.734710
7.500211 9.618583
7.466261 9.643742
7.466268 9.384022
7.427741 9.400459
7.550286 9.452214
7.675963 9.495239
7.840403 9.572829
7.804657 9.572965
7.777409 9.460168
7.571978 9.435095
7.470796 9.179265
6.939462 8.905111
6.902918 8.822531
7.004480 8.860331
6.671921 8.580992
6.768691 8.640322
6.845364 8.672718
6.934959 8.766350
7.104254 8.872894
7.279645 9.016712
7.554725 9.164085
7.760193 9.416029
8.072038 9.685421
8.239408 9.850861
8.025024 9.639090
7.771049 9.268210
7.741951 9.238782
7.693112 9.227609
7.642256 9.185935
7.654683 9.127236
7.675089 9.168603
7.709423 9.203548
7.782774 9.307376
7.857354 9.354797
7.922920 9.423126
7.968827 9.459235
8.024934 9.319252
8.032384 9.056340
8.091110 9.111499
8.143110 9.173106
8.219250 9.244620
8.323756 9.308856
8.411804 9.370747
8.574998 9.552719
8.541324 9.530182
8.594919 9.550158
8.576465 9.543476
8.598979 9.591246
8.456880 9.493638
8.445497 9.376634
8.510107 9.439883
8.595815 9.519910
8.513551 9.359194
8.462431 9.497752
8.283112 9.371666
8.020442 8.772975
7.468193 8.413403
7.111956 8.138370
6.836319 7.798637
6.689322 7.331400
6.764374 7.361289
6.843989 7.345455
6.977784 7.429261
7.210896 7.459526
7.332656 7.557072
7.478208 7.643951
7.544875 7.653045
7.538669 7.515785
7.590931 7.578076
7.631396 7.604735
7.698836 7.718082
7.735586 7.752015
7.780796 7.796799
7.854718 7.854529
7.864338 7.845393
7.518945 7.692141
7.467308 7.398967
7.193941 7.385222
7.082998 7.266155
6.972194 7.079305
6.928157 6.950620
6.988519 6.813952
7.076958 6.872907
7.147328 6.937049
7.164530 6.957028
7.188931 6.999839
7.222830 7.035875
7.243385 7.071116
7.086284 7.132141
7.103479 7.161482
6.886547 7.072283
6.988075 7.184055
7.026556 7.278470
7.179625 7.415139
7.067143 7.511368
7.040150 7.531865
7.063834 7.424391
6.840907 7.205395
6.450595 6.927001
6.088657 6.487612
5.857949 6.112522
5.510731 5.793999
5.467746 5.503598
5.584757 5.619008
5.533574 5.447404
5.512435 5.541697
5.605233 5.652389
5.763934 5.830397
5.889829 5.985371
5.964736 6.148001
6.136009 6.324644
6.340501 6.498162
6.668519 6.711852
6.782626 6.837396
6.837224 6.895817
6.890155 6.959850
6.955125 7.135254
7.033529 7.150793
7.019368 7.161007
7.052766 7.140652
7.106024 7.201078
7.330568 7.338795
7.402420 7.387349
7.478506 7.475438
7.205072 7.324091
7.043873 7.256119
7.018961 7.109729
6.796210 7.047049
6.627106 6.934645
6.474746 6.825928
6.333774 6.796696
6.359069 6.816646
6.422717 6.853662
6.348256 6.952205
5.999499 6.717530
5.881340 6.517515
5.696625 6.352590
5.659198 6.149929
5.419043 5.823972
5.196249 5.606549
5.004528 5.588648
4.848893 5.385997
4.513466 5.060836
4.653520 5.229659
4.394600 4.792806
3.840163 4.324787
3.472287 3.592192
2.948371 3.151524
2.523734 2.977280
2.423969 2.821031
2.391092 2.851402
2.536250 2.865133
2.751839 2.951802
2.973388 3.182047
3.057435 3.119638
3.236153 3.219761
3.405699 3.370614
3.652922 3.603119
3.940668 3.865106
4.162578 4.099239
4.333174 4.256454
4.468722 4.511418
4.765272 4.764919
4.903336 4.944322
5.127284 5.100870
5.006470 5.030575
4.977830 4.918508
4.948751 4.754385
5.000132 4.777297
5.100408 4.899227
5.290023 5.076916
5.477032 5.219076
5.697247 5.369222
5.886604 5.462173
5.936854 5.539819
6.056122 5.621658
6.182018 5.707741
6.370686 5.811964
6.529531 5.984612
6.541529 5.995196
6.566983 5.993490
6.430533 6.006474
6.452455 5.955134
6.684867 6.086654
6.705487 6.209295
6.751735 6.253079
6.765606 6.273575
6.804897 6.358318
6.877543 6.408793
6.889881 6.466978
6.983303 6.584058
6.998984 6.578239
7.043316 6.600213
7.188492 6.769813
7.272674 6.866019
7.368899 7.010750
7.426435 7.127802
7.540081 7.291886
7.623147 7.446270
7.646947 7.481715
7.582696 7.382579
7.270469 7.168033
6.808178 6.814872
6.685248 6.926017
5.858608 6.520887
5.172060 5.998360
4.770838 5.437418
4.108009 5.017037
3.934322 4.736341
3.621418 4.476439
3.673619 4.447652
3.654758 4.314573
3.505643 4.108234
3.559895 4.159278
3.466199 4.017970
3.334906 3.822797
3.309566 3.732481
3.330140 3.740267
3.426466 3.745357
3.496039 3.770909
3.597038 3.827828
3.785423 3.951996
3.962030 4.069432
4.211426 4.253413
4.407015 4.369263
4.423196 4.413563
4.537614 4.387349
4.632696 4.366434
4.588983 4.390093
4.645234 4.398546
4.531646 4.086077
4.351443 4.005859
4.299115 3.991512
4.409029 4.088471
4.447759 4.153446
4.475402 4.228579
4.562057 4.404353
4.670891 4.479649
4.757866 4.667273
4.766259 4.798986
4.975240 5.009014
5.194126 5.263339
5.353040 5.448543
5.457593 5.528173
5.551328 5.628537
5.472488 5.570583
5.439021 5.583569
5.399622 5.623589
5.332002 5.443827
5.347958 5.402333
5.157102 5.258217
4.973412 5.110392
4.800073 5.032718
4.872961 5.124569
4.872258 5.191548
4.936647 5.282592
5.016804 5.335223
5.109020 5.400091
5.130852 5.464024
5.190343 5.565151
5.285721 5.672211
5.389453 5.812366
5.404571 5.934349
5.540464 6.084027
5.494846 6.200428
5.492302 6.237349
5.537518 6.320869
5.540332 6.333966
5.407706 6.358351
5.445454 6.350466
5.541937 6.335107
5.597546 6.345147
5.788692 6.482419
6.042671 6.680832
6.272061 6.847984
6.429329 6.975834
6.735583 7.126409
7.032666 7.307002
7.249199 7.528277
7.329764 7.621370
7.437641 7.711582
7.569960 7.726032
7.726828 7.736153
7.879090 7.844360
7.965075 7.774880
7.729416 7.531761
7.494843 7.277782
7.068805 6.998371
6.601322 6.604198
6.102096 6.410456
5.872619 6.199381
5.644120 6.068188
5.573611 5.915600
5.620876 5.988842
5.533841 5.897457
5.421109 5.804791
5.330335 5.739114
5.353243 5.692604
5.327338 5.653368
5.257653 5.610692
5.119092 5.524537
5.086639 5.508619
5.103884 5.482775
5.190546 5.566791
5.252964 5.599120
5.308624 5.615271
5.302109 5.671257
5.249679 5.562812
5.180590 5.458547
5.258585 5.340223
5.252999 5.339969
5.181313 5.380997
5.267477 5.388845
5.428095 5.516864
5.436947 5.594047
5.401616 5.632190
5.627291 5.702134
5.886571 5.552809
5.844420 5.509094
5.828942 5.497058
5.943787 5.580921
6.023774 5.687526
5.891256 5.663413
5.882530 5.618857
5.798701 5.563652
5.844513 5.544183
5.910697 5.573115
5.976018 5.651028
6.150978 5.781316
6.263052 5.882905
6.366685 5.980623
6.460351 6.058195
6.532339 6.136010
6.668564 6.328420
6.786489 6.450418
6.896035 6.534771
6.942100 6.604707
6.878463 6.585523
6.885015 6.594294
6.898094 6.658066
7.069766 6.743517
7.176139 6.859678
7.338571 6.993897
7.538657 7.177510
7.687157 7.404565
7.901350 7.635882
8.126059 7.738741
8.305261 7.939677
8.591188 8.112889
8.801766 8.245675
8.965918 8.291528
9.157857 8.458810
9.381651 8.584255
9.643387 8.762182
9.777879 8.848470
9.698679 8.740227
9.574908 8.785980
9.536462 8.840000
9.421606 8.758632
9.282216 8.765816
9.182336 8.685667
9.116060 8.577326
9.121107 8.377360
9.169792 8.335088
9.216070 8.369903
9.251601 8.203333
9.306501 8.041857
9.369090 7.815690
9.428195 7.672709
9.337649 7.516912
9.249258 7.311284
9.110641 7.086893
9.029186 6.924450
8.800401 6.745890
8.450668 6.495929
8.139676 6.410676
7.989990 6.310096
7.795229 6.182366
7.626051 6.226454
7.457142 6.304370
7.509460 6.424649
7.496440 6.261096
7.757249 6.559129
8.139113 6.806455
