2.006401 1.952296
2.000057 1.988285
2.008757 2.055223
2.030542 2.148459
1.946124 2.063903
1.913398 2.088070
1.901331 2.054691
1.840062 2.104963
1.849802 2.177748
1.848885 2.263596
1.832673 2.425382
1.845269 2.589105
1.891083 2.674490
1.993381 2.737398
2.049356 2.761295
2.512870 3.288220
3.367004 4.220764
3.839686 4.629787
3.774198 4.681180
3.684823 4.514084
3.456576 4.293375
3.267548 4.081739
2.997437 3.862611
2.864748 3.736432
2.764676 3.611220
2.751215 3.621492
2.686764 3.636107
2.655837 3.398105
2.526114 3.096601
2.437433 2.956468
2.280212 2.679755
2.171775 2.613540
1.823565 2.473811
1.887954 2.424131
1.841629 2.428023
1.752453 2.447879
1.814184 2.531627
1.817984 2.517534
1.937435 2.591819
2.015070 2.655413
2.085376 2.771892
2.184194 2.976367
2.404965 3.278862
2.601591 3.585693
2.724516 3.845683
2.745842 3.843852
2.750557 3.914744
2.925945 4.146028
3.018060 4.197304
3.304380 4.447790
3.384561 4.681150
3.436357 4.748496
3.392203 4.823407
3.470262 4.899249
3.318825 4.806576
3.362882 4.762645
3.383680 4.755601
3.348063 4.678265
3.301350 4.606362
3.336838 4.522107
3.331382 4.269215
3.293352 3.921062
3.100977 3.561198
2.903773 3.270242
2.616039 3.023510
2.214752 2.563484
1.886251 2.341943
1.753878 2.192489
1.744882 1.969887
1.596275 1.993792
1.647548 2.004403
1.720045 2.123583
1.778339 2.230433
1.920225 2.296909
2.095116 2.446867
2.288698 2.624740
2.561023 2.808263
2.753437 2.969743
3.099498 3.265913
3.202884 3.330883
3.474208 3.681833
3.928964 4.472223
4.512257 5.314024
4.843220 5.755105
5.031489 6.158392
5.084128 6.246059
5.144992 6.286657
4.938989 6.062470
4.826980 5.876771
4.634904 5.644162
4.384893 5.450318
4.590973 5.577470
4.708580 5.803902
4.725640 5.810194
4.454248 5.477451
4.235951 5.267939
3.975578 4.887748
3.612886 4.413665
3.380366 4.015821
3.005258 3.490459
2.691108 3.232678
2.428037 2.902203
2.187518 2.562720
2.135734 2.435756
2.334688 2.574138
2.553086 2.649736
3.053078 3.043564
3.670624 3.485884
4.173147 3.875775
4.536126 4.109935
4.687835 4.141710
4.597434 4.087966
4.589143 4.140089
4.562659 4.054452
4.665255 4.173123
4.996223 4.429534
5.889589 4.979846
6.395606 5.349183
6.721768 5.531158
7.004914 5.651691
7.191841 5.765848
7.234480 5.797727
7.106254 5.711273
7.014638 5.628469
6.947036 5.559178
6.768942 5.579752
6.549104 5.464705
6.138917 5.284935
5.688164 5.017567
5.323046 4.780899
4.744622 4.585456
4.425000 4.159652
3.924410 3.819952
3.301642 3.400812
3.239446 3.376593
3.154493 3.341573
3.578889 3.856122
3.853272 4.297703
4.337349 4.756604
5.035007 5.428755
5.620035 5.931628
5.619358 6.022131
5.520822 6.081833
5.580924 6.220515
5.516990 6.297221
5.336673 6.317017
5.188169 6.365938
5.377329 6.655261
5.650176 6.805080
5.881941 6.944156
6.004670 7.080643
5.516551 6.877761
5.294242 6.797149
4.636675 6.353614
4.107405 6.008183
3.557574 5.764542
3.305500 5.401869
3.123616 5.159532
3.014191 5.053801
3.017410 4.940432
2.853713 4.770513
2.867763 4.528900
2.695300 4.334787
2.643117 4.098049
2.604714 3.976617
2.473158 3.885354
2.547317 3.848276
2.498702 3.714060
2.599066 3.870338
2.649657 4.086196
2.629521 4.329830
2.586987 4.511087
2.566212 4.592707
2.382746 4.453077
2.193388 4.521954
2.184288 4.350646
2.058982 4.077560
2.113562 4.204557
2.126563 4.220084
2.272015 4.133226
2.154705 4.000492
2.246454 3.968556
2.349817 3.831070
2.407177 3.918522
2.288397 3.867780
2.272883 4.394302
2.460664 4.964990
2.575917 5.316622
2.673685 5.541152
2.692871 5.560166
2.716936 5.500485
2.750980 5.152729
2.937201 5.052981
3.269761 5.391807
3.722432 5.994464
4.211115 6.673898
4.582185 7.451585
4.795742 8.182298
4.787918 8.667370
4.719617 9.203545
4.627768 9.515575
4.711997 9.819496
4.697311 10.012531
4.761451 10.227345
5.130685 10.342940
5.204715 10.276859
5.169007 10.116403
5.183284 9.897761
5.175516 9.532612
5.025898 9.002403
5.064735 8.725190
5.026492 8.697031
5.012906 8.662560
4.900298 8.245859
4.863717 7.740105
4.709449 7.127934
4.687418 6.676672
4.343651 6.072277
3.985648 5.598606
3.749174 5.027228
3.455492 4.553918
3.033954 4.118727
2.827195 3.891822
2.591642 3.685158
2.561272 3.331378
2.416776 3.302547
2.322811 3.209598
2.294635 3.077108
2.349437 3.248434
2.249664 3.171754
2.399519 3.648134
2.603934 4.056959
2.815715 4.253937
2.978551 4.428435
3.002393 4.397002
3.073733 4.331477
3.066154 4.232676
3.125427 4.225350
3.110383 4.233991
3.267741 4.341685
3.530415 4.689133
3.963952 5.045661
4.407982 5.485845
4.608102 5.824961
4.844231 5.942762
5.110811 6.112585
5.395934 6.214501
5.579712 6.083504
5.777428 5.886114
6.212104 5.833758
6.718901 5.819172
7.396286 5.727400
7.790585 5.439798
7.472283 5.309710
7.352335 4.953061
7.095916 4.710137
6.949836 4.610745
6.757150 4.473937
6.342216 4.492198
5.914935 4.391658
5.088533 4.334502
4.504461 4.115415
3.993405 4.025881
3.631100 3.895360
3.246610 3.798338
2.666225 3.668020
2.224836 3.505630
2.053305 3.517738
1.920764 3.570508
1.804977 3.621683
1.755669 3.754434
1.920950 4.428118
2.118718 5.138340
2.310142 5.814767
2.559864 6.334748
3.026795 8.412757
3.298469 10.023262
3.388958 11.000189
3.490577 11.635364
3.585732 11.923135
3.736613 11.901673
3.853354 11.634349
3.906662 11.096043
3.903245 10.483709
3.943190 9.828319
3.885476 9.020821
4.153752 8.969657
4.640083 9.534778
5.245741 10.395119
5.646160 11.050001
6.050643 11.530867
6.274356 11.811355
6.536941 12.094604
6.874768 12.335513
7.297070 12.210085
7.721421 11.844610
7.576778 11.395074
7.064521 11.492051
6.617479 11.591492
6.193794 11.228508
5.968623 11.096678
5.559634 10.689680
5.037288 9.823227
4.547290 8.875384
4.063873 7.977099
3.605956 7.242294
3.305419 6.470205
2.953777 5.810540
3.099406 6.510812
3.273854 7.272988
3.509457 7.974031
3.827797 8.751154
4.119319 9.320669
4.422411 10.007791
4.694596 10.630998
4.797326 10.973302
4.922608 11.337491
5.065188 11.447838
5.179612 11.663758
5.099088 11.721812
5.066027 11.948803
5.140427 12.015725
4.942120 11.981129
4.788554 11.887401
4.735040 11.575861
4.512019 11.130739
4.431352 10.551662
3.675072 7.633952
3.416828 6.092352
3.266133 4.753508
3.127050 4.342901
3.195926 4.255728
3.443958 4.531553
3.845790 5.165870
4.213337 5.494052
4.497649 5.853762
4.880341 6.510966
4.968294 6.736993
5.191202 6.585625
5.296354 6.291700
5.415634 5.844173
5.515688 5.644864
5.566035 5.745409
5.536604 6.162545
5.469659 6.782879
5.306288 6.970283
5.104830 7.422707
4.912840 8.348170
4.723561 9.232722
4.461663 9.639887
3.913732 9.602884
3.590746 9.585179
3.439745 9.363782
3.686921 10.025548
3.826333 10.513849
3.680075 10.843288
3.322277 10.488676
2.962918 9.856232
2.507648 8.855192
2.445452 7.756418
2.245549 6.429930
2.170851 5.065087
2.091391 3.962666
2.014527 3.309348
2.033601 2.840992
2.038378 2.390607
2.317641 2.200626
2.149882 2.218812
2.028201 2.096799
1.983937 2.013231
1.956537 2.008914
1.931844 2.069513
1.946880 2.256204
1.971795 2.572861
1.962822 3.065916
1.836625 3.404329
1.764383 3.686099
1.909365 3.911114
1.938119 3.936164
1.876070 3.859514
1.955190 4.038031
2.229375 4.150315
2.459888 4.296908
2.635813 4.466158
2.766549 4.621867
2.993913 4.668117
3.181385 4.737765
3.245165 4.814188
3.291711 4.919316
3.325703 4.866940
3.335020 4.938107
3.350395 5.001866
3.345918 5.008434
3.454320 5.148931
3.615132 5.249202
3.769777 5.364234
3.961642 5.467886
4.182506 5.580799
4.481012 5.693810
4.867706 5.755278
5.352065 5.793560
5.849449 5.798523
6.418756 5.597828
6.706297 5.302613
6.839055 4.739991
6.317468 4.266504
5.605497 3.697772
4.659302 3.173602
3.336325 2.642816
2.754233 2.265416
2.417358 2.079217
2.175156 2.012445
2.167067 2.050885
2.191482 2.149927
2.360725 2.331664
2.596045 2.552119
2.868298 2.762182
3.328518 3.229738
3.418482 3.442853
3.114326 3.461717
2.974858 3.383247
2.809816 3.472842
2.370590 3.288545
2.083906 3.130948
1.935282 3.002634
1.923171 2.863691
2.136157 3.506008
2.041715 3.982921
1.722630 4.049108
1.701252 3.862698
1.822990 3.691433
1.903543 3.465927
1.908264 3.547567
1.858376 3.540520
1.987584 3.523186
2.095043 3.453022
2.289385 3.444201
2.404616 3.242131
2.517378 3.050202
2.662584 3.055625
2.773238 2.943969
2.601508 2.912440
2.160083 2.730103
1.799821 2.452034
1.201176 2.263953
0.967357 2.176419
1.018186 2.198305
1.019250 2.119242
1.013590 2.068832
1.129525 2.026111
1.204314 2.014382
1.206912 2.007066
1.238162 2.169507
1.153393 2.352729
1.194138 2.715035
1.239009 3.126674
1.328235 3.438750
1.360738 3.764053
1.742329 4.196266
2.031202 4.605956
2.197254 5.019684
2.343035 5.175956
2.359752 5.207996
2.279165 5.126400
2.225454 4.935665
2.120592 4.925972
2.031407 4.788519
2.056397 4.741466
2.138766 4.561415
2.173494 4.554232
2.259077 4.517788
2.301949 4.452411
2.511642 4.452548
2.659426 4.438113
2.900689 4.266606
3.000389 4.088743
3.000345 3.908408
2.856296 3.614001
2.847376 3.317460
2.901148 3.146807
2.963741 2.861792
2.901777 2.855008
2.987741 2.894243
3.038546 2.745671
2.841790 2.557338
2.611424 2.388446
2.426833 2.307998
2.379847 2.451301
2.442606 2.699150
2.493452 2.966820
2.290614 2.939519
2.235781 2.978266
2.253624 2.868615
2.372700 2.919834
2.428206 3.005022
2.084659 2.668572
2.020917 2.463623
2.005816 2.411674
1.955502 2.352997
1.843955 2.263755
1.896195 2.651766
2.039680 3.126358
2.054824 3.065534
2.233307 3.534287
2.301816 3.859823
2.063347 3.918961
1.777246 3.851610
1.507278 3.646442
1.589198 3.555642
1.520262 3.389392
1.580284 3.137023
1.697487 2.928809
1.797676 2.782534
1.787859 2.587427
1.585599 2.361842
1.472212 2.135788
1.383393 1.972849
1.262232 1.806346
1.198476 1.821173
1.194579 1.873635
1.220682 1.967036
1.220181 1.962139
1.239369 1.953928
1.164769 1.953222
1.202523 2.025356
1.241428 2.160180
1.242177 2.247515
1.215239 2.326530
1.225981 2.395465
1.228341 2.452874
1.170789 2.478696
1.140357 2.613721
1.203385 2.714532
1.289487 2.816593
1.220847 2.740431
1.278398 2.717281
1.301727 2.629122
1.344487 2.611430
1.487775 2.687950
1.625900 2.711483
1.712819 2.731662
1.868006 2.895974
2.016041 3.000393
2.130943 3.090025
2.125493 3.054411
2.226927 3.088804
2.369078 3.003897
2.524591 2.905452
2.738784 2.949754
3.004482 2.989175
2.853768 2.885143
2.562948 2.798530
2.332328 2.773473
1.785145 2.649269
1.560447 2.498857
1.280786 2.335000
1.175234 2.292102
1.153621 2.314750
1.141825 2.250964
1.433553 2.909602
1.624817 3.231912
