6260
6300
6300
6710
7340
7060
6400
6140
6620
7440
9070
9070
9070
8690
6290
6870
6230
6200
6270
6420
6250
6230
6430
8020
6770
6240
7080
7760
6570
6530
6370
7390
6260
6240
6230
6240
6240
6250
6260
6490
5310
5620
6130
7420
6360
6870
6340
7190
7700
6410
6280
6200
6190
6220
6560
6200
6200
6190
6190
6410
6190
6210
6190
7470
6030
6220
6250
6350
6350
6810
8390
9070
9070
8060
7640
6830
6320
6250
6240
6490
6390
6320
6300
9100
9080
9080
9080
9100
9140
9420
7380
9060
7750
6280
6240
6210
6240
6210
6200
6410
6450
7930
8500
7310
6210
6210
6240
6180
6190
6410
6230
6190
8010
8550
8570
8580
8590
8580
8600
8140
6200
6250
6250
6940
9060
8010
6230
6230
6200
6460
6590
9070
6920
6400
6340
6330
7130
7040
6380
8810
9110
7280
6190
6210
6260
6230
8520
7800
6260
6440
6220
6320
6290
6430
6290
6210
7400
7370
6210
8590
6300
6380
7450
9060
9030
6250
6230
6210
6240
6400
6220
8360
8740
6380
6380
6360
8230
7290
6190
6510
6320
6290
6190
6220
6230
6290
6270
6240
6190
6460
7310
6230
6240
6320
6360
6250
6380
6370
6370
7640
6190
6210
6200
6190
6570
8440
8390
7150
6220
6460
6060
6210
6210
6260
6250
6230
6280
6250
6220
6440
6230
6250
6220
6270
6190
8740
6930
6190
8700
8350
9080
8990
6300
5860
6190
8530
9070
6990
6190
6440
6370
8650
6860
9060
7420
6270
6480
6330
6410
7800
6690
6530
8490
6550
6940
7960
6920
6400
8280
6860
7170
6870
6370
6380
6360
6390
7320
6470
6530
6780
6550
6500
6540
6540
6940
6600
7360
6360
6380
6620
6380
7350
6350
6940
9060
8380
6370
7840
8030
6660
6790
7340
6440
7220
7960
8190
6380
6940
7990
6700
6480
6540
6540
6510
6510
6420
6510
6540
6550
6590
6440
6390
6380
6420
7870
9060
7410
6750
6570
6730
8010
9030
6560
6360
7620
6820
6440
6400
6450
6760
7140
6410
6380
6710
6420
6610
7280
6880
7430
6990
6450
6490
7570
7740
8110
9030
9010
6490
6530
7150
6800
6450
6470
6480
6430
6390
6370
6530
6430
7720
7440
8460
7810
6580
6370
6520
6600
7840
5870
8790
7730
6900
8970
9060
9050
6590
6950
7330
7160
9250
7110
7420
8680
6400
6440
6460
7980
6380
6420
6600
7510
8800
6380
6400
6390
6390
6490
6530
6630
6580
7750
6550
6370
6430
6920
7570
6420
6420
6440
7150
9070
8910
6360
6360
6360
6350
6360
6360
6390
6610
6410
6390
6390
6790
6420
6580
7470
6390
7340
6930
7050
7140
7900
6470
7460
9070
9050
7830
7370
7170
6520
7470
9110
9080
8010
6410
6370
6550
6710
6580
6370
6420
6390
6490
6350
7350
7010
7130
6380
6610
7450
6790
6370
7470
6370
6410
6370
6360
6370
6620
6440
6470
6440
6430
6970
6430
6390
6460
6570
7520
8730
7660
8490
6820
6570
7710
7800
6410
7670
6720
6560
6500
6660
7620
7890
7960
7380
6810
6790
7860
7510
6540
6990
6540
7220
6650
6900
7320
7610
6760
6550
6600
7340
8170
6480
6550
6720
6730
7100
6890
6520
6550
6550
6550
6560
6570
6560
6550
6560
6780
6530
6560
6540
6530
6550
6550
6770
6430
6530
6770
6430
6530
6570
6530
6570
7470
6920
7650
6540
6780
6590
6560
6950
6530
7000
7060
6540
6510
6530
7070
6500
