0.344390
0.422125
0.592968
0.642206
0.694097
0.780563
0.829077
0.884762
1.157472
1.325118
1.681376
1.862725
2.159280
2.617827
2.695518
2.625014
2.421238
2.487085
2.671403
2.136494
1.725978
1.137697
0.699872
0.396618
0.465702
1.018788
1.449847
2.018849
2.442414
2.866033
3.424338
3.890699
4.328856
4.955431
5.351414
5.939181
6.343751
6.934019
7.312941
7.738356
8.290876
8.667674
9.272781
9.663718
10.041306
10.099479
10.173804
10.332374
10.391039
10.239510
10.070149
9.939528
9.845045
9.223988
8.790845
8.115024
7.486097
7.048740
6.614136
6.217257
5.637737
5.237240
4.870625
4.279274
3.872026
3.470273
2.906737
2.550295
2.111556
1.895188
1.688802
1.514526
1.518988
1.638666
1.877575
2.072395
2.310182
2.769834
2.837222
2.754906
2.377564
2.027543
2.481094
2.751625
2.795932
2.437441
2.314410
2.095523
1.940257
1.851772
1.866806
2.182966
2.471509
2.759085
3.123550
3.663399
4.068581
4.506151
5.116591
5.521253
6.170114
6.600596
7.042655
7.413098
7.974009
8.307466
8.616455
9.125644
9.533776
9.925379
10.330695
10.299951
10.404033
10.493582
10.636448
10.471141
10.391285
10.327466
10.329900
10.387871
10.463702
9.767915
9.349397
8.959900
8.582540
7.994867
7.603267
7.209262
6.632575
6.261640
5.894506
5.311299
4.902045
4.500471
4.108901
3.550688
3.212341
2.867703
2.402877
2.160157
1.972097
1.827438
1.868447
2.015003
2.348729
2.621086
2.641149
2.502311
2.186770
1.986371
1.510252
1.937591
2.268863
1.717817
1.320167
1.185848
1.429624
1.713958
2.034365
2.397084
2.956359
3.380025
3.793185
4.402977
4.868454
5.327942
5.752344
6.352129
6.796656
7.461427
7.939104
7.975065
7.945691
8.355680
8.739422
9.302958
9.702470
10.299421
10.718361
11.056249
11.093577
11.219793
11.449617
11.620494
11.354849
11.188730
11.006567
10.856429
10.842649
10.919133
11.028137
11.237545
11.395978
11.683018
11.926960
12.195507
12.574640
12.873824
13.295439
13.647239
13.872838
14.493189
15.265895
15.780604
15.806015
16.271009
16.034503
15.663684
15.090969
14.722433
14.372224
13.653829
13.364491
13.204355
13.034235
12.894030
12.701049
12.600796
12.524376
12.455127
12.419430
12.455524
12.526411
12.151084
11.308830
11.206026
11.411906
11.577726
11.761196
11.262990
11.268893
11.379786
11.462007
11.487308
11.575330
11.759508
11.953498
12.071321
12.308585
12.477124
12.642822
12.939071
13.139194
13.173027
13.205290
13.430033
13.636710
14.345289
14.923471
15.302078
15.870737
16.456934
16.500143
15.939712
15.604282
15.066584
14.714555
14.344647
13.375374
12.845857
12.088133
11.908701
11.749484
11.614162
11.499217
11.433451
11.365520
11.344454
11.340860
11.366323
11.404110
11.674474
11.914727
12.181726
11.490686
11.356701
11.333433
11.313109
11.317515
11.343188
11.164814
10.902185
10.828797
10.895438
11.011035
11.226456
11.379754
11.604414
12.056968
12.625641
13.210424
13.423485
13.949603
13.979123
14.638167
15.108434
15.450613
15.791635
15.787935
15.801314
15.009444
14.580648
14.139159
13.389891
13.391317
13.397156
12.863535
12.609438
12.306608
12.120526
11.873188
11.633551
11.494772
11.354495
11.262193
11.169487
10.983761
10.986263
11.166279
11.338611
11.596952
11.737662
11.267454
11.159334
11.137227
11.115767
11.150161
11.028850
10.971861
11.045135
11.151225
11.307058
11.516241
11.697680
11.908316
12.449771
13.232111
13.788726
14.439857
14.873128
15.498991
16.243875
15.602864
15.187768
14.575407
14.059368
13.541522
12.863349
12.546104
12.446739
12.554256
12.955460
13.278476
13.630630
13.930290
14.354768
14.327456
14.327420
14.365535
14.616847
15.054122
15.415301
16.034180
16.054495
16.441027
16.837308
17.400648
17.413690
17.412730
17.785695
18.326650
18.714803
19.330474
19.751877
20.412187
20.889655
21.371336
21.947982
22.400696
22.637917
22.571516
22.624206
22.828561
22.538236
22.242477
21.628561
21.220795
21.203987
21.127726
21.130740
20.486960
20.068379
19.655764
19.290686
18.702661
18.332081
17.962081
17.586273
17.214421
16.835327
16.331517
15.991432
16.007975
16.034324
16.011013
15.954933
15.915531
15.524356
15.164988
14.822668
14.371235
14.039898
13.720888
13.458246
13.396532
13.308983
13.273907
13.246487
13.380346
13.742569
14.274059
14.373539
14.769884
15.166130
15.758500
16.151931
15.505683
14.866768
14.229456
13.727413
13.379971
13.187672
12.948033
12.591530
12.404140
12.228894
12.205699
12.596010
12.872383
13.212769
13.546053
14.061239
14.222486
14.722158
15.079757
15.431248
15.825870
16.449829
16.883789
17.569682
18.215291
18.883385
19.543927
20.223299
20.974558
21.715847
22.267646
22.561324
22.533644
22.540629
22.504932
22.835441
22.580135
21.829263
21.817957
21.794503
21.318440
20.660552
20.041678
19.641543
19.056974
18.647991
18.060960
17.673274
17.297431
17.317032
17.373877
16.831377
16.461851
16.106496
15.740160
15.394873
14.906853
14.581597
14.243107
13.943909
13.679333
13.310972
13.076619
12.869912
12.727251
12.879661
13.234226
13.239549
13.164349
13.652583
14.136502
14.666268
15.026356
14.929792
14.362911
13.937666
13.719872
13.590356
13.525014
13.459991
13.477918
13.531115
13.726821
14.184105
14.500801
14.822938
15.146296
15.474378
15.451440
15.427834
15.736462
16.047435
16.366599
16.702727
17.039206
17.561299
17.874055
18.257683
18.840209
19.216741
19.632984
20.221546
20.629808
21.296850
21.750528
22.207087
22.672673
22.660651
22.165997
22.184082
21.731874
21.502986
20.776311
20.255541
19.346225
18.729424
18.319687
17.696288
17.319955
16.942004
16.553762
16.161554
15.818177
15.492663
14.971783
14.619467
14.326218
13.906052
13.598062
13.318836
13.054092
12.700724
12.500312
12.123912
11.861148
