290
270
280
270
420
410
420
420
390
280
280
270
280
280
270
280
270
280
270
280
280
370
370
450
450
450
540
540
540
540
580
540
910
770
630
630
630
630
630
620
730
750
930
990
1250
1260
1260
1260
1040
1260
1270
1260
1260
1260
1400
1410
1400
1410
1400
1410
1410
1410
1410
1400
1410
1270
990
1030
1030
1030
1030
1030
1040
1120
1110
1120
1110
1120
1120
1120
1290
1070
1080
1080
1130
1130
1120
1070
1080
1490
1180
1080
1080
1080
1100
1090
1080
1080
1120
1090
1080
1080
1080
1510
1710
1720
1460
1510
1560
1080
1110
1130
1140
1720
1490
1080
1080
1120
1090
1080
1080
1370
1720
1710
1720
1380
1090
1080
1170
1180
1180
1180
1170
1770
1850
1380
1860
1870
1860
1870
1870
1470
1180
1170
1180
1180
1170
1180
1300
1290
1300
1940
2030
1500
1290
1290
1280
1290
1390
1400
1400
1390
1390
1400
1390
1390
1850
1720
1490
1500
1500
1490
1820
1540
1600
1600
1660
1660
1760
1770
1700
1690
1930
1800
1830
2470
1870
1870
1860
2110
1800
1830
1850
1810
1800
1800
1810
1800
1810
1800
1820
1810
1810
1810
1820
1960
1940
1910
1920
1920
1920
2040
2390
3240
2740
2100
2100
2090
2100
2100
2100
2110
2210
2460
2020
2020
2020
2350
3410
3400
2290
2170
2260
2270
2270
2380
2370
2360
2360
2360
2480
2480
2490
2500
2520
2520
2520
2690
3980
2750
2560
2550
2540
2770
1710
2470
2600
2520
2520
2510
2510
2510
2510
2510
2500
2510
3960
3940
3940
3940
3930
3930
3920
3920
3920
3700
2580
2580
2580
2530
2500
2490
2480
2470
2490
2520
2540
2500
2460
2460
2470
2480
2480
2580
2500
2490
2510
2500
2500
2520
2720
2600
2700
2600
2580
2590
2580
3000
3210
2580
3300
3850
3960
2980
3690
3250
2570
2560
2570
2560
2570
2600
2590
2590
2640
2700
2780
2820
2850
2840
2850
2920
2810
2790
2800
2960
2980
3010
3210
3250
3850
3380
3400
3400
3380
3550
3550
3560
3580
3570
3590
3580
3590
3610
4290
3700
3740
3750
3770
3810
3820
3980
2800
3040
4060
4060
4070
4040
4050
4080
4310
4300
4560
4600
4660
6060
6060
6760
6760
5150
5430
5500
5540
5900
8010
8030
7980
6530
5810
5810
6170
5650
5650
5650
5650
5650
5630
5630
5610
5610
5590
5610
5560
5620
5620
5660
5920
5870
5860
5830
6990
8670
8000
6720
7520
6700
7600
6690
6690
6690
6740
6700
6660
7340
7020
6710
6510
7390
8030
8230
8720
8360
6710
7450
6200
8160
9040
8990
7750
6580
8580
8540
8570
8920
7930
6620
6640
6660
6680
6750
6860
6940
6850
6870
7020
7170
7200
7210
7220
7230
7180
7160
7160
7140
7090
7050
6790
6740
6700
8950
9440
9370
9370
9350
9310
6320
5680
6800
7430
8210
8370
7040
6810
6790
6830
6850
6880
8190
6880
6850
8170
9570
9410
6860
6860
6870
6880
6890
6900
6890
6890
6900
9580
8040
7270
8730
6970
7070
9590
9180
7050
7060
7100
7440
7210
9340
7470
7380
7380
7310
7550
7400
7640
8840
7580
8130
8120
7660
7690
8110
7650
7450
7390
7350
7320
7330
7320
7870
8330
7260
7140
7080
6590
6160
6980
7010
9000
8040
7520
9430
10030
10060
9870
7120
7440
7480
7500
7560
7570
9950
9910
