120
17030
17370
17770
18180
18470
18940
19270
19750
20100
12310
17010
17500
17840
18240
18520
18880
19340
19700
20020
12300
17040
17330
17770
18130
18540
18930
19250
19670
20070
12300
16980
17320
17780
18160
18490
18910
19310
19650
20080
12280
17020
17380
17770
18130
18510
18890
19250
19660
20170
12290
17000
17400
17780
18230
18550
18910
19350
19710
20090
12300
16990
17360
17800
18220
18560
18900
19330
19670
20120
12310
17140
17420
17810
18200
18580
19020
19290
19680
20090
12320
17100
17400
17880
18200
18590
18970
19320
19690
20080
12320
17040
17400
17760
18140
18590
18910
19300
19680
20110
12290
17060
17500
17780
18150
18540
18920
19330
19710
20130
12320
16990
17500
17810
18230
18580
18950
19320
19720
20060
12350
17030
17410
17880
18200
18590
18930
19330
19750
20100
12340
17110
17420
17820
18240
18600
18990
19330
19720
20140
12330
17030
17390
17860
18190
18550
18930
19340
19780
20140
12330
17070
17430
17850
18200
18630
18980
19400
19770
20070
12320
17060
17460
17880
18170
18530
18940
19390
19650
20120
12330
17050
17400
17770
18230
18540
18990
19300
19680
20080
12350
17030
17430
17850
18150
18590
18940
19340
19710
20110
12360
17100
17440
17820
18230
18590
18920
19360
19750
20140
12350
17140
17450
17830
18130
18660
19020
19430
19880
20350
12430
17090
17520
17900
18320
18680
19110
19490
19890
20340
12460
17140
17440
17850
18250
18620
19120
19440
19850
20240
12390
17040
16330
17780
16200
18620
18920
19370
19710
20140
12350
17070
17410
17800
18160
18640
18930
19290
19710
20070
12320
17020
17480
17790
18190
18570
19030
19330
19700
20080
12330
17030
17440
17790
17650
12360
12630
12930
13140
13400
8210
11370
11630
11890
12130
12410
12610
12870
13240
13400
8230
11350
11650
11850
12120
12420
12640
12890
13130
13390
8200
11370
11580
11880
12090
12360
13370
12860
13130
13360
8230
11350
11610
11900
12190
12360
12640
12870
13140
13390
8230
11360
11620
11830
12120
12400
12590
12880
13140
13370
8210
11380
11660
11890
12130
12390
12620
12890
13160
13410
8190
11380
11610
11910
12130
12350
12630
12900
13130
13390
8220
11380
12390
11880
12110
12390
12620
12860
13160
14160
8240
11350
11650
11930
12150
12410
12690
12960
13140
13410
8240
11350
11630
11900
12180
12400
12780
12990
13270
13520
8250
11400
11650
11980
12160
12480
12740
13030
13300
13660
8290
11490
11830
12080
12320
12630
12840
13180
13420
13730
8330
11380
11660
11940
12200
12570
12870
13130
13510
13850
8340
11490
11790
12150
12470
12780
13090
13380
13680
14000
8330
11440
11740
12110
12410
12760
13140
13470
13890
14430
8440
11620
12010
12360
12640
13020
13400
13730
14190
14470
8410
11750
11940
12300
12670
13080
13340
13650
14000
14310
8410
11500
11760
12190
12420
12750
13020
13320
13620
13920
8370
11550
11860
12170
12530
12900
13380
13660
14030
14510
8530
11860
12380
12570
12980
13290
13640
14020
14390
14820
8420
11590
11970
12360
12620
13060
13490
13760
14190
14640
11560
11970
12030
12310
12700
13030
13450
13810
14220
14620
8420
11600
12000
12340
12810
13190
13610
14080
14410
14840
8500
11650
11960
12350
12790
13100
13590
13890
14270
14710
8480
11630
12040
12490
12820
13260
13740
14120
14620
15030
8550
11790
12280
12770
13350
13830
14490
14930
15300
15720
8680
11940
12450
12760
13250
13660
14060
14560
14920
15390
8460
11630
12010
12420
12810
13240
13670
14070
15690
19970
9950
11780
12230
12780
13320
13910
14480
15080
15650
16400
8750
