0.316486
0.430684
0.664499
0.677243
0.694213
0.752743
0.850870
0.905512
1.178178
1.336498
1.600785
1.775119
2.057592
2.481572
2.558926
2.403651
1.862329
1.563546
1.554677
0.984951
0.914405
1.480656
2.060944
2.534373
3.088628
3.806292
4.335065
4.864780
5.159109
5.374488
5.626349
5.841877
6.050628
6.356571
6.407191
6.653261
6.554804
6.867971
6.941105
7.079363
7.452395
7.631992
8.152575
8.579203
8.943449
9.006259
9.106176
9.361478
9.594610
9.635534
9.805289
10.028910
10.439452
10.249918
10.011595
9.532218
9.076401
8.704065
8.410543
8.079212
7.591964
7.057308
6.447341
5.666928
4.965098
4.306121
3.346798
2.580564
1.759131
1.208903
0.935307
1.395235
1.957956
2.546785
3.239784
3.650829
4.006120
4.712880
4.840451
4.606139
4.011325
3.425757
3.909560
4.384596
4.664748
4.573548
4.426775
4.194341
3.881841
3.658211
3.572037
3.549349
3.707891
3.958197
4.162568
4.598032
4.988037
5.322571
5.823554
6.068233
6.651809
6.922407
7.300477
7.582796
8.140731
8.471110
8.929519
9.578650
9.988561
10.395120
10.813828
10.869359
11.033044
11.086052
11.244942
10.957351
11.088631
11.070168
10.998743
10.975280
10.988177
10.210470
9.845187
9.487678
9.108950
8.515531
8.147904
7.808281
7.295647
7.034570
6.554255
5.963806
5.489485
4.999027
4.433156
3.671734
3.340451
3.080770
2.649182
2.512126
2.223000
2.102129
2.056932
1.993502
2.077337
2.237320
1.964279
1.261337
0.533666
0.175979
0.681741
0.349628
1.178735
2.288189
3.054582
3.856690
4.439256
4.780571
5.083883
5.399971
5.933955
6.121558
6.411325
6.969533
7.364079
7.693555
8.202228
8.740063
9.097892
9.754612
10.172290
10.267614
10.397199
10.798820
11.141387
11.637190
12.053988
12.649535
13.068117
13.346303
13.386946
13.476491
13.638555
13.741287
13.558213
13.624950
13.633878
13.712389
13.745489
13.855570
13.765807
13.814298
13.988577
14.329831
14.648435
15.017223
15.604607
16.164431
17.271728
18.676351
19.714929
20.979259
22.174847
22.775029
23.115021
23.349055
23.105468
22.420822
21.534096
20.983009
20.467899
19.687987
19.268703
18.921957
18.549662
18.129160
17.640119
17.284374
17.081244
16.709013
16.298065
16.096447
16.010232
15.650379
14.791061
14.804284
14.989555
14.968115
15.253010
15.079243
15.506733
16.424219
17.111376
17.527595
17.701175
17.956863
18.021054
18.047022
18.003573
17.908387
17.855925
17.940639
18.097363
18.176888
18.169232
18.329338
18.427951
18.922591
19.484815
19.736053
19.976319
20.214984
19.856182
19.014159
18.605281
17.936535
17.466763
16.948843
15.962261
15.434606
14.526721
14.293726
14.216554
14.277880
14.411098
14.583676
14.680588
14.952123
15.302463
15.644576
16.021634
16.657494
17.529026
18.207656
18.040804
18.896738
19.545546
20.103690
20.381973
20.518399
20.337539
20.199238
20.090612
20.001124
19.980918
19.961882
19.738724
19.617568
19.678752
19.727872
19.773564
19.577266
19.704534
18.935217
18.737572
18.427337
18.347100
19.028880
19.710215
20.224038
20.280723
20.484960
20.359262
19.951527
20.171626
20.173554
19.873865
19.717445
19.783736
20.057910
20.181663
20.547427
20.859764
21.000266
21.134411
21.160958
21.123672
21.073406
21.102193
21.110367
21.039165
21.153055
21.250258
21.946259
22.353237
22.754469
23.032240
23.005064
22.962095
22.969121
22.618931
22.477556
22.464533
22.615624
22.715280
23.146144
24.178175
24.903343
26.009000
26.964079
28.931284
30.259602
29.947191
28.869590
27.858749
26.934704
25.951829
24.603633
23.337441
22.020119
20.665262
19.811534
18.685967
18.354397
18.076675
17.999037
17.215543
16.396539
15.642226
15.275342
15.099298
14.824096
15.190358
15.006194
15.350893
15.579590
16.330667
16.406551
16.427321
16.912925
17.348066
17.712065
18.271592
18.579325
19.056722
18.921495
18.753748
18.236729
16.315138
14.006827
12.824626
12.154582
12.546715
12.419561
12.309775
12.010281
11.574858
11.600584
11.674592
11.736526
11.156667
10.821016
10.398292
9.916616
9.368793
9.030793
8.743654
8.577728
8.474469
8.353765
8.150568
8.273152
8.641402
9.081475
9.606011
10.058170
10.380400
10.249205
10.087450
9.855428
9.472544
9.312018
9.285015
9.282883
9.682998
9.988651
10.498844
11.033446
11.546876
12.133223
12.870810
13.141924
13.803106
14.515089
15.381821
16.083446
15.757707
15.871563
15.969092
16.066648
16.311234
16.606701
17.032537
17.442519
17.918456
18.232889
18.500197
19.022733
19.258259
19.612695
19.668408
19.864328
19.702672
19.811960
19.656605
19.584893
19.513591
19.579926
19.522569
19.727563
19.944869
20.173985
20.347243
20.800778
21.218350
21.677025
22.143605
22.276596
22.257420
22.196105
21.610176
21.469890
20.876128
18.759951
16.857613
15.269456
13.252832
11.340134
9.956461
9.242597
8.541255
8.106317
7.545523
7.213383
6.893284
7.054096
7.065178
6.486464
6.133642
5.805817
5.525613
5.243916
4.714417
4.281773
4.013272
3.792774
3.519573
3.089383
2.834547
2.633984
2.333328
1.507003
0.708679
0.624904
0.699712
1.243160
2.060894
2.981676
3.645234
3.952937
4.213115
4.695093
5.211338
5.888147
6.698274
7.532370
8.369957
9.199797
9.918419
10.936054
11.810066
12.593162
13.515410
14.271854
14.295282
14.158070
14.575967
14.896188
14.891509
14.801852
14.657130
14.651048
14.429409
14.199160
14.423452
13.756458
13.206273
12.459326
11.959018
12.045007
11.990335
11.997479
12.037924
11.825672
11.498947
11.423794
11.183916
11.064224
10.674293
10.467675
9.897219
9.437841
9.137541
8.620134
8.141480
7.702530
7.359524
6.982265
6.705179
6.428661
5.815482
5.549500
5.256628
4.779388
4.607163
4.456558
4.435165
4.239562
4.350721
4.311458
4.338871
