2.113477 2.094278
2.111798 2.139052
2.116849 2.207366
2.119223 2.310754
2.037128 2.342899
1.999088 2.395532
1.995651 2.527815
1.991189 2.606970
2.041855 2.748703
2.093386 2.874781
2.145554 3.033777
2.207571 3.152422
2.299021 3.344360
2.479574 3.451561
2.526095 3.463376
2.476939 3.342405
2.547918 3.343559
2.858204 3.576447
3.020218 3.794762
3.252854 4.000289
3.352550 4.133272
3.412356 4.178519
3.461969 4.249789
3.484825 4.228731
3.654438 4.357760
3.675141 4.421340
3.728922 4.486508
3.906870 4.663992
4.070084 4.811336
4.196177 4.929273
4.341370 4.888702
4.431039 4.771686
4.447702 4.698232
4.447820 4.645889
4.441871 4.592670
4.419268 4.551537
4.430310 4.457300
4.469034 4.454477
4.560223 4.477541
4.585558 4.487514
4.630002 4.396211
4.497256 4.465598
4.442143 4.589986
4.491402 4.487197
4.447526 4.434440
4.133846 4.323519
4.124926 4.388241
4.099548 4.423302
4.105907 4.410913
3.953414 4.391086
4.307659 4.729732
4.749537 5.219192
5.291755 5.752225
5.605689 6.161603
5.640014 6.235406
5.663957 6.213149
5.640571 6.170148
5.666225 6.082515
5.391099 5.963157
5.332718 5.792036
5.268493 5.645384
5.254032 5.506712
5.172969 5.446038
4.939852 5.247557
4.637477 4.870471
4.612385 4.716628
4.456730 4.637205
4.344295 4.381081
4.249895 4.255100
4.126259 4.095614
3.880813 4.089057
3.623077 4.070681
3.575670 4.017606
3.591687 4.028768
3.551256 3.853645
3.641910 3.819356
3.818186 3.909369
3.931965 4.047979
4.048209 4.027355
4.153827 4.051711
4.206208 4.128315
4.678205 4.652038
5.290374 5.264175
5.891077 5.751900
6.420128 6.199556
6.704776 6.616730
6.862701 6.848766
6.926162 6.939749
6.940942 6.961012
6.970543 7.011595
7.035682 7.094090
7.131130 7.213051
7.248192 7.402112
7.408545 7.701025
7.657847 7.931240
7.849204 8.156130
8.011383 8.340514
8.098091 8.481351
8.172131 8.528457
8.239323 8.474739
8.256428 8.429507
7.961109 8.263041
7.799232 8.087581
7.541659 7.861223
7.309078 7.529032
7.030733 7.150567
6.804774 7.063207
6.863099 7.196294
6.837013 7.339307
6.754042 7.341743
6.416327 7.001999
6.022066 6.704841
5.721546 6.516440
5.233609 6.295776
5.063865 5.978662
4.784585 5.534645
5.062428 5.842379
5.756253 6.497380
6.439587 7.040123
6.678459 7.193701
7.067378 7.575593
7.106291 7.689904
6.938918 7.228322
6.880444 7.283694
7.169763 7.639770
7.691137 8.182528
8.034044 8.540329
8.263520 8.779056
8.256665 8.844888
8.204757 8.806274
8.111026 8.613500
8.007960 8.411708
7.832304 8.119262
7.533813 8.030138
7.564233 7.865119
7.720121 7.969752
8.132910 8.387282
8.697809 8.829496
9.249133 9.467950
9.781542 10.085856
10.247196 10.673388
10.902792 11.172499
11.302510 11.529560
11.709375 11.760046
12.118020 11.990936
12.455905 12.279311
12.671951 12.400131
12.762144 12.734735
12.850098 12.876354
12.938764 13.043719
13.124982 13.217505
13.284895 13.521481
13.393574 13.760955
13.523019 13.769493
13.519229 13.834558
13.498915 13.840120
13.498809 13.822752
13.595996 13.908256
13.677005 13.869850
13.788605 13.974004
13.803399 13.997728
13.867445 14.022433
14.048789 14.191829
14.106782 14.228772
14.158093 14.337729
14.239178 14.411254
14.325541 14.486398
14.352356 14.424761
14.423793 14.510933
14.480762 14.650949
14.624144 14.781897
14.667376 14.807244
14.749348 14.773132
14.757951 14.819074
14.780762 14.777476
14.834024 14.799658
14.918734 14.834035
14.933379 14.770113
14.860539 14.598994
14.885694 14.575096
14.853850 14.542070
14.889939 14.490099
14.771466 14.132578
14.805076 14.172898
14.837248 14.317700
14.730581 14.319443
14.762976 14.483891
14.862480 14.492860
14.858973 14.518152
14.761166 14.559410
14.751471 14.283137
14.649834 14.278090
14.604290 14.041552
14.654843 14.091798
14.717682 14.172470
14.823189 14.360090
14.996514 14.678461
15.162600 14.985687
15.498649 15.500404
16.180100 16.135000
16.666716 16.692152
17.361997 17.433295
17.794322 17.827628
18.291653 18.138458
18.573921 18.726253
18.756964 18.874259
18.822095 19.076617
18.895309 19.169542
18.927884 19.188010
18.956438 19.191283
19.084949 19.407967
19.138850 19.440759
19.131869 19.444549
19.146118 19.449938
19.149717 19.477487
19.242305 19.664169
19.332621 19.768752
19.365474 19.811028
19.403097 19.832658
19.477188 19.866646
19.533460 19.897833
19.556144 19.789779
19.610167 19.832180
19.704713 19.786767
19.619959 19.820314
19.544204 19.811646
19.620555 19.822010
19.447075 19.669579
19.518842 19.714024
19.430263 19.704786
19.575265 19.918762
19.877819 20.093216
20.098770 20.267259
20.253893 20.381465
20.287399 20.403644
20.135575 20.343656
20.094533 20.354194
20.014990 20.175355
19.743777 20.179593
19.796870 20.191045
19.849564 20.236632
19.891278 20.302303
20.137648 20.581855
20.323901 20.787215
20.474917 20.926420
20.736689 21.075848
20.951370 21.321338
21.175465 21.546419
21.280273 21.698869
21.560959 21.877110
21.771278 22.153558
21.930563 22.264370
22.230466 22.354347
22.235450 22.546291
22.312557 22.634457
22.335115 22.703226
22.305327 22.718468
22.416961 22.759817
22.391977 22.816609
22.409832 22.966742
22.403855 23.036323
22.473228 23.026683
22.500977 23.075040
22.468152 23.112120
22.500223 23.142070
22.530999 23.181024
22.522034 23.167041
22.495718 23.057642
22.390046 23.001308
22.037858 22.988038
21.820856 22.915101
21.886384 23.020591
21.739354 22.874167
21.476017 22.679213
21.315562 22.569352
21.259226 22.322643
21.519301 22.487005
21.763623 22.687737
21.844378 22.724952
21.815955 22.670423
21.634643 22.508803
21.471677 22.223414
21.340739 21.920459
21.277059 21.758542
21.352826 21.771135
21.400984 21.808714
21.427512 21.868891
21.463779 21.903546
21.725596 21.999199
21.914457 22.135138
22.033041 22.362695
22.076971 22.606151
22.283798 22.826569
22.548281 22.877259
22.786674 23.128940
23.206361 23.414636
23.358091 23.518297
23.432878 23.587780
23.484271 23.624102
23.523686 23.639652
23.449009 23.657053
23.474316 23.685967
23.378045 23.768498
23.216272 23.706232
23.080819 23.677460
22.673795 23.544134
22.155838 23.208039
22.153672 23.201510
22.080680 23.141017
21.978363 23.121794
21.954295 23.022816
21.889651 23.121181
21.913517 23.195802
21.742005 23.285953
21.715294 23.345414
21.734792 23.368273
21.777224 23.401177
21.722874 23.388612
21.512928 23.323234
21.413901 23.465100
21.347140 23.527253
21.424489 23.690943
21.469486 23.813273
21.787693 23.996557
22.150330 24.305138
22.263043 24.808841
22.417829 25.120075
22.733998 25.348295
22.903094 25.666714
22.991613 25.727027
23.048671 25.787889
22.828926 25.446442
22.769434 25.165974
22.833437 25.201999
22.888469 25.238261
22.950392 25.302991
23.032826 25.400156
23.045559 25.421802
23.041208 25.490104
23.289691 25.836832
23.582025 26.253534
23.892187 26.524112
24.020260 26.856774
24.012644 26.845665
24.034055 26.831816
24.061737 26.828466
24.280592 26.964639
24.362502 26.997747
24.415175 27.061688
24.464363 27.096322
24.512911 27.182360
24.657011 27.209679
24.834743 27.539127
25.141879 27.778448
25.420321 27.918291
25.686839 28.206020
25.938139 28.373838
26.417303 28.657355
26.614264 28.942684
26.770417 29.260849
27.128134 29.365198
27.621993 29.595977
27.888061 29.711171
28.014727 29.801541
28.060111 29.895072
28.058783 29.915253
28.078403 30.041645
28.074873 29.960424
28.103019 29.986486
28.067869 30.076180
28.064528 30.063563
27.974415 30.049902
27.940850 30.032705
28.101264 30.044828
28.406852 30.546602
28.865191 31.178077
29.437264 31.917485
29.864560 32.855862
30.241861 33.128547
30.888458 33.996396
31.096374 34.415687
31.188884 34.535812
31.497351 34.854635
31.721419 34.994518
31.839630 35.133982
32.211591 35.151259
32.397335 35.415053
32.841978 35.676936
32.894031 35.723886
33.165354 36.047822
33.284195 36.266718
33.437159 36.316127
33.438892 36.601233
33.447912 36.613842
33.471382 36.635337
33.532622 36.803696
33.549551 36.827058
33.577105 36.870165
33.597621 36.896210
33.586069 36.961003
33.623236 36.996073
33.699521 37.140145
33.859587 37.187289
33.825063 37.240503
33.857817 37.303891
33.908858 37.335347
33.935357 37.321592
33.966282 37.316843
33.985083 37.313473
34.004111 37.291750
34.215315 37.428710
34.299501 37.259489
34.315599 37.238648
34.296283 37.232550
34.291059 37.223988
34.360930 37.212447
34.647179 37.195826
34.683249 37.188527
34.707541 37.202462
34.738832 37.220775
34.870610 37.180712
35.059164 37.018483
35.062461 37.029479
35.080444 36.936462
35.099081 36.978430
35.112569 37.014758
35.120320 37.111574
35.130645 37.180909
35.143331 37.230844
35.302784 37.208566
35.347612 37.261156
35.338326 37.373799
35.543138 37.385347
35.802484 37.311963
35.885804 37.332898
35.881459 37.286827
35.990866 37.455672
36.019605 37.489444
36.044207 37.529645
35.987556 37.564189
36.041103 37.560336
36.085413 37.608204
36.113459 37.635979
36.147642 37.672952
36.189290 37.707435
36.232237 37.774099
36.280921 37.828139
36.326205 37.894022
36.578042 38.065002
36.599723 38.131645
36.615672 38.188683
36.668868 38.251285
36.689776 38.292223
36.851337 38.340585
36.972786 38.433712
37.116898 38.596225
37.183173 38.750916
37.284904 38.755388
37.772687 38.906933
37.868811 38.991742
37.988372 38.947291
38.190769 39.020449
38.607391 39.184399
38.798790 39.201098
38.930411 39.528798
38.971347 39.536140
39.005105 39.579186
39.193315 40.054340
39.358878 40.253767
39.665100 40.750908
39.670750 40.800957
39.733363 40.849075
39.735518 40.890639
40.182755 41.318627
40.335088 41.425586
40.328677 41.492295
40.418964 41.510275
40.364429 41.614525
40.373013 41.519815
40.297512 41.602698
40.303635 41.623096
40.308722 41.636491
40.306306 41.674911
40.284824 41.766112
40.302913 41.821098
40.317600 41.849831
40.332588 41.899404
40.464758 41.951700
40.462317 41.851511
40.512613 41.889524
40.541035 41.943150
40.527931 42.070401
40.519594 42.128281
40.460965 42.227841
40.421073 42.316848
40.317237 42.279188
40.291270 41.967096
40.295546 41.970567
40.327889 42.012241
40.268778 41.996873
40.245589 41.988639
40.239872 41.992463
40.391787 42.221279
40.391929 42.254272
40.410768 42.277125
40.428575 42.321537
40.460876 42.349563
40.498463 42.380861
40.521815 42.439429
40.551904 42.471286
40.726053 42.447611
40.723949 42.507851
40.732330 42.569317
40.748840 42.610441
40.751090 42.654476
40.712035 42.727735
40.652508 42.732193
40.689524 42.758152
40.369130 42.710029
40.393152 42.738410
40.437603 42.770352
40.481572 42.803707
40.607297 42.763427
40.665835 42.805130
40.728987 42.849418
40.776525 42.907850
40.813241 42.978816
40.859904 43.045930
40.893696 43.096810
41.007359 43.178642
41.021445 43.224714
41.112671 43.369930
41.553889 43.620826
41.649781 43.800941
41.626297 43.793698
41.589982 43.863279
41.653303 43.812772
41.690334 43.868275
41.670613 43.870864
41.674721 43.871438
41.684096 43.832943
41.672001 43.826901
41.673861 43.835520
41.814445 44.076375
41.688370 44.255311
41.670889 44.274025
41.764361 44.311961
41.802679 44.325478
41.826818 44.331428
41.875650 44.338817
41.902118 44.338885
41.918795 44.314407
41.908758 44.302370
41.927361 44.309582
41.946160 44.346823
41.996711 44.362609
42.044658 44.384193
42.109204 44.405041
42.155109 44.426589
42.227193 44.473218
42.302490 44.474270
