290
290
280
290
410
420
420
420
500
600
620
610
610
600
610
610
610
620
610
610
610
810
810
1010
700
680
880
780
750
760
750
750
1110
1390
1350
940
980
930
940
950
1090
1070
1080
1210
1220
1210
1210
1210
1210
1210
1210
1210
1210
1210
1350
1340
1350
1340
1360
1340
1390
1340
1350
1340
1340
1350
1480
1480
1490
1480
1480
1530
1540
1620
1620
1610
2150
1970
1680
1620
1650
1620
1620
1680
2490
2480
2110
1620
1620
1620
1650
1680
1650
1680
1650
1670
1660
1680
1670
1670
1670
1680
1640
1960
1750
1620
1620
1620
1620
1620
1630
1680
1680
1620
1790
2440
2540
2530
2540
2540
2540
2510
2270
1620
1620
1620
1670
1670
2160
2460
1780
2680
2030
1810
1820
1770
1760
1790
1760
1770
1760
1760
1750
1760
1780
1800
1820
1820
1990
1990
2010
2000
1990
2000
1990
1990
1990
2000
2160
2160
2170
2170
2160
2150
2160
2160
2160
2320
2300
2320
2520
3480
3340
2240
2390
2460
2470
2470
2630
2620
2630
2640
2630
2780
2800
2790
2800
2770
2750
2760
2730
2700
2690
2690
2700
2710
2720
2710
2720
2700
2700
2710
2700
2710
2710
2870
3900
3480
2860
2870
2870
3030
3020
3020
3030
3220
2510
2090
3030
3030
3040
3030
3140
3370
4000
3070
3020
3060
3290
3290
3280
3290
3370
3370
3350
3520
3520
3520
3500
3500
3680
3690
3670
3680
3690
3690
3700
5090
5590
5590
5610
4720
3740
3740
4720
4160
3770
3750
3730
3730
3730
3720
3730
3720
3750
3710
3710
3710
3710
3690
3700
3720
4220
3680
3680
3720
3700
3680
3690
3680
3760
3670
3680
3660
3670
3680
4100
3660
3660
3670
3700
3750
5700
3680
3700
3880
3710
3830
3790
3840
3990
3960
3840
3860
3880
3830
3880
3840
3840
3850
4350
3820
3810
3810
3840
4540
4150
3840
4410
5390
4710
3810
3810
3940
3850
3820
3900
4000
4000
4010
3900
3850
3800
4160
3830
4060
4040
4030
4200
5050
4290
6730
6760
5290
6760
7060
7060
4850
4520
4610
4560
4580
4570
4630
6850
4610
4630
4660
4660
4690
4720
4730
4720
4710
5020
4960
4900
4800
4770
4820
5060
5030
5180
5170
5200
5210
5440
5660
4950
5890
6200
6720
6360
6520
8270
9330
9370
9380
9290
8470
8300
6620
6980
6630
6640
6740
9510
9500
7910
6700
6650
6640
6700
8600
9890
9890
7930
7580
7110
9990
8550
8670
8210
8510
8730
8240
8240
8300
8160
9240
8120
8070
8090
8120
8850
8550
7970
7840
9410
8190
8100
8690
8100
9380
7800
8280
7830
7800
7760
7710
7670
7680
9810
8200
10040
11950
12000
10420
6680
8270
8430
8330
8940
8410
12320
12570
12470
12280
12730
10690
8780
9070
9490
11950
8950
9290
10260
8960
8990
9350
9040
9050
10400
12110
12970
9150
10630
13310
13790
13810
13810
10270
9560
9580
9820
11800
10450
9660
9520
9520
9570
13210
11470
9520
10080
9520
9530
9560
9550
11590
11420
9840
12010
9540
9710
10780
13070
9510
9500
9560
9990
9480
9490
10300
13770
9900
9500
9500
12750
9530
9520
9530
9570
9970
10710
10940
14100
14350
10000
11180
9990
10070
10000
11450
9990
10240
10060
8320
9910
9950
11200
12110
9910
10070
10110
10060
9950
11990
12820
13950
13480
9920
9830
9850
10280
10230
12380
12490
10210
10200
10230
