2.049952 2.048384
2.056080 2.060801
2.070930 2.113260
2.104619 2.181103
2.148386 2.288996
2.190386 2.417776
2.234830 2.576051
2.295643 2.743121
2.384539 2.952754
2.478231 3.152203
2.573093 3.413520
2.694376 3.658629
2.796825 3.894403
2.950229 4.165723
2.998454 4.231186
3.013913 4.231834
3.061267 4.205609
3.292387 4.407213
3.381517 4.543161
3.420324 4.654807
3.380876 4.646796
3.409184 4.686954
3.443329 4.697294
3.542002 4.760199
3.670372 4.890534
3.793239 5.019949
3.914533 5.175100
4.097737 5.398992
4.281243 5.547174
4.500888 5.697922
4.784893 5.880081
4.974073 5.972805
5.168574 6.086283
5.389970 6.278122
5.646556 6.498821
5.830796 6.663398
6.085057 6.866142
6.285800 7.036540
6.445202 7.228541
6.631741 7.394216
6.825307 7.570754
7.045762 7.703696
7.245445 7.867389
7.453972 8.050209
7.558464 8.190795
7.561668 8.238249
7.618939 8.286096
7.680680 8.361969
7.722987 8.445179
7.729975 8.454638
7.661667 8.360884
7.610869 8.339006
7.560212 8.278117
7.585199 8.273025
7.579080 8.255375
7.564729 8.231098
7.467836 8.228841
7.419548 8.231302
7.380348 8.243499
7.354053 8.260594
7.398044 8.289635
7.463258 8.347287
7.505592 8.429747
7.501777 8.444538
7.576229 8.450668
7.655329 8.533796
7.764537 8.654847
7.798659 8.676568
7.801291 8.725036
7.952958 8.822521
8.065295 8.936727
8.195680 9.046280
8.325097 9.164280
8.445296 9.297717
8.588708 9.348728
8.727087 9.385045
8.957840 9.473489
9.007554 9.488261
9.133094 9.544009
9.143829 9.349879
9.091723 9.250638
9.156243 9.332503
9.336468 9.505166
9.364145 9.700601
9.368395 9.703867
9.405325 9.643550
9.391517 9.592049
9.390246 9.573834
9.317548 9.372733
9.335373 9.385900
9.352181 9.412860
9.431625 9.518284
9.447459 9.568650
9.525409 9.631305
9.580312 9.757860
9.752125 9.907149
9.871620 10.036768
10.040973 10.138511
10.135180 10.234086
10.245000 10.328207
10.364729 10.439230
10.464245 10.511841
10.538441 10.598720
10.627786 10.681382
10.646741 10.660931
10.694256 10.762334
10.642941 10.862994
10.616800 10.916128
10.732824 11.042208
10.841323 11.120885
10.903616 11.223172
10.876139 11.179323
10.800421 10.947715
10.780608 10.807096
10.797834 10.523669
10.625658 10.384995
10.422982 10.068585
10.140064 9.847850
9.998477 9.561073
9.833028 9.354814
9.676207 9.136072
9.541264 8.948863
9.219923 8.684339
9.157814 8.473096
8.867626 8.418321
8.822904 8.153877
8.719095 7.796502
8.517354 7.655423
8.406573 7.435001
8.271841 7.387908
8.141211 7.355091
7.990200 7.377860
8.033083 7.414839
8.149325 7.501791
8.138030 7.602178
8.275531 7.714976
8.400157 7.829716
8.456612 7.932733
8.541807 8.033501
8.585279 8.162082
8.434583 8.250577
8.526285 8.348728
8.647187 8.459760
8.816215 8.561466
8.933994 8.598766
8.799726 8.598615
8.783344 8.534060
8.650333 8.537774
8.515131 8.468628
8.776942 8.767010
8.921952 8.872466
8.993396 9.055737
8.964236 9.236203
8.881477 9.112926
8.789242 8.961750
8.766278 8.943959
8.840204 8.869504
8.874434 8.876055
8.837467 8.893664
8.856864 8.939856
8.917489 9.001892
9.005487 9.063066
9.107989 9.143427
9.254643 9.228205
9.349254 9.298001
9.433657 9.430953
9.560937 9.543132
9.676001 9.620909
9.714684 9.541755
9.726535 9.606617
9.556655 9.511391
9.428234 9.486456
9.542244 9.359659
9.355529 9.244307
9.206557 9.224223
9.095888 8.786066
9.008660 8.614542
8.984602 8.499084
8.914293 8.497123
8.850459 8.180015
8.471548 7.814144
8.280381 7.579093
8.187318 7.232458
8.160384 7.085973
7.886176 6.833256
7.277019 6.511212
6.910814 6.279653
6.632717 6.194051
6.466161 5.797079
6.134606 5.550118
5.935844 5.324995
5.884990 4.962743
5.658736 4.910351
5.675029 4.945624
5.622730 5.067907
5.607347 5.022851
5.609089 5.024044
5.668407 5.105298
5.693428 5.217214
5.754064 5.377592
5.828927 5.509750
6.097343 5.719809
6.519284 6.010190
6.727710 6.190167
6.965905 6.600921
6.986904 6.743508
7.097724 6.861359
7.242410 6.911667
7.311767 6.874314
7.355847 6.935361
7.462614 7.005810
7.551040 7.265591
7.542927 7.464787
7.626969 7.516411
7.656917 7.595927
7.699042 7.685539
7.777308 7.734245
7.893024 7.855756
7.962505 7.983410
8.047911 8.047489
8.103920 8.157651
8.134681 8.199683
8.148251 8.315047
8.167742 8.397512
8.167480 8.377658
8.056380 8.371423
7.949140 8.330507
7.820259 8.242002
7.679489 7.994948
7.637118 7.744907
7.353509 7.422024
7.146323 7.212592
6.894660 6.950256
6.651598 6.849153
6.332684 6.459211
6.247600 6.072193
6.080375 5.987778
6.019389 5.792373
5.997381 5.886400
6.071519 5.993045
6.150749 6.011502
6.181516 6.106045
6.279048 6.219452
6.336470 6.286541
6.409534 6.279807
6.458919 6.298057
6.480431 6.303158
6.534201 6.345148
6.786413 6.640666
7.132715 6.861299
7.179954 6.634993
7.108631 6.049110
6.423169 5.213117
5.241961 4.160086
4.122917 3.192794
3.031559 2.355609
2.652245 2.338565
2.694926 2.485032
2.861400 2.828573
3.030143 3.030307
3.261908 3.257767
3.385080 3.289817
3.516514 3.362755
3.646470 3.420225
3.812142 3.495001
4.019023 3.615582
4.217394 3.675362
4.364869 3.736847
4.615381 3.827465
4.904316 3.677697
4.857598 3.718312
5.119630 3.772081
5.314732 3.844371
5.313271 3.826379
5.091514 3.719992
4.915927 3.560694
4.768965 3.486149
4.585807 3.302020
4.393487 3.159785
4.337613 3.181846
4.364181 3.231448
4.290368 3.391239
4.362133 3.581320
4.555179 3.797807
4.782341 4.197221
4.894334 4.395174
5.030234 4.591102
5.152736 4.795132
5.275689 4.870087
5.356058 4.903287
5.323639 4.919599
5.326007 4.779364
5.366236 4.832046
5.574739 5.009706
5.622409 5.082525
5.787940 5.168981
5.961528 5.133226
6.038496 5.042771
6.063638 4.763836
5.683552 4.381052
4.930468 3.741945
4.614135 3.357453
4.395586 3.308196
4.569191 3.610753
4.782900 3.634857
4.820638 3.770566
5.040637 3.969210
5.087290 4.052763
5.164204 4.175004
5.317350 4.358083
5.609549 4.542770
5.733188 4.705737
5.815881 4.816524
5.802188 4.859758
5.917167 4.982653
5.973036 4.870211
6.030497 4.871687
6.062974 4.872064
5.868995 4.795501
5.724087 4.679290
5.310755 4.431870
5.179403 4.223805
4.849600 3.915185
4.477965 3.490878
4.041590 3.190922
3.811510 2.962681
3.791098 3.012974
3.661815 2.915859
3.761728 3.094591
3.813392 3.200767
3.847805 3.274910
3.962312 3.308379
4.175315 3.479578
4.300496 3.621197
4.359123 3.758440
4.532856 3.870072
4.673871 3.972397
4.731399 4.055597
4.863073 4.146030
5.166847 4.401193
5.321971 4.391964
5.270409 3.927800
4.309499 3.135829
3.205376 2.259152
2.707205 1.878373
2.634140 2.028170
3.056373 2.391008
3.313740 2.698668
3.596866 2.990351
3.846990 3.255886
3.971848 3.439698
4.098115 3.573449
4.283294 3.738134
4.489140 3.926776
4.703116 4.211150
5.030300 4.478070
5.110266 4.495159
5.211399 4.469472
5.326361 4.425509
5.497489 4.301447
5.646036 4.241539
5.664848 4.084128
5.747127 4.026249
5.714152 4.071860
5.624939 4.032202
5.592869 3.909694
5.624608 3.945490
5.605617 3.898428
5.439181 3.872801
5.380120 3.801361
5.212863 3.761366
4.906019 3.724011
4.789775 3.630643
4.804987 3.641502
4.699268 3.645384
4.604626 3.618216
4.744909 3.783897
5.134453 4.216297
5.367576 4.500306
5.597233 4.746254
5.762305 4.832499
5.898093 5.008249
6.062712 5.055583
6.084319 5.161214
6.169161 5.267591
6.237747 5.380558
6.311885 5.486640
6.340618 5.544721
6.387327 5.575672
6.511698 5.656532
6.519545 5.677861
6.541703 5.775771
6.547896 5.810273
6.566135 5.866206
6.502153 5.954957
6.392132 6.020834
6.394546 5.963374
6.338124 5.960479
6.055521 5.920143
5.865726 5.757085
5.635398 5.659697
5.458273 5.513033
5.147080 5.259883
4.911572 5.047216
4.670111 4.774085
4.482854 4.441612
4.514736 4.303961
4.224866 3.952803
3.854572 3.417820
3.537900 3.128584
3.394606 2.950152
3.101859 2.646857
3.021013 2.587921
2.975960 2.674948
2.906832 2.601473
3.005658 2.622077
2.945159 2.695919
3.047369 2.819708
3.308866 3.030637
3.547540 3.252426
3.852852 3.679875
4.337851 3.961978
4.618834 4.087281
5.030231 4.041109
5.182787 3.758500
4.841982 3.242363
3.852999 2.760438
2.896316 2.031338
2.100219 1.840743
1.890348 1.746284
2.032610 2.009187
2.246797 2.197898
2.567076 2.440756
2.948853 2.674010
3.290874 2.833761
3.502117 2.982400
3.788579 3.157326
4.060496 3.269838
4.332689 3.482074
4.602310 3.565980
4.917740 3.679337
5.168321 3.761057
5.193266 3.780479
5.252723 3.838091
5.377653 3.813007
5.425047 3.654484
5.416040 3.677907
5.216274 3.632978
5.026161 3.459514
4.912023 3.451332
4.851484 3.478324
4.777009 3.559403
4.899153 3.683840
5.062466 3.839844
5.354569 4.127073
5.765549 4.424952
6.052677 4.700429
6.304893 4.861920
6.775492 5.113922
6.889911 5.326718
6.959058 5.463781
7.031711 5.589421
7.109799 5.651663
7.125746 5.751977
7.309498 5.769519
7.312908 5.904446
7.379788 6.010953
7.403131 6.080759
7.444650 6.177817
7.494123 6.262370
7.577600 6.336513
7.592448 6.425440
7.588146 6.523168
7.646981 6.543436
7.603383 6.378191
7.520791 6.362637
7.335156 6.182292
7.035811 5.873120
6.754355 5.489876
6.142811 5.159983
5.615015 4.793628
5.089083 4.388606
4.787122 3.869729
4.325638 3.418482
4.199447 3.210120
4.153958 3.137548
3.937220 2.937183
3.817131 2.903366
3.658224 2.787719
3.545206 2.768573
3.597662 2.713052
3.495994 2.646897
3.588419 2.607998
3.896054 2.926537
3.955013 3.238341
3.869444 3.120240
3.807731 3.102180
4.039750 3.419638
4.383610 3.670186
4.217572 3.432527
3.862936 3.032250
3.770230 2.884879
3.750134 2.911731
3.627610 2.967998
3.649356 3.004445
3.739603 3.106532
3.791337 3.112494
3.750212 3.132724
3.650631 3.082686
3.751846 2.927957
3.662148 2.742291
3.560322 2.480278
3.303681 2.338329
3.048110 2.261468
2.781820 2.101161
2.465792 2.016099
2.299094 1.948678
2.036099 1.649991
2.032895 1.710554
2.046063 1.724233
2.102855 1.797137
2.215609 1.868325
2.230157 1.898107
2.375389 1.890187
2.689075 2.008843
2.911369 2.137547
3.185955 2.280173
3.535711 2.438602
3.784355 2.616636
4.152353 2.828282
4.480119 3.102368
4.842910 3.351802
5.167785 3.492465
5.209939 3.500536
5.177783 3.389203
5.369913 3.375487
5.419678 3.289675
5.474552 3.256062
5.523531 3.264311
5.565336 3.343001
5.549970 3.452863
5.509933 3.544553
5.385394 3.576601
5.412487 3.600561
5.307691 3.488785
4.940044 3.282487
4.472682 2.938852
4.101733 2.786043
3.714265 2.666330
3.319858 2.570771
3.163227 2.453606
3.125859 2.456748
3.066700 2.309476
3.105954 2.382238
3.016017 2.364658
3.014228 2.346793
3.102405 2.376791
3.259740 2.559248
3.561700 2.758196
4.282289 3.412412
4.797258 4.047356
