0.268798
0.371733
0.571531
0.594089
0.598087
0.564028
0.454994
0.477573
0.767743
0.875689
1.246272
1.534216
1.865994
2.270257
2.342674
2.130811
1.610060
1.359160
1.758841
1.999305
1.977255
2.040003
2.344220
2.505119
2.767183
3.219315
3.546047
4.013290
4.365608
4.776787
5.229370
5.622844
5.896831
6.399140
6.613424
7.005047
7.170027
7.613445
7.925242
8.227190
8.768893
9.049183
9.606743
9.925497
10.326170
10.381068
10.330515
10.456543
10.533794
10.262250
10.066925
9.945065
9.727385
8.985550
8.524026
7.849556
7.168515
6.722842
6.363742
6.018756
5.548102
5.302486
4.973198
4.428480
4.046546
3.628178
3.144749
2.840849
2.506033
2.212607
1.929731
1.915258
1.858869
2.279500
2.400906
2.437180
2.560257
2.728746
1.954365
1.575511
0.984052
0.573307
0.605287
1.414145
1.995647
2.654995
3.101205
3.414087
3.678486
3.935351
4.218997
4.715963
5.096186
5.450797
5.683112
6.324350
6.656081
6.984173
7.454830
7.750219
8.141606
8.506538
8.869507
9.047145
9.461418
9.770435
9.960534
10.347362
10.682984
10.923030
11.087839
10.683219
10.590953
10.575041
10.514302
10.211914
10.192077
10.339280
10.450846
10.572661
10.688469
10.000166
9.446938
9.036314
8.701822
8.129294
7.714934
7.332415
6.858022
6.493299
6.185412
5.740579
5.396316
5.103651
4.888657
4.541881
4.330296
4.201980
4.083270
4.122543
4.221336
4.289195
4.343359
4.614325
5.015571
5.303166
5.294259
4.855753
4.156001
3.543934
3.107500
3.761170
3.949021
3.545137
3.476960
3.349196
3.469357
3.769998
4.006564
4.185267
4.647943
5.031952
5.402947
6.067645
6.550108
7.035734
7.578064
8.170184
8.503386
9.047182
9.571083
9.392224
9.429403
9.842772
10.259645
10.866874
11.281766
11.886532
12.270251
12.610196
12.540008
12.519556
12.505667
12.473860
12.323849
12.458496
12.555430
12.678990
12.820672
13.078589
13.365524
13.669049
13.880133
14.161109
14.329438
14.326494
14.457188
14.355985
14.712990
14.952463
15.080113
15.555755
16.049368
16.153563
16.075870
16.479399
16.540935
16.253093
15.885917
15.733392
15.452387
14.650423
14.158862
13.731181
13.430154
13.017757
12.502190
12.132019
11.824949
11.422230
11.145578
11.079212
11.021588
10.142008
9.041566
8.480726
8.104881
7.958510
7.580660
7.290743
7.862663
7.977766
8.308058
8.793352
8.914451
9.249093
9.565277
9.866069
10.473366
10.831385
11.204218
11.828299
12.233269
12.248960
12.237001
12.565047
12.807100
13.215382
13.418633
13.657766
13.766665
14.055544
13.786288
13.321856
13.230442
13.068336
12.890783
12.537550
11.764376
11.245864
10.404692
9.873984
9.335623
8.859797
8.431548
7.941370
7.352135
6.953252
6.620614
6.122981
5.893592
5.214406
4.929821
4.861416
4.751128
4.955988
5.284706
5.554098
5.557554
5.691931
5.793136
5.811719
5.992200
6.292332
6.809545
7.378949
7.628612
7.973515
8.624668
9.055988
9.446989
9.648803
9.852896
9.887319
10.381480
10.716779
10.942377
11.121656
10.968972
10.936965
10.318442
9.977535
9.447364
8.783281
8.574367
8.528148
7.911220
7.621788
7.067745
6.729311
6.470406
6.335472
6.554136
6.833119
7.120046
7.772091
8.227378
9.035911
9.810761
10.424314
11.241863
11.806548
11.112757
10.750176
10.443920
10.280939
10.233297
10.073235
10.025358
9.919236
9.787569
9.767502
9.707157
9.768870
9.836167
10.271032
11.084541
11.675028
12.322375
12.900747
13.557889
14.324593
13.600081
13.214997
12.548828
12.000136
11.573477
10.968077
10.698532
10.593755
10.688575
11.051184
11.346221
11.592381
11.904033
12.367437
12.330908
12.362726
12.348338
12.591265
12.971503
13.236712
13.810573
13.816354
14.294824
14.610593
15.159301
15.290231
15.368726
15.700114
16.317233
16.699662
17.193424
17.646649
18.245555
18.604710
18.996511
19.541277
19.995105
20.099880
20.317176
19.970270
20.129803
19.720443
19.322500
18.639843
18.078636
18.214418
18.323671
18.284582
17.529565
17.063708
16.661906
16.223561
15.641158
15.231081
14.872973
14.540010
14.165168
13.856643
13.422086
13.186574
13.150125
13.245254
13.352107
13.421959
13.350900
13.029299
12.711705
12.350580
11.921147
11.580372
11.282030
11.086077
11.025390
10.982305
11.027080
11.126881
11.339286
11.663577
12.378106
12.440693
12.861865
13.313062
13.977791
14.427766
13.827293
13.284532
12.481190
11.888001
11.414573
11.275290
10.917277
10.651335
10.412882
10.182032
10.204197
10.578649
11.018526
11.267335
11.550500
12.034626
12.208350
12.634550
12.959711
13.378194
13.755404
14.443179
14.888817
15.711193
16.481696
17.261093
17.926829
18.644859
19.445309
20.180098
20.967126
21.467263
21.719441
21.993709
22.397573
23.050306
23.652759
23.478384
23.906200
24.310605
24.273186
23.621519
23.172793
23.005888
22.702315
22.570497
21.969976
21.663553
21.177314
21.125489
21.097156
20.566000
20.151333
19.841200
19.577228
19.214079
18.661363
18.345936
18.081166
17.919489
17.611066
17.291975
17.065524
16.882735
16.709526
16.902794
17.100602
17.112509
17.161274
17.686515
18.134814
18.641885
19.086991
19.006074
18.311109
17.845009
17.652872
17.449169
17.321880
17.251767
17.152704
17.218870
17.366976
17.692697
18.023865
18.393782
18.673391
18.912251
18.954189
18.975627
19.323725
19.662727
20.018059
20.294908
20.714977
21.230222
21.528674
21.863555
22.509863
22.823797
23.167028
23.724003
24.204559
24.944449
25.475065
25.986125
26.573603
26.605574
25.806667
25.808731
25.240410
24.898630
24.019756
23.474367
22.540277
21.946214
21.502021
20.988358
20.602017
20.350543
20.130243
19.916011
19.667240
19.476158
19.054920
18.729548
18.515549
18.220654
18.014503
17.774942
17.559244
17.255735
17.090464
16.806938
16.694621
