0.312100
0.386082
0.559753
0.609886
0.676246
0.768333
0.820921
0.850107
1.099100
1.235462
1.563786
1.699380
1.922506
2.288018
2.432236
2.350578
2.123476
2.275075
2.468018
1.943476
1.539388
0.930346
0.624650
0.627140
0.886590
1.510311
2.126451
2.708240
2.948299
3.230693
3.719881
4.058237
4.240140
4.674013
4.901529
5.303287
5.442869
5.812146
5.956779
6.277583
6.775080
6.985996
7.483165
7.812290
8.073947
8.075396
8.221548
8.514492
8.493800
8.170249
7.837192
7.639496
7.512710
6.836715
6.472006
5.828074
5.158940
4.685105
4.222276
3.744954
3.156358
2.663045
2.190845
1.317740
0.883689
0.519916
0.591799
0.836071
1.316492
1.628435
2.093483
2.661216
2.978264
3.499255
4.111435
4.411903
4.745524
5.405155
5.692933
5.709025
5.467586
5.169596
5.670022
5.867281
5.697970
4.970236
4.660039
4.192309
3.807056
3.296872
2.883290
2.166310
1.859635
1.712989
1.520549
1.391041
1.591563
1.775237
2.248107
2.591360
3.128024
3.479256
3.736086
4.154306
4.640528
4.954098
5.200929
5.689598
6.073651
6.510175
6.945459
7.018345
7.277357
7.471168
7.858603
7.403505
7.252661
7.188006
7.293169
7.288516
7.155553
6.475949
6.043605
5.667949
5.111684
4.317342
3.755425
3.166376
2.281134
1.729919
1.118041
0.444441
0.316937
0.656119
1.047338
1.719480
2.312814
2.664901
3.262577
3.653071
3.897844
4.545874
4.787822
5.195451
5.776855
6.057003
6.414772
6.600873
6.255300
5.838520
5.374689
5.510390
5.302008
4.501224
3.928992
3.278554
2.598883
2.182782
1.810265
1.467956
0.977191
0.679059
0.557205
0.822143
1.192338
1.483689
1.867210
2.430854
2.880051
3.488991
3.917688
3.874439
3.809901
4.155528
4.542009
5.103819
5.575305
6.147840
6.555650
7.060516
7.097126
7.306582
7.536852
7.842022
7.555932
7.328983
7.185125
6.887421
6.754546
6.754167
6.823328
6.998702
7.093710
7.209286
7.460203
7.813999
8.305733
8.864392
9.896464
10.599243
11.278470
12.308325
13.228971
13.721588
13.900770
14.392411
14.302484
13.883720
13.332944
13.016318
12.731568
12.069466
11.647698
11.286646
11.057838
10.759388
10.427109
10.253586
10.105421
9.835471
9.717331
9.726710
9.730369
9.208665
8.404296
8.289397
8.433429
8.575592
8.731391
8.221487
8.367785
8.524539
8.700825
8.898329
8.972980
9.148638
9.407094
9.597521
9.931152
10.016582
10.257915
10.626201
11.069747
11.080480
11.223253
11.481721
11.790800
12.381889
12.917955
13.333798
13.892652
14.407324
14.346857
13.767995
13.487419
13.009420
12.688618
12.403101
11.501419
10.898865
10.072013
9.835602
9.577707
9.340065
9.130243
8.943352
8.706921
8.712454
8.620339
8.512129
8.408757
8.495562
8.569102
8.720549
8.111194
8.006693
7.981890
8.029169
8.273694
8.395577
8.358161
8.013095
8.009868
8.200812
8.565611
8.986695
9.303866
9.678217
10.246579
10.774940
11.341541
11.534997
11.977729
12.044355
12.633095
13.188811
13.511580
13.785616
13.783325
13.854787
13.386008
12.919550
12.564679
11.881207
11.882393
11.644133
11.023327
10.734725
10.359779
10.123930
9.751400
9.357780
8.962510
8.706646
8.435133
8.117139
7.860291
7.725997
7.792448
7.879940
7.952495
7.954387
7.472912
7.423654
7.447750
7.563212
7.705997
7.591916
7.760115
7.989517
8.066325
8.316987
8.584021
8.846864
9.163148
9.777933
10.530202
10.985360
11.465015
12.094860
12.594291
13.259791
12.665028
12.330120
11.819724
11.414587
11.095399
10.735847
10.731294
10.959925
11.274505
11.849743
12.266161
12.830609
13.225404
13.796763
13.807895
13.826279
13.841218
14.283903
14.954345
15.291793
15.957290
15.999804
16.422436
16.854998
17.514186
17.560834
17.654375
18.125333
18.676891
19.117148
19.808287
20.284816
21.071220
21.691530
22.280355
22.865626
23.155748
23.390688
23.518248
23.408833
23.713536
23.502529
23.273485
22.728202
22.299438
22.380811
22.405371
22.483417
21.854146
21.435994
21.008828
20.831379
20.196613
19.788899
19.386536
18.967805
18.563066
18.090170
17.577982
17.264099
17.278342
17.382956
17.322347
17.207584
16.982585
16.611816
16.235426
15.844511
15.170468
14.543201
14.216207
13.846608
13.660180
13.423421
13.295035
13.094803
13.260900
13.359029
13.801003
13.821400
14.041880
14.319240
14.736410
15.066908
14.503175
14.254212
13.963065
13.805767
13.890193
14.018834
14.128862
14.076274
14.180477
14.298505
14.541904
15.124370
15.533246
15.942038
16.333287
16.946001
17.158148
17.748236
18.107374
18.498070
18.863732
19.505085
19.904953
20.547356
21.157413
21.792384
22.385602
23.041586
23.736001
24.241785
24.901923
25.093533
25.220334
25.111238
25.111554
25.405072
25.240350
24.588472
24.608974
24.583633
24.190941
23.531956
22.989263
22.572692
21.981255
21.584427
21.120430
20.702998
20.296273
20.348203
20.361792
19.828776
19.502152
19.029088
18.676048
18.276307
17.722821
17.347287
16.974837
16.652331
16.386340
15.765854
15.299052
15.015442
14.761804
14.753565
14.742150
14.661292
14.561780
14.841674
15.051901
15.443929
15.645856
15.521878
15.116699
14.854823
14.786518
14.788954
14.868132
14.915343
15.130907
15.250416
15.551722
16.133816
16.508453
16.895573
17.302878
17.761785
17.679882
17.544315
17.930409
18.432737
18.849907
19.509239
19.809996
20.513466
20.626969
21.247840
21.515939
22.091474
22.377786
23.160804
23.483533
23.807701
24.321689
24.786843
25.233601
24.980508
24.982176
24.890095
24.576306
24.346861
23.727862
23.332253
22.826395
22.354826
22.000173
21.186174
20.064589
19.117553
18.450278
18.049733
17.026615
16.614114
15.762000
15.174866
14.491333
13.875377
13.646833
13.316871
12.861421
12.348164
12.188808
11.411506
10.583379
