1.917657 2.066747
1.919285 2.066247
1.918766 2.066208
1.918200 2.067886
1.922751 2.074830
1.924306 2.082920
1.927228 2.096862
1.929142 2.114653
1.933811 2.139389
1.936601 2.172383
1.936896 2.213964
1.931856 2.259658
1.934452 2.309755
1.956380 2.359345
1.983932 2.364172
2.010603 2.325422
2.051817 2.292137
2.007659 2.326432
1.976962 2.353534
1.967584 2.286880
1.968246 2.263336
1.981292 2.261350
1.988480 2.281331
2.002251 2.321807
2.024005 2.387269
2.045687 2.478593
2.069603 2.580252
2.101813 2.702941
2.134433 2.834492
2.169599 2.975397
2.194703 3.148703
2.212421 3.298970
2.216592 3.437271
2.278023 3.609723
2.348371 3.803765
2.398716 3.974318
2.574624 4.238085
2.645672 4.457658
2.708061 4.662907
2.742324 4.883439
2.737238 5.006782
2.780446 5.125082
2.862744 5.351297
2.916951 5.528273
2.984903 5.669105
3.034051 5.713073
3.041474 5.640207
3.081807 5.598013
3.041331 5.354372
2.884082 5.156841
2.705609 4.947397
2.425773 4.637024
2.269576 4.496572
2.099295 4.141790
2.022381 3.913224
1.953175 3.754697
1.869418 3.538792
1.807514 3.363500
1.779147 3.270093
1.817441 3.255059
1.827536 3.246785
1.842531 3.250178
1.805309 3.318260
1.914632 3.372595
1.977964 3.457649
2.046135 3.556784
2.077639 3.630299
2.120187 3.714436
2.172145 3.819477
2.187887 3.866845
2.204069 3.894141
2.268618 3.982244
2.319388 4.101059
2.348840 4.192318
2.476929 4.415150
2.573390 4.548061
2.722098 4.822594
2.929610 5.093247
3.199329 5.255668
3.337574 5.259185
3.165332 5.019613
3.152939 4.926017
3.285050 5.251682
3.214046 5.407722
3.109790 5.336491
3.172004 5.187528
3.269986 5.081756
3.193048 4.835307
3.057934 4.574954
2.834354 4.375512
2.678193 4.134695
2.488865 3.879691
2.435227 3.728200
2.312670 3.630599
2.142933 3.400613
2.107520 3.333468
2.077905 3.254878
2.032201 3.286688
2.058781 3.329005
2.027186 3.385541
2.122221 3.408054
2.230245 3.527891
2.362622 3.638258
2.427255 3.698824
2.388695 3.851715
2.511197 3.919217
2.517883 3.991430
2.517668 4.014570
2.590522 4.008193
2.538482 4.162632
2.364753 4.280027
2.222497 4.148303
2.107492 4.139754
2.001921 4.074896
1.948266 4.022995
1.771059 3.696127
1.522754 3.375765
1.260616 3.164524
1.253445 3.071699
1.157937 2.982609
1.191625 2.899621
1.187390 2.681258
1.135845 2.545721
1.103793 2.383989
1.043860 2.193240
1.004420 2.082109
1.022502 2.000180
1.097594 1.977008
1.225256 2.085581
1.373994 2.269457
1.466857 2.394964
1.577029 2.606791
1.670081 2.783413
1.797903 2.975808
1.871901 3.110196
1.900435 3.260002
1.935135 3.334068
1.994217 3.412355
2.006204 3.546232
2.081905 3.642420
2.017775 3.733553
2.070464 3.827983
2.150232 3.894183
2.155408 4.087736
2.272720 4.312713
2.367761 4.491673
2.461280 4.621962
2.479612 4.366138
2.340640 4.051417
2.667941 4.087324
2.679769 3.932070
2.632627 4.132449
2.563780 4.169546
2.459898 3.885855
2.427254 3.728262
2.282355 3.426337
2.333551 3.449870
2.249235 3.259324
2.174208 3.060445
2.115168 2.924254
1.924237 2.801630
1.859712 2.644299
1.788457 2.561004
1.702252 2.513560
1.505920 2.398814
1.435368 2.267736
1.325684 2.361678
1.309566 2.471533
1.367562 2.556096
1.358607 2.588643
1.367775 2.601647
1.289221 2.455399
1.272263 2.347848
1.174983 2.264938
1.145920 2.293460
1.149891 2.277731
1.065514 2.268103
1.104863 2.367701
1.149116 2.493638
1.248574 2.629108
1.106670 2.588211
1.220409 2.599618
1.359410 2.525155
1.605137 2.472094
1.308925 2.221419
1.066996 2.095564
0.958754 1.983815
0.969247 1.897770
1.050831 1.890007
1.179323 1.866451
1.265018 1.818306
1.461073 1.786577
1.636129 1.788416
1.823005 1.806876
2.082379 1.873307
2.304374 1.915938
2.630135 2.006021
2.972340 2.094929
3.250709 2.189965
3.560074 2.304056
3.857120 2.484027
4.060867 2.719876
3.927169 3.069488
3.743024 3.397504
3.553051 3.467986
3.388873 3.733750
3.297860 3.595777
3.277068 3.434421
3.195568 3.319968
3.123270 3.234253
3.194388 3.157675
3.001155 2.970524
2.867701 2.906958
2.728908 2.852227
2.640064 2.848903
2.411411 2.711213
2.270250 2.657391
1.993881 2.536418
1.878048 2.452539
1.801242 2.390191
1.914348 2.434147
1.919738 2.479907
1.934398 2.532071
2.073603 2.729574
2.111848 2.850539
1.970163 2.817830
1.835430 2.558751
1.498591 2.264791
1.428895 2.110543
1.185912 1.982634
0.939520 1.641037
0.814824 1.449073
0.820181 1.319493
0.946084 1.360234
1.035377 1.377427
1.134999 1.463011
1.217483 1.556106
1.361158 1.667319
1.510322 1.810190
1.674644 1.953789
1.866779 2.111273
2.052602 2.255397
2.217582 2.394309
2.208702 2.380005
2.167785 2.370215
2.337128 2.517574
2.530507 2.660519
2.472913 2.926489
2.310976 3.095905
2.240613 3.234113
2.165655 3.403946
2.126221 3.542776
1.640177 2.471461
1.406391 1.691195
1.272360 1.372045
1.218181 1.260643
1.162892 1.193060
1.160420 1.177735
1.217414 1.253106
1.197856 1.351508
1.159624 1.472288
1.110370 1.493738
1.095500 1.524760
1.114153 1.533653
1.170356 1.548007
1.265076 1.596054
1.326751 1.620128
1.361173 1.594461
1.424470 1.591654
1.389516 1.449633
1.287928 1.363240
1.282905 1.304085
1.256192 1.204484
1.252928 1.163586
1.077154 1.178983
0.902434 1.132345
0.806391 1.070909
0.766595 0.988331
0.785408 0.990004
0.808475 0.966874
0.939588 0.970254
1.013683 0.953990
1.213491 0.987949
1.512298 1.031098
1.882383 1.136014
2.149599 1.234829
2.420213 1.339676
2.709576 1.490154
3.011283 1.652342
3.222050 1.769593
3.272632 1.806070
3.247791 1.839173
3.316222 1.926819
3.412874 2.017123
3.400286 2.203147
2.419485 2.164775
1.470816 1.894728
1.198582 1.666496
1.062994 1.451556
1.024412 1.258398
0.981638 1.151335
0.980156 1.184717
0.999710 1.265894
1.054271 1.449251
1.067691 1.479580
1.058174 1.502101
1.071924 1.652045
1.150769 1.749605
1.261069 1.828699
1.422273 1.909024
1.596433 2.030206
1.800361 2.162196
1.979343 2.282798
2.061616 2.327367
2.108281 2.345889
1.895947 2.149010
1.684566 1.859148
1.450694 1.737951
1.441889 1.626078
1.144588 1.520750
0.992036 1.170200
0.948233 1.102426
0.827094 1.105574
0.764280 1.061804
0.716934 0.995075
0.764030 0.989345
0.898926 0.987360
1.070425 0.982729
1.231578 0.968760
1.357962 0.984442
1.495614 1.004530
1.592921 1.026159
1.717901 1.049875
1.758978 1.013320
1.833846 1.004403
1.928699 1.021441
1.946119 1.024207
1.901578 0.981452
1.882085 1.075094
1.873334 1.204729
1.539338 1.313128
1.252449 1.382506
1.072568 1.111787
0.998892 0.983889
0.996290 0.973442
1.052846 1.050623
1.158369 1.216227
1.286680 1.368637
1.484099 1.556659
1.740713 1.725311
1.939389 1.700263
2.155994 1.645782
2.356363 1.723506
2.568154 1.845333
2.885057 2.027820
3.212856 2.252375
3.218646 2.441031
2.989386 2.478424
2.822871 2.564855
2.937860 2.678245
3.198559 2.886989
3.383807 2.951070
3.607731 3.019171
3.534466 3.099003
3.783787 3.162226
3.894049 3.225181
4.156084 3.266261
4.142617 3.298645
4.150638 3.318315
4.424856 3.374639
4.698131 3.431963
4.924903 3.498402
5.204983 3.573148
5.436264 3.643528
5.709761 3.665380
5.911880 3.631972
6.117713 3.539507
6.302351 3.447010
6.391489 3.394549
6.458719 3.370201
6.475659 3.375399
6.449806 3.394225
6.706511 3.528638
6.552655 3.486743
6.404971 3.529041
6.187332 3.528872
5.947803 3.486145
5.947859 3.482266
5.931425 3.461517
5.887846 3.441967
5.652679 3.375843
5.455639 3.346217
5.268726 3.335733
5.168416 3.363439
5.043583 3.443798
4.911562 3.548897
4.841807 3.648323
4.801132 3.766510
4.685668 3.815248
4.602168 3.897657
4.541235 3.889179
4.496022 3.991990
4.445904 3.946435
4.355798 3.933863
4.276378 3.896318
4.170785 3.816144
4.075227 3.827169
3.917812 3.811383
3.708841 3.841505
3.631162 3.911387
3.549238 3.950367
3.482799 4.060101
3.356440 4.224891
3.100833 4.229487
2.775000 3.963285
2.683510 3.745301
2.589148 3.525536
2.563045 3.357177
2.678291 3.463765
2.737468 3.630111
2.896530 3.789299
2.957563 3.905501
2.760143 3.673270
1.807574 2.680525
1.043729 1.652394
0.871882 1.222520
0.808822 1.077535
0.800938 1.091712
0.837489 1.134829
0.879722 1.194494
0.933576 1.354410
0.970603 1.487007
1.037346 1.744623
1.074847 1.857954
1.060939 1.941334
1.066693 2.120999
1.247457 2.668633
1.151745 2.615135
1.015599 2.455243
0.923221 2.228408
0.882040 2.079492
0.849226 2.069509
0.803028 2.001377
0.805973 2.071213
0.856239 2.182470
0.820905 2.171201
0.830292 2.274638
0.849202 2.452573
0.879380 2.532587
0.949655 2.690375
1.052448 2.839577
1.172419 2.925270
1.320284 3.035457
1.486819 3.243092
1.664478 3.716662
1.805752 4.032765
1.978893 4.089409
2.125522 4.113369
2.058029 4.134234
2.027674 4.165303
1.977325 4.158517
1.834452 4.385454
1.681716 4.461602
1.657607 4.424691
1.581586 4.481942
1.557854 4.543009
1.485175 4.472273
1.527419 4.487160
1.574350 4.434763
1.615691 4.392610
1.723710 4.308050
1.877080 4.222099
2.061352 4.113060
2.206813 3.969793
2.222438 3.805873
2.060054 3.597254
1.816714 3.456890
1.744656 3.213943
1.536504 2.957945
1.369337 2.758272
1.310070 2.522586
1.275781 2.289023
1.050963 2.121692
1.038189 1.943429
1.044133 1.991349
1.075844 2.044317
1.107049 2.195740
1.196544 2.371942
1.310192 2.552507
1.417182 2.792840
1.574419 2.997783
1.840694 3.167136
2.093377 3.288905
2.079044 3.239260
2.024515 3.202649
2.159223 3.124390
2.393824 3.111009
2.925092 3.377463
3.338556 3.546776
2.345433 3.005661
1.759303 2.342217
1.428271 2.115875
1.246938 2.037919
1.212558 2.010488
1.219745 2.027346
1.227487 2.043169
1.233992 2.035979
1.145830 1.994436
1.084411 1.922248
1.012995 1.813248
0.960407 1.740699
0.913726 1.676488
0.817489 1.545072
0.762706 1.410594
0.709534 1.303535
0.679645 1.197215
0.693923 1.220765
0.725313 1.305583
0.780688 1.411102
0.874986 1.558904
0.987948 1.707697
1.097804 1.947786
1.258012 2.292999
1.397429 2.643668
1.582698 3.057105
1.729843 3.465269
1.866062 3.856057
1.905753 4.182799
1.877254 4.377714
1.794434 4.535274
1.725600 4.690457
1.677447 4.797710
1.653616 4.783754
1.560259 4.545648
1.372189 4.156836
1.345984 3.962489
1.296976 3.705375
1.276070 3.520126
1.288569 3.432413
1.270984 3.290442
1.299002 3.015918
1.350196 2.722353
1.424066 2.516328
1.417618 2.303254
1.350609 2.101242
1.346739 1.950748
1.301839 1.808851
1.260482 1.577019
1.191141 1.366633
1.097892 1.271352
1.012604 1.148340
0.937597 1.080130
0.885519 1.080103
0.837005 1.140474
0.812357 1.230455
0.807876 1.336540
0.790120 1.486769
0.837721 1.686746
0.854917 1.855510
1.071355 2.420162
1.377464 3.104201
