0.192065
0.266632
0.397955
0.396362
0.362408
0.318138
0.234943
0.173505
0.126057
0.045221
0.111610
0.138568
0.219164
0.258063
0.340459
0.321265
0.286185
0.428134
0.384035
0.246679
0.260063
0.112102
0.080355
0.072794
0.102723
0.197412
0.245778
0.407019
0.422071
0.468496
0.557369
0.623108
0.675612
0.849673
0.751230
0.962613
0.902633
1.053327
1.032196
1.005650
1.120049
1.059756
1.225501
1.175358
1.307941
1.293437
1.262771
1.254670
1.242907
1.245696
1.249426
1.268351
1.280302
1.325848
1.364519
1.174278
1.002313
0.959545
0.929947
0.928959
0.872550
0.895719
0.925485
0.986416
1.045291
1.118113
1.272103
1.337833
1.496537
1.530745
1.585972
1.767894
1.830258
1.904386
2.074906
2.076989
2.057469
2.282127
2.308216
2.266103
2.117440
1.967709
1.920027
2.154908
2.233951
2.086251
2.021827
1.875678
1.771503
1.593098
1.457879
1.200885
1.109104
1.026927
0.939380
0.884524
0.828986
0.861078
1.072046
1.116816
1.394010
1.505929
1.597138
1.649727
1.855514
1.919760
1.915507
2.153581
2.276850
2.363808
2.565941
2.601186
2.668644
2.668563
2.809694
2.701699
2.685592
2.580230
2.591612
2.590795
2.628909
2.291776
2.118939
1.957571
1.780924
1.413792
1.278066
1.181437
0.922212
0.889575
0.872322
0.853894
0.951527
1.084203
1.241903
1.515742
1.679199
1.850775
2.177164
2.332401
2.494473
2.848092
3.037561
3.204353
3.511734
3.679144
3.823933
3.891743
3.789470
3.643771
3.248967
3.533665
3.705403
3.363562
3.058338
2.709844
2.395446
2.187158
2.017208
1.833111
1.540313
1.374132
1.214605
1.041304
0.963612
0.965274
0.972219
1.169338
1.312959
1.634997
1.836274
1.826837
1.824491
1.990453
2.159219
2.482738
2.672636
3.018246
3.233968
3.440982
3.397512
3.418200
3.655249
3.788560
3.608127
3.569915
3.426102
3.322554
3.392855
3.483649
3.624353
3.850490
4.022196
4.316605
4.543541
4.775143
5.146572
5.391649
5.804048
6.067779
6.163273
6.564451
6.927812
7.168947
7.151754
7.441249
7.420940
7.203083
6.762626
6.531597
6.338810
5.751632
5.443651
5.280211
5.121893
4.973627
4.787561
4.689127
4.617705
4.569459
4.547785
4.563482
4.555865
4.359393
3.804096
3.761146
4.065904
4.283104
4.601347
4.183184
3.934300
3.869412
3.888081
3.810099
3.833678
3.953707
4.114008
4.200466
4.410676
4.566529
4.719450
5.010458
5.208679
5.208589
5.215503
5.417506
5.633338
6.113767
6.557553
6.819426
7.240507
7.705595
7.691507
7.281831
7.069592
6.673754
6.440993
6.212762
5.520543
5.133743
4.495993
4.275307
4.068684
3.870798
3.706296
3.580435
3.483550
3.465737
3.484429
3.600590
3.696147
4.155787
4.524301
4.960480
4.315372
3.988874
3.848654
3.660075
3.587021
3.556050
3.385379
3.181665
3.162509
3.282441
3.540421
3.909060
4.155654
4.469428
4.984625
5.411721
5.872386
6.022362
6.359503
6.367976
6.749468
7.042172
7.278319
7.513900
7.532101
7.591057
7.034100
6.755207
6.448808
5.862586
5.856539
5.858877
5.354631
5.108482
4.763665
4.578297
4.328967
4.132949
4.046217
3.975451
3.971086
3.991933
4.000070
4.175254
4.524115
4.797874
5.243723
5.503441
4.878459
4.519419
4.329498
4.056755
3.840643
3.564923
3.413416
3.439200
3.527798
3.687588
3.964888
4.170649
4.409379
4.927393
5.606557
6.006659
6.464847
6.735530
7.184235
7.754596
7.361825
7.101897
6.665580
6.343729
6.070055
5.755088
5.805151
6.070969
6.391926
6.930398
7.289135
7.678726
8.042561
8.617410
8.618448
8.623080
8.625777
9.026772
9.643764
9.991585
10.571235
10.576676
10.906727
11.267391
11.843411
11.849404
11.852374
12.213937
12.754317
13.092595
13.650068
14.014088
14.570184
14.902651
15.208888
15.549798
15.783219
15.874451
15.870326
15.865969
16.264084
16.110105
15.973491
15.579786
15.219812
15.222124
15.201096
15.194439
14.588360
14.185331
13.776977
13.371730
12.768630
12.388113
11.993640
11.589151
11.203808
10.790699
10.196532
9.803834
9.821181
9.838241
9.834936
9.824458
9.830527
9.409240
9.024921
8.643941
8.084280
7.682569
7.299952
6.951445
6.596829
6.347932
6.233090
6.055855
5.945032
6.127598
6.533261
6.526145
6.864439
7.211717
7.744393
8.110295
7.540736
7.051923
6.534805
6.174020
5.988351
5.981912
6.028003
5.964897
5.991742
6.060418
6.400571
7.030448
7.430603
7.848645
8.252693
8.892807
9.093424
9.728784
10.164913
10.566736
10.949666
11.582822
11.990571
12.601913
13.194653
13.793653
14.361836
14.946317
15.542090
16.120044
16.443965
16.586308
16.583919
16.584049
16.564790
16.973516
16.858202
16.279882
16.274158
16.272514
15.859096
15.255874
14.654166
14.233004
13.620138
13.219414
12.574476
12.153435
11.743328
11.734703
11.742763
11.098128
10.655130
10.235346
9.791262
9.374255
8.760025
8.337726
7.899316
7.489493
7.110132
6.489214
6.091885
5.696442
5.351784
5.223071
5.384383
5.404215
5.396855
5.718864
6.080783
6.508841
6.823910
6.686493
6.171427
5.809000
5.673553
5.625734
5.683231
5.777048
6.049437
6.184265
6.540095
7.161570
7.575846
7.992476
8.421797
8.865704
8.864837
8.865254
9.322767
9.765261
10.186637
10.629678
11.075316
11.734725
12.143760
12.598203
13.290439
13.740909
14.217361
14.845128
15.244753
15.848597
16.255128
16.644065
17.033548
16.976813
16.536528
16.524043
16.145196
15.926094
15.357302
14.951625
14.149242
13.535045
13.116672
12.453039
12.004844
11.543382
11.070535
10.616148
10.183639
9.733125
9.021706
8.564102
8.143505
7.495080
7.052612
6.612986
6.179711
5.554147
5.169051
4.198626
3.551693
