2.074874 1.960264
2.046037 1.931794
2.020245 1.949369
1.992019 1.935316
1.921913 1.966920
1.879429 2.053351
1.951541 2.216589
1.950400 2.319661
1.994673 2.460029
2.051225 2.622406
2.175762 2.863645
2.246719 3.065664
2.368530 3.294634
2.521815 3.517465
2.592656 3.566125
2.603045 3.513751
2.632643 3.510331
2.962847 3.763011
3.057808 3.878486
3.189133 3.930964
3.209438 3.994096
3.282700 4.080527
3.373953 4.196247
3.463373 4.288776
3.631751 4.435652
3.781260 4.575241
3.940307 4.725527
4.114047 4.806762
4.253449 4.837056
4.468210 4.918956
4.724462 4.936173
4.882294 5.016985
5.029772 5.070755
5.240959 5.191652
5.512833 5.336921
5.630901 5.474948
5.864983 5.678867
6.050725 5.875207
6.311750 6.129246
6.550084 6.356343
6.763941 6.580933
6.947457 6.819993
7.152194 7.033596
7.341100 7.190436
7.475339 7.442439
7.530227 7.552928
7.683762 7.750194
7.763719 7.904768
7.809583 7.954169
7.884415 8.005457
7.898691 8.004900
7.915781 8.040456
7.963532 8.094825
8.092352 8.187288
8.104600 8.203850
8.121218 8.205796
8.158427 8.219965
8.193691 8.247518
8.278911 8.338959
8.406759 8.462041
8.508824 8.517992
8.577709 8.599403
8.639919 8.663947
8.747700 8.708213
8.749480 8.700950
8.831231 8.787450
8.798219 8.861613
8.728582 8.816968
8.623094 8.785903
8.630174 8.799390
8.613227 8.814555
8.637246 8.858659
8.674051 8.977710
8.732642 8.991451
8.853270 9.143149
8.856321 9.214923
8.998331 9.531712
9.188371 9.705978
9.316717 10.033799
9.411364 10.151393
9.345060 9.998123
9.411551 10.113275
9.538095 10.198717
9.647263 10.347870
9.675846 10.306886
9.927042 10.395305
10.044368 10.428228
9.934833 10.343134
9.999330 10.380256
10.041516 10.411106
9.796601 10.329053
9.812936 10.227372
9.864007 10.286072
9.773172 10.200366
9.742733 10.151518
9.768379 10.165702
9.772817 10.129502
9.848403 10.204441
9.911528 10.104627
9.909277 10.091568
9.891950 10.045184
9.978194 10.128798
9.963675 10.055920
10.138254 10.165193
10.320819 10.429289
10.444990 10.523822
10.410977 10.590308
10.506381 10.547968
10.583677 10.402632
10.491098 10.223710
10.572203 10.369019
10.640066 10.405254
10.726560 10.458211
10.857411 10.559066
10.930196 10.728778
11.041371 10.820095
11.052056 11.002196
11.054479 11.002447
11.060929 11.017568
11.102385 11.098607
11.157560 11.236511
11.232540 11.306679
11.243095 11.314488
11.254022 11.348291
11.304062 11.508359
11.335805 11.561508
11.384473 11.609506
11.430375 11.717183
11.475708 11.784683
11.508033 11.865964
11.248029 11.783658
11.240842 11.838999
11.251830 11.850524
11.272496 11.947914
11.272759 11.926390
11.365819 11.984822
11.432012 12.081120
11.514537 12.190970
11.512407 12.056793
11.522121 12.080158
11.607206 12.138881
11.530443 12.206837
11.614010 12.187325
11.709472 12.362592
11.829475 12.502882
11.928887 12.637416
12.010600 12.735884
12.119139 12.908353
12.183056 12.917176
12.241277 12.882547
12.192912 12.913487
12.411942 13.149116
12.450022 13.280599
12.415385 13.161157
12.382156 13.107949
12.387945 13.044555
12.400145 13.025036
12.427834 13.040459
12.459525 13.065335
12.416721 12.939048
12.463240 12.818017
12.413352 12.782042
12.354349 12.795569
12.331267 12.759351
12.265936 12.754003
12.235947 12.654275
12.244245 12.532366
12.323296 12.589524
12.406146 12.668514
12.498691 12.788814
12.572228 12.886816
12.622831 13.109150
12.672192 13.210595
12.683120 13.240177
12.710529 13.275089
12.764044 13.340362
12.762534 13.208210
12.835779 13.254700
12.787309 13.280306
12.855643 13.391385
12.807929 13.386277
12.839481 13.436647
12.854721 13.501961
12.867111 13.574090
12.912009 13.535283
12.934187 13.497654
12.953659 13.469074
12.965282 13.335616
13.022643 13.303255
12.846313 13.277044
12.908951 13.223229
12.979181 13.178080
12.931492 13.080128
12.930302 13.099378
12.932911 13.138415
12.970420 13.165273
12.926030 13.124566
13.030895 13.205916
13.121058 13.270121
13.199303 13.353258
13.253397 13.347878
13.319798 13.408098
13.682117 13.611562
14.190135 13.969150
14.452056 14.182706
15.032028 14.725790
15.260196 15.041010
15.605254 15.452450
16.044751 15.664776
16.364891 15.993761
16.511090 16.159867
16.569320 16.160740
16.619428 16.089050
16.711833 16.087396
16.741228 16.097395
16.785963 16.114812
16.748619 16.101822
16.773494 16.123991
16.718558 16.039924
16.719935 15.945682
16.665779 15.957283
16.651259 15.941657
16.498699 15.799011
16.566004 15.843607
16.654753 15.813850
16.674329 15.693327
16.671122 15.629709
16.691976 15.576564
16.618371 15.569521
16.611710 15.433009
16.620553 15.538450
16.564070 15.557993
16.642603 15.662166
16.610865 15.675970
16.575066 15.697178
16.575755 15.736736
16.351060 15.801867
16.196125 15.714844
16.213432 15.757476
16.270360 15.826816
16.210723 15.877480
16.268174 15.895329
16.189558 15.837240
16.042504 15.814514
15.933921 15.605834
15.855420 15.630001
15.858972 15.534099
15.745225 15.148087
15.818015 15.239109
16.048080 15.755542
16.760112 16.416467
17.291768 17.173408
17.830315 17.451017
18.356314 17.897539
18.809107 18.116518
19.242514 18.438256
19.430194 18.603091
19.653645 18.797955
19.905957 18.971006
19.980779 18.947666
20.064149 18.967735
20.074375 18.955551
20.072966 18.955733
20.010558 18.940602
20.027133 18.938778
20.060214 18.971485
19.972222 18.846799
20.017162 18.783644
19.989622 18.630120
19.815743 18.642762
19.862366 18.673213
19.737057 18.653859
19.839242 18.706866
19.962082 18.520528
20.103491 18.419644
19.929071 18.302070
19.926492 18.152355
19.924722 18.052294
19.960226 18.064689
20.010687 18.067767
20.079656 18.004794
20.157626 18.048639
20.210703 18.091420
20.268649 18.128589
20.354117 18.142571
20.442060 18.165738
20.517197 18.210030
20.590733 18.250068
20.524193 18.144138
20.527622 18.192557
20.335763 18.162382
20.335237 18.128182
20.304850 18.125191
20.466600 18.351092
20.492101 18.384788
20.705385 18.569203
21.115306 18.722203
21.465674 18.912886
21.688599 19.406642
21.771415 19.551470
22.361609 20.226370
22.774159 20.520535
23.103543 20.675758
23.123503 20.698803
23.114536 20.670514
23.104635 20.673718
23.136741 20.684986
23.172771 20.703536
23.040995 20.551823
23.061489 20.560131
23.103384 20.582700
23.153420 20.645031
23.172990 20.685535
23.221056 20.730930
23.194758 20.505062
23.143985 20.550162
23.218258 20.621312
23.092549 20.577417
23.173829 20.632848
23.227657 20.552631
23.297364 20.585558
23.311309 20.659891
23.029600 20.489546
22.689594 20.291720
22.696261 20.291314
22.600501 20.246541
22.382085 20.060538
22.417308 20.100291
22.481255 20.147683
22.540238 20.220587
22.565367 20.208960
22.615940 20.253088
22.693624 20.313194
22.751456 20.367938
22.696957 20.376329
22.728296 20.457155
22.587165 20.329469
22.301404 20.202087
22.272379 20.189773
22.393977 20.528253
22.790484 20.901669
23.109944 21.228185
23.590635 21.739329
23.679880 21.934536
24.197677 22.108591
24.398818 22.131172
24.489179 22.146640
24.603300 22.173296
24.663498 22.194715
24.707203 22.239783
24.718979 22.225815
24.690875 22.196460
24.550680 22.182441
24.516638 22.159426
24.555034 22.246426
24.610525 22.358202
24.287456 22.258840
24.254667 22.234906
23.924843 22.059102
23.946647 22.092644
23.918662 22.107697
23.942475 22.120081
23.897485 22.051675
23.802746 21.889053
23.808779 21.929678
23.850143 21.980232
23.638195 21.823991
23.286012 21.823807
23.196943 21.681249
23.220300 21.660043
23.119373 21.708127
23.150812 21.773380
23.171022 21.828260
23.083507 21.846945
22.963183 21.824455
22.934936 21.852115
22.982215 21.892413
23.363492 22.129290
23.435035 22.265481
23.716401 22.346029
23.889714 22.554868
24.229692 22.976878
24.740962 23.251161
24.732382 23.405972
24.728979 23.454828
24.733713 23.564066
24.729600 23.550837
24.722296 23.363737
24.685778 23.396533
24.712816 23.453114
24.699817 23.494113
24.534866 23.411331
24.563562 23.459864
24.588577 23.525282
24.631946 23.608374
24.537166 23.521497
24.575839 23.593169
24.613345 23.667786
24.641056 23.607711
24.716796 23.703438
24.472004 23.696338
24.535624 23.786405
24.662910 23.887470
24.734917 23.921303
24.762139 23.950031
24.666555 23.925223
24.403098 23.924650
24.440936 23.719677
24.391255 23.659818
24.268232 23.583856
24.149564 23.466681
24.202654 23.356517
24.243060 23.252044
24.294002 23.271205
24.269245 23.173742
24.311511 23.129258
24.331169 23.053777
24.310960 23.028693
24.299817 22.976107
24.116320 22.853119
24.302685 23.333367
24.549226 23.772301
24.948737 24.130590
25.211627 24.454917
25.330347 24.682784
25.586281 24.927277
25.557798 25.194575
25.673273 25.288524
25.660021 25.472423
25.755633 25.681329
25.712775 25.707132
25.707249 25.724610
25.687165 25.741083
25.706033 25.771636
25.672706 25.684041
25.470888 25.578123
25.510613 25.583015
25.366760 25.510004
25.305958 25.549471
25.133851 25.291964
25.165756 25.333887
24.783662 24.985998
24.830653 25.018816
24.867046 25.067384
24.744894 24.836398
24.730481 24.883010
24.762231 24.945826
24.495235 24.997319
24.510090 24.966391
24.536071 25.047208
24.469219 25.069688
24.495243 25.151618
24.493275 25.199230
24.168020 25.085466
24.193521 25.197134
24.205143 25.311483
24.236772 25.435166
24.242704 25.490802
24.518580 25.561960
24.806587 25.762376
24.928350 25.913782
25.311162 26.010070
25.301709 26.052781
25.302588 26.115748
25.280123 26.134201
25.310968 26.183545
25.328771 26.199508
25.354246 26.209580
25.387609 26.265000
25.404756 26.299000
25.214140 26.088876
25.244899 26.143142
25.283544 26.190824
25.317859 26.221949
25.233475 26.106248
25.265700 25.915854
25.302277 25.864605
25.299683 25.868662
25.316217 25.879009
25.331426 25.887280
25.207814 25.834717
25.215631 25.853499
25.150003 25.911454
25.154933 25.953856
24.675804 25.631393
24.685312 25.713601
24.341752 25.461488
24.331613 25.431699
24.364663 25.471043
24.394738 25.528595
24.359309 25.590848
24.395820 25.690514
24.148047 25.695358
24.140928 25.635896
24.064268 25.832326
23.959878 25.863161
23.944425 25.881132
23.927291 25.943355
24.016185 26.220192
24.085147 26.425823
24.073031 26.569794
24.178441 26.991253
24.165156 27.005572
24.170503 27.030927
24.191932 27.064857
24.194987 27.107286
24.187693 27.148724
24.165276 27.174063
24.146877 27.228460
24.138157 27.259639
24.141557 27.313636
23.630781 27.198080
23.642588 27.242276
23.015642 26.930741
23.008587 26.907301
22.549335 26.736585
22.535298 26.784103
22.449900 26.361609
22.445432 26.302695
22.440172 26.382004
22.279483 26.127721
22.284144 26.147704
22.245052 26.101255
22.102461 25.956226
22.066048 25.863245
22.067254 25.894574
22.041847 25.931921
22.121360 25.963243
22.168897 25.990126
22.167424 25.978108
22.204573 26.011636
22.258519 26.224116
22.546414 26.590870
22.870454 26.816245
22.955874 26.860950
23.042603 27.055191
23.251269 27.092788
23.320976 27.150153
23.394629 27.464635
23.489194 27.493686
23.513857 27.510660
23.556186 27.537797
23.433148 27.484914
23.371857 27.193171
23.404868 27.209431
23.443929 27.223990
22.994346 26.665668
22.975669 26.679622
22.961889 26.614090
22.991957 26.500333
22.592810 26.116820
22.596592 26.169057
22.579070 26.222365
22.687663 26.271650
22.763950 26.343068
22.847501 26.356875
22.929565 26.438665
23.018568 26.526774
23.121206 26.579802
23.342000 26.717261
23.500667 26.752240
