2.029502 1.958074
2.056355 1.961143
2.088415 2.003587
2.123720 2.039821
2.154644 2.116488
2.198773 2.248298
2.248509 2.378134
2.316558 2.519950
2.403582 2.733893
2.502741 2.912764
2.629716 3.155570
2.741909 3.409922
2.855368 3.681509
3.059102 3.953660
3.114298 3.994398
3.098457 3.896129
3.114137 3.863424
3.332919 4.117697
3.418252 4.191710
3.400069 4.238807
3.426375 4.266438
3.460426 4.324600
3.583529 4.402236
3.694603 4.502686
3.846540 4.609412
4.015035 4.727541
4.192840 4.860815
4.393753 4.988205
4.490283 5.043115
4.675891 5.127483
4.903211 5.242930
5.014072 5.341976
5.182579 5.435217
5.408241 5.623629
5.672173 5.845827
5.904142 6.009338
6.150556 6.243259
6.357070 6.442008
6.574539 6.656381
6.799623 6.841006
7.021940 7.026037
7.253752 7.224402
7.486524 7.414204
7.738405 7.621447
7.875429 7.756810
7.864155 7.803238
7.931730 7.891237
7.981275 7.926870
7.993966 7.943018
7.939179 8.053343
7.967884 8.049198
7.907068 8.020934
7.947413 7.962202
8.013126 8.075342
7.990495 8.022316
8.024658 8.070618
8.090126 8.130898
8.157457 8.166757
8.180022 8.254420
8.168869 8.243539
8.220658 8.302878
8.266133 8.357717
8.262060 8.389620
8.346843 8.523433
8.311815 8.595695
8.384919 8.689136
8.472071 8.742354
8.551083 8.813499
8.669132 8.912713
8.767376 9.003220
8.860142 9.109965
8.980200 9.136243
9.116212 9.247831
9.232994 9.357839
9.416875 9.486888
9.572940 9.614446
9.703431 9.738561
9.812397 9.833677
9.849122 9.779589
9.863317 9.684619
9.599230 9.606846
9.658725 9.673524
9.887532 9.928872
9.993639 10.071824
10.002994 10.066194
9.972453 9.929554
9.906162 9.727912
9.835980 9.712119
9.749070 9.667954
9.761936 9.680645
9.793750 9.711224
9.865450 9.789900
9.924788 9.847893
9.983880 9.898502
10.033806 9.963865
10.155828 10.047527
10.224616 10.132898
10.301602 10.292434
10.394386 10.360446
10.491273 10.406335
10.576424 10.499477
10.620338 10.555551
10.715013 10.647652
10.820920 10.784398
10.935854 10.928361
11.016169 10.946083
11.108740 11.035924
11.173321 11.123632
11.298664 11.231428
11.455867 11.263034
11.542089 11.236779
11.588022 11.280318
11.632945 11.363870
11.706785 11.395307
11.731453 11.472476
11.715549 11.365942
11.619380 11.154319
11.622640 11.091228
11.483246 10.830557
11.484017 10.744202
11.405506 10.600025
11.225241 10.433722
11.208856 10.386841
11.128401 10.358030
11.016438 10.333885
10.940211 10.306739
10.871255 10.282756
10.833186 10.183805
10.867411 9.997697
10.770474 10.005315
10.803164 9.968106
10.883781 10.019068
10.961578 10.099787
11.058331 10.156726
11.151842 10.240049
11.248001 10.313588
11.355212 10.397758
11.525070 10.497072
11.616845 10.589872
11.730366 10.706994
11.843422 10.825497
11.952848 10.955323
12.067756 11.070154
12.170860 11.202067
12.278636 11.307106
12.312193 11.323149
12.275900 11.355765
12.290185 11.387560
12.168245 11.406630
12.180812 11.483027
12.301919 11.565726
12.531559 11.607262
12.541531 11.619538
12.441181 11.598360
12.384990 11.517296
12.376816 11.527187
12.353943 11.561699
12.353964 11.568757
12.384459 11.610555
12.455294 11.676268
12.507099 11.747339
12.612357 11.881759
12.847483 11.999956
12.983561 12.183268
13.065839 12.247581
13.053879 12.272328
13.114712 12.313200
13.162499 12.289789
13.154514 12.339567
13.145683 12.314807
13.209378 12.384410
13.087135 12.335690
12.916284 12.343664
12.805183 12.182527
12.761897 12.065199
12.569350 11.906137
12.571108 11.890234
12.612922 11.925547
12.615338 11.942310
12.463870 11.773181
12.225933 11.485429
12.215729 11.245849
11.899396 11.080260
11.627098 10.712289
11.499121 10.316500
11.100736 10.240750
10.675432 9.735456
10.091326 9.327572
9.655599 8.758395
9.633482 8.479887
9.297484 8.326735
9.078586 8.102866
8.884671 8.069275
8.619163 8.056527
8.609755 8.165531
8.689006 8.289976
8.785886 8.407448
8.812455 8.492920
8.896054 8.637114
8.887977 8.768048
8.940609 8.802556
9.348602 8.946247
9.680666 9.211561
9.962988 9.309776
10.412561 9.560006
10.641356 9.704447
10.747820 9.981402
10.794733 10.161338
10.890817 10.296986
10.927252 10.493181
10.932208 10.597344
11.047104 10.681906
11.116046 10.720350
11.160295 10.709246
11.228231 10.731635
11.307210 10.774879
11.379583 10.849226
11.488281 10.930741
11.563881 10.987613
11.758464 11.062819
11.904235 11.132937
11.882592 11.209482
11.948575 11.219403
11.996737 11.210999
12.042759 11.219776
12.079701 11.203831
12.041326 11.220616
11.803406 11.119745
11.674656 11.016786
11.598400 10.886041
11.368926 10.485279
11.245923 10.240574
10.982354 10.022810
10.963992 10.027757
10.707388 9.739424
10.351236 9.587056
10.177425 9.494816
10.030576 9.327328
10.122348 9.438289
10.199218 9.550230
10.305558 9.654890
10.404477 9.748714
10.506178 9.899518
10.597158 9.908283
10.650752 9.926955
10.674953 9.968932
10.730433 10.031848
10.724471 10.012661
10.876523 10.164845
11.006287 10.353642
10.940918 10.276564
10.834005 10.241792
10.816690 10.009614
10.268729 9.706835
10.124727 9.504273
9.837351 9.248756
9.861215 9.237143
10.139288 9.310831
10.439612 9.659376
10.505299 9.748654
10.527751 9.822280
10.541057 9.819764
10.590710 9.852589
10.639604 9.886982
10.594170 9.863421
10.669216 9.927037
10.728329 9.914704
10.669247 9.883038
10.720257 9.828112
10.754643 9.829404
10.283627 9.628107
10.248339 9.537235
10.104510 9.135554
9.732410 8.777585
9.410708 8.484061
8.814196 7.778217
8.310837 7.329777
7.815577 6.913098
7.570312 6.491279
7.064549 6.257598
6.379146 6.063519
5.902401 5.842785
5.977884 5.943936
6.134655 6.175824
6.340089 6.419979
6.492803 6.607236
6.681709 7.044311
6.957002 7.214771
7.080526 7.338145
7.132873 7.406116
7.178253 7.442603
7.175603 7.478493
7.270904 7.540512
7.649176 7.808339
7.942728 7.911754
8.034389 7.996731
7.814641 8.020384
7.710599 8.068045
7.340812 7.837783
7.231067 7.801953
6.614140 7.307979
6.455375 6.953005
6.513980 6.973108
7.140218 7.304476
7.351716 7.495719
7.797298 7.803023
7.918966 8.101079
7.985149 8.212808
8.107343 8.256458
8.244304 8.356543
8.343180 8.420195
8.457972 8.506078
8.540967 8.588049
8.640077 8.681916
8.753351 8.784007
8.865150 8.839269
8.911224 8.888797
9.047917 8.980868
8.667621 9.011358
8.335654 8.851413
8.293527 8.699777
8.366651 8.496582
8.080439 8.205881
7.782799 7.556244
7.500497 6.887023
7.204805 6.577632
6.847370 6.472822
6.870397 6.488650
6.867328 6.669689
6.908609 6.835806
7.373740 6.998629
7.434598 7.128180
7.533161 7.272253
7.737741 7.456251
7.864584 7.607413
8.026757 7.780430
8.001900 7.897110
8.124326 7.951695
8.202082 8.050663
8.428435 8.205379
8.258762 8.070236
7.698269 7.753743
6.382185 7.138822
5.633903 6.075701
4.691301 5.746740
4.822244 5.862933
5.140177 6.094669
5.330181 6.202856
5.545599 6.355879
5.755185 6.526911
5.972342 6.784617
6.130244 6.985845
6.186658 7.073981
6.189786 7.115783
6.328917 7.152147
6.179536 7.210010
6.055381 7.077958
5.837799 6.759139
5.452929 6.316216
5.169517 6.006181
5.011997 5.788275
4.919984 5.529217
4.882608 5.501259
4.875823 5.383898
4.886393 5.336889
4.820757 5.357341
4.880307 5.360261
4.713027 5.339964
4.722248 5.340216
4.732750 5.309175
4.600224 4.866063
4.229963 4.643815
3.906509 4.497875
3.735018 4.254638
3.742819 4.241828
3.716029 4.348088
4.023127 4.664935
4.553787 5.122876
4.948951 5.609087
5.102703 5.789272
5.446323 6.014625
5.677706 6.105285
5.765238 6.295905
5.885089 6.408713
6.068404 6.550937
6.179247 6.718572
6.256492 6.774882
6.373585 6.876929
6.492746 6.910980
6.639745 7.032963
6.739237 7.103566
6.770919 7.142262
6.884286 7.193192
6.969834 7.254367
7.060523 7.328067
7.123072 7.360569
7.191064 7.425550
7.220166 7.535932
7.280049 7.550785
7.280815 7.452062
7.291998 7.325148
7.354637 7.123493
7.203391 7.054970
7.194576 6.915020
7.050378 6.687571
6.858963 6.563383
6.851010 6.339487
6.591381 6.076465
6.168311 5.776083
5.996215 5.649632
5.872829 5.525667
5.754754 5.476638
5.663747 5.342202
5.386527 5.097905
5.127354 4.982455
5.130505 4.963635
4.983149 4.978567
4.901217 4.786385
5.044113 4.955396
5.269781 5.250424
5.760391 5.649358
5.996478 5.943946
6.059748 6.113077
6.041540 6.006052
5.871614 5.682829
5.459812 5.484151
4.785789 5.200930
4.462959 4.930737
4.031783 4.834453
4.142982 4.940246
4.425039 5.135661
4.592023 5.247915
4.806307 5.404509
4.968918 5.526401
5.113982 5.563991
5.282698 5.705765
5.558240 5.982457
5.635328 6.031443
5.723778 6.069631
5.649017 5.794711
5.578709 5.674247
5.479571 5.598912
5.336419 5.516769
5.104924 5.405046
5.023476 5.256426
4.694480 5.129273
4.642239 5.023608
4.496087 4.737703
4.322005 4.756951
4.221747 4.648228
4.026597 4.638567
3.979366 4.568470
4.122016 4.629898
4.342758 4.845177
4.730126 5.200826
5.055967 5.640259
5.235643 5.786355
5.362439 5.903231
5.451619 6.152963
5.522149 6.509621
5.610534 6.559612
5.771438 6.675412
5.893560 6.763385
6.076862 6.795204
6.213136 6.783631
6.225017 6.891137
6.253355 6.968420
6.297982 6.971445
6.397729 7.123880
6.476289 7.180079
6.557738 7.251128
6.658007 7.349077
6.737476 7.413718
6.793224 7.527539
6.820696 7.530482
6.825105 7.264507
6.724546 7.057468
6.584488 6.836331
6.445734 6.632884
6.197429 6.065828
5.915998 5.791065
5.422918 5.469730
5.043479 5.124116
4.789773 4.834951
4.520637 4.480976
4.475496 4.264749
3.887627 3.941829
3.843740 3.850721
3.767474 3.954170
3.749817 4.070305
3.897420 4.280151
4.015728 4.449224
3.858568 4.508327
4.150742 4.774536
4.410451 5.045566
4.323716 4.992396
4.424645 5.099641
4.638563 5.579868
4.630755 5.704002
4.292256 5.359103
3.786453 4.878939
3.788859 4.871968
4.045694 5.016436
4.135943 5.063578
4.256426 5.098780
4.151743 5.066985
4.147788 5.061056
4.223051 5.109830
4.160574 5.044780
4.113715 5.033425
4.071683 4.963048
3.963489 4.901603
3.795614 4.502578
3.620164 4.283587
3.345856 4.052368
2.968201 3.584825
2.765876 3.224907
2.484622 3.109110
2.467692 3.051454
2.438743 2.973492
2.398937 3.052928
2.397633 3.089605
2.423226 3.080562
2.556548 3.127169
2.533061 3.137192
2.604537 3.155365
2.741258 3.375895
2.991053 3.696175
3.218062 3.927165
3.502683 4.192783
3.823796 4.395055
4.100477 4.649110
4.346273 4.816199
4.396322 4.718974
4.269646 4.577598
4.257609 4.627732
4.178609 4.551944
4.161850 4.566198
4.183110 4.587732
4.295183 4.699965
4.415605 4.716171
4.503289 4.695888
4.529273 4.605135
4.427076 4.486531
4.119444 4.284660
3.974213 4.034692
3.700025 3.602896
3.443917 3.386665
3.078134 3.107013
2.743344 2.867401
2.528937 2.687273
2.332762 2.711380
2.207303 2.748341
2.242919 2.762150
2.313724 2.784543
2.365122 2.948200
2.358436 3.090890
2.603269 3.283157
2.957415 3.596218
3.633450 4.224865
4.162955 4.746110
