50
50
60
80
110
120
140
160
180
200
220
220
210
210
220
220
210
220
220
220
220
210
220
220
220
210
220
220
220
220
220
210
220
220
210
220
220
220
220
210
220
220
220
220
210
220
220
220
220
210
220
220
220
220
210
220
220
220
220
210
220
220
220
230
240
240
230
230
240
230
240
230
240
230
240
230
240
230
230
230
240
230
240
230
240
240
230
240
230
240
240
230
230
240
230
240
240
240
230
240
240
230
240
240
240
240
230
240
240
240
240
230
240
240
240
240
240
240
240
240
240
240
230
240
240
240
240
240
240
240
240
230
230
240
240
240
240
240
240
240
240
230
240
240
240
240
240
230
240
240
240
240
240
240
240
240
240
240
240
240
240
240
240
240
240
240
240
240
240
240
250
240
240
240
240
240
250
240
240
240
240
240
240
240
250
240
240
240
240
240
240
240
240
250
240
240
240
240
240
240
250
240
240
240
250
240
240
250
240
240
240
240
240
240
240
250
240
240
240
240
240
240
240
240
240
240
240
240
240
240
240
240
240
240
240
240
240
250
240
240
240
240
240
240
240
240
240
250
240
240
240
240
240
240
240
250
240
230
240
230
240
240
240
240
240
240
240
250
240
240
240
230
230
240
240
240
240
240
240
240
240
240
240
240
240
240
240
240
240
230
240
240
240
240
240
240
240
240
240
240
240
240
230
240
240
240
240
240
240
230
240
240
230
240
240
240
240
230
240
240
230
240
240
230
240
240
230
240
240
230
240
240
230
240
240
240
240
230
240
240
240
230
240
240
230
240
230
240
240
230
240
230
240
240
240
230
240
240
230
240
240
230
240
230
240
240
230
240
230
240
240
240
230
240
240
230
240
240
230
230
240
230
240
240
230
240
230
240
240
230
240
230
240
230
240
230
240
240
230
240
230
240
240
230
240
230
240
230
240
230
240
240
230
240
230
230
230
240
230
230
240
240
230
240
230
240
230
240
230
240
230
240
230
240
230
230
240
240
230
230
240
230
240
230
240
230
230
240
230
230
250
230
230
240
230
230
240
230
230
230
240
230
230
240
240
230
230
240
230
230
240
230
230
230
240
230
240
230
240
230
240
230
240
230
230
240
240
230
230
240
240
230
230
240
240
230
230
240
240
230
240
230
240
230
230
240
240
230
230
240
240
230
230
240
240
230
230
240
240
230
240
230
240
230
240
230
240
240
230
230
240
240
230
240
230
240
240
230
240
230
240
240
230
240
230
240
240
230
240
230
240
240
230
240
230
240
230
240
240
230
240
