0.153812
0.215856
0.414561
0.463564
0.535380
0.669118
0.739601
0.782213
1.058786
1.202931
1.521653
1.683670
1.946180
2.419825
2.323073
2.340377
2.428260
2.563353
2.776861
2.275565
1.830445
1.296178
0.907713
0.638804
0.826552
1.271922
1.689964
2.297075
2.731314
3.237958
3.929540
4.464200
4.932591
5.615485
6.051414
6.655584
7.133050
7.772982
8.191356
8.807717
9.399618
9.676039
10.234864
10.700793
11.177438
11.048072
11.097519
11.051018
10.968397
10.623439
10.347668
10.108345
9.982013
9.429556
8.993587
8.260796
7.615234
7.327864
6.901205
6.593463
6.029141
5.672760
5.384446
4.853345
4.444901
4.168456
3.777119
3.511208
3.126386
2.838999
2.623418
2.317765
2.135955
1.864605
1.272966
0.939606
0.677886
0.628305
1.801244
2.278194
2.780439
3.055029
2.811019
2.136947
1.676745
0.644735
0.401527
0.092361
0.423272
0.838420
1.298983
2.007639
2.327055
2.714967
3.179540
3.823067
4.227318
4.788898
5.639576
6.224812
7.123333
7.700858
8.444143
8.959734
9.693483
9.943891
10.163544
10.428951
10.606594
10.688881
11.148412
11.281568
11.515621
11.712471
12.025052
11.296446
10.890863
10.518669
10.346711
10.326645
10.315118
9.485383
9.056668
8.717986
8.311939
7.788503
7.400290
7.028536
6.424839
6.062623
5.682440
5.063607
4.679427
4.317331
3.869533
3.404826
3.062506
2.742948
2.079482
1.668092
1.275035
0.821125
0.813806
1.128425
1.758904
2.173570
2.675847
3.123211
3.151828
3.206050
3.366468
4.942439
6.653102
6.753884
6.613708
6.224808
5.831724
5.261454
4.757201
4.245682
3.901842
3.804827
3.771173
4.221293
4.609759
5.013937
5.383352
6.018994
6.389004
6.879606
7.181047
7.036558
6.889102
7.277624
7.614744
8.063335
8.468388
8.926333
9.274583
9.540732
9.479071
9.586484
9.795877
9.919455
9.708754
9.501593
10.208083
11.267567
11.868420
12.535350
12.799882
13.239018
13.351049
13.870497
14.619034
15.282738
16.359934
17.037998
17.673797
17.819107
17.722093
17.790625
18.150716
18.456339
18.398764
18.541938
18.688744
18.483010
18.153316
17.915278
17.578568
16.830914
16.365403
15.965583
15.685561
15.306194
14.901878
14.497189
13.973700
13.350559
12.953152
12.733071
12.502829
11.734123
10.505625
10.154233
10.064229
10.038476
9.986580
9.409548
9.481605
9.856586
10.386082
10.865384
11.021934
11.146267
11.362270
11.615630
11.979903
12.194311
12.536914
12.944653
13.404143
13.416854
13.463410
14.016137
14.439822
15.114927
15.576408
15.829785
16.227138
16.532644
16.174264
15.562586
15.324812
15.042588
14.702610
14.446250
13.812286
13.411649
12.571582
11.916179
11.286741
10.790946
10.457564
10.239406
9.802015
9.686160
9.539360
9.324735
9.160261
9.010624
9.051508
9.040756
8.816832
9.497393
10.575474
11.677075
12.603112
12.968651
12.830051
12.411344
12.120578
12.112717
12.402367
12.698708
13.392752
14.823920
16.648705
17.826082
18.798754
19.428505
20.078971
20.286253
20.430993
20.585662
20.221507
20.035742
19.758738
19.232655
18.380969
17.596867
16.775790
15.947332
15.597313
15.344326
14.578707
14.120757
13.739036
13.481780
13.141710
12.780759
12.677922
12.432456
12.386915
12.262672
11.995409
11.780680
11.713713
11.586714
11.950542
12.210829
12.948782
15.108701
16.938042
18.382040
19.219087
19.433358
19.090182
18.168733
16.915855
16.469637
17.349032
19.274281
20.361739
21.225600
22.813910
23.769570
25.045913
26.176454
27.553946
28.626099
28.323727
27.944610
27.538315
27.324057
27.174474
26.829032
26.558141
26.541042
26.793968
27.764823
28.511924
29.577153
30.499169
31.684113
31.795470
31.891602
31.949122
32.585204
33.288241
33.669750
34.227204
34.228805
34.683860
35.144953
35.552472
35.599497
35.486416
35.844984
36.515475
37.182028
38.280786
39.300692
40.529187
41.610901
42.581667
43.540811
44.535803
45.253788
45.679501
46.203486
47.043484
46.874564
46.888825
46.487290
45.939497
45.884643
45.782230
45.586747
44.751203
44.140147
43.420973
42.774230
41.827108
40.914091
40.014410
38.851921
37.545091
36.060357
34.439318
33.226816
32.768694
32.330179
31.971043
31.806756
31.675083
31.177787
30.675097
30.183778
29.539704
29.116204
28.723482
28.288707
27.379736
26.462880
25.646778
24.372406
23.402629
23.373243
23.782874
23.963008
24.313694
24.696569
25.192567
25.536717
23.929978
22.442621
21.262671
20.679047
20.530803
20.641613
20.140076
19.694357
19.418672
19.442312
19.783684
20.424526
20.671912
20.986217
21.909891
23.385290
24.240696
26.344098
27.883244
28.973450
29.695495
31.086786
31.969569
32.988458
33.964637
35.379608
37.003634
38.665865
40.260226
41.776459
42.776631
43.413488
43.934318
44.426155
44.648454
45.260369
45.391084
44.988187
45.226412
45.477651
45.316016
44.812542
44.334890
44.049922
43.577064
43.290510
42.478623
41.911642
41.127964
40.841112
40.445572
39.444637
38.609434
37.650505
36.717586
35.933686
35.059286
33.953662
32.902907
31.932081
31.136160
30.520093
30.362474
30.138866
29.682855
29.345284
29.216367
28.974531
28.929740
29.138606
29.434675
29.645668
29.761989
29.595790
28.427251
27.228712
26.673232
25.787684
25.138539
24.694100
24.400027
24.155297
24.826681
25.638881
25.985239
26.851730
27.661250
28.468304
28.945963
29.362085
30.169241
30.995913
32.036845
33.068141
34.132897
35.281435
36.227945
37.179698
38.230012
39.254188
40.290478
41.632264
42.548713
43.682895
44.646850
45.593415
46.423546
46.545916
46.129334
46.175722
45.616696
45.329032
44.710149
44.278221
43.537832
42.963765
42.603109
41.713080
41.024063
40.228765
39.236761
38.195867
37.203571
36.085151
34.515447
33.247907
32.107580
30.797287
29.584501
28.369686
27.351232
26.144725
25.299245
22.939150
20.855840
