0.164201
0.285217
0.565136
0.710309
0.834118
0.972616
1.017656
1.047371
1.354167
1.553117
1.871463
2.059734
2.310997
2.845898
2.823928
2.755406
2.412208
2.220353
2.277302
2.033628
1.867225
1.791339
1.959852
2.109061
2.389135
2.875381
3.278747
3.702135
3.941519
4.183005
4.473859
4.610813
4.891878
5.053987
5.189439
5.518259
5.608081
5.775412
6.015046
6.341648
6.810754
7.029764
7.471239
7.686096
8.090389
8.154913
8.288000
8.532696
8.634314
8.458098
8.268162
8.142261
8.021214
7.313969
6.835580
6.244858
5.740868
5.350504
5.005205
4.661056
4.060457
3.691552
3.491586
2.938824
2.515320
2.183641
1.691423
1.258576
0.791412
0.598596
0.487816
0.695143
1.007597
1.421186
1.835699
2.081673
2.336866
2.877514
3.122546
3.088972
2.701407
2.135603
2.400135
2.432621
2.277304
1.857449
1.821180
1.795908
1.844251
1.979976
2.109197
2.641184
3.119301
3.575089
4.176545
4.776473
5.144934
5.432093
5.943989
6.105774
6.470824
6.404594
6.546929
6.862304
7.321802
7.599114
7.834565
8.451881
8.856501
9.232226
9.494563
9.518546
9.700261
9.701971
9.959060
9.708309
9.791334
9.940480
10.161431
10.454031
10.658560
9.980270
9.525001
9.180715
8.980336
8.688701
8.521439
8.298790
7.800002
7.496564
7.047564
6.282112
5.754654
5.196361
4.553698
3.978032
3.656863
3.408563
3.078483
3.264691
3.274942
3.296844
3.490454
3.553098
3.596278
3.831220
3.843405
3.753086
4.494819
5.195064
5.956824
6.101333
6.827605
8.281900
9.173412
9.907414
10.669152
11.179185
11.663416
12.174994
12.701299
13.098548
13.442041
14.022691
14.205847
14.626400
15.005122
15.492267
15.810141
16.363462
16.647570
16.622738
16.664366
17.136457
17.538172
18.025831
18.343375
18.833556
19.209196
19.292843
19.006033
18.949239
18.931756
18.772908
18.386608
18.448392
18.673453
18.991475
19.244109
19.485053
19.428024
19.599483
19.644075
19.828801
19.948780
19.920412
20.037240
20.048636
20.457600
21.137240
21.450518
23.583739
25.509366
26.625966
26.501004
25.869049
24.480791
24.315906
23.671116
22.962075
22.214791
20.681910
19.499236
18.304289
17.217063
16.438559
15.534028
15.162495
15.036297
15.354454
15.816512
16.581025
17.186763
17.103380
16.494446
16.509328
16.396442
16.250489
16.091177
15.748878
16.634501
17.688907
18.605852
19.338172
19.816468
20.245116
20.607565
20.888105
21.291566
21.516051
21.587139
21.968174
22.396595
22.615637
22.801470
23.241143
23.608951
24.249336
24.882503
25.258872
25.319929
25.420864
24.931976
24.051312
23.621814
22.980188
22.475886
21.824655
20.642852
19.727904
18.479911
17.899289
17.433183
17.214361
17.036408
16.870571
16.722803
16.672524
16.535809
16.531751
16.908488
17.299886
17.655502
17.837446
17.580947
17.896423
18.361952
18.882095
19.273011
19.548612
19.546382
19.443650
19.509372
19.541332
19.748697
19.992980
19.921696
19.828390
19.815408
19.733953
19.776646
19.700487
19.605556
18.925435
18.752584
18.380449
18.446635
18.714145
19.257668
19.960469
20.317235
20.430935
20.310685
19.728932
19.702702
19.727735
19.254292
18.957411
18.604597
18.480298
18.264821
18.242182
18.532660
18.575868
18.732775
18.857110
18.845535
18.866319
18.817401
18.788430
18.480140
18.406839
18.449066
18.912490
19.204149
19.632931
20.079142
20.313250
20.584422
20.823343
20.498078
20.491577
20.568953
20.676995
20.827822
21.377955
22.192700
22.644458
23.065169
23.074327
23.345577
23.748415
22.956310
21.975575
20.889419
19.707728
18.765855
17.600166
16.666972
16.228555
15.684804
15.429381
15.110982
14.707183
14.388823
14.402296
14.094270
13.681720
13.347374
13.490471
13.713379
14.106765
14.729117
14.781503
15.209031
15.794298
16.515410
16.486441
16.487668
17.018359
17.680879
18.072534
18.605255
18.708126
19.066232
19.115755
19.241802
19.427555
19.502440
19.941494
19.256628
19.129443
20.222909
20.773839
20.974819
20.410697
19.740217
19.366562
19.113110
18.717823
16.715738
15.557151
14.501964
13.707249
12.828144
12.280097
11.827904
11.364097
11.075335
10.850497
10.594407
10.386833
10.538506
10.621440
10.735554
11.008748
11.096122
10.885174
10.625867
10.416507
10.041128
9.887003
9.829142
9.748739
9.988920
10.147638
10.549133
11.227551
12.350531
13.660357
15.005844
15.595230
16.308962
17.006289
17.865074
18.767653
17.911974
17.985636
18.190517
18.493400
18.741808
18.915766
19.228534
19.418061
19.643861
19.756826
20.104132
20.695180
21.098200
21.393395
21.725477
22.101733
22.123781
22.363876
22.346072
22.353416
22.190289
22.380060
22.312544
22.431044
22.436855
22.466182
22.490066
22.251725
22.067170
22.086582
21.705004
21.355846
20.684217
20.180864
19.792955
19.615674
18.787611
17.315255
16.812743
16.399489
15.615191
14.601576
13.683218
13.092151
12.285910
11.706988
11.045444
10.691915
10.397148
10.511630
10.578868
10.227901
10.069915
9.873046
9.584763
9.342469
8.886146
8.578941
8.277730
8.019720
7.831058
7.671059
7.745123
7.712378
7.627118
7.904941
8.497124
8.662045
8.830654
9.429423
10.077376
10.845559
11.476583
11.569278
11.338996
11.419922
11.753638
12.248293
12.776021
13.510164
14.029825
14.610611
15.213767
16.078095
16.773624
17.637815
18.342919
18.796768
18.523446
18.310596
18.648605
18.839252
18.779612
18.635651
18.428774
18.325466
17.988599
17.753608
17.926324
17.882372
17.930145
17.933054
17.594520
17.414762
17.175052
16.913785
16.820619
16.554922
16.037313
15.836415
15.415443
15.223566
14.536376
14.124711
13.228413
12.549219
12.106845
11.449244
11.151759
10.834398
10.587313
10.355017
10.209541
10.118605
9.639107
9.531914
9.550250
9.507039
9.646005
9.796931
9.940730
10.181954
10.475935
10.423498
10.924589
