2.087651 2.046287
2.037697 2.004856
1.914578 2.000858
1.811583 2.004197
1.740085 2.007646
1.664156 2.036679
1.554523 2.059045
1.475962 1.950795
1.372756 1.964267
1.337761 1.891089
1.374974 1.932837
1.372717 1.960388
1.479346 2.102346
1.591326 2.234905
1.623861 2.272327
1.774807 2.441160
2.403235 3.041299
3.201939 3.550950
3.687734 3.865780
4.079772 4.071710
4.125732 4.114859
4.158893 4.144672
4.071291 4.108198
3.868247 4.030126
3.640636 3.879992
3.434735 3.843853
3.256290 3.842267
3.366888 3.907947
3.616261 4.093734
3.921604 4.396740
4.049717 4.559165
4.095869 4.705470
4.093923 4.836803
4.024489 4.806502
4.105793 4.927341
4.106170 4.931520
4.186966 5.002115
4.275288 5.055552
4.194038 5.026045
4.207830 5.070866
4.251528 5.160284
4.250949 5.165301
4.374958 5.075158
4.500928 5.088539
4.583714 5.079078
4.436949 5.004096
4.441444 4.943328
4.386508 4.777795
4.451742 4.686202
4.482753 4.757738
4.555389 4.929165
4.666637 4.993582
4.710784 5.066261
4.817270 5.063529
4.699460 5.016322
4.693109 4.946829
4.720325 4.914540
4.731534 4.918536
4.794309 4.961809
4.932770 5.060855
5.126597 5.185919
5.296751 5.296753
5.430997 5.342915
5.539690 5.384872
5.631100 5.382418
5.766424 5.433441
5.784932 5.440749
5.883519 5.406864
5.881084 5.495815
5.678388 5.382261
5.614144 5.261983
5.495229 5.171442
5.367959 4.948115
5.211322 4.736264
5.056729 4.706513
5.089192 4.705420
5.153596 4.836629
5.107870 4.919404
5.293666 5.125775
5.420542 5.260049
5.431543 5.300373
5.502752 5.382306
5.611170 5.666253
5.691285 5.692907
5.727509 5.793266
5.768070 5.824347
5.597711 5.703656
5.495101 5.627397
5.515707 5.589310
5.391680 5.526504
5.410164 5.475228
5.404516 5.494091
5.428476 5.478030
5.286602 5.339489
5.221359 5.284906
5.182527 5.322118
5.037170 5.222579
5.141955 5.346100
5.100925 5.326059
5.285938 5.496854
5.495545 5.688730
5.557124 5.658876
5.594425 5.762308
5.561365 5.771175
5.600955 5.669552
5.618667 5.630838
5.647621 5.729037
5.830618 5.915199
5.992862 6.038053
5.914854 5.901461
5.706314 5.935123
5.584793 5.700781
5.484700 5.471184
5.417728 5.462633
5.275698 5.455062
5.098179 5.203954
5.199193 5.262052
5.333251 5.592195
5.534541 5.636190
5.602093 5.647179
5.701501 5.732306
5.705209 5.479819
5.684697 5.390534
5.580650 5.243874
5.498818 5.244595
5.412158 5.200804
5.322030 5.045060
5.253516 4.824534
5.114453 4.819651
5.142458 4.836833
5.280622 4.968815
5.288650 5.027851
5.316746 5.086736
5.476769 5.228801
5.596812 5.375032
5.600450 5.367897
5.657853 5.357536
5.786207 5.466703
6.057660 5.739458
6.528612 6.168780
6.932134 6.655731
7.342133 6.909471
7.524582 7.034818
7.737817 7.133974
7.867824 7.115284
7.797871 7.115516
7.793911 6.941434
7.747567 6.658248
7.645215 6.591502
7.530007 6.475772
7.258586 6.203158
7.126302 6.103059
6.950912 5.779037
6.768767 5.360916
6.595607 5.116276
6.486329 4.895393
6.425088 4.811775
6.327346 4.639254
6.312267 4.662711
6.339924 4.665812
6.296218 4.760989
6.257381 4.802060
6.098073 4.761312
6.100570 4.729091
5.905713 4.622657
5.812793 4.563460
5.852115 4.422832
5.372106 4.340585
5.316586 4.378012
5.117360 4.335000
5.083020 4.377341
4.809709 4.430507
4.634728 4.172379
4.309803 3.937533
3.868309 3.772631
3.642071 3.460993
3.347613 3.276960
3.239536 3.277034
3.086267 3.051802
2.942511 3.104466
2.926594 3.122230
2.946285 3.147071
2.911352 3.246469
3.084632 3.411856
3.145665 3.396029
3.085499 3.314539
3.128424 3.365790
3.293081 3.501857
3.426310 3.582990
3.517678 3.586784
3.615073 3.569321
3.535317 3.565258
3.470096 3.574047
3.708456 3.753059
4.267411 4.258781
4.874760 4.889466
5.607304 5.670600
6.243900 6.390416
6.704367 7.005902
7.138823 7.438726
7.386904 7.475951
7.509103 7.326727
7.513086 7.043009
7.523301 6.639083
7.588220 6.444677
7.599377 6.482058
7.551422 6.606721
7.723797 6.936769
7.964690 7.156795
8.221037 7.461510
8.473193 7.600731
8.547313 7.688158
8.554028 7.639631
8.560451 7.576407
8.584044 7.540261
8.460067 7.477954
8.372018 7.372671
8.297220 7.403571
8.335836 7.406935
8.393068 7.479538
8.475565 7.549667
8.460702 7.598530
8.299340 7.553898
8.218345 7.532060
8.014719 7.435158
7.890338 7.311229
7.657780 7.243503
7.286914 7.258172
7.025852 7.193635
6.937745 7.151464
6.867824 7.115315
5.812396 6.651410
4.829455 5.783713
3.895436 4.957227
3.127155 4.217738
2.746941 3.802448
2.650613 3.535541
2.771584 3.443365
2.914490 3.482011
3.166891 3.666073
3.446585 3.878483
3.737741 4.055794
4.053353 4.287590
4.251731 4.291652
4.350935 4.320574
4.479964 4.424900
4.611426 4.443709
4.686001 4.405396
4.751548 4.446992
4.835399 4.518291
4.854020 4.465425
4.847040 4.420931
4.583908 4.364984
4.544973 4.364072
4.690005 4.517952
4.834042 4.556780
4.870856 4.579777
4.876207 4.610091
4.790634 4.528528
4.733405 4.512739
4.697339 4.472560
4.577348 4.289430
4.456214 4.166857
4.223460 3.997601
4.171754 3.781107
4.219269 3.843268
4.239109 3.847596
4.347254 3.944277
4.471603 4.005531
4.680660 4.214452
4.999765 4.570288
4.960440 4.706245
4.823059 4.653718
4.684186 4.388504
4.196638 4.107218
3.913491 3.977648
3.808026 3.930409
3.608789 3.628726
3.374395 3.378355
3.103701 3.156819
3.010796 3.029686
2.965582 3.033340
3.036906 3.144235
3.153376 3.231816
3.484351 3.649837
3.773442 3.956134
4.123497 4.315027
4.641794 4.836453
5.298600 5.428803
5.852018 5.944962
6.229603 6.254047
6.541396 6.377285
6.769349 6.553647
6.983304 6.672139
6.969950 6.664571
6.966370 6.687074
6.987574 6.731538
7.083206 6.893847
7.455396 7.376611
7.728764 7.501625
7.921415 7.710598
8.015468 7.779737
8.022559 7.833017
7.962568 7.876129
7.822656 7.669658
7.597947 7.583246
7.379428 7.330119
7.162174 7.146005
6.892784 6.864592
6.646248 6.519059
6.528723 6.429699
6.179032 6.106718
5.645070 5.628540
5.437139 5.161818
5.099858 4.953251
4.890411 4.664793
4.641439 4.370771
4.397931 4.249241
4.400477 4.208293
4.230404 4.074312
4.169019 3.810529
3.746885 3.389219
3.277869 3.110164
2.948853 2.711925
2.624412 2.516501
2.508930 2.438387
2.564125 2.525470
2.532991 2.548759
2.619245 2.740854
2.621262 2.750224
2.681813 2.854868
2.815347 2.970902
3.019848 3.268310
3.385462 3.562900
3.830134 4.095013
4.303196 4.636848
4.822394 5.145841
5.282845 5.534464
5.674137 5.853130
6.022820 6.174887
6.359606 6.481050
6.752742 6.796688
6.826841 6.932305
6.728787 6.909772
6.621353 6.817625
6.509100 6.700412
6.373206 6.615957
6.355719 6.577543
6.331227 6.505028
6.347747 6.437273
6.364318 6.463296
6.231183 6.233357
6.286475 6.228597
6.308180 6.277323
6.354634 6.348011
6.360104 6.268754
6.234447 6.068007
6.039803 5.857656
5.940432 5.637921
5.822544 5.505128
5.711865 5.287311
5.495422 5.221292
5.417145 5.127110
5.219583 4.985271
5.066545 4.857694
4.989075 4.671491
4.972314 4.560918
4.952283 4.509411
4.905430 4.514505
4.781062 4.332708
4.635630 4.229217
4.490845 4.253272
4.418391 4.258548
4.329623 4.232744
4.535023 4.398098
4.849195 4.671736
5.157986 5.038116
5.467056 5.319755
5.529584 5.381987
5.441484 5.344329
5.157662 5.050899
4.802575 4.675996
4.221087 4.164498
3.614360 3.667064
3.356587 3.366768
3.104462 3.233427
2.900638 3.103775
2.635900 2.957456
2.589306 2.804712
2.598982 2.814238
2.438260 2.718788
2.171818 2.629096
2.072765 2.405100
2.068284 2.381901
2.205620 2.431411
2.346756 2.554084
2.570700 2.811761
2.821962 3.107585
3.102792 3.384717
3.373363 3.676948
3.628858 3.947795
3.649132 4.181459
3.516859 4.187443
3.389632 4.063337
3.055113 3.891476
3.004462 3.775353
3.064493 3.617973
2.919166 3.472184
2.904521 3.457112
2.873686 3.377231
2.985437 3.324594
3.020052 3.342025
3.101910 3.380956
3.300752 3.497862
3.531446 3.692798
3.785558 3.876588
4.105113 4.139003
4.558871 4.566966
5.004594 5.041471
5.324266 5.439692
5.585478 5.634856
5.755878 5.658665
5.766022 5.482200
5.765884 5.185401
5.671523 5.072047
5.602443 4.913191
5.550461 4.988201
5.415759 4.822199
5.419687 4.793967
5.349752 4.753619
5.336943 4.637013
5.106775 4.388346
4.931186 4.267512
4.604654 4.001665
4.378702 3.846699
4.164091 3.788380
3.871619 3.715312
3.742177 3.476032
3.692754 3.520010
3.769064 3.607545
3.760940 3.562982
3.835307 3.642000
3.818735 3.678155
3.975512 3.822614
4.137356 3.918585
4.228420 4.037063
4.381848 4.241479
4.539610 4.338340
4.699056 4.479922
4.890876 4.695055
4.941357 4.819684
5.046363 4.971827
5.264771 5.137689
5.521809 5.464356
5.969176 5.918691
6.344255 6.346197
6.577119 6.666773
6.822467 6.934357
7.178603 7.199814
7.529432 7.366472
7.736836 7.325932
7.682141 7.042965
7.526105 6.762016
7.352815 6.268079
7.078060 5.902276
6.804291 5.694709
6.536218 5.398886
6.389944 5.000800
6.293771 4.827920
6.157932 4.631981
6.158607 4.325374
5.915423 3.902858
5.595933 3.651637
5.233699 3.442951
5.108022 3.393096
4.815342 3.447746
4.638543 3.365291
4.441249 3.277882
4.275574 3.195898
4.165593 3.152204
4.081125 3.213211
3.760846 3.125649
3.367330 2.872891
3.237953 2.841664
3.119390 2.746330
3.048492 2.697233
3.152319 2.709672
3.283930 2.924634
3.329190 3.078703
3.360826 3.262629
3.444390 3.380798
3.464781 3.508214
3.549554 3.465568
3.814879 3.616859
3.914710 3.973409
3.800038 3.725865
3.741258 3.662999
3.785066 3.663375
3.797786 3.685326
3.714680 3.601032
3.536999 3.434117
3.555048 3.471658
3.577791 3.520989
3.453403 3.509293
3.434691 3.543567
3.395737 3.556504
3.327429 3.561246
3.278748 3.434712
3.317111 3.447628
3.229783 3.237329
3.315197 3.237125
3.268906 3.270372
3.242192 3.274585
3.241426 3.336713
3.178980 3.289566
3.101143 3.193262
3.140208 3.233526
3.214825 3.361064
3.370852 3.516812
3.635289 3.791932
3.881377 4.030651
4.139848 4.293029
4.279833 4.494590
4.427075 4.676166
4.520237 4.722597
4.668627 4.862235
4.786438 4.979461
4.970102 5.226641
5.285114 5.458055
5.619190 5.733277
5.908147 5.967551
6.056750 6.137754
6.165320 6.054816
6.099442 5.977466
5.823134 5.799891
5.701227 5.666763
5.549556 5.417535
5.411120 5.111973
5.197231 4.897777
5.045974 4.737841
5.012080 4.565381
4.747620 4.441948
4.410229 4.205688
4.117024 4.056874
3.784772 3.901158
3.634598 3.657036
3.533064 3.652183
3.552976 3.700622
3.512821 3.743271
3.471763 3.844513
3.476955 3.963233
3.504039 4.079603
3.624227 4.199887
3.715844 4.344160
3.923477 4.481579
4.128107 4.597813
4.354290 4.812584
4.640768 5.099278
4.893290 5.290941
5.355682 5.646039
5.850498 6.102186
