0.301648
0.433178
0.737619
0.834395
0.880335
1.057475
1.012311
1.001352
1.154381
1.214304
1.379410
1.455067
1.635174
1.960441
1.897695
1.855646
1.615469
1.660939
1.802711
1.338169
0.937790
0.543442
0.500147
0.762277
1.153456
1.732519
2.122644
2.689369
3.081160
3.476614
4.066373
4.551712
4.934970
5.526351
5.902305
6.447632
6.827409
7.392257
7.758561
8.138297
8.555663
8.751407
9.279872
9.653123
10.085651
10.147516
10.200082
10.320477
10.292489
10.075162
9.874316
9.885861
9.823496
9.147647
8.607585
7.914819
7.274776
6.859719
6.450484
6.018309
5.254764
4.755677
4.424532
3.866176
3.497169
3.135741
2.648994
2.350249
2.020668
1.875195
1.824892
1.893567
2.041556
2.285932
2.675589
2.931265
3.212691
3.758618
3.824480
3.798923
3.408161
3.049346
3.531690
3.865807
3.888023
3.558687
3.397116
3.158196
2.864054
2.578825
2.382679
2.084207
2.064971
2.109704
2.241141
2.557138
2.736154
3.137166
3.689564
3.857397
4.466352
4.808522
5.199404
5.562028
6.008318
6.334710
6.669226
7.185337
7.571328
7.959405
8.304705
8.298825
8.068941
8.138285
8.079467
7.795488
7.673812
7.621615
7.493134
7.458968
7.527488
6.860732
6.456581
6.113909
5.588077
4.896846
4.469361
4.036997
3.446110
2.989946
2.593109
1.935745
1.574574
1.271598
1.079371
1.053618
1.218456
1.474151
1.962685
2.284996
2.662453
3.308149
3.720524
4.133380
4.721074
5.117185
5.389065
5.646249
5.680538
5.509458
5.061996
5.425500
5.443821
4.651314
4.118382
3.474520
2.873907
2.410995
1.984195
1.508236
0.873991
0.452289
0.086986
0.570893
1.046923
1.521391
1.971216
2.602719
3.065355
3.657988
4.106184
4.149989
4.208948
4.605933
4.936401
5.247911
5.642969
6.237770
6.617863
7.073642
7.148460
7.305436
7.671071
7.935547
7.611799
7.293753
7.043387
6.808548
6.785104
6.790561
6.718497
6.907181
7.028375
7.433201
7.714425
7.988572
8.420942
8.673575
9.145374
9.525559
9.756751
10.375817
11.045810
11.509022
11.583164
11.584757
10.970876
10.061376
8.883693
8.133753
7.807976
7.008916
6.656778
6.448776
6.252696
6.077711
5.857394
5.858972
5.810024
5.781939
5.675464
5.671455
5.688985
5.449698
4.852268
4.887032
5.193512
5.514339
6.015349
5.367802
4.946850
4.772473
4.705090
4.545663
4.508760
4.610600
4.743513
4.791532
4.998190
5.164344
5.352168
5.686579
5.936817
5.948979
5.926836
6.172659
6.438823
7.095477
7.659889
7.915673
8.252046
8.876553
8.801188
8.464517
7.856382
7.416986
6.960869
6.869705
5.865270
5.384558
4.778000
4.634848
4.542230
4.481846
4.474239
4.561273
4.796297
4.903881
5.098914
5.457378
5.717863
6.147078
6.551221
7.188574
6.135012
5.569056
5.230021
4.861910
4.550535
4.392264
3.872190
3.472255
3.248897
3.378314
3.522945
3.814867
4.029962
4.377480
4.947561
5.497290
6.058643
6.288180
6.752709
6.741255
7.239023
7.630088
8.026737
7.911149
8.064804
7.855037
7.038516
6.272948
5.689519
5.103525
5.130435
5.149063
4.489764
4.107254
3.567562
3.237851
2.798870
2.468011
2.326257
2.278562
2.334932
2.430447
2.744684
3.179996
3.810794
4.354639
5.017418
5.447414
4.625250
4.032226
3.624379
2.985330
2.416058
1.768413
1.269766
1.159629
1.343502
1.641921
2.180334
2.577960
2.993518
3.635723
4.338189
4.708693
5.117500
5.396191
5.928112
6.823497
6.494686
6.360824
5.310614
5.204509
5.135216
5.277198
5.669475
6.298372
6.819788
7.426002
7.908140
8.381615
8.992881
9.757508
9.828132
9.823522
9.767654
10.314405
11.131719
11.580107
12.141318
12.125084
12.424531
12.822604
13.338654
13.388712
13.308611
13.662100
14.112072
14.357473
14.884927
15.257785
15.872853
16.306420
16.597460
16.854562
16.955951
16.954556
16.918796
16.959646
17.238111
17.150702
16.950383
16.366751
15.947422
15.935618
15.923945
15.933727
15.328702
14.904304
14.451820
13.903133
13.246266
12.800188
12.324682
11.788448
11.218946
10.723377
10.020119
9.555867
9.566838
9.484324
9.360896
9.422156
9.396697
8.872065
8.442702
8.057591
7.271285
6.716526
6.357777
5.974964
5.296658
4.788797
4.541254
4.058745
3.443836
3.208656
3.348464
3.381485
3.528322
3.803304
4.277066
4.318565
3.599931
3.489911
3.109921
2.617217
2.719386
2.897626
3.322057
3.696263
3.942482
4.248905
4.858676
5.593995
6.027524
6.496733
6.901174
7.528554
7.761220
8.549225
9.169535
9.664117
10.015080
10.437655
10.753485
11.370690
12.005417
12.561901
13.056548
13.554096
14.052775
14.582799
14.741517
14.800824
14.816422
14.837069
14.835000
15.264534
14.979716
14.325598
14.504710
14.547845
14.196180
13.488953
12.902625
12.500335
11.892662
11.500889
10.857048
10.434882
10.010669
9.956627
10.007777
9.322995
8.764277
8.317881
7.848400
7.390103
6.749613
6.205834
5.678698
5.208864
4.789472
4.185867
3.759343
3.413902
2.955344
2.653345
2.801317
2.653249
2.768280
3.105224
3.491350
3.952924
4.346874
4.010242
3.606856
3.142669
2.980196
2.876336
2.913781
3.044698
3.371289
3.512596
3.977617
4.648717
5.116934
5.453141
5.927966
6.439141
6.456312
6.424169
6.879250
7.380492
7.956056
8.427283
9.002894
9.695909
10.063523
10.474908
11.142380
11.654014
12.156813
12.787660
13.154909
13.699248
14.043141
14.395639
14.711880
14.639013
14.198255
14.202401
13.827241
13.729830
13.233901
12.869330
12.160514
11.553479
11.156613
10.523034
10.071658
9.609643
9.049724
8.474755
8.022228
7.562164
6.793474
6.363735
5.886568
5.185251
4.558641
4.117528
3.705221
2.702567
2.257461
1.102232
1.550728
