2.056723 1.959192
2.080387 1.976405
2.105417 2.047360
2.139016 2.110420
2.157231 2.221003
2.209375 2.346483
2.272814 2.514280
2.325356 2.674616
2.395424 2.880440
2.499006 3.073069
2.487011 3.157346
2.530319 3.294878
2.613352 3.426206
2.550162 3.475023
2.537662 3.496051
2.677434 3.495955
2.937108 3.695313
3.548493 4.129378
3.958509 4.427745
4.290995 4.633757
4.400627 4.699420
4.584831 4.818388
4.667423 4.968142
4.749016 5.061199
4.897520 5.217775
5.035627 5.382725
5.279238 5.563846
5.415335 5.722915
5.499204 5.812167
5.542463 5.833690
5.474531 5.777493
5.511731 5.662590
5.456807 5.529821
5.411035 5.625763
5.381748 5.580617
5.374989 5.434206
5.337767 5.417436
5.257329 5.262231
5.126176 5.193127
4.990807 4.975824
4.937864 4.722833
4.713130 4.600854
4.812571 4.665915
4.821649 4.646160
4.704776 4.560182
4.626146 4.557975
4.619416 4.525755
4.767780 4.654080
4.964691 4.744611
5.440025 5.095948
6.158124 5.515540
6.726985 6.007427
7.180845 6.389261
7.570261 6.749377
7.717103 6.783245
7.786810 6.834456
7.832941 6.803448
7.809823 6.761794
7.764172 6.687763
7.772682 6.659297
7.652258 6.639989
7.457761 6.504743
7.298586 6.255857
7.309334 6.220881
7.114900 6.221830
6.858880 6.049792
6.523041 6.035244
6.207905 5.951078
5.958980 5.626483
5.790163 5.501856
5.538334 5.211382
5.207988 4.973081
4.702495 4.322415
4.323992 4.128954
4.119711 3.985320
3.864974 3.854130
3.807255 4.025582
3.710382 4.137586
3.887945 4.138654
3.928734 4.262336
4.011119 4.306320
4.378441 4.746516
4.966967 5.186712
5.596864 5.600667
6.166751 5.952640
6.528002 6.063979
6.627227 6.137058
6.548354 6.130909
6.575805 6.144129
6.575572 6.084724
6.316381 6.035248
6.309667 6.091240
6.356544 6.179984
6.348299 6.175930
6.320189 6.165801
6.286209 6.166795
6.309167 6.178625
6.306574 6.159575
6.182622 6.057162
5.965108 5.902807
5.792852 5.784510
5.672501 5.648578
5.530692 5.488741
5.470674 5.388080
5.304013 5.340822
5.280638 5.241133
5.260338 5.398684
5.436397 5.627592
5.592910 5.844466
5.500348 5.965771
5.384187 5.892590
5.020784 5.693078
5.014449 5.636659
5.001118 5.443316
4.934596 5.406579
4.992202 5.232339
5.280918 5.639595
5.666596 6.072626
5.783043 6.171682
5.924577 6.320220
5.924482 6.407224
5.849318 6.393852
5.763502 6.312992
5.676869 6.325066
5.682478 6.299126
5.725945 6.376540
5.785293 6.549109
5.779681 6.564150
5.776685 6.519294
5.776448 6.499102
5.766059 6.479764
5.663469 6.325995
5.442292 6.125060
5.306023 6.019163
5.203892 5.780743
5.124160 5.666083
5.254729 5.841793
5.417556 5.994935
5.678473 6.364518
6.095878 6.780689
6.394022 7.154982
6.626692 7.377652
6.731461 7.562378
6.879208 7.801840
6.996600 8.046268
7.003836 8.194607
7.104957 8.299523
7.295678 8.701738
7.372078 8.890492
7.431017 9.062177
7.439209 9.255192
7.509324 9.521643
7.696305 9.866393
7.711967 10.021493
7.816544 10.092260
7.796438 10.141083
7.768922 10.221624
7.717188 10.176628
7.560606 10.170339
7.466121 10.119353
7.401890 9.977550
7.474105 10.049936
7.489547 9.993356
7.282925 9.962250
7.370193 9.978708
7.383484 10.070886
7.363870 10.035156
7.370818 9.867438
7.286645 9.742930
7.382273 9.827765
7.482639 9.784181
7.513644 10.044107
7.451405 10.022883
7.444313 9.980218
7.410958 9.794339
7.371385 9.729022
7.363248 9.762841
7.558882 9.880819
7.676384 10.027310
7.672174 10.106067
7.579273 10.136350
7.602392 9.942156
7.387732 9.618386
7.335222 9.572267
7.018899 9.591271
7.422897 10.202726
7.589559 10.613432
7.841167 10.850616
7.969774 11.028052
8.048566 11.081188
7.873365 11.152338
7.872389 10.985670
7.679079 10.879303
7.689300 10.628370
7.723491 10.624726
7.821365 10.651941
8.136586 10.887591
8.678272 11.386627
9.202875 11.963204
9.870690 12.766460
10.238647 13.220675
10.605517 13.639912
10.721035 13.841481
10.941150 13.900636
11.034372 13.993059
10.789591 13.882658
10.847132 13.918951
10.798466 13.859734
10.676733 13.742183
10.601985 13.716191
10.664050 13.697739
10.658288 13.819385
10.567169 13.677352
10.520053 13.558432
10.367152 13.436561
10.271129 13.357172
10.085451 13.109214
9.924661 13.003807
9.768919 12.790794
9.552895 12.514668
9.393341 12.264421
9.131052 12.191154
9.000147 12.088836
8.818295 11.848898
8.823203 11.711976
8.719825 11.388848
8.477543 10.930401
8.341429 10.706394
8.264173 10.788789
8.100078 10.928809
8.431719 11.949253
8.636322 12.733318
8.590986 12.971143
8.627308 13.077934
8.579844 12.986917
8.208356 12.863435
8.177975 12.730699
7.932780 12.596917
7.881050 12.349082
7.664592 12.225355
7.736218 12.240491
7.808885 12.215571
7.949216 12.273867
8.024362 12.267233
8.136695 12.287491
8.210537 12.299648
8.473273 12.334856
8.603497 12.440411
8.758041 12.454488
8.863602 12.476583
8.945604 12.489942
8.938965 12.462915
8.895569 12.399167
8.719714 12.071031
8.582613 11.780136
8.475053 11.504425
7.987733 11.180800
7.698521 10.828078
7.700657 10.431023
7.578506 10.037698
7.325218 9.635783
6.909197 9.152547
6.755283 8.724130
6.676138 8.472829
6.584944 8.456936
6.357910 8.422570
6.209570 8.277165
6.174470 8.239037
6.218284 8.371484
6.248088 8.304415
6.041214 8.372966
6.262937 8.579840
6.391902 8.780057
6.519057 8.939954
6.488136 8.893638
6.435395 9.134167
6.468696 9.231240
6.243496 9.278600
6.084803 9.289933
6.055100 9.244052
5.948581 9.175827
5.662438 8.977639
5.673275 8.775654
5.693114 8.679076
5.799979 8.671432
5.824811 8.679921
5.899629 8.640556
6.065132 8.676899
6.285964 8.788901
6.442566 8.840666
6.588979 8.886756
6.624433 8.855913
6.717046 8.847380
6.928478 8.784285
7.031559 8.721924
7.112594 8.655967
7.051091 8.475692
6.827078 8.409900
6.807094 8.610266
6.578293 8.587576
6.283366 8.595781
6.027519 8.523006
5.939595 8.573864
5.790022 8.244194
5.559093 7.990372
5.431258 7.736949
5.319567 7.530263
5.111263 7.423223
5.182184 7.480234
5.148747 7.563755
5.085567 7.694593
5.175772 7.804337
5.193945 7.939601
5.352048 8.148291
5.387465 8.277865
5.402144 8.332953
5.498046 8.584096
5.606053 8.609543
5.832053 8.837227
5.941671 8.821020
6.142397 8.970528
6.305300 9.110539
6.420999 9.094958
6.517195 9.076509
6.691265 9.057774
6.780196 8.970216
6.907161 8.837229
7.029735 8.831419
7.080452 8.915333
7.044334 8.798262
6.886472 8.657212
6.717527 8.595359
6.590017 8.740310
6.569660 8.867799
6.536383 9.118559
6.519394 9.269912
6.824054 9.617262
6.942955 9.848889
7.308807 10.227052
7.549257 10.477025
8.004999 10.978377
8.320254 11.210539
8.180875 11.370028
8.180448 11.347956
8.013627 11.360261
8.067399 11.530488
8.164844 11.621930
8.269046 11.642521
8.352799 11.658938
8.417426 11.647553
8.491148 11.477111
8.654476 11.500635
8.787358 11.440794
9.127767 11.606607
9.463592 11.816676
9.783962 12.082691
9.874448 12.029969
10.057798 11.927870
10.142655 11.829330
10.322995 11.793099
10.452063 11.536969
10.486453 11.123271
10.214214 10.669213
9.882233 10.119196
9.477073 9.350597
9.198938 8.898138
8.719449 8.175660
8.425817 7.625215
8.031318 7.241951
7.713026 6.958187
7.217814 6.319728
7.027832 5.894639
7.386968 6.113775
8.433624 6.846571
10.071759 8.020964
12.350726 10.640282
12.335767 12.792755
10.472379 14.106703
8.174764 14.801586
7.613894 15.013727
7.487643 15.288340
7.136703 15.550727
7.216529 15.657027
7.235354 15.734688
7.285532 15.757412
7.264752 15.810089
7.320013 15.876160
7.365128 16.007801
7.307068 16.104259
7.281317 16.074067
7.010640 16.092068
7.063451 16.099236
7.044488 16.065685
6.993508 16.161112
7.055839 16.221626
7.148011 16.259540
7.226619 16.321208
7.309014 16.369548
7.393760 16.411881
7.509644 16.499348
7.628162 16.560143
7.755258 16.619846
7.819527 16.646348
7.824103 16.736694
7.920321 16.738878
7.938859 16.739277
7.984692 16.652517
7.983665 16.641624
7.942758 16.653431
7.965497 16.660241
7.960059 16.669206
7.963487 16.725131
8.029408 16.760294
8.089446 16.808421
8.136513 16.860020
8.228028 16.879517
8.302884 16.970752
8.451002 17.014160
8.596302 17.105842
8.697805 17.141973
8.831096 17.117218
8.913951 17.131170
8.963363 17.082223
9.009264 17.048902
9.091935 17.058489
9.167698 16.998285
9.242887 17.074461
9.488571 16.844174
9.770630 16.811070
10.002590 16.825905
10.249742 16.765104
10.487435 16.633310
10.937266 16.453527
11.197600 15.944872
11.499115 15.468082
11.798629 15.280330
12.013920 15.050244
12.180125 14.669408
12.188896 14.389913
12.228443 14.152694
12.378356 13.804413
12.327680 13.560038
12.209679 13.243885
12.240382 13.328499
12.335834 13.304901
12.389591 12.984532
12.187933 12.824023
12.264133 12.792178
12.242771 12.581547
12.237692 12.215128
12.179036 11.847499
12.471178 12.250467
13.069767 13.160463
13.770418 13.765992
14.165464 15.035661
14.238247 16.151935
13.667131 16.973979
13.315704 17.526934
13.009539 17.971166
12.890637 18.196764
12.683966 18.521944
12.654021 18.663701
12.554733 18.662275
12.447888 18.767936
12.446224 18.798939
12.434600 18.896768
12.394324 19.013864
12.374201 18.983544
12.412205 19.144940
12.409273 19.257412
12.481442 19.338710
12.510801 19.432045
12.544132 19.476581
12.523314 19.623412
12.574823 19.709474
12.476754 19.682913
12.565065 19.757937
12.648701 19.893194
12.705695 19.971123
12.725821 19.977392
12.783296 19.992655
12.881647 20.113968
12.916266 20.154358
12.981392 20.200601
13.100728 20.286321
13.204391 20.334325
13.339661 20.431487
13.584670 20.610094
13.666089 20.702320
13.780644 20.746148
13.915576 20.791085
14.033741 20.804065
14.134193 20.808884
14.130506 20.867478
14.084107 20.958570
14.066172 20.963269
14.058507 20.958724
14.077322 21.001323
14.120509 21.017381
14.137913 21.027462
14.119221 21.026059
14.136146 21.019003
14.158456 21.014072
14.171589 21.011544
14.187505 21.014592
14.224888 21.037785
14.299726 21.058914
14.353785 21.074681
14.382435 21.101816
14.397774 21.092867
14.451159 21.114796
14.501772 21.135467
14.563549 21.171082
14.592036 21.234596
14.623515 21.337597
14.643421 21.329466
14.647356 21.350552
14.667609 21.352523
14.696888 21.352559
14.775433 21.360181
14.786180 21.412516
14.837116 21.443584
14.884954 21.584301
14.916777 21.606629
14.933874 21.632279
15.044762 21.656800
15.080598 21.749067
15.093493 21.879746
15.107928 22.153854
15.178152 22.223566
15.191856 22.304027
15.279355 22.348927
15.328867 22.458468
15.300115 22.476477
15.278200 22.431417
15.179099 22.562912
15.194438 22.554552
15.239295 22.545050
15.260528 22.562140
15.236753 22.659548
15.279505 22.698232
15.318871 22.726906
15.230029 22.987755
15.428668 23.229211
15.494740 23.265328
15.523104 23.347294
15.568585 23.370524
15.632135 23.402693
15.744942 23.508945
15.846127 23.552457
15.903160 23.593224
15.975884 23.660831
16.035037 23.725719
16.111495 23.785579
16.192973 23.893215
16.293369 23.971206
16.403242 24.040629
16.500751 24.114747
16.584698 24.178835
16.830752 24.352923
17.068140 24.539545
