0.313465
0.417549
0.584514
0.593175
0.623090
0.639375
0.629227
0.632926
0.870803
1.084765
1.585664
1.875471
2.247165
2.832762
2.990655
2.698882
2.057184
1.812280
2.252776
2.090939
2.009833
1.846061
1.855607
1.884859
1.889078
1.790562
1.827234
1.793329
1.678009
1.560801
1.179679
0.968018
0.725565
0.728823
0.749942
1.043688
1.309913
1.729772
2.193553
2.451953
2.937551
3.204785
3.221234
3.201082
3.023868
2.740247
2.479868
1.944240
1.541590
0.757465
0.266063
1.056140
1.734179
2.932929
3.440678
3.961072
4.362862
4.609483
4.762330
4.712507
4.705619
4.379034
4.166903
3.819763
3.223559
2.644039
2.433425
2.199745
2.274122
2.191843
2.172468
2.393591
2.485780
2.669762
3.126988
3.439329
3.886459
4.735526
5.800858
6.768314
7.622577
8.218605
9.543101
10.713396
11.443783
11.352710
11.608864
11.497453
11.234716
10.965013
10.614784
10.379632
10.445515
10.293284
9.828129
9.232272
8.701475
7.846670
6.867159
6.062899
4.965234
4.098602
3.325378
2.728049
2.626313
2.496119
2.715593
2.816576
2.978814
3.039039
2.458464
1.978283
1.503075
1.317326
1.271193
1.676069
2.524998
3.717941
4.308657
5.070103
5.531216
6.394140
6.748930
7.181616
7.530878
8.082180
8.395532
8.451480
8.771384
8.796190
8.635731
8.661128
8.583321
8.314706
8.604434
8.836111
9.635905
10.501508
11.573977
12.730723
13.964710
14.742246
15.164377
15.588634
16.162263
16.587548
17.142759
17.720178
17.738630
17.558478
17.405760
18.474084
19.332131
19.087106
18.679682
18.277058
17.817169
17.332910
16.788577
16.187198
15.354296
14.698362
13.921067
13.091124
12.434379
11.826943
11.301288
10.551879
10.349500
10.046943
10.189177
10.716919
11.087296
11.019248
11.045162
10.876423
10.733636
10.849088
11.017215
10.011960
9.484319
8.713105
7.525186
6.939268
7.707205
9.793944
11.656292
13.002861
13.794028
14.289289
14.496487
14.724984
14.648650
15.060932
15.845973
16.607151
18.269025
20.040904
21.617048
22.799461
23.827313
24.490418
24.590730
24.741126
24.847052
24.793406
25.103684
24.822274
24.441504
24.200512
23.997093
23.450364
22.355087
21.324800
20.061528
18.727239
17.191108
15.854065
14.807759
13.611088
12.733337
12.447812
12.224937
11.543271
10.960488
10.488628
9.644977
9.091390
8.516687
9.425711
11.099207
12.469377
13.336307
14.132076
14.540052
14.712293
14.839776
15.005308
15.345996
15.524493
15.831168
16.536495
17.300279
17.215696
16.953342
16.743146
16.179839
15.251577
13.517172
11.634506
10.139987
9.627560
8.674724
8.373638
8.410616
8.473351
8.492616
8.257627
7.877332
7.496708
7.186942
7.173306
7.332105
7.600411
7.998911
8.123727
8.133058
8.473610
8.856054
8.907130
9.223425
8.983195
9.049106
8.920801
9.855176
10.835768
11.811379
12.928904
13.733884
14.240461
14.859332
15.102384
15.296607
15.544730
15.979572
16.201938
16.438004
16.813795
16.792518
15.838960
14.181729
12.576447
11.032770
10.284286
9.711969
9.523791
9.565375
10.280735
12.418504
14.622789
15.729993
16.194310
16.142717
15.846077
15.817278
15.840950
15.148950
14.617565
14.571494
14.637377
14.478464
14.189774
14.058115
13.715364
13.588298
13.444038
13.097668
12.667035
12.076217
11.689744
11.457692
11.393868
12.566482
13.836930
14.721386
15.714671
16.583989
17.339181
17.976290
18.310443
18.262609
18.234331
18.763308
19.623646
20.388321
21.227260
22.390359
22.976520
23.583698
24.148010
24.784517
25.168850
25.446163
25.212731
24.993065
24.747369
24.554961
24.132358
23.570988
22.965001
21.691132
20.508505
18.583930
17.553501
15.622517
14.300260
13.084084
12.553256
12.370194
12.568935
13.062073
13.360667
13.974234
14.070270
14.537529
15.039888
15.850038
15.813308
15.935407
16.414566
17.203395
17.560731
18.216095
18.694774
19.423761
20.022844
20.356074
20.801864
21.328535
21.677072
21.966059
22.356018
22.940208
22.591086
22.168441
21.551327
21.066578
21.066975
21.053970
20.956998
20.283144
19.906167
19.380682
18.900756
18.186854
17.616326
17.142733
16.738505
16.323220
15.917137
15.361732
14.830353
14.818251
14.838660
14.854681
14.945724
14.841780
14.372616
13.925730
13.454168
12.789986
12.361993
11.944037
11.457353
11.214199
11.196817
11.334850
11.581309
11.377538
10.730790
10.203361
9.893334
9.822738
9.783928
9.935787
10.066670
10.425459
11.383385
12.193809
12.648593
13.041499
13.357818
14.734365
15.555696
15.987203
16.134928
16.609811
16.996891
17.282072
17.597747
17.482907
17.610765
17.363239
17.333013
17.294888
17.219993
17.269251
17.454879
17.476858
17.728191
17.981300
18.286482
18.625854
19.079923
19.550769
20.035478
20.235493
20.216359
20.183221
20.179866
20.151042
20.489368
20.301800
19.673061
19.735660
19.806073
19.462649
18.918342
18.337030
17.946921
17.503101
17.260689
16.654140
16.342560
15.907039
15.833581
15.749586
15.069123
14.608025
14.196340
13.738663
13.314293
12.748963
12.347277
11.918314
11.520500
11.062496
10.463169
10.065680
9.729679
9.328795
9.129577
9.208482
9.213081
9.267233
9.562953
9.864221
10.232260
10.444354
10.316380
9.688808
9.491676
9.601360
10.071744
10.736989
11.345921
12.351112
13.001429
13.389972
14.133996
14.796938
15.019556
15.256600
15.525219
15.097541
14.631413
14.843551
15.042000
15.235110
15.551645
15.974972
16.550240
16.910684
17.331849
17.930852
18.600988
19.259268
20.394803
21.318707
22.525599
23.676497
24.715560
25.607994
25.919693
25.687075
25.729566
25.250315
25.047123
24.562172
24.254239
23.486640
23.089043
23.029228
22.353872
21.889239
21.286619
20.410477
19.436395
18.584471
17.633396
16.311972
15.097565
14.142408
12.999318
12.225506
11.672223
11.259229
10.708745
10.574583
10.223029
9.482513
