0.223965
0.252383
0.359353
0.394486
0.424597
0.448237
0.264692
0.144168
0.158493
0.081827
0.115063
0.148500
0.227388
0.102479
0.320297
0.104246
0.240127
0.407130
0.592062
0.779346
0.739615
0.804802
0.874700
0.926942
0.990810
0.992987
1.029985
1.110916
1.150550
1.208534
1.264737
1.311351
1.349493
1.424063
1.393681
1.459105
1.457672
1.535197
1.539211
1.532275
1.567954
1.582904
1.611389
1.596282
1.630933
1.870407
1.922737
1.730109
1.724717
1.457394
1.405703
1.450474
1.568571
1.814532
1.804199
1.715001
1.656506
1.626985
1.618699
1.647425
1.634192
1.570493
1.572707
1.535294
1.487689
1.458957
1.436165
1.421560
1.388674
1.321417
1.244433
1.179105
1.104197
1.100288
0.901001
0.825113
0.781453
0.732780
0.411411
0.357870
0.565708
0.954789
1.250563
1.491002
1.465338
1.302860
1.130970
1.039140
0.879801
0.909311
0.837314
0.855507
0.784573
0.729282
0.698380
0.748177
0.617371
0.635528
0.841013
0.777773
0.924656
0.931275
0.949440
0.962150
1.076019
1.100719
1.296383
1.473349
1.541940
1.611127
1.618230
1.771593
1.829029
1.858696
2.033529
2.128162
2.212192
1.812116
1.630633
1.439342
1.391738
1.143854
1.082035
0.996639
0.939363
0.803950
0.782142
0.727715
0.637569
0.562313
0.527232
0.417916
0.371670
0.346445
0.304311
0.186239
0.132231
0.111023
0.095052
0.034870
0.119844
0.165197
0.213954
0.277552
0.362815
0.432242
0.583864
0.773154
0.844977
1.116429
0.852818
1.232431
1.440471
0.887770
0.777111
0.610882
0.265500
0.144628
0.080584
0.270493
0.569897
0.880964
1.138455
1.406133
1.598530
1.779670
1.982165
2.220000
2.398309
2.645681
2.859028
2.869032
2.867924
3.054340
3.264683
3.558466
3.762439
4.112063
4.315132
4.576750
4.374667
4.443636
4.863038
4.981853
4.934673
5.015318
4.783161
4.507312
4.537260
4.357218
4.388349
4.373439
4.503438
4.438232
4.585945
4.717153
4.766478
4.946929
4.961875
5.144154
5.266579
5.440773
5.709823
6.045648
5.985792
6.181501
5.943737
5.780468
5.632785
5.517301
5.413291
5.087120
5.059965
5.059086
5.015512
4.959493
5.097740
5.003229
4.959776
5.129287
5.070488
5.040630
5.015454
4.988749
4.735340
4.571079
4.789572
4.751159
4.819081
4.884407
4.826148
4.822593
5.008995
4.871541
4.801842
4.970296
5.012090
5.063172
5.062033
5.181458
5.298390
5.211951
5.323130
5.342950
5.356316
5.488580
5.599715
5.611062
5.704074
5.733004
5.973863
6.329464
6.421920
6.344654
6.114442
5.755411
5.597917
5.493809
5.120409
4.925358
4.717263
4.654475
4.637391
4.683751
4.659934
4.607978
4.753329
4.676974
4.579444
4.657411
4.487362
4.708747
4.705425
4.791766
4.881600
4.847196
4.950010
4.772826
4.748097
4.790120
4.731967
4.703286
4.817482
4.912876
4.999183
4.912933
5.056644
5.178896
5.203129
5.400296
5.633531
5.687764
5.904751
5.712353
5.982747
6.125076
6.259913
6.458103
6.521164
6.514521
6.102248
5.976800
5.832201
5.641767
5.625109
5.624386
5.489601
5.391507
5.381648
5.242017
5.239996
5.252552
5.164155
5.240874
5.107931
5.013817
4.960581
4.876514
4.866417
4.860508
4.984868
4.955538
5.129060
5.019957
5.121922
5.027171
5.253102
5.163815
5.173448
5.135244
5.259305
5.303567
5.283569
5.377581
5.533273
5.673415
5.913768
6.138139
6.394760
6.311065
6.510532
6.937638
6.622555
6.532239
6.279715
6.084911
5.972060
5.710033
5.732446
5.683731
5.765077
5.760918
6.049259
6.153060
6.378628
6.331900
6.275179
6.243378
6.229546
6.369328
6.510119
6.693540
6.900846
6.920992
7.131904
7.305841
7.518245
7.501302
7.496109
7.697006
7.889753
8.089586
8.318601
8.514978
8.719593
8.911434
9.052188
9.179564
9.405945
9.500047
9.470713
9.434402
9.512333
9.399480
9.263216
8.990053
8.847404
8.798374
8.762636
8.730792
8.518000
8.407200
8.294620
8.233906
8.120462
7.958286
7.842625
7.696646
7.589698
7.470458
7.376325
7.265664
7.269680
7.265176
7.259670
7.251803
7.261334
7.135504
7.018699
6.907158
6.843015
6.705697
6.535623
6.324236
6.510170
6.475513
6.285594
6.133472
6.217363
6.340312
6.529030
6.484475
6.588728
6.618421
6.800761
6.896577
6.804693
6.557127
6.181105
5.967821
5.884078
5.968788
5.878119
5.758530
5.809079
5.806165
5.843450
5.992712
6.214197
6.424082
6.606643
6.727362
6.934717
7.041041
7.206425
7.395042
7.644067
7.824559
8.033082
8.333409
8.613863
8.933575
9.227630
9.544049
9.882745
10.170117
10.427650
10.510307
10.546690
10.538978
10.534994
10.586838
10.425530
9.994030
10.060647
10.053386
9.924817
9.720674
9.485542
9.299289
9.152241
8.991717
8.838981
8.700555
8.512613
8.518319
8.509705
8.441787
8.298254
8.118224
8.008253
7.871634
7.792347
7.655006
7.521878
7.364888
7.165685
7.089636
6.935371
6.819371
6.655609
6.769858
6.857832
6.924600
6.986957
7.196666
7.310839
7.300307
7.109192
7.184085
6.884410
6.640925
6.699788
6.749067
6.832007
6.894105
6.779846
6.998809
7.028576
7.126563
7.319023
7.487618
7.635839
7.776986
7.778385
7.773127
7.920383
8.088503
8.243947
8.411988
8.586426
8.689451
8.889520
9.068711
9.214887
9.406397
9.583246
9.748451
9.907912
10.166255
10.316956
10.531520
10.702030
10.837637
10.821638
10.998887
10.461744
10.238692
9.827807
9.660829
9.321981
9.077035
8.885396
8.656975
8.512832
8.333865
8.214349
8.043103
7.880188
7.721054
7.630079
7.461710
7.305021
7.268927
7.094994
6.929252
6.765849
6.623059
6.406793
6.057871
5.719042
