2.004047 2.137921
2.002439 2.139429
2.003258 2.142541
2.003488 2.146463
2.002821 2.151566
2.003006 2.158311
2.001482 2.166083
2.001114 2.174363
2.000736 2.185692
2.001888 2.197326
1.933393 2.177755
1.889441 2.154201
1.862546 2.175520
1.805803 2.249914
1.804210 2.250550
1.839068 2.225580
1.881684 2.284007
1.930712 2.412041
1.953307 2.504101
1.877746 2.459909
1.784585 2.336161
1.753971 2.280031
1.627707 2.228389
1.612961 2.226643
1.605483 2.200603
1.616272 2.233909
1.610150 2.227066
1.554644 2.190562
1.455052 2.091963
1.321647 1.979664
1.227512 1.766772
1.169857 1.634790
1.091413 1.470024
1.081557 1.486446
1.091486 1.509418
1.092112 1.555842
1.100160 1.616283
1.109833 1.680944
1.139425 1.784468
1.141933 1.841519
1.082007 1.799335
1.049400 1.792545
1.046133 1.806987
1.042565 1.802592
1.069885 1.841344
1.094310 1.922606
1.123969 1.935385
1.164462 1.940560
1.194746 1.925211
1.197042 1.896959
1.049919 1.613721
0.943028 1.365585
0.892087 1.187182
0.944826 0.998364
0.986454 0.895093
0.980584 0.832364
0.923744 0.752102
0.829488 0.680952
0.835954 0.706137
0.839032 0.757003
0.858677 0.793760
0.856431 0.822722
0.824569 0.883793
0.837619 0.965395
0.837782 1.047477
0.827786 1.043981
0.777939 1.008272
0.734867 0.964733
0.686489 0.936254
0.661233 0.971111
0.648056 0.948413
0.622149 0.967238
0.612886 0.943601
0.603522 0.995658
0.594772 1.000594
0.577465 1.032250
0.567282 1.012580
0.540631 0.947423
0.528554 0.932042
0.514146 0.888695
0.568065 0.943698
0.580917 0.893361
0.638316 1.109999
0.720264 1.630923
0.766682 1.773712
0.749355 1.277813
0.698849 0.945249
0.680317 0.810695
0.633221 0.650522
0.595693 0.586645
0.536848 0.494897
0.472416 0.466392
0.473877 0.446313
0.456260 0.449258
0.433734 0.450829
0.452525 0.515019
0.473646 0.584468
0.478175 0.664227
0.507860 0.719518
0.535058 0.788566
0.551803 0.863563
0.544523 0.917629
0.530867 0.958278
0.487745 0.956412
0.482976 0.978400
0.515971 1.001042
0.544432 1.014747
0.548881 1.013586
0.549885 1.041679
0.566203 1.093984
0.529150 1.054835
0.517904 0.980951
0.525549 0.927077
0.541380 0.877511
0.547929 0.850945
0.533322 0.787266
0.534354 0.705287
0.529269 0.644968
0.527897 0.598165
0.509975 0.585628
0.500412 0.572220
0.507112 0.544494
0.520921 0.533362
0.562142 0.539845
0.567549 0.532289
0.510374 0.514773
0.460997 0.526365
0.445855 0.566985
0.424718 0.576798
0.412428 0.614545
0.425296 0.630185
0.423651 0.674797
0.426314 0.714793
0.413121 0.705795
0.398814 0.646671
0.378606 0.588860
0.379146 0.587761
0.378573 0.572572
0.377293 0.529406
0.357443 0.482220
0.331854 0.452014
0.336937 0.484262
0.341045 0.543079
0.321639 0.533643
0.310903 0.556183
0.313609 0.615656
0.304974 0.574353
0.308215 0.544560
0.340760 0.498246
0.371858 0.461944
0.325842 0.396068
0.317973 0.448356
0.322082 0.454659
0.307210 0.395445
0.309367 0.366618
0.301929 0.369321
0.339486 0.355925
0.336844 0.367314
0.330388 0.394417
0.327071 0.415885
0.315459 0.404291
0.299572 0.408465
0.295673 0.434187
0.277170 0.438348
0.254111 0.438732
0.251306 0.448905
0.260211 0.492712
0.276176 0.531025
0.304876 0.574714
0.318655 0.590960
0.286396 0.561413
0.296272 0.511726
0.335802 0.511229
0.336629 0.548515
0.344779 0.561276
0.378609 0.599026
0.378978 0.613570
0.372735 0.688419
0.416592 0.806862
0.393040 0.831436
0.389617 0.756378
0.376725 0.705956
0.379051 0.661570
0.416060 0.665020
0.360454 0.585375
0.334244 0.503503
0.349972 0.470836
0.415780 0.463464
0.465572 0.450831
0.509417 0.446127
0.537442 0.433156
0.583250 0.416532
0.606467 0.412745
0.632506 0.406940
0.700558 0.409571
0.776446 0.413287
0.858239 0.421103
0.950158 0.426081
1.030848 0.430634
1.115562 0.435998
1.117798 0.442165
1.156962 0.488540
1.036953 0.599302
0.917789 0.669070
0.850505 0.666174
0.844585 0.742979
0.865407 0.668975
0.807242 0.617608
0.784925 0.594807
0.771644 0.581945
0.679063 0.565722
0.547842 0.560491
0.487829 0.531103
0.473149 0.487507
0.470764 0.477760
0.528118 0.491537
0.609130 0.521352
0.714621 0.540319
0.769488 0.536875
0.739476 0.512069
0.789636 0.512280
0.800759 0.526621
0.806637 0.536293
0.893817 0.551017
0.913823 0.622248
0.922949 0.661152
0.916841 0.672776
0.871822 0.666020
0.906838 0.658696
0.870780 0.730781
0.653773 0.652075
0.521196 0.573316
0.411611 0.504750
0.441823 0.518128
0.438981 0.474882
0.448667 0.431748
0.433763 0.405128
0.447334 0.393332
0.482795 0.379113
0.506440 0.367253
0.517978 0.363261
0.538655 0.365037
0.516429 0.362471
0.472637 0.353220
0.447294 0.348977
0.477156 0.349953
0.492879 0.355120
0.512794 0.329376
0.521054 0.323101
0.506447 0.340382
0.464861 0.362102
0.390785 0.341949
0.316053 0.334444
0.277328 0.285554
0.253421 0.269588
0.216058 0.273430
0.210193 0.273788
0.203669 0.277704
0.186329 0.325626
0.212501 0.374420
0.260016 0.418012
0.315357 0.419480
0.376855 0.401265
0.433115 0.371661
0.500211 0.333612
0.628750 0.323704
0.686009 0.300489
0.701765 0.282546
0.701788 0.264123
0.619798 0.252542
0.556156 0.244110
0.584189 0.244715
0.544133 0.238208
0.482186 0.234026
0.550894 0.237802
0.476059 0.238207
0.424680 0.236333
0.372156 0.248480
0.359548 0.265054
0.311734 0.295467
0.350347 0.377579
0.418000 0.441874
0.494552 0.479023
0.556555 0.503660
0.692357 0.536514
0.809236 0.551386
0.898876 0.549301
0.940556 0.529242
0.931209 0.489371
0.799170 0.440789
0.716439 0.433307
0.628248 0.426346
0.607599 0.397332
0.571876 0.412797
0.484011 0.418425
0.417096 0.397020
0.398599 0.375066
0.365709 0.325157
0.334544 0.278270
0.337307 0.231980
0.258497 0.272728
0.232118 0.335839
0.208865 0.378613
0.232702 0.447982
0.232345 0.446627
0.228066 0.446052
0.286810 0.467756
0.369254 0.464584
0.434898 0.435982
0.493444 0.410278
0.523128 0.372896
0.579902 0.364435
0.619151 0.348551
0.579087 0.303873
0.585819 0.294986
0.567109 0.293011
0.599585 0.274085
0.572868 0.259344
0.543151 0.246994
0.519364 0.247324
0.494651 0.249456
0.499528 0.247865
0.464358 0.253131
0.427716 0.253796
0.402829 0.249865
0.470961 0.246061
0.481935 0.248236
0.531073 0.264253
0.613398 0.294324
0.647600 0.304937
0.645975 0.306952
0.606317 0.294807
0.623409 0.296885
0.640679 0.301489
0.668643 0.309473
0.637737 0.312685
0.562704 0.326579
0.550666 0.324650
0.590779 0.321319
0.476300 0.306108
0.415091 0.310092
0.292488 0.326352
0.275645 0.270727
0.317691 0.252349
0.343477 0.273778
0.369484 0.332609
0.383346 0.418979
0.371470 0.492992
0.341738 0.567301
0.322358 0.626027
0.323327 0.674716
0.341958 0.695753
0.365033 0.701933
0.400702 0.720640
0.457515 0.762657
0.517747 0.807510
0.515799 0.810584
0.519363 0.810693
0.518155 0.811668
0.584706 0.863103
0.554859 0.809750
0.558008 0.748303
0.602202 0.738132
0.578795 0.724074
0.626555 0.714325
0.654368 0.703150
0.644542 0.681217
0.635091 0.662011
0.610942 0.639067
0.661740 0.633606
0.667048 0.596754
0.680961 0.568323
0.680854 0.527495
0.703316 0.510033
0.733520 0.487736
0.771707 0.469659
0.832417 0.452231
0.890559 0.450542
0.924093 0.464067
0.944379 0.483404
0.755622 0.472729
0.628819 0.452608
0.576599 0.432479
0.522138 0.452052
0.506414 0.478663
0.502954 0.517620
0.536562 0.517960
0.556483 0.512868
0.561101 0.506678
0.557773 0.509657
0.604798 0.438984
0.648804 0.403668
0.713275 0.383863
0.821817 0.390749
0.921960 0.392754
0.939397 0.373025
0.877871 0.362659
0.809684 0.365732
0.726904 0.366743
0.691737 0.363814
0.591524 0.352823
0.538032 0.342553
0.482993 0.328337
0.437310 0.310607
0.380096 0.287778
0.360778 0.278512
0.352629 0.268266
0.363264 0.257630
0.403366 0.253056
0.457790 0.255588
0.523322 0.260347
0.564853 0.264569
0.601382 0.269570
0.625375 0.288979
0.672342 0.319689
0.710796 0.346699
0.749721 0.366027
0.744098 0.396894
0.713306 0.414838
0.620139 0.418616
0.548694 0.417466
0.466303 0.352914
0.341502 0.348349
0.362279 0.369633
0.467273 0.401854
0.669364 0.490616
0.707309 0.449691
0.594606 0.376713
0.560827 0.365293
0.584642 0.383115
0.572012 0.432696
0.461818 0.433230
0.460876 0.500889
0.471029 0.575210
0.490413 0.649748
0.483811 0.679861
0.529281 0.686611
0.524072 0.673394
0.573128 0.638255
0.580840 0.568847
0.600985 0.516401
0.611099 0.445047
0.560778 0.411598
0.584724 0.446083
0.583542 0.431057
0.530273 0.446738
0.481756 0.453976
0.437605 0.450778
0.406622 0.427731
0.413312 0.459829
0.474839 0.519966
0.520094 0.469673
0.507086 0.427886
0.439560 0.429012
0.393920 0.415718
0.363638 0.395954
0.354117 0.401443
0.326149 0.409242
0.310604 0.392073
0.324304 0.375803
0.333834 0.385420
0.332884 0.385867
0.324620 0.405334
0.357564 0.385385
0.368356 0.348090
0.379362 0.328685
0.432896 0.338875
0.507187 0.366841
0.593597 0.380062
0.626011 0.370303
0.658091 0.356619
0.646006 0.354535
0.521770 0.320094
0.455032 0.299766
0.453237 0.289793
0.385957 0.285587
0.342531 0.282176
0.361023 0.283805
0.395887 0.293483
0.428962 0.289260
0.436021 0.276065
0.452669 0.265356
0.447772 0.250060
0.398628 0.241878
0.399920 0.235850
0.429874 0.238466
0.464638 0.242234
0.512541 0.244962
0.573654 0.251252
0.628262 0.254389
0.633381 0.275636
0.569595 0.319849
0.530096 0.371568
0.445168 0.342578
0.399413 0.327227
0.387665 0.374679
0.370922 0.433421
0.359969 0.464228
0.304001 0.469485
0.306112 0.399086
0.195083 0.176189
0.145421 0.138858
0.134807 0.147588
0.146062 0.191043
0.171021 0.246325
0.201074 0.302730
0.245035 0.365890
0.290706 0.404609
0.337140 0.418316
0.374699 0.400226
0.386350 0.373447
0.392913 0.355004
0.430554 0.348965
0.457425 0.340085
0.433574 0.307925
0.398883 0.276741
0.391526 0.262076
0.369814 0.245083
0.346433 0.229819
0.336332 0.224443
0.301026 0.214721
0.299347 0.205186
0.307418 0.195255
0.306951 0.184034
0.316951 0.176334
0.332162 0.173871
0.340936 0.177014
0.356625 0.176024
0.375518 0.175080
0.404715 0.173087
0.437520 0.170611
0.522520 0.177663
0.569247 0.203044
0.569629 0.235282
0.497432 0.202717
0.481814 0.200709
0.418772 0.161939
0.334575 0.140128
0.286895 0.149078
0.303286 0.173564
0.322436 0.195072
0.341153 0.204275
0.355627 0.213945
0.356990 0.210017
0.354435 0.191008
0.368179 0.181376
0.344252 0.173231
0.353440 0.165941
0.327857 0.155117
0.345212 0.154005
0.351749 0.155375
0.351631 0.158052
0.338580 0.163413
0.350050 0.171706
0.345467 0.174104
0.368863 0.186205
0.404962 0.197982
0.447322 0.206122
0.516371 0.220692
0.481216 0.247751
0.548447 0.287120
