0.223280
0.315801
0.407274
0.409780
0.362738
0.304876
0.242353
0.238071
0.123073
0.124699
0.087774
0.225918
0.302334
0.176410
0.309555
0.096792
0.267546
0.509670
0.463243
0.295589
0.283109
0.472050
0.568829
0.571645
0.459920
0.611832
0.599340
0.673912
0.654795
0.669158
0.721523
0.755451
0.782596
0.920558
0.801893
0.957378
0.837503
0.922122
0.818258
0.738300
0.855629
0.797750
0.892960
0.772956
0.897423
0.926698
0.955147
0.913357
0.971109
0.898956
0.775201
0.679519
0.566425
0.667847
0.842844
0.841632
0.838134
0.853956
0.779338
0.712673
0.557254
0.517993
0.567195
0.567411
0.569164
0.570960
0.631670
0.681341
0.766316
0.805232
0.823968
0.873628
0.830692
0.833789
0.835722
0.810204
0.864793
0.936540
0.903108
0.876137
0.883299
1.192756
1.191309
1.332384
1.284768
1.653421
1.815799
1.649601
1.500134
1.406333
1.290517
1.138879
1.045272
1.002330
0.965585
0.872280
0.771337
0.679231
0.656980
0.555940
0.623215
0.609722
0.553045
0.570451
0.596441
0.570413
0.562647
0.570806
0.603496
0.553092
0.713197
0.516000
0.381899
0.297720
0.146597
0.119419
0.265013
0.263303
0.337147
0.382077
0.489017
0.690948
0.806876
0.940271
1.062435
1.105981
1.211771
1.311541
1.331228
1.433707
1.487398
1.554039
1.545933
1.446239
1.408197
1.389922
1.429279
1.410166
1.325298
1.290489
1.277209
1.219963
1.219047
1.215982
1.232582
1.264712
1.184621
0.974001
0.936195
1.007477
0.997734
1.426857
1.791438
1.510538
1.375095
1.240180
1.357464
1.235305
1.083160
0.983413
0.913138
0.735405
0.626957
0.635666
0.552405
0.530803
0.426171
0.505680
0.443321
0.432760
0.394568
0.416385
0.405487
0.287354
0.211422
0.198363
0.145893
0.105009
0.191868
0.234951
0.178686
0.337275
0.647072
0.822312
0.867005
0.980302
0.832810
0.605392
0.674364
0.517526
0.465295
0.425115
0.443684
0.494505
0.538353
0.588929
0.724994
0.768393
0.914865
0.924391
0.838651
0.864627
0.735117
0.532470
0.391826
0.328316
0.388448
0.383885
0.220725
0.281124
0.297957
0.490079
0.339894
0.334418
0.307230
0.312161
0.146848
0.335269
0.609729
0.889809
1.013004
0.984447
0.977015
1.018110
1.120651
1.134607
0.800856
0.486526
0.453951
0.574411
0.476436
0.355249
0.400964
0.320804
0.244655
0.292964
0.214394
0.253147
0.245976
0.362876
0.495123
0.617501
0.750371
0.779532
0.794703
0.948013
1.184705
1.260479
1.373432
1.211640
1.062062
1.106131
1.089890
1.096530
0.976106
0.707954
0.659568
0.696068
0.505883
0.581054
0.392128
0.350886
0.309167
0.193727
0.174443
0.231018
0.271179
0.391241
0.486279
0.402755
0.378701
0.470196
0.532406
0.632424
0.491263
0.368320
0.325863
0.109737
0.348166
0.517824
0.673946
0.712844
0.753538
0.847800
0.933479
0.997939
0.917398
0.922073
0.992019
1.108520
1.416746
1.500795
1.711809
1.546190
1.559900
1.405744
1.261143
1.196095
1.127832
1.243767
0.939671
0.918907
0.861746
0.558322
0.587046
0.611737
0.435742
0.387228
0.260362
0.215974
0.102316
0.042416
0.094113
0.261118
0.302333
0.263218
0.309075
0.363424
0.440361
0.502433
0.613895
0.717284
0.737545
0.590329
0.588622
0.448203
0.565792
0.478093
0.406050
0.260690
0.346685
0.393570
0.281391
0.224225
0.297538
0.589355
1.205237
1.571365
1.960715
1.781886
1.829974
1.809920
1.692725
1.723916
1.531353
1.356203
1.265900
1.056016
1.152271
1.244512
1.358704
1.526944
1.676674
1.844683
2.066413
2.264222
2.267633
2.270012
2.273621
2.443857
2.674570
2.770686
3.011709
3.028045
3.148695
3.302467
3.548469
3.545076
3.565339
3.686300
3.914110
4.015397
4.214893
4.330977
4.500901
4.546363
4.498030
4.550422
4.727625
4.765061
4.878044
4.957075
5.158504
5.020349
4.858701
4.504489
4.276976
4.228832
4.182789
4.155092
3.937406
3.865547
3.818524
3.745233
3.696788
3.848433
4.003092
4.120719
4.201243
4.242160
4.220862
4.250726
4.260163
4.267012
4.269019
4.277633
4.269022
4.255553
4.185520
4.208888
4.179832
4.061226
3.956240
3.737777
3.819384
3.752277
3.617049
3.580665
3.466096
3.455960
3.432972
3.258811
3.210830
3.199938
3.318889
2.999640
2.855820
3.232635
2.992785
2.678276
2.605631
2.890506
2.923024
2.902564
3.065846
3.132686
3.228699
3.296442
3.296077
3.259373
3.193948
3.102472
3.117332
3.022897
3.070128
3.159670
3.281636
3.405011
3.491164
3.609398
3.732937
4.007374
4.351550
4.673116
4.877713
4.993563
5.077619
5.033052
5.058435
5.068926
5.119918
5.324546
5.379832
5.063134
5.028884
4.976829
4.888400
4.689946
4.533415
4.510892
4.460732
4.433102
4.392108
4.389839
4.363480
4.330285
4.307714
4.303032
4.242647
4.123286
3.985604
3.787846
3.563003
3.379051
3.242913
3.117533
2.975724
2.905465
2.747524
2.571615
2.240618
2.324468
2.872536
2.985016
3.027611
3.294410
3.511185
3.533695
3.317156
3.581747
3.243696
2.934289
2.970029
3.019424
3.106960
3.181678
3.139635
3.362758
3.424818
3.578586
3.800769
3.967552
4.031253
4.068874
3.997706
3.952093
4.077308
4.256824
4.419044
4.555163
4.692581
4.777148
4.932277
5.042880
5.261890
5.451965
5.633359
5.788103
5.928875
6.153562
6.218510
6.180335
6.071343
6.117265
5.886626
5.847301
5.753113
5.876201
5.570821
5.469804
5.163382
4.982391
4.788269
4.497716
4.270251
4.064600
3.870855
3.709816
3.573306
3.407473
3.225222
3.023678
2.891941
2.732492
2.627123
2.520074
2.364229
2.169949
1.889853
1.602468
1.279694
