1.971316 2.124841
1.916683 2.085124
1.812610 2.066945
1.761875 2.033449
1.657288 1.961838
1.614362 1.932259
1.639913 2.077533
1.615424 2.193800
1.666365 2.365566
1.701737 2.480876
1.783257 2.700832
1.771139 2.813552
1.630797 2.863898
1.689580 2.889667
1.652015 2.777444
1.816774 2.749606
1.990188 2.784211
2.249864 3.130308
2.335460 3.319310
2.414677 3.320990
2.453092 3.351015
2.434504 3.205507
2.379472 3.062820
2.431904 3.086162
2.677584 3.329826
2.859265 3.507089
3.066431 3.700750
3.380829 3.973467
3.663301 4.216240
3.971134 4.544860
4.236941 4.802622
4.496358 4.987760
4.707773 5.180992
4.962290 5.468160
5.281311 5.643274
5.502355 5.873839
5.794230 6.164671
6.040296 6.420672
6.248694 6.763171
6.505446 7.022231
6.761428 7.268983
7.011076 7.503168
7.239260 7.746762
7.389453 7.897406
7.547886 8.009836
7.556507 8.115100
7.617813 8.174219
7.711394 8.294574
7.772334 8.370424
7.736903 8.325574
7.771249 8.312173
7.760358 8.233411
7.792578 8.242103
7.745501 8.138895
7.686255 8.124132
7.716954 8.101859
7.764507 8.085867
7.820256 8.092072
7.760743 8.010424
7.679073 7.942608
7.793973 7.986109
7.833295 8.024158
7.903125 7.816009
8.031530 7.910168
8.158267 8.003887
8.315897 8.202120
8.503950 8.335098
8.644382 8.433232
8.835664 8.588170
8.868753 8.681239
8.966489 8.772024
9.043669 8.723743
9.208259 8.842097
9.375730 8.969332
9.511062 9.079144
9.590479 9.126583
9.690282 9.162527
9.672084 9.170412
9.500824 9.124177
9.243919 8.818834
9.187175 8.821481
9.309245 8.987782
9.580123 9.143017
9.681751 9.297340
9.679125 9.319265
9.513077 9.263720
9.432076 9.027681
9.454746 9.060442
9.499089 9.079174
9.580923 9.243638
9.638352 9.320437
9.706552 9.438986
9.844949 9.456892
9.957882 9.581577
10.020104 9.667068
10.125311 9.774944
10.215049 9.908758
10.340895 10.145641
10.433427 10.264426
10.549638 10.395581
10.690702 10.541381
10.805735 10.667132
10.817733 10.760280
10.963570 10.889945
11.114387 10.927085
11.249048 11.073480
11.419072 11.245937
11.565281 11.410581
11.606621 11.431532
11.707676 11.562856
11.731101 11.680326
11.621306 11.549074
11.529125 11.425510
11.389889 11.318639
11.286651 11.187069
11.326947 11.020653
11.065225 10.799066
10.802362 10.506607
10.405880 9.843670
9.898131 9.362843
9.544526 8.924641
9.329807 8.680863
8.974521 8.491506
8.880512 8.445575
8.674373 8.290002
8.602244 8.130497
8.492053 7.884494
8.090803 7.395835
7.755517 7.021607
7.521905 6.734614
7.575301 6.801323
7.652694 6.864675
7.767427 6.948624
7.886701 7.031672
7.996364 7.000014
8.161845 7.096536
8.156040 7.187309
8.087071 7.144085
8.194929 7.218013
8.194083 7.340652
8.287023 7.393792
8.390072 7.522729
8.391613 7.397684
8.458185 7.558280
8.546969 7.645599
8.670086 7.636888
8.526261 7.568882
8.345986 7.482478
8.209845 7.057643
8.442817 7.474770
8.565426 7.705320
8.671399 7.808228
8.705856 7.917157
8.613937 7.882047
8.539400 7.692995
8.545214 7.610388
8.334533 7.590230
8.349078 7.610898
8.420862 7.705841
8.419921 7.744366
8.554466 7.813536
8.613335 7.924345
8.729660 8.015527
8.758213 8.077585
8.792251 8.102006
8.862766 8.210264
8.982794 8.320179
9.064599 8.451003
9.043347 8.495044
9.062173 8.522790
9.053532 8.635810
9.101407 8.534004
9.010065 8.578180
8.800586 8.125847
8.627189 7.734650
7.949679 7.231285
7.739797 7.115675
7.525631 6.945913
7.455003 6.828690
7.169021 6.629842
7.221461 6.460316
6.665508 6.169928
6.036787 5.834919
5.965160 5.546649
5.802583 5.325624
5.150646 4.857237
4.639634 4.302948
4.109601 4.057104
3.922421 3.691253
3.539853 3.275843
3.384013 3.124438
2.923768 2.936138
3.058151 2.884067
3.128879 3.047375
3.343777 3.263985
3.566326 3.387658
3.820094 3.616943
4.120751 3.827489
4.415703 3.993215
4.668383 4.201387
4.917159 4.351436
5.029421 4.509534
5.104661 4.734871
5.243263 4.822252
5.112739 4.698059
4.753987 4.382736
4.382049 4.061280
3.860361 3.830962
3.628031 3.603945
3.299280 3.466168
3.217299 3.483559
3.087844 3.507995
3.256113 3.676963
3.414660 3.831045
3.476955 3.941441
3.594617 4.092982
3.653035 4.231235
3.869428 4.410015
3.981205 4.547546
3.918588 4.708731
4.175253 4.944809
4.227338 5.004225
4.286653 4.954139
4.330449 4.992590
4.547356 5.135217
4.626728 5.232427
4.640498 5.153015
4.674960 5.091036
4.728976 4.956150
4.584065 4.899119
4.245128 4.315825
3.953555 3.887700
3.427334 3.612554
3.418266 3.703530
3.105043 3.407491
2.851868 3.284718
2.746901 3.275875
2.659279 3.269545
2.866466 3.484821
3.105134 3.710873
3.363501 3.954802
3.590309 4.110277
3.897913 4.330634
3.968903 4.277758
4.033084 4.381047
4.122882 4.498466
4.278068 4.573693
4.376141 4.505509
4.500774 4.717274
4.661222 5.044566
4.801093 5.196611
4.818899 4.921818
4.752080 4.597756
4.493073 4.344693
4.333553 4.024767
4.121977 3.830961
3.899199 3.710435
3.724697 3.693620
3.756428 3.744022
3.936111 3.818657
4.171809 4.012388
4.169899 4.037594
4.106465 4.019159
4.082875 4.008274
4.031272 3.975906
4.027068 4.028336
4.106425 4.098994
4.093976 4.137426
4.095623 4.182761
4.069240 4.224832
4.161194 4.107434
4.082028 4.064939
3.898940 3.917076
3.569469 3.695159
3.399461 3.512066
2.881187 3.070049
2.372675 2.778000
2.138493 2.532418
1.958649 2.361516
1.785201 2.215843
2.033051 2.376839
2.080859 2.432877
2.399651 2.656515
2.742399 2.999001
3.233730 3.388617
3.522454 3.529908
3.849585 3.717881
4.134628 3.844279
4.428867 4.014792
4.550481 4.115292
4.675135 4.187227
4.737276 4.102982
4.813654 4.171865
5.036623 4.398336
5.096166 4.471476
5.280646 4.602995
5.365080 4.393207
5.321629 3.838017
5.242870 3.855264
4.895295 3.469372
4.697351 3.354530
4.002274 2.745873
3.368032 2.415650
3.440861 2.547468
3.475291 2.688530
3.485700 2.755889
3.568935 2.831925
3.654227 2.981530
3.717338 3.110471
3.818576 3.285155
3.945500 3.486198
4.060278 3.710355
4.126251 3.848944
4.229063 4.021907
4.325121 4.145835
4.557794 4.281887
4.744463 4.256304
4.875229 4.284174
4.892933 3.984422
4.686889 3.572026
4.821770 3.564385
4.500873 3.333985
3.793601 3.008527
3.278139 2.571090
2.699140 2.268514
2.174945 2.153393
2.198852 2.104489
2.366827 2.335477
2.531861 2.622535
2.729320 2.767033
3.003137 2.999253
3.147953 3.085839
3.351204 3.272545
3.479225 3.450576
3.662177 3.525893
3.788811 3.686540
3.946448 3.764705
3.996968 3.691226
4.084176 3.704314
4.394462 3.906036
4.538608 4.045191
4.365995 3.778339
3.756025 3.457437
3.193761 3.174421
2.690761 2.867697
2.709657 2.939168
2.906188 3.153974
3.204796 3.413454
3.521448 3.683163
3.763930 3.974569
3.957791 4.189175
4.059896 4.395354
4.282496 4.512932
4.544885 4.632447
4.745981 4.725834
4.973391 4.747670
4.862756 4.297998
4.646171 3.851531
4.333800 3.240882
4.010642 2.868077
4.156079 2.891912
3.698899 2.722739
3.510128 2.590678
3.312924 2.595979
3.224792 2.402801
3.008371 2.285187
2.789264 2.285871
2.519486 2.167329
2.498770 2.197523
2.368404 1.992533
2.475872 2.030817
2.490069 2.063288
2.520703 2.142888
2.689968 2.241673
2.703523 2.306420
2.845300 2.386800
3.173607 2.683824
3.602877 3.202942
3.935265 3.598270
4.255341 3.948316
4.436595 4.093274
4.563321 4.512299
4.625391 4.638484
4.644606 4.533074
4.669261 4.515228
4.728247 4.564609
4.763971 4.628232
4.770772 4.731712
4.840245 4.789890
4.908586 4.855834
4.977970 4.877967
4.954089 4.875885
4.914175 4.920605
4.908020 4.951003
5.025721 5.001181
5.094962 5.096829
5.158460 5.162642
5.147197 5.126454
5.141535 5.095429
5.056996 5.101055
5.066814 5.013990
5.033971 4.870516
4.757028 4.768780
4.349759 4.538953
3.990678 4.102415
3.637684 3.704187
3.551200 3.245302
3.162427 2.963052
2.684078 2.673235
2.597567 2.481515
2.615191 2.708895
2.411092 2.613877
2.367093 2.640605
2.155408 2.559996
2.171575 2.444354
2.271772 2.510042
2.264611 2.301176
2.531406 2.498714
2.860983 2.774731
3.173614 3.017833
3.474502 3.307447
3.907899 3.729981
3.926983 3.611210
4.175536 3.319077
4.296417 3.193770
4.248973 2.954928
4.005525 2.750645
3.702660 2.568255
3.522914 2.465222
3.476791 2.407983
3.638370 2.581263
3.705351 2.746773
3.886721 3.048610
4.015278 3.317026
4.073221 3.521619
4.150846 3.714398
4.418097 4.075747
4.343792 4.139645
4.313345 4.081879
4.114499 3.915065
4.038392 3.843345
3.845045 3.514531
3.526271 3.164780
3.254693 2.828759
2.895983 2.502048
2.721449 2.410062
2.754300 2.428444
2.664077 1.995141
2.784824 2.068724
3.021558 2.255507
3.233658 2.424869
3.247896 2.577580
3.386035 2.796948
3.670239 3.039146
4.040541 3.392268
4.427892 3.751818
4.779119 4.095928
4.980124 4.303457
5.061016 4.525508
5.149569 4.673496
5.228974 4.827278
5.319347 4.900375
5.224011 4.872813
5.192906 4.874790
5.093749 4.799758
4.946022 4.686639
4.640780 4.608326
4.619887 4.570976
4.700753 4.712669
4.819740 4.867081
4.943154 5.024129
5.002839 5.174741
5.077819 5.321153
5.231476 5.420188
5.314279 5.514431
5.267152 5.326800
5.228788 5.159500
5.089440 4.878015
4.652677 4.780542
4.505053 4.610559
4.298588 4.518335
4.139805 4.346389
3.891519 4.149792
3.616243 3.890632
3.376320 3.592700
3.213595 3.229427
2.970903 3.086950
3.141730 3.161021
3.156384 3.143684
3.262688 3.206194
3.431582 3.390037
3.322631 3.528587
3.408595 3.615351
3.386381 3.715331
3.323698 3.801116
3.216329 3.480365
3.290708 3.454186
3.648822 3.809335
4.236306 4.191165
4.414482 4.145443
4.367992 3.955728
4.333742 3.862197
4.397055 3.996578
4.430639 4.078780
4.442931 4.142628
4.410772 4.178488
4.337762 4.126538
4.184285 4.023979
4.047870 3.843659
3.806380 3.636603
4.038074 3.716950
3.925923 3.453064
3.440336 3.184850
2.972836 2.864497
2.537420 2.435454
2.229175 2.134541
2.103434 1.975156
1.871459 1.980940
1.909129 1.840456
1.941920 1.890678
2.020878 2.021491
2.132814 2.167720
2.257683 2.313593
2.321874 2.468236
2.444533 2.622029
2.613936 2.805459
2.836320 3.007601
3.136858 3.225470
3.395917 3.394303
3.720452 3.578918
3.991620 3.818361
4.290097 4.051865
4.508385 4.157835
4.524799 4.148576
4.343467 3.881273
4.372376 3.734111
4.232734 3.545528
4.026350 3.443928
3.746416 3.281613
3.678969 3.298657
3.678366 3.454151
3.624383 3.527022
3.606431 3.608956
3.616665 3.710778
3.449735 3.627021
3.306864 3.498732
3.133737 3.245021
2.894942 3.061025
2.464775 2.615033
2.107609 2.341581
2.052115 2.220413
1.932588 2.095084
1.543582 1.907643
1.568450 1.896418
1.515835 1.995703
1.655269 2.080007
1.797015 2.266519
1.829209 2.576673
2.067694 2.934928
2.728632 3.661553
3.426675 4.383685
