1.966097 2.125549
1.968353 2.132116
1.971808 2.156395
2.012101 2.207250
2.013672 2.289301
2.040923 2.406028
2.061968 2.523741
2.087318 2.650239
2.149762 2.814647
2.229544 2.970989
2.321679 3.175046
2.426680 3.378079
2.539482 3.580565
2.741533 3.812554
2.820351 3.843034
2.873143 3.779209
2.915135 3.735450
3.099274 3.946934
3.199577 4.047285
3.231967 4.110500
3.236860 4.134389
3.269457 4.185691
3.334880 4.253085
3.438435 4.324838
3.566438 4.437428
3.738942 4.562058
3.915210 4.707342
4.094274 4.889436
4.279741 5.058183
4.470474 5.241489
4.706424 5.472711
4.917705 5.690226
5.116285 5.876550
5.335545 6.115112
5.565427 6.365381
5.748350 6.552931
5.973630 6.806942
6.190492 7.038127
6.394544 7.242188
6.626920 7.434274
6.849102 7.649006
7.085634 7.864011
7.307487 8.078416
7.541897 8.329193
7.672973 8.482194
7.727210 8.533511
7.820673 8.601962
7.904789 8.682048
7.970955 8.742873
7.832539 8.721732
7.812229 8.711683
7.815976 8.723057
7.834111 8.752754
7.847740 8.797614
7.833335 8.801707
7.855569 8.782735
7.893949 8.783365
7.936581 8.791300
8.011455 8.814626
8.088313 8.844554
8.193488 8.884424
8.283527 8.944430
8.367796 8.998173
8.531752 9.089633
8.652037 9.168643
8.794501 9.261852
8.928757 9.366856
9.084104 9.470264
9.249595 9.611320
9.397971 9.753361
9.573738 9.891470
9.725650 10.021814
9.899825 10.147263
10.075408 10.305323
10.251693 10.446759
10.420631 10.603464
10.618287 10.791830
10.780172 10.941902
10.882876 11.032894
10.889629 11.056570
10.813491 10.984897
10.738685 10.955858
10.863701 11.002430
10.921028 11.003572
10.925217 11.009642
10.892489 11.000248
10.879122 10.978510
10.876152 10.977435
10.879973 10.989702
10.896576 10.994199
10.912533 11.022784
10.959661 11.068955
11.011486 11.099493
11.065935 11.157506
11.111791 11.205140
11.173427 11.271008
11.243977 11.332102
11.300479 11.394844
11.360921 11.472323
11.442604 11.566896
11.513854 11.673588
11.600180 11.771498
11.705220 11.889864
11.819340 12.008456
11.951642 12.139718
12.054487 12.247464
12.173389 12.359092
12.276239 12.461280
12.407895 12.571204
12.572622 12.705681
12.708479 12.815402
12.712098 12.838856
12.744575 12.884091
12.791711 12.945093
12.848648 13.001741
12.816991 12.972656
12.797250 12.936264
12.780008 12.907570
12.781666 12.889181
12.785146 12.885019
12.800916 12.880047
12.801941 12.895172
12.790983 12.904342
12.813432 12.922772
12.826223 12.941531
12.850242 12.970397
12.886088 13.008371
12.933964 13.046888
12.970937 13.095860
13.029261 13.152399
13.102027 13.207710
13.164837 13.271727
13.230566 13.339149
13.309575 13.415734
13.376977 13.493428
13.486592 13.568001
13.586548 13.624135
13.672151 13.697930
13.758038 13.783299
13.884805 13.900753
14.002735 13.998372
14.119330 14.097481
14.245925 14.188080
14.389086 14.272831
14.513967 14.361901
14.637088 14.476163
14.726001 14.484695
14.788545 14.484170
14.826601 14.481141
14.807472 14.479222
14.789550 14.502038
14.831844 14.503424
14.816761 14.509398
14.769110 14.443844
14.764959 14.432043
14.782562 14.440840
14.800519 14.457793
14.821766 14.473927
14.842684 14.505133
14.871152 14.529371
14.896433 14.561908
14.945793 14.623338
14.971037 14.655386
15.008432 14.695332
15.060008 14.752620
15.100800 14.794803
15.141307 14.864110
15.197754 14.943919
15.268452 15.015493
15.344588 15.115574
15.410436 15.201975
15.436231 15.229943
15.438847 15.311494
15.454447 15.268238
15.481360 15.231014
15.511716 15.215642
15.529655 15.215273
15.586824 15.210924
15.649044 15.227153
15.722477 15.188978
15.765048 15.193120
15.794001 15.219661
15.853401 15.241500
15.908931 15.285940
15.839328 15.269804
15.819633 15.274896
15.844411 15.307414
15.879022 15.338965
15.895854 15.396327
15.937887 15.434630
15.978025 15.462390
16.023282 15.505768
16.074332 15.545159
16.111122 15.582009
16.146591 15.614402
16.197370 15.652407
16.260531 15.697901
16.339143 15.756393
16.408111 15.798770
16.492415 15.845835
16.546179 15.875965
16.593957 15.860677
16.644513 15.777640
16.699281 15.798069
16.727516 15.856859
16.756748 15.829155
16.768830 15.848805
16.801263 15.909666
16.845356 15.956418
16.879301 16.014381
16.923980 16.077813
16.983687 16.186650
17.004161 16.224250
17.027060 16.266425
17.056614 16.300784
17.096671 16.332195
17.163031 16.382409
17.241937 16.434861
17.294167 16.487653
17.375789 16.552329
17.441426 16.610716
17.472642 16.634293
17.487433 16.580731
17.493914 16.602565
17.456607 16.637127
17.484154 16.669029
17.524196 16.673346
17.562249 16.699156
17.610854 16.721525
17.646103 16.765666
17.647407 16.756500
17.669117 16.764237
17.705647 16.762098
17.724477 16.791405
17.744852 16.815520
17.800186 16.858960
17.836300 16.896582
17.889320 16.942897
17.952746 16.980380
18.026766 17.068757
18.087648 17.157398
18.160153 17.240592
18.252513 17.327899
18.302084 17.368196
18.338499 17.422430
18.351401 17.462976
18.369620 17.506328
18.351904 17.597645
18.339689 17.628998
18.340400 17.676742
18.357767 17.732371
18.350317 17.792667
18.369880 17.816545
18.400186 17.778268
18.413157 17.764601
18.432918 17.758610
18.445162 17.742341
18.468574 17.752034
18.579327 17.782635
18.631321 17.806483
18.693692 17.809219
18.721687 17.823849
18.752537 17.829347
18.777503 17.838072
18.818824 17.838311
18.863264 17.860873
18.904013 17.894388
18.946698 17.925376
18.989356 17.967902
19.052176 18.027992
19.118980 18.091180
19.165572 18.158584
19.218672 18.272994
19.298663 18.347469
19.309450 18.412817
19.308935 18.436563
19.265943 18.473161
19.249100 18.496806
19.232150 18.528875
19.218941 18.572508
19.234250 18.638632
19.246563 18.677735
19.284669 18.728936
19.292726 18.750730
19.340467 18.825418
19.376923 18.875906
19.411009 18.928507
19.455839 18.983410
19.498315 19.064270
19.517947 19.152663
19.555732 19.216335
19.565363 19.241294
19.599137 19.265921
19.593176 19.380867
19.601012 19.465594
19.605058 19.532947
19.603180 19.580208
19.618196 19.638431
19.577481 19.717428
19.495596 19.778577
19.502723 19.730239
19.499116 19.699238
19.509061 19.692709
19.544777 19.657851
19.559814 19.654339
19.556287 19.695945
19.565300 19.646059
19.590932 19.644886
19.621405 19.652641
19.647841 19.678089
19.687638 19.694663
19.719690 19.721453
19.741753 19.753397
19.775476 19.778545
19.815766 19.801154
19.856348 19.841374
19.925638 19.919617
19.970215 19.994176
20.048175 20.071948
20.113306 20.143117
20.184621 20.204782
20.229547 20.262095
20.225952 20.330162
20.206238 20.346040
20.187669 20.370701
20.185798 20.409569
20.181501 20.484402
20.191583 20.571552
20.219521 20.676308
20.266791 20.761150
20.322178 20.837946
20.353052 20.895051
20.398619 20.973599
20.439587 21.051235
20.481381 21.135447
20.559181 21.209386
20.609520 21.254737
20.645903 21.265376
20.698879 21.256834
20.726722 21.251406
20.772996 21.257976
20.847099 21.266711
20.876595 21.318128
20.884790 21.301306
20.900712 21.307814
20.917355 21.319070
20.946320 21.367575
20.993737 21.408375
21.056845 21.451023
21.142653 21.481827
21.186016 21.491261
21.208210 21.486201
21.241555 21.495217
21.269890 21.515388
21.326174 21.550590
21.390334 21.623073
21.419672 21.579767
21.411537 21.583061
21.441450 21.557820
21.462852 21.636099
21.509452 21.694919
21.524352 21.752930
21.550966 21.813157
21.591975 21.788369
21.586728 21.808589
21.608405 21.830295
21.626413 21.851268
21.646790 21.824401
21.659134 21.889180
21.704705 21.890671
21.749327 21.895637
21.822583 21.914886
21.898345 21.921822
21.958902 21.940437
22.027738 21.977585
22.081795 21.992265
22.130959 21.998137
22.215407 22.016627
22.263680 22.059751
22.304767 22.069524
22.347110 22.057566
22.365803 22.062406
22.368608 22.160239
22.360464 22.156960
22.337986 22.139482
22.318042 22.137811
22.301083 22.125911
22.313468 22.208958
22.330675 22.278110
22.352667 22.272406
22.313409 22.257259
22.299890 22.249080
22.295625 22.243113
22.289434 22.249657
22.302547 22.259652
22.326529 22.258365
22.346873 22.269496
22.378926 22.268372
22.422888 22.275316
22.481532 22.272847
22.522461 22.281670
22.577051 22.305438
22.571378 22.294593
22.640754 22.362140
22.644982 22.360303
22.637224 22.347433
22.642782 22.428273
22.658786 22.417079
22.676018 22.450377
22.700051 22.461473
22.713136 22.475835
22.743518 22.495755
22.770061 22.510359
22.783758 22.518947
22.816650 22.579129
22.863482 22.608229
22.913736 22.642304
22.971189 22.726134
23.006461 22.789682
23.022567 22.849451
23.050503 22.878780
23.191825 22.874701
23.184545 22.897172
23.197703 22.920278
23.218449 22.958522
23.226927 22.994720
23.335194 23.051108
23.357355 23.039941
23.367342 23.034577
23.392758 23.022289
23.438922 23.009883
23.458699 23.020508
23.506490 23.028292
23.566235 23.060788
23.609739 23.092164
23.648614 23.115755
23.717070 23.113097
23.779763 23.111971
23.839120 23.125728
23.909857 23.140472
23.981124 23.141372
24.056970 23.173010
24.099367 23.174985
24.154961 23.181915
24.233304 23.191735
24.315122 23.192507
24.415433 23.211560
24.520485 23.224953
24.588793 23.236433
24.692611 23.237934
24.784378 23.231040
24.897884 23.229906
24.980620 23.275126
25.078436 23.286865
25.185835 23.299477
25.255197 23.336792
25.269943 23.353779
25.271188 23.357165
25.328107 23.358117
25.314517 23.362992
25.314434 23.378821
25.330077 23.357962
25.333495 23.429016
25.327939 23.465759
25.276935 23.437199
25.262226 23.441666
25.259772 23.464386
25.274771 23.486798
25.285980 23.534960
25.298320 23.570183
25.328368 23.613463
25.351350 23.657841
25.381111 23.723320
25.404675 23.775624
25.424229 23.857503
25.437139 23.884540
25.431593 23.896616
25.433842 23.883769
25.443888 23.889678
25.471965 23.898087
25.499386 23.912141
25.538220 23.929618
25.562093 23.959352
25.594001 23.980458
25.621715 24.015253
25.660541 24.048119
25.688215 24.090545
25.740023 24.172664
25.774291 24.234356
25.842793 24.294956
25.888645 24.330082
25.965816 24.356544
26.029829 24.358616
26.001890 24.446118
26.108412 24.448339
26.121050 24.437695
26.133809 24.434406
26.180031 24.442999
26.216906 24.466413
26.217802 24.450001
26.236558 24.433626
26.250559 24.426866
26.268052 24.428703
26.296836 24.405480
26.341179 24.396123
26.392954 24.380930
26.457836 24.371610
26.507112 24.382947
26.543260 24.413584
26.586741 24.438122
26.635374 24.458024
26.674666 24.485909
26.719474 24.523209
26.767658 24.561666
26.770326 24.554918
26.730916 24.531958
26.797221 24.560701
26.870515 24.586588
26.947050 24.613729
27.032708 24.656295
27.100767 24.711608
27.178777 24.750428
27.255737 24.819457
27.348389 24.891329
27.441177 24.954009
27.513515 25.023797
27.585823 25.076694
27.646982 25.137940
27.721275 25.185281
27.810346 25.248318
27.879260 25.304711
27.934281 25.366549
27.977840 25.416283
27.992016 25.388314
27.935699 25.333859
27.926922 25.326443
27.909698 25.276422
27.902251 25.237690
27.886098 25.190875
27.857472 25.160261
27.867321 25.125253
27.878565 25.119261
27.884360 25.115974
27.908345 25.133811
27.921990 25.154529
27.950604 25.185864
27.966924 25.216805
27.980895 25.254432
28.001126 25.287389
28.033289 25.339169
28.067418 25.372020
28.102606 25.432025
28.118155 25.497351
28.163031 25.558303
28.180866 25.615978
28.202074 25.689973
28.215902 25.759443
28.243626 25.838129
28.265030 25.911120
28.392971 26.125668
28.446040 26.349806
