0 0 0
0.0190365765743 0.431859571585 3.02873470914
-0.228429132096 0.431864599294 3.05975196279
-0.603172609291 0.578976890353 3.02146226109
-1.25100990133 0.616942809892 3.04725416844
-1.6444744366 0.646597278122 3.05310452056
-2.23031949124 0.699004186935 3.05513775194
-2.59094443384 0.716492764146 3.06589131603
-3.14253410569 0.753638736189 3.06831083384
-3.31747433188 0.76704901835 3.05705974876
-3.8208547803 0.813315583686 3.05355019965
-4.41747249277 0.866215104267 3.03772355017
-4.83032168427 0.896268808257 3.04359753529
-5.26859650081 0.938452335841 3.0410565814
-5.90124061662 0.988020179132 3.06689833677
-6.31294420371 1.00591617427 3.08664646454
-6.73697744284 1.02661671055 3.08946271813
-7.36235389668 1.04394636968 3.13854120131
-7.76524367396 1.0430546712 3.13697820457
-8.18573991548 1.03462136628 3.13808052153
-8.81652538309 1.02664143854 -3.11541642993
-9.25292654719 0.986952967594 -3.01009229345
-9.46971450341 0.917714731091 -2.64557387979
-9.83104150601 0.27637609139 -1.67903935157
-9.71272229429 -0.351045437097 -1.24911874999
-9.62057856945 -0.783033415039 -1.49807010376
-9.54399893399 -0.619831323441 1.62334046172
-9.54469208373 -0.183299578498 1.55192954393
-9.54695598132 0.23521211764 1.46169469026
-9.3373888997 0.860603293347 0.887299446559
-8.90150985731 1.172207981 0.355893512347
-8.2716030811 1.27956463524 -0.0791307060235
-7.37863378744 1.26226798865 0.0156368852433
-6.93858702691 1.33198730236 0.331651708081
-6.48981267265 1.59937941645 0.837913329696
-6.18020137442 2.21461097742 1.21764824856
-6.04233750082 2.63063600116 1.22518833735
-5.83073135175 3.2581430487 1.23129981996
-5.72912908865 3.68320322994 1.45859496346
-5.70572202104 4.31562954207 1.51907533177
-5.68732154873 4.75094806646 1.52071809699
-5.67779993533 5.17289409988 1.52128848036
-5.67262800048 5.80807005491 1.56418518602
-5.68667281243 6.24188452289 1.59020713026
-5.76161891409 6.65110151031 2.00698147666
-6.26717385915 6.91829071125 2.87282362559
-6.69951134914 6.98166410327 3.00749095558
-7.33691155984 7.01135504886 -3.10944464456
-7.75465644356 7.00417992683 3.1010988675
-8.40662602832 7.02203335073 3.09963887434
-8.82571777498 6.94977284826 -2.76582267866
-9.47309946627 6.86430810407 3.02142154205
-9.90041699363 6.90838408546 3.02141863658
-9.5612946065 7.03078436295 -0.133295776028
-9.14641798852 6.98772371928 -0.0238223625936
-8.71344227271 6.98507068779 0.0165922643005
-8.07826204557 6.98679789359 0.0591343682262
-7.64682681324 7.01140730633 0.0612949149459
-7.01540525329 7.02889162967 0.0494896939614
-6.56705081882 7.15170807641 0.589718330517
-6.13619406185 7.51561732046 0.863597470044
-5.81378511066 7.9392232225 0.999325454811
-5.49046626542 8.56016576239 1.0975424585
-5.30652260278 8.99058830505 1.05617147723
-5.07006963746 9.41698599019 1.03563005023
-4.68110662968 10.0696748264 1.00512205003
-4.49685756023 10.5047432682 1.173067427
-4.34980237048 11.1477996299 1.44293159928
-4.27994141007 11.7489925512 1.44690728192
-4.23828699735 12.1750513668 1.45879159943
-4.20047957295 12.7902241652 1.50917267843
-4.18064810537 13.2269132661 1.51602406756
-4.16657605861 13.6701149902 1.54293111477
-4.15304980224 14.1152361869 1.53984304453
-4.14093896467 14.7114782189 1.54573901974
-4.12844635543 15.1405255869 1.54527202304
-4.11908041501 15.7766542357 1.55079838096
-4.11288796291 16.1934831938 1.55217790306
-4.11723614563 16.8202501986 1.57352464766
-4.11650229654 17.24767741 1.57420324799
-4.2241732671 17.8637687426 1.88539426086
-4.52331650353 18.2915377819 2.44829880214
-4.95961433359 18.5927136509 2.43506166912
-5.57925175996 19.198973327 2.25427534634
-5.9814210807 19.6210341903 2.32869731096
-6.4080104337 19.9672117904 2.47089150155
-6.82965237544 20.1570329164 2.88806710753
-7.25827141177 20.2447064153 2.93705307367
-7.89736673635 20.3485485454 2.98922766224
-8.5002015864 20.3943222704 3.07113085682
-8.90784858106 20.4235936081 3.06793994356
-9.5320248322 20.4690156174 3.06845871973
-9.97902362651 20.374018765 -2.64010457964
-10.4147122467 19.8250462802 -1.80755528889
-10.4075217305 19.1840701011 -1.59195893725
-10.3923647331 18.7515576215 -1.58832165494
-10.4378443881 18.3145465203 -1.89410267355
-10.9762367107 17.9696525757 3.12732101542
-11.6279293929 18.0525243461 3.03909294866
-12.0618026133 18.0815590486 3.09470611962
-12.7146620742 18.0826445055 -3.09627218471
-13.1759583756 18.0581843878 -3.12447129003
-13.8272437944 18.1194401872 2.85448360466
-14.4870980407 18.4202512999 2.44205525845
-14.7562242122 19.0568587087 1.61716597923
-14.7490334076 19.722079131 1.60637100408
-14.726479026 20.1763185374 1.49119864773
-14.6526906248 20.8420629448 1.55033136058
-14.6472791169 21.2963592763 1.66246056223
-14.7664657887 21.931947039 1.7765173051
-15.2091905475 22.5377169133 2.50275970592
-15.6190364217 22.7508635146 2.80328449595
-16.2365969828 22.9080151395 2.91718821039
-16.6842725077 22.9611722695 2.99283772723
-17.3139496127 22.9563338624 -2.96331273915
-17.7624955804 22.8126037979 -2.56411093424
-18.1108317186 22.3944182226 -2.01691738421
-18.2641020472 21.7632657119 -1.80724601816
-18.3704929846 21.1095712933 -1.73296519216
-18.4233164071 20.6741283793 -1.72969174958
-18.4427406534 20.2344143843 -1.56005169483
-18.2704433757 19.5767754543 -1.05995775589
-17.9535967056 19.1512765944 -0.916707227877
-17.7751029099 18.9501205168 -0.779162888218
-17.1520435902 18.645178071 -0.226568958045
-16.7118742753 18.5871752169 -0.101079229541
-16.094834781 18.6873081573 0.327445933011
-15.6906633346 18.9899210788 0.832115409783
-15.3745296697 19.4362149822 1.00117353404
-15.1359966604 19.8785494362 1.05971254966
-14.9148598011 20.3300006108 1.10917366456
-14.7174972854 20.8079043406 1.26570170398
-14.5367092942 21.4633858829 1.27498318868
-14.4176824495 21.8683410555 1.27710779634
-14.2777216302 22.3170020897 1.05468037791
-13.8946838171 22.7176397353 0.538416145042
-13.2622160839 22.870496993 -0.0373462475235
-12.6253945844 22.9576876741 0.275275120748
-12.6253945844 22.9576876741 0.275275120748
-12.1987984627 23.146420334 0.538141436772
-11.793887688 23.4311401109 0.752164231223
-11.3689240394 24.0400111222 1.21226764224
-11.1779550284 24.6751764321 1.35561214819
-11.1580869946 25.3093259246 1.59444313668
-11.146044217 25.7368555194 1.41929786799
-11.0724349862 26.1743389445 1.44741875384
-10.8794308079 26.7243326322 0.592376341988
-10.4575969223 26.7618501078 -0.240096718231
-10.1320128619 26.4646823729 -1.27238494587
-10.1318960242 26.0571960765 -1.63033717388
-10.1807019705 25.4310126191 -1.6768403295
-10.2213738668 24.7591514115 -1.63216673321
-10.2213738668 24.7591514115 -1.63216673321
-10.2213738668 24.7591514115 -1.63216673321
-10.2213738668 24.7591514115 -1.63216673321
-10.2213738668 24.7591514115 -1.63216673321
-10.2213738668 24.7591514115 -1.63216673321
-10.2213738668 24.7591514115 -1.63216673321
-10.2213738668 24.7591514115 -1.63216673321
-10.2213738668 24.7591514115 -1.63216673321
-10.2213738668 24.7591514115 -1.63216673321
-10.2336210264 24.1179718805 -1.40337679616
-10.1195819004 23.4872280501 -1.39786020512
-10.0313621053 23.0458605858 -1.38207291736
-9.84280156792 22.4018600024 -1.09818710506
-9.5132720422 21.7527198656 -1.13908620094
-9.24904980919 21.3404844334 -0.775957875319
-8.87433902693 20.9436592693 -1.11299836669
-8.76460248367 20.307779428 -1.6541212254
-8.82562049064 19.8877388484 -1.81623929813
-8.97705958924 19.26408339 -1.69171637555
-8.99452430549 18.8315813209 -1.52875403026
-9.15246981842 18.1955721243 -2.14520945081
-9.29258286998 18.4256045195 1.36834062789
-9.21438319324 18.8585013626 1.44887725708
-9.14981534851 19.2761140274 1.44792213525
-8.94851780867 19.9245291663 0.941479480711
-8.54059352937 20.267332361 0.408055876051
-7.91613445447 20.4005078379 0.189210982839
-7.28053311943 20.45237107 0.0170487965304
-6.83153921976 20.4546309393 0.01022485975
-6.20125473626 20.5113303887 0.216452354097
-5.57306909135 20.6856171337 0.354390429442
-5.1422453297 20.8498462149 0.358852683316
-4.69529876519 21.0120980799 0.359965494677
-4.24577167978 21.1805027134 0.364526954539
-3.82531487447 21.3439587122 0.366205707326
-3.397094628 21.5974290445 0.92579262646
-3.29559739936 22.037151794 1.43692774974
-3.15033163177 22.4705177311 0.963623533386
-2.72607561585 22.7384777986 0.222979302827
-2.11628058036 22.7651377255 -0.134145883301
-1.66556641569 22.7119949824 -0.101318609877
-1.0121453627 22.6404417454 -0.110907742104
-0.580873985418 22.6339022377 0.0535626318148
-0.155054308338 22.6193593328 -0.0558416332715
0.285844406866 22.6094367687 -0.0573204339921
0.920009679521 22.5356122849 -0.191424138279
1.33928272545 22.4347155282 -0.297695988439
1.72817312047 22.2414715489 -0.711453143389
2.04159317059 21.8147113739 -1.16804580077
2.28784041847 21.1688654475 -1.21265997391
2.39556810777 20.5130010898 -1.58240975729
2.37690353683 20.0867245246 -1.62004519995
2.37690353683 20.0867245246 -1.62004519995
2.37690353683 20.0867245246 -1.62004519995
2.21143151195 19.6683818393 -2.22278241046
1.54004478619 19.2997548385 -3.09235559531
0.873690110489 19.3451740348 3.0199729041
0.431989553907 19.3733723862 -3.13615456343
-0.186168057092 19.443511882 2.90983937836
-0.612717101501 19.5304796748 2.919147327
-1.02917209256 19.6110978436 2.91980794688
-1.65371116855 19.7292040169 2.99118910297
-2.08350377419 19.7886107809 2.98893782698
-2.50692871018 19.8485191315 2.98918281653
-2.94474376808 19.9145344771 2.99004257885
-3.5978115542 19.9703426638 -3.10896831125
-4.21402109434 19.946289128 3.13997059936
-4.63397539063 19.9425638857 -3.13808154394
-5.0695154897 19.8565817012 -2.69015269511
-5.43400342508 19.4955160346 -2.04271341193
-5.54314056386 19.0599508464 -1.65053060868
-5.37904341452 18.418381156 -1.0190544656
-4.96308176633 18.0720114772 -0.430643047629
-4.54695598582 17.7433709034 -0.863941099818
-4.14446849245 17.3120851097 -0.848295916546
-3.87817724972 16.865114124 -1.14497779719
-3.76495435748 16.423597673 -1.33154956773
-3.61619000964 15.7787668265 -1.32023339066
-3.59335826736 15.3358220512 -1.6355470948
-3.63732190742 14.6930869661 -1.58635471599
-3.66184722501 14.2913553659 -1.64838727583
-3.72114040953 13.6749463179 -1.66853029977
-3.76372990686 13.2550029329 -1.68071647434
-3.81532619172 12.7999512923 -1.67898167679
-3.89338121004 12.1868944345 -1.71583050761
-3.95704110746 11.7801793819 -1.71852469298
-4.06117074666 11.1561645078 -1.74919445764
-4.08715193028 10.700342575 -1.39747952601
-3.84768974939 10.3310359743 -0.492950369209
-3.41545248977 10.2500486589 -0.0379981500923
-2.98605289256 10.2670658913 0.00038820981027
-2.5566409579 10.268391484 -0.106990905463
-2.1072749443 10.2327486637 -0.103344536864
-1.49104510078 10.1750051203 -0.109284262304
-1.06082884237 10.1307459258 -0.111934447096
-0.452030392084 10.0641970702 -0.121889920481
0.192027795259 10.0396070477 0.0843144782897
0.616345802575 9.9986691653 -0.148868208149
1.04556336433 9.94243441832 -0.111713638966
1.6870672219 9.91566707016 -0.0570395417236
2.1035016361 9.9001353006 -0.0541143042675
2.55917290612 9.87342711369 -0.0569173959952
2.95881614278 9.85759705851 -0.0338662891101
3.57971802263 9.82909703643 -0.0439934404361
4.01146689978 9.80752256432 -0.0467886737947
4.42463119079 9.78819381633 -0.0499374437415
5.03815990454 9.75450031412 -0.0718708916673
5.43267584394 9.71030306878 -0.176430414989
6.00033100928 9.61073812539 -0.181809401457
6.37259345153 9.54571878922 -0.174109836808
6.75513547143 9.478292542 -0.179425309297
7.30099383121 9.36559069024 -0.250490561673
7.67343260264 9.17071417131 -0.705426470077
7.95464353955 8.76072865196 -1.16942126618
7.95221646763 8.13252697739 -1.71452366885
7.95221646763 8.13252697739 -1.71452366885
7.95221646763 8.13252697739 -1.71452366885
7.81943705902 7.51808587727 -1.68766545562
7.76112782096 7.08225833736 -1.69134013736
7.68089975448 6.45887435952 -1.78208393074
7.64069465185 6.04480054735 -1.63849970545
7.70226488091 5.40673266138 -1.41027577377
7.97233535984 4.9765099964 -0.744806156048
8.58867183396 4.60353057869 -0.362861607424
8.99719400103 4.48072513055 -0.258443932237
9.6188288769 4.36369139767 -0.206621390052
10.0590285828 4.28435237512 -0.217613392576
10.4830288637 4.22642611335 -0.171246702237
10.8989277165 4.1666794799 -0.156721823566
11.5591101803 4.10114445765 -0.128942570573
12.2088590392 3.99806614174 -0.245143269748
12.6196467231 3.91417725344 -0.240253750894
13.1197512534 3.53523397848 -1.44261963907
13.1638125743 3.11869071004 -1.46496337421
13.1978529214 2.6961691139 -1.56287848279
13.199335759 2.06547418391 -1.57991852736
13.1788876434 1.44042868784 -1.67552104724
12.8083227792 0.822984425124 -2.47639858499
12.386500452 0.643100421276 -2.95124559386
11.7655271423 0.549646561032 -2.9872632949
11.3531699646 0.495830571537 -3.08661896314
10.7077505504 0.488491644085 -3.11082486783
10.2529100097 0.478716901456 -3.11390598499
9.60183127178 0.448687436179 -3.1162397303
9.18001770468 0.431640072901 -3.11109342366
8.75885759962 0.417426294436 -3.13166064551
8.34345144994 0.409228287781 -3.12906585225
7.7112567004 0.398300827642 -3.12753966179
7.28354568671 0.377596898002 3.13608648047
7.0386130602 0.940269879596 1.24649673282
7.15136983103 1.36361553184 1.40850432688
7.19791284586 1.78095875069 1.53573599149
7.21356778452 2.41804838804 1.53824883449
7.22537188435 2.83856813115 1.54079860463
7.22985724659 3.26479038071 1.54561010428
7.24544513279 3.91319506808 1.54844997329
7.25400118205 4.34707375272 1.54280994842
7.26582032311 4.76963187075 1.54243523732
7.28879564784 5.4088486539 1.5412107919
7.3164508408 5.82900250985 1.45461966017
7.39278489648 6.47015718818 1.49410074463
7.42162382413 6.93118730074 1.49584866943
7.45864727378 7.37488621075 1.49617582772
7.49138935165 7.80321994093 1.4952955843
7.52214266938 8.44914781008 1.52250648765
7.53411037352 8.89677437343 1.52779537191
7.14153953018 9.34077937932 2.81346578144
6.72133947327 9.40660996546 2.99963644328
6.09547058826 9.47430993355 3.00531454034
5.66534396997 9.5198201322 3.01238478854
5.05661967069 9.5930426572 3.01537460989
4.6373200321 9.64938614588 3.01676720253
4.01505387023 9.70516784172 3.04642801094
3.56396017786 9.7255758592 3.07431472295
3.13385621187 9.74767895458 3.07710172094
2.50020590592 9.79036044257 3.07392193096
2.06235380513 9.81751591746 3.07133685545
2.06235380513 9.81751591746 3.07133685545
2.06235380513 9.81751591746 3.07133685545
1.45391200782 9.83612596158 3.11491251523
1.03963002682 9.84060205867 3.09485603783
0.416994953383 9.87342633513 3.09367284161
-0.013681692347 9.89762991899 3.06047159526
-0.62370879935 9.93720958021 3.07013782113
-1.00091119831 9.96924902848 3.06483850023
-1.41837351081 9.9963423658 3.08468389149
-1.98292997443 10.0396541468 3.03022019978
-2.32543572686 10.0827090198 3.02164793733
-2.59327772102 10.1010277569 3.05697983004
-2.92098508706 10.1208644078 3.06169081361
-3.2924919649 10.1336267415 3.06641391666
-3.2924919649 10.1336267415 3.06641391666
-3.2924919649 10.1336267415 3.06641391666
-3.2924919649 10.1336267415 3.06641391666
-3.69023687109 10.1558275541 3.06657775043
-4.09966091835 10.1852347687 3.06678666249
-4.22053769608 9.80356558503 -1.69078613051
-4.22989967382 9.38194475924 -1.64313674222
-4.25503162178 8.96185879532 -1.68145585104
-4.25503162178 8.96185879532 -1.68145585104
-4.25503162178 8.96185879532 -1.68145585104
-4.25503162178 8.96185879532 -1.68145585104
-4.25503162178 8.96185879532 -1.68145585104
-4.25503162178 8.96185879532 -1.68145585104
-4.29340268794 8.54747170701 -1.68260301118
-4.29340268794 8.54747170701 -1.68260301118
-4.29340268794 8.54747170701 -1.68260301118
-4.29340268794 8.54747170701 -1.68260301118
-4.29340268794 8.54747170701 -1.68260301118
-4.35065732271 7.92229276049 -1.68278116542
-4.38519253837 7.50668356542 -1.67317548944
-4.85653202128 7.28101755499 3.13617811114
-5.30093879876 7.26636752159 -3.12684825149
-5.94674172033 7.23711814596 -3.09598035737
-6.36475362753 7.17307567065 -2.97917154653
-6.78557219158 7.10248089444 -2.97677935472
-7.41298989505 7.00553331816 -3.04552514056
-7.84786881542 6.97604426854 -3.05380335025
-8.28259314004 6.92774218473 -3.03693502327
-8.93160951768 6.87321007345 -3.11192906171
-9.27712792905 6.63395353375 -2.07789091124
-8.73126431954 6.68496159002 0.180367530205
-8.08898695517 6.82366843034 0.109264375144
-7.66845074118 6.88405700304 0.159323536452
-7.04246072977 6.99044107611 0.16185508884
-6.60417645499 7.04825858399 0.0405015166863
-5.97023976894 7.00933249571 -0.30530349176
-5.54862146894 6.77829905632 -0.776489918447
-5.21063845798 6.39435493888 -0.873942035455
-4.87788033084 5.96108821749 -0.947834141398
-4.85712776112 5.34315412451 -1.91518353929
-5.02386637536 4.88854961771 -1.92779569102
-5.31816742769 4.45668258273 -2.37126518773
-5.65985648361 4.0109320648 -1.97132985667
-5.81602172018 3.59411116334 -1.921588885
-5.94978090855 2.97557003865 -1.80093032233
-6.13122740042 2.56153324921 -2.18506759863
-6.36463592713 2.14023068544 -1.91573349882
-6.44102304488 1.50497453664 -1.39076350221
-6.33843582925 1.29852077221 -0.96576300126
-5.90969280862 1.02611910845 -0.168885520971
-5.25366694797 1.00521686112 -0.0565755766164
-4.81633769811 0.99380594054 -0.043088970964
-4.38494849263 1.00055714176 0.0393244679062
-3.9526988722 1.01227843419 -0.131961512278
-3.3349727861 0.976425134366 -0.0505498283036
-2.91334672742 0.962681008378 -0.0475676000779
-2.46712661594 0.942279592705 -0.0489031536473
-2.02800837651 0.926403308465 -0.0504458617017
-1.62925414345 0.909603289983 -0.0501100193885
-1.01289089171 0.888021037585 -0.053889274966
-0.605061813213 0.860267442775 -0.058426526787
0.00512330947043 0.830667615285 -0.0625812455735
0.454439462434 0.801423250851 -0.0636498017923
1.13127589429 0.771064487759 -0.0598048380118
1.55450319968 0.75595042487 -0.0906747649227
1.98177144383 0.720624886228 -0.0908393563316
2.59308607525 0.677054275649 -0.0527956891293
3.03329568098 0.65319073221 -0.0483319992496
3.41148371845 0.625828704473 -0.0526379131822
3.81307177339 0.589888285951 -0.0998556111114
4.4373173378 0.519047486569 -0.115733603816
4.84103778677 0.477321597423 -0.118853689644
5.38487955187 0.422464371798 -0.114246386161
5.78549480506 0.391755676206 -0.109058805872
6.14374323272 0.361043630001 -0.139259056255
6.76743399519 0.289646601072 -0.144545865833
7.17719128736 0.24374909504 -0.149227091539
7.57475722337 0.208105972436 -0.140352246547
7.98584134553 0.168737218019 -0.131064928866
8.57073065271 0.133070044005 -0.121915435273
9.00212676687 0.104410736237 -0.112001625622
9.61963271212 0.078568438034 -0.0940857324517
10.0549516248 0.0614187204078 -0.0867151843547
10.4799368389 0.0778289320462 0.155303253203
11.0942440254 0.19793289009 0.182962092845
11.5159539743 0.366358767706 0.455605763225
11.9184154488 0.583171772032 0.471998743794
12.5157061183 1.01459172275 0.73123837775
12.8688982023 1.47920292953 0.993666639323
13.0535818391 1.93102658637 1.19178890045
13.1519188948 2.36659265322 1.44933801693
13.2117128417 3.02291570371 1.48133826841
13.1567905222 3.42985608934 1.93624355885
12.886738478 3.83560645267 2.40823282553
12.199574488 4.09753579226 3.05082662756
11.757067295 4.07869175745 -3.11431083153
11.317325461 4.04563644127 -3.09346432462
10.6772139353 3.99682083324 -3.09544014543
10.2485974949 3.9561148697 -3.08738724149
9.83139468456 3.92400016879 -3.08992315123
9.19333211694 3.91306243355 3.08955642408
8.76285910454 3.92352871471 3.08894532963
8.32961916107 3.95598781295 3.05136444261
7.89298513455 3.95111594251 -3.09404936975
7.48417974901 3.78029476115 -2.42928397999
7.19768155976 3.3580259843 -1.86781590811
7.17083100298 2.91833626777 -1.53201331676
7.21069583051 2.47360945303 -1.52232555684
7.21591398388 1.85147497185 -1.69952552148
7.17200865229 1.41307535569 -1.69404643247
6.8728050051 0.778751489743 -2.54021720067
6.27634555402 0.583281557162 -2.9942938216
5.86256427971 0.539590407329 -3.04968925187
5.24151119673 0.528866981297 -3.12954722323
4.811776687 0.561771492306 3.05174775332
4.36781469728 0.624024481115 3.13776160238
3.70017325065 0.684838350344 3.11375356805
3.25519724105 0.717923982331 3.11915001101
2.81454500146 0.749026361776 3.08793564898
2.40368571024 0.78593234174 3.07189615776
1.77921745212 0.828205454214 3.07227861252
1.33362775516 0.858612327779 3.06890123481
0.6603853083 0.884431202101 3.08063252124
0.230639543308 0.904190535016 3.08298839649
0.0538574585689 0.0802174200404 0.0238022104074
-0.201724514331 0.682307130758 2.98936421576
-0.559283537104 0.760935913957 2.99790778928
-0.776602875682 0.852899553516 3.04935898354
-0.977719052204 0.855089849095 3.10047385914
-1.17149353395 0.857450783999 3.10374569518
-1.35805512058 0.862730963633 3.10415698231
-1.57413412562 0.862775796575 3.07969862496
-1.78755016178 0.867903430368 3.07527559188
-1.96651251319 0.878615479586 3.07593220399
-2.14872149439 0.889834860673 3.05598878481
-2.45980186802 0.912472239728 3.04048136306
-2.64725899511 0.926353419363 3.04019902897
-2.64725899511 0.926353419363 3.04019902897
-2.82796237388 0.94611237153 3.07629722334
-3.16718090519 0.95267897743 3.08162831878
-3.35042912717 0.960150018719 3.08076705782
-3.56643641897 0.971172556129 3.08057910063
-3.96609916392 0.993211193981 3.07819211712
-4.18507600438 1.00988237255 3.07566235711
-4.40496580426 1.04383336382 2.85576152745
-4.61996800783 1.12558047991 2.59347115771
-4.61996800783 1.12558047991 2.59347115771
-4.83245410208 1.29224626952 2.29729557303
-4.98932668528 1.50779103693 2.13106401511
-5.16254713825 1.93973487261 1.81049512588
-5.18751188518 2.16852434474 1.75566792758
-5.21201515991 2.3937670977 1.74612876192
-5.27396515199 2.81025181262 1.73831864082
-5.30552765847 3.04457983496 1.73523229962
-5.33871109282 3.28072275932 1.73255822847
-5.36858769281 3.5169890501 1.72915504001
-5.4378541678 3.93375674171 1.73328917559
-5.47192864974 4.12652268314 1.72039830834
-5.5088303259 4.3408028612 1.72009644159
-5.58047879308 4.75513291511 1.721644932
-5.61744896127 4.9753674959 1.72419618892
-5.65347874172 5.18589127496 1.72693611288
-5.72052836868 5.595254126 1.72439707246
-5.75223067535 5.80405110839 1.72317816684
-5.78663623177 6.0190399751 1.72349932394
-5.85838247915 6.44105998926 1.72735874255
-5.90714103681 6.65239652929 1.89476028271
-6.13954789186 7.03471299685 2.63322183763
-6.13954789186 7.03471299685 2.63322183763
-6.56350969592 7.13973548655 3.109002871
-6.78106979587 7.14156184441 3.11063640608
-6.78106979587 7.14156184441 3.11063640608
-6.78106979587 7.14156184441 3.11063640608
-7.21039286989 7.14068480619 3.1163562161
-7.42136376674 7.12682709731 3.11995347846
-7.83762161437 7.10613674147 -3.08971290897
-8.06431450376 7.08456373238 -3.02961068967
-8.50611857176 7.01785916695 -3.06944936991
-8.72197739839 6.99597396766 -3.06928543361
-9.16353069444 6.95128221021 -3.12124853227
-9.35787565392 6.94360078466 -3.119990658
-9.58585973691 6.9429903446 3.08769802928
-10.013094337 6.9643429427 3.06590778972
-10.2235322706 6.98210056116 3.01830829421
-10.0207800451 6.99118246769 -0.0226408098599
-9.80797689353 6.98112380626 -0.103701383066
-9.58825681442 6.95172817961 -0.122117590861
-9.15170103765 6.89268394439 -0.130723099019
-8.92525145712 6.86277403871 -0.0540186562904
-8.49986250734 6.83949270433 -0.0541543123667
-8.2809059335 6.82640955459 0.0637847115394
-7.85801918659 6.870207264 0.126173457309
-7.62649152533 6.91777545174 0.204041324828
-7.40083482538 6.95828717725 0.193457953274
-6.97259123759 7.0443877132 0.193359366899
-6.74983832261 7.13218864441 0.493585577434
-6.53448029443 7.29893123856 0.768404234537
-6.37309746595 7.5026134447 0.994726164286
-6.28497114422 7.68744355904 1.34365319981
-6.26877919748 7.8986046038 1.50843941816
-6.25486778381 8.10327169243 1.51100097592
-6.2455519685 8.51614494427 1.51808916097
-6.24027126619 8.73471337497 1.52159950861
-6.2334934296 8.95846531121 1.52692757951
-6.19562094325 9.25221145893 0.86461228396
-6.04362280801 9.33636756506 0.359966104769
-5.60936796416 9.49234592435 0.43579294643
-5.3844157504 9.61597230549 0.656146063253
-5.15593157882 9.81205999756 0.754582869244
-5.15593157882 9.81205999756 0.754582869244
-4.79565260131 10.1958213895 1.09108666384
-4.62782593999 10.5803680801 1.38001060576
-4.58972869849 10.9911937242 1.50522833394
-4.577807469 11.4239847163 1.48636075648
-4.56359678168 11.8440043876 1.53189515225
-4.5580804135 12.0509075989 1.53386652166
-4.55049817337 12.4584824312 1.53789740173
-4.5278043061 13.109562676 1.52853617933
-4.50777543765 13.5483135595 1.51963431604
-4.50777543765 13.5483135595 1.51963431604
-4.50777543765 13.5483135595 1.51963431604
-4.50777543765 13.5483135595 1.51963431604
-4.50777543765 13.5483135595 1.51963431604
-4.49532363344 13.7507038763 1.51565124406
-4.47797908668 14.1695514995 1.51915972959
-4.46219801324 14.3937033703 1.51419234319
-4.46219801324 14.3937033703 1.51419234319
-4.46219801324 14.3937033703 1.51419234319
-4.46219801324 14.3937033703 1.51419234319
-4.46219801324 14.3937033703 1.51419234319
-4.46219801324 14.3937033703 1.51419234319
-4.46219801324 14.3937033703 1.51419234319
-4.46219801324 14.3937033703 1.51419234319
-4.43678517358 14.8164798381 1.51301072546
-4.41006681226 15.2498404493 1.51827602095
-4.39137736545 15.4825423701 1.51485111945
-4.36611945946 15.9199351223 1.51155301185
-4.35106067631 16.1341423814 1.51221398147
-4.32945961262 16.5347736147 1.51555040385
-4.32945961262 16.5347736147 1.51555040385
-4.32945961262 16.5347736147 1.51555040385
-4.30542878824 16.9789115283 1.51326557345
-4.2933125803 17.1957227116 1.52263856372
-4.27095334351 17.6365716147 1.52877562331
-4.24757449585 18.2886154093 1.52999636848
-4.21457142837 18.4871436562 1.23985015637
-4.11731471968 18.6694950178 0.875053330199
-3.70095533368 19.0432883384 0.709930512314
-3.46208118252 19.2429723953 0.706368952059
-3.46208118252 19.2429723953 0.706368952059
-3.46208118252 19.2429723953 0.706368952059
-3.01497428578 19.6199608534 0.691880927728
-2.77555035716 19.8199230368 0.685913250063
-2.77555035716 19.8199230368 0.685913250063
-2.5353405158 20.0143553591 0.683922204434
-2.07374352636 20.398633958 0.690258030091
-1.86558740741 20.790956367 1.40237669399
-1.81892467022 21.1967263424 1.44357187208
-1.78044102451 21.6179309918 1.46279498405
-1.76531790248 22.0367513411 1.49631744343
-1.90240668105 22.4800076311 2.36441606251
-2.10588129685 22.5921421531 2.74950337727
-2.52114599434 22.6536848386 3.09395786274
-2.52114599434 22.6536848386 3.09395786274
-2.52114599434 22.6536848386 3.09395786274
-2.96621061187 22.6662761383 3.10428383405
-3.38856070442 22.6652917215 3.11078097793
-3.38856070442 22.6652917215 3.11078097793
-3.38856070442 22.6652917215 3.11078097793
-3.83339097554 22.6583039852 3.11906117908
-4.03211481428 22.6558406311 3.12321247825
-4.46846734521 22.6523305881 3.1318179794
-4.46846734521 22.6523305881 3.1318179794
-4.46846734521 22.6523305881 3.1318179794
-4.46846734521 22.6523305881 3.1318179794
-4.46846734521 22.6523305881 3.1318179794
-4.68535561276 22.644175238 -3.00564235005
-4.84579238614 22.5710351072 -2.4900139842
-4.96984744772 22.422989627 -1.99100304946
-5.03243462618 21.9963649046 -1.68028422385
-5.06729257689 21.5731967548 -1.67905674475
-5.07799185438 21.1276418404 -1.59891661598
-5.084803674 20.6998096404 -1.66511319758
-5.11809383394 20.2544802125 -1.65798060717
-5.12338129944 19.8467922391 -1.60000041795
-5.13538189293 19.4181440916 -1.60311932289
-5.13538189293 19.4181440916 -1.60311932289
-5.13538189293 19.4181440916 -1.60311932289
-5.13538189293 19.4181440916 -1.60311932289
-5.13538189293 19.4181440916 -1.60311932289
-5.14518831521 18.9873389488 -1.60338475374
-5.15017713667 18.7502458391 -1.60341112454
-5.09729512665 18.3538264759 -1.25533632335
-4.7947951274 18.0330977613 -0.294496724004
-4.41891420459 18.133960754 0.496682900547
-4.20559421703 18.3122343764 0.836483697756
-4.20559421703 18.3122343764 0.836483697756
-4.20559421703 18.3122343764 0.836483697756
-4.20559421703 18.3122343764 0.836483697756
-4.06343792439 18.5347972699 0.970111471869
-3.79753287512 18.9661421572 0.987081726043
-3.65541532074 19.1999521954 0.989269294591
-3.48996733996 19.420104757 0.565829985599
-3.27857410485 19.4933476224 0.105314491544
-2.86236840961 19.4912020416 -0.0280782608994
-2.43278326979 19.4765433553 -0.0939794777936
-2.00309526083 19.4413092518 -0.0950130683521
-1.56764066968 19.4063348934 -0.103389337228
-1.56764066968 19.4063348934 -0.103389337228
-1.56764066968 19.4063348934 -0.103389337228
-1.3511353541 19.3825657274 -0.107485928967
-0.916123507318 19.3414490635 -0.0320570301784
-0.486233121382 19.3268761708 -0.0407880888678
-0.0917208810083 19.3234816911 -0.0390222423841
0.125210775444 19.3163699127 -0.0966749989501
0.125210775444 19.3163699127 -0.0966749989501
0.125210775444 19.3163699127 -0.0966749989501
0.523700657372 19.296276151 -0.0739449425573
0.523700657372 19.296276151 -0.0739449425573
0.964487565737 19.2859968701 -0.0684759451514
0.964487565737 19.2859968701 -0.0684759451514
0.964487565737 19.2859968701 -0.0684759451514
0.964487565737 19.2859968701 -0.0684759451514
1.36717723886 19.3322139533 0.172631865446
1.36717723886 19.3322139533 0.172631865446
1.76506237648 19.460548186 0.480522868869
1.76506237648 19.460548186 0.480522868869
1.76506237648 19.460548186 0.480522868869
1.76506237648 19.460548186 0.480522868869
1.96792389095 19.6216939263 0.799286513659
2.2212181702 20.0473176087 1.18905788858
2.2212181702 20.0473176087 1.18905788858
2.2212181702 20.0473176087 1.18905788858
2.34641839562 20.4826858364 1.43461939472
2.34641839562 20.4826858364 1.43461939472
2.34641839562 20.4826858364 1.43461939472
2.34641839562 20.4826858364 1.43461939472
2.34641839562 20.4826858364 1.43461939472
2.34641839562 20.4826858364 1.43461939472
2.34641839562 20.4826858364 1.43461939472
2.34641839562 20.4826858364 1.43461939472
2.38423736425 20.9180490643 1.48461629594
2.31164309 21.3592424332 1.95875455943
2.201674881 21.5686840669 2.20293633557
2.201674881 21.5686840669 2.20293633557
1.78634704185 21.9528045261 2.40399696523
1.34665312083 22.1631980514 2.78413713093
1.34665312083 22.1631980514 2.78413713093
1.34665312083 22.1631980514 2.78413713093
1.34665312083 22.1631980514 2.78413713093
1.34665312083 22.1631980514 2.78413713093
1.34665312083 22.1631980514 2.78413713093
1.34665312083 22.1631980514 2.78413713093
1.12895995869 22.2230082412 2.86779638386
0.704738511534 22.297229209 3.01973696948
0.269175817998 22.3239082378 3.07578403035
-0.173952183493 22.3355882063 3.12057394229
-0.584597232856 22.3281753949 3.1263734162
-0.997694783322 22.3291669175 3.12803948975
-1.21775060216 22.301133134 -2.8685855105
-1.62443613903 22.1534859866 -2.79424693152
-1.62443613903 22.1534859866 -2.79424693152
-1.62443613903 22.1534859866 -2.79424693152
-1.62443613903 22.1534859866 -2.79424693152
-1.62443613903 22.1534859866 -2.79424693152
-2.04490605682 21.9985760762 -2.7918403105
-2.26448861889 21.9176176039 -2.79295592005
-2.67753794014 21.7615740806 -2.77302843011
-3.07310232876 21.6019076852 -2.77122693502
-3.49131458941 21.4259127339 -2.70910907203
-3.87948741535 21.2353050649 -2.70130876364
-3.87948741535 21.2353050649 -2.70130876364
-4.29706206317 21.0213062424 -2.67321548162
-4.51283340927 20.9129826934 -2.67344126637
-4.93377087125 20.6981149991 -2.67319527948
-5.34699075516 20.5319250225 -2.9139524974
-5.77540661055 20.4381564503 -2.98433968183
-6.19774138547 20.3804910723 -3.06617419886
-6.41674128429 20.3822840256 3.0204027655
-6.86716857674 20.4326116916 3.08440594172
-7.09883669311 20.443499055 3.0640113799
-7.51637916523 20.4899108239 3.05221662098
-7.93221193894 20.541398082 3.04579339979
-8.14343619605 20.5641903564 3.04502158092
-8.54578304664 20.5967538248 3.04240270642
-8.98036991964 20.7232284091 2.61347964809
-9.41010300167 20.9867737278 2.58252517843
-9.6567639354 21.138828293 2.58100189437
-10.0744533152 21.3994713708 2.57268488013
-10.5265068434 21.6842235662 2.57393724157
-10.9729644818 21.9702586727 2.57033976874
-11.1936468071 22.1034071932 2.57026651221
-11.6455742501 22.3769533287 2.62506943879
-12.0754678622 22.5536032037 2.87191583997
-12.4976214168 22.672511928 2.86863925962
-12.9327323605 22.7570307768 2.96485453853
-13.1271375102 22.7859557915 3.0003140399
-13.5568913686 22.8419369164 3.06188457097
-13.9873443343 22.8236036686 -2.82017365544
-14.1984340072 22.7294802891 -2.58781533517
-14.4763441548 22.3051047996 -1.7867892458
-14.5281231522 21.8670804136 -1.72577544381
-14.5541351681 21.4365510624 -1.7149862192
-14.5957777731 21.0080575087 -1.71241098118
-14.6440780943 20.5919042683 -1.70848385575
-14.6990165083 20.1568092927 -1.70907393006
-14.7517407204 19.7237486188 -1.71314192769
-14.79878139 19.2958514037 -1.68450587039
-14.8131191528 18.8971789691 -1.55439731207
-14.8562782592 18.6806273527 -2.01008437171
-15.2060112129 18.3460155096 -2.94094124144
-15.3467549795 18.4348341567 2.31549969881
-15.5013085953 18.8677515906 1.46781348466
-15.3721388095 19.3312956553 1.26069891164
-15.2154942873 19.7897200938 1.2476941514
-15.0574114193 20.2275983722 1.26665661468
-14.9124165393 20.678490451 1.26399263931
-14.8358054842 20.8985555823 1.26172967122
-14.7363707681 21.360038367 1.40843024758
-14.6805641904 21.7734058767 1.4908411972
-14.6577465233 22.3994474694 1.52845519873
-14.7451237333 22.8077286786 2.01600444566
-14.9050585205 23.014775433 2.37038484577
-15.3442728755 23.2473361578 2.90398004317
-15.8034764454 23.3038688004 3.05553758755
-16.2497997443 23.3563038729 3.0115488935
-16.4759484503 23.344383299 -3.11854819216
-16.9150175371 23.3207829185 3.1403905649
-16.9150175371 23.3207829185 3.1403905649
-17.337634663 23.309749735 3.14061248663
-17.6700308277 23.252298968 -2.4770907305
-17.8978119179 22.8173544179 -1.87606366903
-18.0032358638 22.377897008 -1.77404834372
-18.020439393 22.1672600869 -1.67534430452
-18.0520589042 21.7329655353 -1.67222971748
-18.0817747761 21.3002716209 -1.67252203852
-18.1119458294 20.8547492048 -1.6584664537
-18.1397485496 20.4156913749 -1.66262284717
-18.1699307504 19.9774967788 -1.66157173914
-18.1699307504 19.9774967788 -1.66157173914
-18.1699307504 19.9774967788 -1.66157173914
-18.1699307504 19.9774967788 -1.66157173914
-18.1699307504 19.9774967788 -1.66157173914
-18.1699307504 19.9774967788 -1.66157173914
-18.1998329824 19.5606654406 -1.65726581382
-18.2480610423 19.1215792615 -1.66143256479
-18.1435749013 18.9444205671 -0.639140000556
-17.7172404621 18.7634472541 -0.395763201551
-17.3045252285 18.6850563788 -0.0222124762308
-16.8839638758 18.6851083982 -0.0790687423649
-16.4269929582 18.6552565177 -0.0690601680943
-15.9740013577 18.6132608686 -0.143638468096
-15.5555859428 18.5591705768 -0.150962158527
-15.3368577199 18.5297202784 -0.150310906891
-14.9182511545 18.4775483323 -0.150537509083
-14.4936830867 18.4163495833 -0.152990807319
-14.080647413 18.3586803935 -0.157727285532
-13.6330993774 18.3410883891 0.00145009090953
-13.2170656328 18.3539908288 0.00236791499455
-12.8003030156 18.4007944381 0.24040234758
-12.3897295464 18.5358162052 0.530488845188
-12.1879559778 18.6886522321 0.816134778767
-11.9371718258 19.1606047838 1.18187908153
-11.7891050903 19.6140433318 1.23964038189
-11.705748223 20.0441052852 1.43287610199
-11.6597761914 20.4647788102 1.44013896869
-11.6145630529 20.9133689391 1.44994709025
-11.5633994532 21.3624049667 1.44881974892
-11.5367062267 21.5863375188 1.45394616492
-11.4914062545 22.0329498434 1.46322725444
-11.4324410903 22.4609287824 1.37662598277
-11.3454838095 22.8994040906 1.37222291191
-11.2168693998 23.5572246601 1.36349916524
-11.1493361455 23.9809183373 1.43022198916
-11.1109706911 24.4020091799 1.52811445298
-11.1109706911 24.4020091799 1.52811445298
-11.1109706911 24.4020091799 1.52811445298
-11.099087094 24.6229323434 1.52492905268
-11.0835939154 25.062448735 1.52663302107
-11.065807704 25.4850816799 1.52343092703
-11.0480964593 25.9207961935 1.52114786884
-11.0363397609 26.1296598986 1.5220682778
-11.0339269686 26.3401522368 1.45617870244
-10.6533859367 26.6573101658 -0.0501666568635
-10.1885808819 26.4677520246 -0.743657669682
-10.0717126913 26.2798965099 -1.25975727618
-10.1006198867 25.8538382483 -1.81063044039
-10.1827981684 25.4294772828 -1.77222420851
-10.2238635922 25.2097735127 -1.74869856181
-10.3046710111 24.7683816186 -1.7547298911
-10.3820392259 24.3118605671 -1.75574157394
-10.4415634966 23.887004691 -1.59033865674
-10.4245921278 23.4607526892 -1.38199562261
-10.3037728494 23.0688035234 -1.16992321087
-10.1121203155 22.6707294746 -1.12732906746
-9.99940534843 22.4644969399 -1.05721922528
-9.776219394 22.0337390642 -1.18813409643
-9.61888368454 21.6444930136 -1.22318445209
-9.48109057375 21.2468807935 -1.29497499977
-9.33870685067 20.8267010167 -1.29141870607
-9.22510883671 20.4111935083 -1.40069116088
-9.14138536602 19.9788250648 -1.39951061358
-9.10064466158 19.7729248625 -1.46942364564
-9.09356236695 19.3526936986 -1.59299928647
-9.09789487145 19.1261753612 -1.62366069255
-9.12109807388 18.7271515991 -1.57991636212
-9.12483774653 18.2919661052 -1.57942652673
-9.12982276461 18.0747106509 -1.5810593345
-9.22050954046 18.2285852888 1.77155258317
-9.24855163601 18.4545779585 1.58662203862
-9.19916365416 18.8858261793 1.47639768749
-9.17010020624 19.3297759299 1.4920306405
-9.14005521751 19.7743284549 1.44425856479
-8.82489627807 20.0474804863 0.290504671619
-8.41677093645 20.2037312806 0.530409966091
-8.00780506313 20.3904406753 0.247917872295
-7.58412240035 20.4598152174 0.0857413720936
-7.15727781006 20.4792968586 -0.0192667859123
-6.74097048549 20.4647284079 -0.048524440566
-6.29205734534 20.3906822982 -0.338545527741
-5.85110940513 20.2174677708 -0.363369363475
-5.40018846249 20.0106489865 -0.438990309179
-5.16590735425 19.8572285801 -0.744290233052
-4.79395278717 19.4413175478 -0.897482483626
-4.50859253614 19.0321919777 -1.06477096135
-4.50859253614 19.0321919777 -1.06477096135
-4.50859253614 19.0321919777 -1.06477096135
-4.39643096921 18.8200600939 -1.19668319478
-4.23749311717 18.3719690777 -1.29891117814
-4.13929244683 17.9491652271 -1.3195034457
-4.05299266528 17.5396205354 -1.32509391047
-3.96928922726 17.1401432127 -1.33510083616
-3.89305382441 16.7405897017 -1.40232651959
-3.85270702168 16.3196516993 -1.47710884508
-3.82950578563 15.8916611812 -1.56567956743
-3.82641899559 15.6624653859 -1.56407257479
-3.81913458093 15.2346254044 -1.56854839993
-3.81079640641 14.8065798153 -1.56170031492
-3.7966222371 14.3854595388 -1.5558172716
-3.78584769434 13.97193058 -1.55499237452
-3.78031638953 13.5424199375 -1.60301248518
-3.78608061622 13.3216859572 -1.63817622225
-3.78608061622 13.3216859572 -1.63817622225
-3.78608061622 13.3216859572 -1.63817622225
-3.81489215292 12.8899512677 -1.65516298891
-3.83752102206 12.4562231093 -1.62891159155
-3.84995940525 12.0329238061 -1.62739731804
-3.79336014059 11.6018795355 -1.18454012939
-3.58188114309 11.1883391031 -1.13780911897
-3.47579342622 10.9845578871 -1.1370652741
-3.19688306516 10.577079965 -0.74542293177
-2.73951339549 10.3003111253 -0.42311083548
-2.51987848378 10.2194985778 -0.385415319151
-2.08638477603 10.1082513946 -0.124820582551
-2.08638477603 10.1082513946 -0.124820582551
-2.08638477603 10.1082513946 -0.124820582551
-1.6513083331 10.0768409483 -0.125183075354
-1.21981180731 10.04401077 -0.119555867289
-0.985382668749 10.021902776 -0.115733344382
-0.569486301658 9.994335879 -0.109424038191
-0.370814769139 9.9871187343 -0.0648827624056
0.0705457521878 9.97701502263 -0.0747641229172
0.286974559294 9.97500565873 -0.0620722999005
0.718255366347 9.96260490925 -0.0580009072856
0.923435832627 9.96030700519 -0.0220693044176
1.3493375102 9.95890743576 -0.0223716536258
1.3493375102 9.95890743576 -0.0223716536258
1.3493375102 9.95890743576 -0.0223716536258
1.3493375102 9.95890743576 -0.0223716536258
1.57490136725 9.95749646248 -0.0223606394514
2.00476271897 9.95455081657 -0.0229916587594
2.00476271897 9.95455081657 -0.0229916587594
2.43368091883 9.94860671326 -0.0227467334236
2.43368091883 9.94860671326 -0.0227467334236
2.43368091883 9.94860671326 -0.0227467334236
2.43368091883 9.94860671326 -0.0227467334236
2.83643318646 9.94541832245 -0.0236684353761
3.07128897797 9.9384759433 -0.0684684834701
3.29815379051 9.92218070246 -0.0842821180351
3.7513545284 9.88267735835 -0.114057164545
4.19474906757 9.83571291845 -0.0969796555038
4.19474906757 9.83571291845 -0.0969796555038
4.19474906757 9.83571291845 -0.0969796555038
4.19474906757 9.83571291845 -0.0969796555038
4.62006452027 9.80439420648 -0.094901568828
5.03899274607 9.76837443197 -0.133003759881
5.25502953715 9.73750854956 -0.136828836114
5.87388219905 9.65126000728 -0.14140683356
6.06452595522 9.62874306124 -0.140756310624
6.44363180329 9.57174369845 -0.146227868267
6.62119797735 9.54633300683 -0.148584769364
6.98974899423 9.50827306136 -0.145110795749
7.16127913596 9.4839971773 -0.220632508835
7.35318338698 9.43745010301 -0.404648082421
7.76962824305 9.13343376805 -0.815753803478
7.97840727625 8.75968059284 -1.24590175463
7.99163584855 8.35234969045 -1.60509226845
7.88702091399 7.89899085701 -1.82017533991
7.84057905432 7.6824625279 -1.63395847825
7.80462589752 7.2466483784 -1.68195161927
7.75429272107 6.83005912712 -1.68442391254
7.73159454391 6.61650002289 -1.68777550095
7.70022990969 6.17964851254 -1.68427669114
7.66522310643 5.72662986518 -1.68085069337
7.62635388983 5.29039558525 -1.68075951915
7.60980220617 5.07259112958 -1.68278846796
7.56888410617 4.64753571344 -1.68968694757
7.52806298164 4.19943097529 -1.6865701476
7.50058353725 3.76498271505 -1.67590319306
7.47890469576 3.30775426253 -1.66778776046
7.45458151169 2.87138054444 -1.66107045673
7.44068038283 2.64098178805 -1.65688291534
7.4246654774 2.20265224718 -1.65069862205
7.41182298318 1.97597653327 -1.64841861393
7.40656310003 1.53421084065 -1.67450270544
7.3547080877 1.10210836781 -1.79138687427
7.30447176708 0.869981502211 -1.7811219479
7.22061292034 0.420137330068 -1.77613179482
6.81549286001 0.0890020070533 3.06638917741
6.37794118183 0.111393292697 -3.07260692893
6.15188565139 0.121665236396 3.03175633849
5.7253077427 0.190848429086 3.0036927129
5.30006512838 0.242359020356 3.10972838718
4.8768069311 0.265269443973 3.10828304137
