0 0 0
0.0190365765743 0.431859571585 3.02873470914
-0.228429132096 0.431864599294 3.05975196279
-0.603172609291 0.578976890353 3.02146226109
-1.25100990133 0.616942809892 3.04725416844
-1.6444744366 0.646597278122 3.05310452056
-2.23031949124 0.699004186935 3.05513775194
-2.59094443384 0.716492764146 3.06589131603
-3.14253410569 0.753638736189 3.06831083384
-3.31747433188 0.76704901835 3.05705974876
-3.8208547803 0.813315583686 3.05355019965
-4.41747249277 0.866215104267 3.03772355017
-4.83032168427 0.896268808257 3.04359753529
-5.26859650081 0.938452335841 3.0410565814
-5.90124061662 0.988020179132 3.06689833677
-6.31294420371 1.00591617427 3.08664646454
-6.73697744284 1.02661671055 3.08946271813
-7.36235389668 1.04394636968 3.13854120131
-7.76524367396 1.0430546712 3.13697820457
-8.18573991548 1.03462136628 3.13808052153
-8.81652538309 1.02664143854 -3.11541642993
-9.25292654719 0.986952967594 -3.01009229345
-9.46971450341 0.917714731091 -2.64557387979
-9.83104150601 0.27637609139 -1.67903935157
-9.71272229429 -0.351045437097 -1.24911874999
-9.62057856945 -0.783033415039 -1.49807010376
-9.54399893399 -0.619831323441 1.62334046172
-9.54469208373 -0.183299578498 1.55192954393
-9.54695598132 0.23521211764 1.46169469026
-9.3373888997 0.860603293347 0.887299446559
-8.90150985731 1.172207981 0.355893512347
-8.2716030811 1.27956463524 -0.0791307060235
-7.37863378744 1.26226798865 0.0156368852433
-6.93858702691 1.33198730236 0.331651708081
-6.48981267265 1.59937941645 0.837913329696
-6.18020137442 2.21461097742 1.21764824856
-6.04233750082 2.63063600116 1.22518833735
-5.83073135175 3.2581430487 1.23129981996
-5.72912908865 3.68320322994 1.45859496346
-5.70572202104 4.31562954207 1.51907533177
-5.68732154873 4.75094806646 1.52071809699
-5.67779993533 5.17289409988 1.52128848036
-5.67262800048 5.80807005491 1.56418518602
-5.68667281243 6.24188452289 1.59020713026
-5.76161891409 6.65110151031 2.00698147666
-6.26717385915 6.91829071125 2.87282362559
-6.69951134914 6.98166410327 3.00749095558
-7.33691155984 7.01135504886 -3.10944464456
-7.75465644356 7.00417992683 3.1010988675
-8.40662602832 7.02203335073 3.09963887434
-8.82571777498 6.94977284826 -2.76582267866
-9.47309946627 6.86430810407 3.02142154205
-9.90041699363 6.90838408546 3.02141863658
-9.5612946065 7.03078436295 -0.133295776028
-9.14641798852 6.98772371928 -0.0238223625936
-8.71344227271 6.98507068779 0.0165922643005
-8.07826204557 6.98679789359 0.0591343682262
-7.64682681324 7.01140730633 0.0612949149459
-7.01540525329 7.02889162967 0.0494896939614
-6.56705081882 7.15170807641 0.589718330517
-6.13619406185 7.51561732046 0.863597470044
-5.81378511066 7.9392232225 0.999325454811
-5.49046626542 8.56016576239 1.0975424585
-5.30652260278 8.99058830505 1.05617147723
-5.07006963746 9.41698599019 1.03563005023
-4.68110662968 10.0696748264 1.00512205003
-4.49685756023 10.5047432682 1.173067427
-4.34980237048 11.1477996299 1.44293159928
-4.27994141007 11.7489925512 1.44690728192
-4.23828699735 12.1750513668 1.45879159943
-4.20047957295 12.7902241652 1.50917267843
-4.18064810537 13.2269132661 1.51602406756
-4.16657605861 13.6701149902 1.54293111477
-4.15304980224 14.1152361869 1.53984304453
-4.14093896467 14.7114782189 1.54573901974
-4.12844635543 15.1405255869 1.54527202304
-4.11908041501 15.7766542357 1.55079838096
-4.11288796291 16.1934831938 1.55217790306
-4.11723614563 16.8202501986 1.57352464766
-4.11650229654 17.24767741 1.57420324799
-4.2241732671 17.8637687426 1.88539426086
-4.52331650353 18.2915377819 2.44829880214
-4.95961433359 18.5927136509 2.43506166912
-5.57925175996 19.198973327 2.25427534634
-5.9814210807 19.6210341903 2.32869731096
-6.4080104337 19.9672117904 2.47089150155
-6.82965237544 20.1570329164 2.88806710753
-7.25827141177 20.2447064153 2.93705307367
-7.89736673635 20.3485485454 2.98922766224
-8.5002015864 20.3943222704 3.07113085682
-8.90784858106 20.4235936081 3.06793994356
-9.5320248322 20.4690156174 3.06845871973
-9.97902362651 20.374018765 -2.64010457964
-10.4147122467 19.8250462802 -1.80755528889
-10.4075217305 19.1840701011 -1.59195893725
-10.3923647331 18.7515576215 -1.58832165494
-10.4378443881 18.3145465203 -1.89410267355
-10.9762367107 17.9696525757 3.12732101542
-11.6279293929 18.0525243461 3.03909294866
-12.0618026133 18.0815590486 3.09470611962
-12.7146620742 18.0826445055 -3.09627218471
-13.1759583756 18.0581843878 -3.12447129003
-13.8272437944 18.1194401872 2.85448360466
-14.4870980407 18.4202512999 2.44205525845
-14.7562242122 19.0568587087 1.61716597923
-14.7490334076 19.722079131 1.60637100408
-14.726479026 20.1763185374 1.49119864773
-14.6526906248 20.8420629448 1.55033136058
-14.6472791169 21.2963592763 1.66246056223
-14.7664657887 21.931947039 1.7765173051
-15.2091905475 22.5377169133 2.50275970592
-15.6190364217 22.7508635146 2.80328449595
-16.2365969828 22.9080151395 2.91718821039
-16.6842725077 22.9611722695 2.99283772723
-17.3139496127 22.9563338624 -2.96331273915
-17.7624955804 22.8126037979 -2.56411093424
-18.1108317186 22.3944182226 -2.01691738421
-18.2641020472 21.7632657119 -1.80724601816
-18.3704929846 21.1095712933 -1.73296519216
-18.4233164071 20.6741283793 -1.72969174958
-18.4427406534 20.2344143843 -1.56005169483
-18.2704433757 19.5767754543 -1.05995775589
-17.9535967056 19.1512765944 -0.916707227877
-17.7751029099 18.9501205168 -0.779162888218
-17.1520435902 18.645178071 -0.226568958045
-16.7118742753 18.5871752169 -0.101079229541
-16.094834781 18.6873081573 0.327445933011
-15.6906633346 18.9899210788 0.832115409783
-15.3745296697 19.4362149822 1.00117353404
-15.1359966604 19.8785494362 1.05971254966
-14.9148598011 20.3300006108 1.10917366456
-14.7174972854 20.8079043406 1.26570170398
-14.5367092942 21.4633858829 1.27498318868
-14.4176824495 21.8683410555 1.27710779634
-14.2777216302 22.3170020897 1.05468037791
-13.8946838171 22.7176397353 0.538416145042
-13.2622160839 22.870496993 -0.0373462475235
-12.6253945844 22.9576876741 0.275275120748
-12.6253945844 22.9576876741 0.275275120748
-12.1987984627 23.146420334 0.538141436772
-11.793887688 23.4311401109 0.752164231223
-11.3689240394 24.0400111222 1.21226764224
-11.1779550284 24.6751764321 1.35561214819
-11.1580869946 25.3093259246 1.59444313668
-11.146044217 25.7368555194 1.41929786799
-11.0724349862 26.1743389445 1.44741875384
-10.8794308079 26.7243326322 0.592376341988
-10.4575969223 26.7618501078 -0.240096718231
-10.1320128619 26.4646823729 -1.27238494587
-10.1318960242 26.0571960765 -1.63033717388
-10.1807019705 25.4310126191 -1.6768403295
-10.2213738668 24.7591514115 -1.63216673321
-10.2213738668 24.7591514115 -1.63216673321
-10.2213738668 24.7591514115 -1.63216673321
-10.2213738668 24.7591514115 -1.63216673321
-10.2213738668 24.7591514115 -1.63216673321
-10.2213738668 24.7591514115 -1.63216673321
-10.2213738668 24.7591514115 -1.63216673321
-10.2213738668 24.7591514115 -1.63216673321
-10.2213738668 24.7591514115 -1.63216673321
-10.2213738668 24.7591514115 -1.63216673321
-10.2336210264 24.1179718805 -1.40337679616
-10.1195819004 23.4872280501 -1.39786020512
-10.0313621053 23.0458605858 -1.38207291736
-9.84280156792 22.4018600024 -1.09818710506
-9.5132720422 21.7527198656 -1.13908620094
-9.24904980919 21.3404844334 -0.775957875319
-8.87433902693 20.9436592693 -1.11299836669
-8.76460248367 20.307779428 -1.6541212254
-8.82562049064 19.8877388484 -1.81623929813
-8.97705958924 19.26408339 -1.69171637555
-8.99452430549 18.8315813209 -1.52875403026
-9.15246981842 18.1955721243 -2.14520945081
-9.29258286998 18.4256045195 1.36834062789
-9.21438319324 18.8585013626 1.44887725708
-9.14981534851 19.2761140274 1.44792213525
-8.94851780867 19.9245291663 0.941479480711
-8.54059352937 20.267332361 0.408055876051
-7.91613445447 20.4005078379 0.189210982839
-7.28053311943 20.45237107 0.0170487965304
-6.83153921976 20.4546309393 0.01022485975
-6.20125473626 20.5113303887 0.216452354097
-5.57306909135 20.6856171337 0.354390429442
-5.1422453297 20.8498462149 0.358852683316
-4.69529876519 21.0120980799 0.359965494677
-4.24577167978 21.1805027134 0.364526954539
-3.82531487447 21.3439587122 0.366205707326
-3.397094628 21.5974290445 0.92579262646
-3.29559739936 22.037151794 1.43692774974
-3.15033163177 22.4705177311 0.963623533386
-2.72607561585 22.7384777986 0.222979302827
-2.11628058036 22.7651377255 -0.134145883301
-1.66556641569 22.7119949824 -0.101318609877
-1.0121453627 22.6404417454 -0.110907742104
-0.580873985418 22.6339022377 0.0535626318148
-0.155054308338 22.6193593328 -0.0558416332715
0.285844406866 22.6094367687 -0.0573204339921
0.920009679521 22.5356122849 -0.191424138279
1.33928272545 22.4347155282 -0.297695988439
1.72817312047 22.2414715489 -0.711453143389
2.04159317059 21.8147113739 -1.16804580077
2.28784041847 21.1688654475 -1.21265997391
2.39556810777 20.5130010898 -1.58240975729
2.37690353683 20.0867245246 -1.62004519995
2.37690353683 20.0867245246 -1.62004519995
2.37690353683 20.0867245246 -1.62004519995
2.21143151195 19.6683818393 -2.22278241046
1.54004478619 19.2997548385 -3.09235559531
0.873690110489 19.3451740348 3.0199729041
0.431989553907 19.3733723862 -3.13615456343
-0.186168057092 19.443511882 2.90983937836
-0.612717101501 19.5304796748 2.919147327
-1.02917209256 19.6110978436 2.91980794688
-1.65371116855 19.7292040169 2.99118910297
-2.08350377419 19.7886107809 2.98893782698
-2.50692871018 19.8485191315 2.98918281653
-2.94474376808 19.9145344771 2.99004257885
-3.5978115542 19.9703426638 -3.10896831125
-4.21402109434 19.946289128 3.13997059936
-4.63397539063 19.9425638857 -3.13808154394
-5.0695154897 19.8565817012 -2.69015269511
-5.43400342508 19.4955160346 -2.04271341193
-5.54314056386 19.0599508464 -1.65053060868
-5.37904341452 18.418381156 -1.0190544656
-4.96308176633 18.0720114772 -0.430643047629
-4.54695598582 17.7433709034 -0.863941099818
-4.14446849245 17.3120851097 -0.848295916546
-3.87817724972 16.865114124 -1.14497779719
-3.76495435748 16.423597673 -1.33154956773
-3.61619000964 15.7787668265 -1.32023339066
-3.59335826736 15.3358220512 -1.6355470948
-3.63732190742 14.6930869661 -1.58635471599
-3.66184722501 14.2913553659 -1.64838727583
-3.72114040953 13.6749463179 -1.66853029977
-3.76372990686 13.2550029329 -1.68071647434
-3.81532619172 12.7999512923 -1.67898167679
-3.89338121004 12.1868944345 -1.71583050761
-3.95704110746 11.7801793819 -1.71852469298
-4.06117074666 11.1561645078 -1.74919445764
-4.08715193028 10.700342575 -1.39747952601
-3.84768974939 10.3310359743 -0.492950369209
-3.41545248977 10.2500486589 -0.0379981500923
-2.98605289256 10.2670658913 0.00038820981027
-2.5566409579 10.268391484 -0.106990905463
-2.1072749443 10.2327486637 -0.103344536864
-1.49104510078 10.1750051203 -0.109284262304
-1.06082884237 10.1307459258 -0.111934447096
-0.452030392084 10.0641970702 -0.121889920481
0.192027795259 10.0396070477 0.0843144782897
0.616345802575 9.9986691653 -0.148868208149
1.04556336433 9.94243441832 -0.111713638966
1.6870672219 9.91566707016 -0.0570395417236
2.1035016361 9.9001353006 -0.0541143042675
2.55917290612 9.87342711369 -0.0569173959952
2.95881614278 9.85759705851 -0.0338662891101
3.57971802263 9.82909703643 -0.0439934404361
4.01146689978 9.80752256432 -0.0467886737947
4.42463119079 9.78819381633 -0.0499374437415
5.03815990454 9.75450031412 -0.0718708916673
5.43267584394 9.71030306878 -0.176430414989
6.00033100928 9.61073812539 -0.181809401457
6.37259345153 9.54571878922 -0.174109836808
6.75513547143 9.478292542 -0.179425309297
7.30099383121 9.36559069024 -0.250490561673
7.67343260264 9.17071417131 -0.705426470077
7.95464353955 8.76072865196 -1.16942126618
7.95221646763 8.13252697739 -1.71452366885
7.95221646763 8.13252697739 -1.71452366885
7.95221646763 8.13252697739 -1.71452366885
7.81943705902 7.51808587727 -1.68766545562
7.76112782096 7.08225833736 -1.69134013736
7.68089975448 6.45887435952 -1.78208393074
7.64069465185 6.04480054735 -1.63849970545
7.70226488091 5.40673266138 -1.41027577377
7.97233535984 4.9765099964 -0.744806156048
8.58867183396 4.60353057869 -0.362861607424
8.99719400103 4.48072513055 -0.258443932237
9.6188288769 4.36369139767 -0.206621390052
10.0590285828 4.28435237512 -0.217613392576
10.4830288637 4.22642611335 -0.171246702237
10.8989277165 4.1666794799 -0.156721823566
11.5591101803 4.10114445765 -0.128942570573
12.2088590392 3.99806614174 -0.245143269748
12.6196467231 3.91417725344 -0.240253750894
13.1197512534 3.53523397848 -1.44261963907
13.1638125743 3.11869071004 -1.46496337421
13.1978529214 2.6961691139 -1.56287848279
13.199335759 2.06547418391 -1.57991852736
13.1788876434 1.44042868784 -1.67552104724
12.8083227792 0.822984425124 -2.47639858499
12.386500452 0.643100421276 -2.95124559386
11.7655271423 0.549646561032 -2.9872632949
11.3531699646 0.495830571537 -3.08661896314
10.7077505504 0.488491644085 -3.11082486783
10.2529100097 0.478716901456 -3.11390598499
9.60183127178 0.448687436179 -3.1162397303
9.18001770468 0.431640072901 -3.11109342366
8.75885759962 0.417426294436 -3.13166064551
8.34345144994 0.409228287781 -3.12906585225
7.7112567004 0.398300827642 -3.12753966179
7.28354568671 0.377596898002 3.13608648047
7.0386130602 0.940269879596 1.24649673282
7.15136983103 1.36361553184 1.40850432688
7.19791284586 1.78095875069 1.53573599149
7.21356778452 2.41804838804 1.53824883449
7.22537188435 2.83856813115 1.54079860463
7.22985724659 3.26479038071 1.54561010428
7.24544513279 3.91319506808 1.54844997329
7.25400118205 4.34707375272 1.54280994842
7.26582032311 4.76963187075 1.54243523732
7.28879564784 5.4088486539 1.5412107919
7.3164508408 5.82900250985 1.45461966017
7.39278489648 6.47015718818 1.49410074463
7.42162382413 6.93118730074 1.49584866943
7.45864727378 7.37488621075 1.49617582772
7.49138935165 7.80321994093 1.4952955843
7.52214266938 8.44914781008 1.52250648765
7.53411037352 8.89677437343 1.52779537191
7.14153953018 9.34077937932 2.81346578144
6.72133947327 9.40660996546 2.99963644328
6.09547058826 9.47430993355 3.00531454034
5.66534396997 9.5198201322 3.01238478854
5.05661967069 9.5930426572 3.01537460989
4.6373200321 9.64938614588 3.01676720253
4.01505387023 9.70516784172 3.04642801094
3.56396017786 9.7255758592 3.07431472295
3.13385621187 9.74767895458 3.07710172094
2.50020590592 9.79036044257 3.07392193096
2.06235380513 9.81751591746 3.07133685545
2.06235380513 9.81751591746 3.07133685545
2.06235380513 9.81751591746 3.07133685545
1.45391200782 9.83612596158 3.11491251523
1.03963002682 9.84060205867 3.09485603783
0.416994953383 9.87342633513 3.09367284161
-0.013681692347 9.89762991899 3.06047159526
-0.62370879935 9.93720958021 3.07013782113
-1.00091119831 9.96924902848 3.06483850023
-1.41837351081 9.9963423658 3.08468389149
-1.98292997443 10.0396541468 3.03022019978
-2.32543572686 10.0827090198 3.02164793733
-2.59327772102 10.1010277569 3.05697983004
-2.92098508706 10.1208644078 3.06169081361
-3.2924919649 10.1336267415 3.06641391666
-3.2924919649 10.1336267415 3.06641391666
-3.2924919649 10.1336267415 3.06641391666
-3.2924919649 10.1336267415 3.06641391666
-3.69023687109 10.1558275541 3.06657775043
-4.09966091835 10.1852347687 3.06678666249
-4.22053769608 9.80356558503 -1.69078613051
-4.22989967382 9.38194475924 -1.64313674222
-4.25503162178 8.96185879532 -1.68145585104
-4.25503162178 8.96185879532 -1.68145585104
-4.25503162178 8.96185879532 -1.68145585104
-4.25503162178 8.96185879532 -1.68145585104
-4.25503162178 8.96185879532 -1.68145585104
-4.25503162178 8.96185879532 -1.68145585104
-4.29340268794 8.54747170701 -1.68260301118
-4.29340268794 8.54747170701 -1.68260301118
-4.29340268794 8.54747170701 -1.68260301118
-4.29340268794 8.54747170701 -1.68260301118
-4.29340268794 8.54747170701 -1.68260301118
-4.35065732271 7.92229276049 -1.68278116542
-4.38519253837 7.50668356542 -1.67317548944
-4.85653202128 7.28101755499 3.13617811114
-5.30093879876 7.26636752159 -3.12684825149
-5.94674172033 7.23711814596 -3.09598035737
-6.36475362753 7.17307567065 -2.97917154653
-6.78557219158 7.10248089444 -2.97677935472
-7.41298989505 7.00553331816 -3.04552514056
-7.84786881542 6.97604426854 -3.05380335025
-8.28259314004 6.92774218473 -3.03693502327
-8.93160951768 6.87321007345 -3.11192906171
-9.27712792905 6.63395353375 -2.07789091124
-8.73126431954 6.68496159002 0.180367530205
-8.08898695517 6.82366843034 0.109264375144
-7.66845074118 6.88405700304 0.159323536452
-7.04246072977 6.99044107611 0.16185508884
-6.60417645499 7.04825858399 0.0405015166863
-5.97023976894 7.00933249571 -0.30530349176
-5.54862146894 6.77829905632 -0.776489918447
-5.21063845798 6.39435493888 -0.873942035455
-4.87788033084 5.96108821749 -0.947834141398
-4.85712776112 5.34315412451 -1.91518353929
-5.02386637536 4.88854961771 -1.92779569102
-5.31816742769 4.45668258273 -2.37126518773
-5.65985648361 4.0109320648 -1.97132985667
-5.81602172018 3.59411116334 -1.921588885
-5.94978090855 2.97557003865 -1.80093032233
-6.13122740042 2.56153324921 -2.18506759863
-6.36463592713 2.14023068544 -1.91573349882
-6.44102304488 1.50497453664 -1.39076350221
-6.33843582925 1.29852077221 -0.96576300126
-5.90969280862 1.02611910845 -0.168885520971
-5.25366694797 1.00521686112 -0.0565755766164
-4.81633769811 0.99380594054 -0.043088970964
-4.38494849263 1.00055714176 0.0393244679062
-3.9526988722 1.01227843419 -0.131961512278
-3.3349727861 0.976425134366 -0.0505498283036
-2.91334672742 0.962681008378 -0.0475676000779
-2.46712661594 0.942279592705 -0.0489031536473
-2.02800837651 0.926403308465 -0.0504458617017
-1.62925414345 0.909603289983 -0.0501100193885
-1.01289089171 0.888021037585 -0.053889274966
-0.605061813213 0.860267442775 -0.058426526787
0.00512330947043 0.830667615285 -0.0625812455735
0.454439462434 0.801423250851 -0.0636498017923
1.13127589429 0.771064487759 -0.0598048380118
1.55450319968 0.75595042487 -0.0906747649227
1.98177144383 0.720624886228 -0.0908393563316
2.59308607525 0.677054275649 -0.0527956891293
3.03329568098 0.65319073221 -0.0483319992496
3.41148371845 0.625828704473 -0.0526379131822
3.81307177339 0.589888285951 -0.0998556111114
4.4373173378 0.519047486569 -0.115733603816
4.84103778677 0.477321597423 -0.118853689644
5.38487955187 0.422464371798 -0.114246386161
5.78549480506 0.391755676206 -0.109058805872
6.14374323272 0.361043630001 -0.139259056255
6.76743399519 0.289646601072 -0.144545865833
7.17719128736 0.24374909504 -0.149227091539
7.57475722337 0.208105972436 -0.140352246547
7.98584134553 0.168737218019 -0.131064928866
8.57073065271 0.133070044005 -0.121915435273
9.00212676687 0.104410736237 -0.112001625622
9.61963271212 0.078568438034 -0.0940857324517
10.0549516248 0.0614187204078 -0.0867151843547
10.4799368389 0.0778289320462 0.155303253203
11.0942440254 0.19793289009 0.182962092845
11.5159539743 0.366358767706 0.455605763225
11.9184154488 0.583171772032 0.471998743794
12.5157061183 1.01459172275 0.73123837775
12.8688982023 1.47920292953 0.993666639323
13.0535818391 1.93102658637 1.19178890045
13.1519188948 2.36659265322 1.44933801693
13.2117128417 3.02291570371 1.48133826841
13.1567905222 3.42985608934 1.93624355885
12.886738478 3.83560645267 2.40823282553
12.199574488 4.09753579226 3.05082662756
11.757067295 4.07869175745 -3.11431083153
11.317325461 4.04563644127 -3.09346432462
10.6772139353 3.99682083324 -3.09544014543
10.2485974949 3.9561148697 -3.08738724149
9.83139468456 3.92400016879 -3.08992315123
9.19333211694 3.91306243355 3.08955642408
8.76285910454 3.92352871471 3.08894532963
8.32961916107 3.95598781295 3.05136444261
7.89298513455 3.95111594251 -3.09404936975
7.48417974901 3.78029476115 -2.42928397999
7.19768155976 3.3580259843 -1.86781590811
7.17083100298 2.91833626777 -1.53201331676
7.21069583051 2.47360945303 -1.52232555684
7.21591398388 1.85147497185 -1.69952552148
7.17200865229 1.41307535569 -1.69404643247
6.8728050051 0.778751489743 -2.54021720067
6.27634555402 0.583281557162 -2.9942938216
5.86256427971 0.539590407329 -3.04968925187
5.24151119673 0.528866981297 -3.12954722323
4.811776687 0.561771492306 3.05174775332
4.36781469728 0.624024481115 3.13776160238
3.70017325065 0.684838350344 3.11375356805
3.25519724105 0.717923982331 3.11915001101
2.81454500146 0.749026361776 3.08793564898
2.40368571024 0.78593234174 3.07189615776
1.77921745212 0.828205454214 3.07227861252
1.33362775516 0.858612327779 3.06890123481
0.6603853083 0.884431202101 3.08063252124
0.230639543308 0.904190535016 3.08298839649
0.059850348092 0.0834474388064 0.0207558505449
0.290005992129 0.172880079957 0.0432203580896
0.515486665828 0.265730430999 0.0820786377668
0.972029718786 0.387533539196 0.0534505592651
1.21243183534 0.42964191913 0.0367369316115
1.42423701881 0.464001772939 0.00202935662962
1.82069803007 0.475877993846 -0.0232161104459
2.04110394599 0.509001513606 -0.044291938435
2.25421419768 0.493925349376 -0.0573547642695
2.66109673794 0.450832006005 -0.0668561459385
2.83684467179 0.433115608468 -0.0813954034502
3.19296901968 0.394576353123 -0.0875513888504
3.43162135146 0.365603421797 -0.0904840101044
3.85501565967 0.307256856877 -0.101158361552
4.19172965947 0.26589490562 -0.107808820185
4.39413655058 0.240472505134 -0.111943443144
4.39413655058 0.240472505134 -0.111943443144
4.39413655058 0.240472505134 -0.111943443144
4.80607522758 0.191398588294 -0.0913588238463
5.20306071875 0.157069472311 -0.0903198069765
5.46768541204 0.135638996716 -0.0710340464609
5.94354836467 0.0968562507505 -0.0658596286882
6.1915007029 0.0789126741872 -0.0643119008565
6.1915007029 0.0789126741872 -0.0643119008565
6.1915007029 0.0789126741872 -0.0643119008565
6.69252734308 0.0576027145327 -0.0614470894659
6.8680971121 0.0252348076704 -1.08223801694
6.95279806742 -0.41891985152 -1.46426697252
6.91711520657 -0.826626942155 -1.68910520492
6.8630775699 -1.04029631202 -1.96156396192
6.54959464222 -1.44033831951 -2.44263731531
6.36549238852 -1.64524437668 -2.21933521933
6.077020191 -2.06543188132 -2.12048986074
5.97895923592 -2.26440356682 -2.0705922201
5.81720050859 -2.66935104037 -1.7175409278
5.7970708407 -2.86915049126 -1.66459584401
5.80344192074 -3.06081277962 1.02656376165
5.95250742901 -2.64491164379 1.26017005994
6.083687047 -2.21235189909 1.26980398653
6.14113710913 -2.00244707497 1.24304558772
6.3516706093 -1.55351552054 0.971873144807
6.48128459772 -1.32518075232 1.01050416342
6.70672544305 -0.885773052488 1.13359708453
6.83543723567 -0.439017337703 1.46130644619
6.88650558013 -0.0108752716557 1.45817704426
6.93223894903 0.395049476271 1.45801978447
6.94843936174 0.618021263002 1.46010001417
6.9874742273 1.03062226053 1.46461867183
7.02550106818 1.44414678868 1.46636345913
7.0737823596 1.85282490007 1.46601335605
7.11352547267 2.25885758187 1.46111200941
7.15647365237 2.68062105276 1.50265675826
7.16886703489 2.91317266191 1.50465977019
7.19206338179 3.32938986573 1.50026883205
7.20748464475 3.54243394071 1.49661458308
7.223022533 3.74860620052 1.49649994634
7.25342038498 4.17320830273 1.49559146634
7.5790821989 4.41498115485 0.055517031134
7.79104342231 4.39891370469 -0.0440688971057
8.21959239052 4.36766626472 -0.0503696966408
8.44557059413 4.35116890625 -0.0569095671677
8.86977222899 4.32198824405 -0.061081155651
9.08953958518 4.31548197925 -0.0610920619355
9.51531438136 4.28840542484 -0.0667811542266
9.93024274506 4.26351045002 -0.0706153602443
10.1491076638 4.24961214129 -0.0724576673713
10.3829877055 4.23845250663 -0.075730274301
10.807588863 4.21060177194 -0.0803119675933
11.02097478 4.1933680518 -0.0808939244537
11.4576076703 4.16483053994 -0.0785473721982
11.670528271 4.14953953937 -0.0812497850497
12.0898733374 4.13164843773 -0.0718440482935
12.3058874385 4.12305969931 -0.0705277234747
12.7187832638 4.06452197482 -0.397057985832
13.104851965 3.7376522816 -1.01475308507
13.1882153493 3.3110763112 -1.68972691228
13.1256768894 2.88595349961 -1.64494539938
13.1109077875 2.6702097043 -1.64528843782
13.0775539838 2.22919826651 -1.64636678834
13.0516646004 1.8176856332 -1.64458320801
13.01837173 1.39375497743 -1.6644469113
12.9845091741 1.18737948975 -1.92572235361
12.8604144639 0.97713264757 -2.36716849755
12.8604144639 0.97713264757 -2.36716849755
12.7092608032 0.880327996521 -2.87554878464
12.2966635395 0.860849267064 -3.08750167932
11.8865791721 0.829151319357 -3.07594628124
11.6543887648 0.820150203082 -3.08130213514
11.2434356116 0.809013373864 -3.08590007157
11.0336896533 0.797595540304 -3.08767986567
10.6037765242 0.783611564689 -3.09349615749
10.1783343108 0.73773016011 -3.00402120779
9.96641256586 0.70240823105 -2.9928767187
9.55392087158 0.634549835814 -2.98773807155
9.34807679575 0.60538159839 -2.99888075194
8.94140044394 0.59883315722 2.96425852914
8.73241835686 0.639569346872 2.78309848711
8.32238649487 0.886870188994 2.40110343171
8.12735018575 1.09927367859 2.26546001309
7.80009162824 1.54655118685 2.05296318007
7.70091930468 1.76989211641 1.96135186153
7.57286456581 2.21775641376 1.75039356269
7.53808498225 2.42497324803 1.7531572767
7.48590295838 2.87827997022 1.64742585703
7.46656584191 3.32553329127 1.59889409683
7.46322885677 3.76548269469 1.58959927899
7.46264080163 4.18371482051 1.58667064767
7.46958226653 4.60240528637 1.56155267687
7.48622466245 5.04378063108 1.56043907796
7.49107438127 5.27605631821 1.55962233001
7.4966599972 5.68971935081 1.58982200823
7.48166345984 6.12015129122 1.59424656926
7.48685460196 6.54530062064 1.58564396926
7.48842400839 6.76131493622 1.58344562943
7.48842400839 6.76131493622 1.58344562943
7.48842400839 6.76131493622 1.58344562943
7.47400115188 7.18997349035 1.59068026808
7.47366742021 7.63773080671 1.58824486593
7.4641235955 8.05332453726 1.59059067406
7.45828277794 8.26272743846 1.59076257389
7.45414546722 8.71413086423 1.59312459415
7.36759804684 9.09881429263 2.23617422444
7.36759804684 9.09881429263 2.23617422444
7.17112408416 9.27851456073 2.56283140297
6.9696504511 9.35932002172 2.91484567941
6.53129928519 9.39308851283 2.98054036573
6.10880440959 9.44777375309 2.98615034164
5.90471487311 9.46835835345 3.0382649032
5.47656290457 9.49363376369 3.03379618338
5.047850359 9.53842224772 3.03574388669
4.8348604134 9.5572539365 3.05887118868
4.41190752846 9.58989102506 3.05910114043
4.20398317211 9.60632685337 3.05756030394
3.80120063165 9.62789371379 3.06374150284
3.37874716448 9.65641299298 3.06274243699
2.9522902637 9.68621333678 3.06422961453
2.73969791201 9.69736170196 3.06634031966
2.31526049278 9.72156480128 3.06512234738
2.11958811293 9.7395523395 3.02184251705
1.70922743368 9.78357695673 3.02195072794
1.50435004992 9.79788035819 3.06760437241
1.06839833917 9.82759675218 3.06705353559
0.65496401347 9.85611790646 3.06587403349
0.457969208277 9.87105911966 3.06252681849
0.234703080278 9.88545912501 3.07239560162
-0.15947721028 9.91767017849 3.04103772744
-0.380808435404 9.93333588082 3.05907746432
-0.797249424586 9.96821680243 3.02896741081
-1.01624677808 9.99267547284 3.02904466859
-1.22039223803 10.0153338068 3.03234109204
-1.60412132017 10.0555482336 3.02734445618
-1.80090738418 10.0790426353 3.02789362221
-1.98338854996 10.0956943741 3.02990296263
-2.17276776242 10.1210142726 3.02806401709
-2.45988668705 10.1524575097 3.02643401944
-2.58728620152 10.1674603558 3.02812829633
-2.73203500046 10.1866783752 3.02625717547
-2.90425380585 10.2102895562 3.02672303525
-3.27996393399 10.2380240217 3.04200056861
-3.48075159913 10.2522271527 -3.07248980818
-3.90227318394 10.2554545026 2.70893832192
-4.06580714701 10.3780593344 2.19246877078
-4.16929883195 10.5752017354 1.83006594873
-4.15484501954 10.9978583841 1.55406721874
-4.14124326158 11.2157790674 1.55176338129
-4.11411935449 11.6310660316 1.54644284239
-4.10747972876 11.8565985424 1.5273973387
-4.08307029856 12.2705638361 1.51772188539
-4.07372272403 12.4904253665 1.5135362342
-4.06043938834 12.7116112353 1.51298205653
-4.0318953907 13.1441097853 1.51072629531
-4.01889200967 13.3564740997 1.50982621041
-4.00823964955 13.5545888935 1.51393355872
-3.98487175694 13.9693828716 1.51402202243
-3.97196166423 14.2058187071 1.51141356843
-3.94830888356 14.6154633269 1.50602084246
-3.94100334923 14.83528102 1.50293789823
-3.91749961603 15.2637078141 1.50244966715
-3.90321045933 15.4907294337 1.50129805633
-3.88412153415 15.9038137516 1.50357120186
-3.87283245743 16.1284261673 1.46260519241
-3.81441498359 16.5451344202 1.42425010146
-3.7901540658 16.748299194 1.42525625948
-3.76787813261 16.9644037832 1.43197027037
-3.71768563969 17.396349441 1.43769756737
-3.69384769003 17.6022717078 1.44128365613
-3.64066868951 18.0419818643 1.44509492763
-3.36663417968 18.2016611218 0.163954854347
-2.93996600304 18.2550799415 0.158626366567
-2.71507803257 18.2842188879 0.152887170896
-2.48964987265 18.311533166 0.150897444072
-2.04802909228 18.3970072593 0.248714383276
-1.81804200227 18.4505499981 0.263315319969
-1.59865426432 18.5049624896 0.269375325739
-1.37723481266 18.5675126328 0.35321942002
-0.961367763278 18.7281443795 0.34493419038
-0.74024317632 18.8086042255 0.357619661181
-0.523112890933 18.891641808 0.356872591405
-0.087177980309 19.0447777104 0.34379882544
0.117001756782 19.0888282129 0.182828436705
0.33174596146 19.1361991009 0.1851393378
0.734656102662 19.2169977117 0.187130974325
0.955024777095 19.2601619956 0.172537400322
1.37028821978 19.3345840391 0.166582710424
1.59144141227 19.3686005021 0.165520837437
1.96603522247 19.4457666591 0.171339230284
2.293750553 19.7193042858 1.0823741204
2.38201237996 19.9364541364 1.26122819388
2.43282134187 20.1664428735 1.4196148575
2.47910901132 20.5924665686 1.45828059991
2.5023333594 20.8155523215 1.64360929979
2.44655856682 21.246782926 1.72190923526
2.39012931264 21.4593673345 1.9030146058
2.30672368353 21.680348118 2.0195499203
2.15570770795 21.8957037843 2.37433277994
1.93160141583 22.0957643699 2.39839346857
1.71949017755 22.2555132869 2.66537782681
1.31878275016 22.342726189 2.91116823207
1.09111640778 22.3872911299 2.91511501646
0.662881553376 22.4636633125 2.95071302789
0.238124955236 22.4810910548 -3.11868668948
0.0110153955937 22.4794538176 -3.11664737579
-0.393220681252 22.4540517078 -3.11613116692
-0.81127355005 22.4438269316 -3.11560409938
-1.02674866008 22.4194745006 -2.93622678057
-1.4508619089 22.3023079572 -2.88028885774
-1.87345794522 22.1853543538 -2.87776737396
-2.3080804918 22.0442960736 -2.79170932396
-2.51200774021 21.9462823728 -2.66002175512
-2.94962653497 21.7084895664 -2.65685130593
-3.15686479625 21.595062222 -2.65454719446
-3.57676297222 21.3629408477 -2.64917871528
-3.99670835113 21.1293530882 -2.6512409094
-4.20399834126 21.0197157956 -2.65236141044
-4.64262974074 20.7885375337 -2.65889913522
-4.86820842919 20.6666756372 -2.6646737927
-5.28714161614 20.451049288 -2.71595232804
-5.70023041438 20.3919329277 3.03554788539
-6.11372362256 20.4378681655 3.0343270427
-6.52877050365 20.4965289798 3.02445566569
-6.94398815589 20.5268147578 3.10559468769
-7.36348448343 20.5500237878 3.08072659623
-7.77498455276 20.5976383465 3.00972695554
-7.98633578577 20.6266326728 3.00886799132
-8.39684741498 20.6750117133 3.01784925964
-8.80401252038 20.7189037734 3.01847681582
-9.01640351626 20.7622077508 2.7303892309
-9.4094469689 21.1259667568 2.33983785419
-9.56054923402 21.3447550281 2.02172981439
-9.71711715735 21.7915636123 1.90957934059
-9.79451025924 22.0143406867 1.90664308076
-9.95063870892 22.4607577211 1.8436928734
-10.0617654179 22.8976494314 1.83435088203
-10.1154441698 23.1157279609 1.83318778544
-10.2148075308 23.5383910011 1.72371243509
-10.2353952177 23.9723299394 1.55351007402
-10.2286650104 24.3883005285 1.55085633281
-10.2257729867 24.7874772806 1.55933470965
-10.2210000567 24.9972246257 1.55276147299
-10.2108749554 25.4153167437 1.54947530134
-10.2057133044 25.8324179549 1.56297547744
-10.1971858723 26.0455983584 1.55930977563
-10.1926753879 26.2594065592 1.65403845739
-10.2384741874 26.4723243532 1.97774605819
-10.5572858226 26.7359187947 2.99487708784
-10.7664957501 26.7152243651 -2.8599515797
-10.9966050007 26.5889465099 -2.45135929043
-11.1065596171 26.2909406999 -1.60793463402
-11.1163551281 26.0758686824 -1.70292233052
-11.1559564467 25.648059883 -1.68981692702
-11.1818822941 25.4415011923 -1.68942549004
-11.2020086376 25.2171060094 -1.68812144723
-11.2271782222 24.7857584777 -1.64741452313
-11.2275427424 24.5585604217 -1.62331777661
-11.2305092658 24.1247936008 -1.62074317706
-11.2305092658 24.1247936008 -1.62074317706
-11.2305092658 24.1247936008 -1.62074317706
-11.2305092658 24.1247936008 -1.62074317706
-11.2353306325 23.9095740427 -1.62727079426
-11.2973410184 23.5010611309 -1.98074424589
-11.4167137634 23.299644779 -2.28736600988
-11.4167137634 23.299644779 -2.28736600988
-11.4167137634 23.299644779 -2.28736600988
-11.8439164954 23.0219363859 -2.77163384923
-11.8439164954 23.0219363859 -2.77163384923
-12.4830887629 22.9395919363 -3.0337301737
-12.6965732098 22.9033927282 -3.00154646686
-13.1377383121 22.8658492357 -3.03780057151
-13.5594269775 22.8385549629 -3.04997287566
-13.7823920397 22.8164844377 -3.04819984841
-14.0003155417 22.7879736965 -2.74957639446
-14.2400287507 22.6231910272 -2.33067638634
-14.4459889953 22.2151496049 -1.86564841527
-14.5612680506 21.8101354132 -1.72420281814
-14.6201176497 21.4112775905 -1.713921779
-14.6455905944 21.1946909781 -1.70719311442
-14.6919156123 20.7765139232 -1.70179763208
-14.7187923416 20.3406301632 -1.6875317581
-14.7401515474 20.134569098 -1.6888815827
-14.7401515474 20.134569098 -1.6888815827
-14.7401515474 20.134569098 -1.6888815827
-14.7835393203 19.7137438758 -1.68610938921
-14.8077533532 19.4948493462 -1.88206254839
-15.138593981 19.1074685485 -2.56795476404
-15.3525326875 19.0214364556 -2.86843240564
-15.7829602574 18.8520125557 -2.61195518893
-15.9930223782 18.7687068353 -2.89902808823
-16.2162316841 18.7109921475 -2.85361338401
-16.6708447752 18.6031906752 -2.94241502418
-16.8822519878 18.5679436486 -3.00862736403
-17.2975292217 18.5505300144 3.07830605153
-17.2975292217 18.5505300144 3.07830605153
-17.7283909653 18.5926930932 3.02398041605
-17.9414011589 18.6316268902 2.95143153285
-17.9414011589 18.6316268902 2.95143153285
-17.9414011589 18.6316268902 2.95143153285
-17.9414011589 18.6316268902 2.95143153285
-18.3587788466 18.8796913246 1.81996749977
-18.3736063299 19.0970418212 1.63170327505
-18.378461494 19.5369349762 1.55461660872
-18.3668289914 19.7594328415 1.54734283936
-18.3452860558 20.195010205 1.51027146992
-18.2978658354 20.6284620864 1.45338300462
-18.2353728257 21.0438164444 1.40571949686
-18.2010743218 21.2515120992 1.42365480185
-18.1268789253 21.6881080712 1.41596587577
-18.0945661329 21.9039829118 1.41445809332
-18.0398435119 22.3210732739 1.41609586647
-17.9681259818 22.7547791172 1.40010646481
-17.5768011165 23.1514544489 0.0973880596912
-17.355667171 23.1714828612 0.0873690622128
-16.9328094858 23.191767596 0.0831255182229
-16.7195703429 23.1871074073 -0.0728583994407
-16.5060793334 23.176227775 -0.0790374234623
-16.0948219068 23.1412484217 -0.0838823673482
-15.8600187787 23.1245812622 -0.0843318494875
-15.4300262158 23.0849835982 -0.0867552362803
-15.4300262158 23.0849835982 -0.0867552362803
-15.4300262158 23.0849835982 -0.0867552362803
-15.4300262158 23.0849835982 -0.0867552362803
-15.2233701658 23.0568880688 -0.0893242874873
-14.801278978 23.0146728825 -0.0889965518097
-14.5778107349 22.9918498397 -0.0879089533109
-14.5778107349 22.9918498397 -0.0879089533109
-14.3716035368 22.9678579423 -0.0903553292727
-13.9511362718 22.9286243513 -0.156148395519
-13.7357260251 22.8961318384 -0.202227017536
-13.3199797453 22.8314750124 -0.199618634619
-13.1031371935 22.7900351202 -0.199292074046
-12.6829532044 22.7104683303 -0.200815519486
-12.2692827999 22.6352914533 -0.19529005805
-11.8427136944 22.522808742 -0.499305719396
-11.451778925 22.3048980636 -0.512741474331
-11.2528597536 22.1967779092 -0.547218677323
-10.8470690914 21.9451439957 -0.579699719028
-10.6429657717 21.8186736322 -0.577852893268
-10.2444499183 21.6002493305 -0.437420904412
-10.2444499183 21.6002493305 -0.437420904412
-10.2444499183 21.6002493305 -0.437420904412
-10.2444499183 21.6002493305 -0.437420904412
-10.2444499183 21.6002493305 -0.437420904412
-10.2444499183 21.6002493305 -0.437420904412
-10.2444499183 21.6002493305 -0.437420904412
-9.83239522046 21.3764323363 -0.585713375822
-9.61976033756 21.2514865294 -0.502488372113
-9.20858721573 21.027034936 -0.538516867478
-8.80138422377 20.8238759687 -0.256970308801
-8.39283029001 20.7221042818 -0.282873076901
-8.00708204271 20.6154040673 -0.298412652407
-8.00708204271 20.6154040673 -0.298412652407
-7.80318006568 20.5704599843 -0.232625456788
-7.39762574965 20.4825365068 -0.261325533373
-6.99116973751 20.3817351407 -0.314426208553
-6.563728219 20.2038690276 -0.632816507215
-6.1506819731 19.930571397 -0.585849042731
-5.95115402367 19.7862154138 -0.663614161921
-5.54122298137 19.4485846908 -0.74564815085
-5.33946275485 19.2706369147 -0.757787119036
-5.14032530266 19.0758390672 -0.813569932429
-4.94383142171 18.85923585 -0.886183451021
-4.62485723365 18.4023291907 -1.04590117739
-4.49435636188 18.16839897 -1.09175915596
-4.28181977352 17.7234579491 -1.1185313445
-4.20416115684 17.5144164569 -1.341179594
-4.16929915965 17.1122352438 -1.44598402192
-4.16929915965 17.1122352438 -1.44598402192
-4.15360189161 16.687356898 -1.54602460182
-4.14781085115 16.473838861 -1.5477128256
-4.14424475768 16.0372423884 -1.56841959157
-4.14252271499 15.8221739724 -1.57734384697
-4.14600590959 15.6126593076 -1.58029124154
-4.14905220769 15.3896433165 -1.58920635973
-4.15626452966 15.170669211 -1.59136162485
-4.16710858716 14.7329035147 -1.5944500381
-4.17332606167 14.5240624503 -1.6037793158
-4.17761015004 14.2921008568 -1.6002123629
-4.18458376094 13.8865000776 -1.59465602835
-4.1896654871 13.6806224802 -1.59829579637
-4.19533441749 13.4666749712 -1.59955762675
-4.20355764591 13.0438241866 -1.58858513111
-4.20885898546 12.8335504034 -1.62800614573
-4.21785801779 12.6163715998 -1.62661124042
-4.22955500715 12.2117254337 -1.62413301046
-4.23828707905 12.0102282058 -1.64771055615
-4.25624565883 11.8164006623 -1.73729669955
-4.32626724846 11.3984409234 -1.75048615993
-4.36195500813 11.184296482 -1.74438156569
-4.41904536468 10.7790176954 -1.74001268441
-4.44559846447 10.5702063321 -1.7367116649
-4.51436878005 9.94402101568 -1.66883605808
-4.52808047602 9.70983147736 -1.65892620889
-4.556487935 9.31250306741 -1.6917235306
-4.58597945187 9.10449399502 -1.81339533882
-4.69386929315 8.67247682678 -1.8326097062
-4.74675525475 8.47058448381 -1.82320922384
-4.85840901585 8.04412056744 -1.83795063868
-4.91180790412 7.82642337917 -1.83806191522
-5.01893053591 7.41401774457 -1.8342832191
-5.07072288447 7.20227592687 -1.83380900489
-5.18015003109 6.77685000357 -1.83766829181
-5.29237533852 6.35815676131 -1.83934183899
-5.34175303248 6.15058748647 -1.83641517617
-5.45125622799 5.73963020614 -1.83784014168
-5.5100979968 5.51284291934 -1.83911622127
-5.61404394077 5.09989563743 -1.83836816105
-5.72214481133 4.67885506117 -1.83279582294
-5.83058554239 4.24469789715 -1.83490758
-5.86164176778 4.03909470004 -1.81474660781
-5.905956727 3.82713830386 -1.81766961207
-5.95146876803 3.62650537243 -1.80397747342
-6.00359448742 3.41494966639 -1.83648300438
-6.1181320846 2.99829757594 -1.85855196857
-6.17797815372 2.79751075912 -1.86965907403
-6.17797815372 2.79751075912 -1.86965907403
-6.24029495006 2.59273982893 -1.86816862721
-6.3675570215 2.18844822259 -1.88964339667
-6.42913819641 1.98184351134 -1.89586646161
-6.50321025739 1.77387571343 -1.98606745185
-6.50321025739 1.77387571343 -1.98606745185
-6.6192311501 1.55587173844 -2.19344145676
-6.79127376529 1.35219682014 -2.45908031117
-7.0140608769 1.22212050493 -2.94702849023
-7.23150967475 1.21881164764 3.13010159402
-7.65936059969 1.20482626405 -3.03931192491
-7.88134912812 1.17968860241 -3.06813083196
-8.10480377374 1.15139271201 -3.04107551147
-8.31510208375 1.12507558618 -2.85931496737
-8.55590680842 1.03779438053 -2.63033390542
-8.78302940136 0.870745463232 -2.32744334426
-8.94523053626 0.65943899538 -2.10612820759
-9.04082999377 0.462367074492 -1.91224587509
-9.11876517881 0.0411431647138 -1.69033078851
-9.1373349054 -0.187625196411 -1.68821385014
-9.15156496775 -0.395930498259 -1.68744000814
-9.18157974604 -0.615680586717 -1.69069151198
-9.1938011115 -0.826420676074 -1.68034272848
-9.22697821338 -1.22939268104 -1.67830263942
-9.52769064111 -1.4457575559 3.09383914491
-9.74236263426 -1.41624515968 2.84827786492
-9.74236263426 -1.41624515968 2.84827786492
-9.87414562535 -1.11989342725 1.45818748322
-9.85158053513 -0.916364556632 1.45018562202
-9.82089009614 -0.711197920455 1.44430109605
-9.76840128389 -0.289698666368 1.46695316908
-9.71566375824 0.130976281179 1.49793033022
-9.68883952768 0.344383722665 1.30063084575
-9.6209007785 0.554044727656 1.1040773014
-9.6209007785 0.554044727656 1.1040773014
-9.6209007785 0.554044727656 1.1040773014
-9.6209007785 0.554044727656 1.1040773014
-9.6209007785 0.554044727656 1.1040773014
-9.49186681152 0.754133399781 0.802173815731
-9.27176023938 0.945437181338 0.544305264191
-9.04646325792 1.05214112316 0.447283122007
-8.59467886136 1.22018664227 0.249206783317
-8.36394925941 1.23969604232 0.0018612620245
-8.14521763492 1.23684826803 -0.00530287136714
-7.70142898158 1.21888701014 -0.0130438826316
-7.47529318735 1.21445798876 -0.0180762578565
-7.24130621158 1.20203493001 -0.0220329166328
-7.01897445239 1.19092491355 -0.0241902567464
-6.6114824804 1.17399884192 -0.0284310845751
-6.41611801887 1.1663266919 -0.0594751532368
-6.19854994916 1.15501188248 -0.0569836961422
-5.97512160708 1.14080790137 -0.0653513599707
-5.52094903514 1.11620342975 -0.080724701695
-5.28659945919 1.10028446147 -0.0795660999768
-5.28659945919 1.10028446147 -0.0795660999768
-5.28659945919 1.10028446147 -0.0795660999768
-5.28659945919 1.10028446147 -0.0795660999768
-5.28659945919 1.10028446147 -0.0795660999768
-5.28659945919 1.10028446147 -0.0795660999768
-5.28659945919 1.10028446147 -0.0795660999768
-5.05670976914 1.08331600759 -0.0766603034821
-4.64300972919 1.05690110869 -0.074947630833
-4.45350030772 1.03885235387 -0.0726276375696
-4.24315057019 1.0263911913 -0.0541709057887
-4.02925051379 1.01988744718 -0.0685511066519
-3.80623230735 1.00041826837 -0.0684230661677
-3.61291881412 0.995476748725 -0.0631802990899
