50
80
120
140
160
200
240
260
310
330
360
380
370
360
370
370
360
370
370
380
360
350
370
370
370
360
360
370
380
360
360
360
370
370
360
370
370
370
370
370
370
370
370
380
360
370
380
380
370
370
370
360
360
370
360
370
380
360
370
360
370
370
360
360
390
360
360
370
370
370
360
380
370
370
370
360
360
370
360
360
380
350
360
370
380
360
370
370
370
370
360
360
370
370
360
370
370
370
370
360
370
370
360
360
350
370
360
370
360
360
380
350
370
370
370
370
370
360
370
370
370
350
360
370
370
370
360
370
360
360
380
370
360
370
370
370
360
370
360
360
360
370
370
370
360
370
360
370
370
370
370
360
370
360
370
360
370
370
380
360
380
370
370
370
360
360
360
380
370
360
380
370
370
380
370
370
360
360
370
370
360
360
360
370
370
370
370
360
370
370
370
370
370
360
370
360
360
370
370
360
370
360
360
360
370
370
370
370
370
360
360
380
360
370
360
370
360
360
370
370
370
360
370
360
360
370
360
370
370
370
370
370
370
380
360
350
350
370
370
360
380
380
360
360
360
350
370
380
370
360
360
360
370
370
370
370
370
370
370
360
360
370
370
370
370
390
360
360
380
370
360
370
380
350
380
360
370
370
380
360
380
370
370
370
370
360
380
360
370
370
360
370
360
370
360
360
370
360
360
370
380
360
380
370
360
360
360
380
360
350
370
370
380
360
360
360
370
370
360
360
370
360
370
370
380
370
370
370
370
380
380
360
370
380
360
370
