2060
2090
2080
2090
2070
2130
2100
2070
2090
2170
2100
2130
2100
2120
2120
2100
2120
2100
2120
2200
2100
2090
2110
2110
2110
2130
2100
2130
2120
2210
2090
2110
2110
2110
2110
2100
2110
2090
2100
2190
2110
2100
2100
2120
2110
2110
2110
2110
2120
2160
2110
2110
2100
2110
2100
2130
2110
2090
2120
2180
2110
2120
2100
2110
2100
2120
2100
2080
2120
2180
2100
2100
2100
2110
2110
2110
2120
2110
2100
2190
2090
2120
2100
2110
2110
2100
2100
2090
2090
2190
2100
2110
2090
2100
2090
2090
2110
2110
2120
2160
2100
2130
2090
2110
2110
2100
2100
2100
2120
2210
2100
2100
2120
2110
2090
2130
2110
2150
2100
2150
2130
2120
2110
2090
2120
2140
2110
2120
2110
2170
2120
2120
2100
2100
2110
2100
2110
2110
2110
2170
2090
2100
2100
2100
2120
2100
2100
2090
2120
2170
2110
2100
2120
2110
2100
2110
2110
2090
2100
2190
2100
2090
2130
2090
2110
2120
2130
2100
2100
2190
2110
2100
2130
2130
2120
2120
2120
2120
2110
2180
2110
2100
2100
2130
2100
2090
2100
2090
2090
2160
2090
2130
2100
2110
2120
2110
2120
2100
2130
2170
2110
2110
2110
2110
2100
2090
2100
2110
2090
2160
2100
2090
2100
2100
2140
2130
2140
2090
2130
2180
2110
2120
2100
2080
2100
2120
2100
2110
2100
2180
2110
2140
2100
2120
2100
2110
2130
2080
2100
2200
2100
2110
2090
2110
2090
2120
2120
2100
2120
2190
2100
2110
2120
2100
2120
2110
2120
2120
2120
2180
2110
2100
2100
2110
2110
2080
2120
2130
2100
2170
2110
2110
2130
2100
2090
2120
2100
2110
2100
2170
2110
2110
2120
2120
2130
2100
2110
2110
2110
2180
2120
2110
2130
2120
2130
2110
2110
2110
2110
2190
2100
2100
2090
2100
2120
2100
2090
2130
2100
2200
2110
2110
2120
2110
2110
2090
2140
2100
2080
2200
2120
2130
2110
2110
2110
2120
2100
2100
2100
2190
2110
2110
2130
2110
2130
2120
