60
50
50
60
50
80
80
130
120
120
120
120
110
120
150
140
160
140
150
140
150
140
140
150
150
140
140
160
140
150
150
150
140
150
140
140
180
180
170
190
170
180
180
180
170
180
180
210
210
200
200
210
210
210
200
200
210
210
210
210
210
210
210
210
210
210
200
210
210
230
280
270
270
280
260
270
300
300
330
330
340
330
340
320
330
360
370
360
380
380
400
410
410
400
410
410
410
390
400
410
410
400
400
430
450
440
450
480
480
480
480
470
510
520
510
520
510
520
510
510
510
510
520
520
510
510
510
500
510
510
520
510
540
560
530
590
570
580
580
580
600
620
620
620
610
660
660
650
650
650
650
650
670
660
640
650
650
650
660
690
700
690
700
710
730
730
740
720
720
720
750
740
730
740
730
740
730
720
730
770
780
770
760
770
770
770
780
820
800
810
810
820
810
820
810
800
820
800
800
820
830
820
830
810
810
810
800
790
810
800
810
810
800
800
810
810
810
820
800
800
800
820
810
820
830
810
810
820
820
810
850
840
840
860
850
860
880
860
890
880
900
890
870
870
880
900
910
930
910
920
930
890
930
940
920
930
920
910
920
910
950
930
910
960
960
940
970
950
980
1000
1010
1010
1010
1030
1020
1050
1050
1050
1040
1020
1050
1040
1040
1040
1040
1050
1030
1040
1050
1080
1080
1100
1080
1090
1120
1160
1160
1170
1150
1140
1150
1170
1140
1170
1190
1170
1160
1160
1170
1160
1180
1190
1170
1200
1240
1290
1280
1270
1290
1280
1320
1340
1400
1370
1390
1370
1370
1370
1380
1410
1460
1480
1460
1510
1560
1550
