1.968480 1.984152
1.966822 1.988135
1.967188 2.005933
1.975602 2.034054
1.973879 2.078943
1.969390 2.142494
1.977475 2.216566
1.979101 2.297331
1.983191 2.386851
1.990267 2.488619
1.755762 2.546679
1.495389 2.625774
1.414210 2.722242
1.337443 2.835200
1.299079 2.929511
1.243999 3.017489
1.195283 3.111196
1.181367 3.233596
1.191933 3.436002
1.190682 3.570284
1.143814 3.471598
1.144812 3.224970
1.103251 2.891724
1.039220 2.610736
0.993590 2.327369
0.986724 2.206851
0.984657 2.105460
1.000258 2.038916
1.039005 2.028709
1.131733 1.965765
1.265138 2.007404
1.457823 2.164889
1.687664 2.419559
1.888147 2.664948
2.033910 2.961343
2.017990 3.224576
1.937018 3.356927
1.864082 3.456638
1.753322 3.498093
1.619935 3.583740
1.400389 3.630248
1.347184 3.536239
1.323328 3.319913
1.226015 3.017760
1.099418 2.625954
0.800692 2.335820
0.770076 2.144947
0.758761 1.989291
0.775896 1.863244
0.797391 1.798367
0.758159 1.804831
0.734548 1.864706
0.736745 1.890961
0.780120 1.951702
0.794992 2.023796
0.834731 2.103471
0.860857 2.176580
0.884296 2.286414
0.848248 2.384649
0.877747 2.567884
0.905648 2.745700
0.934254 2.934210
0.980834 3.027774
0.991031 2.949792
0.948904 2.727384
0.856994 2.426637
0.825604 2.181346
0.757836 1.976578
0.772267 1.803197
0.796809 1.671027
0.835683 1.630793
0.874448 1.623276
0.937068 1.739256
1.008643 1.906889
1.062834 2.080212
0.920839 2.227408
0.916618 2.348299
0.849276 2.414466
0.805134 2.403996
0.781035 2.355516
0.807878 2.289845
0.899491 2.275415
1.021441 2.238857
1.116598 2.196180
1.228896 2.200489
1.330199 2.217620
1.475292 2.238778
1.550935 2.274294
1.588159 2.309640
1.677526 2.314131
1.804940 2.307104
1.848876 2.246972
1.960988 2.285115
2.037805 2.241790
2.154136 2.258333
2.274252 2.242400
2.406428 2.236748
2.452345 2.176623
2.555830 2.185139
2.611812 2.074786
2.714741 2.037847
2.658311 2.036455
2.594559 2.035108
2.380841 1.986405
2.158001 1.952860
1.969726 1.909531
1.803162 1.862382
1.683582 1.834361
1.618517 1.766844
1.580786 1.705930
1.632909 1.689135
1.665951 1.660435
1.786739 1.645757
1.891445 1.635113
1.968775 1.646620
2.048020 1.624257
2.082242 1.628202
2.119858 1.637236
2.046204 1.588624
2.066330 1.602421
2.002604 1.525573
1.915919 1.492862
1.880670 1.459640
1.929871 1.474480
1.849517 1.479182
1.695601 1.407654
1.601479 1.378905
1.436454 1.378618
1.281980 1.373564
1.121612 1.333233
1.073297 1.320630
1.077541 1.315890
1.105276 1.295183
1.189861 1.287524
1.325864 1.286071
1.454115 1.290870
1.603109 1.258109
1.787367 1.273510
1.940806 1.277260
2.151344 1.287748
2.339676 1.288965
2.528841 1.274679
2.751730 1.294825
2.854479 1.287230
2.963758 1.349393
3.100211 1.395104
3.241701 1.437846
3.332237 1.433258
3.475693 1.480501
3.642492 1.520441
3.651330 1.559002
3.559819 1.630860
3.440206 1.724021
3.315572 1.838486
3.224703 1.938201
3.127350 2.015179
3.062999 2.160000
3.012382 2.282687
2.977996 2.432060
2.991783 2.619657
3.026746 2.864334
2.965543 3.091899
2.839467 3.302153
2.682766 3.453225
2.476660 3.529755
2.410001 3.690907
2.389758 3.912345
2.420822 4.138946
2.442787 4.347162
2.539053 4.620599
2.474920 4.819480
2.459257 5.019676
2.442196 5.071404
2.355917 4.906756
2.333365 4.722547
2.136506 4.392109
2.055158 4.091553
1.820577 3.654719
1.738948 3.231876
1.656610 2.884590
1.521271 2.592949
1.309398 2.330248
1.213090 2.110563
1.195525 2.080553
1.156689 2.143465
1.219963 2.212233
1.293776 2.375954
1.385096 2.583048
1.444416 2.754383
1.471923 2.915446
1.405506 2.986098
1.322451 3.138033
1.323302 3.295751
1.300583 3.470600
1.282299 3.607834
1.312698 3.797969
1.307251 3.870750
1.345435 3.930480
1.403000 3.935201
1.527660 3.885526
1.549520 3.714733
1.539502 3.480461
1.445749 3.234179
1.373050 3.020076
1.268052 2.861679
1.188683 2.693615
1.159052 2.596989
1.132227 2.492145
1.132921 2.443261
1.177326 2.472987
1.214653 2.502531
1.270393 2.554074
1.203929 2.489192
1.175368 2.436866
0.997708 2.421516
0.970639 2.408359
0.885414 2.349441
0.916522 2.363777
0.919505 2.316670
0.971171 2.314216
1.035057 2.433442
1.112649 2.572605
1.176352 2.738517
1.200394 2.844310
1.199616 2.947974
1.160031 3.056253
1.034574 3.097142
0.941129 3.007247
0.891829 2.797171
0.848058 2.574523
0.805756 2.335631
0.720481 2.148672
0.682821 2.025763
0.696742 1.879415
0.676660 1.800416
0.696983 1.749111
0.682807 1.797424
0.728594 1.869833
0.788470 1.967922
0.872552 2.136080
0.942845 2.336645
1.014860 2.552358
1.056447 2.706570
1.040032 2.819282
1.015595 2.886904
1.016380 2.975167
1.051018 3.104995
1.068441 3.193555
1.087218 3.301619
1.138099 3.421027
1.225438 3.481890
1.353612 3.388882
1.444213 3.184999
1.407787 2.955968
1.313470 2.717249
1.221582 2.535772
1.087200 2.355895
1.008809 2.244713
0.952716 2.192468
0.949849 2.201901
0.964319 2.260092
0.949764 2.283012
0.897086 2.282535
0.855152 2.281108
0.861914 2.222643
0.843684 2.235375
0.824044 2.203447
0.813094 2.141644
0.814630 2.103148
0.871279 2.144953
0.945263 2.248688
1.023891 2.422039
1.036127 2.544925
1.037342 2.666818
1.008987 2.739478
0.906505 2.771898
0.852422 2.804316
0.795651 2.855941
0.726918 2.790602
0.685574 2.577854
0.657608 2.352078
0.639433 2.153431
0.636395 2.016518
0.643083 1.904280
0.646846 1.828238
0.634856 1.809480
0.617991 1.779954
0.607506 1.729096
0.649500 1.740748
0.704318 1.756904
0.783434 1.825039
0.847297 1.949752
0.908334 2.110993
0.977708 2.306985
0.982179 2.360910
1.021018 2.445588
0.942095 2.475693
0.964645 2.495085
0.974378 2.596135
0.969153 2.727183
1.024244 2.891715
1.074270 3.055117
1.129496 3.200751
1.218555 3.314552
1.335870 3.274656
1.359108 3.054382
1.298259 2.835198
1.213883 2.575477
1.162139 2.417894
1.104752 2.245210
1.020882 2.134726
0.989759 2.075283
0.955720 2.037369
0.965647 2.054138
0.971182 2.108706
0.870509 2.149932
0.844086 2.203106
0.802312 2.225257
0.744132 2.240720
0.735043 2.263242
0.730479 2.230653
0.709202 2.161645
0.736337 2.087695
0.780227 2.143654
0.834761 2.264937
0.876178 2.327634
0.911325 2.397777
0.977824 2.304825
1.058184 2.152293
1.164455 2.101549
1.274864 2.011216
1.325612 1.936551
1.437241 1.877762
1.481505 1.780892
1.566177 1.776437
1.603973 1.750351
