1.972798 1.984714
1.973938 1.990167
1.974491 2.005021
1.977987 2.032205
1.986178 2.063060
1.698165 1.949510
1.553274 1.881756
1.401674 1.756681
1.307782 1.616102
1.210400 1.634451
1.173646 1.722359
1.180809 1.828969
1.195016 1.992750
1.174807 2.149189
1.156203 2.174294
1.187875 2.266512
1.289574 2.567046
1.427394 2.893751
1.583059 3.227836
1.841791 3.445777
2.300275 3.514110
2.708341 3.220174
2.585383 2.482648
1.891315 1.657014
1.237040 1.121470
1.028651 0.973816
1.090470 0.935506
1.221601 0.942103
1.384719 1.032810
1.489837 1.111612
1.618230 1.231962
1.795595 1.437313
1.864838 1.713654
1.671974 2.028506
1.443246 2.287807
1.273435 2.474030
1.296343 2.680499
1.440626 2.997677
1.717368 3.419873
1.984939 3.889293
2.125612 4.301958
2.133159 4.669954
2.050830 4.837313
1.925808 4.719642
1.776141 4.431769
1.636018 4.115454
1.482926 3.708233
1.337074 3.205968
1.236521 2.696134
1.194365 2.250385
1.290117 1.923493
1.485450 1.768330
1.792116 1.803867
2.001760 1.917076
2.011431 2.070554
1.997801 2.211263
2.008550 2.338144
2.111117 2.518385
2.412581 2.782290
2.713420 3.263074
2.940847 3.803023
2.831216 4.186899
2.721083 4.067872
2.534354 3.672001
2.123538 3.033144
1.908430 2.442243
1.768203 2.047933
1.567926 1.581785
1.510250 1.283023
1.487467 1.085338
1.404121 0.944602
1.387417 0.865593
1.389255 0.827461
1.495934 0.768776
1.615058 0.804833
1.684387 0.933159
1.513112 1.039493
1.537064 1.147455
1.510933 1.143544
1.587390 1.033802
1.673146 0.914263
1.727104 0.844570
1.815483 0.853965
1.899103 0.932404
2.042065 1.066688
2.009874 1.177580
2.044130 1.290685
2.124729 1.391746
2.186562 1.510558
2.258480 1.640300
2.165440 1.581218
2.212988 1.581993
2.122983 1.632679
2.142006 1.718871
2.191291 1.804152
2.244374 1.909406
2.326662 2.019692
2.445309 2.164298
2.532108 2.310607
2.663064 2.477330
2.795650 2.637395
2.944200 2.716931
3.107524 2.662977
3.079802 2.422532
2.790814 2.165578
2.463455 1.950772
2.287165 1.798341
1.995174 1.646275
1.831509 1.464358
1.621671 1.385484
1.533222 1.413174
1.441018 1.469989
1.321848 1.494305
1.297386 1.532464
1.269012 1.669366
1.360519 1.710754
1.416213 1.744518
1.511092 1.768933
1.635734 1.822349
1.776819 1.908755
1.906825 1.962231
2.060614 2.063717
2.233307 2.134160
2.384077 2.254384
2.580505 2.412250
2.683720 2.587321
2.661353 2.752534
2.484772 2.716994
2.252502 2.484360
1.987320 2.147127
1.710304 1.915379
1.549166 1.768272
1.211378 1.355154
1.074071 1.186617
1.005430 1.158888
0.968549 1.144537
0.973847 1.154915
1.035309 1.262224
1.119912 1.382624
1.245563 1.522338
1.354087 1.682547
1.446249 1.782951
1.553067 1.892750
1.702639 2.014526
1.772345 2.138529
1.808343 2.222919
1.801394 2.284324
1.903168 2.463335
2.086714 2.741562
2.237401 3.043343
2.371177 3.258301
2.549848 3.332643
2.744091 3.408324
2.968864 3.529055
3.221622 3.480700
3.557506 3.474715
3.843648 3.506570
4.124370 3.474077
4.419136 3.427804
4.470639 3.141163
4.461260 2.931952
4.488067 2.919589
4.537912 2.913925
4.608911 2.690599
4.810723 2.572689
5.032593 2.748554
5.326548 3.036235
5.660196 3.138761
6.027956 3.282363
6.455658 3.453891
6.902752 3.771736
7.087355 3.857852
7.090970 3.899495
6.962387 3.897172
6.800161 3.889648
6.589280 3.765629
6.388460 3.740922
6.243877 3.706919
6.141722 3.800537
5.695376 3.657548
5.303221 3.547404
4.945335 3.578058
4.599366 3.600538
4.259461 3.595639
3.954870 3.396307
3.676077 3.198775
3.410159 2.854726
3.026192 2.554018
2.759849 2.220612
2.564346 2.071812
2.429944 2.035623
2.272443 2.064440
2.276347 2.129347
2.246838 2.209943
2.268918 2.340802
2.496484 2.521881
2.798945 2.732377
3.211902 2.882152
3.335429 2.622817
3.153007 2.141653
2.692977 1.495120
2.121165 1.171060
1.688219 0.886480
1.506570 0.859597
1.484664 0.863170
1.536352 0.876508
1.613228 0.892296
1.724868 0.900541
1.852486 0.909405
1.988125 0.936283
2.137410 0.981001
2.346629 1.048969
2.593673 1.145776
2.867625 1.279373
3.084222 1.358849
3.252428 1.456326
3.486184 1.577290
3.590434 1.671613
3.741685 1.771994
3.829093 1.823597
3.961198 1.881414
4.132983 1.939036
4.348349 2.017835
4.461930 2.085995
4.607192 2.187426
4.755695 2.295806
4.778071 2.429820
4.659777 2.511985
4.454806 2.467359
4.192212 2.342216
3.557182 1.992515
3.176029 1.891579
2.943258 1.845137
2.675263 1.816183
2.259873 1.788519
2.232698 1.844904
1.995403 1.726091
1.932606 1.620526
1.960322 1.592094
2.038661 1.593609
2.145663 1.839403
2.277199 2.252900
2.495054 2.867155
2.672560 3.605551
2.847168 4.443366
2.897671 5.169516
2.905590 5.404915
2.849110 5.441313
2.766090 5.251468
2.836040 4.779933
2.644325 4.002388
2.504828 3.027710
2.239393 2.211134
1.992856 1.640799
1.769868 1.427624
1.557944 1.296790
1.354927 1.212412
1.287116 1.213990
1.302248 1.349497
1.390108 1.464637
1.463229 1.649376
1.550207 2.048403
1.553540 2.571256
1.428293 2.716237
1.361850 2.863553
1.377477 2.956166
1.397585 2.927864
1.431805 2.832201
1.502204 2.646611
1.515793 2.131253
1.564882 1.764785
1.619093 1.560886
1.731703 1.529462
1.837633 1.550908
1.963373 1.651336
2.175732 1.774438
2.328577 1.862764
2.352855 1.986400
2.272198 2.139256
2.161467 2.177258
1.984069 2.103012
1.734671 1.882623
1.523981 1.641844
1.393707 1.471125
1.280184 1.339016
1.205968 1.240652
1.218797 1.181130
1.224438 1.131327
1.292772 1.153847
1.327670 1.167140
1.391681 1.195845
1.451279 1.218969
1.532968 1.297008
1.610841 1.311023
1.605690 1.290403
1.638695 1.219303
1.679363 1.099309
1.719474 1.059577
1.720014 1.036927
1.787460 1.028652
1.844852 1.049971
1.905347 1.063903
1.924260 1.051736
1.876389 1.018842
1.871941 0.972735
1.782664 0.927282
1.612888 0.915116
1.405296 0.903845
1.277074 0.921339
1.185306 0.965531
1.138815 1.055529
1.149161 1.155861
1.201611 1.224353
1.214388 1.293369
1.194358 1.301148
1.222940 1.319854
1.252176 1.265380
1.277748 1.274227
1.332434 1.296481
1.311050 1.244609
1.286809 1.179397
1.302082 1.152524
1.288731 1.087376
1.299950 1.061145
1.352596 1.056068
1.424606 1.050457
1.463625 0.999582
1.497998 0.935629
1.527076 0.843164
1.540352 0.790607
1.563691 0.789532
1.574198 0.835346
1.542833 0.896122
1.534575 0.978634
1.509325 1.064784
1.512401 1.169723
