4190
4200
4140
4180
4170
4200
4190
4160
4220
4300
4280
4270
4260
4260
4260
4290
4270
4250
4290
4430
4260
4270
4310
4280
4260
4280
4270
4300
4280
4460
4260
4290
4290
4280
4280
4320
4280
4270
4250
4450
4280
4310
4290
4280
4260
4280
4270
4320
4280
4460
4290
4250
4300
4310
4290
4240
4310
4270
4250
4430
4280
4290
4250
4290
4250
4280
4280
4230
4280
4420
4240
4260
4280
4320
4260
4270
4300
4300
4290
4480
4310
4310
4290
4290
4280
4270
4270
4240
4280
4400
4250
4290
4280
4260
4270
4290
4280
4290
4260
4430
4240
4270
4300
4280
4240
4270
4260
4270
4280
4400
4270
4270
4280
4270
4290
4270
4240
4290
4290
4460
4270
4270
4300
4270
4260
4320
4260
4270
4250
4420
4260
4260
4290
4240
4290
4270
4270
4280
4290
4460
4270
4280
4280
4250
4280
4250
4300
4270
4260
4440
4250
4270
4300
4320
4270
4300
4310
4270
4270
4410
4250
4250
4260
4300
4290
4270
4270
4280
4260
4450
4280
4290
4290
4310
4270
4250
4270
4290
4290
4430
4260
4310
4290
4270
4290
4260
4290
4280
4280
4440
4250
4250
4280
4290
4300
4290
4290
4280
4290
4410
4240
4270
4270
4250
4290
4260
4260
4290
4300
4440
4260
4330
4280
4280
4260
4240
4250
4300
4280
4440
4310
4310
4270
4290
4250
4270
4310
4290
4270
4400
4280
4290
4290
4300
4300
4280
4280
4280
4300
4440
4280
4330
4250
4290
4270
4310
4290
4280
4280
4400
4260
4260
4260
4270
4270
4260
4300
4310
4270
4450
4250
4280
4280
4280
4290
4280
4280
4270
4260
4430
4270
4270
4260
4260
4260
4290
4300
4260
4260
4440
4280
4280
4270
4260
4280
4290
4260
4310
4260
4430
4310
4260
4290
4300
4270
4300
4260
4260
4280
4440
4280
4250
4270
4300
4300
4290
4290
4280
4280
4410
4280
4250
4290
4270
4270
4310
4250
4270
4280
4430
4260
4270
4280
4310
4290
4280
4280
4280
4280
4450
4260
4260
4280
4270
4270
4290
