0.293091
0.368205
0.477757
0.618970
0.738008
0.898682
1.169158
1.438187
1.672681
1.859677
1.995221
2.073146
2.083683
2.136278
2.108058
2.108150
2.164543
2.198387
2.241048
2.289611
2.229503
2.111746
1.957941
1.804078
1.651940
1.515877
1.415082
1.354964
1.287750
1.264738
1.270946
1.286465
1.272243
1.200151
1.023081
0.843247
0.619704
0.447491
0.341112
0.297812
0.270723
0.251310
0.203801
0.126274
0.047747
0.027255
0.105947
0.227554
0.375987
0.538031
0.727456
0.937964
1.144234
1.342170
1.525639
1.708719
1.884535
2.016391
2.098346
2.158501
2.216409
2.224147
2.179934
2.088735
1.950066
1.824563
1.734702
1.644132
1.559036
1.494031
1.463686
1.403824
1.316897
1.227717
1.070714
0.932102
0.774335
0.730130
0.691895
0.760585
0.878497
0.929130
1.133049
1.330733
1.536677
1.722777
1.876855
2.048275
2.207340
2.292386
2.372293
2.470669
2.602577
2.785490
2.927837
3.018814
3.038073
3.149312
3.223062
3.314591
3.406045
3.576720
3.653987
3.653210
3.539529
3.395707
3.272314
3.183242
3.047470
2.908748
2.809667
2.680603
2.555325
2.464393
2.357839
2.289248
2.247809
2.256795
2.322136
2.363003
2.460229
2.599314
2.761309
2.897087
3.077090
3.217796
3.322654
3.289318
3.185651
3.029672
2.836041
2.679146
2.516802
2.393189
2.314358
2.236905
2.156232
2.108765
2.030397
2.001656
1.907150
1.817788
1.812144
1.805541
1.848648
1.954172
2.024901
2.115757
2.299082
2.366387
2.506476
2.775480
3.028945
3.187808
3.170215
3.107977
3.113934
3.027799
3.078564
3.294941
3.612184
4.063527
4.421286
4.730171
4.898100
4.968082
5.004211
5.108459
5.236100
5.404281
5.564344
5.682284
5.684282
5.622917
5.497656
5.377372
5.218076
5.003970
4.777976
4.541396
4.357431
4.225333
4.180098
4.183377
4.229893
4.238352
4.177756
4.030146
3.795661
3.554900
3.320617
3.124115
2.995011
2.864309
2.782330
2.776943
2.759437
2.791559
2.838910
2.843474
2.834560
2.882613
3.022604
3.149596
3.240491
3.323520
3.390700
3.398480
3.397189
3.381302
3.409379
3.504556
3.652590
3.862354
4.063599
4.258074
4.395913
4.488941
4.498390
4.512564
4.543438
4.611253
4.740523
4.881333
5.072810
5.211578
5.354416
5.388190
5.349615
5.244486
5.069353
4.915346
4.734244
4.521070
4.336356
4.188849
4.097810
4.040994
4.006889
3.949638
3.882277
3.752571
3.588415
3.363214
3.184675
2.991107
2.817349
2.680356
2.567728
2.498014
2.465103
2.449051
2.504322
2.560783
2.675231
2.736539
2.771711
2.814808
2.871925
2.938312
3.039958
3.204265
3.462943
3.724752
3.979794
4.185537
4.339095
4.483946
4.575572
4.644631
4.744621
4.875536
5.038722
5.247006
5.488407
5.708213
5.866071
5.980632
6.006776
5.978425
5.907031
5.768952
5.558615
5.356923
5.136962
4.928586
4.775552
4.597719
4.455035
4.353135
4.242610
4.182853
4.087225
3.959156
3.766298
3.590854
3.395893
3.211554
3.052772
2.900748
2.738009
2.610581
2.449394
2.284618
2.210727
2.246643
2.358783
2.488363
2.638915
2.782078
2.925377
3.033024
3.141817
3.289704
3.460112
3.702799
3.970504
4.180027
4.408656
4.614154
4.848085
5.001460
5.155559
5.291582
5.415530
5.579230
5.765535
5.834515
5.875643
5.900875
5.925490
5.954135
5.980031
5.989011
5.993774
5.957788
