1.967693 1.981288
1.860018 1.982511
1.773846 2.001266
1.705265 1.948101
1.656860 1.973318
1.597375 2.020334
1.476213 2.084149
1.359506 2.149186
1.230049 2.196090
1.138799 2.300279
1.075238 2.346606
1.008234 2.328119
0.968554 2.290157
0.879501 2.198280
0.823063 2.107575
0.776424 2.103692
0.786899 2.114589
0.755270 2.182156
0.743179 2.183920
0.733401 2.201050
0.746720 2.182923
0.754457 1.995193
0.732866 1.788900
0.678601 1.544598
0.661876 1.459473
0.626407 1.406481
0.611900 1.396682
0.621161 1.377612
0.633673 1.413440
0.678736 1.486319
0.736218 1.590901
0.807396 1.781344
0.837517 1.957091
0.849162 2.160569
0.822526 2.339366
0.792382 2.484115
0.711781 2.559310
0.689036 2.688441
0.667540 2.798733
0.703395 2.972602
0.760261 3.008038
0.839753 2.875013
0.893805 2.634579
0.851587 2.353163
0.762445 2.110771
0.726509 1.849099
0.683725 1.677723
0.620345 1.620997
0.584323 1.612824
0.556213 1.632997
0.546102 1.705208
0.543228 1.754410
0.565994 1.763520
0.579131 1.860668
0.623468 1.890528
0.680113 1.939528
0.753445 2.117513
0.812503 2.272376
0.907030 2.535638
0.990347 2.814829
1.056309 3.089931
1.002161 3.198294
0.953651 3.173721
0.910089 2.998622
0.880138 2.594151
0.757066 2.143794
0.659022 1.771738
0.651012 1.507732
0.681987 1.321995
0.778853 1.186447
0.900726 1.182023
1.009957 1.192762
1.130842 1.277106
1.266743 1.475321
1.365382 1.691384
1.424986 1.996944
1.446632 2.269320
1.436300 2.485342
1.461471 2.524397
1.445712 2.455921
1.508449 2.384384
1.490343 2.231295
1.457305 2.106360
1.540996 2.000530
1.612400 1.898428
1.724531 1.805036
1.781509 1.670459
1.851291 1.588056
1.906354 1.495130
2.017281 1.426754
2.092161 1.353091
2.099110 1.264740
2.034834 1.206721
1.983239 1.130270
1.990120 1.091457
1.923108 1.077989
1.906572 1.078733
1.883908 1.066846
1.868185 1.050367
1.828029 1.062317
1.815222 1.049548
1.693523 0.994818
1.623936 0.919917
1.500186 0.881688
1.401595 0.864754
1.264389 0.864141
1.141371 0.880640
1.076358 0.887163
1.074040 0.915626
1.093427 0.932581
1.123415 0.978523
1.167239 1.038328
1.232834 1.081894
1.263275 1.123741
1.371922 1.167028
1.482109 1.177105
1.485792 1.158371
1.570045 1.159073
1.674684 1.190775
1.782184 1.218527
1.878538 1.242001
1.903536 1.186983
1.891108 1.146313
1.945845 1.127353
1.955566 1.105353
1.941140 1.088716
1.801605 1.093441
1.592479 1.042421
1.414685 1.004534
1.236751 0.928180
1.096537 0.827105
1.052925 0.816356
1.090668 0.825947
1.127850 0.827752
1.182455 0.840364
1.236339 0.847153
1.292423 0.863703
1.313955 0.893849
1.428161 0.928853
1.513378 0.937453
1.515894 0.921846
1.534950 0.917785
1.622126 0.926900
1.673373 0.924213
1.748712 0.924383
1.806021 0.915007
1.855657 0.908922
1.914859 0.926228
1.964799 0.951975
2.027925 0.970770
2.026953 0.982671
1.935807 0.980338
1.833004 1.008038
1.666690 1.049585
1.582332 1.147525
1.532324 1.256367
1.527602 1.426175
1.491360 1.636144
1.383480 1.883691
1.255927 2.069109
1.182461 2.248293
1.084192 2.363139
1.034209 2.463553
1.004277 2.509177
0.969859 2.574518
0.939662 2.643518
0.925747 2.755793
0.905582 2.876238
0.926082 3.020981
0.945581 3.215932
0.978960 3.406558
0.944433 3.384783
0.745251 3.098854
0.693693 2.736403
0.666639 2.459486
0.638961 2.236504
0.624332 2.029741
0.603856 1.884594
0.590546 1.820287
0.564017 1.789240
0.558305 1.744219
0.551051 1.743312
0.572245 1.749333
0.614211 1.850588
0.668093 1.915121
0.729366 2.080353
0.748683 2.236315
0.748223 2.356084
0.750531 2.500121
0.706646 2.621179
0.712241 2.770539
0.717624 2.870082
0.674025 2.971092
0.686368 3.133118
0.727270 3.324690
0.792988 3.510782
0.847951 3.624025
0.909474 3.656317
0.937503 3.680310
0.987775 3.533773
0.967916 3.181249
0.897001 2.769874
0.775239 2.466112
0.708332 2.216328
0.662824 2.046815
0.654276 1.937895
0.636356 1.821135
0.654670 1.812459
0.701643 1.815042
0.756769 1.938723
0.813197 2.098914
0.803910 2.273174
0.730961 2.337783
0.718684 2.432513
0.652275 2.453588
0.635706 2.485050
0.657492 2.583932
0.681954 2.715103
0.725744 2.851670
0.761492 3.051991
0.811987 3.222078
0.859309 3.443535
0.879652 3.586050
0.895687 3.749817
0.903275 3.856685
0.830630 3.820006
0.706293 3.619617
0.693849 3.350211
0.634328 2.940670
0.565944 2.625020
0.511796 2.363268
0.498086 2.170619
0.496606 2.031591
0.473287 1.883318
0.464549 1.728538
0.476059 1.643087
0.526031 1.648058
0.594345 1.677694
0.676116 1.790888
0.737839 2.021646
0.788031 2.223498
0.778780 2.349396
0.763974 2.534858
0.754781 2.665654
0.782341 2.880778
0.765789 3.036464
0.805700 3.275835
0.847006 3.491738
0.903896 3.709095
0.974032 3.942202
1.068412 4.070227
1.210743 3.947355
1.295944 3.723238
1.248467 3.275980
1.134301 2.890179
1.049048 2.500374
1.006349 2.200866
0.981540 1.967678
0.977191 1.854329
1.001890 1.805862
1.000087 1.829641
0.947439 1.883803
0.898982 1.952694
0.801479 2.007605
0.779626 2.042293
0.781254 2.094627
0.805496 2.113779
0.810243 2.057306
0.837710 2.117170
0.894820 2.227815
0.957206 2.394246
1.021398 2.520765
1.067876 2.614164
1.086645 2.712125
1.013744 2.762584
0.932410 2.743833
0.852246 2.735518
0.741526 2.670468
0.654664 2.514381
0.630771 2.299123
0.580583 1.953488
0.561243 1.781173
0.516160 1.679096
0.496085 1.606664
0.480868 1.574834
0.477238 1.534571
0.502501 1.521757
0.535392 1.499663
0.574604 1.497518
0.662943 1.643854
0.759737 1.810460
0.829101 1.938042
0.878680 2.076129
0.885723 2.284444
0.863820 2.454585
0.854835 2.569187
0.844255 2.608254
0.862851 2.605820
0.871205 2.718293
0.899986 2.756519
0.956573 2.793943
1.022909 2.863300
1.054179 2.972889
1.126271 2.872050
1.219976 2.567415
1.171194 2.193030
1.069224 1.839753
0.938866 1.649371
0.841473 1.607557
0.759846 1.546629
0.701072 1.531233
0.649988 1.567743
0.650030 1.675576
0.646593 1.831392
0.675121 1.932377
0.685427 2.064654
0.628053 2.080449
0.595506 2.176010
0.611371 2.270187
0.595444 2.335596
0.612035 2.414441
0.628532 2.496369
0.651564 2.535917
0.702386 2.668665
0.765489 2.854930
0.807770 3.032561
0.844690 3.011556
0.889064 2.983445
0.941813 2.739174
0.999282 2.657963
1.123968 2.589801
1.175710 2.463406
1.253638 2.355695
1.292751 2.253576
1.356270 2.153671
1.345689 2.037375
