1.972798 1.984714
1.973938 1.990167
1.974491 2.005021
1.977987 2.032205
1.986178 2.063060
1.851893 2.000108
1.721566 2.005816
1.572380 1.919877
1.493796 1.900589
1.456878 1.956783
1.450427 2.067511
1.412437 2.206589
1.339314 2.369305
1.305213 2.569845
1.221128 2.589896
1.187518 2.773158
1.190251 2.981165
1.203600 3.231048
1.252261 3.609637
1.286872 3.813401
1.389552 3.980819
1.490653 3.950102
1.509270 3.794039
1.481247 3.543604
1.430987 3.221754
1.300436 2.897602
1.188006 2.606766
1.115706 2.348428
1.087525 2.231455
1.118655 2.136275
1.231130 1.993491
1.281255 2.028604
1.295762 2.027356
1.231047 2.036963
1.194410 2.052329
1.152374 2.047746
1.120271 2.115646
1.153315 2.340598
1.229971 2.664522
1.265404 2.969639
1.262490 3.164337
1.292128 3.279874
1.344349 3.234501
1.336351 3.095869
1.268085 2.890564
1.206099 2.653812
1.089685 2.408892
0.994394 2.095852
0.897399 1.817279
0.894105 1.682663
0.912403 1.648317
0.929224 1.721327
0.851865 1.806045
0.789588 1.845754
0.742131 1.868046
0.738031 1.958454
0.733773 2.051399
0.735321 2.220025
0.805247 2.431295
0.922190 2.728282
1.053926 3.063504
1.212482 3.343282
1.386262 3.514072
1.553170 3.508223
1.587601 3.318940
1.484615 3.030971
1.330660 2.666655
1.142348 2.374285
1.003734 2.121760
0.923489 1.865655
0.912754 1.699288
0.999436 1.617100
1.138890 1.658772
1.330878 1.861838
1.487867 2.136904
1.508255 2.381538
1.351508 2.508555
1.191733 2.579943
1.155841 2.698067
1.258037 2.736717
1.420371 2.589448
1.584401 2.421243
1.775326 2.156829
1.918498 2.022580
2.014667 2.044966
2.112362 1.984089
2.180413 1.861127
2.129519 1.690501
2.194904 1.720079
2.349450 1.747589
2.508850 1.749826
2.596405 1.498240
2.758779 1.524365
2.850779 1.373710
2.913974 1.267324
3.026438 1.273202
3.170674 1.302643
3.282426 1.344845
3.468619 1.382945
3.650179 1.415251
3.805225 1.452698
3.849734 1.481414
3.849905 1.487575
3.689450 1.487780
3.299132 1.427674
2.859005 1.321936
2.537819 1.271856
2.232783 1.264226
1.983859 1.258014
1.832056 1.269608
1.781216 1.298949
1.741564 1.332193
1.723701 1.345019
1.751484 1.361430
1.758614 1.316267
1.836718 1.326027
1.955438 1.339195
2.078922 1.394382
2.162223 1.399248
2.289950 1.445697
2.472569 1.507801
2.624924 1.566046
2.800481 1.635421
2.979686 1.619185
3.059630 1.668345
3.042152 1.697301
2.874979 1.741773
2.468837 1.728319
2.141523 1.544845
1.861932 1.317163
1.678228 1.187705
1.566088 1.131675
1.422089 1.069287
1.415061 1.002273
1.411014 1.005483
1.441186 1.011414
1.533335 1.048733
1.640107 1.102539
1.774990 1.169199
1.839397 1.202654
1.918926 1.253773
1.967887 1.269785
1.974054 1.277967
2.011847 1.287229
2.050495 1.290581
1.998689 1.217505
2.080631 1.235715
2.123419 1.251136
2.202975 1.283488
2.396105 1.337220
2.536099 1.346360
2.621931 1.281126
2.627868 1.224968
2.631262 1.235357
2.637537 1.296691
2.671148 1.425026
2.724340 1.586363
2.800043 1.753296
2.882904 1.872663
2.827482 1.943798
2.771389 2.129756
2.676971 2.266976
2.623985 2.430350
2.383996 2.586151
2.155288 2.655495
2.127902 2.876362
2.149340 3.033062
2.213734 3.231964
2.293029 3.482319
2.393246 3.747633
2.476155 4.049970
2.493520 4.245366
2.395238 4.389660
2.287200 4.365276
2.196214 4.197702
2.110750 3.937123
2.066679 3.749382
1.941354 3.574867
1.848326 3.407594
1.668760 3.015984
1.463655 2.668607
1.427173 2.364124
1.406651 2.217718
1.353438 2.066082
1.407622 2.037542
1.471838 2.037677
1.592073 2.095611
1.619252 2.120534
1.567053 2.224352
1.614411 2.379747
1.658576 2.550743
1.730501 2.738746
1.767914 2.805107
1.819855 2.893623
1.865571 3.009703
1.926732 3.129197
2.048220 3.257704
2.155541 3.300882
2.208584 3.357599
2.352026 2.939020
2.365560 2.340685
2.145242 1.951751
1.787695 1.603749
1.533301 1.413440
1.400449 1.365643
1.302845 1.356895
1.259856 1.384582
1.251507 1.454137
1.278201 1.574455
1.345508 1.674019
1.418848 1.812170
1.483674 1.966550
1.585463 2.108720
1.658765 2.243376
1.671851 2.372158
1.667759 2.497111
1.631861 2.575293
1.561257 2.636705
1.485553 2.713370
1.523655 2.800711
1.586059 2.914401
1.672461 3.028366
1.740920 3.084590
1.828551 3.239212
1.937389 3.430537
1.925554 3.639119
1.773757 3.728355
1.647445 3.726140
1.573445 3.606419
1.477203 3.360774
1.337978 3.004343
1.262725 2.656047
1.200645 2.390596
1.175883 2.298173
1.199047 2.270918
1.245703 2.321386
1.219841 2.139176
1.192197 1.985557
1.192407 1.842706
1.221423 1.850857
1.306806 1.949217
1.441594 2.003196
1.674962 2.137338
1.941463 2.256040
2.213366 2.378391
2.445763 2.532247
2.519435 2.504648
2.476599 2.337559
2.382412 2.057524
2.287347 1.925440
2.014924 1.695282
1.804271 1.402220
1.525640 1.293152
1.333600 1.209621
1.180463 1.146335
1.082682 1.118539
1.006472 1.125761
0.946885 1.187836
0.911762 1.250367
0.935182 1.325893
0.988868 1.427935
1.065383 1.535115
1.076700 1.635505
0.957183 1.638972
0.889588 1.659644
0.851544 1.712321
0.845192 1.772931
0.887965 1.831290
0.955684 1.870393
1.008809 1.970183
1.068466 1.987738
1.146935 1.996178
1.198624 1.983026
1.206912 2.027230
1.208240 2.122818
1.216552 2.245147
1.122171 2.337689
0.988174 2.435378
0.876867 2.458917
0.780525 2.361990
0.740964 2.202718
0.722619 1.980835
0.718917 1.818363
0.724624 1.671070
0.710620 1.584679
0.724474 1.539493
0.717860 1.525254
0.737128 1.547824
0.787440 1.588550
0.859700 1.644619
0.948548 1.651651
1.008960 1.662114
1.052198 1.679275
1.061247 1.640807
1.072488 1.633092
1.048632 1.443403
0.931575 1.353055
0.995091 1.370945
1.063770 1.395971
1.122194 1.422325
1.156204 1.413021
1.167071 1.479103
1.145105 1.493047
1.162426 1.456479
1.126370 1.376725
1.075163 1.286053
1.046827 1.225759
0.972739 1.199412
0.924659 1.168674
0.885646 1.181191
0.850955 1.236072
0.846370 1.318246
0.869644 1.404282
0.845156 1.404912
0.845531 1.403952
0.847159 1.463641
0.822045 1.465836
0.753625 1.479002
0.697714 1.464492
0.696672 1.513458
0.698951 1.534243
0.719465 1.516761
0.734332 1.501532
0.761033 1.517389
0.809730 1.495472
0.850005 1.520748
0.877827 1.494919
0.907308 1.428798
0.959131 1.303207
1.032852 1.260569
1.050675 1.208015
1.085891 1.167122
1.137210 1.170465
1.169638 1.113964
1.180965 1.065642
1.190500 1.024247
