1.976736 1.985296
1.931360 1.979430
1.819467 1.938860
1.800663 1.955437
1.663101 1.948446
1.532942 1.952426
1.359784 1.904129
1.277004 1.866069
1.174443 1.897067
1.139000 1.943939
1.110353 2.034134
1.049424 2.101731
1.001307 2.232875
0.944050 2.257444
0.921484 2.269225
0.884650 2.319446
0.855520 2.436198
0.824401 2.406547
0.803690 2.406911
0.781965 2.316843
0.807851 2.293848
0.811372 2.085506
0.759629 1.849662
0.723661 1.638093
0.694303 1.499710
0.668526 1.459579
0.648551 1.484789
0.591686 1.499905
0.590395 1.545230
0.611852 1.589196
0.646603 1.712346
0.667046 1.802219
0.646378 1.837663
0.662147 1.855811
0.603883 1.832185
0.577829 1.865274
0.599966 2.005070
0.606300 2.120225
0.615232 2.256846
0.611708 2.404954
0.599273 2.505162
0.620946 2.510941
0.633742 2.275629
0.607625 2.048972
0.582223 1.868347
0.563066 1.651034
0.559055 1.527582
0.540078 1.419980
0.545004 1.362699
0.523259 1.385879
0.551448 1.415911
0.555938 1.536000
0.552606 1.626223
0.525675 1.674356
0.541990 1.780174
0.523037 1.899107
0.546013 2.002178
0.556330 2.064836
0.570408 2.164182
0.612975 2.331329
0.647715 2.483179
0.545333 2.397901
0.602774 2.268836
0.693919 2.062681
0.692457 1.788474
0.623284 1.582215
0.571025 1.426147
0.533998 1.365092
0.493906 1.317415
0.488204 1.316217
0.498737 1.377380
0.509735 1.464591
0.532196 1.603566
0.543907 1.723077
0.578175 1.909399
0.624275 2.031931
0.633053 2.136729
0.640349 2.253934
0.636709 2.335970
0.622471 2.275775
0.680508 2.212344
0.815125 2.140148
0.917907 2.059657
1.012667 2.014692
1.085013 1.970160
1.149928 1.955789
1.262822 1.930300
1.393976 1.924205
1.539112 1.907240
1.687543 1.898681
1.784813 1.863835
1.869982 1.757523
1.861064 1.683111
1.875784 1.572500
1.840578 1.501724
1.877788 1.471544
1.917289 1.458524
1.940756 1.456588
1.994328 1.394917
2.073969 1.377166
2.178604 1.394822
2.196522 1.380912
2.134656 1.407130
2.063951 1.446690
1.860970 1.409545
1.697352 1.357403
1.523693 1.314594
1.385967 1.231939
1.317287 1.198744
1.312109 1.184374
1.338083 1.153861
1.403418 1.115283
1.472591 1.106405
1.541351 1.110380
1.688984 1.119358
1.785416 1.108110
1.913747 1.107719
1.934203 1.122624
2.002394 1.143445
1.927299 1.121423
1.947759 1.161446
1.859379 1.131612
1.773674 1.142125
1.752832 1.161170
1.783871 1.183572
1.715336 1.176468
1.615303 1.164684
1.487191 1.184919
1.332639 1.192382
1.175096 1.187037
1.021508 1.192601
0.962385 1.169362
0.977634 1.165422
1.036099 1.161916
1.149638 1.168645
1.275486 1.179210
1.436669 1.196079
1.557069 1.161124
1.688499 1.172942
1.819186 1.179567
1.931212 1.190809
1.978595 1.190014
2.057116 1.181754
2.184966 1.190583
2.190398 1.183412
2.290321 1.174322
2.411231 1.155180
2.493796 1.147296
2.580410 1.161757
2.690134 1.187286
2.765196 1.204398
2.684639 1.213017
2.381615 1.255723
2.152504 1.336542
2.032351 1.449019
1.866548 1.542097
1.791554 1.633252
1.646938 1.733693
1.560329 1.843290
1.483386 1.965720
1.444136 2.079706
1.376268 2.202982
1.323451 2.256335
1.267366 2.374181
1.188975 2.520635
1.140830 2.609463
1.139326 2.772629
1.148926 2.931516
1.125634 3.042003
1.138284 3.175505
1.135684 3.329290
1.123089 3.259006
1.066836 3.000306
1.070597 2.839017
1.032352 2.620388
0.986343 2.416691
0.950451 2.222339
0.905616 2.070650
0.898405 1.974267
0.867116 1.883684
0.842303 1.814685
0.812629 1.758855
0.786149 1.828655
0.792720 1.884060
0.817689 2.021993
0.862947 2.222657
0.939255 2.423072
0.991122 2.481926
1.008881 2.640513
1.028928 2.690738
0.984605 2.681023
0.924786 2.567906
0.894058 2.512927
0.924322 2.555763
0.961128 2.603747
0.997811 2.753855
1.019988 2.843669
0.970313 2.932563
0.923594 2.977655
0.958027 2.961537
0.933254 2.416901
0.867710 2.023282
0.797010 1.801619
0.757272 1.507391
0.732182 1.377009
0.702783 1.281471
0.684727 1.227906
0.660603 1.261523
0.697568 1.365323
0.759559 1.529288
0.830884 1.700133
0.845829 1.801826
0.870281 1.892053
0.785076 1.957563
0.753541 1.973039
0.725024 2.093266
0.720349 2.204712
0.701200 2.290810
0.713649 2.429586
0.719121 2.550909
0.725470 2.651531
0.724725 2.733288
0.715799 2.779654
0.660298 2.732899
0.685696 2.798418
0.643743 2.765178
0.642755 2.771811
0.685887 2.641807
0.665287 2.393925
0.617052 2.133127
0.604513 1.980071
0.580695 1.859308
0.586364 1.762284
0.605795 1.761411
0.625093 1.771237
0.627663 1.832306
0.676362 1.890445
0.745484 1.933005
0.841321 2.043210
0.952690 2.154013
1.074333 2.287506
1.161563 2.333265
1.201177 2.324387
1.211220 2.245999
1.134177 2.164271
1.112967 2.175016
1.087117 2.273167
1.125347 2.414457
1.096665 2.149793
1.071157 2.155004
1.074730 2.150739
1.097830 2.004069
1.130820 1.813306
1.070882 1.661862
1.020977 1.527483
0.949012 1.431252
0.882701 1.397949
0.861858 1.416687
0.862254 1.442963
0.865419 1.497813
0.864227 1.508705
0.831536 1.522635
0.823418 1.548806
0.797091 1.533711
0.748332 1.586152
0.724486 1.605622
0.681299 1.630252
0.651097 1.733156
0.612466 1.814893
0.604377 1.893694
0.590473 2.009614
0.569580 2.115183
0.572202 2.278835
0.595613 2.405891
0.631206 2.590486
0.677068 2.752614
0.661858 2.880706
0.626874 2.861787
0.595763 2.682319
0.579081 2.462329
0.592000 2.254342
0.591948 2.034812
0.596699 1.897068
0.601274 1.738940
0.594865 1.611586
0.604256 1.520207
0.616489 1.437421
0.650257 1.424539
0.687137 1.440702
0.737129 1.454461
0.774074 1.487107
0.819711 1.587221
0.876822 1.680926
0.895222 1.731397
0.892749 1.771367
0.859316 1.792137
0.853082 1.726400
0.819121 1.758135
0.808454 1.813542
0.802146 1.820800
0.842540 1.913749
0.817478 1.933724
0.764111 1.932889
0.741837 1.907749
0.800531 1.845189
0.870732 1.724610
0.863377 1.575560
0.829966 1.424324
0.787716 1.309993
0.785089 1.289217
0.790118 1.292170
0.795335 1.331841
0.823856 1.438671
0.815201 1.504813
0.835282 1.579654
0.797656 1.639363
0.735512 1.659141
0.645546 1.613055
0.608751 1.625510
0.578008 1.621862
0.559325 1.573499
0.534676 1.578421
0.529457 1.584997
0.517559 1.627832
0.527948 1.698664
0.538642 1.801993
0.589231 1.877988
0.670819 1.833233
0.777360 1.785848
0.903286 1.710931
0.990858 1.635242
1.029283 1.525066
1.080787 1.450246
1.124874 1.377471
1.156806 1.257292
1.206909 1.228032
