2.044659 1.995193
2.083689 2.026586
2.192272 2.057806
2.358994 2.121188
2.563040 2.212436
2.824488 2.330522
3.075285 2.481005
3.375085 2.678513
3.700541 2.876589
4.045512 3.090762
4.379451 3.337445
4.729743 3.620404
5.057886 3.918826
5.108886 3.890833
5.146410 3.711335
5.209424 3.673963
5.133139 3.572785
5.055441 3.373279
4.888630 3.147982
4.619770 3.006557
4.155288 2.701033
3.789649 2.354666
3.479233 2.295557
3.309746 2.218459
3.186869 2.267823
3.209452 2.344772
3.212695 2.392822
3.320629 2.496177
3.451620 2.646758
3.642476 2.832134
3.930802 3.105324
4.222511 3.423871
4.529456 3.740555
4.829009 4.031177
5.139715 4.334032
5.430058 4.644822
5.731851 4.979281
5.950202 5.214983
6.061629 5.329692
5.978935 5.304767
5.822018 5.169275
5.663072 4.983503
5.569946 4.840838
5.502586 4.790612
5.411558 4.726698
5.390280 4.691890
5.184623 4.390571
5.155974 4.191959
5.061182 3.997087
4.877325 3.654131
4.803949 3.495332
4.593942 3.387751
4.507218 3.266844
4.434066 3.312269
4.332722 3.276241
4.272110 3.216080
4.164151 3.190009
3.986984 2.975957
3.626017 2.797124
3.354217 2.588434
2.978292 2.288017
2.787519 2.096206
2.702598 2.116121
2.695541 2.194891
2.732178 2.323074
2.858754 2.331697
3.069705 2.455661
3.297109 2.644405
3.568450 2.896561
3.920272 3.146528
4.251493 3.436544
4.590548 3.668600
4.960105 3.950471
5.287741 4.315646
5.590820 4.540037
5.692567 4.632989
5.708465 4.754348
5.717578 4.913342
5.774906 5.004995
5.750661 5.043286
5.715967 5.099046
5.726842 5.164464
5.734068 5.108142
5.463474 4.894062
5.394490 4.713102
5.077489 4.329186
4.705037 3.879321
4.253143 3.384596
3.647376 3.037604
3.486284 2.725751
3.411815 2.656138
3.480581 2.582634
3.610112 2.617505
3.684400 2.634179
3.689965 2.760801
3.782403 2.859239
3.948729 2.956774
4.092811 3.006564
4.190528 3.148964
4.238369 3.233354
4.144220 3.176801
3.988809 2.960801
3.715926 2.755460
3.583344 2.629569
3.286045 2.476675
3.263592 2.476645
3.079507 2.503299
2.947264 2.467744
2.920016 2.538057
2.944230 2.545386
2.917497 2.524346
2.715429 2.319600
2.546714 2.176043
2.374104 1.829115
2.270012 1.761683
2.260437 1.805609
2.251667 1.863190
2.363760 1.992008
2.505348 2.184237
2.672635 2.335358
2.826306 2.497632
3.022470 2.628145
3.199447 2.718606
3.390507 2.816158
3.482442 2.822763
3.627756 2.818400
3.655872 2.773300
3.500820 2.692858
3.279805 2.451505
2.976653 2.166471
2.641283 1.974748
2.459723 1.879432
2.373875 1.924204
2.375127 2.037063
2.444275 2.181153
2.543972 2.377550
2.648930 2.558792
2.859077 2.708022
2.977367 2.740132
3.151587 2.838958
3.369595 2.887769
3.487781 3.042148
3.651025 3.088963
3.753302 3.171221
3.759275 3.165309
3.675572 3.002785
3.423868 2.764761
3.100836 2.479591
2.815792 2.230861
2.588395 2.156964
2.496093 2.175614
2.488576 2.273719
2.474755 2.371545
2.585035 2.512925
2.770906 2.603670
2.963889 2.820854
3.152246 2.941255
3.373071 3.083465
3.453807 3.192511
3.596524 3.211215
3.767876 3.319351
3.840314 3.268140
3.748817 3.097996
3.536968 2.815224
3.314722 2.438424
3.019462 2.156685
2.829398 2.049770
2.776299 2.034484
2.701566 2.122265
2.727864 2.237519
2.755642 2.319770
2.705861 2.460730
2.740535 2.554973
2.808204 2.646350
2.908413 2.782444
3.035746 2.889926
3.226095 2.975587
3.227263 2.949108
3.211095 2.788799
3.020251 2.518515
2.840071 2.313137
2.662649 2.215148
2.566316 2.103986
2.374942 2.010150
2.399247 2.053448
2.473900 2.177813
2.542104 2.271016
2.585140 2.350254
2.713423 2.480351
2.923310 2.552792
3.123185 2.623898
3.291123 2.625966
3.474343 2.640385
3.637068 2.645677
3.800763 2.794482
3.859680 2.883718
3.815896 2.905635
3.753569 2.951640
3.752185 2.996447
3.818053 3.097541
3.968199 3.294118
4.252733 3.566261
4.699444 3.924926
5.226154 4.342812
5.840963 4.753584
6.390203 5.162359
6.851422 5.586362
7.313684 6.032026
7.787824 6.421256
8.227960 6.864112
8.578546 7.554016
9.017157 8.106604
9.311931 8.702265
9.591752 9.296475
9.814943 9.975977
10.072257 10.564794
10.088751 10.540856
10.083708 10.423276
10.020477 10.135443
9.932104 9.714742
9.829398 9.374114
9.866923 9.102918
8.034776 6.524582
6.490589 4.071266
5.586297 2.414884
5.006589 2.109325
4.746052 2.239927
4.671550 2.440857
4.746052 2.637003
4.938529 2.902438
5.194662 3.201269
5.475308 3.558931
5.790313 3.931908
6.140893 4.280333
6.464161 4.667471
6.832459 4.996260
7.135415 5.367776
7.409848 5.701313
7.641046 6.091630
7.895217 6.452591
8.226651 6.740245
8.449635 7.089882
8.643360 7.261572
8.594872 7.562238
8.443377 7.844707
8.371109 7.976342
8.178817 8.026464
7.833950 8.098510
7.605225 8.069796
7.568929 8.133226
7.478525 8.139463
7.312566 7.920497
7.112895 7.621158
7.035846 7.144413
6.927089 6.721753
7.021055 6.276387
7.128398 5.957237
7.226104 5.639210
7.497721 5.740841
7.831063 5.837963
8.050535 5.898719
8.176931 6.114264
8.142079 6.118175
7.491107 5.680551
6.777471 4.708819
5.522123 3.624721
5.010228 2.658209
4.570642 2.128406
4.248873 2.184971
4.005257 2.245752
3.955047 2.311024
3.920584 2.452560
3.981724 2.458483
4.029269 2.796189
4.154430 3.112568
4.385672 3.495766
4.707179 3.863475
5.064696 4.243040
5.337665 4.697592
5.726809 5.123238
5.974267 5.626224
6.224802 6.097777
6.505608 6.593870
6.607136 7.102933
6.851707 7.438427
6.982668 7.837250
7.103075 8.433762
7.134683 9.106490
7.179059 9.802635
7.080234 10.236991
6.630863 10.111662
6.043596 8.962853
5.263491 6.932596
4.632050 4.887977
4.070969 3.260587
3.736772 2.449097
3.297453 1.903658
2.992402 1.818399
2.771286 1.764139
2.615264 1.789015
2.566419 1.885034
2.617733 2.061956
2.664263 2.238912
2.705373 2.398274
2.846929 2.685651
3.118795 2.951175
3.488984 3.244568
3.855433 3.431338
4.264658 3.585567
4.644324 3.684684
4.975721 3.775676
5.319446 3.825421
5.678263 4.015546
5.879939 4.310085
6.093754 4.404827
6.264285 4.502312
6.207339 4.514477
6.169822 4.246082
6.091137 3.803894
5.737551 3.280329
5.228589 2.327829
4.653686 1.734222
4.185646 1.568493
3.700599 1.444702
3.409898 1.455053
3.327306 1.460574
3.161436 1.363600
3.189016 1.392368
3.195713 1.490517
3.246868 1.665378
3.248326 1.696645
3.219998 1.703982
3.329899 1.674784
3.334527 1.778839
3.420681 1.901406
3.642819 2.082638
3.941693 2.343419
4.280707 2.640314
4.639331 2.988250
5.004052 3.383453
5.279287 3.868299
5.494853 4.381497
5.756605 5.038973
5.955837 5.674202
6.003994 6.241505
6.062725 6.849237
6.124841 7.350709
6.280682 7.840562
6.528026 8.205567
6.747350 8.643918
6.899597 9.029525
6.991204 9.279121
6.998089 9.318633
6.764370 9.218557
6.343618 9.072999
6.052885 8.909093
5.773866 8.761418
5.634869 8.648999
5.510807 8.560518
5.315685 8.570741
5.240940 8.453319
5.206410 8.271034
5.240476 8.011226
5.321235 7.742475
5.380750 7.579485
5.542629 7.116775
5.537471 6.570524
5.515680 5.951113
5.424991 4.949456
5.020590 3.585018
4.526877 2.281375
4.005386 1.767804
3.114743 1.208585
2.681566 1.120287
2.307599 1.161618
2.172533 1.258569
2.284444 1.370263
2.408329 1.421624
2.495274 1.396548
2.465595 1.396513
2.357276 1.472692
2.271169 1.671603
2.366968 1.924548
2.507892 2.193794
2.605482 2.434481
2.783596 2.610608
2.945272 2.853427
3.143031 3.174303
3.363856 3.614438
3.612272 4.074485
3.889780 4.546756
4.074513 5.022031
4.318631 5.492700
4.487198 6.018715
4.518480 6.595652
4.652404 7.092826
4.802341 7.662206
4.926628 8.193119
5.209273 8.641032
5.315561 9.088465
5.460649 9.432274
5.572686 9.746534
5.566374 9.981718
5.417542 10.120614
5.375912 9.746956
5.020337 8.704657
4.548194 6.835431
4.192868 5.040954
3.731646 3.223895
3.599866 1.733914
3.392557 1.740749
3.206962 1.740773
2.948027 1.657882
2.665401 1.623646
2.383738 1.582469
2.319056 1.522510
2.278885 1.493902
2.379828 1.647143
2.647973 1.896037
3.005415 2.200125
3.469768 2.457301
