2.049476 2.000813
2.046642 1.802539
2.032795 1.637110
2.006813 1.565968
2.061389 1.512632
2.134068 1.486821
2.202101 1.553242
2.420636 1.602263
2.605913 1.619376
2.724453 1.602814
2.819847 1.503214
2.902025 1.514990
3.034780 1.574654
3.092619 1.548029
3.201042 1.644361
3.476873 1.706000
3.728979 1.837231
3.900421 1.965342
4.026689 1.997070
3.961240 1.938945
3.637126 1.758941
3.275914 1.620420
2.850188 1.490156
2.618656 1.470398
2.447410 1.508955
2.402811 1.628922
2.379170 1.770832
2.478740 1.921045
2.619013 1.991572
2.793255 2.106272
2.988817 2.075665
2.884213 1.913840
2.829366 1.835149
2.842975 1.576654
2.970519 1.610786
3.163428 1.663145
3.315110 1.813972
3.421729 1.856349
3.479565 1.930632
3.431267 1.897782
3.229297 1.795965
2.939701 1.731247
2.692411 1.557771
2.615174 1.526419
2.497673 1.557299
2.373870 1.729136
2.428501 1.903375
2.486840 2.042546
2.646634 2.192253
2.779728 2.399554
2.932633 2.526672
3.050719 2.425324
3.064039 2.247128
3.173065 2.186527
3.256737 2.070131
3.318719 2.103941
3.455222 2.114314
3.524867 2.014201
3.368229 2.019733
3.134913 1.910241
2.886587 1.823569
2.608530 1.565790
2.281525 1.507532
2.195253 1.599470
2.275847 1.776198
2.401110 1.985908
2.621655 2.234147
2.850284 2.389142
3.049618 2.517537
3.156065 2.464153
3.345873 2.523606
3.356009 2.093204
3.298086 2.037842
3.206638 1.666582
3.157311 1.673271
3.159750 1.651639
3.077681 1.692170
3.034079 1.788186
3.097962 2.042621
3.233292 2.337240
3.364171 2.615185
3.482018 2.845420
3.588642 3.095929
3.614880 3.328184
3.789400 3.542924
3.824277 3.656705
3.910670 3.893768
3.954584 4.174131
4.132171 4.508163
4.277140 4.822372
4.452847 5.160487
4.591924 5.420188
4.601166 5.650227
4.739116 5.902855
4.791581 6.203830
5.026324 6.533762
5.227008 6.878721
5.481371 7.287133
5.758326 7.580390
5.921693 7.809097
5.854155 7.892240
5.720978 7.716442
5.629718 7.596744
5.374073 7.397822
5.342872 7.250381
5.152280 7.027139
5.181120 6.824537
5.193496 6.712478
5.336260 6.648614
5.344211 6.545084
5.331710 6.408341
4.786013 5.999733
4.394039 5.515663
3.907262 5.142590
3.647664 4.914391
3.533999 4.920644
3.549769 4.879055
3.624024 4.819380
3.779276 4.918252
3.827804 5.023791
4.055318 5.165734
4.071947 5.207366
4.273507 5.233041
4.399132 5.265631
4.637083 5.303692
4.840903 5.420586
5.006816 5.506789
4.958948 5.598300
4.766603 5.410734
4.473997 5.090320
4.070403 4.817125
3.858347 4.482960
3.650357 4.241988
3.463521 4.006488
3.516918 3.883330
3.533933 3.887801
3.681977 3.913813
3.828226 3.944669
4.021731 4.045551
4.182529 4.167004
4.451415 4.390940
4.463502 4.400645
4.539325 4.437251
4.651521 4.487135
4.663366 4.518673
4.659324 4.487173
4.453686 4.238244
4.085130 4.007346
3.561489 3.620941
3.203640 3.377764
3.089384 3.209290
2.930269 2.923602
2.779696 2.819208
2.707948 2.719926
2.812790 2.784028
3.022333 2.995172
3.344701 3.240858
3.691223 3.525671
4.063283 3.843171
4.487673 4.226374
4.869488 4.536445
5.045547 4.666516
4.981178 4.656690
4.879389 4.362389
4.487025 3.983743
4.104864 3.666883
3.751049 3.405284
3.552715 3.313736
3.394297 3.331600
3.372733 3.406952
3.471603 3.479398
3.458572 3.540523
3.458025 3.504176
3.521337 3.473716
3.657803 3.600629
3.769848 3.689773
3.949093 3.828834
4.086722 3.943848
4.100151 3.907551
3.935592 3.718066
3.681547 3.394494
3.120843 2.823041
2.718458 2.554200
2.545384 2.421095
2.597540 2.380072
2.678445 2.544436
2.861614 2.770949
3.098806 3.013203
3.329880 3.230958
3.581451 3.504260
3.786280 3.783996
3.791834 3.935130
3.879210 3.997843
3.908292 4.118696
3.890354 4.213556
3.836539 4.217020
3.848312 4.012655
3.715583 3.779859
3.523927 3.738417
3.504250 3.686840
3.277382 3.778008
3.040599 3.492047
2.953068 3.308327
2.719027 3.267661
2.714933 3.391875
2.705430 3.466991
2.820804 3.635995
2.874928 3.698319
3.047416 3.904745
3.152498 4.077455
3.205206 4.296235
3.279151 4.416385
3.308504 4.526175
3.268807 4.686558
3.233485 4.824920
3.334439 4.942929
3.238093 5.052294
3.154757 5.115343
3.096342 5.227518
3.156702 5.356323
3.005591 5.367561
2.803149 5.138754
2.621953 4.998079
2.455126 4.802654
2.499278 4.615561
2.515465 4.615879
2.573225 4.617102
2.752187 4.768226
2.991040 4.941493
3.277945 5.111268
3.522173 5.320372
3.700603 5.401311
3.786308 5.397409
3.981129 5.558883
4.145467 5.560300
4.226932 5.538918
4.446422 5.704857
4.491252 5.826402
4.579419 5.848684
4.750354 5.953528
4.933769 6.044586
4.976930 5.931365
4.910489 5.910022
4.833271 5.799196
4.562665 5.598167
4.420102 5.412269
4.143374 5.237201
3.926429 5.008596
3.584137 4.807868
3.391396 4.611849
3.155939 4.576306
2.985418 4.242386
2.856912 4.150493
2.780280 4.065368
2.822137 3.943678
2.907483 3.727470
3.024222 3.731294
3.237197 3.733978
3.319755 3.795895
3.563621 3.887897
3.772864 4.049119
3.970638 4.099968
4.197752 4.179435
4.285599 4.309411
4.463107 4.475185
4.659067 4.498567
4.879764 4.545785
5.046680 4.648830
5.097013 4.785980
5.095489 4.846512
5.078564 4.966542
4.885699 4.977514
4.723277 4.942183
4.697726 4.994137
4.803280 4.901942
4.913381 4.987477
5.006497 5.169973
5.092758 5.384323
5.335369 5.596560
5.619112 5.743623
5.894909 5.957863
5.999725 6.109110
5.976506 6.287934
6.135989 6.284249
6.283743 6.359290
6.415402 6.473485
6.510621 6.684772
6.600336 6.835729
6.847451 6.943354
6.966444 7.088304
7.096542 7.161006
7.246472 7.085111
7.188976 7.127852
7.236365 7.088235
7.336602 7.191006
7.258016 7.135647
7.122051 7.053161
6.929702 6.789241
6.675199 6.308850
6.248337 6.065257
6.041769 5.880040
5.528880 5.445027
5.230408 4.895340
4.865784 4.486661
4.638240 4.206669
4.214845 3.958271
3.881319 3.781181
3.971053 3.853790
4.021905 3.914409
4.141353 4.147947
4.262442 4.255778
4.236685 4.197780
4.294248 4.263538
4.365354 4.305211
4.550836 4.345400
4.663366 4.295566
4.678580 4.317409
4.885039 4.467180
5.099738 4.700202
5.341692 4.953566
5.586975 5.192613
5.307226 5.154075
4.990945 4.950162
4.967753 4.786416
4.567815 4.734340
4.214555 4.547788
3.951016 4.481429
3.720217 4.576075
3.418448 4.619824
3.312502 4.771009
3.345622 4.734292
2.914880 4.479624
2.897206 4.251505
2.906285 4.155160
2.829224 4.132822
3.090156 4.106844
3.385985 4.147358
3.743065 4.149259
4.074330 4.326843
4.551618 4.572678
4.947953 4.867482
5.358908 5.111808
5.746644 5.324863
6.140604 5.506682
6.358260 5.621097
6.577037 5.838256
6.828036 5.962336
7.014534 6.139677
7.180662 6.131312
7.355406 6.037521
7.565836 6.077537
7.445817 5.866305
7.319613 5.565516
7.084015 5.144752
6.840761 4.870579
6.522307 4.639985
6.259054 4.514742
6.065644 4.452030
5.988939 4.367228
5.918891 4.244266
5.974922 4.163572
5.885680 4.124444
5.902122 4.027526
5.788087 3.841586
5.770995 3.904794
5.853284 4.037630
5.943938 4.265923
6.122112 4.614527
6.216562 4.966582
6.351230 5.259405
6.421525 5.568114
6.047108 5.590277
5.781151 5.633366
5.570800 5.415803
5.436367 5.159872
5.386665 4.712509
5.077408 4.364022
4.958925 4.035355
4.652026 3.674183
4.180380 3.504895
4.065979 3.199465
3.559764 2.869589
3.359816 2.535187
3.234535 2.601153
3.277776 2.649828
3.413707 2.806793
3.467723 2.847100
3.468671 3.056017
3.633739 3.403475
3.825243 3.764711
4.014416 4.109891
4.165789 4.362323
4.316620 4.617890
4.331501 4.928308
4.504152 5.079755
4.755329 5.248262
4.875655 5.427440
4.958169 5.518233
4.950807 5.604439
5.148242 5.736324
5.377065 5.820918
5.441167 5.876761
5.421363 5.989297
5.542971 6.100608
5.719095 6.109036
5.852738 6.250967
6.039155 6.446842
6.204663 6.556091
6.322802 6.702561
6.330918 6.867820
6.307914 6.846833
6.074992 6.773203
5.875385 6.662057
5.392933 6.384148
5.170764 6.049873
4.908590 5.793390
4.761802 5.564424
4.544063 5.334770
4.418965 5.239185
4.373070 5.116030
4.387775 5.092714
