2.049476 2.000813
1.998619 1.885715
1.950487 1.783634
1.937468 1.731771
1.970076 1.585162
2.116293 1.563249
2.277794 1.559876
2.355755 1.587133
2.381438 1.617665
2.405449 1.709762
2.538489 1.839151
2.633969 1.978654
2.823776 2.155950
3.148788 2.434702
3.508175 2.669388
3.924531 2.939794
4.276645 3.198414
4.541657 3.326425
4.646051 3.229863
4.586349 3.035925
4.335013 2.677867
3.968112 2.304585
3.656709 2.038520
3.393231 1.991191
3.287732 2.024965
3.232932 2.145114
3.226534 2.243035
3.236075 2.305020
3.149073 2.262518
3.004886 2.180869
3.015164 2.219422
2.758214 2.146980
2.655267 2.159660
2.685208 2.194292
2.835242 2.333541
3.065991 2.631285
3.382180 2.885726
3.609263 3.065665
3.759564 3.048853
3.715916 3.017825
3.475493 2.752364
3.177223 2.489373
2.894675 2.134403
2.566650 1.882394
2.393809 1.879637
2.319470 1.923906
2.252139 1.916053
2.197216 1.970975
2.317428 1.981911
2.398856 2.035852
2.499520 2.168600
2.675815 2.369476
2.890245 2.615780
3.191023 2.841207
3.524958 3.151878
3.879157 3.449346
4.126808 3.602157
4.151284 3.681687
4.106663 3.599395
3.826136 3.334361
3.515963 2.954943
3.277671 2.548738
3.009038 2.299401
2.859521 2.203465
2.744093 2.185542
2.670646 2.154670
2.718619 2.129119
2.609614 2.167011
2.580284 2.270672
2.567788 2.259599
2.636437 2.395596
2.766487 2.455540
2.904737 2.632017
3.097871 2.909894
3.291351 3.004504
3.320479 3.131603
3.312214 3.168547
3.348427 3.319143
3.405403 3.355137
3.545757 3.382958
3.579799 3.529932
3.531567 3.588080
3.611523 3.672541
3.771249 3.853364
3.911506 4.069049
4.041973 4.272854
4.203586 4.536595
4.491267 4.872495
4.771245 5.197720
5.043452 5.508262
5.324474 5.837649
5.448216 6.062695
5.601256 6.339721
5.583908 6.490346
5.663594 6.534260
5.700296 6.566268
5.613309 6.610221
5.701469 6.558612
5.659485 6.657486
5.526419 6.542196
5.357391 6.439783
5.007697 6.056424
4.770507 5.826364
4.372884 5.688760
4.138972 5.403803
3.949065 5.053088
3.546570 4.658388
3.416519 4.441463
3.380005 4.140349
3.331527 3.876650
3.182410 3.517848
2.804537 2.780589
2.369029 2.427644
2.182245 2.274755
2.041956 2.200128
2.009450 2.300818
2.086911 2.413824
2.252502 2.612450
2.553927 2.875105
2.863383 3.178416
3.188930 3.551245
3.571215 3.941227
4.009021 4.379295
4.446264 4.795566
4.976648 5.226776
5.497107 5.619172
5.846033 5.856269
6.076206 5.957543
6.127325 5.909140
5.992372 5.770230
5.785311 5.603129
5.534932 5.366116
5.319294 5.105548
5.196581 4.937381
5.129480 4.819299
5.050170 4.802807
4.906897 4.705897
4.561047 4.489415
4.061992 4.163320
3.262397 3.586400
2.852414 2.782573
2.010930 2.262866
1.678260 1.886008
1.721245 1.746248
1.708943 1.773232
1.723125 1.710418
1.619384 1.537624
1.418994 1.403858
1.337222 1.371063
1.397204 1.464661
1.491345 1.660603
1.597251 1.820839
1.855572 1.954976
2.186542 2.278100
2.591946 2.667367
3.001997 3.115622
3.386018 3.585233
3.854300 4.086685
4.268094 4.552404
4.783940 5.041145
5.208265 5.455140
5.528703 5.754079
5.702932 5.856595
5.731599 5.797834
5.581657 5.653512
5.307524 5.472142
5.113983 5.323831
4.987613 5.143303
4.847525 5.008625
4.786179 4.916450
4.758736 4.859184
4.521848 4.613346
4.222016 4.265835
3.859198 3.839894
3.387890 3.388185
2.893780 2.863655
2.566098 2.416150
2.362239 2.181833
2.120595 1.909400
1.915292 1.835584
1.784064 1.805376
1.583239 1.697063
1.624476 1.737798
1.713777 1.808310
1.851755 1.905262
1.971257 2.090160
2.166955 2.336229
2.425411 2.610575
2.728087 2.956422
3.160351 3.378613
3.593567 3.767131
3.979314 4.148162
4.385569 4.591169
4.910749 4.999277
5.331634 5.388225
5.644724 5.801272
5.978353 6.117303
6.255190 6.455567
6.527032 6.678084
6.682272 6.780885
6.746751 6.865767
6.818931 6.724559
6.778479 6.485426
6.528023 6.332832
6.339287 6.209623
6.050192 5.892626
5.853873 5.570516
5.548272 5.319417
5.382224 5.027966
5.338441 5.071743
5.422288 5.173455
5.330678 5.223883
5.279846 4.933707
5.163877 4.866864
5.025845 4.954164
5.016846 4.923440
4.635097 4.948902
4.381912 4.947695
4.451054 4.907213
4.378241 4.978089
4.377518 5.136212
4.313561 5.060601
4.127929 4.994377
4.105508 5.009241
4.064363 5.035404
4.054310 5.044490
4.149951 5.111121
4.157971 5.168297
4.271495 5.253542
4.524272 5.428815
4.701993 5.474006
4.917374 5.574438
4.981943 5.702337
5.114448 5.952357
5.293483 5.911508
5.399454 6.005698
5.484790 6.093728
5.521817 6.123190
5.501796 6.094055
5.521707 6.046651
5.513732 6.208992
5.424498 6.226823
5.586180 6.182639
5.368523 6.194955
5.164698 6.057250
4.827492 5.848966
4.457945 5.471997
4.129906 5.026036
3.748384 4.554103
3.592731 4.329091
3.537361 4.175424
3.211213 3.832938
2.997326 3.405860
3.080108 3.213451
3.119400 3.211579
3.194930 3.208941
3.196594 3.246295
3.328036 3.451945
3.535924 3.682040
3.781426 3.944367
4.106237 4.158513
4.356637 4.372320
4.558766 4.596975
4.809244 4.793650
4.981804 4.889697
5.122202 5.121642
5.218469 5.280757
5.291598 5.375747
5.247625 5.347897
5.234467 5.385045
5.241969 5.353602
4.930163 5.329732
4.789858 5.228725
4.364000 5.043560
4.221877 4.992267
4.137008 4.787119
4.024344 4.787953
4.017614 4.740823
3.958438 4.751901
3.917609 4.762669
3.914988 4.724572
3.931760 4.586549
3.603979 4.459956
3.513214 4.487002
3.528256 4.432818
3.573961 4.378904
3.243528 4.449865
3.355070 4.549473
3.463331 4.731072
3.632907 4.750613
3.578042 4.820717
3.460048 4.598809
3.404331 4.586315
3.374976 4.598432
3.499037 4.742556
3.569088 4.802901
3.597516 4.725587
3.561663 4.527053
3.392463 4.204454
3.111732 3.905608
3.056807 3.580109
2.813671 3.160241
2.673360 2.944450
2.602083 2.746146
2.511133 2.662345
2.558562 2.652068
2.555872 2.561510
2.654432 2.630156
2.749603 2.623141
2.935369 2.644564
3.016995 2.764811
3.061359 2.903027
3.234849 3.049662
3.381794 3.265443
3.603438 3.392298
3.796944 3.538965
3.940099 3.650247
4.090518 3.806200
4.182126 4.017169
4.422151 4.156044
4.595008 4.382601
4.739321 4.455761
4.723486 4.404163
4.725199 4.309555
4.725055 4.215606
4.751607 4.180614
4.739051 4.196298
4.877191 4.160884
4.928323 4.160656
5.074710 4.185845
5.101875 4.198625
5.209058 4.090468
5.137852 3.904613
5.126479 3.918768
5.251113 3.950060
5.345209 3.938004
5.523031 4.024853
5.713358 4.097552
5.847180 4.260862
6.004403 4.509597
6.252226 4.689132
6.490105 4.897390
6.689045 5.100128
6.881510 5.357210
7.070142 5.468292
7.233076 5.578853
7.367284 5.758317
7.520441 5.844036
7.707363 5.964594
7.821900 6.030993
7.965778 6.051257
8.030886 5.981839
7.954253 5.876554
7.849704 5.637394
7.666072 5.312008
7.411414 4.828796
7.252369 4.524602
7.127604 4.214365
7.027032 4.190562
6.897775 4.047967
6.829558 4.018935
6.691315 4.001553
6.432151 3.896869
6.190876 3.808030
6.184965 3.794973
5.792639 3.816586
5.708408 3.954466
5.755154 4.113311
5.822610 4.278441
5.886479 4.502345
5.855865 4.693303
5.846233 4.791423
5.697792 4.901098
5.496882 4.794611
5.234563 4.787394
5.169419 4.733783
5.074440 4.610500
4.824553 4.594774
4.637458 4.406646
4.385911 4.219670
4.165521 4.146191
3.606747 3.959346
3.280966 3.779190
3.062032 3.677708
2.922736 3.581313
2.740504 3.458662
2.742682 3.309744
2.772954 3.148531
2.802783 2.984048
2.851953 2.867550
2.989947 2.870557
3.021823 2.811326
3.202181 2.748760
3.369316 2.661316
3.553711 2.706206
3.662595 2.863081
3.809075 2.989708
3.972370 3.168643
4.090709 3.275509
4.174205 3.422873
4.322582 3.634508
4.179760 3.793103
4.064327 3.836958
4.016242 3.811041
3.997862 3.871639
3.626599 4.009131
3.637090 4.134664
3.489522 4.180587
3.539892 4.380104
3.479999 4.444422
3.575139 4.605118
3.642532 4.681946
3.587870 4.655178
3.450137 4.471179
2.918633 4.195825
2.631206 3.771850
2.426867 3.579461
2.331417 3.509527
2.348355 3.501333
2.392767 3.501740
2.397906 3.462534
