0.329063
0.303792
0.254370
0.228495
0.326660
0.455853
0.528318
0.615439
0.599343
0.494907
0.555772
0.420188
0.395492
0.478266
0.737006
0.969436
1.206021
1.432782
1.576181
1.615298
1.729743
1.479700
1.271872
0.937855
0.555837
0.497652
0.778767
1.158382
1.492802
1.630847
1.592520
1.577332
1.623604
1.646470
1.739098
1.975485
2.157841
2.395142
2.595834
2.745777
2.663089
2.449831
2.459415
2.411834
2.503327
2.565700
2.628559
2.637001
2.361288
2.065370
1.734155
1.383108
1.138763
1.028434
1.053643
1.471586
1.926654
2.234447
2.467984
2.277125
2.035670
1.619610
1.155213
0.718219
0.310928
0.095282
0.409178
0.790697
1.315684
1.846962
2.380809
2.866396
3.448042
4.003065
4.362347
4.712959
4.982722
5.311907
5.559969
5.819865
6.109978
6.487496
6.929727
7.262302
7.539544
7.774683
7.901825
8.185578
8.407022
8.610080
8.713656
8.681691
8.482543
8.607890
8.609429
8.745178
9.129412
9.552599
9.892808
10.342411
11.003824
11.356533
11.455044
11.561680
11.618319
11.609988
11.668946
11.783403
11.757409
11.764578
12.119247
12.455500
12.683479
12.709311
12.685583
12.641512
12.632184
12.635770
12.740947
12.741220
12.986923
13.136329
13.264968
13.386225
13.488318
13.556329
13.550874
13.066263
12.672178
12.265991
11.936019
11.670309
11.425071
11.364636
11.293287
11.259614
11.231118
11.176338
11.243793
11.389909
11.477240
11.523942
11.523023
11.637626
11.603968
11.436450
11.171599
11.019053
11.055806
11.095809
11.253042
11.388292
11.502860
11.681286
11.822769
11.810431
11.741328
11.732589
11.609611
11.394270
11.102591
10.833523
10.504750
10.165903
10.060158
10.036831
10.127519
10.345950
10.502697
10.702424
10.896992
11.103179
11.374672
11.599241
11.833602
12.141531
12.450776
12.681767
13.001361
13.377645
13.646139
14.130548
14.528134
14.742090
14.996114
15.178804
15.299334
15.365748
15.310102
15.410582
15.511267
15.613567
15.770080
15.836897
15.942620
15.981183
16.011740
15.924770
15.983752
15.807496
15.633853
15.642640
15.705810
15.843117
16.063186
16.271243
16.692299
17.107734
17.409421
17.764634
18.051818
18.448439
18.776496
19.120829
19.648435
20.093429
20.578540
21.057667
21.341288
21.708518
21.946841
22.455086
22.809155
22.999511
23.380916
23.689007
23.908794
23.996285
24.229841
24.611307
24.765893
25.079971
25.422159
25.708440
26.441678
27.295178
28.237709
29.240321
30.453624
31.859813
33.335932
34.942464
36.370168
37.446620
37.996778
37.957578
37.428470
36.631058
36.013055
35.151035
34.446044
33.785570
33.043958
32.313668
31.570932
30.817502
30.107812
29.361460
28.557257
27.722562
27.015029
26.181227
25.396711
24.619479
23.978076
23.357361
22.734520
22.095823
21.505751
20.785131
20.220940
19.520094
18.753506
17.950932
17.134293
16.533762
15.846145
15.410815
15.044959
14.857595
14.570851
14.552440
14.580940
14.756126
14.887673
14.940465
14.859928
14.658670
14.621865
14.687595
14.729024
14.648737
14.598779
14.267656
13.848931
13.553594
13.543464
13.708007
13.998140
14.470207
14.961966
15.446247
15.925213
16.336782
16.853578
17.269188
17.674163
17.998140
18.146664
18.350367
18.316730
18.354193
18.238607
18.264483
18.189325
18.061012
18.025204
18.286170
18.844878
19.545413
20.011126
20.447029
20.845957
21.485000
22.137190
22.686864
23.232259
23.723008
24.182224
24.603229
25.070214
25.148700
25.163253
25.185835
25.427295
25.630398
25.912361
26.299913
26.820477
27.289781
27.722831
28.233710
28.862104
29.375436
29.698662
29.992785
30.420730
30.904022
31.465866
32.110142
32.206170
32.420520
32.370296
32.247818
31.863658
31.288143
30.765913
30.259389
29.710475
29.216846
28.808280
28.425259
27.930014
27.504450
27.162761
26.836968
26.411354
25.789050
25.195635
24.604303
24.039661
23.531253
23.327080
23.101059
22.887454
22.616220
22.354690
22.205902
22.166677
22.253637
22.254058
22.261677
22.218010
22.221023
22.281410
22.018756
21.647961
21.262804
20.883424
20.399090
19.745760
19.112315
18.586253
17.934105
17.411406
16.964641
16.634779
16.320675
16.166659
16.293899
16.332348
16.480683
16.696796
16.980643
17.081055
17.022061
16.947618
16.824015
16.284861
15.734905
14.862406
14.224497
13.599315
13.538466
13.858102
14.198886
14.648289
14.921214
15.212219
15.378335
14.803476
