22560
22790
23200
23090
23270
23200
23990
23350
22410
24530
24910
23980
24410
23620
23650
24010
23520
23520
24780
24100
24230
23740
24430
23820
23390
23450
23740
23810
23910
24770
23640
24050
23680
23990
24000
24300
24230
24330
24480
24910
23860
23570
23420
22960
23550
23720
23430
23940
23460
25270
22980
25220
23710
24180
24170
23150
22800
23210
24530
24210
23950
23460
23820
25040
25310
24630
23730
24800
23920
24310
22800
23800
23470
23770
23570
23350
24340
23590
24530
24360
23830
24390
24520
24400
23280
23800
23180
23430
23350
25020
24240
22970
23480
23810
23950
23120
23120
25160
23450
23630
24030
24130
23760
23760
23300
23600
24420
25160
23880
24960
23790
23360
24010
23830
23660
23230
24070
24010
24020
25130
24560
23590
24010
23130
23360
23690
23790
23560
24600
24340
23530
24080
23680
23630
23720
23570
24010
23610
23490
23950
23690
23500
25080
23950
24620
23730
23600
23760
24230
24310
23880
23500
23720
24110
23390
24190
24410
24090
24320
25470
24940
24890
24840
25740
24570
24050
23610
23760
24310
25340
24420
24130
24130
23650
24120
24350
24380
24040
24020
24790
22960
24530
23290
23870
24320
24680
24150
24290
24370
24960
24280
24070
24190
24090
24170
24100
24170
23950
24160
25080
23980
24320
24150
24410
24250
24060
24240
24260
24290
25200
24450
23570
24120
24110
24280
24100
24120
23950
23850
25100
24220
24240
24400
24400
24150
23930
25030
24240
24440
24830
24550
24740
23620
24180
24350
24000
24320
23760
24430
24100
25140
22170
23630
23930
22600
22790
23580
23320
23000
24340
23250
23180
22570
23120
23450
25710
24710
25350
24010
24780
23370
23860
22560
22570
21750
18810
16940
16950
16920
17570
17690
24710
22390
24700
23320
23450
23480
22930
24750
25720
22320
24720
22760
23980
22890
24960
25160
23380
23810
25550
24540
25450
23940
25300
23840
23260
22670
26230
23180
25380
24500
24100
22760
24060
22800
21540
23730
23130
23480
24230
23690
26430
24860
24500
24550
25050
24740
23470
22990
23500
22520
23200
25530
23330
24060
23020
25360
22710
24950
26030
23970
22610
23620
24340
23630
23600
23640
23770
23590
25160
22840
26270
23550
23770
25100
25000
22950
23010
23350
24360
22990
23860
23210
23170
24340
22860
23540
23090
25220
25080
24600
22770
22790
23590
22560
22650
23450
23310
24440
23980
23600
23140
23900
23620
23390
23990
25080
23170
23780
24850
24370
23120
23800
23320
24520
23280
22970
23830
23630
24150
23120
24360
23650
22930
23920
23150
23460
24590
24900
24020
22970
23870
24280
22850
23350
23730
24390
23170
23510
23820
22780
23750
23480
23710
24240
23130
23470
24930
23470
24600
24070
