60
90
120
150
200
230
290
330
430
500
550
560
560
560
560
550
550
560
550
550
560
550
540
560
560
550
560
550
550
560
550
550
550
560
550
550
550
560
560
550
550
540
550
550
540
550
550
550
540
550
560
560
550
550
550
550
560
550
560
550
550
550
540
560
550
550
540
550
560
550
560
550
550
540
550
550
550
550
550
550
560
550
550
550
550
540
560
550
550
550
560
560
550
550
550
550
560
540
550
550
560
540
550
550
550
540
540
540
550
560
550
550
550
550
560
550
550
550
550
550
550
540
540
550
560
550
560
550
550
560
550
550
550
550
550
550
550
550
550
540
560
550
550
550
550
550
550
550
540
550
560
550
550
550
560
560
560
550
550
560
570
550
550
560
550
550
560
550
550
550
550
560
550
550
550
550
560
550
540
550
560
550
550
550
550
550
550
550
540
540
550
550
550
550
550
550
540
560
560
560
560
550
560
560
550
550
550
540
560
550
550
550
550
550
550
550
550
550
560
540
550
550
550
550
540
550
550
550
560
550
550
560
550
560
560
550
550
560
540
550
550
550
550
550
550
550
550
550
550
550
550
550
540
550
550
550
550
550
550
560
560
550
550
550
550
550
560
540
560
540
560
540
550
550
550
560
550
550
550
560
570
540
560
550
550
550
550
550
550
550
550
550
550
550
560
560
550
550
550
560
550
550
550
550
550
560
550
560
550
560
560
550
550
560
550
560
550
560
550
550
560
550
550
550
550
560
540
550
550
550
560
550
550
560
550
560
550
560
550
550
560
550
540
550
550
540
550
560
550
540
560
560
550
540
550
550
550
550
550
550
550
560
540
560
560
550
560
550
550
550
550
560
550
550
540
550
550
560
540
560
560
550
540
560
550
550
540
560
550
550
550
550
550
550
550
560
550
550
550
550
550
550
540
550
550
540
550
550
550
550
560
550
550
550
560
550
550
550
550
550
580
