2.029961 1.979182
2.083352 2.021754
2.163998 2.046732
2.311201 2.080030
2.491932 2.144223
2.720173 2.252196
2.948094 2.353044
3.248076 2.510634
3.572551 2.688827
3.895525 2.895616
3.824691 2.860190
3.745221 2.801362
3.649984 2.848303
3.636911 3.006467
3.720943 3.194245
3.896931 3.405722
4.161081 3.627416
4.233153 3.832858
4.151879 3.882790
3.802625 3.822786
3.550306 3.664926
3.165369 3.513231
3.086432 3.395867
2.856475 3.249802
2.819286 3.158116
2.807959 3.086635
2.779012 2.986218
2.728885 2.836787
2.672786 2.812262
2.456280 2.745706
2.328546 2.717830
2.180962 2.663546
2.160439 2.668166
2.049621 2.580377
2.136703 2.651112
2.265454 2.694112
2.486110 2.813995
2.590858 2.949164
2.692963 3.031657
2.579729 2.897584
2.332470 2.638119
2.003671 2.391196
1.741829 2.225145
1.617292 1.997583
1.547814 1.853052
1.731952 1.913563
1.897939 1.977615
2.015299 2.094653
2.166811 2.347413
2.410110 2.618075
2.642194 2.960874
2.921518 3.366824
3.196641 3.805197
3.435130 4.145362
3.638553 4.487730
3.858276 4.763741
3.952707 4.926808
3.955524 4.952418
3.832838 4.800822
3.663557 4.598826
3.504717 4.440995
3.406328 4.349400
3.415219 4.393329
3.352477 4.490691
3.367824 4.500444
3.352291 4.322458
3.027798 4.197619
2.801250 4.098842
2.654823 3.754082
2.462445 3.328477
2.405094 2.831156
2.231497 2.533053
2.134808 2.423559
2.106662 2.577946
2.186736 2.677878
2.278906 2.815467
2.362708 2.985242
2.614904 3.270630
2.864735 3.582706
3.189615 3.967454
3.565480 4.311669
3.918245 4.668184
4.274170 5.059383
4.592833 5.355536
4.845234 5.601091
4.958709 5.673448
5.052498 5.688553
5.149031 5.742015
5.193581 5.756395
5.216063 5.728133
5.205925 5.666872
5.220034 5.565060
5.376796 5.545044
5.716901 5.773860
6.154466 6.092758
6.727554 6.549582
7.133562 7.128488
7.535638 7.559407
7.992700 8.087279
8.324606 8.474771
8.483191 8.861297
8.463639 8.937250
8.380967 8.957894
8.359984 8.931276
8.324198 8.887844
8.214045 8.774270
8.170267 8.695264
7.964387 8.609979
7.748625 8.358262
7.573961 8.275692
7.570114 8.281228
7.470509 8.152290
7.346165 7.869795
7.324689 7.697329
7.328295 7.655372
7.394320 7.722334
7.562764 7.860922
7.828988 8.117275
8.125756 8.586966
8.502221 9.034796
8.787225 9.358070
9.183862 9.823958
9.524359 10.176756
9.871603 10.541828
10.222623 10.950876
10.428873 11.349171
10.719058 11.590099
10.859972 11.678004
10.860344 11.658582
10.857142 11.556094
10.819638 11.471611
10.838499 11.471167
10.940327 11.427935
10.991217 11.486050
11.083190 11.504071
11.212506 11.537374
11.348197 11.612729
11.457770 11.662188
11.568781 11.721880
11.684655 11.784017
11.651869 11.817502
11.625493 11.772297
11.551237 11.778523
11.483759 11.624075
11.102784 11.207091
10.589754 10.706363
9.831327 9.941468
8.994359 9.029679
7.990764 8.493579
7.388905 8.064957
7.142622 7.781840
6.906523 7.845046
7.021390 8.003443
7.449610 8.495700
7.886010 8.946415
8.455911 9.394607
9.065885 9.854919
9.410329 10.406824
9.772768 10.837953
10.025963 11.149630
10.250804 11.434622
10.484149 11.625581
10.603081 11.685308
10.589114 11.636855
10.502581 11.518678
10.485742 11.391710
10.500197 11.381295
10.490271 11.327966
10.494824 11.299823
10.688947 11.298060
10.733641 11.305134
10.772368 11.330169
10.720752 11.337660
10.722524 11.110957
10.565706 10.988253
10.198875 10.739875
9.551397 10.120949
8.563540 9.297515
7.417484 8.209016
6.427837 7.247936
5.717844 6.551853
5.003926 6.084379
4.730923 5.733380
4.638868 5.571215
4.615738 5.751189
4.696935 5.915877
4.951061 6.210295
5.275679 6.606183
5.558651 7.010827
5.956509 7.363523
6.318646 7.743652
6.691802 8.234316
7.139431 8.676594
7.467168 8.996492
7.849522 9.336937
8.106650 9.771653
8.368990 10.267915
8.682085 10.677472
8.912753 10.985554
9.100831 11.213792
9.314791 11.343887
9.509940 11.460847
9.777200 11.606939
10.041361 11.680245
10.281484 11.828593
10.517334 11.961989
10.781328 12.106611
11.002005 12.297887
11.256049 12.451712
11.385785 12.610231
11.598700 12.742091
11.781217 12.861494
12.007331 13.039224
12.078598 13.189658
12.183919 13.367094
12.352186 13.551035
12.381842 13.615584
12.367998 13.584349
12.300175 13.291445
11.558873 12.638989
10.455641 11.722337
8.749719 9.701716
6.583161 7.626812
4.492103 4.866826
3.194270 4.286573
2.589330 2.850916
2.213780 2.432777
2.130301 2.289920
2.078754 2.270382
2.085699 2.289801
2.065874 2.289624
2.136072 2.400528
2.162693 2.520204
2.255301 2.622390
2.366277 2.781748
2.513649 2.893433
2.659775 3.022129
2.796364 3.198918
2.940235 3.426557
2.971345 3.694776
3.102432 3.994796
3.221018 4.296188
3.307934 4.493931
3.449032 4.481187
3.451409 4.310287
3.242506 4.014478
2.884068 3.529468
2.441378 3.105274
2.097091 2.661310
1.792808 2.324580
1.667575 2.154744
1.659603 2.079911
1.742156 2.076366
1.847343 2.228110
1.992498 2.382214
2.081911 2.538026
2.207326 2.710510
2.435288 2.837709
2.592815 3.013527
2.760173 3.202261
2.866605 3.336818
2.930565 3.515647
3.107030 3.660388
3.211265 3.830924
3.333807 4.068484
3.549678 4.292073
3.753661 4.562465
3.838597 4.807729
4.076005 5.025291
4.248762 5.284650
4.446279 5.489395
4.582761 5.635523
4.695220 5.852622
4.853280 6.009726
5.049108 6.193160
5.315986 6.478442
5.588169 6.781968
5.833296 7.152813
6.196820 7.584650
6.673744 7.907945
7.064229 8.270410
7.387622 8.632222
7.665054 9.042668
7.966934 9.353101
8.278244 9.708754
8.549808 10.021793
8.901457 10.299098
9.188099 10.558372
9.436541 10.963288
9.731503 11.225226
10.053815 11.424852
10.398686 11.518112
10.765887 11.559211
11.064510 11.600186
11.278366 11.536069
11.333620 11.337242
11.411824 11.015018
11.280485 10.410391
10.742202 9.792587
10.148864 8.993556
8.911979 7.690985
7.635453 6.284511
5.923263 5.453664
4.853275 4.620737
4.528440 4.163745
4.527321 4.007808
4.602998 4.045357
4.419532 4.138876
4.562153 4.313217
4.729107 4.542493
4.881708 4.781007
5.076894 4.986213
5.271640 5.261048
5.509305 5.573917
5.764805 5.884997
6.048742 6.182907
6.276449 6.423260
6.564158 6.720343
6.870887 6.971406
7.292479 7.193136
7.601007 7.171121
7.679421 6.771916
6.861807 6.104175
5.708139 4.960020
4.312392 4.013912
3.092184 3.231978
2.746663 2.652879
2.204469 2.154017
2.065501 1.998537
1.927212 1.808217
1.974223 1.725026
1.952212 1.551901
1.921191 1.630464
2.067164 1.751078
2.153633 1.901989
2.223463 1.986285
2.322809 2.029808
2.418064 2.169164
2.544712 2.346083
2.617735 2.501825
2.733268 2.669644
2.764404 2.882057
2.893459 3.125922
3.019247 3.356817
3.073838 3.453810
3.077823 3.558890
3.036883 3.571485
2.894317 3.431388
2.633093 3.153438
2.422551 2.768755
2.251027 2.445995
2.079736 2.217874
1.789140 1.928421
1.564452 1.659230
1.292009 1.427847
1.270130 1.243615
1.372207 1.346038
1.551428 1.469893
1.729496 1.661569
1.870067 1.871728
2.103603 2.054966
2.311465 2.183706
2.518317 2.373992
2.660545 2.406080
2.835434 2.350760
2.942609 2.391609
3.106825 2.425961
3.133245 2.472412
3.072002 2.422219
2.948521 2.448856
2.781880 2.490165
2.566874 2.287874
2.364071 2.006034
2.192230 1.735163
2.165987 1.635304
2.223558 1.601687
2.187841 1.655104
2.324805 1.695525
2.385448 1.738953
2.387253 1.767191
2.296949 1.809889
2.339129 1.952939
2.455865 2.202597
2.629990 2.584074
2.836234 2.945910
2.999497 3.253607
3.217282 3.494216
3.475229 3.838690
3.815059 4.172733
4.186344 4.608926
4.613140 5.015247
5.072488 5.444861
5.443006 5.827920
5.897252 6.209534
6.343768 6.545718
6.780090 6.830858
7.116438 7.218836
7.465203 7.643891
7.822128 7.996015
8.060541 8.297347
8.168925 8.538682
8.241408 8.595251
7.969070 8.594964
7.058189 8.055178
5.848890 7.089582
4.238476 5.076815
3.143184 3.328544
2.538755 2.375984
2.532389 2.376775
2.180802 1.864877
2.254575 1.905554
2.235766 1.879451
2.168951 1.839196
2.038144 1.631535
1.835271 1.357167
1.516388 1.180229
1.364654 1.124269
1.366062 1.209244
1.472890 1.376199
1.688509 1.569769
1.977275 1.864525
