2.085920 2.009091
2.171807 2.021188
2.307651 2.037950
2.484742 2.099060
2.698154 2.166012
2.940075 2.273249
3.210164 2.414693
3.518865 2.594016
3.802550 2.798930
4.069115 3.028218
4.374829 3.280163
4.689398 3.575937
4.983748 3.859847
5.270736 4.158199
5.583528 4.501134
5.898515 4.852474
6.193055 5.194697
6.389318 5.414370
6.450148 5.479001
6.391078 5.393068
6.256342 5.229763
6.094554 5.056923
5.981993 4.952417
5.948170 4.904881
5.992432 4.921799
6.080010 5.002525
6.192675 5.126971
6.304448 5.269866
6.425908 5.416402
6.564115 5.601710
6.702192 5.808141
6.887401 6.004372
7.074197 6.214415
7.292168 6.425992
7.512368 6.628401
7.756696 6.842044
8.000356 7.063998
8.195317 7.223426
8.301799 7.328907
8.310069 7.331282
8.211786 7.257334
8.057902 7.145220
7.948524 7.069506
7.886592 7.042901
7.886587 7.044614
7.925605 7.088244
7.985073 7.152371
8.090376 7.238666
8.203510 7.353211
8.333689 7.476554
8.460829 7.653103
8.616459 7.829855
8.763068 8.023326
8.913044 8.240694
9.062262 8.457034
9.194974 8.689684
9.304004 8.868427
9.363548 8.970953
9.385783 8.969293
9.339901 8.877525
9.267411 8.762953
9.251292 8.707781
9.267556 8.649502
9.312545 8.634930
9.356275 8.676292
9.417748 8.729410
9.508843 8.808990
9.584290 8.884679
9.685781 8.999019
9.817048 9.143735
9.942204 9.302592
10.090428 9.437806
10.238517 9.627575
10.402605 9.787622
10.530926 9.916074
10.580447 9.998320
10.658398 10.055875
10.739372 10.131174
10.838782 10.239898
10.932201 10.378068
11.056084 10.526345
11.190177 10.669909
11.360005 10.810074
11.513112 10.975829
11.691456 11.134436
11.794075 11.228682
11.899513 11.320464
12.030018 11.448105
12.174051 11.593872
12.285872 11.704010
12.390187 11.819421
12.547686 11.951261
12.669069 12.109113
12.809514 12.238103
12.944402 12.379402
13.085159 12.543422
13.242361 12.694201
13.363524 12.874316
13.518718 13.037227
13.634319 13.189411
13.707457 13.283678
13.696027 13.293483
13.702033 13.247467
13.715571 13.249342
13.756510 13.267800
13.817392 13.302618
13.889629 13.320262
13.973898 13.359049
14.070733 13.424959
14.190847 13.484018
14.294259 13.529609
14.302925 13.568069
14.268290 13.554365
14.191957 13.529223
14.137030 13.495676
14.094466 13.521060
14.110299 13.561330
14.128204 13.608764
14.152580 13.686265
14.143438 13.779127
14.175831 13.875131
14.233277 13.998514
14.315289 14.101766
14.361790 14.246441
14.425878 14.383936
14.515302 14.540881
14.570492 14.644011
14.597865 14.700297
14.588650 14.650201
14.557619 14.575182
14.494742 14.456863
14.465998 14.363859
14.452511 14.280453
14.446309 14.207294
14.466356 14.189690
14.500257 14.180264
14.549598 14.167893
14.620569 14.182753
14.705713 14.212085
14.812960 14.246085
14.914241 14.305924
15.011671 14.377977
15.105806 14.487543
15.234835 14.587098
15.342748 14.661296
15.365188 14.694520
15.328735 14.699823
15.282582 14.652772
15.189521 14.557675
15.125388 14.505558
15.059019 14.484552
15.059026 14.477633
15.072220 14.501628
15.068841 14.525526
15.101814 14.551545
15.139249 14.586684
15.168180 14.649677
15.228701 14.706260
15.304243 14.786094
15.396275 14.860371
15.484996 14.957707
15.553700 15.018005
15.573491 15.043455
15.524341 15.034544
15.469123 15.016504
15.456621 14.998878
15.426108 14.970891
15.404909 14.960450
15.382695 14.936993
15.374619 14.940448
15.399505 14.979712
15.427718 14.990301
15.460267 15.030932
15.464176 15.092919
15.496168 15.151240
15.566772 15.216834
15.653257 15.301111
15.723704 15.360103
15.732450 15.404230
15.714655 15.403558
15.669632 15.401813
15.637200 15.387293
15.635211 15.404459
15.670959 15.413345
15.678653 15.449182
15.739742 15.509450
15.810297 15.582621
15.893846 15.668766
15.946173 15.732088
16.038073 15.812374
16.143466 15.892272
16.226736 15.993477
16.345449 16.097896
16.471687 16.211278
16.603347 16.340066
16.733162 16.461290
16.904826 16.570886
17.057293 16.690824
17.203086 16.830272
17.288611 16.925507
17.383957 17.031901
17.460224 17.143350
17.537023 17.260305
17.577176 17.386100
17.643576 17.514500
17.734962 17.647967
17.794951 17.804952
17.869615 17.966686
17.953529 18.124075
18.061079 18.261181
18.162051 18.397856
18.294298 18.583835
18.389816 18.725353
18.494091 18.861374
18.579359 19.002887
18.676140 19.137769
18.783057 19.288698
18.873846 19.425089
18.990108 19.561925
19.107889 19.695588
19.219545 19.820787
19.344983 19.934915
19.447394 20.075256
19.535795 20.206031
19.643164 20.301104
19.743197 20.414835
19.861608 20.514811
19.986806 20.630579
20.135312 20.740939
20.274113 20.865655
20.398207 20.992197
20.532977 21.139432
20.651148 21.261718
20.773387 21.393906
20.929518 21.550635
21.087938 21.699407
21.232848 21.864549
21.378123 22.040005
21.499946 22.198345
21.611888 22.364881
21.737967 22.504374
21.868099 22.675458
21.992793 22.855826
22.095638 22.965910
22.166023 23.001416
22.170572 22.944744
22.134070 22.843921
22.082143 22.761765
22.028768 22.684008
21.996573 22.661359
22.001197 22.646507
22.022403 22.649960
22.052607 22.675728
22.088725 22.712714
22.139791 22.760839
22.197400 22.805360
22.260361 22.855267
22.323215 22.918589
22.394653 22.961136
22.467128 23.035367
22.523464 23.121078
22.588253 23.191003
22.649496 23.253754
22.743122 23.324725
22.837525 23.388747
22.922269 23.469024
22.995851 23.559517
23.081278 23.614948
23.154920 23.684319
23.257427 23.754821
23.375187 23.850902
23.481367 23.940657
23.602381 24.047526
23.706717 24.167889
23.830481 24.277830
23.938934 24.366970
24.028314 24.474020
24.102837 24.584010
24.219694 24.703850
24.325434 24.828641
24.425794 24.928157
24.545170 25.027747
24.656735 25.131805
24.767969 25.253466
24.865365 25.339746
24.962459 25.417267
25.072241 25.497811
25.163851 25.572531
25.256630 25.671972
25.330104 25.783693
25.382946 25.877594
25.446803 25.976646
25.533710 26.077128
25.615983 26.196555
25.719582 26.300282
25.815832 26.406667
25.883691 26.448162
25.900563 26.440456
25.854396 26.369390
25.793172 26.268627
25.708768 26.217884
25.653222 26.193208
25.598771 26.188977
25.569533 26.181180
25.569765 26.193036
25.573661 26.209196
25.568814 26.224980
25.580890 26.259115
25.610287 26.295709
25.686097 26.328485
25.739056 26.368625
25.799368 26.430838
25.900885 26.514857
25.989017 26.590305
26.078719 26.681359
26.166429 26.756013
26.253221 26.788329
26.371535 26.840871
26.473564 26.903409
26.578950 26.956298
26.673870 27.042091
26.767506 27.113362
26.802183 27.197696
26.890275 27.279396
26.943797 27.359211
27.023447 27.454183
27.123548 27.534400
27.218596 27.613681
27.274744 27.682741
27.348076 27.789887
27.409833 27.895843
27.452328 27.946681
27.480846 28.004833
27.490866 28.057405
27.501765 28.130861
27.517253 28.193011
27.548575 28.283529
27.602645 28.362169
27.648171 28.457375
27.699855 28.528365
27.742788 28.591694
27.784192 28.665828
27.822918 28.740042
27.850125 28.826494
27.860448 28.889628
27.858057 28.979382
27.886099 29.055687
27.925648 29.119164
27.970795 29.197180
28.033486 29.295070
28.099203 29.411157
28.128379 29.469505
28.128564 29.496199
28.126587 29.479480
28.093772 29.399894
28.062248 29.318219
28.040647 29.226271
28.026447 29.125834
28.011049 29.078562
28.017676 29.017360
28.034541 28.974706
28.069206 28.968233
28.088846 28.957295
28.113547 28.996865
28.170409 29.033761
28.205575 29.057819
28.253651 29.065063
28.287639 29.103862
28.358156 29.146225
28.429536 29.212231
28.463042 29.272772
28.528648 29.349476
28.601394 29.433751
28.645525 29.484355
28.711600 29.539812
28.769646 29.589871
28.857869 29.636186
28.934288 29.700420
28.990382 29.709683
28.988600 29.713067
28.972667 29.737278
28.978277 29.752280
28.953829 29.761664
28.957123 29.816828
28.945762 29.851692
28.993383 29.889577
29.079621 29.925996
29.158605 29.959320
29.214543 30.014328
29.325213 30.098369
29.428366 30.185176
29.502618 30.255599
29.555812 30.363326
29.630234 30.435335
29.713961 30.506585
29.780673 30.592366
29.843536 30.673261
29.925037 30.786075
30.013463 30.862705
30.098226 30.921695
30.188033 31.011553
30.248435 31.064989
30.318551 31.110637
30.338456 31.163842
30.420292 31.246795
30.497632 31.323183
30.549319 31.399155
30.626376 31.510256
30.688242 31.621515
30.782693 31.691171
30.872535 31.806854
30.945521 31.907773
30.992549 31.926393
31.007988 31.891555
30.967374 31.819367
30.912413 31.782333
30.872294 31.759430
30.842067 31.736787
30.829032 31.713397
30.854338 31.679333
30.871390 31.684586
