0.301296
0.315546
0.260029
0.096939
0.284737
0.488468
0.654751
0.679742
0.711220
0.449233
0.279151
0.316802
0.208441
0.062756
0.182953
0.448879
0.858062
1.160910
1.257756
1.207297
1.106157
0.821210
0.778204
0.814860
0.946516
1.296490
1.717856
2.171519
2.619357
3.134056
3.602728
4.040467
4.460342
4.790542
5.102902
5.466350
5.779024
6.090637
6.257570
6.091619
5.748982
5.175540
4.562862
4.004943
3.521961
3.101697
2.706925
2.484308
2.410134
2.327514
2.243366
2.290129
2.223312
2.218414
2.197850
2.087002
2.141196
2.231095
2.575058
2.608724
2.771211
2.966357
3.310939
3.570451
3.909806
4.229893
4.527019
4.906675
5.246162
5.628013
5.946984
6.185798
6.434457
6.528954
6.695789
6.722675
6.617297
6.649641
6.676952
6.737921
6.799201
6.796680
6.967454
7.179905
7.303539
7.313206
7.491263
7.593044
7.619348
7.697083
7.860249
8.043038
8.366772
8.567422
8.961532
9.292106
9.769458
10.169015
10.438903
10.729875
11.211456
11.449610
11.563872
11.721624
11.881566
11.972984
12.111675
12.221407
12.240668
12.353253
12.687241
12.833932
12.781622
12.651276
12.430781
12.291036
12.120137
12.033910
12.028090
12.000533
11.968467
12.088055
12.185636
12.375751
12.571583
12.758525
12.936352
12.729534
12.463462
12.440766
12.661425
12.860593
13.054737
13.229493
13.376641
13.407477
13.564544
13.730677
13.787278
13.702817
13.633632
13.545399
13.516786
13.503507
13.377450
13.013654
12.725569
12.254446
12.074969
11.784587
11.584624
11.332357
11.283851
11.251372
11.224237
11.214932
11.197129
11.222745
11.243743
11.289455
11.283235
11.281514
11.119792
10.924280
11.096628
11.298734
11.437428
11.492613
11.439534
11.460079
11.486844
11.463301
11.514561
11.549845
11.649285
11.687799
11.598748
11.716940
11.961852
12.113852
12.129332
12.245244
12.286555
12.379229
12.451498
12.683278
12.854432
13.086138
13.194399
13.379255
13.641177
13.817395
13.998035
14.180913
14.416486
14.566402
14.734680
14.829521
15.030934
15.165153
15.534527
16.086035
16.419225
16.725628
17.147132
17.490704
18.036337
18.468733
18.875377
19.326561
19.719920
20.192345
20.542734
21.035476
21.582603
22.291917
22.856933
23.398235
24.020830
24.624451
25.280076
26.072966
26.842893
27.578687
28.372434
29.062338
29.847507
30.493207
31.182143
31.708352
32.304939
32.968283
33.429966
34.109313
34.709137
35.273948
35.677790
36.115788
36.538557
37.016502
37.583164
38.082622
38.549885
39.015854
39.150594
38.981726
38.486337
38.129143
37.800807
37.356962
36.864044
36.235588
35.921254
35.491341
34.923543
34.273404
33.926874
33.595168
33.088083
32.638153
32.278687
31.939532
31.592645
31.126471
30.772063
30.394484
30.064750
29.664850
29.367310
29.112196
28.690510
28.400417
27.965525
27.615272
27.126841
26.725139
26.325400
25.798769
25.358011
24.851143
24.381891
24.000048
23.477669
22.960446
22.498289
21.968222
21.437149
20.825965
20.251204
19.705222
19.059347
18.587563
18.015288
17.449817
16.976359
16.519627
16.216742
16.134789
16.236383
16.627183
16.964436
17.440534
18.064569
18.614377
19.158953
19.701043
20.345001
20.971801
21.554128
22.060006
22.738077
23.355323
23.998412
24.590715
25.245367
25.842872
26.359664
26.791418
27.206497
27.736763
28.374223
29.074695
29.808211
30.651613
31.340841
32.096301
32.913374
33.427409
33.957315
34.503208
35.108333
35.467441
35.804612
36.119942
36.407506
36.675139
36.953899
37.218962
37.529379
37.890634
38.446275
38.914528
39.530411
39.963074
40.492378
40.977203
41.614736
42.250699
42.927227
43.368603
43.799648
44.462617
44.715701
44.654351
44.408032
44.061770
43.701000
43.410435
43.009492
42.736202
42.427849
42.085293
41.773528
41.654265
41.426102
41.191011
40.725958
40.212958
39.632173
39.012372
38.539600
37.999018
37.536746
37.146142
36.803443
36.405193
36.019147
35.589008
35.361556
35.235084
35.100497
35.024380
34.853282
34.781461
34.756122
34.768119
34.728619
34.790451
34.933410
34.922999
34.889096
35.236670
35.538803
35.800683
35.949332
35.904969
35.860684
35.820068
35.709745
35.662631
35.551838
35.445567
35.437231
35.314406
35.325305
35.289705
35.198943
35.010869
34.925734
34.844181
34.696098
34.806271
35.046725
35.520970
35.979557
36.372379
36.582630
36.956396
37.133696
37.331603
37.506597
