2.049194 2.014936
2.086124 2.045407
2.191711 2.086394
2.337280 2.106670
2.547049 2.188127
2.798171 2.263251
3.071739 2.355155
3.355744 2.506308
3.623302 2.678737
3.745591 2.727894
3.854224 2.706644
3.931606 2.708170
4.118969 2.719530
3.997954 2.714878
4.004321 2.811001
3.948833 2.833226
4.085156 2.807903
4.104335 2.838834
4.035249 2.737713
3.849768 2.580606
3.507845 2.397911
3.222228 2.166299
3.053110 2.130258
2.872223 2.151564
2.809879 2.263792
2.785168 2.199960
2.795294 2.351346
2.956665 2.529125
2.996949 2.742219
3.265532 3.057267
3.732566 3.618793
4.253365 4.134837
4.772717 4.951204
5.355960 5.668939
5.778016 6.328510
6.245371 6.996917
6.586028 7.566155
6.806024 7.928491
6.955835 8.210850
6.867203 8.300828
6.821842 8.261785
6.285269 8.195827
5.827915 8.122410
5.526005 7.947255
5.367027 7.784379
5.287049 7.768183
5.354277 7.704658
5.482181 7.695988
5.610508 7.643731
5.665714 7.245089
5.360194 6.696178
5.123423 6.012276
4.310405 4.814828
3.880321 3.955549
3.567740 2.862672
3.167329 2.324653
2.805931 2.185171
2.843779 1.899065
2.780257 1.890312
2.680490 1.884329
2.553528 1.923899
2.516237 1.907854
2.554462 2.153720
2.769388 2.452279
3.052663 2.742561
3.395780 3.220161
3.768495 3.770784
4.190802 4.491972
4.420384 5.068508
4.578030 5.593726
4.476844 5.872616
4.482194 6.009173
4.489914 6.005625
4.464760 5.710816
4.442165 5.399602
4.142332 5.131667
4.100816 4.814293
4.128074 4.639030
4.214972 4.562508
4.392010 4.548909
4.381496 3.818845
4.375385 3.563851
4.280816 3.094439
4.319133 2.977199
4.316012 2.743754
4.345107 2.701796
4.250987 2.461564
4.197358 2.447749
4.242006 2.487151
4.148054 2.462039
4.220822 2.467267
4.247435 2.561422
4.329987 2.558367
4.484840 2.647657
4.765785 2.830334
5.039262 3.070412
5.332254 3.346771
5.618534 3.721326
5.930122 4.099047
6.091698 4.616193
6.049590 4.938128
5.875780 4.942809
5.751568 4.905438
5.661394 4.862800
5.687427 4.851373
5.733483 4.734168
5.793672 4.590597
5.774606 4.066235
5.640888 3.496471
5.386092 2.938162
5.049465 2.654146
4.853505 2.478069
4.564235 2.302932
4.351755 2.259188
4.373740 2.364971
4.507955 2.645761
4.729424 3.019976
4.945729 3.431367
5.115550 3.819489
5.201676 4.047147
5.139261 4.000580
4.716048 3.649084
4.058936 2.592614
3.652520 2.205096
3.142858 1.876299
2.804342 1.477749
2.504038 1.521225
2.270836 1.610729
2.109146 1.601019
1.959548 1.538532
1.913616 1.539316
2.028530 1.566163
2.211281 1.618301
2.406901 1.746735
2.637456 1.964684
2.916136 2.144594
3.187098 2.183084
3.328841 2.215812
3.466280 2.163323
3.543226 2.102006
3.532888 1.925160
3.592194 1.749813
3.700725 1.734231
3.664392 1.730779
3.470832 1.408298
3.413311 1.274854
3.221461 1.193282
2.758440 1.175583
2.422439 1.198044
2.314883 1.296832
2.318682 1.436286
2.456791 1.677361
2.567723 1.937930
2.715951 2.183574
2.851483 2.439914
2.818828 2.404656
2.782228 2.248548
2.590135 2.247413
2.498981 1.767114
2.344601 1.724238
2.265829 1.316477
2.114337 1.327411
1.980702 1.330331
1.705484 1.319498
1.602621 1.236390
1.623755 1.210479
1.777352 1.309644
2.044361 1.473097
2.356448 1.522538
2.549244 1.474578
2.691183 1.586508
2.790679 1.391653
2.890520 1.223014
3.016213 1.178579
2.967476 1.237181
2.935230 1.275865
2.957814 1.270447
2.928158 1.325297
2.740193 1.370131
2.567240 1.412697
2.457318 1.434285
2.501954 1.537490
2.644619 1.707887
2.816894 1.904552
2.834448 2.123860
2.930980 2.282724
2.981590 2.223575
2.890366 1.809124
2.638576 1.632279
2.502483 1.563746
2.390117 1.530190
2.197857 1.145051
2.017276 1.151164
1.984616 1.152017
1.972486 1.222238
2.009578 1.291072
2.115779 1.369331
2.281721 1.530056
2.324011 1.632459
2.402100 1.680593
2.528249 1.750807
2.646198 1.882257
2.813664 2.047627
2.992904 2.126993
3.083757 2.207358
3.271421 2.307215
3.369462 2.397992
3.442487 2.480894
3.416315 2.590999
3.330315 2.563871
3.338360 2.455974
3.256867 2.356872
3.147874 2.186043
2.887362 2.181037
2.795539 2.209771
2.719735 2.220768
2.724812 2.257901
2.745220 2.242389
2.928462 2.125908
3.030791 2.182378
3.131292 2.265604
3.357756 2.440381
3.540818 2.563228
3.731863 2.709191
3.874340 2.901334
4.016348 3.116344
4.270405 3.223865
4.522679 3.353754
4.785568 3.427526
4.977452 3.527636
5.220852 3.680185
5.457974 3.811227
5.658672 3.900048
5.867276 4.006035
6.021073 4.057339
6.232200 4.119073
6.291008 4.133285
6.373433 4.078190
6.548181 3.910994
6.641442 3.877707
6.860380 3.827731
6.954714 3.805645
7.074508 3.800787
7.090567 3.799294
6.917404 3.745865
6.590531 3.470735
6.211483 3.155700
5.718218 3.004452
5.367379 2.735119
5.079646 2.533054
4.923631 2.518536
4.900892 2.581113
4.896369 2.741368
4.706877 2.887875
4.668773 3.012451
4.620300 2.977503
4.646333 2.983356
4.563574 3.009786
4.496490 2.997571
4.470064 2.976441
4.521724 2.991678
4.507865 3.010466
4.551428 3.064191
4.403597 3.034749
4.435697 2.937295
4.417516 2.756308
4.396957 2.716532
4.278991 2.735600
4.129133 2.700676
4.001401 2.589664
3.908514 2.490940
3.727469 2.408202
3.393525 2.330253
3.289936 2.213579
3.204309 2.152774
3.034640 2.197093
2.972700 2.206912
2.995474 2.272981
2.998803 2.355276
2.938571 2.478073
2.968371 2.507276
2.997425 2.583197
3.073170 2.678389
3.216364 2.692806
3.331835 2.840058
3.453839 2.857406
3.498697 2.816955
3.432042 2.765846
3.333675 2.765378
3.313696 2.696164
3.302386 2.670179
3.371886 2.590442
3.424707 2.568090
3.504032 2.621566
3.529265 2.617608
3.521013 2.572756
3.356805 2.348009
2.967032 1.950318
2.572799 1.586125
2.165481 1.381896
1.966652 1.435672
1.827644 1.573534
1.899461 1.764259
2.055492 1.930677
2.175184 2.005223
2.306497 2.162058
2.489785 2.264667
2.636121 2.356874
2.781797 2.415115
2.942888 2.445650
3.047499 2.555971
3.150516 2.647416
3.240201 2.759058
3.359684 2.828358
3.485574 2.897156
3.610056 2.915078
3.647391 2.836589
3.532952 2.749524
3.420680 2.621586
3.287908 2.518331
3.210012 2.430817
3.044587 2.495717
2.854248 2.481062
2.845543 2.461389
2.829052 2.447116
2.780559 2.471984
2.881066 2.541888
3.036561 2.599836
3.265198 2.736474
3.412883 2.871494
3.662355 2.964621
3.756328 2.915282
3.836976 2.872425
3.940315 2.900794
3.970534 2.942244
4.116950 2.970810
4.183594 3.028203
4.275044 3.228215
4.349621 3.328564
4.433753 3.441889
4.547191 3.559248
4.681245 3.646903
4.699681 3.663592
4.690969 3.711332
4.599855 3.690938
4.433550 3.748829
4.182131 3.777912
4.377299 3.728072
4.514399 3.664678
4.690807 3.699583
5.022507 3.684365
5.161852 3.682482
5.078701 3.421858
4.902261 3.185157
4.619357 3.021564
4.330854 2.917684
4.109958 2.804309
3.883999 2.806007
3.698561 2.789099
3.659158 2.898417
3.614732 3.007675
3.540919 3.073806
3.510317 3.064692
3.346369 2.995556
3.273148 2.872861
3.310218 2.879776
3.363116 2.953455
3.481304 3.074596
3.553620 3.113937
3.474776 3.087064
3.654722 3.092655
3.641334 3.064473
3.768107 3.065287
3.683341 2.931012
3.789502 2.816414
3.741670 2.625182
3.638566 2.522399
3.437319 2.450415
3.184719 2.349943
2.774491 2.252927
2.645386 2.159370
2.534111 2.130786
2.459795 2.119411
2.629849 2.208149
2.690117 2.170224
2.701933 2.148744
2.636263 2.138468
2.656007 2.146932
2.706423 2.136192
2.703298 2.106775
2.642114 2.181898
2.592218 2.204383
2.484970 2.235930
2.415558 2.278421
2.405020 2.294278
2.429938 2.406889
2.557259 2.463291
2.579711 2.491182
2.651904 2.551768
2.740848 2.659428
2.819804 2.735329
2.902052 2.924356
3.034307 2.898279
3.076292 2.846710
3.174061 2.888916
3.113087 2.905989
3.216460 2.922628
3.263201 2.871522
3.314037 2.905909
3.307062 2.972399
3.326420 2.970371
3.184625 2.840333
2.916579 2.613195
2.589967 2.330314
2.167604 2.056953
1.957340 1.831229
1.796352 1.745881
1.824246 1.808711
1.883170 1.903543
1.964960 2.060066
2.201772 2.190958
