100
80
90
80
90
90
90
80
90
90
90
80
90
130
130
130
130
130
130
130
140
130
130
130
130
130
130
130
130
130
140
130
130
130
130
130
130
130
130
130
140
130
130
130
130
130
130
130
130
120
130
130
130
130
130
180
180
180
180
180
180
180
180
180
180
180
180
180
190
170
230
220
220
220
220
230
220
270
310
360
370
350
360
360
360
370
360
360
360
360
360
360
360
360
360
360
370
360
360
360
360
360
410
410
400
410
460
450
460
450
460
460
450
460
460
460
500
500
500
510
500
510
500
500
500
500
550
600
590
650
660
660
660
650
660
660
650
650
660
650
660
660
660
650
660
660
660
660
700
700
710
710
710
710
710
710
760
760
760
830
820
820
820
830
820
820
830
870
870
880
920
930
930
930
920
920
930
920
920
920
920
930
980
970
980
980
980
970
980
980
990
980
980
1030
1040
1030
1030
1020
1030
1080
1090
1080
1090
1080
1080
1090
1140
1150
1140
1160
1150
1150
1150
1140
1150
1150
1210
1200
1210
1210
1210
1200
1260
1260
1260
1260
1250
1260
1250
1250
1270
1260
1250
1260
1260
1260
1260
1250
1250
1260
1250
1260
1330
1310
1320
1310
1310
1320
1320
1310
1310
1380
1370
1380
1370
1380
1380
1370
1380
1380
1380
1370
1370
1430
1440
1430
1430
1430
1430
1440
1430
1440
1430
1430
1440
1430
1440
1420
1440
1440
1440
1440
1440
1430
1460
1430
1430
1440
1420
1450
1440
1420
1440
1490
1500
1500
1480
1480
1490
1500
1500
1490
1550
1550
1560
1550
1550
1550
1560
1550
1560
1550
1550
1570
1620
1660
1670
1750
1720
1740
1730
1740
1740
1750
1730
1740
1730
1740
1740
1730
1740
1740
1720
1740
1730
1730
1730
1740
1740
1720
1740
1750
1730
1740
1730
1720
1730
1750
1730
1730
1740
1740
1790
1790
1800
1780
1810
1790
1800
1800
1790
1810
1790
1800
1880
1860
1860
1870
1880
1860
1870
1860
1930
1920
1910
1910
1980
1980
1980
1980
2000
2070
2040
2030
2060
2070
2070
2040
2030
2030
2050
2050
2050
2040
2070
2050
2030
2030
2040
2110
2110
2100
2100
2170
2200
2180
2160
2240
2240
2260
2250
2300
2260
2240
2260
2250
2270
2260
2240
2310
2310
