550
550
540
540
540
550
530
560
550
810
820
810
810
820
800
810
810
1110
1100
1110
1370
1360
1360
1360
1350
1630
1640
1630
1920
1920
1920
1890
1930
1910
1910
1920
1920
1910
1910
1920
1920
2190
2200
2180
2190
2200
2210
2190
2190
2190
2180
2180
2180
2180
2190
2190
2180
2190
2190
2180
2190
2200
2190
2200
2470
2470
2470
2480
2480
2470
2480
2490
2470
2480
2480
2470
2480
2470
2460
2450
2780
2760
2750
2740
2770
2750
2740
2740
2760
2750
2750
2760
2740
2750
2740
2760
3050
3030
3020
3030
3020
3040
3040
3020
3010
3040
3020
3030
3070
3030
3020
3040
3770
3560
3630
3640
3600
3610
3590
3530
3750
4040
3960
3480
3380
3250
4480
3230
3670
4350
4280
4430
4300
5020
6040
6030
6050
4320
3850
4070
5750
4280
4620
4190
4640
4660
5760
5870
5520
5760
5880
5880
5960
5880
5880
5860
5890
5860
5870
5950
5910
5940
6110
6230
6150
6780
6810
6570
6660
6770
6820
6700
6680
6650
7120
6990
6980
7090
6910
7060
7020
7060
6940
7040
7020
7390
6810
7470
7540
7520
7480
7150
7130
7100
6970
6950
6960
6960
7020
7000
6970
7150
6950
6390
7050
7180
6990
7060
6970
7090
7130
6990
6980
7130
6970
7020
7000
7400
7410
7500
7570
7380
7470
7460
7600
7810
7800
7800
8320
8170
8150
8180
8210
8200
8610
8660
8850
8680
9020
9220
9220
9100
9090
9000
9030
9150
9050
9270
9080
9050
9110
9140
9100
9130
9100
9070
9320
9070
9810
9560
9410
9570
9570
9400
9950
9860
10520
10510
10430
10510
10380
10400
10370
10670
10310
10430
10380
10590
11490
8400
10270
11150
10490
10510
9820
10260
13440
12040
9590
8390
8600
13450
10220
8480
10030
8460
8830
11190
8940
12350
9690
8510
10520
13320
8830
8860
9250
13590
15250
14930
15310
15370
9690
9680
9710
11840
12760
12900
12810
12360
11890
11870
11890
11900
11850
12050
11890
11970
12300
12210
12560
12750
12860
12640
12580
10120
11800
11230
10280
10230
10190
9660
11020
10590
10490
10480
10580
10590
10580
11890
11020
10640
10610
10570
10940
10950
10940
10940
10950
11010
10960
10980
10980
11180
13090
14150
13390
14360
14210
14040
12410
16310
15620
15220
14380
14560
14190
14010
14660
14640
14770
15080
15360
15270
15430
16190
15900
15900
16140
15660
15400
16620
15620
15980
15690
16330
16230
17160
17250
17730
17290
16840
17570
17580
17550
16430
17420
16660
16650
16970
16220
16100
16960
14970
16370
15780
16170
14630
15890
16030
16040
