0.305148
0.390869
0.422589
0.428439
0.407891
0.337388
0.212810
0.107744
0.237033
0.443447
0.676170
0.908543
1.182431
1.227513
1.458591
1.657862
1.865459
2.032998
2.103430
2.008912
1.739188
1.398431
1.010725
0.574996
0.264858
0.253536
0.567033
1.004731
1.378913
1.734385
2.105206
2.487629
2.982094
3.547553
4.031594
4.597040
5.194487
5.574461
5.743641
5.791813
5.454855
5.011083
4.572292
4.088480
3.635843
3.126116
2.637522
2.136130
1.704425
1.395865
1.341144
1.470594
1.685941
1.955196
2.278561
2.598619
2.905164
3.147605
3.241985
3.161500
2.766861
2.434244
2.177732
2.046145
1.959079
2.143990
2.406855
2.769107
3.222463
3.584516
4.191419
4.638344
5.041465
5.629402
6.254297
6.626207
6.875912
7.107649
7.511215
7.818584
8.147630
8.466103
8.844855
9.276089
9.677644
9.906836
10.132623
10.204493
10.297395
10.430396
10.590444
10.855667
11.032202
11.263929
11.586821
11.833413
12.226482
12.546091
13.042195
13.384093
13.773603
14.110643
14.206162
14.290548
14.372895
14.398934
14.475298
14.543756
14.523342
14.565235
14.867425
15.056854
14.972803
14.816419
14.586036
14.468035
14.335326
14.249774
14.269990
14.362545
14.216955
14.054564
13.797411
13.608011
13.568295
13.467237
13.425857
13.348374
13.171700
13.210877
13.482304
13.835661
14.151264
14.499003
14.935553
15.125634
15.356695
15.592139
16.005169
16.206935
16.414421
16.561041
16.720860
17.030100
17.198170
17.161636
16.549094
16.133930
15.961237
15.715752
15.450520
15.196654
15.038160
14.920820
14.880859
14.909942
15.149002
15.247403
15.374517
15.535516
15.473838
15.457357
15.319186
15.337827
15.494751
15.785263
16.267543
16.728589
17.198381
17.643569
17.869920
18.100642
18.233897
18.339019
18.274483
18.219608
17.981194
17.767623
17.484828
17.406084
17.206014
17.082592
16.864418
16.913476
17.071281
17.163161
17.438880
17.889316
18.588750
19.302230
20.205147
20.851174
21.568389
22.440869
23.045964
23.640582
24.132007
24.559095
24.974478
25.398680
25.910332
26.312011
26.625601
26.915945
27.133743
27.362165
27.652753
27.908408
28.176446
28.387181
28.672947
28.939555
29.283317
29.588269
29.658859
29.766802
29.740058
29.685800
29.835268
30.107195
30.332699
30.697387
31.202514
31.694485
32.150511
32.645726
33.063537
33.518209
33.943160
34.337184
34.793520
35.313242
35.777844
36.278779
36.874663
37.529475
38.022661
38.593192
39.131406
39.570875
40.035560
40.491006
41.058365
41.604399
41.962361
41.792787
41.454176
40.919540
40.523240
40.105792
39.506542
39.084411
38.526004
38.058349
37.479612
36.822148
36.314827
35.607501
35.054808
34.440168
33.942819
33.387127
32.879584
32.487583
31.979812
31.534781
30.895116
30.382160
30.030736
29.581343
29.160701
28.611843
28.127620
27.659652
27.236628
26.754552
26.429455
26.023279
25.806621
25.468913
25.342502
25.075286
24.923310
24.786393
24.782540
24.527343
24.242271
24.092311
24.195193
24.098602
23.951595
23.603214
23.316880
23.076781
22.915248
22.803032
22.991426
23.313086
23.631529
23.766378
24.048000
24.254533
24.579576
24.870983
25.307971
25.748517
26.198724
26.535695
26.856552
27.118794
27.334396
27.455449
27.607224
27.710550
27.994568
28.238745
28.497242
28.851130
28.992611
29.162964
29.309942
29.433817
29.290049
29.328492
29.440992
29.680209
29.997111
30.386597
30.755915
31.216362
31.684795
31.966657
32.126148
32.376745
32.634755
32.989622
33.286009
33.621343
33.935868
34.275868
34.667027
35.007996
35.364729
35.697549
36.053933
36.577115
37.009136
37.546550
38.228805
38.965524
39.640422
40.141636
40.367950
40.314745
39.919522
39.374551
38.813298
38.221215
37.680907
37.143512
36.704277
36.143730
35.677789
35.305052
35.057911
34.710709
34.374858
34.044221
33.624547
33.272147
32.912808
32.410514
31.945186
31.529918
31.201219
30.932188
30.633100
30.232950
30.033081
29.966273
30.005651
30.085791
30.229490
30.315556
30.313056
29.992349
29.697462
29.365072
29.146606
28.919442
28.627932
28.381405
28.047298
27.647870
27.345294
27.007984
26.625490
26.293418
26.181409
25.782578
25.667377
25.437737
25.010256
24.808581
24.567772
24.316258
24.113730
23.855564
23.631242
23.425334
23.245923
23.160525
23.356385
23.538321
23.618110
23.616158
23.420870
23.278773
23.139264
23.083172
23.011690
