40
5550
5760
5830
6010
6090
6260
6320
6450
6600
4050
5210
5340
5430
5550
5300
5890
5970
6170
6340
3890
5140
5260
5410
5530
5690
5780
5900
6020
6170
3480
5230
5340
5470
5600
5720
5850
6000
6180
6230
3960
5220
5350
5470
5580
5730
5840
6000
6100
6280
3950
5200
5370
5480
5580
5720
5850
6050
6110
6260
3990
5240
5340
5460
5440
5720
5850
5990
6090
6320
3970
5210
5350
5480
5590
5750
5850
6110
6110
6240
3970
5210
5350
5530
5590
5710
5890
5960
6010
6230
3810
5230
5350
5510
5600
5730
5820
6050
5870
6260
3870
5160
5260
4960
5490
5750
5760
5900
6100
6190
3890
5140
5230
5360
5530
5620
5860
5870
5810
6190
3960
5210
5330
5470
5670
5740
5840
5990
6140
6100
3950
5210
5360
5470
5580
5050
5030
5140
5590
5350
3370
4440
4460
4180
4830
4900
5020
5130
5250
5370
3360
4460
4600
4750
4870
4940
5030
5150
5290
5410
3360
4440
4570
4670
4810
4920
5010
5180
5260
5370
3340
4490
4570
4690
4790
4910
5030
5170
5260
5370
3350
4450
4570
4690
5050
5140
5020
5150
5250
5380
3270
4380
4540
4590
4730
4830
4950
5080
5180
5310
3350
4450
4570
4730
4810
4920
5020
5440
5280
5350
3360
4450
4560
4530
4170
4900
5010
5170
5250
5370
3340
4490
4580
3880
4790
4920
5030
5140
5250
4600
3360
4460
4570
4680
4790
4920
5030
5150
5330
5400
3350
4450
4540
4690
4790
4920
5020
5140
5250
5380
3350
4470
4560
4690
4840
4900
5030
5140
5260
5360
3370
4450
4570
4670
4810
4910
5040
5130
5300
5380
3340
4490
4560
4670
4790
4910
5070
5130
5260
6370
3330
4450
4560
4710
4790
4930
5020
5140
5250
5430
3350
4450
4590
4770
4780
4930
5070
5120
5310
5360
3350
4480
4520
4620
4740
4840
4960
5060
5180
5340
3350
4440
4580
4680
4780
4910
5030
5130
5250
5370
3350
4450
4570
4670
4790
4950
5050
5140
5270
5400
3330
4450
4560
4680
4790
4900
5020
5140
5250
5370
3330
4460
4560
4660
4820
4960
5020
5130
5250
4650
3770
4490
4730
4780
4840
5850
5280
5240
5350
5510
3770
4530
4970
5620
4950
5370
6250
4610
5740
5950
3530
4790
4950
5160
5300
5370
5360
5430
6140
5890
3700
4700
5100
5160
5340
5260
5450
5330
5340
5460
3430
4540
4890
4780
5040
5360
5390
5640
5750
5660
3680
4930
4660
4720
4030
5010
5120
5260
5360
5480
3440
4560
4650
3720
5280
5050
5140
5890
6040
6010
3610
