220
34320
35730
36150
38510
38170
39600
41040
40990
41850
2240
35360
36250
37130
38590
39410
39930
39560
40180
40830
2300
35350
36830
36510
38320
38450
38960
40480
41180
42400
2280
35890
36460
36860
37120
38480
39440
39640
40340
42090
2230
34540
36380
35990
37660
38700
39820
40540
40520
41470
2630
36080
36840
37010
38450
38360
39830
39380
42260
42650
2220
35650
36160
36630
37030
38850
39190
39750
41400
41420
2200
34420
37220
37160
39060
37830
38520
40620
41270
41130
2510
36020
36270
37690
37730
38520
39540
39640
41040
40870
2220
35490
35040
35830
38290
37850
39270
40060
41150
42270
2450
35350
35860
37260
38300
39030
39460
40050
41050
41900
2350
35430
35600
38400
37510
39680
40920
40560
40740
41570
2440
35100
36440
36140
38140
37530
39410
41240
40550
41180
2470
35700
37300
36220
39070
39160
39080
40160
41000
40980
2230
35200
36660
37590
37260
38520
39520
40270
41120
41200
2390
35340
36030
36400
37760
38930
39090
39910
41710
41400
2640
35290
36970
36650
38520
39210
38670
40460
40580
41490
2610
35240
36520
36360
37800
38460
39480
39430
40910
42090
2190
36160
35730
36790
39520
38980
39480
40540
41370
41970
2520
35490
36540
36350
37030
38470
38740
39870
42400
41530
2320
36010
36020
36890
38480
39730
38940
40190
41540
41900
2230
35040
36380
36530
37210
39430
39720
39650
41000
42500
2320
35400
36700
37520
37570
38220
40440
40170
40310
42290
2550
35390
35170
38810
37800
38260
40130
40200
40900
41820
2330
34800
36740
37020
38980
38590
39420
41220
41610
42740
2650
35480
35990
37330
37820
38960
39610
39720
41440
41140
2230
35110
35840
37710
37950
38520
39720
39230
40790
42410
2220
35190
36240
37250
36990
39180
39660
40430
40730
41820
2290
35610
35640
37350
37830
38650
39040
40900
41500
42630
2470
35610
37270
37620
38260
37650
40770
40840
41130
42690
2470
36170
36240
36850
38660
37750
39840
39780
41020
42840
2230
34940
35660
37790
37630
38460
39480
39880
40130
42200
2330
35110
36010
36240
38510
38590
39290
41820
40850
41130
2650
35370
36280
37960
37360
38490
39390
40180
40470
41660
2220
35560
36210
36790
38950
38610
38990
40300
42090
41620
2410
35100
36960
36550
38260
37660
39070
40230
40100
41700
2250
35070
35700
36510
37410
39350
40450
40410
40560
43500
2320
35870
36180
37680
37920
37810
39080
40220
40540
40960
2370
35220
36330
36450
38140
37900
38540
41920
41010
42770
2250
35240
35770
36940
37520
38170
39030
40550
41460
40560
2210
34580
36360
37120
38220
37950
38870
39890
40340
41930
2470
34700
35380
36860
38280
40110
40050
40320
41400
41300
1710
