3720
3720
3710
3720
3740
3710
3310
3200
3720
3840
3690
3710
3710
3700
3700
3700
3700
3700
3700
3830
3690
3700
3710
3710
3720
3720
3700
3700
3730
3820
3700
3710
3710
3710
3710
3700
3720
3700
3720
3820
3700
3700
3700
3700
3720
3720
3720
3700
3710
3830
3710
3710
3710
3710
3700
3700
3700
3700
3700
3820
3700
3730
3690
3720
3720
3720
3700
3700
3710
3820
3700
3740
3700
3700
3720
3710
3720
3700
3700
3820
3700
3700
3700
3700
3710
3700
3710
3700
3700
3830
3700
3700
3730
3700
3740
3700
3700
3720
3720
3840
3710
3710
3710
3740
3710
3700
3710
3710
3700
3860
3700
3730
3710
3710
3700
3710
3710
3710
3710
3830
3710
3710
3710
3700
3710
3700
3710
3710
3710
3830
3710
3710
3710
3710
3710
3700
3710
3710
3710
3850
3700
3700
3710
3720
3700
3700
3710
3700
3710
3820
3700
3700
3700
3700
3700
3700
3700
3710
3700
3820
3700
3700
3710
3710
3700
3700
3700
3700
3700
3860
3700
3700
3710
3700
3700
3720
3710
3700
3710
3850
3710
3710
3700
3700
3700
3710
3700
3700
3700
3820
3710
3700
3700
3700
3700
3720
3700
3700
3700
3820
3700
3700
3710
3700
3740
3700
3700
3710
3700
3820
3700
3720
3740
3700
3700
3700
3700
3700
3700
3820
3700
3700
3710
3700
3700
3710
3700
3710
3720
3830
3700
3700
3700
3710
3710
3700
3700
3710
3700
3830
3710
3700
3690
3700
3710
3730
3700
3700
3710
3940
3690
3680
3700
3700
3700
3820
3680
3750
3780
4580
3880
3750
3940
3740
2770
3600
3700
4050
4460
4590
4270
3690
3700
3690
3710
3680
3780
3680
3700
3800
3700
3680
3680
3750
3680
3710
3680
3720
3680
3800
3680
3690
3050
3250
3680
3680
3690
3710
3680
3810
3710
3690
3680
3680
4330
3830
3680
3790
3680
3820
3680
3690
3700
3710
3760
4210
4440
4420
4090
3800
3690
3750
3770
4240
4420
3910
3750
3860
3690
3800
3680
4030
4230
4060
4010
4020
4100
4020
4060
4220
4020
3940
4040
4000
3360
4070
3890
3680
3680
4090
4180
3680
4100
4350
3680
3680
3680
3710
3690
3910
3710
3710
3680
3680
3690
3720
3700
3770
3390
3520
3110
3680
3680
3680
3690
3700
3850
4080
3720
3870
3700
3690
3760
3700
3690
3680
3680
3820
4050
3940
3680
3680
3690
3690
3710
4060
4030
4040
4020
4240
4050
3990
4410
4420
4430
4420
4410
4430
4080
4570
4410
4270
3680
3690
4010
4060
3680
3680
3680
3870
3770
