0.291972
0.404719
0.481394
0.505379
0.474429
0.407206
0.326593
0.200825
0.086664
0.221097
0.220005
0.294897
0.246727
0.286374
0.511797
0.736174
1.040072
1.397041
1.728146
1.814457
1.553799
1.091898
0.581892
0.403636
1.002971
1.603571
2.175884
2.616272
3.019533
3.294145
3.531751
3.697655
3.790562
3.677112
3.566908
3.249449
3.114280
2.979156
2.538924
2.280916
1.817253
1.280052
1.046662
0.985156
1.076812
1.327040
1.617551
1.584820
1.531728
1.511747
1.311885
1.027076
0.841777
0.959628
1.018665
1.156305
1.116441
1.057892
0.833097
0.340410
0.212557
0.686840
1.174813
1.632530
2.042314
2.418940
2.813075
3.144037
3.386064
3.444263
3.370558
2.963450
2.715582
2.538822
2.323831
2.209226
2.343170
2.662258
3.027043
3.523737
3.932762
4.234958
4.631159
5.072698
5.392480
5.736543
6.109462
6.600293
7.117210
7.609033
7.808034
8.161676
8.303200
8.564736
8.703302
8.761354
8.850290
9.056539
9.471991
9.745547
9.904344
10.042378
10.235713
10.253125
10.326187
10.358914
10.415658
10.500760
10.543390
10.634141
10.846356
11.272044
11.426901
11.586596
11.788406
12.029437
12.218009
12.466541
12.649092
12.820391
13.038559
13.083909
13.068152
12.934696
12.575640
12.280865
11.998551
11.473104
10.940468
10.589858
10.381684
10.253618
10.043689
9.898790
9.737400
9.625317
9.439875
9.296832
9.013524
9.004986
8.846329
8.743169
8.640320
8.529700
8.407443
8.241684
8.176465
8.191179
8.325805
8.352334
8.322447
8.383068
8.534275
8.630358
8.733193
9.037674
9.280527
9.523608
9.573762
9.472147
9.271892
9.018347
8.569985
8.174224
7.848795
7.759280
7.517420
7.386455
7.206275
6.973747
6.796174
6.512143
6.362991
6.229855
6.029075
5.703691
5.471442
5.288919
5.381996
5.736831
6.055344
6.314481
6.642850
6.950792
7.332394
7.816063
8.387169
9.158296
9.798495
10.514131
11.041070
11.518796
12.075790
12.421409
13.002391
13.577270
14.212654
14.863899
15.442227
15.972287
16.532687
17.018310
17.451199
17.896891
18.394793
18.883886
19.384994
19.868732
20.621824
21.470945
22.397847
23.342102
24.323692
25.177293
26.203580
27.086344
27.885570
28.695285
29.417811
30.129718
30.919103
31.694465
32.479393
33.363896
34.175256
34.913776
35.577792
36.172815
36.494817
36.785738
36.974175
36.841650
36.436179
35.986617
35.519049
34.998175
34.527301
34.216465
33.919963
33.435946
33.064769
32.969945
32.962733
32.979790
32.889132
32.676613
32.516306
32.169279
31.699767
31.070219
30.084468
29.125292
28.011509
26.944657
26.138146
25.164906
24.368533
23.746132
23.261836
22.867278
22.235785
21.453534
20.783995
20.268198
19.804234
19.239905
18.638186
18.197908
17.635169
17.281885
16.585000
15.944209
15.438013
14.921205
14.544263
14.441336
14.545392
14.445193
14.559456
15.036261
15.138728
15.168232
15.506031
15.869121
16.132507
16.088309
16.046047
15.979419
15.849362
15.622673
15.185526
14.696069
14.454353
14.163078
13.938726
13.907130
13.901735
13.948083
14.199445
14.464825
14.771024
15.059510
15.387598
15.639717
15.916821
16.225808
16.389428
16.815515
17.112778
17.576066
18.205382
19.014158
19.967467
21.128318
22.300731
23.686694
25.272125
27.223441
28.719157
29.795883
30.695281
31.458276
32.063367
32.847509
33.658735
34.356986
35.030749
35.666757
36.254183
36.817281
37.032029
37.013542
36.993863
37.172202
37.555604
37.995690
37.927529
37.330601
36.467394
36.503887
38.376616
40.137504
40.822234
41.239899
41.319046
41.658868
42.065749
42.634186
43.125895
43.644901
44.146925
44.440386
44.595589
44.441546
44.154422
43.709297
43.200003
42.758988
42.307940
41.868336
41.382675
40.908385
40.526098
40.213453
39.724854
39.136459
38.380013
37.747184
37.376790
37.005764
36.226546
35.519365
35.064422
34.538090
33.831909
33.385226
32.902983
32.580497
32.478083
32.766170
33.222059
33.615162
33.524394
33.001058
32.683784
32.174122
31.308993
30.249367
29.151621
27.944296
26.781667
25.504559
24.272851
23.246898
22.216563
21.125277
19.944497
18.842149
17.672024
16.694315
15.738521
14.835243
14.049917
13.270325
12.536545
12.115795
11.755856
11.505999
11.605113
11.666955
11.787305
12.082192
12.184705
12.638217
13.113006
13.401631
13.601034
13.762931
14.003684
14.357416
15.017863
