2.066972 2.000043
1.937572 1.847832
1.861833 1.720716
1.849509 1.647859
1.991472 1.596149
2.094644 1.557354
2.257979 1.516464
2.406349 1.495031
2.560021 1.471575
2.693351 1.538990
3.007084 1.737790
3.168879 1.861592
3.391912 2.036465
3.659723 2.285268
3.946849 2.573526
4.226680 2.850745
4.504484 3.021338
4.770428 3.250637
4.877575 3.400506
4.832331 3.401092
4.673449 3.281347
4.399569 2.987876
4.115324 2.716624
3.924768 2.570243
3.490174 2.427171
3.229676 2.280484
3.026094 2.139830
2.805790 1.972490
2.451282 1.740862
2.275767 1.672727
2.407810 1.839541
2.171246 1.738285
1.951755 1.652589
1.893848 1.624888
2.085255 1.710860
2.331945 1.909955
2.619824 2.082204
2.874829 2.226358
3.011437 2.316053
2.883748 2.310086
2.727038 2.200423
2.376323 1.959226
2.120149 1.854590
1.971882 1.780051
1.975782 1.768341
2.005186 1.727118
2.065442 1.909771
2.244029 1.970237
2.501115 2.221096
2.814109 2.467953
3.226327 2.774617
3.580501 3.068407
3.930624 3.429037
4.304739 3.794038
4.723338 4.120184
5.111458 4.442504
5.429429 4.693117
5.593190 4.765741
5.598242 4.754478
5.485884 4.640857
5.338443 4.417937
5.091944 4.199663
4.693982 4.036631
4.222391 3.655623
3.858822 3.337582
3.607862 3.020666
3.206191 2.754539
2.879657 2.490715
2.691952 2.293211
2.507462 1.993383
2.562565 2.066091
2.378403 1.948505
2.376274 1.984724
2.416431 2.117391
2.549105 2.261997
2.666381 2.389433
2.843256 2.561613
3.137551 2.825804
3.448327 3.149366
3.737811 3.471546
4.018115 3.803341
4.278157 4.260593
4.427546 4.582413
4.681701 4.866478
4.842180 5.133639
5.003651 5.318770
5.172652 5.561264
5.385991 5.856858
5.631708 6.239890
5.960086 6.753793
6.208970 7.232007
6.319518 7.840148
6.331778 8.525726
6.412963 9.149396
6.501283 9.617156
6.696224 10.003506
6.862744 10.423010
6.930358 10.708882
6.995627 10.891284
6.838012 10.996880
6.680193 10.965323
6.209432 10.328156
5.820798 9.659729
5.654680 8.797239
5.539621 8.183539
5.539459 7.557833
5.518671 6.911216
5.452914 6.773787
5.488022 6.732589
5.384425 6.475733
5.336189 6.452585
5.148524 6.285924
4.860394 5.918818
4.602284 5.351379
4.589557 5.075900
4.597316 4.726622
4.650098 4.190787
4.584841 3.408579
4.590763 3.108124
4.577175 3.046736
4.610314 3.114445
4.287814 3.135888
4.300451 3.175146
4.212688 3.258519
4.304217 3.325293
4.376547 3.447588
4.339899 3.545531
4.222682 3.400424
3.903428 3.324557
3.537817 3.085701
3.251418 2.942112
3.017249 2.658304
2.829727 2.495054
2.778063 2.391747
2.705318 2.307420
2.748493 2.166290
2.783315 2.314978
2.889601 2.536127
2.962989 2.623718
3.063423 2.770449
3.250153 3.146509
3.395411 3.360521
3.599951 3.580471
3.960130 3.848820
4.238816 3.985845
4.303356 4.027007
4.034629 3.910368
3.739676 3.556698
3.429940 3.167805
3.281441 2.826540
3.205669 2.703797
2.828503 2.364125
2.649380 2.165920
2.513284 2.118452
2.285851 1.928863
2.293536 1.833040
2.283092 1.919543
2.285473 2.043059
2.369857 2.186164
2.471484 2.320965
2.621917 2.398351
2.759936 2.432385
2.827959 2.346684
2.741506 2.240714
2.481381 1.967782
2.225780 1.829927
2.100663 1.801944
2.040698 1.914947
2.032590 2.018960
2.091282 2.110161
2.281001 2.401702
2.457560 2.550514
2.627996 2.663337
2.905549 2.762178
3.219750 2.879204
3.609118 2.895413
3.940271 2.904203
4.150677 2.994807
4.083030 2.940765
3.909415 2.761288
3.814698 2.610061
3.492550 2.435357
3.209483 2.360553
2.869818 2.266515
2.591892 2.084587
2.362808 2.065739
2.229396 2.065698
2.174258 2.115845
2.083934 2.160890
2.055414 2.208885
2.221745 2.480192
2.287590 2.497749
2.279004 2.453520
2.358253 2.487695
2.452038 2.561570
2.510788 2.662141
2.576321 2.758338
2.658171 2.924619
2.636441 3.078711
2.708165 3.057928
2.894731 3.272583
2.895863 3.203002
2.965347 3.050065
3.098718 3.037802
3.245676 2.941952
3.367354 2.852344
3.545274 2.830203
3.686197 2.924850
3.861557 3.067336
4.002798 3.313410
4.298089 3.526956
4.434392 3.777449
4.613964 3.987876
4.861455 4.109398
4.965081 4.289131
5.041648 4.530319
5.215577 4.621357
5.308017 4.780724
5.411542 4.891128
5.588256 5.024417
5.774104 5.299607
5.616710 5.289279
5.624316 5.259755
5.473597 5.226929
5.314713 5.165179
5.119744 4.957551
5.033122 4.831180
4.844145 4.690517
4.864536 4.658634
4.786655 4.624904
5.033325 4.735694
4.936875 4.504467
4.903251 4.308110
4.817388 4.157419
4.674981 3.812727
4.447450 3.537050
4.155673 3.354139
3.934113 3.220849
3.851560 3.086213
3.667172 3.033357
3.885598 3.098511
4.001289 2.954636
4.220543 3.001064
4.328783 2.973049
4.170576 2.828365
3.951535 2.605244
3.612385 2.340790
3.152869 2.088760
2.907597 1.910206
2.758481 1.885592
2.758208 2.047870
2.627942 2.095661
2.624522 2.180058
2.694842 2.366681
2.788455 2.597977
2.974198 2.832429
3.210149 2.959019
3.394857 3.138334
3.573241 3.297479
3.793043 3.501510
4.128123 3.848251
4.220495 3.980521
4.179942 4.192784
4.119631 4.233219
3.973469 4.253492
3.866676 4.231788
3.813337 4.301931
3.716255 4.305005
3.628848 4.349381
3.637189 4.465763
3.977836 4.766715
3.962356 4.674847
3.870046 4.596743
3.941734 4.559230
3.867138 4.487439
3.863866 4.368105
3.830741 4.353208
3.862449 4.362396
3.961974 4.344475
4.131003 4.359309
4.410065 4.618894
4.473070 4.565200
4.713064 4.431965
4.803259 4.313262
4.937554 4.055121
4.952307 3.864596
4.838551 3.698697
4.688540 3.425262
4.379512 3.299048
4.160623 3.205926
4.287631 3.447749
4.170551 3.300412
3.969413 3.245081
3.662439 3.288731
3.612096 3.230985
3.513472 3.180476
3.382453 2.994553
2.977191 2.777927
2.649274 2.524239
2.434998 2.335618
2.468265 2.340319
2.517956 2.400398
2.577030 2.428592
2.609302 2.538105
2.714565 2.593180
2.896690 2.678701
3.107534 2.793348
3.330116 2.957755
3.422064 3.144741
3.644402 3.309238
3.934982 3.584375
3.965873 3.492097
3.928569 3.534623
3.783540 3.625012
3.699599 3.761268
3.543001 3.845195
3.500832 3.871724
3.476594 3.959176
3.478226 3.871652
3.505419 3.917413
3.719355 4.094331
3.841918 4.200438
3.764976 4.207704
3.828421 4.171883
4.022845 4.253940
4.091237 4.248730
4.225468 4.171141
4.376862 4.202709
4.449713 4.279525
4.529740 4.233372
4.699475 4.464239
4.688218 4.260112
4.614198 4.116998
4.679244 4.114751
4.565183 4.089568
4.453288 4.066266
4.425447 4.118854
4.377684 4.096294
4.326564 4.100321
4.348853 4.052726
4.567501 4.279574
4.644676 4.114671
4.758313 4.018618
4.971372 3.950405
4.966753 3.843111
5.058380 3.764348
5.073184 3.731454
5.167333 3.601686
5.200815 3.602999
5.191892 3.647605
5.246872 3.855930
5.030322 3.778973
4.763094 3.322287
4.408501 3.025191
3.928727 2.675065
3.666560 2.451450
3.229290 2.312368
3.173163 2.314609
3.157097 2.397246
3.222416 2.536646
3.366781 2.776137
3.299384 2.883953
3.360242 2.935673
3.500954 3.083162
3.612074 3.217171
3.664906 3.405618
3.731358 3.467603
3.644333 3.624064
3.592061 3.753418
3.749831 3.909443
3.895201 4.119336
3.928037 4.158485
3.899576 4.234219
3.770050 4.215003
3.881036 4.167925
3.937099 4.154364
3.979694 4.185531
4.024205 4.147416
3.991120 4.054102
3.819445 3.845189
3.762840 3.745900
3.610488 3.607591
3.446747 3.504250
3.340230 3.341382
3.272341 3.279864
3.278881 3.256352
3.376428 3.287451
3.425771 3.405904
3.523884 3.602836
3.589101 3.817518
3.859480 4.090285
3.982458 4.179537
4.066521 4.294518
4.164655 4.373229
4.184841 4.376700
4.465127 4.449387
4.539412 4.403817
4.736345 4.419720
4.964690 4.362359
5.186712 4.422121
5.531946 4.664769
5.810921 4.550398
5.910562 4.454708
6.136488 4.269407
5.913888 4.127717
5.773175 4.130433
5.626770 3.778646
5.502206 3.531618
5.087515 3.343769
4.397644 3.202058
4.435430 3.311314
4.108307 3.225465
3.461948 2.924238
3.045906 2.639961
2.891963 2.425884
2.763600 2.254815
2.648068 2.152500
2.701917 2.034648
2.697114 2.107624
2.782989 2.245263
2.957328 2.523517
