0.319961
0.431795
0.485698
0.488994
0.470397
0.443184
0.415810
0.446950
0.556025
0.763587
0.985230
1.228372
1.512454
1.820467
2.135950
2.483345
2.838880
3.100025
3.306769
3.285722
3.066610
2.713414
2.377056
2.060046
1.725174
1.448271
1.265899
1.235206
1.370604
1.630675
1.931450
2.264486
2.644860
3.054512
3.504978
3.974507
4.423546
4.777752
4.998280
4.993520
4.755137
4.347453
3.944951
3.570990
3.236524
2.917254
2.649348
2.432392
2.283305
2.259659
2.336647
2.521671
2.808437
3.158955
3.559175
3.968222
4.360232
4.677677
4.801312
4.616017
4.221024
3.879979
3.583908
3.361149
3.225189
3.148040
3.175126
3.279659
3.455735
3.664149
3.910548
4.207015
4.521597
4.860935
5.210195
5.546064
5.853128
6.218404
6.582658
6.974488
7.362339
7.768558
8.188881
8.590493
9.039499
9.304688
9.481478
9.666576
9.870049
10.099085
10.356659
10.608006
10.874548
11.142862
11.431661
11.726093
12.045004
12.345945
12.649388
12.973462
13.329874
13.499907
13.491764
13.500151
13.515932
13.566167
13.650911
13.724938
13.839586
14.031522
14.370068
14.655993
14.711138
14.605366
14.511685
14.405626
14.284317
14.203002
14.130602
14.059309
14.036714
14.004659
14.009875
14.021483
14.075296
14.119803
14.021788
13.694331
13.295618
13.052041
12.979183
12.904164
12.888122
12.868041
12.860776
12.849170
12.882704
12.920402
12.993384
13.071913
13.187568
13.316547
13.440502
13.592906
13.589323
13.296268
12.901354
12.664566
12.542450
12.407761
12.265404
12.175197
12.090815
12.001545
11.976663
11.940408
11.920602
11.968489
12.043621
12.119234
12.210778
12.173063
11.915645
11.594400
11.363587
11.237365
11.169119
11.105907
11.071822
11.050719
11.024023
11.046624
11.099979
11.159808
11.240224
11.312348
11.402462
11.591834
11.960771
12.264490
12.528059
12.823545
13.102403
13.426752
13.766666
14.108244
14.420637
14.755036
15.107897
15.446289
15.802340
16.142325
16.540192
16.918407
17.305572
17.698581
18.109423
18.500523
18.953101
19.362664
19.882497
20.397328
20.933559
21.445565
21.953063
22.443726
22.959982
23.468766
23.970003
24.503434
24.992360
25.512518
25.985057
26.493532
26.991900
27.493685
27.998880
28.479704
28.965793
29.440220
29.892911
30.365912
30.824062
31.310328
31.794176
32.290490
32.757925
33.235967
33.722359
34.199833
34.698507
35.183291
35.678358
36.177605
36.662898
37.170157
37.680241
38.203374
38.709191
39.215031
39.729087
40.198728
40.717627
41.083393
41.261352
41.139855
40.771921
40.231985
39.729097
39.240065
38.733851
38.200839
37.686208
37.168569
36.687175
36.208304
35.716851
35.211057
34.705111
34.212450
33.700994
33.220804
32.714200
32.199239
31.703917
31.224415
30.756696
30.300669
29.842463
29.371098
28.901758
28.392931
27.884483
27.363057
26.843829
26.287334
25.722409
25.175636
24.629595
24.059622
23.488985
22.932499
22.387506
21.866990
21.354876
20.840487
20.324663
19.836841
19.326422
18.828412
18.309991
17.818260
17.295686
16.787308
16.276965
15.866714
15.612919
15.656949
15.992380
16.525548
17.041422
17.571755
18.076948
18.610337
19.119762
19.646264
20.189271
20.708307
21.225509
21.750806
22.262945
22.767917
23.280800
23.797350
24.281355
24.768717
25.100013
25.410113
25.687867
25.974537
26.259478
26.540090
26.887237
27.365330
27.884582
28.381502
28.881371
29.386023
29.887607
30.378411
30.859433
31.230731
31.594856
31.933309
32.252535
32.579820
32.897371
33.197252
33.494016
33.793530
34.098947
34.423102
34.803962
35.163066
35.499448
35.951469
36.425213
36.903358
37.400291
37.863227
38.347442
38.691625
38.835673
38.682502
38.325854
37.838470
37.363572
36.840404
36.329503
35.809655
35.303051
34.797317
34.296857
33.913422
33.553309
33.190243
32.851380
32.512783
32.181794
31.848868
31.493300
31.184144
30.863992
30.542357
30.075461
29.585299
29.079405
28.584240
28.242806
28.070983
28.114766
28.152535
28.230358
28.312219
28.214076
27.884076
27.386906
26.869534
26.390634
25.908783
25.421625
24.945171
24.476368
24.003012
23.514994
23.030558
22.543526
22.052995
21.526822
21.013260
20.483011
19.950775
19.452525
18.930647
18.453056
17.956764
17.453706
16.948854
16.479420
15.991150
15.529256
15.165918
14.953920
15.061449
15.400626
15.798804
16.206327
16.605050
17.015627
17.438002
17.850294
