0.305177
0.355896
0.220863
0.139875
0.169536
0.358878
0.601269
0.767674
0.938938
1.045318
1.152205
1.333050
1.518790
1.646817
1.793966
1.873703
1.822402
1.820044
1.733404
1.539050
1.369941
0.954164
0.626763
0.538868
0.702143
0.965333
1.306901
1.670600
1.975858
2.228340
2.363135
2.357258
2.213302
2.148161
2.079002
1.998878
1.978616
1.988062
1.771140
1.442581
1.140839
0.782896
0.738865
0.944062
1.129770
1.235687
1.266183
1.203266
1.070141
1.020067
0.966446
0.606356
0.549689
0.526605
0.480066
0.365427
0.206175
0.127949
0.308249
0.434589
0.636372
0.788776
1.102547
1.427907
1.696247
1.956274
2.079453
2.057288
1.823234
1.448613
1.435865
0.811758
0.453594
0.439552
0.511714
0.455518
0.266466
0.252903
0.337691
0.642393
0.995326
1.610277
2.156093
2.749663
3.472618
4.107923
4.701765
5.507223
6.297834
7.083000
7.775389
8.728714
9.587894
10.340997
11.022885
11.702748
12.277339
12.812733
13.270687
13.605227
13.926611
14.020365
14.003691
14.025405
14.168883
14.220169
14.338378
14.332459
14.359465
14.422218
14.772201
14.955630
15.122554
15.068122
14.934645
14.883055
14.864863
14.776787
14.728787
14.623362
14.562699
14.573203
14.519172
14.478962
14.332088
14.201056
13.867055
13.461428
13.038296
12.867234
12.882876
12.864901
12.819992
12.893323
12.894819
12.983973
13.019062
13.210666
13.292100
13.437458
13.723226
13.843337
13.973715
14.131907
14.099426
14.015914
13.960559
13.949387
13.962542
13.840012
13.613727
13.334883
13.095007
12.901801
12.605335
12.376011
12.115582
11.780701
11.641199
11.609582
11.636949
11.452064
11.147342
10.758748
10.614786
10.838787
10.937613
11.096574
11.291235
11.483963
11.546857
11.585267
11.631250
11.830328
12.073480
12.327182
12.576443
12.946011
13.376206
13.615355
13.676030
13.787720
13.889872
14.065616
14.279642
14.441281
14.728839
14.987519
15.191768
15.348381
15.626546
15.835506
16.045403
16.161959
16.258941
16.554712
16.751657
17.020406
17.423958
17.871514
18.483535
18.987494
19.421571
19.817482
20.251303
20.673243
21.296816
21.874385
22.587789
23.253786
23.822454
24.484484
25.131836
25.795163
26.408764
26.940818
27.588107
28.234263
28.849957
29.406317
29.934771
30.732569
31.440319
31.930965
32.495406
32.946789
33.484751
33.997634
34.509489
35.013865
35.579771
36.043811
36.705272
37.230941
37.854685
38.460257
38.884016
39.302747
39.690707
40.178859
40.416826
40.534665
40.657745
40.657747
40.394030
39.917540
39.491703
38.909985
38.313031
37.805485
37.376384
36.836656
36.363061
35.971273
35.556648
35.327331
35.124625
35.127818
35.144234
35.151191
34.936985
34.755439
34.577313
34.440414
34.351934
34.447183
34.394345
34.470709
34.318879
34.134077
34.024349
34.393377
34.466439
34.442902
34.308870
34.223504
34.093147
34.023877
34.091676
33.980156
33.984391
33.955774
33.869126
33.669685
33.444853
33.253893
32.993240
32.593091
31.699106
30.564042
29.320251
26.714242
23.031135
19.409931
16.703527
15.247463
14.810925
15.047608
15.603593
16.280388
16.964168
17.674740
18.372293
19.076173
19.746679
20.257267
20.652687
21.000361
21.275757
21.536332
22.082916
22.534618
23.117366
23.788377
24.550362
25.266368
25.945012
26.524433
27.158321
27.821705
28.358300
28.507544
28.890796
29.440811
29.996045
30.578013
30.993182
31.431734
31.782420
32.048333
32.392074
32.772623
33.095367
33.428887
33.800097
34.187967
34.658208
35.093918
35.544152
35.990756
36.372133
36.759248
37.189935
37.582594
37.770773
37.805350
37.741184
37.444650
37.275184
37.191026
37.268434
37.118702
36.775016
36.510921
36.327260
36.126538
35.843612
35.531558
35.168856
34.833813
34.477437
34.289600
34.039059
33.785421
33.414938
33.129082
32.831266
32.547852
32.126131
31.782974
31.411769
30.928071
30.538194
30.483046
30.419890
30.393773
30.375020
30.354200
30.510431
30.712359
31.078932
31.619417
32.020960
32.330271
32.549054
32.492850
32.306319
32.100310
31.822256
31.559334
31.286875
31.110980
30.834762
30.530598
30.140016
29.642738
28.861396
27.797537
26.274383
24.454300
23.268034
21.153703
19.611681
18.261731
17.360725
16.466019
15.873332
15.384688
14.863471
14.406237
13.901699
13.562066
13.641091
14.051996
14.583417
15.095936
15.453429
15.751214
16.039305
16.352360
16.719010
