1.979323 2.052583
2.004720 2.074817
2.081680 2.116721
2.230316 2.141530
2.403648 2.184714
2.639977 2.266894
2.863588 2.368362
3.141939 2.496185
3.447667 2.624962
3.755416 2.818317
4.078557 3.049738
4.411273 3.266267
4.767665 3.484004
5.105226 3.709868
5.435054 3.937997
5.745077 4.167812
6.036277 4.418688
6.251712 4.609957
6.339585 4.714611
6.307649 4.703566
6.157904 4.600142
6.018116 4.459461
5.925132 4.386242
5.864750 4.343789
5.876913 4.371123
5.937547 4.445775
6.028615 4.536023
6.141387 4.684802
6.296690 4.850864
6.465308 5.073534
6.620243 5.279349
6.779635 5.544422
6.935855 5.825336
7.113735 6.089513
7.274698 6.380802
7.475508 6.658267
7.688651 6.953218
7.847414 7.161490
7.928214 7.241158
7.921519 7.192515
7.860210 7.036559
7.788489 6.874443
7.710083 6.761388
7.677007 6.675281
7.700817 6.649134
7.741427 6.669009
7.811225 6.677624
7.910514 6.741162
8.021787 6.829301
8.180881 6.895403
8.348310 6.981887
8.506826 7.092000
8.671239 7.244394
8.838377 7.408358
9.010252 7.575909
9.194345 7.785111
9.347868 7.913313
9.422929 7.968480
9.412075 7.927152
9.338083 7.824888
9.233191 7.710077
9.187691 7.651017
9.156223 7.599364
9.168896 7.581779
9.189441 7.590676
9.203688 7.628418
9.258214 7.707299
9.329042 7.797080
9.396449 7.937646
9.505853 8.066340
9.611314 8.205910
9.739544 8.393975
9.901233 8.575234
10.062284 8.724340
10.166264 8.845106
10.225727 8.952435
10.287763 9.031585
10.348344 9.115485
10.453580 9.196581
10.591356 9.306388
10.745960 9.408150
10.909430 9.537482
11.036925 9.675689
11.195362 9.816188
11.376899 9.973991
11.475498 10.048044
11.588738 10.142814
11.688716 10.227077
11.811330 10.310765
11.950195 10.394839
12.072128 10.474141
12.195457 10.564629
12.345559 10.684220
12.492265 10.829103
12.641027 10.996742
12.788962 11.143369
12.960389 11.312965
13.150311 11.483236
13.320697 11.670826
13.447318 11.798526
13.538384 11.885594
13.524599 11.863205
13.470255 11.792324
13.426009 11.753237
13.388493 11.744284
13.367457 11.766166
13.372850 11.792649
13.407561 11.828621
13.445056 11.897053
13.511720 11.984148
13.602687 12.062928
13.657991 12.097039
13.667435 12.084091
13.639581 12.047547
13.654505 12.020742
13.679911 12.036712
13.732197 12.063810
13.785575 12.112986
13.850842 12.175334
13.932942 12.269679
14.022837 12.358674
14.111600 12.440697
14.206012 12.571320
14.334195 12.726985
14.449024 12.852502
14.553578 12.987444
14.611581 13.102888
14.624598 13.154167
14.624540 13.124387
14.543970 13.022008
14.470221 12.946164
14.441077 12.935209
14.415824 12.916674
14.376649 12.933066
14.337021 12.986161
14.319451 13.038493
14.325970 13.129483
14.348687 13.229758
14.395246 13.349502
14.442689 13.479364
14.495875 13.606474
14.552170 13.747884
14.631919 13.891681
14.703133 14.032652
14.750314 14.131201
14.779616 14.196768
14.761759 14.149333
14.728858 14.075946
14.723710 13.999128
14.715223 13.983194
14.708193 13.985156
14.720670 14.008012
14.773534 14.048485
14.829886 14.079076
14.899356 14.140749
14.970842 14.192262
15.089741 14.254799
15.222643 14.311389
15.338923 14.388870
15.478875 14.467257
15.606811 14.545091
15.727623 14.606868
15.793869 14.658557
15.803520 14.658112
15.769858 14.609731
15.713181 14.572974
15.653202 14.585640
15.634354 14.578581
15.606388 14.573691
15.591275 14.590195
15.578200 14.603259
15.575690 14.644629
15.583438 14.651596
15.619110 14.697704
15.649984 14.774480
15.677583 14.868188
15.725030 14.981532
15.741202 15.013831
15.752828 14.987428
15.717349 14.987637
15.680033 14.971010
15.645736 14.945653
15.643551 14.947850
15.690993 14.949371
15.714451 14.966419
15.780630 14.987507
15.821851 15.026299
15.886350 15.066774
15.946570 15.162872
16.009951 15.229979
16.117121 15.317290
16.227727 15.383771
16.343011 15.482230
16.471187 15.587461
16.597181 15.699518
16.729081 15.813613
16.885454 15.929343
17.024873 16.011466
17.178075 16.110354
17.271272 16.173043
17.390054 16.249854
17.483393 16.321246
17.582862 16.384155
17.722125 16.476667
17.824877 16.599233
17.960135 16.730389
18.096756 16.857151
18.235612 16.963497
18.369174 17.068594
18.521194 17.177708
18.695073 17.321445
18.861551 17.466015
19.004773 17.622685
19.154561 17.751274
19.274168 17.915407
19.411247 18.034031
19.560353 18.180680
19.686902 18.318205
19.828375 18.470451
19.937391 18.599539
20.073727 18.732273
20.219166 18.858693
20.375958 18.989026
20.522523 19.117330
20.670648 19.233097
20.825970 19.360357
20.983659 19.499515
21.136994 19.635432
21.262801 19.779414
21.383787 19.930220
21.484293 20.085606
21.574977 20.218568
21.677485 20.337530
21.773833 20.488328
21.888945 20.630620
22.005612 20.737635
22.119196 20.837517
22.224340 20.930900
22.339086 21.044811
22.456625 21.118445
22.563968 21.210978
22.705514 21.283256
22.861235 21.367278
22.957151 21.419082
22.984572 21.438228
22.931565 21.435204
22.808934 21.452022
22.700845 21.484397
22.601357 21.519194
22.532118 21.545311
22.493239 21.595308
22.447654 21.647211
22.406999 21.737020
22.372518 21.813261
22.342939 21.913003
22.336614 21.980331
22.334247 22.051386
22.346574 22.171589
22.392642 22.265575
22.468424 22.363510
22.542838 22.434948
22.613792 22.510632
22.713175 22.579701
22.807636 22.652837
22.904719 22.747560
23.016075 22.847115
23.098656 22.930267
23.202466 23.024291
23.287522 23.143224
23.389241 23.233374
23.490421 23.308220
23.568069 23.391023
23.651308 23.445165
23.740821 23.558692
23.805943 23.658211
23.890034 23.783013
23.989809 23.909565
24.080946 24.040609
24.182199 24.172701
24.266973 24.287744
24.378318 24.431660
24.456014 24.565149
24.528688 24.725049
24.588482 24.887156
24.677448 25.033540
24.773658 25.188233
24.889785 25.334303
24.971996 25.459424
25.080343 25.566427
25.167247 25.687096
25.249569 25.794787
25.341158 25.900800
25.452330 26.010063
25.551564 26.112381
25.652622 26.254676
25.747719 26.308557
25.812076 26.339210
25.815746 26.320000
25.781540 26.262684
25.717943 26.183572
25.642709 26.095096
25.592045 26.056728
25.528806 25.997142
25.504683 25.948896
25.491786 25.927700
25.490381 25.878192
25.535339 25.862538
25.585564 25.850540
25.616127 25.863131
25.645537 25.853049
25.694081 25.894400
25.741364 25.909742
25.794449 25.937848
25.877317 25.981541
25.959176 26.023835
26.031897 26.096114
26.125192 26.131109
26.218302 26.190427
26.332363 26.265041
26.433132 26.339947
26.562476 26.412600
26.681396 26.524220
26.764170 26.603410
26.822305 26.682125
26.890720 26.756110
26.973864 26.832866
27.049006 26.931543
27.125162 27.013732
27.196916 27.060535
27.295407 27.145212
27.393925 27.229463
27.455174 27.238380
27.481059 27.248759
27.507478 27.260182
27.543281 27.270710
27.573938 27.263827
27.608490 27.294522
27.622265 27.353433
27.676079 27.391054
27.754047 27.444246
27.850908 27.498720
27.922048 27.563649
28.001102 27.608954
28.091013 27.675143
28.150690 27.740777
28.240983 27.784207
28.351935 27.875913
28.428931 27.971341
28.512571 28.043306
28.607814 28.108701
28.667133 28.194805
28.712993 28.267920
28.742129 28.284728
28.743795 28.295053
28.707297 28.214135
28.681074 28.124737
28.653261 28.083620
28.631848 28.055796
28.649605 28.006835
28.659760 27.992126
28.661552 27.947901
28.696223 27.931279
28.714441 27.953661
28.719280 27.983485
28.773347 28.037682
28.821585 28.096054
28.887847 28.173343
28.972623 28.256906
29.054816 28.341159
29.103064 28.393828
29.170649 28.453597
29.252703 28.517320
29.329147 28.583260
29.391339 28.646116
29.484831 28.735907
29.612840 28.814778
29.703431 28.873102
29.813469 28.954051
29.884370 29.001252
29.916823 28.989662
29.922309 28.962647
29.972378 28.947666
30.026698 28.927345
30.109838 28.931115
30.165650 28.966601
30.203394 29.022210
30.239616 29.065647
30.281401 29.104086
30.336668 29.172894
30.421930 29.248502
30.505682 29.327375
30.592359 29.388231
30.704914 29.454025
30.818171 29.493601
30.967767 29.569324
31.056110 29.630378
31.152585 29.699234
31.251159 29.798811
31.330441 29.892716
31.429114 29.989521
31.539012 30.058693
31.639363 30.118664
31.725689 30.189897
31.814296 30.290239
31.932978 30.374437
32.038651 30.454282
32.151596 30.536377
32.251553 30.619223
32.334694 30.691945
32.412640 30.803087
32.503889 30.888365
32.596064 30.964415
32.661605 30.987596
32.692268 30.950673
32.652506 30.894467
32.597575 30.875850
32.518922 30.871182
32.470888 30.855897
32.422215 30.839823
32.380728 30.854674
32.368055 30.841722
