0.187947
0.273223
0.322977
0.310057
0.283061
0.173319
0.041772
0.177166
0.411503
0.592314
0.921089
1.126826
1.313575
1.522666
1.896630
2.176396
2.617068
2.835676
2.989776
2.969229
2.684358
2.230889
1.893582
1.624081
1.383431
1.383309
1.410965
1.462166
1.588758
1.796986
1.940954
2.024733
2.198228
2.322552
2.404828
2.626153
2.835852
2.987483
3.210072
3.243850
3.093394
2.737897
2.634542
2.728539
2.987540
3.237990
3.393319
3.389115
3.359554
3.263485
3.209790
3.095393
3.098025
3.192541
3.107312
3.143219
3.231312
3.325814
3.471000
3.467066
3.434769
3.437073
3.492020
3.533343
3.704212
3.772921
3.886954
3.917765
3.895768
3.749976
3.738276
3.604362
3.387715
3.413210
3.562353
3.944694
4.246893
4.630427
4.968612
5.368381
5.767130
6.278135
6.708375
7.233757
7.658018
8.049186
8.552910
9.082718
9.807743
10.402052
11.162462
11.943608
12.654207
13.229385
13.914052
14.683379
15.471081
16.247408
17.061235
17.586940
17.934358
17.986612
17.669516
17.376657
17.066658
16.524378
16.052310
15.720571
15.379529
15.280487
15.493053
15.905205
16.193829
16.459556
16.669163
17.032144
17.404148
17.866013
18.284276
18.794232
19.325865
20.047855
20.742381
21.267905
21.987486
22.601184
22.920038
23.076327
22.765853
22.393312
22.090522
21.589113
21.147609
20.633850
20.114355
19.616509
19.006012
18.424677
17.762019
17.095375
16.588971
15.991356
15.456315
15.048824
14.344774
13.601951
13.242624
13.244318
13.626256
14.064155
14.463101
15.002756
15.458763
16.099125
16.921892
17.768855
18.629425
19.568505
20.549324
21.586617
22.600809
23.196479
23.329687
23.076202
22.548039
21.871106
21.297572
20.643033
20.020204
19.326793
18.549552
17.700014
16.840115
15.874450
14.764084
13.788575
12.877902
12.385228
12.522653
13.057466
13.785524
14.591903
15.339630
16.113358
16.943075
17.730390
18.507770
19.286147
20.081145
20.948432
21.831190
22.660423
23.645984
24.601469
25.438140
26.346409
27.240549
28.036548
28.923167
29.632004
30.212513
30.742308
31.226038
31.742090
32.274942
32.851747
33.414674
33.945359
34.491731
34.969633
35.642076
36.377102
36.981708
37.445481
38.003094
38.479735
39.040500
39.909036
40.908222
41.754390
42.606306
43.365002
44.289369
45.046266
45.953756
46.697162
47.739582
48.569650
49.312934
50.132339
50.689127
51.389974
51.940554
52.494107
53.329639
54.052380
54.488270
54.832195
55.481474
56.088562
56.502606
57.051567
57.655690
58.116064
58.512703
58.808573
58.850904
58.689238
58.387648
58.056601
57.757907
57.616371
57.384346
57.074829
56.931879
56.693749
56.403684
56.200008
55.912542
55.646290
55.367561
55.346704
54.870793
54.397627
54.109867
53.651682
53.290649
52.806200
52.149001
51.770535
51.370107
51.034507
50.848246
50.810367
50.370628
50.048644
49.840777
49.665175
49.462829
49.212851
49.039360
48.897282
48.681622
48.379145
48.125609
47.949734
47.791735
47.769020
47.603344
47.514936
47.615607
47.666909
48.056263
48.012811
48.086740
48.384442
48.328156
48.358533
48.810640
49.735653
50.346161
51.056704
51.563723
52.524059
53.247327
53.877824
54.584963
55.008889
55.633669
56.040404
56.389169
56.804691
57.120218
57.412897
57.656981
57.781277
57.490258
56.828762
56.319892
55.723706
54.727046
53.509621
52.816344
52.384258
52.148180
51.952504
51.736861
51.592454
51.784024
51.977525
51.889144
52.177926
52.461380
53.004919
53.426389
53.762720
54.116858
54.634006
55.149617
55.559239
56.078463
56.766240
57.563506
58.180631
58.871492
59.598925
60.467466
61.151896
62.184295
63.239535
64.493627
65.270386
65.580394
65.596221
65.485056
65.206757
65.120295
64.834505
64.488518
64.315757
63.888021
63.526606
63.186139
62.515838
61.645294
60.814511
59.586310
58.647723
57.603936
56.539384
55.520105
54.761483
53.850052
53.199416
52.633469
51.782236
50.986277
50.229946
49.839252
49.899633
50.258561
50.722912
51.051333
51.425558
51.552464
51.288023
50.836708
50.387245
49.996782
49.580161
49.159015
48.761348
48.444138
48.057929
47.803523
47.387422
47.050134
46.744167
46.565898
46.488856
46.279900
46.396632
46.348477
46.493819
46.718460
46.916855
47.424536
47.972130
48.449367
49.031842
49.603177
49.906443
50.031659
50.073509
50.738554
51.725270
52.493953
53.196654
53.897319
54.539057
55.105029
