0.194372
0.246480
0.268955
0.211126
0.270111
0.331404
0.371744
0.442142
0.598005
0.706716
0.844056
0.948810
1.144021
1.324420
1.498620
1.668598
1.800196
1.822930
1.748355
1.630940
1.449415
0.905049
0.673829
0.583074
0.454040
0.440267
0.460446
0.613773
0.859180
0.985424
1.125216
1.271848
1.398690
1.458519
1.616584
1.858767
2.162676
2.457043
2.578561
2.547942
2.278511
1.805755
1.406258
1.054969
0.761790
0.684227
0.814557
1.073615
1.381512
1.734813
2.082376
2.357410
2.540430
2.668696
2.777094
2.818865
2.892714
3.058952
2.997521
2.806498
2.631907
2.411247
2.438517
2.458688
2.575895
2.557761
2.611489
2.585783
2.657850
2.618992
2.743623
2.763605
2.824954
2.931425
3.018246
3.164973
3.344351
3.563832
4.019954
4.354577
4.779633
5.325704
5.804594
6.329635
6.675811
6.856313
6.887544
6.744901
6.520689
6.158395
5.827280
5.450943
5.162912
4.834330
4.493896
4.095963
3.614576
3.360525
3.350764
3.256941
3.266326
2.269922
1.653931
1.234743
1.093114
1.287119
1.587914
1.892376
2.051133
2.146472
2.289598
2.055063
1.766460
1.490198
1.250973
1.043960
0.960578
0.988101
1.072859
1.296680
1.514087
1.988682
2.734504
3.638164
4.694628
5.851528
6.744400
7.430496
7.669254
7.691096
7.473182
7.313342
6.799704
6.130371
5.179621
4.150675
3.223187
2.317239
1.573424
1.146341
1.480885
1.909342
2.391243
2.936479
3.190883
3.299588
3.135744
2.826308
2.324614
1.839404
1.359492
1.178511
1.013018
0.917523
1.029162
1.509208
2.167774
3.163664
4.318320
5.551993
6.541260
7.571637
8.010891
7.992114
7.801508
7.563248
7.256423
6.726454
6.093071
5.274943
4.514548
3.250115
1.947325
0.814451
0.393709
1.454701
2.471115
3.237522
3.577992
3.461874
3.066530
2.801948
2.522393
2.291434
2.213580
2.300557
2.516011
2.758303
3.036955
3.450313
3.890188
4.796048
6.023057
7.296724
8.735465
10.200880
11.803564
13.308456
15.095326
16.615546
17.556794
18.851211
20.072637
20.919675
21.760010
22.550874
23.319002
24.131169
24.814327
25.588472
26.247475
27.040801
28.082764
29.056172
29.904887
30.734531
31.563235
32.270311
33.091776
33.771736
34.314920
34.748910
35.212782
35.507937
35.624567
35.535093
35.286485
34.889518
34.597407
34.429421
34.485890
34.380978
34.415569
34.424380
34.671571
34.724115
34.896787
34.963979
35.089248
35.284950
35.454286
35.770915
36.065460
36.302954
36.325713
36.144388
35.910889
35.577586
35.179059
34.769542
34.418065
34.040281
33.766831
33.534733
33.268693
33.139776
33.115304
33.022604
32.980198
33.075304
33.001842
33.257989
33.244701
33.330027
33.239518
33.146172
32.986248
32.801230
32.677121
32.425109
32.218246
32.047147
31.691797
31.345113
30.996218
30.579418
30.079383
29.650869
29.087955
28.438697
27.799342
26.649430
25.431752
24.313747
23.226028
22.341032
21.645258
20.991254
20.485473
20.084757
19.608911
19.063971
18.654092
18.144892
17.444970
16.716497
16.251958
16.163533
16.529544
17.163827
17.781386
18.482174
19.174223
19.831844
20.522358
21.042080
21.545221
22.025969
22.418990
22.736241
23.396286
23.776537
24.324523
24.838824
25.521194
26.256271
26.682561
27.082668
27.513158
28.016723
28.488991
28.897369
29.364721
29.951840
30.473870
31.042185
31.573184
32.142717
32.649245
33.156928
33.545819
33.599482
33.658575
33.580137
33.618733
33.724863
33.775854
33.924131
34.099026
34.136640
34.282891
34.249939
34.160325
34.005245
33.846859
33.795229
33.914259
34.016292
34.085739
34.284010
34.555759
34.698331
34.876026
34.895648
34.744588
34.351080
34.064173
33.732615
33.376034
33.093983
32.802442
32.822951
32.883315
32.948210
33.116508
33.271619
33.490533
33.560241
33.704696
33.825856
33.782213
33.844753
33.709047
33.487398
33.239786
32.948911
32.702365
32.428843
32.242315
32.125495
32.104726
32.000890
31.932544
31.889547
31.704824
31.310931
30.939067
30.517161
30.162962
29.771707
29.487320
29.013808
28.508651
27.795601
27.230797
26.490525
25.656409
24.882831
23.898613
23.088463
22.400364
21.461738
20.667960
20.081272
19.487806
18.978432
18.502764
18.028633
17.512193
16.991471
16.429017
15.944678
15.503517
15.403903
15.728946
16.159144
16.727058
17.455157
18.064906
18.727503
19.278442
