0.305177
0.304236
0.180467
0.094360
0.115491
0.192473
0.299980
0.446899
0.641710
0.925773
1.205864
1.595851
1.869039
2.120527
2.332069
2.480453
2.502751
2.571427
2.444704
2.113941
1.879055
1.391776
1.080091
0.989716
0.948813
0.855996
0.737018
0.611817
0.490043
0.380815
0.371238
0.281543
0.474491
0.742350
0.984578
1.199219
1.452895
1.656971
1.800672
1.697609
1.494907
1.156789
0.915041
0.633977
0.544480
0.599010
0.812398
0.976409
1.197980
1.498601
1.749492
1.942487
2.027983
2.102682
2.232683
2.402393
2.449729
2.397596
2.183375
1.830820
1.405390
0.760866
0.210989
0.406374
0.799987
1.217918
1.433566
1.540889
1.640602
1.851323
2.078155
2.199748
2.370823
2.616674
2.827851
3.030478
3.179948
3.393075
3.695210
3.989142
4.304879
4.554079
4.861196
5.285281
5.522927
5.507712
5.469531
5.367030
5.279690
5.185264
5.247729
5.323506
5.228595
5.531586
5.613656
5.944120
6.260467
6.611910
7.050104
7.638859
8.092247
8.993521
9.725722
10.656885
11.409294
12.147673
12.926348
13.384897
13.789253
14.113342
14.395963
14.363097
14.110901
13.677013
13.051504
12.585024
12.241634
11.892259
11.475990
11.063072
10.491982
9.834197
9.256107
8.657911
8.064771
7.565101
7.062004
6.682990
6.748392
6.936115
7.328072
7.537498
7.847247
8.237506
8.687214
9.115509
9.604994
10.163224
10.612985
11.114822
11.585382
11.890545
12.134996
12.345485
12.403909
12.258520
11.920078
11.410240
10.891892
10.437785
9.998218
9.576327
9.155646
8.922450
8.689782
8.385233
8.138829
7.811647
7.504122
7.229506
6.953121
6.688294
6.693700
6.966859
7.309091
7.575782
7.813313
8.067853
8.306592
8.605665
8.935415
9.136183
9.329108
9.461968
9.726059
9.824983
9.833490
9.818446
9.651152
9.430133
9.109004
8.944290
8.838094
8.753581
8.603098
8.528080
8.582855
8.578757
8.570532
8.493494
8.306965
8.229033
8.111575
7.947650
7.688299
7.366590
7.066545
6.727531
6.470111
6.353206
6.374366
6.285787
6.509604
6.768262
6.947720
7.291181
7.733301
8.234627
8.738004
9.165007
9.605627
9.739318
10.014500
10.205621
10.407983
10.610850
11.044155
11.217871
11.456482
11.766665
12.104457
11.907548
11.906581
11.902317
11.941657
12.066004
12.481153
13.012546
13.706143
14.374380
14.968129
15.855186
16.699064
17.650875
18.529596
19.428945
20.449414
21.300827
22.084090
22.825122
23.350644
24.180013
24.910440
25.480392
25.825608
25.694114
25.462521
24.982362
24.405751
23.817791
23.227785
22.709706
22.044683
21.487314
20.852416
20.206319
19.475215
18.630638
17.847817
17.083881
16.508749
15.266821
14.053296
12.771838
11.518823
10.343008
9.331362
8.337667
7.368273
6.570951
6.013358
5.059038
4.080487
3.283544
2.702485
2.264343
1.884230
1.876321
1.993038
2.126988
2.484410
2.652959
2.729195
2.602735
2.663679
2.644228
2.648827
2.795245
2.992110
3.193752
3.246556
3.405968
3.593045
3.603392
3.642779
3.741000
3.973519
4.162181
4.334342
4.463406
4.540282
4.560386
4.656157
4.748984
4.826522
4.855821
4.936422
4.900845
4.931688
4.911180
4.989078
4.637191
4.330744
4.081808
3.917456
3.705364
3.652224
3.783178
3.914678
4.271772
4.674482
4.998516
5.295597
5.676247
6.042181
6.385807
6.890751
7.432406
7.951844
8.361467
8.818198
9.201348
9.471633
9.711371
9.861016
9.981735
10.232900
10.562259
10.750797
11.045112
11.392331
11.829536
12.400116
13.134394
13.831988
14.763500
15.819817
16.985695
18.134145
19.460055
20.279858
21.542253
22.401832
22.656752
22.507450
22.043166
21.675923
21.090421
20.473541
19.765500
19.182135
18.207552
17.286717
16.533670
15.657989
14.783135
13.835802
12.985125
12.006788
11.324267
10.714408
10.029098
9.345610
8.818443
8.167176
7.530111
6.868552
6.238788
5.830712
5.525970
5.305497
4.928244
4.647755
4.371865
4.163544
3.620988
3.011882
2.392783
1.892099
1.373438
1.030353
0.999382
1.127067
1.386638
1.674896
1.860157
1.984412
2.117930
2.260908
2.329054
2.672062
2.789878
2.709043
2.679939
2.640792
2.636986
2.921391
3.049080
3.166980
3.331649
3.340538
3.479323
3.874418
3.955774
4.075403
4.102097
4.014522
4.049596
4.017319
4.034742
4.102947
