2.047174 2.002538
2.114053 2.018422
2.267448 2.057249
2.454907 2.128283
2.708423 2.212619
2.964004 2.327329
3.246062 2.497161
3.555777 2.689692
3.858113 2.906596
4.176596 3.142701
4.284983 3.027056
4.385442 2.943939
4.392306 2.877447
4.381445 2.788931
4.400275 2.566946
4.414126 2.541643
4.502739 2.662692
4.440391 2.767514
4.314801 2.760577
4.023368 2.574665
3.544061 2.315978
3.280876 1.844204
3.065026 1.743410
2.922119 1.859681
2.772910 1.892204
2.690148 1.978625
2.747607 2.173601
2.892798 2.306835
3.077934 2.531682
3.300026 2.775723
3.588095 3.146579
3.913132 3.586909
4.138274 4.030319
4.271628 4.392672
4.383343 4.699941
4.393079 4.881718
4.478023 5.131106
4.365090 5.057638
4.172509 5.000447
3.999369 4.609014
3.690016 4.352796
3.397971 3.968522
3.016362 3.479404
2.908191 3.142163
2.933780 2.942387
3.021929 2.900307
3.219516 2.942992
3.356264 3.035506
3.498117 3.150840
3.600943 3.238799
3.759043 3.405691
3.579179 3.125244
3.301066 2.885526
2.941668 2.137464
2.734945 1.606011
2.707266 1.556605
2.515298 1.420303
2.519124 1.380338
2.234619 1.320226
2.029685 1.294868
1.762638 1.249747
1.802516 1.311177
1.939046 1.443380
2.064813 1.609774
2.346670 1.830750
2.693665 2.127092
2.999828 2.396065
3.181932 2.656249
3.144327 2.568042
3.081916 2.307749
3.060944 2.190688
3.027833 2.018745
2.870714 2.027073
2.870767 2.036838
2.850060 1.819693
2.834857 1.829620
2.902771 1.908340
2.929423 2.013649
3.039278 2.133207
3.223585 2.194316
3.443767 2.204190
3.650507 2.324652
3.910504 2.408413
4.141702 2.532199
4.382303 2.650801
4.370478 2.404606
4.494014 2.478249
4.711049 2.582944
4.920800 2.732642
4.980904 2.906327
4.696660 3.078875
4.671971 3.144609
4.613812 3.085490
4.618264 3.096387
4.626418 3.064916
4.455658 3.001156
4.325528 2.916074
4.366144 3.057003
4.391115 3.118071
4.302523 3.214996
3.946952 3.096600
3.654843 3.006549
3.481079 2.810330
3.130411 2.690486
3.110402 2.626213
3.043461 2.561374
3.067239 2.349389
2.839470 1.802274
2.735879 1.595316
2.665098 1.515025
2.504413 1.350493
2.303913 1.310748
2.074887 1.210294
1.916537 1.155944
1.880539 1.244747
1.933699 1.407180
2.147229 1.620807
2.383468 1.916666
2.589900 2.098315
2.651986 2.143579
2.544447 2.029755
2.484958 1.804108
2.514707 1.476985
2.474139 1.506864
2.448788 1.345085
2.467660 1.400046
2.362563 1.473951
2.143981 1.603103
1.912064 1.577721
1.754274 1.436045
1.695205 1.390283
1.740477 1.424882
1.877927 1.516923
2.078472 1.652469
2.238606 1.861708
2.525229 2.100154
2.819113 2.347596
3.027778 2.502577
3.125102 2.533636
3.105172 2.422994
2.878456 2.091876
2.653046 1.727880
2.586135 1.577527
2.583090 1.630713
2.546104 1.570590
2.538827 1.509463
2.473837 1.261538
2.326887 1.237034
2.193707 1.250671
2.153943 1.373034
2.034801 1.451672
2.151140 1.565632
2.286044 1.618244
2.400444 1.705109
2.587627 1.831865
2.679284 1.997857
2.681343 2.177800
2.638008 2.060107
2.519848 1.835647
2.419546 1.335357
2.328974 1.191537
2.259179 1.178471
2.142203 1.245609
1.870487 1.264425
1.792259 1.253470
1.720903 1.266111
1.777473 1.351827
1.906642 1.525736
2.156709 1.708408
2.405496 1.865960
2.623715 1.846562
2.733074 1.773538
2.536706 1.538947
2.441057 1.395156
2.304611 1.091218
2.394323 1.057383
2.485094 1.070857
2.514093 1.162783
2.460326 1.307861
2.354775 1.298472
1.966987 1.251633
1.915779 1.205355
1.961797 1.281303
2.175564 1.344610
2.466063 1.527734
2.793395 1.785102
3.031167 2.087102
3.114040 2.223145
3.135236 2.245303
2.996767 2.163028
2.766069 1.889421
2.599551 1.592760
2.412516 1.337668
2.310162 1.387401
2.225234 1.382255
2.225442 1.475621
2.304037 1.600613
2.349249 1.678378
2.430567 1.857751
2.509893 1.884661
2.687326 1.954224
2.813337 2.053654
2.969308 2.096033
3.122951 2.200261
3.245296 2.302456
3.349081 2.416656
3.382178 2.474586
3.351331 2.545961
3.369714 2.558834
3.375502 2.523096
3.421020 2.576903
3.496563 2.647595
3.554491 2.717702
3.642459 2.770151
3.711306 2.842839
3.768635 2.887890
3.707483 2.943646
3.627811 2.924994
3.477240 2.843799
3.502442 2.733903
3.582018 2.680676
3.691976 2.630692
3.927128 2.683703
4.135195 2.783186
4.336892 2.861870
4.405083 2.971646
4.570937 3.117720
4.569925 3.250794
4.806476 3.404332
4.958353 3.516121
5.079963 3.630786
5.271075 3.669252
5.478488 3.737323
5.646537 3.899509
5.767071 3.891185
5.896957 4.003074
6.027129 4.000569
6.139714 4.140624
6.207839 4.125341
6.147193 4.222435
6.159211 4.199599
6.317210 4.195272
6.354992 4.266856
6.178503 4.163326
6.018458 4.106557
5.731333 4.025565
5.436279 3.723304
5.104390 3.423716
4.790091 3.218143
4.379752 3.093778
4.223253 3.025397
4.068876 3.031920
3.844353 2.950509
3.760272 2.961370
3.817087 2.936833
3.696946 2.886614
3.804143 2.984035
3.884609 2.959048
4.018280 3.032430
4.227783 3.037435
4.319207 3.123033
4.502731 3.181266
4.439421 3.286219
4.491133 3.262574
4.475048 3.299000
4.320580 3.197478
4.187720 3.149493
4.016861 3.076679
3.754987 2.932070
3.613721 2.897158
3.291634 2.799227
3.248451 2.749578
3.193800 2.676654
3.103073 2.613598
3.194955 2.661334
3.240171 2.727027
3.265413 2.684533
3.313380 2.741905
3.368757 2.871304
3.428703 2.934576
3.503200 2.986730
3.503291 3.111854
3.583174 3.130419
3.495943 3.115058
3.498988 3.022626
3.532712 2.883618
3.493895 2.773977
3.338520 2.713928
3.238309 2.592104
3.124509 2.618798
3.067542 2.720460
3.130996 2.755073
3.161294 2.748225
3.063523 2.810633
3.150922 2.800372
3.168634 2.757741
3.039050 2.718802
2.726447 2.521515
2.366479 2.253499
2.122002 1.894276
1.877503 1.751490
1.840830 1.701863
1.939785 1.775743
2.008845 1.903344
2.100537 2.039543
2.141293 2.195263
2.290223 2.393355
2.473224 2.613464
2.694215 2.731909
2.808822 2.886780
2.901486 2.978982
3.104959 3.029206
3.253558 2.942582
3.424401 2.988186
3.571149 2.930090
3.575710 2.954655
3.544244 2.923776
3.532645 2.774610
3.454645 2.711227
3.275851 2.619164
3.121770 2.566547
2.881021 2.503878
2.797633 2.428895
2.717895 2.446421
2.786140 2.543244
2.902077 2.520823
3.056243 2.692744
3.210066 2.765399
3.321760 2.809227
3.524145 2.909103
3.671961 2.995599
3.741241 2.921766
3.858307 2.855625
3.852758 2.921514
3.929702 2.929050
3.851363 2.982586
3.883657 3.130468
3.933188 3.181422
3.967729 3.225633
4.019435 3.389488
4.124742 3.456917
4.208476 3.606387
4.407097 3.740205
4.493285 3.764181
4.620046 3.774554
4.726977 3.685620
4.804263 3.643119
4.866900 3.582609
4.981906 3.453878
4.983040 3.486559
5.155404 3.550747
5.150769 3.481937
5.016914 3.337180
4.824011 3.131615
4.512782 2.921609
4.215670 2.544600
4.061364 2.447455
3.843649 2.438528
3.573875 2.382897
3.517627 2.445904
3.624174 2.573699
3.604480 2.598919
3.706660 2.677783
3.713089 2.576120
3.845196 2.534567
4.014057 2.497243
3.995319 2.545721
4.076251 2.676377
4.128313 2.681535
4.235821 2.713604
4.235896 2.776801
4.277069 2.830332
4.131693 2.881726
3.914454 2.919496
3.718886 2.844241
3.415507 2.789754
3.147285 2.596587
2.624190 2.561635
2.440559 2.455880
2.335792 2.287375
2.270998 2.189009
2.344643 2.146726
2.399137 2.160844
2.471207 2.158874
2.565779 2.220711
2.601738 2.158813
2.581196 2.187763
2.687248 2.224380
2.751458 2.349390
2.804868 2.428330
2.829314 2.575814
2.834050 2.669094
2.780663 2.765960
2.816886 2.817362
2.951401 2.818319
2.999314 2.839979
3.088722 2.918443
3.036858 2.991951
2.999979 3.089831
3.043581 3.084825
2.912032 3.100804
2.922613 3.104712
3.002004 3.140904
3.037570 2.970565
3.118847 2.956920
3.103565 2.800962
3.129632 2.780536
3.177527 2.743032
3.181305 2.783186
3.094069 2.835914
3.043916 2.929807
2.942423 2.953172
2.780824 2.857684
2.497735 2.642599
2.206408 2.312670
1.997191 2.031444
1.982042 1.909030
1.988440 1.887794
2.015470 1.902157
2.123407 2.060927
2.258912 2.137721
