0.329063
0.335107
0.244225
0.207145
0.153180
0.138442
0.206515
0.301194
0.430462
0.448193
0.585462
0.612418
0.684782
0.716811
0.736451
0.916972
1.107870
1.309569
1.379059
1.389960
1.233035
1.019678
0.886197
0.908590
1.094406
1.420308
1.645243
1.845313
2.040920
1.960375
1.879693
1.787214
1.730661
1.630475
1.625452
1.603417
1.662239
1.812625
1.864613
1.911208
2.029675
2.007957
1.917519
1.934839
1.991932
2.087638
2.133714
2.203882
2.252786
2.361791
2.346517
2.479252
2.526693
2.673514
2.770461
2.754697
2.821049
2.978711
3.170209
3.292353
3.167908
3.230928
3.316492
3.396736
3.498641
3.559026
3.540212
3.405087
3.278400
3.196426
3.075274
2.971786
3.022169
3.005895
2.997820
3.128466
3.322445
3.521222
3.803542
4.199102
4.786243
5.371737
5.956768
6.670750
7.400994
8.095901
8.775680
9.409633
9.969437
10.529089
11.064982
11.672049
12.249853
12.768921
13.256415
13.586026
13.888979
14.179476
14.455595
14.686897
14.748600
14.761325
14.571366
14.502102
14.543230
14.570119
14.647781
14.707855
14.899761
15.191328
15.659626
15.931566
15.966118
15.821245
15.714727
15.575911
15.475846
15.286908
15.165877
14.945417
14.884935
14.985521
14.988895
14.892940
15.020929
15.044373
14.947846
14.570104
14.159760
13.837745
13.677230
13.682524
13.736586
13.878960
14.030430
14.068831
14.199128
14.301968
14.310527
14.382815
14.452635
14.437417
14.570620
14.777417
14.832674
14.602777
14.439860
14.361976
14.290109
14.105880
14.102400
14.029250
13.899615
13.716811
13.602716
13.459957
13.375547
13.222970
13.029360
12.955293
12.962573
12.811158
12.461372
12.006388
11.711020
11.648733
11.617740
11.558456
11.623972
11.740394
11.965836
12.247579
12.649320
13.111838
13.505547
13.813869
14.128096
14.496287
14.926651
15.196184
15.412073
15.622727
15.738047
15.883719
16.040508
16.135329
16.348569
16.552697
16.773398
17.015951
17.096584
17.324048
17.572533
17.860619
18.284322
18.714619
19.218482
19.746254
20.097268
20.536882
21.071713
21.724928
22.239634
22.843886
23.437564
24.038653
24.617297
25.258685
25.882313
26.571761
27.263343
28.075139
28.808387
29.528953
30.207846
30.854037
31.613524
32.458147
33.212423
33.903500
34.532465
35.352503
36.243596
37.041702
37.754531
38.305191
38.864496
39.334135
39.851607
40.355142
40.847385
41.335681
41.965207
42.496288
43.093773
43.660133
44.179546
44.532113
44.822319
45.085180
45.218707
45.258505
45.213308
44.963925
44.367575
43.850457
43.168726
42.490557
41.958137
41.317921
40.662463
40.160406
39.746434
39.399438
39.127764
38.813678
38.586141
38.434119
38.334075
38.236683
37.994684
38.000825
37.994936
38.001183
37.967373
37.880519
37.795870
37.861303
37.659725
37.423012
37.182987
37.093670
36.975845
36.839595
36.610249
36.454186
36.269545
36.103078
36.034910
35.941133
35.719575
35.701011
35.636954
35.427602
35.377407
35.220494
34.973302
34.696500
34.286141
33.380176
31.173241
28.620360
25.387145
22.786754
20.576975
19.175971
18.412453
18.312472
18.543981
18.994154
19.435248
19.895977
20.373263
20.865957
21.393301
21.916036
22.464111
22.989183
23.559678
24.017341
24.600013
25.192463
25.796294
26.493015
27.177102
27.954654
28.510808
29.135204
29.681442
30.168817
30.629016
31.122961
31.764492
32.446802
33.187731
33.815780
34.482597
35.024555
35.468749
35.875613
36.410598
36.690843
37.080877
37.393363
37.725348
38.189888
38.579228
39.084192
39.532924
39.936395
40.372155
40.835149
41.275257
41.737952
42.060623
42.559023
42.907999
43.016855
43.229993
43.372054
43.341015
42.939638
42.522129
41.764876
41.129492
40.666045
40.233549
39.814074
39.282998
38.818159
38.336190
37.891436
37.572728
37.342438
36.966700
36.627347
36.215539
35.767992
35.324013
34.779289
34.546124
34.366095
34.135208
34.167686
34.254281
34.376490
34.401508
34.389145
34.536596
34.831070
35.176752
35.670315
36.044991
36.397835
36.546662
36.545769
36.340212
36.198861
36.044666
35.929300
35.677855
35.572336
35.419345
35.278311
35.016118
34.665172
34.212741
33.769964
32.988297
31.979411
30.305733
28.340732
26.310625
24.307535
22.760897
21.372788
20.294948
19.514232
18.621666
17.964984
17.196243
16.645883
16.452958
16.673812
17.178733
17.617320
18.025350
18.461841
18.967153
19.537504
20.197770
