0.329063
0.301853
0.245476
0.223719
0.269870
0.269392
0.400867
0.588330
0.697291
0.737305
0.686524
0.626337
0.564003
0.450368
0.410644
0.355276
0.528177
0.784668
1.024862
1.260720
1.162825
1.049338
1.143245
1.250949
1.495647
1.816260
2.149033
2.478620
2.767371
3.007511
3.164018
3.148247
2.975903
2.740062
2.416594
2.161940
2.079869
1.974480
1.998663
1.961515
2.068980
1.845024
1.807530
1.929476
2.194682
2.422859
2.589207
2.624860
2.388622
2.182640
1.961035
1.756259
1.679022
1.744922
1.816138
1.892922
1.971914
2.215563
2.393879
2.540468
2.527514
2.535806
2.555186
2.702801
2.833027
3.044794
3.208654
3.503337
3.764651
3.994509
4.111757
4.362330
4.282807
4.313795
4.260974
4.443579
4.633119
4.885195
5.082692
5.275182
5.444203
5.510511
5.705597
5.775110
5.778982
5.790580
5.847201
6.063488
6.275514
6.509077
6.711749
6.560750
6.718010
7.022507
7.335667
7.727943
8.240169
8.850238
9.666296
10.494269
11.209774
11.538613
11.403203
11.276425
11.111800
11.081820
11.107425
11.199916
11.352017
11.369478
11.478004
11.693005
11.866159
12.089184
12.313585
12.657166
12.979427
13.334028
13.643918
13.911341
14.220676
14.530710
14.893350
15.155988
15.351791
15.531982
15.613069
15.379508
15.091054
14.791443
14.472692
14.201237
14.011277
13.786365
13.650426
13.449143
13.284482
13.152394
12.985341
12.942159
12.867703
12.760443
12.466536
12.290510
11.977092
11.715503
11.523161
11.539766
11.725442
11.992984
12.221041
12.425450
12.568181
12.721361
12.831823
13.026409
13.155636
13.305891
13.416602
13.593990
13.699530
13.829304
13.743983
13.609380
13.419639
13.253386
13.042846
12.891630
12.705227
12.534056
12.248559
12.034634
11.851851
11.549544
11.253365
10.950599
10.646734
10.397055
10.321443
10.471276
10.638139
10.840840
11.227317
11.631422
12.240318
12.995769
13.841271
14.673235
15.433468
16.087697
16.718465
17.396057
18.044434
18.662977
19.147985
19.670928
20.117331
20.514993
20.916463
21.115239
21.173810
21.441621
21.850695
22.183101
22.456592
22.874191
23.228631
23.511082
23.826288
24.212984
24.514028
24.911572
25.275892
25.619735
26.108538
26.352058
26.861102
27.331774
27.670447
28.113239
28.623396
29.198491
29.847234
30.382356
31.062179
31.725952
32.399667
32.899248
33.443335
33.902861
34.378041
34.914783
35.436354
35.897164
36.383986
36.930441
37.621101
38.228710
38.965277
39.539089
40.138908
40.720744
41.318689
41.760022
42.152898
42.115848
41.949300
41.576748
41.097214
40.723892
40.240475
39.792643
39.277947
38.713142
38.092073
37.384196
36.617237
35.878987
35.051070
34.395982
33.707961
33.110821
32.459824
31.902669
31.340518
30.873262
30.192725
29.619737
29.067684
28.480556
27.911424
27.272790
26.716013
26.280050
25.781381
25.345385
24.890203
24.613150
24.146637
23.658584
23.318813
22.922508
22.511158
22.099113
21.779846
21.218884
20.780547
20.404957
19.892034
19.421289
18.962184
18.280780
17.707333
17.166531
16.627626
16.069066
15.975404
16.247577
16.710470
17.298895
17.808277
18.353062
18.933164
19.535901
20.144125
20.752875
21.337578
21.831311
22.350834
22.892708
23.308259
23.704326
24.271221
24.751274
25.346899
25.915722
26.282190
26.628722
27.008526
27.349087
27.395869
27.655746
27.836509
28.201429
28.509879
29.038880
29.496384
29.884014
30.378912
30.910848
31.296630
31.606531
31.712649
31.977455
32.198748
32.392392
32.758272
33.084842
33.455767
33.842485
34.159299
34.501025
34.799622
35.101694
35.466537
35.928229
36.486354
37.032696
37.528615
38.091572
38.686939
39.034396
39.212950
39.156934
38.992964
38.784840
38.557027
38.123695
37.735306
37.207013
36.709550
36.257706
35.740024
35.330464
34.739845
34.022855
33.445216
32.915746
32.244599
31.706231
31.285687
30.884690
30.524640
30.169458
29.694957
29.202318
28.670913
28.058919
27.650546
27.400169
27.315704
27.363068
27.429371
27.415063
27.194069
26.959374
26.549833
26.133105
25.739779
25.393150
25.104751
24.820744
24.441943
24.064991
23.765741
23.348792
22.825530
22.303589
21.665915
21.064896
20.394177
19.791208
19.072496
18.490519
17.874603
17.131922
16.460691
15.889903
15.337040
14.663294
14.002747
13.471563
13.205199
13.553633
14.099345
14.705611
15.298112
15.808881
16.345501
16.923607
17.521025
