90
90
90
80
90
80
90
80
90
80
90
90
90
120
130
130
120
120
120
140
130
130
130
130
130
130
130
130
130
130
130
130
130
140
130
130
130
130
130
130
130
130
130
130
130
130
130
130
130
140
130
130
140
120
130
180
180
180
180
180
180
190
180
170
180
180
180
190
180
170
230
230
220
220
220
230
210
280
310
380
360
360
350
360
350
360
360
370
360
360
360
370
360
360
370
360
360
360
360
360
370
360
400
420
410
400
450
460
450
460
460
460
450
450
450
450
510
500
510
500
510
500
500
510
500
500
560
600
600
650
660
660
660
660
650
660
660
650
660
660
660
650
660
660
660
660
650
660
710
710
710
710
700
720
710
710
770
770
760
820
830
810
830
820
820
820
820
870
870
880
940
930
920
920
930
930
930
930
940
930
940
930
990
980
980
970
980
980
980
980
980
980
980
1040
1040
1030
1030
1040
1050
1090
1090
1090
1090
1080
1070
1100
1150
1150
1150
1150
1150
1160
1140
1150
1160
1150
1210
1220
1200
1210
1220
1200
1260
1260
1270
1270
1260
1250
1270
1260
1260
1260
1260
1260
1270
1270
1260
1260
1270
1270
1270
1270
1310
1320
1320
1340
1310
1320
1320
1330
1330
1370
1380
1380
1390
1380
1370
1370
1380
1370
1380
1390
1380
1420
1430
1450
1440
1430
1440
1430
1440
1430
1440
1440
1430
1440
1440
1430
1440
1440
1440
1430
1440
1430
1430
1450
1440
1420
1440
1440
1440
1430
1440
1490
1480
1490
1490
1480
1480
1490
1490
1490
1560
1550
1540
1560
1550
1530
1550
1550
1540
1560
1550
1540
1630
1670
1670
1750
1740
1740
1750
1740
1740
1740
1750
1730
1750
1750
1740
1740
1750
1740
1740
1740
1750
1740
1740
1750
1740
1740
1750
1750
1730
1740
1750
1740
1730
1750
1750
1740
1750
1740
1790
1790
1790
1800
1790
1790
1800
1800
1800
1810
1790
1790
1870
1860
1870
1860
1860
1860
1870
1860
1910
1920
1920
1910
1990
1990
2000
2000
1980
2060
2060
2060
2050
2050
2050
2060
2050
2060
2050
2070
2050
2060
2050
2060
2060
2050
2060
2120
2120
2130
2110
2160
2180
2180
2190
2260
2250
2260
2250
2270
2250
2250
2260
2260
2260
2260
2260
2310
2330
