0.329063
0.341550
0.328604
0.342486
0.359020
0.276698
0.223811
0.337053
0.523973
0.702939
0.927112
1.137062
1.324894
1.495382
1.683807
1.896206
2.132081
2.303163
2.286962
2.096724
2.010333
1.702267
1.268967
0.956783
0.711757
0.696711
0.715627
0.845593
1.104637
1.258319
1.310350
1.292471
1.412648
1.524425
1.570383
1.681955
1.894026
2.121043
2.427405
2.647492
2.578091
2.522828
2.421057
2.257288
2.188639
2.145189
2.132314
2.247357
2.498053
2.706686
2.891543
3.026200
3.176488
3.402682
3.583946
3.690783
3.849119
4.023988
3.998683
3.934242
3.672960
3.535594
3.420725
3.417741
3.390154
3.416744
3.356955
3.300103
3.345878
3.337030
3.316100
3.233886
3.114217
3.134606
3.219626
3.438633
3.672041
3.872973
4.215557
4.488786
4.818672
5.074213
5.397111
5.622944
5.967493
6.174383
6.414476
6.701925
6.967237
7.203048
7.705553
7.945827
8.182552
8.367148
8.497622
8.492007
8.399145
8.214494
8.156830
8.193892
8.353176
8.075106
7.839632
7.848049
7.849882
7.922364
8.059580
8.209357
8.502403
8.929105
9.596526
9.915557
9.978134
9.844021
9.493388
9.303844
8.926712
8.480280
8.159244
7.920879
7.814680
7.605019
7.412283
7.229245
7.066087
7.129773
6.919684
6.603280
6.048144
5.636149
5.197831
4.682590
4.116657
3.712029
3.160196
2.744022
2.602392
2.592279
2.663300
2.888020
3.226562
3.710086
4.149603
4.700784
5.128752
5.321714
5.444355
5.477598
5.713521
5.596970
5.614184
5.560938
5.249940
4.770102
4.112017
3.464444
2.828026
2.533517
2.312155
2.324685
2.523817
2.567691
2.634106
2.607480
2.450978
2.074145
1.803100
1.655591
1.600232
1.715661
2.019876
2.327844
2.642841
3.018555
3.425062
3.753581
4.086072
4.242952
4.351859
4.183695
3.856657
3.815446
3.673821
3.609482
3.577263
3.610863
3.538088
3.190601
2.986392
2.569357
2.495449
2.807639
3.257796
3.809382
4.668627
5.356070
5.953177
6.527188
7.164855
7.548563
6.785703
7.775772
8.923429
9.944858
10.736225
11.239614
11.668112
11.922691
12.201526
12.501757
12.753613
13.243322
13.738462
14.389191
15.117004
15.984956
17.104946
18.201607
19.428495
21.069338
23.166658
25.884690
28.665196
30.719211
32.332316
33.425611
34.100027
34.741097
35.379786
36.016959
36.666508
37.366709
37.991986
38.640581
39.239546
39.876802
40.506987
41.101452
41.731927
42.285930
42.615215
42.913298
43.232000
43.526497
43.570072
43.341534
42.855206
42.294104
41.783388
41.241663
40.578775
39.968094
39.397117
38.848634
38.265301
37.727145
37.188451
36.666675
36.252110
35.857418
35.243404
34.789171
34.273143
33.767332
33.173851
32.690181
32.155251
31.666601
31.215549
30.572931
29.858232
29.431335
28.796946
28.276512
27.775405
27.154317
26.574536
26.129367
25.706373
25.019548
24.259900
23.346149
22.135014
20.596456
18.848392
17.128572
15.304157
13.355745
11.228910
9.319535
6.827819
4.680628
3.337937
2.685131
2.526162
2.444115
2.179120
1.777938
1.184353
0.729192
0.405239
0.271587
0.704221
1.258658
1.795498
2.614885
3.481294
4.412255
5.323948
6.316584
7.217373
8.294738
9.464293
10.449985
11.399803
12.289401
13.041729
13.803347
14.570596
15.475489
16.223856
17.486958
18.792000
20.212503
21.734700
23.169921
24.597511
26.071219
27.862632
29.938498
31.907709
32.966368
33.720854
34.383106
34.990215
35.545225
36.099513
36.612954
37.095433
37.512629
37.861698
38.131297
38.381617
38.601168
38.798758
39.070852
39.394816
39.730893
40.022769
40.279973
40.331997
40.777949
41.097301
41.152814
40.831662
40.255901
39.716202
39.169225
38.605234
38.048214
37.619146
37.149212
36.786167
36.503429
36.359409
36.175270
35.911549
35.480756
35.078922
34.613537
34.142977
33.671839
33.244183
32.813129
32.287085
31.796562
31.348102
30.845792
30.581039
30.590001
30.615779
30.637276
30.708278
30.750586
30.565943
30.306632
29.937232
29.564326
29.153200
28.729952
28.299122
27.963407
27.658886
27.374404
27.278804
27.113315
26.865866
26.640901
26.441277
26.041303
25.112375
24.503474
23.501247
21.951715
18.988009
13.846892
8.000422
3.960479
2.132755
1.749644
2.242808
2.557521
2.492065
2.229689
1.715072
1.254241
0.922406
0.983328
1.396219
2.029380
2.750415
