0.219874
0.258762
0.223169
0.140493
0.188091
0.241166
0.235981
0.268823
0.190643
0.162112
0.087347
0.075773
0.163885
0.139918
0.110915
0.122671
0.134594
0.253317
0.389966
0.549882
0.582836
0.801846
0.994992
1.092853
1.353263
1.552148
1.681543
1.732345
1.726815
1.635501
1.541516
1.469155
1.445558
1.401885
1.378825
1.387797
1.471043
1.549200
1.697329
1.763272
1.699322
1.547075
1.595996
1.554238
1.492526
1.508020
1.504535
1.512692
1.511520
1.603146
1.603198
1.655331
1.756992
1.858196
2.090317
2.128663
2.253491
2.449785
2.602917
2.835549
2.897416
3.176344
3.414475
3.455528
3.542196
3.570098
3.527231
3.486760
3.438442
3.378700
3.428087
3.355787
3.481585
3.549406
3.646684
3.830168
4.077039
4.325707
4.483850
4.680944
4.857100
5.098334
5.270162
5.399664
5.593743
5.726369
5.806392
5.925133
6.034156
6.216661
6.379388
6.542846
6.689483
6.897511
7.083692
7.453232
7.788211
8.174247
8.490162
8.744665
8.827123
8.835552
8.677078
8.393211
8.301170
8.019905
7.865124
7.700753
7.679266
7.760843
8.102291
8.518515
8.915686
9.036155
9.176733
9.406129
9.630013
9.929177
10.182126
10.382678
10.707545
10.987688
11.441835
11.989406
12.409790
12.778018
12.889055
12.824415
12.492878
12.104222
11.574321
11.182278
10.655751
10.128367
9.624135
9.176721
8.765847
8.429521
8.049023
7.700976
7.433675
7.335804
7.285889
7.206526
7.249190
6.996083
6.896700
7.024320
7.385616
7.661886
7.940997
8.236358
8.605565
8.875956
9.167336
9.411742
9.704276
10.089973
10.527551
10.896748
11.261681
11.323542
11.024695
10.591887
10.176747
9.654390
9.204639
8.814240
8.499771
8.114170
7.685812
7.271649
6.918973
6.786031
6.595200
6.526974
6.399810
6.445103
6.722843
7.236290
7.862104
8.702914
9.206681
9.578970
9.912857
10.151909
10.319654
10.560021
10.658915
10.739910
10.756802
10.622408
10.425052
10.260382
10.054206
9.804294
9.538829
9.373240
9.339050
9.359507
9.442794
9.364369
9.293574
9.191991
9.269372
9.294832
9.191691
9.192143
9.212077
9.176649
9.071270
8.931511
8.786092
8.592539
8.399002
8.174845
7.977761
7.717732
7.610515
7.392509
7.170695
6.813941
6.607085
6.464117
6.408948
6.560707
6.642702
6.741471
6.826712
6.947467
6.933227
7.031452
6.873751
6.902810
6.905377
6.873666
7.047348
7.075814
7.036605
7.162448
7.310305
7.190092
7.134087
7.068569
6.956429
6.906603
6.556060
6.141237
5.645242
5.186879
4.973822
4.563814
4.221075
4.105514
3.964046
3.967098
3.937216
4.064180
4.038685
4.171257
4.243724
4.337746
4.352794
4.536458
4.627159
4.717250
5.021905
5.249680
5.485707
5.637305
5.756299
5.806196
6.107461
6.296788
6.378137
6.337809
6.420474
6.573748
6.697929
6.951191
7.121332
7.324553
7.392372
7.618109
7.915836
7.972701
8.159365
8.424937
8.701619
8.806610
8.958560
9.360653
9.559108
9.601918
9.766059
9.753673
9.550388
9.170768
8.790038
8.533747
8.153148
7.999796
7.930966
7.928583
7.932514
7.983025
8.009453
8.045540
8.083428
8.135214
8.167936
8.213183
8.305840
8.273352
8.202695
8.179391
8.022325
7.829068
7.431835
7.146873
6.789291
6.228103
5.914775
5.888932
5.742115
5.585437
5.631728
5.641891
5.559668
5.708215
5.832548
6.008043
6.277778
6.509052
6.596532
6.858894
7.133421
7.428389
7.597164
7.950618
8.363632
8.685195
8.954516
9.149488
9.279932
9.417324
9.594465
9.664044
9.778126
9.784188
10.066922
10.023431
9.769706
9.478822
9.197192
8.741567
8.268137
7.702482
7.239549
6.685820
6.286319
5.822967
5.440678
5.098790
4.646092
4.121126
3.680197
3.266674
2.873766
2.485922
2.189031
2.024287
2.043356
2.256002
2.603890
3.170088
3.716391
4.138892
4.642272
4.988151
5.488144
5.984250
6.503138
6.863481
7.099720
7.199837
7.242974
7.098566
6.992940
6.820404
6.666744
6.505300
6.416618
6.225997
6.028662
5.874822
5.694039
5.578105
5.383271
5.426217
5.543259
5.380940
5.171879
5.186712
5.221117
5.266923
5.505472
5.604598
5.750714
5.802648
5.712322
5.489491
5.120871
4.509959
4.022937
3.587338
3.379930
3.241352
3.113381
3.094408
3.249445
