2.044659 1.995193
2.083689 2.026586
2.192272 2.057806
2.358994 2.121188
2.563040 2.212436
2.824488 2.330522
3.075285 2.481005
3.375085 2.678513
3.700541 2.876589
4.045512 3.090762
4.379451 3.337445
4.729743 3.620404
5.057886 3.918826
5.222409 3.829136
5.171417 4.008873
5.296132 4.060749
5.352224 4.061987
5.378196 4.062125
5.344818 4.006593
5.288202 3.775541
5.021394 3.429533
4.724174 3.127026
4.654224 2.867376
4.390571 2.683950
4.147719 2.662498
4.070557 2.736886
4.027910 2.787461
4.031351 2.844648
3.999051 2.804312
3.848996 2.940533
3.917134 3.055402
4.006158 3.127407
4.151346 3.288064
4.237273 3.284619
4.314041 3.340930
4.495767 3.437241
4.673605 3.486502
4.752805 3.578832
4.719504 3.545912
4.429122 3.315322
4.086245 3.030416
3.765888 2.750737
3.595486 2.634090
3.428067 2.546149
3.314343 2.483013
3.282168 2.515501
3.350692 2.612028
3.451318 2.748192
3.610353 2.914134
3.771764 3.031878
3.905666 3.170711
4.125541 3.325997
4.328314 3.491277
4.526497 3.690087
4.779392 3.831386
4.832187 4.015552
4.933066 4.057281
4.901232 4.070269
4.818606 3.900916
4.585866 3.701543
4.260896 3.539937
4.173156 3.452476
4.141121 3.430013
4.087198 3.453896
3.981427 3.414983
3.795948 3.404331
3.774785 3.369990
3.797659 3.275670
3.861724 3.214083
3.948489 3.282161
3.835073 3.196468
3.889220 3.213002
3.967992 3.278702
4.107621 3.307961
4.093690 3.291691
4.023751 3.325817
3.963513 3.365930
3.997156 3.469539
4.088983 3.634389
4.241461 3.875397
4.369502 4.096229
4.559348 4.366171
4.724274 4.623687
4.915622 4.818217
5.101405 5.012335
5.254059 5.100207
5.105526 5.052399
5.085282 5.108638
5.081534 5.013492
5.041744 5.076313
4.987347 5.038312
5.059419 5.126897
5.248593 5.227821
5.485934 5.541347
5.767926 5.958064
6.223135 6.511410
6.679034 7.119387
7.227374 7.711226
7.836260 8.351749
8.464544 9.003629
8.701052 9.389577
8.957898 9.525171
8.914890 9.548928
8.888189 9.518461
8.901149 9.483955
8.868639 9.494776
8.829963 9.393344
8.798487 9.284254
8.591568 9.157473
8.374484 8.924048
8.215691 8.792897
8.056628 8.654700
7.957670 8.507623
7.957427 8.504313
7.895692 8.599432
7.918235 8.707731
7.953557 8.778761
8.094320 9.004766
8.255950 9.338251
8.729874 9.667012
9.252092 10.199992
9.670969 10.652083
10.031210 11.066575
10.507033 11.409486
10.882440 11.800366
11.118512 12.050478
11.177770 12.193717
11.085088 12.215598
10.894781 12.049036
10.591184 11.700910
10.123630 11.497621
9.813113 11.358176
9.712140 11.188479
9.450605 11.037877
9.390117 10.764622
9.343356 10.788099
9.328633 10.773242
9.253694 10.623062
9.198975 10.643581
9.263054 10.736526
9.335242 10.668201
9.342415 10.568625
9.259278 10.439037
9.170018 10.158364
9.115699 9.696631
8.994745 9.209796
8.694467 8.970692
8.145321 8.636973
7.637998 7.699147
7.239906 7.174463
7.142936 6.872687
7.202405 6.794873
7.366183 6.883704
7.539273 7.090294
7.810417 7.289395
8.068593 7.535460
8.277751 7.581137
8.444081 7.646427
8.555889 7.623647
8.246642 7.228680
8.196391 7.204956
8.131730 6.950255
7.875711 6.736694
7.637964 6.419333
7.197477 5.821850
6.819974 5.577851
6.394812 5.176355
5.995020 4.929681
5.583922 4.479806
5.333639 4.226249
5.292651 4.218803
5.250963 4.330207
5.377252 4.511122
5.548556 4.701112
5.671406 5.010100
5.695845 5.223403
5.753313 5.380402
5.421581 5.370282
5.248765 5.178781
4.778470 4.673148
4.578774 4.091435
4.449748 3.986560
4.220524 3.707655
4.192628 3.668823
4.136560 3.727987
4.170789 3.763547
4.351757 3.856583
4.596735 3.999210
4.895918 4.010189
4.956048 3.823110
5.006819 3.482286
5.154646 3.643538
5.536989 3.762861
4.954982 2.896617
4.677050 2.463555
4.294092 2.013040
4.186186 2.082232
4.202829 2.042400
4.210678 2.001584
3.948150 1.804085
3.658624 1.750806
3.706418 1.827049
3.867418 1.979207
3.982456 2.162334
4.192871 2.413045
4.366962 2.667459
4.536745 2.959059
4.774650 3.289082
5.045304 3.622147
5.302864 3.944393
5.587031 4.379398
5.897704 4.891055
6.137131 5.501726
6.356755 6.047281
6.393942 6.495346
6.087463 6.866824
5.826477 6.923961
5.569659 6.600647
5.117105 6.405515
4.763623 5.923200
4.011959 5.234878
3.818077 4.381867
3.668657 3.867795
3.632582 3.438990
3.472467 2.863514
3.319778 2.289821
3.174385 2.033209
3.208778 2.089490
3.168177 2.134093
3.179675 2.037476
3.281624 2.186612
3.444554 2.287448
3.485264 2.339822
3.559118 2.534576
3.804541 2.768597
4.019886 2.977711
4.079683 3.271794
4.179503 3.459805
4.302741 3.696347
4.425427 4.014482
4.547565 4.194604
4.481735 4.485805
4.514481 4.605644
4.421950 4.602262
4.220883 4.418696
3.818499 4.086498
3.505938 3.575057
3.186722 3.211492
3.068634 2.902906
2.996669 2.706997
3.007692 2.660685
2.892591 2.491952
2.756115 2.253861
2.840327 2.180367
2.806854 2.193957
2.798123 2.236659
2.872285 2.307526
3.036836 2.325620
3.113548 2.458595
3.216906 2.626872
3.368778 2.799176
3.446556 3.066315
3.587302 3.275435
3.706858 3.377991
3.876720 3.619423
3.966651 3.844692
4.037609 4.059646
4.207341 4.259962
4.358127 4.481059
4.524906 4.632474
4.557056 4.810536
4.639289 4.911528
4.819555 5.071905
5.036629 5.354256
5.248468 5.697905
5.580605 6.137510
5.936837 6.675721
6.229710 7.121017
6.421947 7.499776
6.582752 7.627994
6.654019 7.555501
6.587113 7.498205
6.421864 7.195043
6.379536 6.477877
6.112596 5.943019
5.890104 5.521167
5.742303 4.753826
5.236010 4.595447
4.906981 3.643138
4.428660 2.856650
4.020485 2.609788
3.828957 2.515176
3.732410 2.036214
3.733415 2.084973
3.841552 2.139609
3.804577 2.219470
3.748852 2.139208
3.525036 1.960952
3.227869 1.746978
2.940004 1.533889
2.716627 1.407992
2.588968 1.460055
2.465293 1.456977
2.341485 1.496742
2.383911 1.526063
2.367160 1.685582
2.530990 1.982623
2.786714 2.306566
3.041379 2.662232
3.364669 3.076034
3.630722 3.477273
3.891137 3.878817
4.154816 4.272279
4.363966 4.654454
4.664489 5.019593
4.791018 5.368247
4.789354 5.573111
4.826393 5.699989
4.656938 5.737837
4.455842 5.284645
3.935804 4.686803
3.496644 3.879518
3.106941 3.329019
2.745241 2.097591
2.636185 1.512917
2.429196 1.250668
2.427050 1.319825
2.495291 1.383659
2.462799 1.445431
2.347475 1.508737
2.460247 1.585841
2.414330 1.642604
2.448049 1.793812
2.559304 1.944988
2.646756 2.075378
2.669955 2.266396
2.648212 2.421889
2.730582 2.616372
2.804294 2.794825
2.883842 2.981581
2.860243 3.171502
2.969749 3.358659
3.076542 3.459370
3.230847 3.533324
3.298272 3.460798
3.371976 3.390742
3.547649 3.295233
3.609756 3.311589
3.738167 3.194365
3.834274 3.147158
3.789619 3.107510
3.699823 3.030885
3.484215 2.802881
3.101478 2.482258
2.751925 2.216676
2.551274 2.081431
2.390362 2.093030
2.360758 2.177253
2.425857 2.275108
2.552888 2.399619
2.740583 2.564895
2.923166 2.669865
3.110684 2.786070
3.118247 2.832345
3.205775 2.865086
3.306518 2.984932
3.312144 3.119590
3.389643 3.079169
3.558639 3.074382
3.694558 3.077300
3.797679 3.039591
3.883251 2.978145
3.904702 2.911808
3.896964 2.733168
3.879522 2.786176
3.955330 2.841389
4.002274 2.928122
3.967622 3.045522
3.784365 3.067716
3.623219 3.003217
3.476901 2.919593
3.306770 2.858134
3.266053 2.870046
3.280463 2.943660
3.341775 3.179205
3.466187 3.397700
3.507302 3.753767
3.672352 4.157653
3.872558 4.722532
4.158656 5.319730
4.438016 6.063815
4.637064 6.678056
4.886172 7.156064
5.057923 7.513327
5.140716 7.661460
5.147165 7.645506
5.149074 7.497770
5.159088 7.242075
4.990765 6.760098
5.048461 5.973357
4.850361 5.078754
4.627060 4.271781
4.295630 3.787990
3.802027 2.661995
3.456752 1.475846
3.169639 1.436450
3.025767 1.348451
2.877813 1.320176
2.803184 1.355527
2.750091 1.460374
2.823288 1.530255
2.973426 1.573687
2.854873 1.539720
2.524844 1.473890
2.260070 1.315170
1.979501 1.146662
1.861596 1.100607
1.852827 1.239720
1.952287 1.464611
2.113384 1.798937
2.350598 2.190662
