40
5160
5380
5440
5470
5660
5810
5960
5760
5350
380
5550
5610
5630
5130
5690
5950
5940
6100
6210
380
4930
5380
5470
5090
4860
4970
5110
5260
5340
320
4480
5530
5420
5550
5710
5800
5920
6130
6250
370
5290
5360
5450
5560
5660
5760
5890
6060
6260
380
5260
5400
5440
5590
5760
5790
5960
6100
6260
410
5260
5370
5420
5550
5690
5830
6060
6060
6180
360
5290
5300
5550
5680
5740
5790
5940
6040
6310
360
5220
5270
5440
5680
5740
5870
5940
6060
6380
380
5300
5290
5470
5550
5670
5830
5970
6100
6290
370
5170
5270
5450
5550
5660
5790
5910
6050
6240
360
5170
5360
5510
5560
5710
5810
5990
6070
6230
370
5190
5290
5400
5550
5710
5630
5790
6040
6180
380
5200
5310
5480
5630
5680
5800
5930
6050
6190
370
5180
5350
5420
5640
5720
5870
6130
6050
6250
370
5160
5370
5420
5570
5660
5800
5910
6070
6220
390
5220
5300
5390
5230
4860
4970
5220
5200
5320
320
4430
4560
4780
4980
5560
4990
5120
6090
6620
320
5070
6390
5590
4910
4860
5290
5120
5230
5310
320
4420
4620
4630
4760
4890
5140
5130
6190
6230
450
4970
5020
4630
4840
4900
5130
5890
5730
5330
320
4460
4550
5350
6100
4910
4980
5140
5710
7350
360
4450
4520
4640
4770
5020
4970
5090
5320
5310
320
4430
4530
4640
5990
4860
5430
7100
7290
7440
450
6300
6220
4740
4770
4860
4970
5240
5350
5350
320
4560
4530
5490
4790
4980
5040
5120
5230
5570
450
6260
6410
6550
6530
4940
6130
5980
5240
5390
320
4470
4780
4690
4770
4880
4990
5080
5190
5330
320
4440
4610
4630
4740
4850
5200
5080
5210
5310
320
4500
4520
4640
4740
4870
4960
5250
5600
5320
320
5480
6380
6340
4900
4910
4990
5180
5200
5320
320
4550
4610
4690
4910
4890
4980
5870
6760
6390
320
5130
6390
6530
6670
6810
5480
5110
5220
5450
320
4430
4720
5730
5890
5690
5860
5760
6120
5960
320
5150
5300
5530
5560
4860
5570
6030
6240
6170
360
5110
5380
5350
5530
5670
5840
5930
6080
6210
370
5210
5320
5490
5590
5680
5840
6020
6070
6250
400
5200
5320
5450
5770
5930
5670
5930
6110
6280
380
5190
5360
5430
5560
5680
5820
5940
6140
6220
410
5230
5330
5490
5570
5690
6540
7100
7250
7380
450
6250
6440
6530
6670
6820
6950
7070
6610
6770
430
5830
5920
6020
6040
6240
6440
6460
6610
6640
290
