0.225839
0.301440
0.528373
0.528490
0.540119
0.575173
0.451302
0.348263
0.299594
0.221004
0.163906
0.026612
0.056057
0.138705
0.109919
0.230287
0.425931
0.502374
0.686371
0.945890
0.929295
0.938708
0.954528
1.006246
1.127493
1.112417
1.115479
1.178814
1.234610
1.301760
1.314519
1.325120
1.330571
1.349031
1.333963
1.350619
1.375083
1.364579
1.356652
1.363718
1.356134
1.345554
1.323176
1.306508
1.349106
1.566218
1.550975
1.390199
1.381635
1.098883
1.165274
1.220843
1.359136
1.590080
1.565288
1.526082
1.522352
1.487385
1.439724
1.415239
1.409221
1.365007
1.352566
1.313920
1.297674
1.275584
1.297038
1.258858
1.287305
1.209746
1.150068
1.143593
1.009814
0.978750
0.982153
0.889609
0.771456
0.775851
0.511636
0.365687
0.603650
0.947063
1.150814
1.410499
1.389439
1.267222
1.096773
0.968048
0.777943
0.699674
0.610928
0.485750
0.419583
0.366277
0.274014
0.166392
0.102826
0.033479
0.261112
0.279922
0.428408
0.496429
0.574604
0.724986
0.842134
0.912636
1.168042
1.304857
1.431836
1.580154
1.592817
1.840693
2.053753
2.187084
2.409757
2.419370
2.503804
2.138932
1.929629
1.644446
1.547245
1.255786
1.177340
1.117746
1.100474
1.139809
1.140959
1.044173
1.053684
0.948606
0.848997
0.890619
0.848378
0.767265
0.711665
0.731367
0.650247
0.585053
0.738722
0.619230
0.529112
0.699462
0.671968
0.570982
0.689993
0.650227
0.877091
1.127928
1.268647
1.548837
1.267790
1.418373
1.520384
1.163539
1.080354
0.956034
0.642832
0.483731
0.588877
0.606884
0.635208
0.963123
1.177933
1.326994
1.509633
1.674770
1.866528
2.095684
2.275482
2.487008
2.694291
2.674279
2.658183
2.864822
3.104468
3.381583
3.589573
3.906848
4.110357
4.400081
4.268313
4.424248
4.847508
4.965049
4.897810
4.943586
4.706799
4.349379
4.351931
4.158432
4.196170
4.133171
4.236049
4.140147
4.275694
4.424863
4.464107
4.661482
4.682633
4.890842
5.034366
5.250834
5.628573
6.018850
5.969206
6.205851
5.931690
5.762626
5.556778
5.416712
5.265107
4.883369
4.828058
4.798636
4.759242
4.721619
4.879212
4.798647
4.782194
4.967452
4.917688
4.890367
4.863425
4.782769
4.542472
4.394795
4.618293
4.593469
4.684656
4.690838
4.616584
4.551192
4.678135
4.565397
4.443572
4.634545
4.645036
4.717310
4.717094
4.857699
4.980878
4.868261
4.981333
4.998166
5.022784
5.137958
5.236283
5.252055
5.399892
5.448011
5.661288
6.017602
6.116525
6.045320
5.823749
5.498973
5.313569
5.174024
4.765804
4.546741
4.328857
4.247973
4.228062
4.293414
4.275120
4.237823
4.423497
4.360281
4.274298
4.387625
4.246170
4.532742
4.582280
4.723837
4.705646
4.698617
4.760178
4.514513
4.439966
4.453167
4.332589
4.267715
4.351715
4.411166
4.476893
4.353485
4.484541
4.607445
4.612820
4.826584
5.060477
5.116740
5.381176
5.217348
5.502640
5.674958
5.815133
6.012216
6.026087
5.993651
5.620464
5.484340
5.327077
5.076473
5.059898
4.988430
4.846666
4.696666
4.727031
4.593049
4.614251
4.657026
4.605945
4.723058
4.614798
4.515854
4.492562
4.457736
4.521228
4.561393
4.733510
4.728908
4.819574
4.690612
4.756081
4.601671
4.784022
4.640276
4.591900
4.489984
4.592092
4.592624
4.521653
4.585463
4.716907
4.854107
5.100430
5.343759
5.633322
5.682844
5.926278
6.311004
5.961335
5.900451
5.648771
5.423326
5.221063
4.907137
4.863780
4.790618
4.871636
4.840672
5.127843
5.210074
5.435164
5.381095
5.310423
5.280569
5.262195
5.391276
5.524023
5.727387
5.924826
5.941956
6.167902
6.363244
6.559087
6.545298
6.537535
6.757597
6.960370
7.180584
7.411631
7.610906
7.828703
8.047322
8.212386
8.391938
8.643830
8.777819
8.803725
8.828830
8.799143
8.668774
8.482230
8.210615
8.041546
7.959207
7.909617
7.869403
7.629393
7.516929
7.379403
7.308858
7.205132
7.035028
6.913744
6.774523
6.653113
6.527746
6.432505
6.315134
6.313722
6.332371
6.319808
6.310890
6.304689
6.187796
6.063437
5.948838
5.891465
5.750447
5.610188
5.425016
5.648667
5.630582
5.455282
5.347986
5.487271
5.665114
5.906630
5.893058
5.987351
5.996737
6.136558
6.227955
6.141137
5.885886
5.532623
5.312256
5.216888
5.289047
5.179869
5.052704
5.096113
5.069654
5.056820
5.133699
5.302548
5.464201
5.603540
5.640364
5.827839
5.836925
5.941045
6.070543
6.264251
6.373501
6.524320
6.723247
6.927545
7.144104
7.350920
7.565569
7.776599
7.947801
8.112621
8.142382
8.141443
8.131497
8.131747
8.125387
8.009766
7.671469
7.681348
7.674454
7.583830
7.458524
7.319412
7.196433
7.140884
7.045656
6.992200
6.904026
6.768745
6.776322
6.775402
6.835218
6.765608
6.675610
6.603465
6.542805
6.582443
6.552472
6.505655
6.462328
6.337472
6.359312
6.296469
6.250056
6.154379
6.315851
6.413515
6.509653
6.556701
6.756710
6.874893
6.833420
6.595755
6.703053
6.392528
6.211910
6.295895
6.354654
6.432800
6.465352
6.301473
6.496264
6.455505
6.428184
6.532665
6.630462
6.702707
6.777282
6.788307
6.790208
6.836639
6.888082
6.959506
7.019022
7.089518
7.061702
7.164820
7.256867
7.245034
7.332879
7.401997
7.421208
7.501296
7.623082
7.675642
7.779056
7.849028
7.987982
8.032389
8.185363
7.859449
7.703613
7.403154
7.367626
7.237595
7.151043
7.051093
6.954604
6.879462
6.785386
6.754033
6.665986
6.603679
6.515780
6.550447
6.463496
6.363865
6.438994
6.354090
6.275549
6.194367
6.174110
6.042948
5.920943
5.837009
