0.226491
0.291586
0.425277
0.416770
0.380768
0.330529
0.238306
0.166248
0.115804
0.028042
0.120085
0.169098
0.252112
0.208119
0.310519
0.263663
0.225619
0.420429
0.421769
0.305230
0.349947
0.244956
0.244777
0.258670
0.329874
0.254174
0.303640
0.300636
0.345601
0.405981
0.428627
0.459229
0.496491
0.511091
0.577177
0.581014
0.634561
0.649614
0.688439
0.738242
0.735823
0.795390
0.750632
0.811475
0.760946
0.778890
0.844439
0.739305
0.860095
0.579211
0.651273
0.620070
0.645671
0.848402
0.871562
0.870587
0.918118
0.909814
0.894084
0.856175
0.921632
0.875809
0.860006
0.903514
0.909325
0.915126
1.004183
0.976429
1.025253
0.949345
0.899261
0.951565
0.902189
0.859007
0.889465
0.786929
0.668506
0.721671
0.686728
0.683680
0.629329
0.598061
0.325725
0.507332
0.603626
0.678679
0.732669
0.705065
0.732216
0.668716
0.659141
0.585036
0.595278
0.606424
0.586467
0.533759
0.538675
0.509513
0.484930
0.447501
0.466254
0.442796
0.396969
0.337332
0.296914
0.247114
0.267875
0.183319
0.182141
0.249664
0.227764
0.204561
0.253146
0.322215
0.377894
0.365455
0.369550
0.219198
0.184953
0.115958
0.088682
0.217134
0.244001
0.302755
0.355425
0.460911
0.484042
0.515174
0.604544
0.625250
0.653904
0.756912
0.804276
0.831782
0.880589
0.981791
1.013958
1.048203
1.159319
1.164622
1.178481
1.278136
1.303084
1.313177
1.397858
1.426328
1.461111
1.492072
1.524887
1.509019
1.239242
1.335320
1.433002
1.354779
1.303641
1.220638
1.180025
1.150087
1.146836
1.122791
1.035003
1.011660
0.967532
0.860050
0.797859
0.744496
0.701152
0.617146
0.551296
0.484903
0.413977
0.409578
0.409601
0.355724
0.304160
0.205597
0.144157
0.029520
0.047496
0.187080
0.209358
0.291742
0.467436
0.572758
0.519252
0.542272
0.373061
0.104564
0.209980
0.127976
0.208466
0.311149
0.371178
0.537937
0.588649
0.636207
0.810879
0.842450
1.040102
1.051417
0.920144
1.070291
1.177013
1.198767
1.197363
1.239656
1.378295
1.434931
1.236227
1.229896
1.270084
1.072395
0.918597
0.869420
0.809508
0.750817
0.653731
0.595432
0.548523
0.553950
0.518342
0.511640
0.511896
0.552382
0.351870
0.237433
0.470514
0.494361
0.662418
0.649083
0.482944
0.395640
0.513968
0.394421
0.423012
0.487165
0.590111
0.655965
0.737441
0.814921
0.888096
1.028851
1.109288
1.109965
1.109253
1.196125
1.286335
1.275226
1.436859
1.403350
1.553300
1.774205
1.736676
1.716906
1.672882
1.468316
1.430496
1.458995
1.276777
1.283299
1.017711
0.937518
0.845314
0.696253
0.582121
0.488228
0.269153
0.177805
0.086657
0.224109
0.220389
0.596846
0.712270
0.900220
0.810628
0.633148
0.598169
0.335996
0.294472
0.339582
0.404315
0.433488
0.496956
0.604686
0.766330
1.005148
1.070619
1.181609
1.368671
1.420842
1.595677
1.528028
1.582639
1.589332
1.646383
1.673208
1.695447
1.748785
1.754326
2.016120
1.832805
1.857208
1.825153
1.552875
1.552077
1.549158
1.304372
1.218271
1.004217
0.917070
0.741770
0.584255
0.480774
0.445989
0.372311
0.359779
0.474607
0.592927
0.777908
0.889490
1.133289
1.251954
1.218698
0.950003
0.883790
0.625740
0.598076
0.440777
0.449264
0.561415
0.668073
0.803632
1.012586
1.132131
1.195475
1.353573
1.648510
1.728635
1.850230
1.790906
1.995558
2.162715
2.129990
2.187374
2.041950
1.976216
1.968797
1.861253
1.963630
2.071280
2.185174
2.424387
2.543237
2.712647
2.860440
3.116721
3.116682
3.118040
3.118464
3.266872
3.521154
3.558390
3.850762
3.849542
3.912630
4.034628
4.304464
4.305071
4.305066
4.385476
4.624225
4.701755
4.952463
5.070569
5.316365
5.387867
5.379451
5.476234
5.649240
5.671937
5.672750
5.672648
5.940561
5.896435
5.862813
5.664369
5.557697
5.555952
5.558996
5.557392
5.269208
5.099026
4.951645
4.823446
4.564826
4.450690
4.311097
4.171548
4.051790
3.906186
3.649602
3.515347
3.513073
3.511917
3.516551
3.516802
3.515478
3.368161
3.228561
3.085966
2.851770
2.707418
2.571790
2.366416
2.282860
2.214154
2.131301
2.031992
1.974501
2.091542
2.312420
2.317997
2.441349
2.544127
2.840844
2.985655
2.868965
2.698948
2.402153
2.235991
2.129092
2.143906
2.125675
2.067091
2.138835
2.164172
2.185295
2.474009
2.633171
2.796782
2.950172
3.260002
3.293039
3.614336
3.795434
3.954641
4.043518
4.354403
4.475349
4.721716
4.991447
5.249407
5.474875
5.729317
5.944721
6.149959
6.308116
6.297267
6.296963
6.298798
6.298817
6.545838
6.593508
6.251746
6.250399
6.249056
6.121107
5.816363
5.550348
5.420849
5.130412
5.003197
4.696173
4.548234
4.439862
4.443490
4.439735
4.140566
3.997348
3.851107
3.693473
3.543122
3.262036
3.115157
2.947722
2.783193
2.625557
2.412866
2.260143
2.115217
1.923356
1.929421
2.090516
2.099002
2.106337
2.358817
2.601760
2.804594
2.844925
3.056483
2.781195
2.472885
2.424199
2.365004
2.351534
2.343624
2.295618
2.366962
2.420826
2.680675
2.831786
2.990578
3.159070
3.329459
3.331813
3.328980
3.510302
3.675086
3.833857
4.002786
4.174582
4.493205
4.621628
4.790786
5.145710
5.310393
5.504950
5.757267
5.869756
6.195872
6.350671
6.479900
6.684578
6.761445
6.579736
6.581201
6.406778
6.459564
6.061147
5.953597
5.507400
5.281955
5.159885
4.806174
4.620537
4.458224
4.259240
4.091589
3.920461
3.754166
3.401292
3.234777
3.079521
2.813227
2.648885
2.493329
2.328851
2.089720
1.950282
1.645675
1.610524
