1.896907 2.047368
1.836410 1.997698
1.751858 1.877704
1.677029 1.764711
1.605141 1.676634
1.537161 1.540076
1.548201 1.574886
1.549046 1.584718
1.524974 1.584057
1.451452 1.499001
1.420465 1.511213
1.262342 1.378379
1.116080 1.205762
0.967741 1.067646
0.909911 0.988910
0.976191 1.016924
0.942546 0.861799
0.822265 0.782128
0.764342 0.750868
0.775678 0.748010
0.774130 0.752897
0.658918 0.691271
0.549577 0.648544
0.515630 0.664515
0.475207 0.710785
0.478270 0.743211
0.463296 0.746337
0.454675 0.814282
0.435058 0.846259
0.412425 0.880108
0.391218 0.886901
0.349161 0.861702
0.334119 0.843625
0.322125 0.915772
0.315107 0.919918
0.309664 0.965320
0.293036 0.917737
0.281904 0.899697
0.277999 0.897269
0.275214 0.916805
0.262403 0.892550
0.253011 0.865345
0.235528 0.861982
0.230582 0.871150
0.242843 0.961144
0.242355 0.830896
0.240284 0.733891
0.272938 0.728204
0.293241 0.699056
0.271626 0.679217
0.230820 0.592567
0.208473 0.538916
0.231502 0.495656
0.289657 0.452142
0.271715 0.442238
0.252125 0.438641
0.231867 0.426464
0.226033 0.415826
0.231276 0.481171
0.210873 0.475394
0.237200 0.547246
0.230150 0.546993
0.213569 0.513488
0.209687 0.589570
0.217529 0.640323
0.229783 0.756257
0.213927 0.744082
0.209172 0.772979
0.199117 0.798662
0.192034 0.805249
0.202598 0.917241
0.199949 0.904549
0.202673 0.959077
0.205926 1.038222
0.224611 1.270310
0.216709 1.309670
0.216806 1.405206
0.200955 1.311248
0.211326 1.207179
0.219154 1.048345
0.264922 1.123466
0.259004 0.980749
0.219429 0.839844
0.218246 0.803280
0.208061 0.735100
0.239950 0.719478
0.258532 0.632131
0.255420 0.568082
0.245307 0.515071
0.239003 0.497484
0.234662 0.471167
0.240344 0.465109
0.259262 0.488605
0.291480 0.564791
0.273350 0.540966
0.261069 0.517127
0.252649 0.509497
0.268834 0.556536
0.296372 0.634636
0.285354 0.636027
0.281332 0.645985
0.277696 0.658787
0.270595 0.661012
0.311107 0.765009
0.308499 0.762301
0.338033 0.838034
0.368587 0.927451
0.352031 0.901855
0.339449 0.855539
0.333605 0.838774
0.286929 0.897614
0.246119 0.856140
0.217390 0.780450
0.211131 0.737095
0.220744 0.674253
0.211987 0.600409
0.216574 0.627081
0.199247 0.582975
0.215164 0.543993
0.259308 0.532021
0.346124 0.507103
0.348110 0.565320
0.309156 0.585975
0.273389 0.590426
0.252789 0.600820
0.229472 0.615982
0.201630 0.613161
0.182895 0.624363
0.168401 0.623649
0.153761 0.638106
0.151501 0.683391
0.142656 0.675831
0.145671 0.748721
0.143747 0.739959
0.152550 0.737758
0.161593 0.754782
0.168193 0.741999
0.169724 0.693998
0.173299 0.713026
0.178493 0.702262
0.178820 0.675593
0.174242 0.660486
0.171694 0.628471
0.182270 0.696276
0.181476 0.686290
0.181823 0.669000
0.214164 0.690233
0.256321 0.582759
0.317502 0.561983
0.305281 0.458306
0.268176 0.435301
0.246598 0.455710
0.226791 0.472035
0.235609 0.372720
0.264178 0.354295
0.233067 0.336742
0.309496 0.373321
0.341968 0.447458
0.325471 0.481863
0.327795 0.494933
0.347276 0.542842
0.374025 0.575167
0.375784 0.589019
0.375410 0.567956
0.379927 0.591901
0.363796 0.579390
0.365846 0.584231
0.407815 0.660548
0.396176 0.663093
0.396367 0.665752
0.400771 0.691090
0.407726 0.676634
0.433028 0.675480
0.416691 0.663563
0.402313 0.650543
0.389990 0.618540
0.398956 0.655143
0.407626 0.676377
0.411822 0.698939
0.356768 0.802476
0.325459 0.823447
0.309538 0.799900
0.302622 0.782326
0.337648 0.779236
0.296855 0.633972
0.276148 0.537689
0.291407 0.476794
0.361548 0.431687
0.418919 0.388795
0.461090 0.358382
0.501220 0.349487
0.554393 0.344315
0.574941 0.326709
0.606960 0.318591
0.627736 0.317893
0.632179 0.319367
0.650652 0.320166
0.646905 0.315873
0.626754 0.305028
0.602901 0.290910
0.607108 0.278908
0.655039 0.275049
0.534480 0.291462
0.486230 0.319881
0.401038 0.305859
0.371115 0.322993
0.337578 0.275086
0.308604 0.248888
0.338107 0.245988
0.342850 0.235063
0.345819 0.249660
0.386893 0.260764
0.436861 0.206995
0.494141 0.190253
0.511781 0.185739
0.523619 0.189281
0.530707 0.192511
0.538833 0.198959
0.539549 0.203849
0.521760 0.212527
0.536172 0.214172
0.528835 0.218007
0.494287 0.213298
0.517493 0.204325
0.632853 0.216650
0.667276 0.214636
0.680027 0.214503
0.697927 0.213655
0.729423 0.229548
0.681006 0.238328
0.571643 0.240855
0.520627 0.258965
0.485251 0.303712
0.512945 0.266436
0.563253 0.324898
0.550119 0.314154
0.579027 0.343494
0.556009 0.331601
0.607489 0.340654
0.609901 0.324428
0.604780 0.314610
0.578602 0.302719
0.613154 0.309782
0.533007 0.274416
0.467119 0.248063
0.475008 0.259391
0.512869 0.273323
0.512423 0.224398
0.569731 0.210421
0.525834 0.228400
0.498176 0.277404
0.407804 0.298204
0.350597 0.277635
0.309642 0.222667
0.278670 0.204675
0.253822 0.196323
0.231372 0.217326
0.221469 0.236092
0.239901 0.294428
0.298518 0.376991
0.352095 0.400763
0.381632 0.381200
0.392146 0.344487
0.381280 0.314366
0.396693 0.298228
0.413884 0.286788
0.428737 0.275103
0.445564 0.256038
0.460829 0.239736
0.495297 0.230308
0.522272 0.225267
0.573765 0.240602
0.622152 0.264677
0.606251 0.272849
0.563887 0.265594
0.537775 0.268215
0.464979 0.254737
0.422617 0.252677
0.411719 0.249128
0.393816 0.242259
0.397352 0.280305
0.391120 0.313416
0.424576 0.358208
0.452676 0.367478
0.503082 0.401349
0.519076 0.408271
0.543296 0.420387
0.551383 0.427611
0.590117 0.415647
0.644911 0.377300
0.657446 0.335556
0.616785 0.290573
0.655643 0.280265
0.623939 0.239959
0.548126 0.270445
0.479308 0.372561
0.430978 0.404881
0.391708 0.401061
0.352360 0.353731
0.364861 0.296048
0.297811 0.287117
0.278223 0.345977
0.262395 0.387651
0.261319 0.367151
0.257846 0.362552
0.267011 0.360855
0.318604 0.357099
0.354016 0.330006
0.396058 0.307423
0.425339 0.283471
0.448636 0.274538
0.448774 0.265005
0.460379 0.260635
0.485269 0.256591
0.489288 0.246050
0.521150 0.243635
0.546448 0.239679
0.591740 0.252816
0.588307 0.265535
0.564678 0.262375
0.574255 0.261267
0.604708 0.267039
0.607654 0.275702
0.564719 0.275391
0.497143 0.255143
0.440552 0.251233
0.499843 0.291761
0.495776 0.318162
0.496732 0.352746
0.504413 0.374515
0.533271 0.381397
0.500238 0.362057
0.481111 0.360583
0.484521 0.370978
0.479866 0.362977
0.490501 0.337116
0.521812 0.307806
0.526552 0.282630
0.544775 0.256798
0.572277 0.254378
0.541204 0.266254
0.520531 0.284853
0.435581 0.247855
0.381171 0.213252
0.377412 0.213695
0.354577 0.253601
0.320640 0.287287
0.308210 0.347790
0.288699 0.402711
0.273534 0.447110
0.282551 0.505854
0.278626 0.485785
0.355295 0.583434
0.386983 0.576979
0.408890 0.566436
0.430874 0.555002
0.391600 0.471513
0.335500 0.383519
0.303822 0.330096
0.302268 0.318066
0.333775 0.343047
0.341143 0.330029
0.369309 0.334239
0.341563 0.295964
0.353025 0.287106
0.363528 0.282274
0.371816 0.277070
0.356402 0.259269
0.335083 0.250122
0.349342 0.244183
0.377389 0.244955
0.383017 0.238154
0.391760 0.230646
0.397967 0.224963
0.411799 0.211102
0.430416 0.201116
0.488681 0.193043
0.518207 0.205342
0.500214 0.241716
0.484012 0.262042
0.455971 0.244592
0.414070 0.221084
0.405114 0.215986
0.366394 0.234446
0.357278 0.267304
0.362357 0.335611
0.339729 0.322731
0.338514 0.297376
0.334215 0.259286
0.323063 0.226715
0.343472 0.202837
0.340875 0.171504
0.355171 0.170544
0.353769 0.164339
0.404323 0.166987
0.446053 0.169464
0.462193 0.176760
0.472875 0.187152
0.499906 0.194329
0.532014 0.208916
0.559451 0.223086
0.574895 0.229399
0.517231 0.215471
0.471122 0.204345
0.427265 0.196455
0.403398 0.188000
0.387935 0.179616
0.414867 0.194589
0.439764 0.211959
0.484249 0.234074
0.515423 0.255634
0.534979 0.273351
0.557579 0.289637
0.561624 0.321355
0.557347 0.363167
0.557733 0.380068
0.557637 0.403282
0.581449 0.455630
0.604588 0.538358
0.597720 0.602989
0.578520 0.699339
0.611916 0.747595
0.540533 0.765548
0.502696 0.795134
0.464499 0.805989
0.419245 0.780933
0.404639 0.605289
0.368322 0.454902
0.327524 0.386698
0.299295 0.353347
0.300177 0.361659
0.281636 0.406274
0.277169 0.433273
0.277940 0.507432
0.261213 0.527140
0.254102 0.567737
0.254563 0.609660
0.307402 0.646921
0.339230 0.617903
0.378094 0.625565
0.393288 0.617277
0.412325 0.603893
0.404047 0.558256
0.410477 0.529059
0.410252 0.505924
0.420497 0.497167
0.455087 0.486759
0.465934 0.464919
0.479982 0.443916
0.507871 0.429742
0.537286 0.424627
0.540041 0.400132
0.582235 0.391310
0.610957 0.373168
0.649733 0.342285
0.681199 0.312993
0.681980 0.300615
0.630321 0.296289
0.584959 0.273510
0.554844 0.257222
0.514566 0.246111
0.501656 0.275291
0.435449 0.335071
0.397449 0.367359
0.360409 0.339749
0.344199 0.325540
0.317087 0.339620
0.344570 0.358292
0.409428 0.355685
0.487063 0.341840
0.554683 0.317718
0.562404 0.305870
0.613793 0.283037
0.645470 0.263266
0.685681 0.253502
0.639530 0.249438
0.590338 0.234450
0.609312 0.216919
0.649561 0.212569
0.696666 0.203814
0.728221 0.203681
0.733194 0.202676
0.726781 0.204610
0.735908 0.206950
0.759824 0.207728
0.759880 0.213987
0.767731 0.226797
0.792499 0.234277
0.794755 0.246173
0.809337 0.256962
0.838426 0.286857
0.796048 0.315574
0.756808 0.365264
0.673783 0.331300
0.595655 0.305398
0.528273 0.343003
0.498429 0.414490
0.512923 0.526407
0.516840 0.656319
0.500056 0.500181
0.543994 0.366072
0.491429 0.306520
0.420736 0.275166
0.368753 0.252830
0.302287 0.257317
0.278931 0.282549
0.293910 0.316652
0.312049 0.338088
0.341912 0.337596
0.393447 0.343695
0.436797 0.339778
0.459785 0.331025
0.467382 0.323712
0.473246 0.316983
0.429808 0.301239
0.386936 0.289007
0.408217 0.281997
0.436448 0.279727
0.462989 0.277532
0.494949 0.276761
0.520121 0.272724
0.496366 0.247742
0.480710 0.240793
0.471740 0.228886
0.474058 0.217673
0.448067 0.206253
0.432116 0.193203
0.455483 0.191465
0.447334 0.175127
0.490454 0.179064
0.509638 0.190187
0.488457 0.194535
0.438838 0.204348
0.436946 0.221552
0.357505 0.191111
0.333795 0.211026
0.300495 0.267638
0.231995 0.201025
0.211812 0.189404
0.205902 0.209827
0.209006 0.212291
0.256959 0.194183
0.284329 0.186810
0.315802 0.169105
0.322418 0.165218
0.354192 0.160300
0.370896 0.163747
0.390137 0.165146
0.391357 0.171869
0.391476 0.179653
0.390125 0.187637
0.375262 0.194006
0.380343 0.200297
0.381984 0.204072
0.386959 0.208470
0.392155 0.206185
0.392683 0.203145
0.403576 0.200252
0.440823 0.203677
0.522510 0.233812
0.623088 0.271456
