30
30
30
30
40
50
40
50
40
50
50
60
70
70
60
60
70
70
60
70
60
70
60
70
70
60
60
70
70
60
70
60
70
60
70
60
70
80
90
90
90
80
90
90
80
90
90
80
90
90
90
80
90
90
80
90
90
100
110
110
110
100
110
130
120
120
130
120
130
120
130
120
130
120
120
130
120
130
120
130
120
130
120
120
120
130
120
120
130
120
130
120
130
120
130
120
120
130
120
130
120
130
120
130
140
140
150
160
160
170
160
160
170
180
180
190
180
180
180
190
180
190
180
180
180
180
180
180
190
180
180
180
190
180
180
190
180
180
180
190
180
190
180
180
200
200
210
220
220
230
220
220
220
230
220
220
230
220
220
220
230
220
220
250
240
240
240
240
250
240
250
240
240
240
240
250
240
240
250
240
240
250
240
240
250
240
240
240
240
250
240
250
240
240
240
240
250
240
260
270
260
260
270
280
280
280
280
280
290
280
310
300
300
300
300
300
310
300
300
300
310
310
300
300
310
300
300
310
300
300
310
300
300
310
300
310
300
330
330
330
330
350
350
340
350
350
360
370
370
360
380
360
370
370
360
370
370
360
370
370
390
390
390
390
380
390
390
390
390
380
390
390
390
390
410
410
410
410
410
410
410
410
410
410
410
410
410
410
410
410
410
410
440
430
430
430
430
440
430
430
440
430
430
430
430
440
430
430
430
440
430
430
430
430
460
450
460
450
460
450
460
450
460
450
450
460
450
460
450
460
450
450
480
480
480
480
480
470
480
480
470
480
480
480
470
480
480
470
480
480
480
470
500
500
500
500
500
500
500
500
510
500
500
500
500
500
500
500
500
520
530
520
520
530
520
520
530
530
520
530
530
520
530
520
530
540
560
540
550
550
560
540
550
550
550
550
550
550
570
570
570
600
590
600
600
590
600
600
600
590
600
600
590
600
600
600
590
620
620
620
630
620
640
650
650
640
640
680
670
670
670
680
660
680
670
670
670
670
670
700
700
690
700
700
700
700
720
730
720
730
730
750
750
750
760
750
750
760
750
750
760
780
780
780
780
780
780
780
780
780
790
780
780
780
780
780
780
780
780
780
780
790
770
790
770
780
780
770
780
780
790
780
780
780
780
780
780
780
780
780
780
780
780
780
780
780
810
810
810
800
810
800
810
840
840
830
840
830
840
840
830
840
830
840
840
830
840
830
840
830
840
840
830
840
840
830
840
830
870
890
890
890
900
890
890
890
890
900
890
890
890
900
920
920
920
920
920
920
920
920
920
