0.064179
0.106581
0.277970
0.461134
0.588175
0.702663
0.604247
0.543964
0.665321
0.640654
0.827130
0.938421
1.071624
1.263992
1.420664
1.398349
1.193134
0.992424
1.156405
0.885905
0.542809
0.293686
0.429723
0.609175
0.736987
1.148010
1.343278
1.560197
1.634532
1.653625
1.815323
1.812148
1.921508
2.241245
2.274508
2.654059
2.714044
3.028395
3.162526
3.231109
3.443116
3.445846
3.723645
3.593904
3.939218
3.700841
3.569251
3.688981
3.777915
3.580970
3.214432
2.842697
2.405408
1.503651
1.123500
0.613262
0.377000
0.579569
0.893728
1.373885
2.038093
2.478250
2.788343
3.224197
3.520965
3.672918
4.005590
4.115281
4.343349
4.388963
4.526668
4.739142
4.831548
4.979145
5.261709
5.248414
4.936183
4.540359
4.032208
3.442214
3.466370
3.652336
3.995644
4.334011
4.544878
3.428055
2.641738
2.343210
2.054992
1.959177
1.793249
1.425718
1.318659
1.237640
1.052319
0.921636
0.881520
0.945603
1.164307
1.373467
1.621578
1.561742
1.588798
1.357534
1.061924
0.983312
0.688845
0.676298
0.510496
0.498925
0.576268
0.673888
0.903129
1.107818
1.476718
1.242441
1.077441
0.522113
0.213891
0.333806
0.567007
1.021823
1.238968
1.374276
1.622911
2.058467
2.285217
2.640536
3.275876
3.566718
3.719843
4.062748
4.112635
4.003741
3.852127
3.749236
3.551072
3.268243
3.394999
3.359925
3.353419
3.578559
3.553895
3.409755
3.370193
3.440355
3.294427
2.993782
2.710692
2.897481
2.756450
3.080712
3.471462
3.136911
2.520866
2.235933
1.665808
1.541147
1.504338
1.445898
1.313365
1.245075
1.062779
0.743911
0.658396
0.504462
0.433705
0.435190
0.603449
0.827678
0.913270
1.273264
1.624906
1.513328
1.354901
1.012247
0.752933
0.314487
0.197908
0.847832
1.082242
1.496383
2.136400
2.717645
2.407250
2.027917
1.375030
0.444877
0.099043
0.752906
1.131437
1.748549
2.205312
2.844957
3.299862
3.677894
4.390075
5.023193
5.856643
6.570365
7.280392
7.712644
7.813159
8.564895
9.440560
10.440850
10.440062
10.209973
9.645955
9.256374
8.942425
8.218346
7.996366
7.865954
7.726206
7.585476
7.444659
7.329487
7.216733
7.167889
7.061517
6.963205
6.976269
6.678064
5.455264
4.590738
3.841185
3.125507
3.185587
2.454620
1.821125
1.599356
1.486550
1.978563
2.148007
2.552465
2.936327
3.298389
3.996212
4.526696
5.133254
6.021587
6.794084
7.109720
7.449068
8.139787
8.800985
9.551275
10.125316
10.391466
10.717288
11.374003
11.258793
10.692436
10.400243
9.936736
9.665452
9.439598
8.569567
8.047789
7.200345
6.763221
6.279786
5.845005
5.249861
4.755102
4.040367
3.325792
2.622000
1.835735
1.220887
1.668243
2.204141
2.825379
1.918884
1.215712
0.837722
0.545720
0.714120
1.048196
1.577691
1.992467
2.461483
3.060907
3.856055
4.713553
5.451105
6.214711
7.048364
7.629898
8.245013
8.566966
9.064841
9.299188
9.807372
10.435092
10.928199
11.328189
11.287511
11.262901
10.515077
10.064706
9.683938
8.941113
8.965886
9.027592
8.531244
8.187190
7.737589
7.404475
6.906799
6.291406
5.810464
5.034759
4.310894
3.250532
2.170552
1.322537
1.496565
1.817913
2.372257
2.807423
2.009267
1.347144
0.962418
0.692301
1.007529
1.579520
2.293053
2.991330
3.561984
4.135242
5.007708
5.569536
6.201585
6.936960
7.421692
7.736539
8.253675
8.780188
9.520328
10.341923
9.844219
9.492758
8.957569
8.509664
8.264598
7.952981
8.108891
8.766429
9.632544
10.546177
10.985426
11.335784
11.524822
11.977240
11.710783
11.645263
11.608428
12.412685
13.525320
14.260129
15.283916
15.304604
15.975015
16.640170
17.485484
17.544503
17.618689
18.222393
18.793739
19.057402
19.604270
20.042685
20.641075
21.008119
21.432698
22.117043
22.600952
23.233121
23.412264
23.944938
24.929711
25.034698
25.159842
24.890574
24.552372
24.524534
24.484635
24.461508
23.801745
23.335658
22.898526
22.492922
21.697852
21.029834
20.323380
19.465437
18.549266
16.988196
15.194522
14.295408
13.946940
13.727115
13.636104
13.648812
13.656439
13.141663
12.581962
12.124624
11.406686
10.842513
10.259584
9.566181
8.776074
8.216935
7.860542
7.388838
7.151122
7.733179
8.481109
8.647493
9.395335
10.237174
11.309354
12.130669
11.696037
11.195452
10.700879
10.391372
10.307811
10.104231
9.828438
9.330421
8.860305
8.757215
9.130928
9.446134
9.561292
10.060042
10.642390
11.672903
12.201439
13.136579
13.917105
14.657184
15.497481
16.477314
17.235079
18.221249
19.172661
20.150307
21.121672
22.175252
23.314598
24.405041
25.026357
25.497665
25.727708
25.951262
26.040352
26.821988
26.897274
26.476757
26.511886
26.535647
26.159000
25.563656
24.948607
24.485978
23.893550
23.440643
22.564270
21.552185
19.972062
19.081798
18.228819
16.857938
15.669868
14.643711
13.696983
12.908988
11.873227
11.031793
10.187072
9.394178
8.637263
7.657099
6.958851
6.416884
6.159278
6.346212
6.530039
6.536896
6.751968
7.153258
7.769282
8.664469
9.381814
9.090168
8.279642
8.190028
8.299036
8.527973
8.731977
8.668325
8.827898
8.992177
9.532339
10.200227
10.760745
11.301047
11.987424
12.551393
12.529674
12.490458
13.097530
13.646723
14.171425
14.740944
15.200793
15.839744
16.284819
16.904714
17.598636
18.110320
18.658786
19.445726
19.996321
20.779673
21.468928
22.284687
23.213967
23.254826
23.039766
23.234679
23.137401
23.111176
22.821129
22.492460
21.590412
20.768131
19.933695
18.667839
17.493172
16.652834
15.733872
14.927696
14.201546
13.376344
12.228986
11.326128
10.523020
9.451096
8.669206
7.928141
7.268085
6.414000
6.087437
5.322456
4.961939
