40
40
70
80
100
120
140
160
180
200
210
220
210
220
220
210
220
210
220
210
220
220
210
220
210
220
210
220
220
210
220
210
220
210
220
210
220
220
210
210
220
220
210
210
210
220
220
210
220
210
220
220
210
220
210
220
220
210
210
220
220
220
210
220
210
220
210
220
210
220
220
210
220
210
220
220
210
220
210
220
220
220
210
220
210
220
220
210
220
210
220
220
220
210
220
220
210
220
220
210
220
220
210
220
220
210
220
210
220
220
220
210
220
220
210
220
220
220
210
220
220
210
220
220
220
220
210
220
220
210
220
220
220
210
220
210
220
220
220
210
220
210
210
220
220
210
220
220
210
220
220
220
210
220
220
220
210
220
220
210
220
220
220
210
220
220
210
220
220
220
220
210
220
220
210
220
220
220
210
210
220
220
210
220
220
220
220
220
210
220
220
220
210
220
220
220
210
220
220
210
220
220
220
210
220
220
210
220
220
220
210
220
210
210
220
220
210
220
210
220
220
210
220
210
220
220
210
220
210
220
220
210
220
210
220
220
210
210
210
220
220
210
220
210
220
210
210
210
210
220
220
210
220
210
220
210
220
210
220
220
210
220
210
220
220
210
220
210
220
210
210
220
210
220
220
210
220
210
220
220
210
220
210
220
220
210
220
210
220
220
210
220
210
220
220
210
220
210
220
220
210
220
220
210
220
210
220
220
210
220
210
220
220
210
220
210
220
220
210
220
210
220
220
210
220
210
220
220
210
220
210
210
220
210
220
210
220
220
210
220
220
210
220
220
210
210
210
220
210
220
220
210
220
220
210
220
210
220
220
210
220
210
220
220
210
220
210
220
210
210
220
210
220
210
210
210
220
220
210
220
210
220
220
210
220
210
220
210
220
210
220
220
210
220
210
220
220
210
220
210
220
220
210
220
210
220
220
210
220
210
220
220
210
220
220
210
220
220
210
220
210
220
220
220
210
220
210
220
220
210
220
220
210
220
220
210
220
210
220
220
210
220
210
220
220
210
220
220
210
220
210
220
220
210
220
210
220
220
210
220
210
220
220
220
210
220
210
220
220
220
210
220
210
220
220
220
210
220
220
210
220
220
220
210
220
210
220
220
220
210
220
220
220
210
220
220
220
220
220
220
220
210
220
220
220
210
220
220
220
220
220
220
210
220
220
220
210
220
220
220
220
220
210
220
220
210
220
220
220
220
220
210
220
220
220
210
220
220
220
220
220
210
220
220
220
210
220
220
220
210
220
220
210
220
220
220
210
220
220
210
220
