40
20
30
30
20
30
30
30
30
20
30
30
40
50
50
40
40
50
50
40
40
70
60
70
60
60
60
70
60
60
70
80
80
90
80
90
80
80
90
80
90
80
100
100
100
100
120
120
120
120
120
120
120
120
120
120
120
120
120
140
140
140
140
140
140
140
140
130
140
140
140
140
140
140
160
160
160
160
150
160
160
160
160
160
160
150
160
160
150
150
160
160
160
160
180
170
180
170
170
180
200
200
190
200
210
220
220
210
220
210
220
220
210
220
210
220
220
210
210
220
220
220
210
210
220
220
210
220
210
220
220
210
210
210
220
210
220
210
220
210
220
220
210
220
210
240
230
240
230
240
230
240
250
260
250
260
250
260
250
260
250
260
250
260
250
260
250
260
250
250
260
260
250
250
260
260
270
270
280
270
280
270
280
270
270
270
280
270
270
280
280
270
270
280
290
290
300
290
300
290
300
290
290
300
290
290
310
320
310
320
310
320
310
320
310
320
310
320
330
340
330
340
360
350
350
360
360
350
360
350
360
380
370
380
370
380
380
380
370
380
380
370
380
380
370
380
370
380
380
370
400
400
420
420
410
420
420
420
420
420
420
420
420
420
420
420
410
420
420
420
420
420
420
440
440
440
440
440
440
440
450
440
440
440
440
440
460
460
470
460
470
460
460
470
460
460
470
460
470
460
460
460
490
490
480
490
490
480
490
490
480
490
490
480
520
500
520
500
520
510
510
530
530
540
530
530
530
530
540
530
530
540
530
530
530
530
540
530
530
540
530
530
530
520
540
560
550
550
560
550
560
550
560
560
550
550
560
560
550
560
560
550
560
550
560
550
560
550
560
560
550
550
560
550
560
550
560
550
560
560
550
560
550
560
560
550
560
550
560
560
550
560
550
560
560
550
550
560
560
550
560
560
550
560
560
550
550
560
560
550
580
580
580
600
610
600
610
600
600
600
610
600
600
600
600
600
610
600
600
610
600
630
630
620
630
630
620
630
630
620
630
620
630
630
620
630
650
650
650
660
670
680
670
680
680
670
680
670
670
680
700
700
710
700
700
710
700
700
730
760
750
760
760
750
760
750
760
750
760
750
760
750
760
760
750
750
790
780
780
780
790
780
780
780
790
780
780
780
780
780
790
780
780
780
790
780
780
810
810
810
810
810
840
840
830
840
830
840
840
840
840
830
840
830
840
840
840
830
830
840
840
840
830
840
830
840
840
870
870
870
870
870
890
890
900
890
890
890
900
890
890
900
920
920
920
920
920
920
920
920
920
