2.028060 1.835765
2.036969 1.858202
2.036590 1.893475
2.046680 1.937159
2.063981 1.999266
2.098488 2.092767
2.119880 2.191513
2.149243 2.301172
2.191545 2.450890
2.222542 2.606244
2.238735 2.779209
2.296061 2.961130
2.361263 3.190043
2.447956 3.405747
2.515041 3.419538
2.562650 3.310774
2.645126 3.283740
2.808103 3.380665
2.864384 3.545793
2.818548 3.473781
2.751136 3.377159
2.724808 3.355256
2.667371 3.277249
2.756749 3.337020
2.901510 3.457717
3.033706 3.583526
3.191284 3.739528
3.405458 3.932645
3.664835 4.124137
3.919083 4.322299
4.186544 4.529000
4.358295 4.692226
4.553783 4.764250
4.779589 4.957360
5.040035 5.226946
5.261062 5.489238
5.526665 5.830520
5.774903 6.110735
6.060212 6.432746
6.372410 6.721520
6.653021 6.988164
6.914595 7.272995
7.135215 7.525297
7.397849 7.827782
7.568140 8.030561
7.643229 8.074838
7.751492 8.146824
7.869495 8.225591
7.939698 8.280917
7.891146 8.206162
7.768533 8.081130
7.706501 8.023955
7.670243 8.006694
7.568590 7.808097
7.455970 7.668807
7.371747 7.559337
7.363158 7.383887
7.339699 7.283905
7.370752 7.273433
7.400000 7.282486
7.404344 7.256302
7.499404 7.179105
7.438575 7.168086
7.517725 7.261704
7.579660 7.360918
7.612214 7.448643
7.680222 7.557506
7.739301 7.674354
7.794371 7.781551
7.864114 7.902418
7.954115 7.997535
8.043317 8.087161
8.162663 8.210156
8.272317 8.362528
8.316634 8.466875
8.427481 8.657314
8.521792 8.707193
8.523854 8.593318
8.517236 8.453238
8.279876 8.353519
8.131532 8.240231
8.266444 8.374022
8.611408 8.806496
8.780559 8.993140
8.808321 8.956841
8.561815 8.652873
8.357069 8.452947
8.275524 8.384244
8.237261 8.256768
8.208814 8.223183
8.160636 8.162629
8.160633 8.102999
8.177493 8.089366
8.190520 8.066609
8.192474 8.038080
8.243019 8.048981
8.271597 8.020510
8.435207 8.107155
8.512315 8.082667
8.621202 8.105215
8.722606 8.162904
8.771763 8.188655
8.843816 8.269373
8.906543 8.181994
8.980617 8.180852
9.112063 8.248321
9.286560 8.353129
9.419900 8.391918
9.521613 8.372019
9.622372 8.458281
9.608543 8.287270
9.440439 8.112177
9.272336 7.896524
9.133125 7.721342
9.051456 7.526834
8.877542 7.240685
8.630783 6.928941
8.172916 6.510928
7.912073 6.018326
7.620201 5.776129
7.368122 5.325174
6.939684 5.017545
6.558497 4.492308
6.203624 4.367296
6.037337 4.046069
5.909649 3.954784
5.814355 3.914337
5.401895 3.776851
5.136074 3.728285
4.999065 3.779083
4.821435 3.752454
4.546016 3.756729
4.608005 3.958650
4.699196 4.186955
4.768467 4.391234
4.861904 4.631357
4.995493 4.779122
5.102642 4.923983
5.232730 5.048952
5.368988 5.244971
5.495336 5.346195
5.585066 5.523193
5.676186 5.585766
5.801995 5.726430
5.881802 5.804918
5.927144 5.739579
5.846454 5.533458
5.626314 5.215651
5.622146 4.800632
5.712027 5.370638
5.832420 5.630817
6.222590 6.053076
6.403053 6.423121
6.178239 6.090414
6.024735 5.713783
5.900728 5.460772
5.842111 5.213362
5.775594 5.176965
5.688779 5.183539
5.614804 5.072107
5.552196 5.128858
5.514642 5.199902
5.665649 5.357986
5.726564 5.459296
5.690804 5.506157
5.722972 5.535596
5.632547 5.553152
5.533258 5.552639
5.367718 5.591354
5.256198 5.526562
5.052741 5.387712
4.842754 5.061117
4.475210 4.787329
4.253932 4.167826
4.030173 3.892546
3.809300 3.539300
3.611147 3.371457
3.535947 3.204523
3.550946 3.212277
3.404725 3.244922
3.230028 3.053554
3.100093 2.717414
2.409108 2.615765
2.403059 2.524196
2.216583 2.262219
2.057666 2.062209
1.965425 2.019179
1.931021 2.102504
2.084686 2.126280
2.104491 2.234788
2.029965 2.271320
2.099736 2.407767
2.224141 2.552977
2.474858 2.708011
2.785280 2.977723
3.043719 3.208979
3.416312 3.426838
3.787025 3.676523
4.128195 3.770443
4.414916 3.884491
4.619770 3.886973
4.750106 4.022142
4.871968 4.331877
5.075222 4.730398
5.246013 5.049471
5.488869 5.313684
5.642789 5.458622
5.755833 5.371461
5.842428 5.408297
5.956221 5.475856
6.034418 5.520761
6.049895 5.588598
6.004624 5.606761
5.985861 5.642559
6.017284 5.697777
6.017935 5.799047
6.103761 5.927951
6.219734 6.103822
6.331778 6.373804
6.536622 6.552653
6.665923 6.695091
6.646032 6.670504
6.648636 6.658574
6.761711 6.759161
6.763096 6.868914
6.764522 6.770249
6.359777 6.451182
5.884696 5.754321
5.303627 5.139431
4.717196 4.479635
3.780181 3.593451
3.045928 3.067374
2.422443 2.722016
2.581135 2.786662
2.190521 2.426753
2.207814 2.216664
2.158544 2.179199
2.274378 2.257437
2.593268 2.510635
2.975609 2.778578
3.365061 3.051293
3.703819 3.264138
4.102251 3.481621
4.229835 3.426898
4.306900 3.362318
4.528966 3.490600
4.725885 3.531150
4.914673 3.500389
5.186712 3.591732
5.582147 3.996517
5.785220 4.411136
5.958291 4.744434
5.830779 4.775607
5.215149 4.682106
4.427297 4.399208
3.512391 3.717047
3.014648 3.355140
2.839818 3.276083
2.938995 3.401764
3.067479 3.506683
3.164514 3.625579
3.257915 3.648638
3.352311 3.698597
3.503166 3.755380
3.644832 3.826935
3.832650 3.963115
3.823123 3.928955
3.811861 3.891325
3.723796 3.808384
3.405116 3.473556
2.995211 3.123193
2.539168 2.778704
2.085607 2.354889
1.710927 1.876095
1.591207 1.899598
1.358392 1.593802
1.354734 1.604402
1.381249 1.594394
1.438411 1.603515
1.507170 1.649944
1.554047 1.670016
1.666316 1.874265
1.993745 2.163941
2.449885 2.497155
3.002597 2.902256
3.445029 3.149550
3.818658 3.403644
4.201135 3.589425
4.585837 3.725922
4.805507 3.758926
4.977080 3.787457
5.036499 3.739348
5.144694 3.669208
5.403196 3.772742
5.582439 3.749364
5.854787 3.916109
6.040444 4.037393
6.224810 4.114154
6.164832 4.232392
6.059328 4.202138
5.397483 3.881492
4.954460 3.627593
4.670948 3.383430
4.868926 3.593575
5.010557 3.726400
5.099810 3.836991
5.200258 3.985045
5.268164 4.140407
5.382200 4.297290
5.469475 4.474212
5.592710 4.669382
5.721779 4.877785
5.859117 5.087612
5.960597 5.291041
5.948856 5.434246
5.751020 5.506361
5.107615 5.290002
4.287464 4.744437
3.254484 3.691273
2.398182 2.746993
1.824295 2.367660
1.684610 2.076667
1.377174 1.846737
1.118827 1.404181
1.090315 1.347869
1.182057 1.353020
1.460709 1.644115
1.727502 1.910484
2.079778 2.284198
2.382323 2.572761
2.695670 2.866417
2.929029 3.082461
3.214232 3.314964
3.413226 3.549929
3.591332 3.778581
3.889676 4.008856
4.133032 4.170559
4.212140 4.224567
4.368043 4.191333
4.652388 4.280231
4.970270 4.374713
5.202565 4.026857
4.030214 2.920435
2.491543 2.085169
1.573679 1.462946
1.317021 1.454200
1.537476 1.811804
1.830217 2.090054
2.159962 2.426708
2.541781 2.720234
2.905554 2.903526
3.161159 3.043466
3.297727 3.261183
3.337414 3.621585
3.327999 4.189469
3.241805 4.703664
2.631027 4.354494
1.918374 3.358879
1.404871 2.397167
0.889760 1.613813
1.016254 1.585081
1.055076 1.536593
1.234305 1.754406
1.266946 1.718182
1.386493 1.922107
1.491563 1.965092
1.634496 2.118678
1.631030 2.146716
1.644792 2.123182
1.759340 2.233414
1.808221 2.297378
1.845447 2.373178
1.882436 2.453231
1.993962 2.531825
2.180438 2.643717
2.307629 2.799201
2.620829 3.124629
3.064731 3.527577
3.431152 3.796478
3.891956 3.997303
4.175603 4.281368
4.467420 4.534105
4.716084 4.737194
4.808419 4.816728
4.906836 4.926925
5.023349 5.067158
5.105995 5.084799
5.167686 5.062200
5.199335 5.056880
5.159810 5.017901
5.135325 4.968241
5.096994 4.900745
4.927830 4.843412
4.826462 4.796777
4.737107 4.770419
4.714699 4.779931
4.593450 4.700408
4.443008 4.476557
4.108764 4.190691
3.712474 3.792103
3.088578 3.363889
2.762032 2.947024
2.242087 2.262106
1.842956 1.899994
1.720215 1.790781
1.668071 1.655528
1.430894 1.533972
1.327660 1.482404
1.341496 1.407099
1.478034 1.517645
1.600036 1.724683
1.704751 1.922232
1.855302 2.097684
1.985540 2.232626
2.137790 2.345242
2.360761 2.551705
2.484406 2.804229
2.737022 3.142667
3.129602 3.526297
3.550404 3.779489
4.071375 3.930937
4.407477 4.147939
4.653900 4.250709
4.624325 4.573468
3.987734 4.442582
2.952841 3.266387
1.975515 2.050905
1.345388 1.113758
1.299135 0.963054
1.216266 0.927508
1.441208 1.166111
1.706173 1.366939
2.095798 1.681196
2.397225 1.920453
2.605576 2.053375
2.853627 2.198126
3.375802 2.515703
3.296392 2.541898
2.964149 2.646653
2.608625 2.635463
2.066039 2.292418
1.637197 1.957755
1.088329 1.447453
0.992431 1.142926
1.057290 1.169380
1.109509 1.130809
1.222099 0.999325
1.365772 1.014870
1.509590 1.119943
1.659727 1.293573
1.728854 1.501751
1.789671 1.707716
1.856152 1.913106
1.866846 2.140949
1.944934 2.392980
2.062673 2.696371
2.038745 2.880545
2.063443 2.903853
2.150037 2.931940
2.213353 2.933268
2.222103 2.966848
2.203400 2.946890
2.218832 2.818569
2.112071 2.729650
1.848963 2.671409
1.773448 2.583838
1.774629 2.530080
1.884777 2.603561
2.031156 2.690823
2.184513 2.764398
2.294780 2.835836
2.503612 2.965766
2.854991 3.099806
3.100872 3.108224
3.297893 2.827128
2.945635 2.406205
2.485724 1.920712
2.065110 1.498259
1.583544 1.341600
1.307011 1.315740
1.150339 1.203304
1.065432 1.196170
0.965654 1.277277
0.903016 1.431133
0.784245 1.517313
0.764076 1.622459
0.774721 1.811332
0.886548 2.098420
1.017619 2.332028
1.185376 2.550691
1.409824 2.778213
1.723489 2.937126
2.068543 2.884655
2.261803 2.927455
2.472524 3.029742
2.497524 2.914158
2.656296 3.000868
3.102360 3.239893
3.256637 3.370304
2.521198 2.851991
1.760289 2.197314
1.324989 1.970929
1.400229 1.929031
1.602777 2.046392
1.825836 2.207029
1.953000 2.316236
1.925956 2.333742
1.982873 2.301513
1.922927 2.215759
1.817741 2.067161
1.718075 1.985570
1.699316 2.045637
1.389693 1.959180
1.382953 1.817874
1.186655 1.454763
1.110138 1.268295
1.100013 1.128668
1.138594 1.117014
1.185084 1.096825
1.298677 1.099326
1.383575 1.132862
1.468996 1.190357
1.638003 1.183104
1.849513 1.265750
2.118775 1.415915
2.374599 1.640118
2.671685 1.815657
2.913403 2.087616
3.072833 2.371948
3.185270 2.659479
3.335488 2.850069
3.427602 3.077294
3.394964 3.105319
3.197975 2.924349
2.905845 2.514608
2.810655 2.405845
2.651593 2.146408
2.671299 2.110016
2.749194 2.268462
2.659774 2.483922
2.457449 2.639147
2.488021 2.833693
2.506561 2.894202
2.314783 2.703958
1.989492 2.172924
1.682235 1.766931
1.223862 1.380278
0.973162 1.158327
1.010208 1.079858
0.830503 1.122136
0.767704 1.169718
0.739724 1.295805
0.706739 1.487285
0.688326 1.568052
0.746205 1.743986
0.820472 1.978876
0.958914 2.267784
1.227199 2.637119
1.435770 2.938046
2.185549 3.750864
3.029182 4.484436
